0.000000, 0.000000, 0.004259
0.050000, 0.000000, -0.057492
0.100000, 0.000000, -0.087149
0.150000, 0.000000, -0.084719
0.200000, 0.000000, -0.050822
0.250000, 0.000000, 0.013330
0.300000, 0.000000, 0.105956
0.350000, 0.000000, 0.224756
0.400000, 0.000000, 0.366962
0.450000, 0.000000, 0.529412
0.500000, 0.000000, 0.708623
0.550000, 0.000000, 0.900879
0.600000, 0.000000, 1.102323
0.650000, 0.000000, 1.309049
0.700000, 0.000000, 1.517203
0.750000, 0.000000, 1.723073
0.800000, 0.000000, 1.923183
0.850000, 0.000000, 2.114380
0.900000, 0.000000, 2.293908
0.950000, 0.000000, 2.459478
1.000000, 0.000000, 2.609324
1.050000, 0.000000, 2.742247
1.100000, 0.000000, 2.857643
1.150000, 0.000000, 2.955521
1.200000, 0.000000, 3.036498
1.250000, 0.000000, 3.101789
1.300000, 0.000000, 3.153173
1.350000, 0.000000, 3.192951
1.400000, 0.000000, 3.223890
1.450000, 0.000000, 3.249153
1.500000, 0.000000, 3.272223
1.550000, 0.000000, 3.296815
1.600000, 0.000000, 3.326788
1.650000, 0.000000, 3.366045
1.700000, 0.000000, 3.418443
1.750000, 0.000000, 3.487692
1.800000, 0.000000, 3.577268
1.850000, 0.000000, 3.690325
1.900000, 0.000000, 3.829619
1.950000, 0.000000, 3.997439
2.000000, 0.000000, 4.195550
0.000000, 0.050000, -0.091484
0.050000, 0.050000, -0.121540
0.100000, 0.050000, -0.120389
0.150000, 0.050000, -0.088606
0.200000, 0.050000, -0.027341
0.250000, 0.050000, 0.061710
0.300000, 0.050000, 0.176344
0.350000, 0.050000, 0.313911
0.400000, 0.050000, 0.471372
0.450000, 0.050000, 0.645380
0.500000, 0.050000, 0.832358
0.550000, 0.050000, 1.028591
0.600000, 0.050000, 1.230313
0.650000, 0.050000, 1.433803
0.700000, 0.050000, 1.635476
0.750000, 0.050000, 1.831972
0.800000, 0.050000, 2.020235
0.850000, 0.050000, 2.197594
0.900000, 0.050000, 2.361822
0.950000, 0.050000, 2.511199
1.000000, 0.050000, 2.644545
1.050000, 0.050000, 2.761258
1.100000, 0.050000, 2.861323
1.150000, 0.050000, 2.945314
1.200000, 0.050000, 3.014380
1.250000, 0.050000, 3.070216
1.300000, 0.050000, 3.115024
1.350000, 0.050000, 3.151454
1.400000, 0.050000, 3.182543
1.450000, 0.050000, 3.211639
1.500000, 0.050000, 3.242316
1.550000, 0.050000, 3.278290
1.600000, 0.050000, 3.323325
1.650000, 0.050000, 3.381142
1.700000, 0.050000, 3.455324
1.750000, 0.050000, 3.549232
1.800000, 0.050000, 3.665919
1.850000, 0.050000, 3.808058
1.900000, 0.050000, 3.977872
1.950000, 0.050000, 4.177083
2.000000, 0.050000, 4.406868
0.000000, 0.100000, -0.194217
0.050000, 0.100000, -0.193465
0.100000, 0.100000, -0.162963
0.150000, 0.100000, -0.103820
0.200000, 0.100000, -0.017670
0.250000, 0.100000, 0.093366
0.300000, 0.100000, 0.226733
0.350000, 0.100000, 0.379504
0.400000, 0.100000, 0.548457
0.450000, 0.100000, 0.730147
0.500000, 0.100000, 0.920994
0.550000, 0.100000, 1.117373
0.600000, 0.100000, 1.315701
0.650000, 0.100000, 1.512524
0.700000, 0.100000, 1.704604
0.750000, 0.100000, 1.889000
0.800000, 0.100000, 2.063135
0.850000, 0.100000, 2.224866
0.900000, 0.100000, 2.372533
0.950000, 0.100000, 2.504997
1.000000, 0.100000, 2.621677
1.050000, 0.100000, 2.722552
1.100000, 0.100000, 2.808174
1.150000, 0.100000, 2.879644
1.200000, 0.100000, 2.938591
1.250000, 0.100000, 2.987130
1.300000, 0.100000, 3.027809
1.350000, 0.100000, 3.063546
1.400000, 0.100000, 3.097561
1.450000, 0.100000, 3.133291
1.500000, 0.100000, 3.174308
1.550000, 0.100000, 3.224233
1.600000, 0.100000, 3.286643
1.650000, 0.100000, 3.364985
1.700000, 0.100000, 3.462490
1.750000, 0.100000, 3.582095
1.800000, 0.100000, 3.726368
1.850000, 0.100000, 3.897449
1.900000, 0.100000, 4.096991
1.950000, 0.100000, 4.326126
2.000000, 0.100000, 4.585431
0.000000, 0.150000, -0.299246
0.050000, 0.150000, -0.269141
0.100000, 0.150000, -0.211278
0.150000, 0.150000, -0.127256
0.200000, 0.150000, -0.019140
0.250000, 0.150000, 0.110592
0.300000, 0.150000, 0.259106
0.350000, 0.150000, 0.423285
0.400000, 0.150000, 0.599804
0.450000, 0.150000, 0.785210
0.500000, 0.150000, 0.976011
0.550000, 0.150000, 1.168757
0.600000, 0.150000, 1.360127
0.650000, 0.150000, 1.547011
0.700000, 0.150000, 1.726586
0.750000, 0.150000, 1.896385
0.800000, 0.150000, 2.054355
0.850000, 0.150000, 2.198912
0.900000, 0.150000, 2.328977
0.950000, 0.150000, 2.444003
1.000000, 0.150000, 2.543987
1.050000, 0.150000, 2.629472
1.100000, 0.150000, 2.701531
1.150000, 0.150000, 2.761742
1.200000, 0.150000, 2.812149
1.250000, 0.150000, 2.855210
1.300000, 0.150000, 2.893739
1.350000, 0.150000, 2.930831
1.400000, 0.150000, 2.969793
1.450000, 0.150000, 3.014056
1.500000, 0.150000, 3.067095
1.550000, 0.150000, 3.132339
1.600000, 0.150000, 3.213090
1.650000, 0.150000, 3.312438
1.700000, 0.150000, 3.433189
1.750000, 0.150000, 3.577792
1.800000, 0.150000, 3.748280
1.850000, 0.150000, 3.946219
1.900000, 0.150000, 4.172672
1.950000, 0.150000, 4.428168
2.000000, 0.150000, 4.712693
0.000000, 0.200000, -0.399329
0.050000, 0.200000, -0.341857
0.100000, 0.200000, -0.259109
0.150000, 0.200000, -0.153121
0.200000, 0.200000, -0.026323
0.250000, 0.200000, 0.118520
0.300000, 0.200000, 0.278377
0.350000, 0.200000, 0.450020
0.400000, 0.200000, 0.630111
0.450000, 0.200000, 0.815275
0.500000, 0.200000, 1.002189
0.550000, 0.200000, 1.187660
0.600000, 0.200000, 1.368704
0.650000, 0.200000, 1.542617
0.700000, 0.200000, 1.707045
0.750000, 0.200000, 1.860038
0.800000, 0.200000, 2.000098
0.850000, 0.200000, 2.126216
0.900000, 0.200000, 2.237897
0.950000, 0.200000, 2.335169
1.000000, 0.200000, 2.418585
1.050000, 0.200000, 2.489208
1.100000, 0.200000, 2.548580
1.150000, 0.200000, 2.598692
1.200000, 0.200000, 2.641927
1.250000, 0.200000, 2.681003
1.300000, 0.200000, 2.718908
1.350000, 0.200000, 2.758823
1.400000, 0.200000, 2.804045
1.450000, 0.200000, 2.857904
1.500000, 0.200000, 2.923682
1.550000, 0.200000, 3.004531
1.600000, 0.200000, 3.103395
1.650000, 0.200000, 3.222938
1.700000, 0.200000, 3.365477
1.750000, 0.200000, 3.532924
1.800000, 0.200000, 3.726741
1.850000, 0.200000, 3.947902
1.900000, 0.200000, 4.196869
1.950000, 0.200000, 4.473579
2.000000, 0.200000, 4.777451
0.000000, 0.250000, -0.485495
0.050000, 0.250000, -0.403124
0.100000, 0.250000, -0.298391
0.150000, 0.250000, -0.173706
0.200000, 0.250000, -0.031797
0.250000, 0.250000, 0.124364
0.300000, 0.250000, 0.291627
0.350000, 0.250000, 0.466740
0.400000, 0.250000, 0.646435
0.450000, 0.250000, 0.827496
0.500000, 0.250000, 1.006849
0.550000, 0.250000, 1.181628
0.600000, 0.250000, 1.349247
0.650000, 0.250000, 1.507464
0.700000, 0.250000, 1.654435
0.750000, 0.250000, 1.788755
0.800000, 0.250000, 1.909496
0.850000, 0.250000, 2.016226
0.900000, 0.250000, 2.109021
0.950000, 0.250000, 2.188458
1.000000, 0.250000, 2.255605
1.050000, 0.250000, 2.311991
1.100000, 0.250000, 2.359566
1.150000, 0.250000, 2.400656
1.200000, 0.250000, 2.437902
1.250000, 0.250000, 2.474197
1.300000, 0.250000, 2.512610
1.350000, 0.250000, 2.556312
1.400000, 0.250000, 2.608500
1.450000, 0.250000, 2.672311
1.500000, 0.250000, 2.750752
1.550000, 0.250000, 2.846619
1.600000, 0.250000, 2.962432
1.650000, 0.250000, 3.100368
1.700000, 0.250000, 3.262213
1.750000, 0.250000, 3.449313
1.800000, 0.250000, 3.662542
1.850000, 0.250000, 3.902280
1.900000, 0.250000, 4.168404
1.950000, 0.250000, 4.460291
2.000000, 0.250000, 4.776832
0.000000, 0.300000, -0.548066
0.050000, 0.300000, -0.443686
0.100000, 0.300000, -0.320221
0.150000, 0.300000, -0.180389
0.200000, 0.300000, -0.027138
0.250000, 0.300000, 0.136430
0.300000, 0.300000, 0.307126
0.350000, 0.300000, 0.481760
0.400000, 0.300000, 0.657208
0.450000, 0.300000, 0.830495
0.500000, 0.300000, 0.998861
0.550000, 0.300000, 1.159830
0.600000, 0.300000, 1.311268
0.650000, 0.300000, 1.451433
0.700000, 0.300000, 1.579018
0.750000, 0.300000, 1.693183
0.800000, 0.300000, 1.793568
0.850000, 0.300000, 1.880307
0.900000, 0.300000, 1.954018
0.950000, 0.300000, 2.015792
1.000000, 0.300000, 2.067157
1.050000, 0.300000, 2.110048
1.100000, 0.300000, 2.146751
1.150000, 0.300000, 2.179850
1.200000, 0.300000, 2.212159
1.250000, 0.300000, 2.246654
1.300000, 0.300000, 2.286399
1.350000, 0.300000, 2.334468
1.400000, 0.300000, 2.393869
1.450000, 0.300000, 2.467472
1.500000, 0.300000, 2.557934
1.550000, 0.300000, 2.667634
1.600000, 0.300000, 2.798617
1.650000, 0.300000, 2.952539
1.700000, 0.300000, 3.130630
1.750000, 0.300000, 3.333660
1.800000, 0.300000, 3.561924
1.850000, 0.300000, 3.815232
1.900000, 0.300000, 4.092913
1.950000, 0.300000, 4.393837
2.000000, 0.300000, 4.716435
0.000000, 0.350000, -0.577784
0.050000, 0.350000, -0.454638
0.100000, 0.350000, -0.315968
0.150000, 0.350000, -0.164729
0.200000, 0.350000, -0.004013
0.250000, 0.350000, 0.163025
0.300000, 0.350000, 0.333241
0.350000, 0.350000, 0.503579
0.400000, 0.350000, 0.671140
0.450000, 0.350000, 0.833250
0.500000, 0.350000, 0.987529
0.550000, 0.350000, 1.131939
0.600000, 0.350000, 1.264838
0.650000, 0.350000, 1.385014
0.700000, 0.350000, 1.491713
0.750000, 0.350000, 1.584657
0.800000, 0.350000, 1.664046
0.850000, 0.350000, 1.730554
0.900000, 0.350000, 1.785307
0.950000, 0.350000, 1.829857
1.000000, 0.350000, 1.866137
1.050000, 0.350000, 1.896418
1.100000, 0.350000, 1.923247
1.150000, 0.350000, 1.949385
1.200000, 0.350000, 1.977738
1.250000, 0.350000, 2.011281
1.300000, 0.350000, 2.052991
1.350000, 0.350000, 2.105766
1.400000, 0.350000, 2.172355
1.450000, 0.350000, 2.255293
1.500000, 0.350000, 2.356835
1.550000, 0.350000, 2.478903
1.600000, 0.350000, 2.623036
1.650000, 0.350000, 2.790354
1.700000, 0.350000, 2.981531
1.750000, 0.350000, 3.196780
1.800000, 0.350000, 3.435847
1.850000, 0.350000, 3.698018
1.900000, 0.350000, 3.982138
1.950000, 0.350000, 4.286643
2.000000, 0.350000, 4.609598
0.000000, 0.400000, -0.566934
0.050000, 0.400000, -0.428533
0.100000, 0.400000, -0.278371
0.150000, 0.400000, -0.119566
0.200000, 0.400000, 0.044721
0.250000, 0.400000, 0.211363
0.300000, 0.400000, 0.377334
0.350000, 0.400000, 0.539783
0.400000, 0.400000, 0.696102
0.450000, 0.400000, 0.843980
0.500000, 0.400000, 0.981463
0.550000, 0.400000, 1.106993
0.600000, 0.400000, 1.219446
0.650000, 0.400000, 1.318154
0.700000, 0.400000, 1.402920
0.750000, 0.400000, 1.474018
0.800000, 0.400000, 1.532186
0.850000, 0.400000, 1.578602
0.900000, 0.400000, 1.614855
0.950000, 0.400000, 1.642902
1.000000, 0.400000, 1.665019
1.050000, 0.400000, 1.683743
1.100000, 0.400000, 1.701806
1.150000, 0.400000, 1.722072
1.200000, 0.400000, 1.747457
1.250000, 0.400000, 1.780866
1.300000, 0.400000, 1.825112
1.350000, 0.400000, 1.882856
1.400000, 0.400000, 1.956532
1.450000, 0.400000, 2.048294
1.500000, 0.400000, 2.159963
1.550000, 0.400000, 2.292980
1.600000, 0.400000, 2.448373
1.650000, 0.400000, 2.626737
1.700000, 0.400000, 2.828215
1.750000, 0.400000, 3.052499
1.800000, 0.400000, 3.298843
1.850000, 0.400000, 3.566077
1.900000, 0.400000, 3.852647
1.950000, 0.400000, 4.156648
2.000000, 0.400000, 4.475878
0.000000, 0.450000, -0.510330
0.050000, 0.450000, -0.360370
0.100000, 0.450000, -0.202527
0.150000, 0.450000, -0.040005
0.200000, 0.450000, 0.124040
0.250000, 0.450000, 0.286579
0.300000, 0.450000, 0.444775
0.350000, 0.450000, 0.596049
0.400000, 0.450000, 0.738135
0.450000, 0.450000, 0.869137
0.500000, 0.450000, 0.987563
0.550000, 0.450000, 1.092363
0.600000, 0.450000, 1.182946
0.650000, 0.450000, 1.259192
0.700000, 0.450000, 1.321451
0.750000, 0.450000, 1.370531
0.800000, 0.450000, 1.407674
0.850000, 0.450000, 1.434521
0.900000, 0.450000, 1.453071
0.950000, 0.450000, 1.465630
1.000000, 0.450000, 1.474749
1.050000, 0.450000, 1.483164
1.100000, 0.450000, 1.493724
1.150000, 0.450000, 1.509320
1.200000, 0.450000, 1.532818
1.250000, 0.450000, 1.566982
1.300000, 0.450000, 1.614413
1.350000, 0.450000, 1.677480
1.400000, 0.450000, 1.758269
1.450000, 0.450000, 1.858526
1.500000, 0.450000, 1.979624
1.550000, 0.450000, 2.122526
1.600000, 0.450000, 2.287768
1.650000, 0.450000, 2.475446
1.700000, 0.450000, 2.685218
1.750000, 0.450000, 2.916319
1.800000, 0.450000, 3.167580
1.850000, 0.450000, 3.437464
1.900000, 0.450000, 3.724109
1.950000, 0.450000, 4.025375
2.000000, 0.450000, 4.338908
0.000000, 0.500000, -0.406081
0.050000, 0.500000, -0.248355
0.100000, 0.500000, -0.086642
0.150000, 0.500000, 0.075833
0.200000, 0.500000, 0.235992
0.250000, 0.500000, 0.390969
0.300000, 0.500000, 0.538178
0.350000, 0.500000, 0.675364
0.400000, 0.500000, 0.800655
0.450000, 0.500000, 0.912600
0.500000, 0.500000, 1.010200
0.550000, 0.500000, 1.092925
0.600000, 0.500000, 1.160722
0.650000, 0.500000, 1.214012
0.700000, 0.500000, 1.253673
0.750000, 0.500000, 1.281016
0.800000, 0.500000, 1.297748
0.850000, 0.500000, 1.305928
0.900000, 0.500000, 1.307911
0.950000, 0.500000, 1.306291
1.000000, 0.500000, 1.303835
1.050000, 0.500000, 1.303411
1.100000, 0.500000, 1.307922
1.150000, 0.500000, 1.320230
1.200000, 0.500000, 1.343090
1.250000, 0.500000, 1.379081
1.300000, 0.500000, 1.430548
1.350000, 0.500000, 1.499543
1.400000, 0.500000, 1.587780
1.450000, 0.500000, 1.696595
1.500000, 0.500000, 1.826919
1.550000, 0.500000, 1.979260
1.600000, 0.500000, 2.153692
1.650000, 0.500000, 2.349865
1.700000, 0.500000, 2.567013
1.750000, 0.500000, 2.803984
1.800000, 0.500000, 3.059272
1.850000, 0.500000, 3.331064
1.900000, 0.500000, 3.617288
1.950000, 0.500000, 3.915674
2.000000, 0.500000, 4.223817
0.000000, 0.550000, -0.256053
0.050000, 0.550000, -0.094350
0.100000, 0.550000, 0.067509
0.150000, 0.550000, 0.226351
0.200000, 0.550000, 0.379235
0.250000, 0.550000, 0.523520
0.300000, 0.550000, 0.656919
0.350000, 0.550000, 0.777547
0.400000, 0.550000, 0.883957
0.450000, 0.550000, 0.975172
0.500000, 0.550000, 1.050697
0.550000, 0.550000, 1.110527
0.600000, 0.550000, 1.155140
0.650000, 0.550000, 1.185479
0.700000, 0.550000, 1.202924
0.750000, 0.550000, 1.209254
0.800000, 0.550000, 1.206599
0.850000, 0.550000, 1.197383
0.900000, 0.550000, 1.184265
0.950000, 0.550000, 1.170073
1.000000, 0.550000, 1.157728
1.050000, 0.550000, 1.150179
1.100000, 0.550000, 1.150327
1.150000, 0.550000, 1.160958
1.200000, 0.550000, 1.184674
1.250000, 0.550000, 1.223837
1.300000, 0.550000, 1.280512
1.350000, 0.550000, 1.356420
1.400000, 0.550000, 1.452903
1.450000, 0.550000, 1.570899
1.500000, 0.550000, 1.710920
1.550000, 0.550000, 1.873053
1.600000, 0.550000, 2.056962
1.650000, 0.550000, 2.261906
1.700000, 0.550000, 2.486763
1.750000, 0.550000, 2.730072
1.800000, 0.550000, 2.990072
1.850000, 0.550000, 3.264760
1.900000, 0.550000, 3.551946
1.950000, 0.550000, 3.849318
2.000000, 0.550000, 4.154506
0.000000, 0.600000, -0.065955
0.050000, 0.600000, 0.096026
0.100000, 0.600000, 0.254491
0.150000, 0.600000, 0.406375
0.200000, 0.600000, 0.548933
0.250000, 0.600000, 0.679794
0.300000, 0.600000, 0.797011
0.350000, 0.600000, 0.899101
0.400000, 0.600000, 0.985065
0.450000, 0.600000, 1.054410
0.500000, 0.600000, 1.107149
0.550000, 0.600000, 1.143795
0.600000, 0.600000, 1.165339
0.650000, 0.600000, 1.173222
0.700000, 0.600000, 1.169293
0.750000, 0.600000, 1.155757
0.800000, 0.600000, 1.135122
0.850000, 0.600000, 1.110131
0.900000, 0.600000, 1.083697
0.950000, 0.600000, 1.058827
1.000000, 0.600000, 1.038551
1.050000, 0.600000, 1.025849
1.100000, 0.600000, 1.023581
1.150000, 0.600000, 1.034420
1.200000, 0.600000, 1.060791
1.250000, 0.600000, 1.104819
1.300000, 0.600000, 1.168279
1.350000, 0.600000, 1.252565
1.400000, 0.600000, 1.358662
1.450000, 0.600000, 1.487128
1.500000, 0.600000, 1.638094
1.550000, 0.600000, 1.811269
1.600000, 0.600000, 2.005956
1.650000, 0.600000, 2.221085
1.700000, 0.600000, 2.455243
1.750000, 0.600000, 2.706727
1.800000, 0.600000, 2.973594
1.850000, 0.600000, 3.253718
1.900000, 0.600000, 3.544859
1.950000, 0.600000, 3.844722
2.000000, 0.600000, 4.151029
0.000000, 0.650000, 0.154937
0.050000, 0.650000, 0.313682
0.100000, 0.650000, 0.465480
0.150000, 0.650000, 0.607426
0.200000, 0.650000, 0.737012
0.250000, 0.650000, 0.852177
0.300000, 0.650000, 0.951342
0.350000, 0.650000, 1.033442
0.400000, 0.650000, 1.097938
0.450000, 0.650000, 1.144821
0.500000, 0.650000, 1.174604
0.550000, 0.650000, 1.188300
0.600000, 0.650000, 1.187388
0.650000, 0.650000, 1.173776
0.700000, 0.650000, 1.149742
0.750000, 0.650000, 1.117881
0.800000, 0.650000, 1.081033
0.850000, 0.650000, 1.042214
0.900000, 0.650000, 1.004543
0.950000, 0.650000, 0.971167
1.000000, 0.650000, 0.945182
1.050000, 0.650000, 0.929566
1.100000, 0.650000, 0.927109
1.150000, 0.650000, 0.940348
1.200000, 0.650000, 0.971517
1.250000, 0.650000, 1.022498
1.300000, 0.650000, 1.094782
1.350000, 0.650000, 1.189447
1.400000, 0.650000, 1.307138
1.450000, 0.650000, 1.448068
1.500000, 0.650000, 1.612020
1.550000, 0.650000, 1.798367
1.600000, 0.650000, 2.006101
1.650000, 0.650000, 2.233867
1.700000, 0.650000, 2.480016
1.750000, 0.650000, 2.742651
1.800000, 0.650000, 3.019691
1.850000, 0.650000, 3.308931
1.900000, 0.650000, 3.608109
1.950000, 0.650000, 3.914975
2.000000, 0.650000, 4.227351
0.000000, 0.700000, 0.394418
0.050000, 0.700000, 0.546683
0.100000, 0.700000, 0.688888
0.150000, 0.700000, 0.818329
0.200000, 0.700000, 0.932768
0.250000, 0.700000, 1.030475
0.300000, 0.700000, 1.110256
0.350000, 0.700000, 1.171469
0.400000, 0.700000, 1.214032
0.450000, 0.700000, 1.238409
0.500000, 0.700000, 1.245593
0.550000, 0.700000, 1.237072
0.600000, 0.700000, 1.214786
0.650000, 0.700000, 1.181070
0.700000, 0.700000, 1.138597
0.750000, 0.700000, 1.090306
0.800000, 0.700000, 1.039331
0.850000, 0.700000, 0.988920
0.900000, 0.700000, 0.942363
0.950000, 0.700000, 0.902910
1.000000, 0.700000, 0.873695
1.050000, 0.700000, 0.857671
1.100000, 0.700000, 0.857537
1.150000, 0.700000, 0.875687
1.200000, 0.700000, 0.914158
1.250000, 0.700000, 0.974594
1.300000, 0.700000, 1.058212
1.350000, 0.700000, 1.165789
1.400000, 0.700000, 1.297657
1.450000, 0.700000, 1.453706
1.500000, 0.700000, 1.633402
1.550000, 0.700000, 1.835813
1.600000, 0.700000, 2.059649
1.650000, 0.700000, 2.303305
1.700000, 0.700000, 2.564915
1.750000, 0.700000, 2.842411
1.800000, 0.700000, 3.133585
1.850000, 0.700000, 3.436155
1.900000, 0.700000, 3.747833
1.950000, 0.700000, 4.066389
2.000000, 0.700000, 4.389714
0.000000, 0.750000, 0.638294
0.050000, 0.750000, 0.781185
0.100000, 0.750000, 0.911290
0.150000, 0.750000, 1.026133
0.200000, 0.750000, 1.123767
0.250000, 0.750000, 1.202801
0.300000, 0.750000, 1.262427
0.350000, 0.750000, 1.302419
0.400000, 0.750000, 1.323136
0.450000, 0.750000, 1.325495
0.500000, 0.750000, 1.310942
0.550000, 0.750000, 1.281409
0.600000, 0.750000, 1.239256
0.650000, 0.750000, 1.187215
0.700000, 0.750000, 1.128312
0.750000, 0.750000, 1.065796
0.800000, 0.750000, 1.003057
0.850000, 0.750000, 0.943545
0.900000, 0.750000, 0.890690
0.950000, 0.750000, 0.847822
1.000000, 0.750000, 0.818094
1.050000, 0.750000, 0.804417
1.100000, 0.750000, 0.809397
1.150000, 0.750000, 0.835280
1.200000, 0.750000, 0.883909
1.250000, 0.750000, 0.956696
1.300000, 0.750000, 1.054597
1.350000, 0.750000, 1.178103
1.400000, 0.750000, 1.327245
1.450000, 0.750000, 1.501608
1.500000, 0.750000, 1.700353
1.550000, 0.750000, 1.922256
1.600000, 0.750000, 2.165750
1.650000, 0.750000, 2.428979
1.700000, 0.750000, 2.709854
1.750000, 0.750000, 3.006117
1.800000, 0.750000, 3.315408
1.850000, 0.750000, 3.635330
1.900000, 0.750000, 3.963518
1.950000, 0.750000, 4.297701
2.000000, 0.750000, 4.635764
0.000000, 0.800000, 0.871532
0.050000, 0.800000, 1.002575
0.100000, 0.800000, 1.118552
0.150000, 0.800000, 1.217230
0.200000, 0.800000, 1.296954
0.250000, 0.800000, 1.356669
0.300000, 0.800000, 1.395939
0.350000, 0.800000, 1.414935
0.400000, 0.800000, 1.414431
0.450000, 0.800000, 1.395764
0.500000, 0.800000, 1.360801
0.550000, 0.800000, 1.311880
0.600000, 0.800000, 1.251748
0.650000, 0.800000, 1.183494
0.700000, 0.800000, 1.110464
0.750000, 0.800000, 1.036184
0.800000, 0.800000, 0.964274
0.850000, 0.800000, 0.898361
0.900000, 0.800000, 0.841995
0.950000, 0.800000, 0.798573
1.000000, 0.800000, 0.771257
1.050000, 0.800000, 0.762914
1.100000, 0.800000, 0.776051
1.150000, 0.800000, 0.812769
1.200000, 0.800000, 0.874723
1.250000, 0.800000, 0.963098
1.300000, 0.800000, 1.078593
1.350000, 0.800000, 1.221416
1.400000, 0.800000, 1.391298
1.450000, 0.800000, 1.587514
1.500000, 0.800000, 1.808911
1.550000, 0.800000, 2.053954
1.600000, 0.800000, 2.320776
1.650000, 0.800000, 2.607233
1.700000, 0.800000, 2.910967
1.750000, 0.800000, 3.229479
1.800000, 0.800000, 3.560189
1.850000, 0.800000, 3.900510
1.900000, 0.800000, 4.247916
1.950000, 0.800000, 4.600002
2.000000, 0.800000, 4.954549
0.000000, 0.850000, 1.079519
0.050000, 0.850000, 1.196724
0.100000, 0.850000, 1.297073
0.150000, 0.850000, 1.378577
0.200000, 0.850000, 1.439862
0.250000, 0.850000, 1.480190
0.300000, 0.850000, 1.499467
0.350000, 0.850000, 1.498233
0.400000, 0.850000, 1.477637
0.450000, 0.850000, 1.439401
0.500000, 0.850000, 1.385771
0.550000, 0.850000, 1.319454
0.600000, 0.850000, 1.243548
0.650000, 0.850000, 1.161465
0.700000, 0.850000, 1.076843
0.750000, 0.850000, 0.993462
0.800000, 0.850000, 0.915151
0.850000, 0.850000, 0.845698
0.900000, 0.850000, 0.788768
0.950000, 0.850000, 0.747815
1.000000, 0.850000, 0.726011
1.050000, 0.850000, 0.726176
1.100000, 0.850000, 0.750722
1.150000, 0.850000, 0.801607
1.200000, 0.850000, 0.880296
1.250000, 0.850000, 0.987743
1.300000, 0.850000, 1.124380
1.350000, 0.850000, 1.290120
1.400000, 0.850000, 1.484371
1.450000, 0.850000, 1.706065
1.500000, 0.850000, 1.953696
1.550000, 0.850000, 2.225369
1.600000, 0.850000, 2.518852
1.650000, 0.850000, 2.831644
1.700000, 0.850000, 3.161043
1.750000, 0.850000, 3.504214
1.800000, 0.850000, 3.858263
1.850000, 0.850000, 4.220314
1.900000, 0.850000, 4.587575
1.950000, 0.850000, 4.957405
2.000000, 0.850000, 5.327376
0.000000, 0.900000, 1.249314
0.050000, 0.900000, 1.351220
0.100000, 0.900000, 1.435007
0.150000, 0.900000, 1.498910
0.200000, 0.900000, 1.541810
0.250000, 0.900000, 1.563252
0.300000, 0.900000, 1.563446
0.350000, 0.900000, 1.543254
0.400000, 0.900000, 1.504158
0.450000, 0.900000, 1.448219
0.500000, 0.900000, 1.378022
0.550000, 0.900000, 1.296604
0.600000, 0.900000, 1.207382
0.650000, 0.900000, 1.114062
0.700000, 0.900000, 1.020554
0.750000, 0.900000, 0.930875
0.800000, 0.900000, 0.849053
0.850000, 0.900000, 0.779036
0.900000, 0.900000, 0.724597
0.950000, 0.900000, 0.689254
1.000000, 0.900000, 0.676189
1.050000, 0.900000, 0.688178
1.100000, 0.900000, 0.727536
1.150000, 0.900000, 0.796072
1.200000, 0.900000, 0.895049
1.250000, 0.900000, 1.025172
1.300000, 0.900000, 1.186578
1.350000, 0.900000, 1.378841
1.400000, 0.900000, 1.600997
1.450000, 0.900000, 1.851574
1.500000, 0.900000, 2.128638
1.550000, 0.900000, 2.429848
1.600000, 0.900000, 2.752515
1.650000, 0.900000, 3.093681
1.700000, 0.900000, 3.450186
1.750000, 0.900000, 3.818752
1.800000, 0.900000, 4.196063
1.850000, 0.900000, 4.578844
1.900000, 0.900000, 4.963938
1.950000, 0.900000, 5.348380
2.000000, 0.900000, 5.729462
0.000000, 0.950000, 1.370770
0.050000, 0.950000, 1.456482
0.100000, 0.950000, 1.523358
0.150000, 0.950000, 1.569822
0.200000, 0.950000, 1.594969
0.250000, 0.950000, 1.598576
0.300000, 0.950000, 1.581106
0.350000, 0.950000, 1.543689
0.400000, 0.950000, 1.488091
0.450000, 0.950000, 1.416664
0.500000, 0.950000, 1.332288
0.550000, 0.950000, 1.238298
0.600000, 0.950000, 1.138397
0.650000, 0.950000, 1.036571
0.700000, 0.950000, 0.936987
0.750000, 0.950000, 0.843892
0.800000, 0.950000, 0.761517
0.850000, 0.950000, 0.693969
0.900000, 0.950000, 0.645140
0.950000, 0.950000, 0.618616
1.000000, 0.950000, 0.617591
1.050000, 0.950000, 0.644796
1.100000, 0.950000, 0.702443
1.150000, 0.950000, 0.792169
1.200000, 0.950000, 0.915011
1.250000, 0.950000, 1.071379
1.300000, 0.950000, 1.261058
1.350000, 0.950000, 1.483219
1.400000, 0.950000, 1.736439
1.450000, 0.950000, 2.018749
1.500000, 0.950000, 2.327680
1.550000, 0.950000, 2.660328
1.600000, 0.950000, 3.013431
1.650000, 0.950000, 3.383445
1.700000, 0.950000, 3.766637
1.750000, 0.950000, 4.159172
1.800000, 0.950000, 4.557205
1.850000, 0.950000, 4.956978
1.900000, 0.950000, 5.354902
1.950000, 0.950000, 5.747647
2.000000, 0.950000, 6.132215
0.000000, 1.000000, 1.437417
0.050000, 1.000000, 1.506630
0.100000, 1.000000, 1.556838
0.150000, 1.000000, 1.586607
0.200000, 1.000000, 1.595186
0.250000, 1.000000, 1.582523
0.300000, 1.000000, 1.549272
0.350000, 1.000000, 1.496770
0.400000, 1.000000, 1.427009
0.450000, 1.000000, 1.342584
0.500000, 1.000000, 1.246633
0.550000, 1.000000, 1.142754
0.600000, 1.000000, 1.034922
0.650000, 1.000000, 0.927387
0.700000, 1.000000, 0.824573
0.750000, 1.000000, 0.730965
0.800000, 1.000000, 0.651002
0.850000, 1.000000, 0.588965
0.900000, 1.000000, 0.548876
0.950000, 1.000000, 0.534391
1.000000, 1.000000, 0.548720
1.050000, 1.000000, 0.594540
1.100000, 1.000000, 0.673932
1.150000, 1.000000, 0.788331
1.200000, 1.000000, 0.938488
1.250000, 1.000000, 1.124453
1.300000, 1.000000, 1.345576
1.350000, 1.000000, 1.600516
1.400000, 1.000000, 1.887284
1.450000, 1.000000, 2.203282
1.500000, 1.000000, 2.545375
1.550000, 1.000000, 2.909963
1.600000, 1.000000, 3.293071
1.650000, 1.000000, 3.690450
1.700000, 1.000000, 4.097677
1.750000, 1.000000, 4.510264
1.800000, 1.000000, 4.923775
1.850000, 1.000000, 5.333926
1.900000, 1.000000, 5.736699
1.950000, 1.000000, 6.128433
2.000000, 1.000000, 6.505922
0.000000, 1.050000, 1.447033
0.050000, 1.050000, 1.500037
0.100000, 1.050000, 1.534407
0.150000, 1.050000, 1.548785
0.200000, 1.050000, 1.542501
0.250000, 1.050000, 1.515602
0.300000, 1.050000, 1.468857
0.350000, 1.050000, 1.403744
0.400000, 1.050000, 1.322426
0.450000, 1.050000, 1.227693
0.500000, 1.050000, 1.122903
0.550000, 1.050000, 1.011898
0.600000, 1.050000, 0.898913
0.650000, 1.050000, 0.788465
0.700000, 1.050000, 0.685242
0.750000, 1.050000, 0.593982
0.800000, 1.050000, 0.519352
0.850000, 1.050000, 0.465824
0.900000, 1.050000, 0.437558
0.950000, 1.050000, 0.438291
1.000000, 1.050000, 0.471234
1.050000, 1.050000, 0.538986
1.100000, 1.050000, 0.643459
1.150000, 1.050000, 0.785821
1.200000, 1.050000, 0.966461
1.250000, 1.050000, 1.184966
1.300000, 1.050000, 1.440132
1.350000, 1.050000, 1.729979
1.400000, 1.050000, 2.051802
1.450000, 1.050000, 2.402231
1.500000, 1.050000, 2.777313
1.550000, 1.050000, 3.172609
1.600000, 1.050000, 3.583306
1.650000, 1.050000, 4.004336
1.700000, 1.050000, 4.430508
1.750000, 1.050000, 4.856640
1.800000, 1.050000, 5.277694
1.850000, 1.050000, 5.688907
1.900000, 1.050000, 6.085920
1.950000, 1.050000, 6.464890
2.000000, 1.050000, 6.822598
0.000000, 1.100000, 1.401841
0.050000, 1.100000, 1.439512
0.100000, 1.100000, 1.459440
0.150000, 1.100000, 1.460255
0.200000, 1.100000, 1.441285
0.250000, 1.100000, 1.402588
0.300000, 1.100000, 1.344971
0.350000, 1.100000, 1.269984
0.400000, 1.100000, 1.179900
0.450000, 1.100000, 1.077663
0.500000, 1.100000, 0.966824
0.550000, 1.100000, 0.851457
0.600000, 1.100000, 0.736056
0.650000, 1.100000, 0.625418
0.700000, 1.100000, 0.524519
0.750000, 1.100000, 0.438373
0.800000, 1.100000, 0.371900
0.850000, 1.100000, 0.329781
0.900000, 1.100000, 0.316328
0.950000, 1.100000, 0.335348
1.000000, 1.100000, 0.390037
1.050000, 1.100000, 0.482870
1.100000, 1.100000, 0.615524
1.150000, 1.100000, 0.788811
1.200000, 1.100000, 1.002646
1.250000, 1.100000, 1.256023
1.300000, 1.100000, 1.547035
1.350000, 1.100000, 1.872905
1.400000, 1.100000, 2.230049
1.450000, 1.100000, 2.614164
1.500000, 1.100000, 3.020331
1.550000, 1.100000, 3.443140
1.600000, 1.100000, 3.876837
1.650000, 1.100000, 4.315475
1.700000, 1.100000, 4.753072
1.750000, 1.100000, 5.183783
1.800000, 1.100000, 5.602056
1.850000, 1.100000, 6.002797
1.900000, 1.100000, 6.381514
1.950000, 1.100000, 6.734451
2.000000, 1.100000, 7.058702
0.000000, 1.150000, 1.308308
0.050000, 1.150000, 1.332093
0.100000, 1.150000, 1.339500
0.150000, 1.150000, 1.329056
0.200000, 1.150000, 1.299987
0.250000, 1.150000, 1.252268
0.300000, 1.150000, 1.186659
0.350000, 1.150000, 1.104712
0.400000, 1.150000, 1.008755
0.450000, 1.150000, 0.901849
0.500000, 1.150000, 0.787722
0.550000, 1.150000, 0.670677
0.600000, 1.150000, 0.555485
0.650000, 1.150000, 0.447247
0.700000, 1.150000, 0.351258
0.750000, 1.150000, 0.272845
0.800000, 1.150000, 0.217207
0.850000, 1.150000, 0.189256
0.900000, 1.150000, 0.193453
0.950000, 1.150000, 0.233664
1.000000, 1.150000, 0.313025
1.050000, 1.150000, 0.433822
1.100000, 1.150000, 0.597401
1.150000, 1.150000, 0.804102
1.200000, 1.150000, 1.053217
1.250000, 1.150000, 1.342992
1.300000, 1.150000, 1.670642
1.350000, 1.150000, 2.032415
1.400000, 1.150000, 2.423681
1.450000, 1.150000, 2.839044
1.500000, 1.150000, 3.272487
1.550000, 1.150000, 3.717540
1.600000, 1.150000, 4.167458
1.650000, 1.150000, 4.615416
1.700000, 1.150000, 5.054713
1.750000, 1.150000, 5.478969
1.800000, 1.150000, 5.882326
1.850000, 1.150000, 6.259624
1.900000, 1.150000, 6.606575
1.950000, 1.150000, 6.919904
2.000000, 1.150000, 7.197460
0.000000, 1.200000, 1.176584
0.050000, 1.200000, 1.188458
0.100000, 1.200000, 1.185745
0.150000, 1.200000, 1.166762
0.200000, 1.200000, 1.130520
0.250000, 1.200000, 1.076813
0.300000, 1.200000, 1.006267
0.350000, 1.200000, 0.920364
0.400000, 1.200000, 0.821440
0.450000, 1.200000, 0.712646
0.500000, 1.200000, 0.597880
0.550000, 1.200000, 0.481692
0.600000, 1.200000, 0.369155
0.650000, 1.200000, 0.265716
0.700000, 1.200000, 0.177029
0.750000, 1.200000, 0.108773
0.800000, 1.200000, 0.066460
0.850000, 1.200000, 0.055243
0.900000, 1.200000, 0.079729
0.950000, 1.200000, 0.143804
1.000000, 1.200000, 0.250481
1.050000, 1.200000, 0.401760
1.100000, 1.200000, 0.598534
1.150000, 1.200000, 0.840516
1.200000, 1.200000, 1.126210
1.250000, 1.200000, 1.452921
1.300000, 1.200000, 1.816801
1.350000, 1.200000, 2.212943
1.400000, 1.200000, 2.635503
1.450000, 1.200000, 3.077862
1.500000, 1.200000, 3.532821
1.550000, 1.200000, 3.992809
1.600000, 1.200000, 4.450120
1.650000, 1.200000, 4.897156
1.700000, 1.200000, 5.326669
1.750000, 1.200000, 5.732000
1.800000, 1.200000, 6.107308
1.850000, 1.200000, 6.447771
1.900000, 1.200000, 6.749760
1.950000, 1.200000, 7.010982
2.000000, 1.200000, 7.230577
0.000000, 1.250000, 1.019609
0.050000, 1.250000, 1.022029
0.100000, 1.250000, 1.012019
0.150000, 1.250000, 0.987558
0.200000, 1.250000, 0.947331
0.250000, 1.250000, 0.890842
0.300000, 1.250000, 0.818497
0.350000, 1.250000, 0.731642
0.400000, 1.250000, 0.632583
0.450000, 1.250000, 0.524545
0.500000, 1.250000, 0.411607
0.550000, 1.250000, 0.298590
0.600000, 1.250000, 0.190917
0.650000, 1.250000, 0.094431
0.700000, 1.250000, 0.015199
0.750000, 1.250000, -0.040705
0.800000, 1.250000, -0.067429
0.850000, 1.250000, -0.059575
0.900000, 1.250000, -0.012413
0.950000, 1.250000, 0.077907
1.000000, 1.250000, 0.214181
1.050000, 1.250000, 0.398000
1.100000, 1.250000, 0.629646
1.150000, 1.250000, 0.908025
1.200000, 1.250000, 1.230656
1.250000, 1.250000, 1.593702
1.300000, 1.250000, 1.992060
1.350000, 1.250000, 2.419495
1.400000, 1.250000, 2.868816
1.450000, 1.250000, 3.332096
1.500000, 1.250000, 3.800925
1.550000, 1.250000, 4.266686
1.600000, 1.250000, 4.720842
1.650000, 1.250000, 5.155234
1.700000, 1.250000, 5.562369
1.750000, 1.250000, 5.935692
1.800000, 1.250000, 6.269833
1.850000, 1.250000, 6.560817
1.900000, 1.250000, 6.806233
1.950000, 1.250000, 7.005343
2.000000, 1.250000, 7.159150
0.000000, 1.300000, 0.851996
0.050000, 1.300000, 0.847839
0.100000, 1.300000, 0.833700
0.150000, 1.300000, 0.807089
0.200000, 1.300000, 0.766239
0.250000, 1.300000, 0.710258
0.300000, 1.300000, 0.639244
0.350000, 1.300000, 0.554355
0.400000, 1.300000, 0.457833
0.450000, 1.300000, 0.352978
0.500000, 1.300000, 0.244077
0.550000, 1.300000, 0.136268
0.600000, 1.300000, 0.035380
0.650000, 1.300000, -0.052282
0.700000, 1.300000, -0.120180
0.750000, 1.300000, -0.161801
0.800000, 1.300000, -0.170932
0.850000, 1.300000, -0.141935
0.900000, 1.300000, -0.070005
0.950000, 1.300000, 0.048589
1.000000, 1.300000, 0.216306
1.050000, 1.300000, 0.434169
1.100000, 1.300000, 0.701661
1.150000, 1.300000, 1.016678
1.200000, 1.300000, 1.375539
1.250000, 1.300000, 1.773063
1.300000, 1.300000, 2.202710
1.350000, 1.300000, 2.656773
1.400000, 1.300000, 3.126626
1.450000, 1.300000, 3.603021
1.500000, 1.300000, 4.076402
1.550000, 1.300000, 4.537259
1.600000, 1.300000, 4.976473
1.650000, 1.300000, 5.385668
1.700000, 1.300000, 5.757534
1.750000, 1.300000, 6.086122
1.800000, 1.300000, 6.367099
1.850000, 1.300000, 6.597935
1.900000, 1.300000, 6.778042
1.950000, 1.300000, 6.908833
2.000000, 1.300000, 6.993710
0.000000, 1.350000, 0.688778
0.050000, 1.350000, 0.681273
0.100000, 1.350000, 0.666441
0.150000, 1.350000, 0.641185
0.200000, 1.350000, 0.603157
0.250000, 1.350000, 0.550964
0.300000, 1.350000, 0.484317
0.350000, 1.350000, 0.404133
0.400000, 1.350000, 0.312579
0.450000, 1.350000, 0.213049
0.500000, 1.350000, 0.110075
0.550000, 1.350000, 0.009179
0.600000, 1.350000, -0.083330
0.650000, 1.350000, -0.160614
0.700000, 1.350000, -0.215600
0.750000, 1.350000, -0.241292
0.800000, 1.350000, -0.231106
0.850000, 1.350000, -0.179192
0.900000, 1.350000, -0.080739
0.950000, 1.350000, 0.067753
1.000000, 1.350000, 0.268250
1.050000, 1.350000, 0.521019
1.100000, 1.350000, 0.824534
1.150000, 1.350000, 1.175455
1.200000, 1.350000, 1.568684
1.250000, 1.350000, 1.997502
1.300000, 1.350000, 2.453776
1.350000, 1.350000, 2.928238
1.400000, 1.350000, 3.410814
1.450000, 1.350000, 3.891003
1.500000, 1.350000, 4.358281
1.550000, 1.350000, 4.802520
1.600000, 1.350000, 5.214396
1.650000, 1.350000, 5.585786
1.700000, 1.350000, 5.910110
1.750000, 1.350000, 6.182634
1.800000, 1.350000, 6.400694
1.850000, 1.350000, 6.563843
1.900000, 1.350000, 6.673920
1.950000, 1.350000, 6.735019
2.000000, 1.350000, 6.753373
0.000000, 1.400000, 0.544149
0.050000, 1.400000, 0.536794
0.100000, 1.400000, 0.524888
0.150000, 1.400000, 0.504579
0.200000, 1.400000, 0.472811
0.250000, 1.400000, 0.427584
0.300000, 1.400000, 0.368150
0.350000, 1.400000, 0.295154
0.400000, 1.400000, 0.210687
0.450000, 1.400000, 0.118269
0.500000, 1.400000, 0.022743
0.550000, 1.400000, -0.069905
0.600000, 1.400000, -0.152801
0.650000, 1.400000, -0.218490
0.700000, 1.400000, -0.259299
0.750000, 1.400000, -0.267717
0.800000, 1.400000, -0.236791
0.850000, 1.400000, -0.160509
0.900000, 1.400000, -0.034151
0.950000, 1.400000, 0.145406
1.000000, 1.400000, 0.379450
1.050000, 1.400000, 0.667274
1.100000, 1.400000, 1.006111
1.150000, 1.400000, 1.391153
1.200000, 1.400000, 1.815676
1.250000, 1.400000, 2.271254
1.300000, 1.400000, 2.748062
1.350000, 1.400000, 3.235246
1.400000, 1.400000, 3.721361
1.450000, 1.400000, 4.194837
1.500000, 1.400000, 4.644478
1.550000, 1.400000, 5.059942
1.600000, 1.400000, 5.432207
1.650000, 1.400000, 5.753987
1.700000, 1.400000, 6.020076
1.750000, 1.400000, 6.227622
1.800000, 1.400000, 6.376290
1.850000, 1.400000, 6.468328
1.900000, 1.400000, 6.508520
1.950000, 1.400000, 6.504038
2.000000, 1.400000, 6.464175
0.000000, 1.450000, 0.430314
0.050000, 1.450000, 0.426791
0.100000, 1.450000, 0.421520
0.150000, 1.450000, 0.409744
0.200000, 1.450000, 0.387572
0.250000, 1.450000, 0.352297
0.300000, 1.450000, 0.302655
0.350000, 1.450000, 0.238994
0.400000, 1.450000, 0.163352
0.450000, 1.450000, 0.079429
0.500000, 1.450000, -0.007540
0.550000, 1.450000, -0.091008
0.600000, 1.450000, -0.163433
0.650000, 1.450000, -0.216658
0.700000, 1.450000, -0.242349
0.750000, 1.450000, -0.232453
0.800000, 1.450000, -0.179674
0.850000, 1.450000, -0.077913
0.900000, 1.450000, 0.077328
0.950000, 1.450000, 0.288618
1.000000, 1.450000, 0.556350
1.050000, 1.450000, 0.878605
1.100000, 1.450000, 1.251128
1.150000, 1.450000, 1.667417
1.200000, 1.450000, 2.118937
1.250000, 1.450000, 2.595436
1.300000, 1.450000, 3.085358
1.350000, 1.450000, 3.576337
1.400000, 1.450000, 4.055739
1.450000, 1.450000, 4.511237
1.500000, 1.450000, 4.931383
1.550000, 1.450000, 5.306155
1.600000, 1.450000, 5.627451
1.650000, 1.450000, 5.889495
1.700000, 1.450000, 6.089159
1.750000, 1.450000, 6.226147
1.800000, 1.450000, 6.303072
1.850000, 1.450000, 6.325384
1.900000, 1.450000, 6.301176
1.950000, 1.450000, 6.240865
2.000000, 1.450000, 6.156764
0.000000, 1.500000, 0.356549
0.050000, 1.500000, 0.360633
0.100000, 1.500000, 0.365702
0.150000, 1.500000, 0.365948
0.200000, 1.500000, 0.356515
0.250000, 1.500000, 0.333903
0.300000, 1.500000, 0.296282
0.350000, 1.500000, 0.243702
0.400000, 1.500000, 0.178185
0.450000, 1.500000, 0.103691
0.500000, 1.500000, 0.025949
0.550000, 1.500000, -0.047822
0.600000, 1.500000, -0.109302
0.650000, 1.500000, -0.149542
0.700000, 1.500000, -0.159488
0.750000, 1.500000, -0.130543
0.800000, 1.500000, -0.055112
0.850000, 1.500000, 0.072884
0.900000, 1.500000, 0.257558
0.950000, 1.500000, 0.500714
1.000000, 1.500000, 0.801607
1.050000, 1.500000, 1.156852
1.100000, 1.500000, 1.560459
1.150000, 1.500000, 2.004026
1.200000, 1.500000, 2.477061
1.250000, 1.500000, 2.967430
1.300000, 1.500000, 3.461904
1.350000, 1.500000, 3.946780
1.400000, 1.500000, 4.408545
1.450000, 1.500000, 4.834548
1.500000, 1.500000, 5.213643
1.550000, 1.500000, 5.536772
1.600000, 1.500000, 5.797455
1.650000, 1.500000, 5.992157
1.700000, 1.500000, 6.120519
1.750000, 1.500000, 6.185432
1.800000, 1.500000, 6.192955
1.850000, 1.500000, 6.152068
1.900000, 1.500000, 6.074292
1.950000, 1.500000, 5.973172
2.000000, 1.500000, 5.863660
0.000000, 1.550000, 0.328564
0.050000, 1.550000, 0.344030
0.100000, 1.550000, 0.363050
0.150000, 1.550000, 0.378614
0.200000, 1.550000, 0.384787
0.250000, 1.550000, 0.377193
0.300000, 1.550000, 0.353405
0.350000, 1.550000, 0.313192
0.400000, 1.550000, 0.258625
0.450000, 1.550000, 0.194016
0.500000, 1.550000, 0.125713
0.550000, 1.550000, 0.061734
0.600000, 1.550000, 0.011295
0.650000, 1.550000, -0.015772
0.700000, 1.550000, -0.009654
0.750000, 1.550000, 0.038783
0.800000, 1.550000, 0.137354
0.850000, 1.550000, 0.291979
0.900000, 1.550000, 0.506190
0.950000, 1.550000, 0.780784
1.000000, 1.550000, 1.113618
1.050000, 1.550000, 1.499571
1.100000, 1.550000, 1.930691
1.150000, 1.550000, 2.396501
1.200000, 1.550000, 2.884471
1.250000, 1.550000, 3.380614
1.300000, 1.550000, 3.870184
1.350000, 1.550000, 4.338441
1.400000, 1.550000, 4.771432
1.450000, 1.550000, 5.156743
1.500000, 1.550000, 5.484195
1.550000, 1.550000, 5.746423
1.600000, 1.550000, 5.939319
1.650000, 1.550000, 6.062310
1.700000, 1.550000, 6.118443
1.750000, 1.550000, 6.114292
1.800000, 1.550000, 6.059668
1.850000, 1.550000, 5.967158
1.900000, 1.550000, 5.851521
1.950000, 1.550000, 5.728963
2.000000, 1.550000, 5.616336
0.000000, 1.600000, 0.348222
0.050000, 1.600000, 0.378751
0.100000, 1.600000, 0.415146
0.150000, 1.600000, 0.449051
0.200000, 1.600000, 0.473337
0.250000, 1.600000, 0.482691
0.300000, 1.600000, 0.474073
0.350000, 1.600000, 0.447010
0.400000, 1.600000, 0.403704
0.450000, 1.600000, 0.348944
0.500000, 1.600000, 0.289831
0.550000, 1.600000, 0.235329
0.600000, 1.600000, 0.195668
0.650000, 1.600000, 0.181647
0.700000, 1.600000, 0.203868
0.750000, 1.600000, 0.271963
0.800000, 1.600000, 0.393862
0.850000, 1.600000, 0.575147
0.900000, 1.600000, 0.818543
0.950000, 1.600000, 1.123573
1.000000, 1.600000, 1.486412
1.050000, 1.600000, 1.899954
1.100000, 1.600000, 2.354074
1.150000, 1.600000, 2.836105
1.200000, 1.600000, 3.331469
1.250000, 1.600000, 3.824456
1.300000, 1.600000, 4.299084
1.350000, 1.600000, 4.740004
1.400000, 1.600000, 5.133383
1.450000, 1.600000, 5.467724
1.500000, 1.600000, 5.734563
1.550000, 1.600000, 5.929005
1.600000, 1.600000, 6.050060
1.650000, 1.600000, 6.100766
1.700000, 1.600000, 6.088081
1.750000, 1.600000, 6.022555
1.800000, 1.600000, 5.917792
1.850000, 1.600000, 5.789745
1.900000, 1.600000, 5.655872
1.950000, 1.600000, 5.534210
2.000000, 1.600000, 5.442419
0.000000, 1.650000, 0.413635
0.050000, 1.650000, 0.462723
0.100000, 1.650000, 0.519643
0.150000, 1.650000, 0.574554
0.200000, 1.650000, 0.619035
0.250000, 1.650000, 0.646782
0.300000, 1.650000, 0.654150
0.350000, 1.650000, 0.640483
0.400000, 1.650000, 0.608223
0.450000, 1.650000, 0.562777
0.500000, 1.650000, 0.512159
0.550000, 1.650000, 0.466428
0.600000, 1.650000, 0.436952
0.650000, 1.650000, 0.435569
0.700000, 1.650000, 0.473679
0.750000, 1.650000, 0.561347
0.800000, 1.650000, 0.706474
0.850000, 1.650000, 0.914095
0.900000, 1.650000, 1.185864
0.950000, 1.650000, 1.519743
1.000000, 1.650000, 1.909947
1.050000, 1.650000, 2.347139
1.100000, 1.650000, 2.818867
1.150000, 1.650000, 3.310218
1.200000, 1.650000, 3.804660
1.250000, 1.650000, 4.285003
1.300000, 1.650000, 4.734434
1.350000, 1.650000, 5.137548
1.400000, 1.650000, 5.481317
1.450000, 1.650000, 5.755924
1.500000, 1.650000, 5.955420
1.550000, 1.650000, 6.078151
1.600000, 1.650000, 6.126921
1.650000, 1.650000, 6.108898
1.700000, 1.650000, 6.035245
1.750000, 1.650000, 5.920509
1.800000, 1.650000, 5.781811
1.850000, 1.650000, 5.637868
1.900000, 1.650000, 5.507936
1.950000, 1.650000, 5.410707
2.000000, 1.650000, 5.363262
0.000000, 1.700000, 0.519617
0.050000, 1.700000, 0.590489
0.100000, 1.700000, 0.670732
0.150000, 1.700000, 0.748889
0.200000, 1.700000, 0.815158
0.250000, 1.700000, 0.862212
0.300000, 1.700000, 0.885825
0.350000, 1.700000, 0.885245
0.400000, 1.700000, 0.863285
0.450000, 1.700000, 0.826134
0.500000, 1.700000, 0.782892
0.550000, 1.700000, 0.744869
0.600000, 1.700000, 0.724694
0.650000, 1.700000, 0.735302
0.700000, 1.700000, 0.788874
0.750000, 1.700000, 0.895806
0.800000, 1.700000, 1.063793
0.850000, 1.700000, 1.297079
0.900000, 1.700000, 1.595953
0.950000, 1.700000, 1.956519
1.000000, 1.700000, 2.370757
1.050000, 1.700000, 2.826896
1.100000, 1.700000, 3.310049
1.150000, 1.700000, 3.803099
1.200000, 1.700000, 4.287756
1.250000, 1.700000, 4.745722
1.300000, 1.700000, 5.159884
1.350000, 1.700000, 5.515457
1.400000, 1.700000, 5.800991
1.450000, 1.700000, 6.009172
1.500000, 1.700000, 6.137366
1.550000, 1.700000, 6.187868
1.600000, 1.700000, 6.167821
1.650000, 1.700000, 6.088829
1.700000, 1.700000, 5.966282
1.750000, 1.700000, 5.818426
1.800000, 1.700000, 5.665256
1.850000, 1.700000, 5.527297
1.900000, 1.700000, 5.424355
1.950000, 1.700000, 5.374323
2.000000, 1.700000, 5.392125
0.000000, 1.750000, 0.658450
0.050000, 1.750000, 0.753982
0.100000, 1.750000, 0.859921
0.150000, 1.750000, 0.963077
0.200000, 1.750000, 1.052190
0.250000, 1.750000, 1.118896
0.300000, 1.750000, 1.158440
0.350000, 1.750000, 1.170079
0.400000, 1.750000, 1.157154
0.450000, 1.750000, 1.126819
0.500000, 1.750000, 1.089447
0.550000, 1.750000, 1.057763
0.600000, 1.750000, 1.045763
0.650000, 1.750000, 1.067522
0.700000, 1.750000, 1.135954
0.750000, 1.750000, 1.261654
0.800000, 1.750000, 1.451889
0.850000, 1.750000, 1.709834
0.900000, 1.750000, 2.034104
0.950000, 1.750000, 2.418638
1.000000, 1.750000, 2.852929
1.050000, 1.750000, 3.322612
1.100000, 1.750000, 3.810344
1.150000, 1.750000, 4.296940
1.200000, 1.750000, 4.762672
1.250000, 1.750000, 5.188629
1.300000, 1.750000, 5.558057
1.350000, 1.750000, 5.857566
1.400000, 1.750000, 6.078122
1.450000, 1.750000, 6.215745
1.500000, 1.750000, 6.271865
1.550000, 1.750000, 6.253302
1.600000, 1.750000, 6.171879
1.650000, 1.750000, 6.043678
1.700000, 1.750000, 5.888011
1.750000, 1.750000, 5.726162
1.800000, 1.750000, 5.580000
1.850000, 1.750000, 5.470557
1.900000, 1.750000, 5.416677
1.950000, 1.750000, 5.433822
2.000000, 1.750000, 5.533133
0.000000, 1.800000, 0.820879
0.050000, 1.800000, 0.943522
0.100000, 1.800000, 1.077048
0.150000, 1.800000, 1.206418
0.200000, 1.800000, 1.318860
0.250000, 1.800000, 1.404978
0.300000, 1.800000, 1.459557
0.350000, 1.800000, 1.481999
0.400000, 1.800000, 1.476350
0.450000, 1.800000, 1.450933
0.500000, 1.800000, 1.417588
0.550000, 1.800000, 1.390616
0.600000, 1.800000, 1.385483
0.650000, 1.800000, 1.417414
0.700000, 1.800000, 1.499981
0.750000, 1.800000, 1.643798
0.800000, 1.800000, 1.855452
0.850000, 1.800000, 2.136736
0.900000, 1.800000, 2.484268
0.950000, 1.800000, 2.889524
1.000000, 1.800000, 3.339293
1.050000, 1.800000, 3.816519
1.100000, 1.800000, 4.301470
1.150000, 1.800000, 4.773150
1.200000, 1.800000, 5.210834
1.250000, 1.800000, 5.595623
1.300000, 1.800000, 5.911886
1.350000, 1.800000, 6.148478
1.400000, 1.800000, 6.299642
1.450000, 1.800000, 6.365523
1.500000, 1.800000, 6.352240
1.550000, 1.800000, 6.271531
1.600000, 1.800000, 6.139969
1.650000, 1.800000, 5.977832
1.700000, 1.800000, 5.807694
1.750000, 1.800000, 5.652853
1.800000, 1.800000, 5.535715
1.850000, 1.800000, 5.476257
1.900000, 1.800000, 5.490676
1.950000, 1.800000, 5.590340
2.000000, 1.800000, 5.781109
0.000000, 1.850000, 0.997225
0.050000, 1.850000, 1.148950
0.100000, 1.850000, 1.311417
0.150000, 1.850000, 1.467646
0.200000, 1.850000, 1.603309
0.250000, 1.850000, 1.708005
0.300000, 1.850000, 1.776154
0.350000, 1.850000, 1.807458
0.400000, 1.850000, 1.806874
0.450000, 1.850000, 1.784106
0.500000, 1.850000, 1.752669
0.550000, 1.850000, 1.728593
0.600000, 1.850000, 1.728896
0.650000, 1.850000, 1.769943
0.700000, 1.850000, 1.865840
0.750000, 1.850000, 2.027009
0.800000, 1.850000, 2.259062
0.850000, 1.850000, 2.562076
0.900000, 1.850000, 2.930338
0.950000, 1.850000, 3.352585
1.000000, 1.850000, 3.812733
1.050000, 1.850000, 4.291021
1.100000, 1.850000, 4.765500
1.150000, 1.850000, 5.213737
1.200000, 1.850000, 5.614585
1.250000, 1.850000, 5.949897
1.300000, 1.850000, 6.206011
1.350000, 1.850000, 6.374916
1.400000, 1.850000, 6.454969
1.450000, 1.850000, 6.451123
1.500000, 1.850000, 6.374642
1.550000, 1.850000, 6.242309
1.600000, 1.850000, 6.075211
1.650000, 1.850000, 5.897179
1.700000, 1.850000, 5.733024
1.750000, 1.850000, 5.606699
1.800000, 1.850000, 5.539546
1.850000, 1.850000, 5.548755
1.900000, 1.850000, 5.646176
1.950000, 1.850000, 5.837559
2.000000, 1.850000, 6.122296
0.000000, 1.900000, 1.178517
0.050000, 1.900000, 1.360762
0.100000, 1.900000, 1.552957
0.150000, 1.900000, 1.736097
0.200000, 1.900000, 1.894274
0.250000, 1.900000, 2.016127
0.300000, 1.900000, 2.095833
0.350000, 1.900000, 2.133576
0.400000, 1.900000, 2.135442
0.450000, 1.900000, 2.112749
0.500000, 1.900000, 2.080890
0.550000, 1.900000, 2.057777
0.600000, 1.900000, 2.062035
0.650000, 1.900000, 2.111119
0.700000, 1.900000, 2.219515
0.750000, 1.900000, 2.397194
0.800000, 1.900000, 2.648465
0.850000, 1.900000, 2.971334
0.900000, 1.900000, 3.357430
0.950000, 1.900000, 3.792508
1.000000, 1.900000, 4.257503
1.050000, 1.900000, 4.730031
1.100000, 1.900000, 5.186215
1.150000, 1.900000, 5.602686
1.200000, 1.900000, 5.958572
1.250000, 1.900000, 6.237310
1.300000, 1.900000, 6.428117
1.350000, 1.900000, 6.526991
1.400000, 1.900000, 6.537159
1.450000, 1.900000, 6.468913
1.500000, 1.900000, 6.338864
1.550000, 1.900000, 6.168670
1.600000, 1.900000, 5.983336
1.650000, 1.900000, 5.809244
1.700000, 1.900000, 5.672079
1.750000, 1.900000, 5.594817
1.800000, 1.900000, 5.595963
1.850000, 1.900000, 5.688174
1.900000, 1.900000, 5.877391
1.950000, 1.900000, 6.162549
2.000000, 1.900000, 6.535878
0.000000, 1.950000, 1.357514
0.050000, 1.950000, 1.571150
0.100000, 1.950000, 1.793269
0.150000, 1.950000, 2.002769
0.200000, 1.950000, 2.182161
0.250000, 1.950000, 2.319190
0.300000, 1.950000, 2.407933
0.350000, 1.950000, 2.449258
0.400000, 1.950000, 2.450619
0.450000, 1.950000, 2.425192
0.500000, 1.950000, 2.390453
0.550000, 1.950000, 2.366325
0.600000, 1.950000, 2.373074
0.650000, 1.950000, 2.429162
0.700000, 1.950000, 2.549248
0.750000, 1.950000, 2.742554
0.800000, 1.950000, 3.011728
0.850000, 1.950000, 3.352341
0.900000, 1.950000, 3.753048
0.950000, 1.950000, 4.196430
1.000000, 1.950000, 4.660414
1.050000, 1.950000, 5.120178
1.100000, 1.950000, 5.550328
1.150000, 1.950000, 5.927191
1.200000, 1.950000, 6.230970
1.250000, 1.950000, 6.447597
1.300000, 1.950000, 6.570084
1.350000, 1.950000, 6.599267
1.400000, 1.950000, 6.543853
1.450000, 1.950000, 6.419779
1.500000, 1.950000, 6.248921
1.550000, 1.950000, 6.057289
1.600000, 1.950000, 5.872851
1.650000, 1.950000, 5.723192
1.700000, 1.950000, 5.633224
1.750000, 1.950000, 5.623138
1.800000, 1.950000, 5.706804
1.850000, 1.950000, 5.890733
1.900000, 1.950000, 6.173726
1.950000, 1.950000, 6.547196
2.000000, 1.950000, 6.996171
0.000000, 2.000000, 1.529519
0.050000, 2.000000, 1.774829
0.100000, 2.000000, 2.026468
0.150000, 2.000000, 2.261189
0.200000, 2.000000, 2.459927
0.250000, 2.000000, 2.609626
0.300000, 2.000000, 2.704426
0.350000, 2.000000, 2.746106
0.400000, 2.000000, 2.743743
0.450000, 2.000000, 2.712618
0.500000, 2.000000, 2.672490
0.550000, 2.000000, 2.645407
0.600000, 2.000000, 2.653275
0.650000, 2.000000, 2.715432
0.700000, 2.000000, 2.846467
0.750000, 2.000000, 3.054511
0.800000, 2.000000, 3.340169
0.850000, 2.000000, 3.696206
0.900000, 2.000000, 4.108025
0.950000, 2.000000, 4.554891
1.000000, 2.000000, 5.011797
1.050000, 2.000000, 5.451780
1.100000, 2.000000, 5.848473
1.150000, 2.000000, 6.178642
1.200000, 2.000000, 6.424459
1.250000, 2.000000, 6.575298
1.300000, 2.000000, 6.628855
1.350000, 2.000000, 6.591515
1.400000, 2.000000, 6.477884
1.450000, 2.000000, 6.309572
1.500000, 2.000000, 6.113303
1.550000, 2.000000, 5.918556
1.600000, 2.000000, 5.754953
1.650000, 2.000000, 5.649641
1.700000, 2.000000, 5.624920
1.750000, 2.000000, 5.696343
1.800000, 2.000000, 5.871467
1.850000, 2.000000, 6.149364
1.900000, 2.000000, 6.520949
1.950000, 2.000000, 6.970065
2.000000, 2.000000, 7.475237
