0.000000, 0.000000, 1.864881
0.050000, 0.000000, 1.631505
0.100000, 0.000000, 1.367202
0.150000, 0.000000, 1.105661
0.200000, 0.000000, 0.870305
0.250000, 0.000000, 0.670713
0.300000, 0.000000, 0.502559
0.350000, 0.000000, 0.350964
0.400000, 0.000000, 0.196392
0.450000, 0.000000, 0.021668
0.500000, 0.000000, -0.181573
0.550000, 0.000000, -0.408559
0.600000, 0.000000, -0.640252
0.650000, 0.000000, -0.845791
0.700000, 0.000000, -0.988064
0.750000, 0.000000, -1.031260
0.800000, 0.000000, -0.948784
0.850000, 0.000000, -0.729802
0.900000, 0.000000, -0.382952
0.950000, 0.000000, 0.063666
1.000000, 0.000000, 0.566324
1.050000, 0.000000, 1.072606
1.100000, 0.000000, 1.530098
1.150000, 0.000000, 1.895069
1.200000, 0.000000, 2.139421
1.250000, 0.000000, 2.254516
1.300000, 0.000000, 2.251187
1.350000, 0.000000, 2.156030
1.400000, 0.000000, 2.004856
1.450000, 0.000000, 1.834776
1.500000, 0.000000, 1.676651
1.550000, 0.000000, 1.549520
1.600000, 0.000000, 1.458156
1.650000, 0.000000, 1.394192
1.700000, 0.000000, 1.340453
1.750000, 0.000000, 1.277403
1.800000, 0.000000, 1.190164
1.850000, 0.000000, 1.074410
1.900000, 0.000000, 0.939720
1.950000, 0.000000, 0.809516
2.000000, 0.000000, 0.717488
0.000000, 0.050000, 1.860668
0.050000, 0.050000, 1.565137
0.100000, 0.050000, 1.244544
0.150000, 0.050000, 0.936129
0.200000, 0.050000, 0.666343
0.250000, 0.050000, 0.447104
0.300000, 0.050000, 0.275612
0.350000, 0.050000, 0.137607
0.400000, 0.050000, 0.013240
0.450000, 0.050000, -0.115899
0.500000, 0.050000, -0.260260
0.550000, 0.050000, -0.417889
0.600000, 0.050000, -0.573150
0.650000, 0.050000, -0.698973
0.700000, 0.050000, -0.762223
0.750000, 0.050000, -0.731027
0.800000, 0.050000, -0.582474
0.850000, 0.050000, -0.308955
0.900000, 0.050000, 0.078299
0.950000, 0.050000, 0.549380
1.000000, 0.050000, 1.059625
1.050000, 0.050000, 1.556617
1.100000, 0.050000, 1.988870
1.150000, 0.050000, 2.314462
1.200000, 0.050000, 2.507881
1.250000, 0.050000, 2.563711
1.300000, 0.050000, 2.496466
1.350000, 0.050000, 2.336677
1.400000, 0.050000, 2.124126
1.450000, 0.050000, 1.899713
1.500000, 0.050000, 1.697696
1.550000, 0.050000, 1.539930
1.600000, 0.050000, 1.433268
1.650000, 0.050000, 1.370575
1.700000, 0.050000, 1.334987
1.750000, 0.050000, 1.306343
1.800000, 0.050000, 1.268236
1.850000, 0.050000, 1.213999
1.900000, 0.050000, 1.150177
1.950000, 0.050000, 1.096641
2.000000, 0.050000, 1.083204
0.000000, 0.100000, 1.764009
0.050000, 0.100000, 1.412189
0.100000, 0.100000, 1.044711
0.150000, 0.100000, 0.701833
0.200000, 0.100000, 0.412332
0.250000, 0.100000, 0.189639
0.300000, 0.100000, 0.031561
0.350000, 0.100000, -0.076486
0.400000, 0.100000, -0.155599
0.450000, 0.100000, -0.226281
0.500000, 0.100000, -0.301816
0.550000, 0.100000, -0.383662
0.600000, 0.100000, -0.459983
0.650000, 0.100000, -0.507697
0.700000, 0.100000, -0.497616
0.750000, 0.100000, -0.401561
0.800000, 0.100000, -0.199856
0.850000, 0.100000, 0.112507
0.900000, 0.100000, 0.522482
0.950000, 0.100000, 0.999217
1.000000, 0.100000, 1.498042
1.050000, 0.100000, 1.967463
1.100000, 0.100000, 2.357795
1.150000, 0.100000, 2.629697
1.200000, 0.100000, 2.760875
1.250000, 0.100000, 2.749590
1.300000, 0.100000, 2.614287
1.350000, 0.100000, 2.389466
1.400000, 0.100000, 2.118697
1.450000, 0.100000, 1.846274
1.500000, 0.100000, 1.609272
1.550000, 0.100000, 1.431627
1.600000, 0.100000, 1.321423
1.650000, 0.100000, 1.271837
1.700000, 0.100000, 1.265383
1.750000, 0.100000, 1.280376
1.800000, 0.100000, 1.298070
1.850000, 0.100000, 1.308768
1.900000, 0.100000, 1.315470
1.950000, 0.100000, 1.334174
2.000000, 0.100000, 1.390715
0.000000, 0.150000, 1.581450
0.050000, 0.150000, 1.182755
0.100000, 0.150000, 0.780814
0.150000, 0.150000, 0.418186
0.200000, 0.150000, 0.125136
0.250000, 0.150000, -0.084320
0.300000, 0.150000, -0.212725
0.350000, 0.150000, -0.275930
0.400000, 0.150000, -0.297149
0.450000, 0.150000, -0.299737
0.500000, 0.150000, -0.300406
0.550000, 0.150000, -0.304433
0.600000, 0.150000, -0.303983
0.650000, 0.150000, -0.279935
0.700000, 0.150000, -0.206804
0.750000, 0.150000, -0.059655
0.800000, 0.150000, 0.178584
0.850000, 0.150000, 0.511097
0.900000, 0.150000, 0.923898
0.950000, 0.150000, 1.386129
1.000000, 0.150000, 1.854046
1.050000, 0.150000, 2.277962
1.100000, 0.150000, 2.610784
1.150000, 0.150000, 2.816403
1.200000, 0.150000, 2.876214
1.250000, 0.150000, 2.792429
1.300000, 0.150000, 2.587481
1.350000, 0.150000, 2.299680
1.400000, 0.150000, 1.976014
1.450000, 0.150000, 1.663623
1.500000, 0.150000, 1.401691
1.550000, 0.150000, 1.215416
1.600000, 0.150000, 1.113228
1.650000, 0.150000, 1.087716
1.700000, 0.150000, 1.119907
1.750000, 0.150000, 1.185814
1.800000, 0.150000, 1.263702
1.850000, 0.150000, 1.340366
1.900000, 0.150000, 1.414976
1.950000, 0.150000, 1.499590
2.000000, 0.150000, 1.616215
0.000000, 0.200000, 1.323517
0.050000, 0.200000, 0.890393
0.100000, 0.200000, 0.468737
0.150000, 0.200000, 0.102560
0.200000, 0.200000, -0.177324
0.250000, 0.200000, -0.357284
0.300000, 0.200000, -0.441161
0.350000, 0.200000, -0.446954
0.400000, 0.200000, -0.400751
0.450000, 0.200000, -0.329360
0.500000, 0.200000, -0.253328
0.550000, 0.200000, -0.181947
0.600000, 0.200000, -0.111348
0.650000, 0.200000, -0.026116
0.700000, 0.200000, 0.095993
0.750000, 0.200000, 0.277321
0.800000, 0.200000, 0.533130
0.850000, 0.200000, 0.865689
0.900000, 0.200000, 1.261028
0.950000, 0.200000, 1.689249
1.000000, 0.200000, 2.108455
1.050000, 0.200000, 2.471595
1.100000, 0.200000, 2.734852
1.150000, 0.200000, 2.865861
1.200000, 0.200000, 2.850023
1.250000, 0.200000, 2.693597
1.300000, 0.200000, 2.422887
1.350000, 0.200000, 2.079686
1.400000, 0.200000, 1.713891
1.450000, 0.200000, 1.374817
1.500000, 0.200000, 1.102975
1.550000, 0.200000, 0.923972
1.600000, 0.200000, 0.845712
1.650000, 0.200000, 0.859356
1.700000, 0.200000, 0.943683
1.750000, 0.200000, 1.071768
1.800000, 0.200000, 1.218414
1.850000, 0.200000, 1.366627
1.900000, 0.200000, 1.511669
1.950000, 0.200000, 1.661797
2.000000, 0.200000, 1.835532
0.000000, 0.250000, 1.004177
0.050000, 0.250000, 0.551406
0.100000, 0.250000, 0.126296
0.150000, 0.250000, -0.226644
0.200000, 0.250000, -0.477032
0.250000, 0.250000, -0.612580
0.300000, 0.250000, -0.639314
0.350000, 0.250000, -0.578142
0.400000, 0.250000, -0.458630
0.450000, 0.250000, -0.311439
0.500000, 0.250000, -0.161138
0.550000, 0.250000, -0.020983
0.600000, 0.250000, 0.109199
0.650000, 0.250000, 0.241604
0.700000, 0.250000, 0.395916
0.750000, 0.250000, 0.592710
0.800000, 0.250000, 0.846381
0.850000, 0.250000, 1.159276
0.900000, 0.250000, 1.518454
0.950000, 0.250000, 1.895938
1.000000, 0.250000, 2.252545
1.050000, 0.250000, 2.544585
1.100000, 0.250000, 2.732071
1.150000, 0.250000, 2.786728
1.200000, 0.250000, 2.698090
1.250000, 0.250000, 2.476368
1.300000, 0.250000, 2.151426
1.350000, 0.250000, 1.768035
1.400000, 0.250000, 1.378326
1.450000, 0.250000, 1.032992
1.500000, 0.250000, 0.772989
1.550000, 0.250000, 0.623421
1.600000, 0.250000, 0.590775
1.650000, 0.250000, 0.663954
1.700000, 0.250000, 0.818776
1.750000, 0.250000, 1.024811
1.800000, 0.250000, 1.253012
1.850000, 0.250000, 1.482398
1.900000, 0.250000, 1.704336
1.950000, 0.250000, 1.923482
2.000000, 0.250000, 2.155256
0.000000, 0.300000, 0.640102
0.050000, 0.300000, 0.183992
0.100000, 0.300000, -0.227703
0.150000, 0.300000, -0.550970
0.200000, 0.300000, -0.756830
0.250000, 0.300000, -0.835235
0.300000, 0.300000, -0.795164
0.350000, 0.300000, -0.661038
0.400000, 0.300000, -0.466297
0.450000, 0.300000, -0.245630
0.500000, 0.300000, -0.027563
0.550000, 0.300000, 0.170977
0.600000, 0.300000, 0.346984
0.650000, 0.300000, 0.510148
0.700000, 0.300000, 0.678455
0.750000, 0.300000, 0.871693
0.800000, 0.300000, 1.104428
0.850000, 0.300000, 1.380133
0.900000, 0.300000, 1.687890
0.950000, 0.300000, 2.002541
1.000000, 0.300000, 2.288366
1.050000, 0.300000, 2.505600
1.100000, 0.300000, 2.618434
1.150000, 0.300000, 2.602797
1.200000, 0.300000, 2.452235
1.250000, 0.300000, 2.180554
1.300000, 0.300000, 1.820612
1.350000, 0.300000, 1.419405
1.400000, 0.300000, 1.030405
1.450000, 0.300000, 0.704689
1.500000, 0.300000, 0.482618
1.550000, 0.300000, 0.387758
1.600000, 0.300000, 0.424193
1.650000, 0.300000, 0.577694
1.700000, 0.300000, 0.820377
1.750000, 0.300000, 1.117748
1.800000, 0.300000, 1.436544
1.850000, 0.300000, 1.751642
1.900000, 0.300000, 2.050560
1.950000, 0.300000, 2.334601
2.000000, 0.300000, 2.616494
0.000000, 0.350000, 0.249814
0.050000, 0.350000, -0.192706
0.100000, 0.350000, -0.574443
0.150000, 0.350000, -0.852868
0.200000, 0.350000, -1.001316
0.250000, 0.350000, -1.012756
0.300000, 0.350000, -0.899731
0.350000, 0.350000, -0.690570
0.400000, 0.350000, -0.422755
0.450000, 0.350000, -0.134924
0.500000, 0.350000, 0.140755
0.550000, 0.350000, 0.384230
0.600000, 0.350000, 0.590059
0.650000, 0.350000, 0.766326
0.700000, 0.350000, 0.930333
0.750000, 0.350000, 1.102154
0.800000, 0.350000, 1.297600
0.850000, 0.350000, 1.522283
0.900000, 0.350000, 1.768216
0.950000, 0.350000, 2.013798
1.000000, 0.350000, 2.227314
1.050000, 0.350000, 2.373229
1.100000, 0.350000, 2.419961
1.150000, 0.350000, 2.347439
1.200000, 0.350000, 2.152758
1.250000, 0.350000, 1.852629
1.300000, 0.350000, 1.482009
1.350000, 0.350000, 1.089070
1.400000, 0.350000, 0.727468
1.450000, 0.350000, 0.447449
1.500000, 0.350000, 0.287578
1.550000, 0.350000, 0.268737
1.600000, 0.350000, 0.391582
1.650000, 0.350000, 0.637888
1.700000, 0.350000, 0.975415
1.750000, 0.350000, 1.365177
1.800000, 0.350000, 1.769520
1.850000, 0.350000, 2.159259
1.900000, 0.350000, 2.518387
1.950000, 0.350000, 2.845407
2.000000, 0.350000, 3.151114
0.000000, 0.400000, -0.147276
0.050000, 0.400000, -0.559590
0.100000, 0.400000, -0.896073
0.150000, 0.400000, -1.116605
0.200000, 0.400000, -1.197631
0.250000, 0.400000, -1.135761
0.300000, 0.400000, -0.947508
0.350000, 0.400000, -0.665272
0.400000, 0.400000, -0.330493
0.450000, 0.400000, 0.014576
0.500000, 0.400000, 0.334696
0.550000, 0.400000, 0.607461
0.600000, 0.400000, 0.825925
0.650000, 0.400000, 0.997612
0.700000, 0.400000, 1.140237
0.750000, 0.400000, 1.275248
0.800000, 0.400000, 1.420716
0.850000, 0.400000, 1.585287
0.900000, 0.400000, 1.764605
0.950000, 0.400000, 1.941114
1.000000, 0.400000, 2.087322
1.050000, 0.400000, 2.171871
1.100000, 0.400000, 2.167075
1.150000, 0.400000, 2.056258
1.200000, 0.400000, 1.839213
1.250000, 0.400000, 1.534505
1.300000, 0.400000, 1.177978
1.350000, 0.400000, 0.817673
1.400000, 0.400000, 0.506088
1.450000, 0.400000, 0.291338
1.500000, 0.400000, 0.208986
1.550000, 0.400000, 0.276200
1.600000, 0.400000, 0.489392
1.650000, 0.400000, 0.825796
1.700000, 0.400000, 1.248568
1.750000, 0.400000, 1.714304
1.800000, 0.400000, 2.181353
1.850000, 0.400000, 2.617173
1.900000, 0.400000, 3.003226
1.950000, 0.400000, 3.336446
2.000000, 0.400000, 3.627118
0.000000, 0.450000, -0.531860
0.050000, 0.450000, -0.898590
0.100000, 0.450000, -1.176617
0.150000, 0.450000, -1.329054
0.200000, 0.450000, -1.336101
0.250000, 0.450000, -1.198432
0.300000, 0.450000, -0.936701
0.350000, 0.450000, -0.587303
0.400000, 0.450000, -0.195285
0.450000, 0.450000, 0.194068
0.500000, 0.450000, 0.543244
0.550000, 0.450000, 0.828441
0.600000, 0.450000, 1.042283
0.650000, 0.450000, 1.192846
0.700000, 0.450000, 1.299358
0.750000, 0.450000, 1.385645
0.800000, 0.450000, 1.472903
0.850000, 0.450000, 1.573454
0.900000, 0.450000, 1.686981
0.950000, 0.450000, 1.800085
1.000000, 0.450000, 1.889320
1.050000, 0.450000, 1.927030
1.100000, 0.450000, 1.888670
1.150000, 0.450000, 1.759962
1.200000, 0.450000, 1.542213
1.250000, 0.450000, 1.254517
1.300000, 0.450000, 0.932236
1.350000, 0.450000, 0.621918
1.400000, 0.450000, 0.373645
1.450000, 0.450000, 0.232315
1.500000, 0.450000, 0.229646
1.550000, 0.450000, 0.378542
1.600000, 0.450000, 0.670971
1.650000, 0.450000, 1.079789
1.700000, 0.450000, 1.564085
1.750000, 0.450000, 2.076936
1.800000, 0.450000, 2.573923
1.850000, 0.450000, 3.020653
1.900000, 0.450000, 3.397766
1.950000, 0.450000, 3.702469
2.000000, 0.450000, 3.946418
0.000000, 0.500000, -0.885726
0.050000, 0.500000, -1.193575
0.100000, 0.500000, -1.402776
0.150000, 0.500000, -1.480347
0.200000, 0.500000, -1.410693
0.250000, 0.500000, -1.198754
0.300000, 0.500000, -0.869258
0.350000, 0.500000, -0.462248
0.400000, 0.500000, -0.025789
0.450000, 0.500000, 0.392620
0.500000, 0.500000, 0.754174
0.550000, 0.500000, 1.034773
0.600000, 0.500000, 1.227743
0.650000, 0.500000, 1.342817
0.700000, 0.500000, 1.401725
0.750000, 0.500000, 1.431500
0.800000, 0.500000, 1.457043
0.850000, 0.500000, 1.494669
0.900000, 0.500000, 1.548101
0.950000, 0.500000, 1.607792
1.000000, 0.500000, 1.653732
1.050000, 0.500000, 1.661081
1.100000, 0.500000, 1.607332
1.150000, 0.500000, 1.479347
1.200000, 0.500000, 1.278603
1.250000, 0.500000, 1.023396
1.300000, 0.500000, 0.747361
1.350000, 0.500000, 0.494501
1.400000, 0.500000, 0.311678
1.450000, 0.500000, 0.240091
1.500000, 0.500000, 0.307496
1.550000, 0.500000, 0.522805
1.600000, 0.500000, 0.874206
1.650000, 0.500000, 1.331203
1.700000, 0.500000, 1.850171
1.750000, 0.500000, 2.382262
1.800000, 0.500000, 2.882049
1.850000, 0.500000, 3.315104
1.900000, 0.500000, 3.663016
1.950000, 0.500000, 3.924876
2.000000, 0.500000, 4.115047
0.000000, 0.550000, -1.192669
0.050000, 0.550000, -1.431161
0.100000, 0.550000, -1.564579
0.150000, 0.550000, -1.564331
0.200000, 0.550000, -1.419269
0.250000, 0.550000, -1.138556
0.300000, 0.550000, -0.750676
0.350000, 0.550000, -0.298730
0.400000, 0.550000, 0.167018
0.450000, 0.550000, 0.597860
0.500000, 0.550000, 0.954816
0.550000, 0.550000, 1.214643
0.600000, 0.550000, 1.372483
0.650000, 0.550000, 1.440709
0.700000, 0.550000, 1.444349
0.750000, 0.550000, 1.414165
0.800000, 0.550000, 1.378993
0.850000, 0.550000, 1.359041
0.900000, 0.550000, 1.361648
0.950000, 0.550000, 1.380391
1.000000, 0.550000, 1.397718
1.050000, 0.550000, 1.390447
1.100000, 0.550000, 1.336843
1.150000, 0.550000, 1.223633
1.200000, 0.550000, 1.051288
1.250000, 0.550000, 0.836302
1.300000, 0.550000, 0.609847
1.350000, 0.550000, 0.412970
1.400000, 0.550000, 0.289281
1.450000, 0.550000, 0.276628
1.500000, 0.550000, 0.399531
1.550000, 0.550000, 0.663971
1.600000, 0.550000, 1.055679
1.650000, 0.550000, 1.542310
1.700000, 0.550000, 2.079090
1.750000, 0.550000, 2.616772
1.800000, 0.550000, 3.110271
1.850000, 0.550000, 3.526203
1.900000, 0.550000, 3.847813
1.950000, 0.550000, 4.076332
2.000000, 0.550000, 4.228601
0.000000, 0.600000, -1.439305
0.050000, 0.600000, -1.601365
0.100000, 0.600000, -1.655843
0.150000, 0.600000, -1.578824
0.200000, 0.600000, -1.363613
0.250000, 0.600000, -1.023318
0.300000, 0.600000, -0.589612
0.350000, 0.600000, -0.107844
0.400000, 0.600000, 0.370540
0.450000, 0.600000, 0.796759
0.500000, 0.600000, 1.132843
0.550000, 0.600000, 1.357540
0.600000, 0.600000, 1.468797
0.650000, 0.600000, 1.482406
0.700000, 0.600000, 1.427171
0.750000, 0.600000, 1.337745
0.800000, 0.600000, 1.246703
0.850000, 0.600000, 1.177625
0.900000, 0.600000, 1.140646
0.950000, 0.600000, 1.131430
1.000000, 0.600000, 1.133706
1.050000, 0.600000, 1.124740
1.100000, 0.600000, 1.082436
1.150000, 0.600000, 0.992431
1.200000, 0.600000, 0.853494
1.250000, 0.600000, 0.679960
1.300000, 0.600000, 0.500553
1.350000, 0.600000, 0.353754
1.400000, 0.600000, 0.280651
1.450000, 0.600000, 0.316760
1.500000, 0.600000, 0.484574
1.550000, 0.600000, 0.788430
1.600000, 0.600000, 1.212843
1.650000, 0.600000, 1.724690
1.700000, 0.600000, 2.278834
1.750000, 0.600000, 2.826032
1.800000, 0.600000, 3.321513
1.850000, 0.600000, 3.732439
1.900000, 0.600000, 4.042767
1.950000, 0.600000, 4.254546
2.000000, 0.600000, 4.385492
0.000000, 0.650000, -1.615718
0.050000, 0.650000, -1.698063
0.100000, 0.650000, -1.674431
0.150000, 0.650000, -1.525650
0.200000, 0.650000, -1.249255
0.250000, 0.650000, -0.861786
0.300000, 0.650000, -0.397321
0.350000, 0.650000, 0.097549
0.400000, 0.650000, 0.571353
0.450000, 0.650000, 0.976448
0.500000, 0.650000, 1.277042
0.550000, 0.650000, 1.454892
0.600000, 0.650000, 1.511531
0.650000, 0.650000, 1.466631
0.700000, 0.650000, 1.352882
0.750000, 0.650000, 1.208561
0.800000, 0.650000, 1.069380
0.850000, 0.650000, 0.961395
0.900000, 0.650000, 0.896462
0.950000, 0.650000, 0.871168
1.000000, 0.650000, 0.869403
1.050000, 0.650000, 0.867919
1.100000, 0.650000, 0.843564
1.150000, 0.650000, 0.780521
1.200000, 0.650000, 0.675879
1.250000, 0.650000, 0.542205
1.300000, 0.650000, 0.406490
1.350000, 0.650000, 0.305604
1.400000, 0.650000, 0.279192
1.450000, 0.650000, 0.361498
1.500000, 0.650000, 0.573885
1.550000, 0.650000, 0.919653
1.600000, 0.650000, 1.382310
1.650000, 0.650000, 1.927703
1.700000, 0.650000, 2.509604
1.750000, 0.650000, 3.077622
1.800000, 0.650000, 3.585804
1.850000, 0.650000, 4.000184
1.900000, 0.650000, 4.303748
1.950000, 0.650000, 4.497873
2.000000, 0.650000, 4.600054
0.000000, 0.700000, -1.715923
0.050000, 0.700000, -1.719245
0.100000, 0.700000, -1.622283
0.150000, 0.700000, -1.410452
0.200000, 0.700000, -1.085079
0.250000, 0.700000, -0.665407
0.300000, 0.700000, -0.186947
0.350000, 0.700000, 0.303624
0.400000, 0.700000, 0.756045
0.450000, 0.700000, 1.125027
0.500000, 0.700000, 1.378019
0.550000, 0.700000, 1.500599
0.600000, 0.700000, 1.498365
0.650000, 0.700000, 1.394950
0.700000, 0.700000, 1.226621
0.750000, 0.700000, 1.034604
0.800000, 0.700000, 0.856797
0.850000, 0.700000, 0.720620
0.900000, 0.700000, 0.638502
0.950000, 0.700000, 0.606929
1.000000, 0.700000, 0.609169
1.050000, 0.700000, 0.621019
1.100000, 0.700000, 0.618224
1.150000, 0.700000, 0.583870
1.200000, 0.700000, 0.514046
1.250000, 0.700000, 0.420471
1.300000, 0.700000, 0.329400
1.350000, 0.700000, 0.277003
1.400000, 0.700000, 0.302129
1.450000, 0.700000, 0.437992
1.500000, 0.700000, 0.704565
1.550000, 0.700000, 1.103304
1.600000, 0.700000, 1.615404
1.650000, 0.700000, 2.203983
1.700000, 0.700000, 2.819823
1.750000, 0.700000, 3.409511
1.800000, 0.700000, 3.924339
1.850000, 0.700000, 4.328185
1.900000, 0.700000, 4.602815
1.950000, 0.700000, 4.749614
2.000000, 0.700000, 4.787518
0.000000, 0.750000, -1.738116
0.050000, 0.750000, -1.667046
0.100000, 0.750000, -1.505225
0.150000, 0.750000, -1.242299
0.200000, 0.750000, -0.882748
0.250000, 0.750000, -0.447610
0.300000, 0.750000, 0.027294
0.350000, 0.750000, 0.496448
0.400000, 0.750000, 0.912059
0.450000, 0.750000, 1.232318
0.500000, 0.750000, 1.428797
0.550000, 0.750000, 1.491419
0.600000, 0.750000, 1.429941
0.650000, 0.750000, 1.271632
0.700000, 0.750000, 1.055607
0.750000, 0.750000, 0.825035
0.800000, 0.750000, 0.618842
0.850000, 0.750000, 0.464670
0.900000, 0.750000, 0.374573
0.950000, 0.750000, 0.344300
1.000000, 0.750000, 0.356287
1.050000, 0.750000, 0.385603
1.100000, 0.750000, 0.407513
1.150000, 0.750000, 0.404901
1.200000, 0.750000, 0.373860
1.250000, 0.750000, 0.326145
1.300000, 0.750000, 0.287845
1.350000, 0.750000, 0.294497
1.400000, 0.750000, 0.383604
1.450000, 0.750000, 0.586163
1.500000, 0.750000, 0.918995
1.550000, 0.750000, 1.379574
1.600000, 0.750000, 1.944521
1.650000, 0.750000, 2.572185
1.700000, 0.750000, 3.208877
1.750000, 0.750000, 3.797559
1.800000, 0.750000, 4.287285
1.850000, 0.750000, 4.641533
1.900000, 0.750000, 4.843808
1.950000, 0.750000, 4.899464
2.000000, 0.750000, 4.833494
0.000000, 0.800000, -1.684695
0.050000, 0.800000, -1.547547
0.100000, 0.800000, -1.332575
0.150000, 0.800000, -1.033116
0.200000, 0.800000, -0.655993
0.250000, 0.800000, -0.222994
0.300000, 0.800000, 0.230974
0.350000, 0.800000, 0.662839
0.400000, 0.800000, 1.028472
0.450000, 0.800000, 1.290520
0.500000, 0.800000, 1.425284
0.550000, 0.800000, 1.427191
0.600000, 0.800000, 1.309845
0.650000, 0.800000, 1.103395
0.700000, 0.800000, 0.848745
0.750000, 0.800000, 0.589787
0.800000, 0.800000, 0.365305
0.850000, 0.800000, 0.202245
0.900000, 0.800000, 0.111755
0.950000, 0.800000, 0.088819
1.000000, 0.800000, 0.115483
1.050000, 0.800000, 0.166933
1.100000, 0.800000, 0.218991
1.150000, 0.800000, 0.255334
1.200000, 0.800000, 0.272747
1.250000, 0.800000, 0.283156
1.300000, 0.800000, 0.311905
1.350000, 0.800000, 0.392543
1.400000, 0.800000, 0.559190
1.450000, 0.800000, 0.838118
1.500000, 0.800000, 1.240378
1.550000, 0.800000, 1.757146
1.600000, 0.800000, 2.358907
1.650000, 0.800000, 2.998824
1.700000, 0.800000, 3.619739
1.750000, 0.800000, 4.163509
1.800000, 0.800000, 4.580872
1.850000, 0.800000, 4.839884
1.900000, 0.800000, 4.931286
1.950000, 0.800000, 4.869746
2.000000, 0.800000, 4.690770
0.000000, 0.850000, -1.562063
0.050000, 0.850000, -1.370379
0.100000, 0.850000, -1.116561
0.150000, 0.850000, -0.796952
0.200000, 0.850000, -0.419784
0.250000, 0.850000, -0.006449
0.300000, 0.850000, 0.410329
0.350000, 0.850000, 0.791172
0.400000, 0.850000, 1.096693
0.450000, 0.850000, 1.294722
0.500000, 0.850000, 1.366561
0.550000, 0.850000, 1.310890
0.600000, 0.850000, 1.144417
0.650000, 0.850000, 0.899061
0.700000, 0.850000, 0.616218
0.750000, 0.850000, 0.339266
0.800000, 0.850000, 0.105895
0.850000, 0.850000, -0.058131
0.900000, 0.850000, -0.142486
0.950000, 0.850000, -0.152339
1.000000, 0.850000, -0.105019
1.050000, 0.850000, -0.024085
1.100000, 0.850000, 0.067804
1.150000, 0.850000, 0.155578
1.200000, 0.850000, 0.236400
1.250000, 0.850000, 0.321160
1.300000, 0.850000, 0.432372
1.350000, 0.850000, 0.598868
1.400000, 0.850000, 0.848395
1.450000, 0.850000, 1.199768
1.500000, 0.850000, 1.656349
1.550000, 0.850000, 2.202411
1.600000, 0.850000, 2.803379
1.650000, 0.850000, 3.410091
1.700000, 0.850000, 3.966422
1.750000, 0.850000, 4.418806
1.800000, 0.850000, 4.725817
1.850000, 0.850000, 4.865853
1.900000, 0.850000, 4.841360
1.950000, 0.850000, 4.678682
2.000000, 0.850000, 4.423530
0.000000, 0.900000, -1.380214
0.050000, 0.900000, -1.148125
0.100000, 0.900000, -0.871587
0.150000, 0.900000, -0.549152
0.200000, 0.900000, -0.189446
0.250000, 0.900000, 0.187728
0.300000, 0.900000, 0.553086
0.350000, 0.900000, 0.872104
0.400000, 0.900000, 1.111011
0.450000, 0.900000, 1.243248
0.500000, 0.900000, 1.254992
0.550000, 0.900000, 1.148496
0.600000, 0.900000, 0.942437
0.650000, 0.900000, 0.669128
0.700000, 0.900000, 0.369100
0.750000, 0.900000, 0.084167
0.800000, 0.900000, -0.149595
0.850000, 0.900000, -0.307487
0.900000, 0.900000, -0.379276
0.950000, 0.900000, -0.369133
1.000000, 0.900000, -0.292526
1.050000, 0.900000, -0.170819
1.100000, 0.900000, -0.024890
1.150000, 0.900000, 0.130734
1.200000, 0.900000, 0.291834
1.250000, 0.900000, 0.465569
1.300000, 0.900000, 0.668379
1.350000, 0.900000, 0.921141
1.400000, 0.900000, 1.242682
1.450000, 0.900000, 1.643146
1.500000, 0.900000, 2.118835
1.550000, 0.900000, 2.649823
1.600000, 0.900000, 3.201114
1.650000, 0.900000, 3.727311
1.700000, 0.900000, 4.180013
1.750000, 0.900000, 4.516480
1.800000, 0.900000, 4.707838
1.850000, 0.900000, 4.745061
1.900000, 0.900000, 4.641428
1.950000, 0.900000, 4.430856
2.000000, 0.900000, 4.162322
0.000000, 0.950000, -1.152137
0.050000, 0.950000, -0.895585
0.100000, 0.950000, -0.613393
0.150000, 0.950000, -0.305462
0.200000, 0.950000, 0.020234
0.250000, 0.950000, 0.346671
0.300000, 0.950000, 0.649196
0.350000, 0.950000, 0.899146
0.400000, 0.950000, 1.068979
0.450000, 0.950000, 1.137811
0.500000, 0.950000, 1.096142
0.550000, 0.950000, 0.948698
0.600000, 0.950000, 0.714680
0.650000, 0.950000, 0.425292
0.700000, 0.950000, 0.118986
0.750000, 0.950000, -0.164646
0.800000, 0.950000, -0.391073
0.850000, 0.950000, -0.535881
0.900000, 0.950000, -0.587674
0.950000, 0.950000, -0.548276
1.000000, 0.950000, -0.430318
1.050000, 0.950000, -0.252828
1.100000, 0.950000, -0.035906
1.150000, 0.950000, 0.204261
1.200000, 0.950000, 0.458894
1.250000, 0.950000, 0.727806
1.300000, 0.950000, 1.018048
1.350000, 0.950000, 1.340350
1.400000, 0.950000, 1.704261
1.450000, 0.950000, 2.113185
1.500000, 0.950000, 2.560604
1.550000, 0.950000, 3.028509
1.600000, 0.950000, 3.488584
1.650000, 0.950000, 3.906077
1.700000, 0.950000, 4.245660
1.750000, 0.950000, 4.478090
1.800000, 0.950000, 4.586264
1.850000, 0.950000, 4.569339
1.900000, 0.950000, 4.443948
1.950000, 0.950000, 4.242159
2.000000, 0.950000, 4.006491
0.000000, 1.000000, -0.893061
0.050000, 1.000000, -0.628923
0.100000, 1.000000, -0.358150
0.150000, 1.000000, -0.081128
0.200000, 1.000000, 0.195858
0.250000, 1.000000, 0.459696
0.300000, 1.000000, 0.691439
0.350000, 1.000000, 0.869079
0.400000, 1.000000, 0.971604
0.450000, 1.000000, 0.983464
0.500000, 1.000000, 0.898500
0.550000, 1.000000, 0.722443
0.600000, 1.000000, 0.473374
0.650000, 1.000000, 0.179945
0.700000, 1.000000, -0.122357
0.750000, 1.000000, -0.396242
0.800000, 1.000000, -0.607990
0.850000, 1.000000, -0.732143
0.900000, 1.000000, -0.754649
0.950000, 1.000000, -0.673900
1.000000, 1.000000, -0.499549
1.050000, 1.000000, -0.249450
1.100000, 1.000000, 0.054556
1.150000, 1.000000, 0.391081
1.200000, 1.000000, 0.742894
1.250000, 1.000000, 1.099146
1.300000, 1.000000, 1.455710
1.350000, 1.000000, 1.813672
1.400000, 1.000000, 2.176438
1.450000, 1.000000, 2.546238
1.500000, 1.000000, 2.920930
1.550000, 1.000000, 3.291965
1.600000, 1.000000, 3.644082
1.650000, 1.000000, 3.956926
1.700000, 1.000000, 4.208332
1.750000, 1.000000, 4.378617
1.800000, 1.000000, 4.454981
1.850000, 1.000000, 4.435042
1.900000, 1.000000, 4.328708
1.950000, 1.000000, 4.157886
2.000000, 1.000000, 3.954004
0.000000, 1.050000, -0.619596
0.050000, 1.050000, -0.364748
0.100000, 1.050000, -0.121546
0.150000, 1.050000, 0.109971
0.200000, 1.050000, 0.326180
0.250000, 1.050000, 0.518919
0.300000, 1.050000, 0.675855
0.350000, 1.050000, 0.782176
0.400000, 1.050000, 0.823335
0.450000, 1.050000, 0.788356
0.500000, 1.050000, 0.673031
0.550000, 1.050000, 0.482354
0.600000, 1.050000, 0.231590
0.650000, 1.050000, -0.054356
0.700000, 1.050000, -0.343324
0.750000, 1.050000, -0.599744
0.800000, 1.050000, -0.789358
0.850000, 1.050000, -0.884027
0.900000, 1.050000, -0.865760
0.950000, 1.050000, -0.729228
1.000000, 1.050000, -0.482268
1.050000, 1.050000, -0.144243
1.100000, 1.050000, 0.257457
1.150000, 1.050000, 0.692123
1.200000, 1.050000, 1.130744
1.250000, 1.050000, 1.550361
1.300000, 1.050000, 1.936910
1.350000, 1.050000, 2.285995
1.400000, 1.050000, 2.601504
1.450000, 1.050000, 2.892402
1.500000, 1.050000, 3.168475
1.550000, 1.050000, 3.436052
1.600000, 1.050000, 3.694729
1.650000, 1.050000, 3.935971
1.700000, 1.050000, 4.144031
1.750000, 1.050000, 4.299105
1.800000, 1.050000, 4.382141
1.850000, 1.050000, 4.380248
1.900000, 1.050000, 4.291499
1.950000, 1.050000, 4.127933
2.000000, 1.050000, 3.915907
0.000000, 1.100000, -0.348807
0.050000, 1.100000, -0.119197
0.100000, 1.100000, 0.082083
0.150000, 1.100000, 0.256092
0.200000, 1.100000, 0.402735
0.250000, 1.100000, 0.519703
0.300000, 1.100000, 0.601986
0.350000, 1.100000, 0.642206
0.400000, 1.100000, 0.631838
0.450000, 1.100000, 0.563294
0.500000, 1.100000, 0.432580
0.550000, 1.100000, 0.242048
0.600000, 1.100000, 0.002584
0.650000, 1.100000, -0.265414
0.700000, 1.100000, -0.532821
0.750000, 1.100000, -0.764535
0.800000, 1.100000, -0.924002
0.850000, 1.100000, -0.978840
0.900000, 1.100000, -0.906533
0.950000, 1.100000, -0.699008
1.000000, 1.100000, -0.364964
1.050000, 1.100000, 0.070755
1.100000, 1.100000, 0.570875
1.150000, 1.100000, 1.091940
1.200000, 1.100000, 1.591902
1.250000, 1.100000, 2.037473
1.300000, 1.100000, 2.409613
1.350000, 1.100000, 2.705872
1.400000, 1.100000, 2.938984
1.450000, 1.100000, 3.131954
1.500000, 1.100000, 3.310767
1.550000, 1.100000, 3.496445
1.600000, 1.100000, 3.698436
1.650000, 1.100000, 3.911058
1.700000, 1.100000, 4.114073
1.750000, 1.100000, 4.277441
1.800000, 1.100000, 4.369301
1.850000, 1.100000, 4.365336
1.900000, 1.100000, 4.257227
1.950000, 1.100000, 4.058014
2.000000, 1.100000, 3.802788
0.000000, 1.150000, -0.097276
0.050000, 1.150000, 0.092955
0.100000, 1.150000, 0.240545
0.150000, 1.150000, 0.348270
0.200000, 1.150000, 0.420304
0.250000, 1.150000, 0.460920
0.300000, 1.150000, 0.472910
0.350000, 1.150000, 0.456245
0.400000, 1.150000, 0.407581
0.450000, 1.150000, 0.321146
0.500000, 1.150000, 0.191155
0.550000, 1.150000, 0.015398
0.600000, 1.150000, -0.200861
0.650000, 1.150000, -0.441896
0.700000, 1.150000, -0.680616
0.750000, 1.150000, -0.880588
0.800000, 1.150000, -1.001099
0.850000, 1.150000, -1.004506
0.900000, 1.150000, -0.864349
0.950000, 1.150000, -0.572281
1.000000, 1.150000, -0.141879
1.050000, 1.150000, 0.391981
1.100000, 1.150000, 0.978500
1.150000, 1.150000, 1.560192
1.200000, 1.150000, 2.084031
1.250000, 1.150000, 2.511908
1.300000, 1.150000, 2.827832
1.350000, 1.150000, 3.039979
1.400000, 1.150000, 3.176922
1.450000, 1.150000, 3.278871
1.500000, 1.150000, 3.386034
1.550000, 1.150000, 3.527090
1.600000, 1.150000, 3.710783
1.650000, 1.150000, 3.922993
1.700000, 1.150000, 4.130210
1.750000, 1.150000, 4.288738
1.800000, 1.150000, 4.357380
1.850000, 1.150000, 4.310357
1.900000, 1.150000, 4.147072
1.950000, 1.150000, 3.895975
2.000000, 1.150000, 3.611262
0.000000, 1.200000, 0.119791
0.050000, 1.200000, 0.259089
0.100000, 1.200000, 0.344438
0.150000, 1.200000, 0.380796
0.200000, 1.200000, 0.377181
0.250000, 1.200000, 0.344997
0.300000, 1.200000, 0.295062
0.350000, 1.200000, 0.234278
0.400000, 1.200000, 0.163251
0.450000, 1.200000, 0.076111
0.500000, 1.200000, -0.036875
0.550000, 1.200000, -0.184232
0.600000, 1.200000, -0.367083
0.650000, 1.200000, -0.573823
0.700000, 1.200000, -0.777724
0.750000, 1.200000, -0.938913
0.800000, 1.200000, -1.010972
0.850000, 1.200000, -0.950969
0.900000, 1.200000, -0.730534
0.950000, 1.200000, -0.344933
1.000000, 1.200000, 0.182649
1.050000, 1.200000, 0.803317
1.100000, 1.200000, 1.451177
1.150000, 1.200000, 2.056746
1.200000, 1.200000, 2.561805
1.250000, 1.200000, 2.931883
1.300000, 1.200000, 3.162995
1.350000, 1.200000, 3.280730
1.400000, 1.200000, 3.331782
1.450000, 1.200000, 3.370131
1.500000, 1.200000, 3.441576
1.550000, 1.200000, 3.570845
1.600000, 1.200000, 3.754868
1.650000, 1.200000, 3.964108
1.700000, 1.200000, 4.151665
1.750000, 1.200000, 4.267667
1.800000, 1.200000, 4.275003
1.850000, 1.200000, 4.162039
1.900000, 1.200000, 3.948764
1.950000, 1.200000, 3.684614
2.000000, 1.200000, 3.438457
0.000000, 1.250000, 0.289372
0.050000, 1.250000, 0.369404
0.100000, 1.250000, 0.387638
0.150000, 1.250000, 0.351496
0.200000, 1.250000, 0.275240
0.250000, 1.250000, 0.177760
0.300000, 1.250000, 0.077867
0.350000, 1.250000, -0.011366
0.400000, 1.250000, -0.086972
0.450000, 1.250000, -0.157098
0.500000, 1.250000, -0.237596
0.550000, 1.250000, -0.344733
0.600000, 1.250000, -0.486132
0.650000, 1.250000, -0.653012
0.700000, 1.250000, -0.816814
0.750000, 1.250000, -0.932143
0.800000, 1.250000, -0.946077
0.850000, 1.250000, -0.811724
0.900000, 1.250000, -0.502314
0.950000, 1.250000, -0.021535
1.000000, 1.250000, 0.593387
1.050000, 1.250000, 1.277420
1.100000, 1.250000, 1.951233
1.150000, 1.250000, 2.539108
1.200000, 1.250000, 2.986368
1.250000, 1.250000, 3.271457
1.300000, 1.250000, 3.409209
1.350000, 1.250000, 3.444369
1.400000, 1.250000, 3.437272
1.450000, 1.250000, 3.445847
1.500000, 1.250000, 3.509186
1.550000, 1.250000, 3.637384
1.600000, 1.250000, 3.810450
1.650000, 1.250000, 3.986363
1.700000, 1.250000, 4.115651
1.750000, 1.250000, 4.158009
1.800000, 1.250000, 4.096028
1.850000, 1.250000, 3.942091
1.900000, 1.250000, 3.736665
1.950000, 1.250000, 3.538807
2.000000, 1.250000, 3.411892
0.000000, 1.300000, 0.401299
0.050000, 1.300000, 0.417416
0.100000, 1.300000, 0.367592
0.150000, 1.300000, 0.261805
0.200000, 1.300000, 0.119786
0.250000, 1.300000, -0.031925
0.300000, 1.300000, -0.166819
0.350000, 1.300000, -0.266729
0.400000, 1.300000, -0.328242
0.450000, 1.300000, -0.364124
0.500000, 1.300000, -0.398374
0.550000, 1.300000, -0.455932
0.600000, 1.300000, -0.550282
0.650000, 1.300000, -0.673471
0.700000, 1.300000, -0.792628
0.750000, 1.300000, -0.855187
0.800000, 1.300000, -0.802071
0.850000, 1.300000, -0.585255
0.900000, 1.300000, -0.184248
0.950000, 1.300000, 0.383962
1.000000, 1.300000, 1.065207
1.050000, 1.300000, 1.779224
1.100000, 1.300000, 2.438629
1.150000, 1.300000, 2.970289
1.200000, 1.300000, 3.332737
1.250000, 1.300000, 3.524465
1.300000, 1.300000, 3.580784
1.350000, 1.300000, 3.560527
1.400000, 1.300000, 3.527014
1.450000, 1.300000, 3.529310
1.500000, 1.300000, 3.589516
1.550000, 1.300000, 3.699612
1.600000, 1.300000, 3.828172
1.650000, 1.300000, 3.934101
1.700000, 1.300000, 3.982466
1.750000, 1.300000, 3.957180
1.800000, 1.300000, 3.866734
1.850000, 1.300000, 3.741753
1.900000, 1.300000, 3.625980
1.950000, 1.300000, 3.564297
2.000000, 1.300000, 3.591989
0.000000, 1.350000, 0.448768
0.050000, 1.350000, 0.400253
0.100000, 1.350000, 0.285397
0.150000, 1.350000, 0.116629
0.200000, 1.350000, -0.080788
0.250000, 1.350000, -0.272691
0.300000, 1.350000, -0.425400
0.350000, 1.350000, -0.517042
0.400000, 1.350000, -0.545921
0.450000, 1.350000, -0.531816
0.500000, 1.350000, -0.508609
0.550000, 1.350000, -0.510182
0.600000, 1.350000, -0.554455
0.650000, 1.350000, -0.631731
0.700000, 1.350000, -0.702399
0.750000, 1.350000, -0.705909
0.800000, 1.350000, -0.578808
0.850000, 1.350000, -0.276134
0.900000, 1.350000, 0.211141
0.950000, 1.350000, 0.848891
1.000000, 1.350000, 1.565795
1.050000, 1.350000, 2.270936
1.100000, 1.350000, 2.877515
1.150000, 1.350000, 3.325062
1.200000, 1.350000, 3.593098
1.250000, 1.350000, 3.702251
1.300000, 1.350000, 3.703154
1.350000, 1.350000, 3.657561
1.400000, 1.350000, 3.618484
1.450000, 1.350000, 3.615993
1.500000, 1.350000, 3.652854
1.550000, 1.350000, 3.710349
1.600000, 1.350000, 3.760944
1.650000, 1.350000, 3.782321
1.700000, 1.350000, 3.767336
1.750000, 1.350000, 3.726611
1.800000, 1.350000, 3.683721
1.850000, 1.350000, 3.665904
1.900000, 1.350000, 3.694831
1.950000, 1.350000, 3.781497
2.000000, 1.350000, 3.927127
0.000000, 1.400000, 0.428643
0.050000, 1.400000, 0.318750
0.100000, 1.400000, 0.145676
0.150000, 1.400000, -0.075988
0.200000, 1.400000, -0.315534
0.250000, 1.400000, -0.531351
0.300000, 1.400000, -0.683350
0.350000, 1.400000, -0.747595
0.400000, 1.400000, -0.726458
0.450000, 1.400000, -0.649040
0.500000, 1.400000, -0.560383
0.550000, 1.400000, -0.502822
0.600000, 1.400000, -0.496510
0.650000, 1.400000, -0.527094
0.700000, 1.400000, -0.546225
0.750000, 1.400000, -0.485753
0.800000, 1.400000, -0.281112
0.850000, 1.400000, 0.104442
0.900000, 1.400000, 0.663730
0.950000, 1.400000, 1.343850
1.000000, 1.400000, 2.059610
1.050000, 1.400000, 2.717494
1.100000, 1.400000, 3.241676
1.150000, 1.400000, 3.593054
1.200000, 1.400000, 3.775199
1.250000, 1.400000, 3.826203
1.300000, 1.400000, 3.800689
1.350000, 1.400000, 3.749533
1.400000, 1.400000, 3.705050
1.450000, 1.400000, 3.676465
1.500000, 1.400000, 3.655877
1.550000, 1.400000, 3.630567
1.600000, 1.400000, 3.595191
1.650000, 1.400000, 3.558100
1.700000, 1.400000, 3.539177
1.750000, 1.400000, 3.560809
1.800000, 1.400000, 3.636933
1.850000, 1.400000, 3.766029
1.900000, 1.400000, 3.932096
1.950000, 1.400000, 4.113812
2.000000, 1.400000, 4.297976
0.000000, 1.450000, 0.341553
0.050000, 1.450000, 0.177328
0.100000, 1.450000, -0.043756
0.150000, 1.450000, -0.305388
0.200000, 1.450000, -0.571618
0.250000, 1.450000, -0.793695
0.300000, 1.450000, -0.926077
0.350000, 1.450000, -0.944624
0.400000, 1.450000, -0.858218
0.450000, 1.450000, -0.707379
0.500000, 1.450000, -0.548979
0.550000, 1.450000, -0.432485
0.600000, 1.450000, -0.377410
0.650000, 1.450000, -0.361798
0.700000, 1.450000, -0.327371
0.750000, 1.450000, -0.200203
0.800000, 1.450000, 0.080807
0.850000, 1.450000, 0.538806
0.900000, 1.450000, 1.147185
0.950000, 1.450000, 1.835765
1.000000, 1.450000, 2.512400
1.050000, 1.450000, 3.091382
1.100000, 1.450000, 3.517636
1.150000, 1.450000, 3.777993
1.200000, 1.450000, 3.896538
1.250000, 1.450000, 3.917769
1.300000, 1.450000, 3.885975
1.350000, 1.450000, 3.830033
1.400000, 1.450000, 3.759455
1.450000, 1.450000, 3.671813
1.500000, 1.450000, 3.566163
1.550000, 1.450000, 3.454516
1.600000, 1.450000, 3.364677
1.650000, 1.450000, 3.332417
1.700000, 1.450000, 3.386553
1.750000, 1.450000, 3.534462
1.800000, 1.450000, 3.755891
1.850000, 1.450000, 4.009377
1.900000, 1.450000, 4.249708
1.950000, 1.450000, 4.449374
2.000000, 1.450000, 4.614414
0.000000, 1.500000, 0.191781
0.050000, 1.500000, -0.016337
0.100000, 1.500000, -0.272406
0.150000, 1.500000, -0.558968
0.200000, 1.500000, -0.835108
0.250000, 1.500000, -1.045346
0.300000, 1.500000, -1.139796
0.350000, 1.500000, -1.096143
0.400000, 1.500000, -0.932217
0.450000, 1.500000, -0.701696
0.500000, 1.500000, -0.473223
0.550000, 1.500000, -0.301230
0.600000, 1.500000, -0.201245
0.650000, 1.500000, -0.141059
0.700000, 1.500000, -0.052447
0.750000, 1.500000, 0.140980
0.800000, 1.500000, 0.491419
0.850000, 1.500000, 1.003739
0.900000, 1.500000, 1.631226
0.950000, 1.500000, 2.291536
1.000000, 1.500000, 2.895444
1.050000, 1.500000, 3.375807
1.100000, 1.500000, 3.704800
1.150000, 1.500000, 3.893508
1.200000, 1.500000, 3.976334
1.250000, 1.500000, 3.989460
1.300000, 1.500000, 3.954533
1.350000, 1.500000, 3.875245
1.400000, 1.500000, 3.747219
1.450000, 1.500000, 3.574515
1.500000, 1.500000, 3.382489
1.550000, 1.500000, 3.218595
1.600000, 1.500000, 3.139012
1.650000, 1.500000, 3.186633
1.700000, 1.500000, 3.371043
1.750000, 1.500000, 3.661077
1.800000, 1.500000, 3.995104
1.850000, 1.500000, 4.305920
1.900000, 1.500000, 4.549912
1.950000, 1.500000, 4.727489
2.000000, 1.500000, 4.885138
0.000000, 1.550000, -0.013068
0.050000, 1.550000, -0.251821
0.100000, 1.550000, -0.527768
0.150000, 1.550000, -0.822961
0.200000, 1.550000, -1.091828
0.250000, 1.550000, -1.272631
0.300000, 1.550000, -1.312373
0.350000, 1.550000, -1.192702
0.400000, 1.550000, -0.942721
0.450000, 1.550000, -0.630518
0.500000, 1.550000, -0.335631
0.550000, 1.550000, -0.114507
0.600000, 1.550000, 0.024894
0.650000, 1.550000, 0.126992
0.700000, 1.550000, 0.268575
0.750000, 1.550000, 0.523842
0.800000, 1.550000, 0.930469
0.850000, 1.550000, 1.472084
0.900000, 1.550000, 2.084497
0.950000, 1.550000, 2.681724
1.000000, 1.550000, 3.188762
1.050000, 1.550000, 3.565667
1.100000, 1.550000, 3.812762
1.150000, 1.550000, 3.956846
1.200000, 1.550000, 4.027887
1.250000, 1.550000, 4.039940
1.300000, 1.550000, 3.986912
1.350000, 1.550000, 3.855023
1.400000, 1.550000, 3.644192
1.450000, 1.550000, 3.385151
1.500000, 1.550000, 3.140878
1.550000, 1.550000, 2.989071
1.600000, 1.550000, 2.992661
1.650000, 1.550000, 3.172444
1.700000, 1.550000, 3.495941
1.750000, 1.550000, 3.889326
1.800000, 1.550000, 4.268203
1.850000, 1.550000, 4.573640
1.900000, 1.550000, 4.796960
1.950000, 1.550000, 4.981815
2.000000, 1.550000, 5.202785
0.000000, 1.600000, -0.262566
0.050000, 1.600000, -0.516616
0.100000, 1.600000, -0.796106
0.150000, 1.600000, -1.083282
0.200000, 1.600000, -1.328222
0.250000, 1.600000, -1.463411
0.300000, 1.600000, -1.434071
0.350000, 1.600000, -1.227990
0.400000, 1.600000, -0.887662
0.450000, 1.600000, -0.496222
0.500000, 1.600000, -0.142363
0.550000, 1.600000, 0.119067
0.600000, 1.600000, 0.291174
0.650000, 1.600000, 0.431516
0.700000, 1.600000, 0.622542
0.750000, 1.600000, 0.930656
0.800000, 1.600000, 1.374097
0.850000, 1.600000, 1.914918
0.900000, 1.600000, 2.477654
0.950000, 1.600000, 2.983665
1.000000, 1.600000, 3.382745
1.050000, 1.600000, 3.666210
1.100000, 1.600000, 3.856619
1.150000, 1.600000, 3.982406
1.200000, 1.600000, 4.053776
1.250000, 1.600000, 4.054873
1.300000, 1.600000, 3.957338
1.350000, 1.600000, 3.747484
1.400000, 1.600000, 3.450683
1.450000, 1.600000, 3.137178
1.500000, 1.600000, 2.903162
1.550000, 1.600000, 2.834527
1.600000, 1.600000, 2.970822
1.650000, 1.600000, 3.287906
1.700000, 1.600000, 3.708934
1.750000, 1.600000, 4.139095
1.800000, 1.600000, 4.507419
1.850000, 1.600000, 4.795465
1.900000, 1.600000, 5.039508
1.950000, 1.600000, 5.306492
2.000000, 1.600000, 5.657171
0.000000, 1.650000, -0.544134
0.050000, 1.650000, -0.796913
0.100000, 1.650000, -1.063296
0.150000, 1.650000, -1.326397
0.200000, 1.650000, -1.532181
0.250000, 1.650000, -1.607835
0.300000, 1.650000, -1.498175
0.350000, 1.650000, -1.199288
0.400000, 1.650000, -0.768862
0.450000, 1.650000, -0.305008
0.500000, 1.650000, 0.097030
0.550000, 1.650000, 0.388094
0.600000, 1.650000, 0.585417
0.650000, 1.650000, 0.759304
0.700000, 1.650000, 0.993516
0.750000, 1.650000, 1.340716
0.800000, 1.650000, 1.796410
0.850000, 1.650000, 2.304027
0.900000, 1.650000, 2.786248
0.950000, 1.650000, 3.183554
1.000000, 1.650000, 3.477985
1.050000, 1.650000, 3.689848
1.100000, 1.650000, 3.851637
1.150000, 1.650000, 3.977012
1.200000, 1.650000, 4.045412
1.250000, 1.650000, 4.013182
1.300000, 1.650000, 3.845664
1.350000, 1.650000, 3.551258
1.400000, 1.650000, 3.195988
1.450000, 1.650000, 2.887314
1.500000, 1.650000, 2.733178
1.550000, 1.650000, 2.796707
1.600000, 1.650000, 3.070301
1.650000, 1.650000, 3.482937
1.700000, 1.650000, 3.936806
1.750000, 1.650000, 4.353866
1.800000, 1.650000, 4.708021
1.850000, 1.650000, 5.027275
1.900000, 1.650000, 5.367131
1.950000, 1.650000, 5.772212
2.000000, 1.650000, 6.248697
0.000000, 1.700000, -0.843821
0.050000, 1.700000, -1.078449
0.100000, 1.700000, -1.315698
0.150000, 1.700000, -1.540154
0.200000, 1.700000, -1.693802
0.250000, 1.700000, -1.698961
0.300000, 1.700000, -1.501439
0.350000, 1.700000, -1.107708
0.400000, 1.700000, -0.592037
0.450000, 1.700000, -0.066660
0.500000, 1.700000, 0.370050
0.550000, 1.700000, 0.678926
0.600000, 1.700000, 0.893613
0.650000, 1.700000, 1.095258
0.700000, 1.700000, 1.363409
0.750000, 1.700000, 1.731460
0.800000, 1.700000, 2.171377
0.850000, 1.700000, 2.614410
0.900000, 1.700000, 2.993001
0.950000, 1.700000, 3.277190
1.000000, 1.700000, 3.483444
1.050000, 1.700000, 3.651960
1.100000, 1.700000, 3.808704
1.150000, 1.700000, 3.938281
1.200000, 1.700000, 3.987021
1.250000, 1.700000, 3.896522
1.300000, 1.700000, 3.648081
1.350000, 1.700000, 3.290325
1.400000, 1.700000, 2.931117
1.450000, 1.700000, 2.695503
1.500000, 1.700000, 2.671640
1.550000, 1.700000, 2.874256
1.600000, 1.700000, 3.245382
1.650000, 1.700000, 3.690859
1.700000, 1.700000, 4.130873
1.750000, 1.700000, 4.535677
1.800000, 1.700000, 4.927618
1.850000, 1.700000, 5.351450
1.900000, 1.700000, 5.833852
1.950000, 1.700000, 6.358722
2.000000, 1.700000, 6.873917
0.000000, 1.750000, -1.147155
0.050000, 1.750000, -1.347378
0.100000, 1.750000, -1.540990
0.150000, 1.750000, -1.714532
0.200000, 1.750000, -1.806002
0.250000, 1.750000, -1.733211
0.300000, 1.750000, -1.444353
0.350000, 1.750000, -0.958231
0.400000, 1.750000, -0.366587
0.450000, 1.750000, 0.205906
0.500000, 1.750000, 0.661857
0.550000, 1.750000, 0.976323
0.600000, 1.750000, 1.200526
0.650000, 1.750000, 1.422991
0.700000, 1.750000, 1.712812
0.750000, 1.750000, 2.079856
0.800000, 1.750000, 2.474862
0.850000, 1.750000, 2.826509
0.900000, 1.750000, 3.089183
0.950000, 1.750000, 3.269334
1.000000, 1.750000, 3.413444
1.050000, 1.750000, 3.566750
1.100000, 1.750000, 3.731787
1.150000, 1.750000, 3.856525
1.200000, 1.750000, 3.862738
1.250000, 1.750000, 3.698595
1.300000, 1.750000, 3.382510
1.350000, 1.750000, 3.009314
1.400000, 1.750000, 2.712464
1.450000, 1.750000, 2.603126
1.500000, 1.750000, 2.721390
1.550000, 1.750000, 3.027356
1.600000, 1.750000, 3.435258
1.650000, 1.750000, 3.867633
1.700000, 1.750000, 4.295392
1.750000, 1.750000, 4.740215
1.800000, 1.750000, 5.240978
1.850000, 1.750000, 5.809373
1.900000, 1.750000, 6.406469
1.950000, 1.750000, 6.957458
2.000000, 1.750000, 7.395896
0.000000, 1.800000, -1.440023
0.050000, 1.800000, -1.591113
0.100000, 1.800000, -1.728925
0.150000, 1.800000, -1.842273
0.200000, 1.800000, -1.864985
0.250000, 1.800000, -1.710639
0.300000, 1.800000, -1.331186
0.350000, 1.800000, -0.759517
0.400000, 1.800000, -0.105167
0.450000, 1.800000, 0.497265
0.500000, 1.800000, 0.956014
0.550000, 1.800000, 1.264193
0.600000, 1.800000, 1.490378
0.650000, 1.800000, 1.725544
0.700000, 1.800000, 2.022011
0.750000, 1.800000, 2.363954
0.800000, 1.800000, 2.686596
0.850000, 1.800000, 2.927890
0.900000, 1.800000, 3.074913
0.950000, 1.800000, 3.171880
1.000000, 1.800000, 3.284179
1.050000, 1.800000, 3.444156
1.100000, 1.800000, 3.618019
1.150000, 1.800000, 3.719537
1.200000, 1.800000, 3.664446
1.250000, 1.800000, 3.430985
1.300000, 1.800000, 3.086435
1.350000, 1.800000, 2.760795
1.400000, 1.800000, 2.582959
1.450000, 1.800000, 2.618926
1.500000, 1.800000, 2.849787
1.550000, 1.800000, 3.200604
1.600000, 1.800000, 3.597954
1.650000, 1.800000, 4.016159
1.700000, 1.800000, 4.481704
1.750000, 1.800000, 5.035349
1.800000, 1.800000, 5.681236
1.850000, 1.800000, 6.361466
1.900000, 1.800000, 6.976959
1.950000, 1.800000, 7.442901
2.000000, 1.800000, 7.742093
0.000000, 1.850000, -1.709513
0.050000, 1.850000, -1.799087
0.100000, 1.850000, -1.871963
0.150000, 1.850000, -1.919346
0.200000, 1.850000, -1.870509
0.250000, 1.850000, -1.634989
0.300000, 1.850000, -1.169824
0.350000, 1.850000, -0.523514
0.400000, 1.850000, 0.176917
0.450000, 1.850000, 0.790258
0.500000, 1.850000, 1.235333
0.550000, 1.850000, 1.526390
0.600000, 1.850000, 1.747568
0.650000, 1.850000, 1.986188
0.700000, 1.850000, 2.272121
0.750000, 1.850000, 2.564466
0.800000, 1.850000, 2.791872
0.850000, 1.850000, 2.914191
0.900000, 1.850000, 2.958399
0.950000, 1.850000, 3.001219
1.000000, 1.850000, 3.110504
1.050000, 1.850000, 3.288527
1.100000, 1.850000, 3.460318
1.150000, 1.850000, 3.518778
1.200000, 1.850000, 3.397745
1.250000, 1.850000, 3.123312
1.300000, 1.850000, 2.807717
1.350000, 1.850000, 2.589242
1.400000, 1.850000, 2.558318
1.450000, 1.850000, 2.718676
1.500000, 1.850000, 3.006867
1.550000, 1.850000, 3.352305
1.600000, 1.850000, 3.732263
1.650000, 1.850000, 4.181678
1.700000, 1.850000, 4.751800
1.750000, 1.850000, 5.450008
1.800000, 1.850000, 6.207730
1.850000, 1.850000, 6.903763
1.900000, 1.850000, 7.430300
1.950000, 1.850000, 7.757241
2.000000, 1.850000, 7.949852
0.000000, 1.900000, -1.944690
0.050000, 1.900000, -1.963395
0.100000, 1.900000, -1.965748
0.150000, 1.900000, -1.945223
0.200000, 1.900000, -1.825954
0.250000, 1.900000, -1.513539
0.300000, 1.900000, -0.971393
0.350000, 1.900000, -0.264873
0.400000, 1.900000, 0.462483
0.450000, 1.900000, 1.066884
0.500000, 1.900000, 1.482758
0.550000, 1.900000, 1.747513
0.600000, 1.900000, 1.957409
0.650000, 1.900000, 2.189264
0.700000, 1.900000, 2.446264
0.750000, 1.900000, 2.666254
0.800000, 1.900000, 2.782787
0.850000, 1.900000, 2.789211
0.900000, 1.900000, 2.754279
0.950000, 1.900000, 2.775341
1.000000, 1.900000, 2.903682
1.050000, 1.900000, 3.099291
1.100000, 1.900000, 3.251722
1.150000, 1.900000, 3.255007
1.200000, 1.900000, 3.083983
1.250000, 1.900000, 2.817399
1.300000, 1.900000, 2.591458
1.350000, 1.900000, 2.517683
1.400000, 1.900000, 2.623899
1.450000, 1.900000, 2.858520
1.500000, 1.900000, 3.150373
1.550000, 1.900000, 3.475138
1.600000, 1.900000, 3.875819
1.650000, 1.900000, 4.421046
1.700000, 1.900000, 5.133715
1.750000, 1.900000, 5.946617
1.800000, 1.900000, 6.722735
1.850000, 1.900000, 7.329813
1.900000, 1.900000, 7.717560
1.950000, 1.900000, 7.942489
2.000000, 1.900000, 8.122735
0.000000, 1.950000, -2.137243
0.050000, 1.950000, -2.079280
0.100000, 1.950000, -2.009392
0.150000, 1.950000, -1.922957
0.200000, 1.950000, -1.738174
0.250000, 1.950000, -1.356741
0.300000, 1.950000, -0.749701
0.350000, 1.950000, -0.000202
0.400000, 1.950000, 0.733354
0.450000, 1.950000, 1.309239
0.500000, 1.950000, 1.682270
0.550000, 1.950000, 1.913683
0.600000, 1.950000, 2.106839
0.650000, 1.950000, 2.321041
0.700000, 1.950000, 2.530714
0.750000, 1.950000, 2.659561
0.800000, 1.950000, 2.658899
0.850000, 1.950000, 2.564184
0.900000, 1.950000, 2.481359
0.950000, 1.950000, 2.511203
1.000000, 1.950000, 2.670512
1.050000, 1.950000, 2.873376
1.100000, 1.950000, 2.990160
1.150000, 1.950000, 2.941561
1.200000, 1.950000, 2.757484
1.250000, 1.950000, 2.557192
1.300000, 1.950000, 2.467426
1.350000, 1.950000, 2.542000
1.400000, 1.950000, 2.743266
1.450000, 1.950000, 2.995837
1.500000, 1.950000, 3.265601
1.550000, 1.950000, 3.597644
1.600000, 1.950000, 4.080455
1.650000, 1.950000, 4.763778
1.700000, 1.950000, 5.596236
1.750000, 1.950000, 6.435258
1.800000, 1.950000, 7.126329
1.850000, 1.950000, 7.594405
1.900000, 1.950000, 7.880141
1.950000, 1.950000, 8.095455
2.000000, 1.950000, 8.334351
0.000000, 2.000000, -2.281980
0.050000, 2.000000, -2.145427
0.100000, 2.000000, -2.005561
0.150000, 2.000000, -1.859042
0.200000, 2.000000, -1.617148
0.250000, 2.000000, -1.177676
0.300000, 2.000000, -0.520517
0.350000, 2.000000, 0.252795
0.400000, 2.000000, 0.971317
0.450000, 2.000000, 1.500478
0.500000, 2.000000, 1.819732
0.550000, 2.000000, 2.013243
0.600000, 2.000000, 2.185077
0.650000, 2.000000, 2.370513
0.700000, 2.000000, 2.515909
0.750000, 2.000000, 2.540882
0.800000, 2.000000, 2.427213
0.850000, 2.000000, 2.256322
0.900000, 2.000000, 2.160115
0.950000, 2.000000, 2.222825
1.000000, 2.000000, 2.413921
1.050000, 2.000000, 2.608642
1.100000, 2.000000, 2.682224
1.150000, 2.000000, 2.604139
1.200000, 2.000000, 2.458618
1.250000, 2.000000, 2.377568
1.300000, 2.000000, 2.442408
1.350000, 2.000000, 2.634920
1.400000, 2.000000, 2.874721
1.450000, 2.000000, 3.108168
1.500000, 2.000000, 3.370541
1.550000, 2.000000, 3.765905
1.600000, 2.000000, 4.378424
1.650000, 2.000000, 5.187554
1.700000, 2.000000, 6.058722
1.750000, 2.000000, 6.820987
1.800000, 2.000000, 7.372812
1.850000, 2.000000, 7.734307
1.900000, 2.000000, 8.007677
1.950000, 2.000000, 8.281642
2.000000, 2.000000, 8.559543
