0.000000, 0.000000, 1.483853
0.050000, 0.000000, 0.922863
0.100000, 0.000000, 0.522540
0.150000, 0.000000, 0.381071
0.200000, 0.000000, 0.498663
0.250000, 0.000000, 0.777534
0.300000, 0.000000, 1.059348
0.350000, 0.000000, 1.185805
0.400000, 0.000000, 1.059221
0.450000, 0.000000, 0.679962
0.500000, 0.000000, 0.146422
0.550000, 0.000000, -0.382444
0.600000, 0.000000, -0.747746
0.650000, 0.000000, -0.851272
0.700000, 0.000000, -0.692949
0.750000, 0.000000, -0.370847
0.800000, 0.000000, -0.043728
0.850000, 0.000000, 0.129565
0.900000, 0.000000, 0.050723
0.950000, 0.000000, -0.280564
1.000000, 0.000000, -0.766590
1.050000, 0.000000, -1.249064
1.100000, 0.000000, -1.569698
1.150000, 0.000000, -1.630785
1.200000, 0.000000, -1.432635
1.250000, 0.000000, -1.073558
1.300000, 0.000000, -0.712395
1.350000, 0.000000, -0.507909
1.400000, 0.000000, -0.558170
1.450000, 0.000000, -0.863106
1.500000, 0.000000, -1.324504
1.550000, 0.000000, -1.783473
1.600000, 0.000000, -2.081060
1.650000, 0.000000, -2.118870
1.700000, 0.000000, -1.896536
1.750000, 0.000000, -1.511744
1.800000, 0.000000, -1.122793
1.850000, 0.000000, -0.888018
1.900000, 0.000000, -0.905203
1.950000, 0.000000, -1.174140
2.000000, 0.000000, -1.596642
0.000000, 0.050000, 1.338307
0.050000, 0.050000, 0.762408
0.100000, 0.050000, 0.347306
0.150000, 0.050000, 0.191266
0.200000, 0.050000, 0.294563
0.250000, 0.050000, 0.559466
0.300000, 0.050000, 0.827675
0.350000, 0.050000, 0.940902
0.400000, 0.050000, 0.801458
0.450000, 0.050000, 0.409681
0.500000, 0.050000, -0.136077
0.550000, 0.050000, -0.676926
0.600000, 0.050000, -1.054050
0.650000, 0.050000, -1.169317
0.700000, 0.050000, -1.022742
0.750000, 0.050000, -0.712482
0.800000, 0.050000, -0.397380
0.850000, 0.050000, -0.236347
0.900000, 0.050000, -0.327751
0.950000, 0.050000, -0.671939
1.000000, 0.050000, -1.171227
1.050000, 0.050000, -1.667322
1.100000, 0.050000, -2.001916
1.150000, 0.050000, -2.077261
1.200000, 0.050000, -1.893608
1.250000, 0.050000, -1.549198
1.300000, 0.050000, -1.202791
1.350000, 0.050000, -1.013060
1.400000, 0.050000, -1.077989
1.450000, 0.050000, -1.397422
1.500000, 0.050000, -1.873069
1.550000, 0.050000, -2.345978
1.600000, 0.050000, -2.657150
1.650000, 0.050000, -2.708161
1.700000, 0.050000, -2.498638
1.750000, 0.050000, -2.126279
1.800000, 0.050000, -1.749418
1.850000, 0.050000, -1.526439
1.900000, 0.050000, -1.555191
1.950000, 0.050000, -1.835547
2.000000, 0.050000, -2.269403
0.000000, 0.100000, 1.116340
0.050000, 0.100000, 0.525661
0.100000, 0.100000, 0.095991
0.150000, 0.100000, -0.074335
0.200000, 0.100000, 0.015013
0.250000, 0.100000, 0.266341
0.300000, 0.100000, 0.521366
0.350000, 0.100000, 0.621799
0.400000, 0.100000, 0.469926
0.450000, 0.100000, 0.066045
0.500000, 0.100000, -0.491553
0.550000, 0.100000, -1.044047
0.600000, 0.100000, -1.432701
0.650000, 0.100000, -1.559467
0.700000, 0.100000, -1.424442
0.750000, 0.100000, -1.125862
0.800000, 0.100000, -0.822635
0.850000, 0.100000, -0.673727
0.900000, 0.100000, -0.777540
0.950000, 0.100000, -1.134441
1.000000, 0.100000, -1.646738
1.050000, 0.100000, -2.156119
1.100000, 0.100000, -2.504228
1.150000, 0.100000, -2.593259
1.200000, 0.100000, -2.423388
1.250000, 0.100000, -2.092771
1.300000, 0.100000, -1.760078
1.350000, 0.100000, -1.583891
1.400000, 0.100000, -1.662108
1.450000, 0.100000, -1.994493
1.500000, 0.100000, -2.482692
1.550000, 0.100000, -2.967704
1.600000, 0.100000, -3.290499
1.650000, 0.100000, -3.352642
1.700000, 0.100000, -3.153772
1.750000, 0.100000, -2.791616
1.800000, 0.100000, -2.424556
1.850000, 0.100000, -2.211040
1.900000, 0.100000, -2.248994
1.950000, 0.100000, -2.538369
2.000000, 0.100000, -2.981150
0.000000, 0.150000, 0.845599
0.050000, 0.150000, 0.240350
0.100000, 0.150000, -0.203607
0.150000, 0.150000, -0.387873
0.200000, 0.150000, -0.312075
0.250000, 0.150000, -0.073883
0.300000, 0.150000, 0.168425
0.350000, 0.150000, 0.256542
0.400000, 0.150000, 0.092718
0.450000, 0.150000, -0.322800
0.500000, 0.150000, -0.891785
0.550000, 0.150000, -1.455490
0.600000, 0.150000, -1.855256
0.650000, 0.150000, -1.993112
0.700000, 0.150000, -1.869227
0.750000, 0.150000, -1.581896
0.800000, 0.150000, -1.290076
0.850000, 0.150000, -1.152762
0.900000, 0.150000, -1.268368
0.950000, 0.150000, -1.637251
1.000000, 0.150000, -2.161690
1.050000, 0.150000, -2.683322
1.100000, 0.150000, -3.043728
1.150000, 0.150000, -3.145020
1.200000, 0.150000, -2.987287
1.250000, 0.150000, -2.668586
1.300000, 0.150000, -2.347494
1.350000, 0.150000, -2.182500
1.400000, 0.150000, -2.271420
1.450000, 0.150000, -2.613949
1.500000, 0.150000, -3.111678
1.550000, 0.150000, -3.605572
1.600000, 0.150000, -3.936586
1.650000, 0.150000, -4.006293
1.700000, 0.150000, -3.814358
1.750000, 0.150000, -3.458553
1.800000, 0.150000, -3.097321
1.850000, 0.150000, -2.889181
1.900000, 0.150000, -2.932138
1.950000, 0.150000, -3.226226
2.000000, 0.150000, -3.673507
0.000000, 0.200000, 0.565438
0.050000, 0.200000, -0.054107
0.100000, 0.200000, -0.512013
0.150000, 0.200000, -0.709829
0.200000, 0.200000, -0.647147
0.250000, 0.200000, -0.421624
0.300000, 0.200000, -0.191545
0.350000, 0.200000, -0.115244
0.400000, 0.200000, -0.290510
0.450000, 0.200000, -0.717155
0.500000, 0.200000, -1.297014
0.550000, 0.200000, -1.871409
0.600000, 0.200000, -2.281747
0.650000, 0.200000, -2.430121
0.700000, 0.200000, -2.316752
0.750000, 0.200000, -2.039975
0.800000, 0.200000, -1.758768
0.850000, 0.200000, -1.632129
0.900000, 0.200000, -1.758457
0.950000, 0.200000, -2.138070
1.000000, 0.200000, -2.673192
1.050000, 0.200000, -3.205388
1.100000, 0.200000, -3.576153
1.150000, 0.200000, -3.687503
1.200000, 0.200000, -3.539426
1.250000, 0.200000, -3.229880
1.300000, 0.200000, -2.917343
1.350000, 0.200000, -2.760221
1.400000, 0.200000, -2.856252
1.450000, 0.200000, -3.205077
1.500000, 0.200000, -3.708249
1.550000, 0.200000, -4.206715
1.600000, 0.200000, -4.541437
1.650000, 0.200000, -4.614012
1.700000, 0.200000, -4.424148
1.750000, 0.200000, -4.069677
1.800000, 0.200000, -3.709114
1.850000, 0.200000, -3.501059
1.900000, 0.200000, -3.543599
1.950000, 0.200000, -3.836849
2.000000, 0.200000, -4.282946
0.000000, 0.250000, 0.318371
0.050000, 0.250000, -0.315141
0.100000, 0.250000, -0.786622
0.150000, 0.250000, -0.997573
0.200000, 0.250000, -0.947561
0.250000, 0.250000, -0.734235
0.300000, 0.250000, -0.515894
0.350000, 0.250000, -0.450900
0.400000, 0.250000, -0.637088
0.450000, 0.250000, -1.074319
0.500000, 0.250000, -1.664485
0.550000, 0.250000, -2.248965
0.600000, 0.250000, -2.669216
0.650000, 0.250000, -2.827375
0.700000, 0.250000, -2.723690
0.750000, 0.250000, -2.456509
0.800000, 0.250000, -2.184805
0.850000, 0.250000, -2.067550
0.900000, 0.250000, -2.203098
0.950000, 0.250000, -2.591704
1.000000, 0.250000, -3.135515
1.050000, 0.250000, -3.676002
1.100000, 0.250000, -4.054561
1.150000, 0.250000, -4.173102
1.200000, 0.250000, -4.031509
1.250000, 0.250000, -3.727642
1.300000, 0.250000, -3.419890
1.350000, 0.250000, -3.266583
1.400000, 0.250000, -3.365404
1.450000, 0.250000, -3.715956
1.500000, 0.250000, -4.219778
1.550000, 0.250000, -4.717824
1.600000, 0.250000, -5.051084
1.650000, 0.250000, -5.121205
1.700000, 0.250000, -4.927959
1.750000, 0.250000, -4.569256
1.800000, 0.250000, -4.203699
1.850000, 0.250000, -3.989979
1.900000, 0.250000, -4.026271
1.950000, 0.250000, -4.312777
2.000000, 0.250000, -4.751710
0.000000, 0.300000, 0.140853
0.050000, 0.300000, -0.506265
0.100000, 0.300000, -0.990929
0.150000, 0.300000, -1.214598
0.200000, 0.300000, -1.176815
0.250000, 0.300000, -0.975226
0.300000, 0.300000, -0.768146
0.350000, 0.300000, -0.713961
0.400000, 0.300000, -0.910544
0.450000, 0.300000, -1.357797
0.500000, 0.300000, -1.957656
0.550000, 0.300000, -2.551535
0.600000, 0.300000, -2.980924
0.650000, 0.300000, -3.147974
0.700000, 0.300000, -3.052936
0.750000, 0.300000, -2.794142
0.800000, 0.300000, -2.530531
0.850000, 0.300000, -2.421022
0.900000, 0.300000, -2.563899
0.950000, 0.300000, -2.959335
1.000000, 0.300000, -3.509377
1.050000, 0.300000, -4.055397
1.100000, 0.300000, -4.438680
1.150000, 0.300000, -4.561034
1.200000, 0.300000, -4.422245
1.250000, 0.300000, -4.120086
1.300000, 0.300000, -3.812877
1.350000, 0.300000, -3.658894
1.400000, 0.300000, -3.755791
1.450000, 0.300000, -4.103165
1.500000, 0.300000, -4.602571
1.550000, 0.300000, -5.095003
1.600000, 0.300000, -5.421512
1.650000, 0.300000, -5.483823
1.700000, 0.300000, -5.281802
1.750000, 0.300000, -4.913465
1.800000, 0.300000, -4.537520
1.850000, 0.300000, -4.312768
1.900000, 0.300000, -4.337493
1.950000, 0.300000, -4.611990
2.000000, 0.300000, -5.038556
0.000000, 0.350000, 0.055381
0.050000, 0.350000, -0.604967
0.100000, 0.350000, -1.102425
0.150000, 0.350000, -1.338410
0.200000, 0.350000, -1.312442
0.250000, 0.350000, -1.122162
0.300000, 0.350000, -0.925890
0.350000, 0.350000, -0.882034
0.400000, 0.350000, -1.088488
0.450000, 0.350000, -1.545181
0.500000, 0.350000, -2.154070
0.550000, 0.350000, -2.756584
0.600000, 0.350000, -3.194216
0.650000, 0.350000, -3.369107
0.700000, 0.350000, -3.281482
0.750000, 0.350000, -3.029628
0.800000, 0.350000, -2.772423
0.850000, 0.350000, -2.668714
0.900000, 0.350000, -2.816695
0.950000, 0.350000, -3.216439
1.000000, 0.350000, -3.769892
1.050000, 0.350000, -4.318318
1.100000, 0.350000, -4.702904
1.150000, 0.350000, -4.825366
1.200000, 0.350000, -4.685410
1.250000, 0.350000, -4.380749
1.300000, 0.350000, -4.069662
1.350000, 0.350000, -3.910411
1.400000, 0.350000, -4.000659
1.450000, 0.350000, -4.340036
1.500000, 0.350000, -4.830158
1.550000, 0.350000, -5.312102
1.600000, 0.350000, -5.627021
1.650000, 0.350000, -5.676759
1.700000, 0.350000, -5.461311
1.750000, 0.350000, -5.078831
1.800000, 0.350000, -4.688167
1.850000, 0.350000, -4.448255
1.900000, 0.350000, -4.457507
1.950000, 0.350000, -4.716337
2.000000, 0.350000, -5.127145
0.000000, 0.400000, 0.065653
0.050000, 0.400000, -0.607556
0.100000, 0.400000, -1.117443
0.150000, 0.400000, -1.365378
0.200000, 0.400000, -1.350853
0.250000, 0.400000, -1.171494
0.300000, 0.400000, -0.985618
0.350000, 0.400000, -0.951633
0.400000, 0.400000, -1.167440
0.450000, 0.400000, -1.632970
0.500000, 0.400000, -2.250177
0.550000, 0.400000, -2.860478
0.600000, 0.400000, -3.305342
0.650000, 0.400000, -3.486870
0.700000, 0.400000, -3.405234
0.750000, 0.400000, -3.158655
0.800000, 0.400000, -2.905929
0.850000, 0.400000, -2.805812
0.900000, 0.400000, -2.956400
0.950000, 0.400000, -3.357666
1.000000, 0.400000, -3.911456
1.050000, 0.400000, -4.458941
1.100000, 0.400000, -4.841228
1.150000, 0.400000, -4.959968
1.200000, 0.400000, -4.814822
1.250000, 0.400000, -4.503484
1.300000, 0.400000, -4.184237
1.350000, 0.400000, -4.015378
1.400000, 0.400000, -4.094632
1.450000, 0.400000, -4.421717
1.500000, 0.400000, -4.898364
1.550000, 0.400000, -5.365783
1.600000, 0.400000, -5.665282
1.650000, 0.400000, -5.698872
1.700000, 0.400000, -5.466724
1.750000, 0.400000, -5.067167
1.800000, 0.400000, -4.659228
1.850000, 0.400000, -4.402011
1.900000, 0.400000, -4.394087
1.950000, 0.400000, -4.636012
2.000000, 0.400000, -5.030313
0.000000, 0.450000, 0.155818
0.050000, 0.450000, -0.529907
0.100000, 0.450000, -1.051899
0.150000, 0.450000, -1.311471
0.200000, 0.450000, -1.308073
0.250000, 0.450000, -1.139300
0.300000, 0.450000, -0.963446
0.350000, 0.450000, -0.938901
0.400000, 0.450000, -1.163544
0.450000, 0.450000, -1.637285
0.500000, 0.450000, -2.262044
0.550000, 0.450000, -2.879198
0.600000, 0.450000, -3.330163
0.650000, 0.450000, -3.516977
0.700000, 0.450000, -3.439735
0.750000, 0.450000, -3.196572
0.800000, 0.450000, -2.946194
0.850000, 0.450000, -2.847259
0.900000, 0.450000, -2.997768
0.950000, 0.450000, -3.397604
1.000000, 0.450000, -3.948532
1.050000, 0.450000, -4.491661
1.100000, 0.450000, -4.868051
1.150000, 0.450000, -4.979332
1.200000, 0.450000, -4.825172
1.250000, 0.450000, -4.503300
1.300000, 0.450000, -4.172066
1.350000, 0.450000, -3.989863
1.400000, 0.450000, -4.054543
1.450000, 0.450000, -4.365976
1.500000, 0.450000, -4.826072
1.550000, 0.450000, -5.276238
1.600000, 0.450000, -5.557993
1.650000, 0.450000, -5.573567
1.700000, 0.450000, -5.323356
1.750000, 0.450000, -4.905910
1.800000, 0.450000, -4.480470
1.850000, 0.450000, -4.206344
1.900000, 0.450000, -4.182287
1.950000, 0.450000, -4.409025
2.000000, 0.450000, -4.789233
0.000000, 0.500000, 0.293997
0.050000, 0.500000, -0.403947
0.100000, 0.500000, -0.937779
0.150000, 0.500000, -1.208738
0.200000, 0.500000, -1.216214
0.250000, 0.500000, -1.057748
0.300000, 0.500000, -0.891586
0.350000, 0.500000, -0.876071
0.400000, 0.500000, -1.109033
0.450000, 0.500000, -1.590325
0.500000, 0.500000, -2.221809
0.550000, 0.500000, -2.844792
0.600000, 0.500000, -3.300611
0.650000, 0.500000, -3.491218
0.700000, 0.500000, -3.416619
0.750000, 0.500000, -3.174855
0.800000, 0.500000, -2.924537
0.850000, 0.500000, -2.824237
0.900000, 0.500000, -2.971878
0.950000, 0.500000, -3.367278
1.000000, 0.500000, -3.912161
1.050000, 0.500000, -4.447613
1.100000, 0.500000, -4.814705
1.150000, 0.500000, -4.915104
1.200000, 0.500000, -4.748553
1.250000, 0.500000, -4.412884
1.300000, 0.500000, -4.066589
1.350000, 0.500000, -3.868232
1.400000, 0.500000, -3.915865
1.450000, 0.500000, -4.209586
1.500000, 0.500000, -4.651550
1.550000, 0.500000, -5.083425
1.600000, 0.500000, -5.347000
1.650000, 0.500000, -5.344778
1.700000, 0.500000, -5.077424
1.750000, 0.500000, -4.643748
1.800000, 0.500000, -4.203235
1.850000, 0.500000, -3.915418
1.900000, 0.500000, -3.879258
1.950000, 0.500000, -4.095659
2.000000, 0.500000, -4.467448
0.000000, 0.550000, 0.439282
0.050000, 0.550000, -0.270646
0.100000, 0.550000, -0.816122
0.150000, 0.550000, -1.098293
0.200000, 0.550000, -1.116458
0.250000, 0.550000, -0.968077
0.300000, 0.550000, -0.811315
0.350000, 0.550000, -0.804435
0.400000, 0.550000, -1.045184
0.450000, 0.550000, -1.533329
0.500000, 0.550000, -2.170641
0.550000, 0.550000, -2.798332
0.600000, 0.550000, -3.257641
0.650000, 0.550000, -3.450422
0.700000, 0.550000, -3.376583
0.750000, 0.550000, -3.134076
0.800000, 0.550000, -2.881432
0.850000, 0.550000, -2.777160
0.900000, 0.550000, -2.919135
0.950000, 0.550000, -3.307161
1.000000, 0.550000, -3.842967
1.050000, 0.550000, -4.367686
1.100000, 0.550000, -4.722464
1.150000, 0.550000, -4.809085
1.200000, 0.550000, -4.627444
1.250000, 0.550000, -4.275561
1.300000, 0.550000, -3.912153
1.350000, 0.550000, -3.696036
1.400000, 0.550000, -3.725542
1.450000, 0.550000, -4.001069
1.500000, 0.550000, -4.425086
1.550000, 0.550000, -4.839584
1.600000, 0.550000, -5.086671
1.650000, 0.550000, -5.069165
1.700000, 0.550000, -4.788033
1.750000, 0.550000, -4.342364
1.800000, 0.550000, -3.891901
1.850000, 0.550000, -3.596405
1.900000, 0.550000, -3.555031
1.950000, 0.550000, -3.768845
2.000000, 0.550000, -4.140802
0.000000, 0.600000, 0.550701
0.050000, 0.600000, -0.171047
0.100000, 0.600000, -0.728053
0.150000, 0.600000, -1.021336
0.200000, 0.600000, -1.050074
0.250000, 0.600000, -0.911606
0.300000, 0.600000, -0.763982
0.350000, 0.600000, -0.765345
0.400000, 0.600000, -1.013325
0.450000, 0.600000, -1.507572
0.500000, 0.600000, -2.149738
0.550000, 0.600000, -2.780919
0.600000, 0.600000, -3.242244
0.650000, 0.600000, -3.435465
0.700000, 0.600000, -3.360401
0.750000, 0.600000, -3.114930
0.800000, 0.600000, -2.857536
0.850000, 0.600000, -2.746700
0.900000, 0.600000, -2.880309
0.950000, 0.600000, -3.258206
1.000000, 0.600000, -3.782204
1.050000, 0.600000, -4.293556
1.100000, 0.600000, -4.633571
1.150000, 0.600000, -4.704238
1.200000, 0.600000, -4.505694
1.250000, 0.600000, -4.136240
1.300000, 0.600000, -3.754901
1.350000, 0.600000, -3.520833
1.400000, 0.600000, -3.532722
1.450000, 0.600000, -3.791335
1.500000, 0.600000, -4.199511
1.550000, 0.600000, -4.599607
1.600000, 0.600000, -4.834087
1.650000, 0.600000, -4.806104
1.700000, 0.600000, -4.516929
1.750000, 0.600000, -4.065928
1.800000, 0.600000, -3.613078
1.850000, 0.600000, -3.318333
1.900000, 0.600000, -3.280997
1.950000, 0.600000, -3.502240
2.000000, 0.600000, -3.885076
0.000000, 0.650000, 0.596192
0.050000, 0.650000, -0.137297
0.100000, 0.650000, -0.705802
0.150000, 0.650000, -1.010176
0.200000, 0.650000, -1.049431
0.250000, 0.650000, -0.920748
0.300000, 0.650000, -0.782015
0.350000, 0.650000, -0.791219
0.400000, 0.650000, -1.045837
0.450000, 0.650000, -1.545369
0.500000, 0.650000, -2.191328
0.550000, 0.650000, -2.824683
0.600000, 0.650000, -3.286448
0.650000, 0.650000, -3.478283
0.700000, 0.650000, -3.399939
0.750000, 0.650000, -3.149256
0.800000, 0.650000, -2.884714
0.850000, 0.650000, -2.764828
0.900000, 0.650000, -2.887564
0.950000, 0.650000, -3.252886
1.000000, 0.650000, -3.762776
1.050000, 0.650000, -4.258702
1.100000, 0.650000, -4.582232
1.150000, 0.650000, -4.635657
1.200000, 0.650000, -4.419453
1.250000, 0.650000, -4.032292
1.300000, 0.650000, -3.633595
1.350000, 0.650000, -3.382930
1.400000, 0.650000, -3.379404
1.450000, 0.650000, -3.624201
1.500000, 0.650000, -4.020568
1.550000, 0.650000, -4.411250
1.600000, 0.650000, -4.639066
1.650000, 0.650000, -4.607490
1.700000, 0.650000, -4.318069
1.750000, 0.650000, -3.870393
1.800000, 0.650000, -3.424608
1.850000, 0.650000, -3.140781
1.900000, 0.650000, -3.118269
1.950000, 0.650000, -3.358236
2.000000, 0.650000, -3.763631
0.000000, 0.700000, 0.559612
0.050000, 0.700000, -0.185625
0.100000, 0.700000, -0.765681
0.150000, 0.700000, -1.081194
0.200000, 0.700000, -1.130966
0.250000, 0.700000, -1.011967
0.300000, 0.700000, -0.881880
0.350000, 0.700000, -0.898496
0.400000, 0.700000, -1.159104
0.450000, 0.700000, -1.663030
0.500000, 0.700000, -2.311633
0.550000, 0.700000, -2.945747
0.600000, 0.700000, -3.406287
0.650000, 0.700000, -3.594842
0.700000, 0.700000, -3.511133
0.750000, 0.700000, -3.253014
0.800000, 0.700000, -2.979024
0.850000, 0.700000, -2.847792
0.900000, 0.700000, -2.957446
0.950000, 0.700000, -3.308169
1.000000, 0.700000, -3.802212
1.050000, 0.700000, -4.281360
1.100000, 0.700000, -4.587546
1.150000, 0.700000, -4.623461
1.200000, 0.700000, -4.390016
1.250000, 0.700000, -3.986339
1.300000, 0.700000, -3.572319
1.350000, 0.700000, -3.307995
1.400000, 0.700000, -3.292936
1.450000, 0.700000, -3.528768
1.500000, 0.700000, -3.919148
1.550000, 0.700000, -4.307190
1.600000, 0.700000, -4.536033
1.650000, 0.700000, -4.509409
1.700000, 0.700000, -4.229059
1.750000, 0.700000, -3.794699
1.800000, 0.700000, -3.366523
1.850000, 0.700000, -3.104577
1.900000, 0.700000, -3.108116
1.950000, 0.700000, -3.378136
2.000000, 0.700000, -3.817347
0.000000, 0.750000, 0.444272
0.050000, 0.750000, -0.312808
0.100000, 0.750000, -0.904543
0.150000, 0.750000, -1.231305
0.200000, 0.750000, -1.291630
0.250000, 0.750000, -1.182228
0.300000, 0.750000, -1.060528
0.350000, 0.750000, -1.084084
0.400000, 0.750000, -1.349967
0.450000, 0.750000, -1.857310
0.500000, 0.750000, -2.507310
0.550000, 0.750000, -3.140682
0.600000, 0.750000, -3.598259
0.650000, 0.750000, -3.781602
0.700000, 0.750000, -3.690456
0.750000, 0.750000, -3.422758
0.800000, 0.750000, -3.137192
0.850000, 0.750000, -2.992593
0.900000, 0.750000, -3.087353
0.950000, 0.750000, -3.421981
1.000000, 0.750000, -3.899107
1.050000, 0.750000, -4.360943
1.100000, 0.750000, -4.649890
1.150000, 0.750000, -4.669138
1.200000, 0.750000, -4.420114
1.250000, 0.750000, -4.002471
1.300000, 0.750000, -3.576619
1.350000, 0.750000, -3.303099
1.400000, 0.750000, -3.281948
1.450000, 0.750000, -3.515219
1.500000, 0.750000, -3.906939
1.550000, 0.750000, -4.300526
1.600000, 0.750000, -4.539345
1.650000, 0.750000, -4.527274
1.700000, 0.750000, -4.266112
1.750000, 0.750000, -3.855538
1.800000, 0.750000, -3.455625
1.850000, 0.750000, -3.226199
1.900000, 0.750000, -3.266217
1.950000, 0.750000, -3.576291
2.000000, 0.750000, -4.058673
0.000000, 0.800000, 0.272209
0.050000, 0.800000, -0.496887
0.100000, 0.800000, -1.100498
0.150000, 0.800000, -1.438667
0.200000, 0.800000, -1.509605
0.250000, 0.800000, -1.409705
0.300000, 0.800000, -1.296099
0.350000, 0.800000, -1.326062
0.400000, 0.800000, -1.596423
0.450000, 0.800000, -2.106114
0.500000, 0.800000, -2.756175
0.550000, 0.800000, -3.387221
0.600000, 0.800000, -3.840047
0.650000, 0.800000, -4.016241
0.700000, 0.800000, -3.915647
0.750000, 0.800000, -3.636374
0.800000, 0.800000, -3.337348
0.850000, 0.800000, -3.177716
0.900000, 0.800000, -3.256254
0.950000, 0.800000, -3.573912
1.000000, 0.800000, -4.033812
1.050000, 0.800000, -4.478702
1.100000, 0.800000, -4.751548
1.150000, 0.800000, -4.756119
1.200000, 0.800000, -4.494426
1.250000, 0.800000, -4.066692
1.300000, 0.800000, -3.633863
1.350000, 0.800000, -3.356974
1.400000, 0.800000, -3.336498
1.450000, 0.800000, -3.574848
1.500000, 0.800000, -3.976326
1.550000, 0.800000, -4.384531
1.600000, 0.800000, -4.642909
1.650000, 0.800000, -4.655309
1.700000, 0.800000, -4.423390
1.750000, 0.800000, -4.046586
1.800000, 0.800000, -3.684615
1.850000, 0.800000, -3.496854
1.900000, 0.800000, -3.581713
1.950000, 0.800000, -3.939178
2.000000, 0.800000, -4.470808
0.000000, 0.850000, 0.079368
0.050000, 0.850000, -0.701989
0.100000, 0.850000, -1.317724
0.150000, 0.850000, -1.667487
0.200000, 0.850000, -1.749101
0.250000, 0.850000, -1.658585
0.300000, 0.850000, -1.552724
0.350000, 0.850000, -1.588487
0.400000, 0.850000, -1.862441
0.450000, 0.850000, -2.373313
0.500000, 0.850000, -3.022009
0.550000, 0.850000, -3.649082
0.600000, 0.850000, -4.095345
0.650000, 0.850000, -4.262490
0.700000, 0.850000, -4.150550
0.750000, 0.850000, -3.857909
0.800000, 0.850000, -3.543850
0.850000, 0.850000, -3.367958
0.900000, 0.850000, -3.429511
0.950000, 0.850000, -3.730019
1.000000, 0.850000, -4.173210
1.050000, 0.850000, -4.602467
1.100000, 0.850000, -4.861403
1.150000, 0.850000, -4.854428
1.200000, 0.850000, -4.584172
1.250000, 0.850000, -4.151431
1.300000, 0.850000, -3.717669
1.350000, 0.850000, -3.444356
1.400000, 0.850000, -3.432312
1.450000, 0.850000, -3.684187
1.500000, 0.850000, -4.104409
1.550000, 0.850000, -4.536575
1.600000, 0.850000, -4.824002
1.650000, 0.850000, -4.870279
1.700000, 0.850000, -4.676683
1.750000, 0.850000, -4.342141
1.800000, 0.850000, -4.025756
1.850000, 0.850000, -3.886184
1.900000, 0.850000, -4.021037
1.950000, 0.850000, -4.429429
2.000000, 0.850000, -5.012003
0.000000, 0.900000, -0.092262
0.050000, 0.900000, -0.886180
0.100000, 0.900000, -1.514325
0.150000, 0.900000, -1.875881
0.200000, 0.900000, -1.968216
0.250000, 0.900000, -1.886920
0.300000, 0.900000, -1.788389
0.350000, 0.900000, -1.829256
0.400000, 0.900000, -2.105816
0.450000, 0.900000, -2.616610
0.500000, 0.900000, -3.262438
0.550000, 0.900000, -3.883846
0.600000, 0.900000, -4.321742
0.650000, 0.900000, -4.478013
0.700000, 0.900000, -4.352992
0.750000, 0.900000, -4.045457
0.800000, 0.900000, -3.715177
0.850000, 0.900000, -3.522299
0.900000, 0.900000, -3.566732
0.950000, 0.900000, -3.850663
1.000000, 0.900000, -4.278528
1.050000, 0.900000, -4.694427
1.100000, 0.900000, -4.942677
1.150000, 0.900000, -4.928361
1.200000, 0.900000, -4.654720
1.250000, 0.900000, -4.223089
1.300000, 0.900000, -3.795372
1.350000, 0.900000, -3.533364
1.400000, 0.900000, -3.538081
1.450000, 0.900000, -3.812231
1.500000, 0.900000, -4.260152
1.550000, 0.900000, -4.725200
1.600000, 0.900000, -5.050302
1.650000, 0.900000, -5.138514
1.700000, 0.900000, -4.990443
1.750000, 0.900000, -4.704228
1.800000, 0.900000, -4.438074
1.850000, 0.900000, -4.349662
1.900000, 0.900000, -4.535563
1.950000, 0.900000, -4.993815
2.000000, 0.900000, -5.623975
0.000000, 0.950000, -0.203845
0.050000, 0.950000, -1.010665
0.100000, 0.950000, -1.651522
0.150000, 0.950000, -2.025060
0.200000, 0.950000, -2.128125
0.250000, 0.950000, -2.055823
0.300000, 0.950000, -1.964121
0.350000, 0.950000, -2.009295
0.400000, 0.950000, -2.287378
0.450000, 0.950000, -2.796741
0.500000, 0.950000, -3.438134
0.550000, 0.950000, -4.052167
0.600000, 0.950000, -4.479934
0.650000, 0.950000, -4.623631
0.700000, 0.950000, -4.484011
0.750000, 0.950000, -4.160381
0.800000, 0.950000, -3.813130
0.850000, 0.950000, -3.603103
0.900000, 0.950000, -3.630959
0.950000, 0.950000, -3.899670
1.000000, 0.950000, -4.314465
1.050000, 0.950000, -4.720218
1.100000, 0.950000, -4.961975
1.150000, 0.950000, -4.945479
1.200000, 0.950000, -4.674532
1.250000, 0.950000, -4.250914
1.300000, 0.950000, -3.836836
1.350000, 0.950000, -3.594246
1.400000, 0.950000, -3.624146
1.450000, 0.950000, -3.929062
1.500000, 0.950000, -4.412970
1.550000, 0.950000, -4.918699
1.600000, 0.950000, -5.288485
1.650000, 0.950000, -5.424546
1.700000, 0.950000, -5.326523
1.750000, 0.950000, -5.091481
1.800000, 0.950000, -4.876477
1.850000, 0.950000, -4.837991
1.900000, 0.950000, -5.071376
1.950000, 0.950000, -5.573470
2.000000, 0.950000, -6.242676
0.000000, 1.000000, -0.228213
0.050000, 1.000000, -1.048294
0.100000, 1.000000, -1.702161
0.150000, 1.000000, -2.087841
0.200000, 1.000000, -2.201589
0.250000, 1.000000, -2.137976
0.300000, 1.000000, -2.052506
0.350000, 1.000000, -2.101091
0.400000, 1.000000, -2.379510
0.450000, 1.000000, -2.886012
0.500000, 1.000000, -3.521359
0.550000, 1.000000, -4.126316
0.600000, 1.000000, -4.542275
0.650000, 1.000000, -4.671864
0.700000, 1.000000, -4.516396
0.750000, 1.000000, -4.175849
0.800000, 1.000000, -3.811372
0.850000, 1.000000, -3.584636
0.900000, 1.000000, -3.597166
0.950000, 1.000000, -3.852807
1.000000, 1.000000, -4.257640
1.050000, 1.000000, -4.657336
1.100000, 1.000000, -4.897651
1.150000, 1.000000, -4.884926
1.200000, 1.000000, -4.623420
1.250000, 1.000000, -4.215206
1.300000, 1.000000, -3.822605
1.350000, 1.000000, -3.607486
1.400000, 1.000000, -3.670570
1.450000, 1.000000, -4.013902
1.500000, 1.000000, -4.540789
1.550000, 1.000000, -5.093208
1.600000, 1.000000, -5.512386
1.650000, 1.000000, -5.699397
1.700000, 1.000000, -5.652636
1.750000, 1.000000, -5.467852
1.800000, 1.000000, -5.300754
1.850000, 1.000000, -5.306484
1.900000, 1.000000, -5.579104
1.950000, 1.000000, -6.114251
2.000000, 1.000000, -6.809251
0.000000, 1.050000, -0.155844
0.050000, 1.050000, -0.989547
0.100000, 1.050000, -1.656699
0.150000, 1.050000, -2.054630
0.200000, 1.050000, -2.178943
0.250000, 1.050000, -2.123620
0.300000, 1.050000, -2.043682
0.350000, 1.050000, -2.094674
0.400000, 1.050000, -2.372153
0.450000, 1.050000, -2.874298
0.500000, 1.050000, -3.501968
0.550000, 1.050000, -4.096192
0.600000, 1.050000, -4.498783
0.650000, 1.050000, -4.612946
0.700000, 1.050000, -4.440701
0.750000, 1.050000, -4.082842
0.800000, 1.050000, -3.701419
0.850000, 1.050000, -3.459051
0.900000, 1.050000, -3.458222
0.950000, 1.050000, -3.703717
1.000000, 1.050000, -4.102493
1.050000, 1.050000, -4.500995
1.100000, 1.050000, -4.745628
1.150000, 1.050000, -4.743207
1.200000, 1.050000, -4.498285
1.250000, 1.050000, -4.113012
1.300000, 1.050000, -3.749565
1.350000, 1.050000, -3.569442
1.400000, 1.050000, -3.672766
1.450000, 1.050000, -4.060768
1.500000, 1.050000, -4.635744
1.550000, 1.050000, -5.238491
1.600000, 1.050000, -5.708917
1.650000, 1.050000, -5.946680
1.700000, 1.050000, -5.948700
1.750000, 1.050000, -5.809246
1.800000, 1.050000, -5.682584
1.850000, 1.050000, -5.722501
1.900000, 1.050000, -6.021841
1.950000, 1.050000, -6.575202
2.000000, 1.050000, -7.279089
0.000000, 1.100000, 0.002999
0.050000, 1.100000, -0.844664
0.100000, 1.100000, -1.525331
0.150000, 1.100000, -1.935559
0.200000, 1.100000, -2.070230
0.250000, 1.100000, -2.022701
0.300000, 1.100000, -1.947488
0.350000, 1.100000, -1.999783
0.400000, 1.100000, -2.274963
0.450000, 1.100000, -2.771211
0.500000, 1.100000, -3.389583
0.550000, 1.100000, -3.971493
0.600000, 1.100000, -4.359322
0.650000, 1.100000, -4.456999
0.700000, 1.100000, -4.267410
0.750000, 1.100000, -3.892312
0.800000, 1.100000, -3.494788
0.850000, 1.100000, -3.238509
0.900000, 1.100000, -3.226995
0.950000, 1.100000, -3.465998
1.000000, 1.100000, -3.863331
1.050000, 1.100000, -4.266151
1.100000, 1.100000, -4.521377
1.150000, 1.100000, -4.536131
1.200000, 1.100000, -4.315022
1.250000, 1.100000, -3.960008
1.300000, 1.100000, -3.632811
1.350000, 1.100000, -3.494217
1.400000, 1.100000, -3.643398
1.450000, 1.100000, -4.080419
1.500000, 1.100000, -4.706224
1.550000, 1.100000, -5.360119
1.600000, 1.100000, -5.880429
1.650000, 1.100000, -6.165189
1.700000, 1.100000, -6.209714
1.750000, 1.100000, -6.106742
1.800000, 1.100000, -6.009145
1.850000, 1.100000, -6.069500
1.900000, 1.100000, -6.379681
1.950000, 1.100000, -6.933592
2.000000, 1.100000, -7.627364
0.000000, 1.150000, 0.220448
0.050000, 1.150000, -0.641472
0.100000, 1.150000, -1.335826
0.150000, 1.150000, -1.758315
0.200000, 1.150000, -1.903044
0.250000, 1.150000, -1.862706
0.300000, 1.150000, -1.791306
0.350000, 1.150000, -1.843709
0.400000, 1.150000, -2.115166
0.450000, 1.150000, -2.603956
0.500000, 1.150000, -3.211446
0.550000, 1.150000, -3.779578
0.600000, 1.150000, -4.151453
0.650000, 1.150000, -4.231888
0.700000, 1.150000, -4.024789
0.750000, 1.150000, -3.633024
0.800000, 1.150000, -3.220823
0.850000, 1.150000, -2.952998
0.900000, 1.150000, -2.934143
0.950000, 1.150000, -3.170965
1.000000, 1.150000, -3.572070
1.050000, 1.150000, -3.985194
1.100000, 1.150000, -4.257595
1.150000, 1.150000, -4.296452
1.200000, 1.150000, -4.106149
1.250000, 1.150000, -3.788119
1.300000, 1.150000, -3.503271
1.350000, 1.150000, -3.411311
1.400000, 1.150000, -3.610090
1.450000, 1.150000, -4.098157
1.500000, 1.150000, -4.774797
1.550000, 1.150000, -5.477567
1.600000, 1.150000, -6.043025
1.650000, 1.150000, -6.367483
1.700000, 1.150000, -6.444652
1.750000, 1.150000, -6.365848
1.800000, 1.150000, -6.282763
1.850000, 1.150000, -6.347095
1.900000, 1.150000, -6.650184
1.950000, 1.150000, -7.185780
2.000000, 1.150000, -7.850257
0.000000, 1.200000, 0.457046
0.050000, 1.200000, -0.419372
0.100000, 1.200000, -1.127507
0.150000, 1.200000, -1.562133
0.200000, 1.200000, -1.716519
0.250000, 1.200000, -1.682665
0.300000, 1.200000, -1.614069
0.350000, 1.200000, -1.665305
0.400000, 1.200000, -1.931572
0.450000, 1.200000, -2.411348
0.500000, 1.200000, -3.006447
0.550000, 1.200000, -3.559488
0.600000, 1.200000, -3.914460
0.650000, 1.200000, -3.977236
0.700000, 1.200000, -3.752896
0.750000, 1.200000, -3.345551
0.800000, 1.200000, -2.920682
0.850000, 1.200000, -2.644294
0.900000, 1.200000, -2.622054
0.950000, 1.200000, -2.861570
1.000000, 1.200000, -3.272116
1.050000, 1.200000, -3.701824
1.100000, 1.200000, -3.998038
1.150000, 1.200000, -4.067701
1.200000, 1.200000, -3.914623
1.250000, 1.200000, -3.639339
1.300000, 1.200000, -3.401561
1.350000, 1.200000, -3.359528
1.400000, 1.200000, -3.609416
1.450000, 1.200000, -4.147944
1.500000, 1.200000, -4.872487
1.550000, 1.200000, -5.618692
1.600000, 1.200000, -6.221279
1.650000, 1.200000, -6.574886
1.700000, 1.200000, -6.671782
1.750000, 1.200000, -6.602146
1.800000, 1.200000, -6.516899
1.850000, 1.200000, -6.567380
1.900000, 1.200000, -6.845016
1.950000, 1.200000, -7.344101
2.000000, 1.200000, -7.962012
0.000000, 1.250000, 0.670300
0.050000, 1.250000, -0.220785
0.100000, 1.250000, -0.942714
0.150000, 1.250000, -1.389256
0.200000, 1.250000, -1.552796
0.250000, 1.250000, -1.524621
0.300000, 1.250000, -1.457734
0.350000, 1.250000, -1.506467
0.400000, 1.250000, -1.766057
0.450000, 1.250000, -2.235299
0.500000, 1.250000, -2.816601
0.550000, 1.250000, -3.353429
0.600000, 1.250000, -3.690829
0.650000, 1.250000, -3.735898
0.700000, 1.250000, -3.495042
0.750000, 1.250000, -3.073732
0.800000, 1.250000, -2.638771
0.850000, 1.250000, -2.357376
0.900000, 1.250000, -2.336247
0.950000, 1.250000, -2.583776
1.000000, 1.250000, -3.009725
1.050000, 1.250000, -3.462374
1.100000, 1.250000, -3.788847
1.150000, 1.250000, -3.895494
1.200000, 1.250000, -3.785163
1.250000, 1.250000, -3.557088
1.300000, 1.250000, -3.369385
1.350000, 1.250000, -3.378460
1.400000, 1.250000, -3.678493
1.450000, 1.250000, -4.264132
1.500000, 1.250000, -5.030690
1.550000, 1.250000, -5.811863
1.600000, 1.250000, -6.440622
1.650000, 1.250000, -6.810144
1.700000, 1.250000, -6.911606
1.750000, 1.250000, -6.834527
1.800000, 1.250000, -6.729653
1.850000, 1.250000, -6.748661
1.900000, 1.250000, -6.983830
1.950000, 1.250000, -7.430818
2.000000, 1.250000, -7.988831
0.000000, 1.300000, 0.823899
0.050000, 1.300000, -0.081941
0.100000, 1.300000, -0.817583
0.150000, 1.300000, -1.275727
0.200000, 1.300000, -1.447823
0.250000, 1.300000, -1.424433
0.300000, 1.300000, -1.358087
0.350000, 1.300000, -1.402943
0.400000, 1.300000, -1.654374
0.450000, 1.300000, -2.111628
0.500000, 1.300000, -2.677869
0.550000, 1.300000, -3.197583
0.600000, 1.300000, -3.517054
0.650000, 1.300000, -3.544765
0.700000, 1.300000, -3.288586
0.750000, 1.300000, -2.855444
0.800000, 1.300000, -2.413506
0.850000, 1.300000, -2.131177
0.900000, 1.300000, -2.116092
0.950000, 1.300000, -2.377261
1.000000, 1.300000, -2.824688
1.050000, 1.300000, -3.306491
1.100000, 1.300000, -3.669213
1.150000, 1.300000, -3.818209
1.200000, 1.300000, -3.754948
1.250000, 1.300000, -3.576948
1.300000, 1.300000, -3.440346
1.350000, 1.300000, -3.499388
1.400000, 1.300000, -3.846016
1.450000, 1.300000, -4.472662
1.500000, 1.300000, -5.272561
1.550000, 1.300000, -6.077574
1.600000, 1.300000, -6.719185
1.650000, 1.300000, -7.089513
1.700000, 1.300000, -7.179185
1.750000, 1.300000, -7.077724
1.800000, 1.300000, -6.936462
1.850000, 1.300000, -6.908237
1.900000, 1.300000, -7.087047
1.950000, 1.300000, -7.470762
2.000000, 1.300000, -7.961217
0.000000, 1.350000, 0.895603
0.050000, 1.350000, -0.024992
0.100000, 1.350000, -0.774179
0.150000, 1.350000, -1.243516
0.200000, 1.350000, -1.423483
0.250000, 1.350000, -1.403908
0.300000, 1.350000, -1.336887
0.350000, 1.350000, -1.376475
0.400000, 1.350000, -1.618297
0.450000, 1.350000, -2.062208
0.500000, 1.350000, -2.612295
0.550000, 1.350000, -3.114249
0.600000, 1.350000, -3.415768
0.650000, 1.350000, -3.426883
0.700000, 1.350000, -3.157044
0.750000, 1.350000, -2.714706
0.800000, 1.350000, -2.269399
0.850000, 1.350000, -1.990647
0.900000, 1.350000, -1.986867
0.950000, 1.350000, -2.267453
1.000000, 1.350000, -2.742350
1.050000, 1.350000, -3.259150
1.100000, 1.350000, -3.663402
1.150000, 1.350000, -3.859031
1.200000, 1.350000, -3.845697
1.250000, 1.350000, -3.718805
1.300000, 1.350000, -3.632171
1.350000, 1.350000, -3.737629
1.400000, 1.350000, -4.124742
1.450000, 1.350000, -4.783718
1.500000, 1.350000, -5.605859
1.550000, 1.350000, -6.421489
1.600000, 1.350000, -7.061052
1.650000, 1.350000, -7.416209
1.700000, 1.350000, -7.477757
1.750000, 1.350000, -7.336041
1.800000, 1.350000, -7.143855
1.850000, 1.350000, -7.056100
1.900000, 1.350000, -7.169356
1.950000, 1.350000, -7.484496
2.000000, 1.350000, -7.906649
0.000000, 1.400000, 0.882073
0.050000, 1.400000, -0.053190
0.100000, 1.400000, -0.815665
0.150000, 1.400000, -1.295705
0.200000, 1.400000, -1.482784
0.250000, 1.400000, -1.465999
0.300000, 1.400000, -1.397053
0.350000, 1.400000, -1.429992
0.400000, 1.400000, -1.660820
0.450000, 1.400000, -2.090156
0.500000, 1.400000, -2.623197
0.550000, 1.400000, -3.107024
0.600000, 1.400000, -3.390927
0.650000, 1.400000, -3.386625
0.700000, 1.400000, -3.105254
0.750000, 1.400000, -2.656824
0.800000, 1.400000, -2.212192
0.850000, 1.400000, -1.941872
0.900000, 1.400000, -1.954853
0.950000, 1.400000, -2.260622
1.000000, 1.400000, -2.768704
1.050000, 1.400000, -3.325742
1.100000, 1.400000, -3.775852
1.150000, 1.400000, -4.021080
1.200000, 1.400000, -4.058855
1.250000, 1.400000, -3.982108
1.300000, 1.400000, -3.942068
1.350000, 1.400000, -4.088011
1.400000, 1.400000, -4.507113
1.450000, 1.400000, -5.187519
1.500000, 1.400000, -6.018918
1.550000, 1.400000, -6.830584
1.600000, 1.400000, -7.452568
1.650000, 1.400000, -7.776843
1.700000, 1.400000, -7.795242
1.750000, 1.400000, -7.599856
1.800000, 1.400000, -7.345866
1.850000, 1.400000, -7.191114
1.900000, 1.400000, -7.235539
1.950000, 1.400000, -7.483633
2.000000, 1.400000, -7.844226
0.000000, 1.450000, 0.799596
0.050000, 1.450000, -0.150164
0.100000, 1.450000, -0.925591
0.150000, 1.450000, -1.415774
0.200000, 1.450000, -1.609149
0.250000, 1.450000, -1.594091
0.300000, 1.450000, -1.521967
0.350000, 1.450000, -1.546909
0.400000, 1.450000, -1.765446
0.450000, 1.450000, -2.179130
0.500000, 1.450000, -2.694459
0.550000, 1.450000, -3.160092
0.600000, 1.450000, -3.427080
0.650000, 1.450000, -3.408963
0.700000, 1.450000, -3.118627
0.750000, 1.450000, -2.667636
0.800000, 1.450000, -2.228083
0.850000, 1.450000, -1.971288
0.900000, 1.450000, -2.006544
0.950000, 1.450000, -2.343079
1.000000, 1.450000, -2.889577
1.050000, 1.450000, -3.491285
1.100000, 1.450000, -3.990413
1.150000, 1.450000, -4.286688
1.200000, 1.450000, -4.374923
1.250000, 1.450000, -4.345287
1.300000, 1.450000, -4.346254
1.350000, 1.450000, -4.524528
1.400000, 1.450000, -4.965060
1.450000, 1.450000, -5.654269
1.500000, 1.450000, -6.480743
1.550000, 1.450000, -7.273390
1.600000, 1.450000, -7.862679
1.650000, 1.450000, -8.141806
1.700000, 1.450000, -8.104603
1.750000, 1.450000, -7.845859
1.800000, 1.450000, -7.524032
1.850000, 1.450000, -7.300661
1.900000, 1.450000, -7.279614
1.950000, 1.450000, -7.469332
2.000000, 1.450000, -7.782396
0.000000, 1.500000, 0.680548
0.050000, 1.500000, -0.283461
0.100000, 1.500000, -1.071440
0.150000, 1.500000, -1.571154
0.200000, 1.500000, -1.769971
0.250000, 1.500000, -1.755563
0.300000, 1.500000, -1.679023
0.350000, 1.500000, -1.694681
0.400000, 1.500000, -1.899742
0.450000, 1.500000, -2.296876
0.500000, 1.500000, -2.794072
0.550000, 1.500000, -3.241759
0.600000, 1.500000, -3.492906
0.650000, 1.500000, -3.462980
0.700000, 1.500000, -3.166656
0.750000, 1.500000, -2.717006
0.800000, 1.500000, -2.287211
0.850000, 1.500000, -2.049160
0.900000, 1.500000, -2.112115
0.950000, 1.500000, -2.484637
1.000000, 1.500000, -3.074114
1.050000, 1.500000, -3.723912
1.100000, 1.500000, -4.273868
1.150000, 1.500000, -4.620977
1.200000, 1.500000, -4.757116
1.250000, 1.500000, -4.769495
1.300000, 1.500000, -4.803803
1.350000, 1.500000, -5.004319
1.400000, 1.500000, -5.454108
1.450000, 1.500000, -6.138393
1.500000, 1.500000, -6.945370
1.550000, 1.500000, -7.704424
1.600000, 1.500000, -8.247394
1.650000, 1.500000, -8.469697
1.700000, 1.500000, -8.368144
1.750000, 1.500000, -8.041120
1.800000, 1.500000, -7.651105
1.850000, 1.500000, -7.363865
1.900000, 1.500000, -7.287456
1.950000, 1.500000, -7.434215
2.000000, 1.500000, -7.720082
0.000000, 1.550000, 0.566362
0.050000, 1.550000, -0.411588
0.100000, 1.550000, -1.211669
0.150000, 1.550000, -1.720265
0.200000, 1.550000, -1.923654
0.250000, 1.550000, -1.908827
0.300000, 1.550000, -1.826673
0.350000, 1.550000, -1.831843
0.400000, 1.550000, -2.022379
0.450000, 1.550000, -2.402260
0.500000, 1.550000, -2.881165
0.550000, 1.550000, -3.311474
0.600000, 1.550000, -3.548220
0.650000, 1.550000, -3.508879
0.700000, 1.550000, -3.209916
0.750000, 1.550000, -2.765810
0.800000, 1.550000, -2.350634
0.850000, 1.550000, -2.136543
0.900000, 1.550000, -2.232380
0.950000, 1.550000, -2.645584
1.000000, 1.550000, -3.281750
1.050000, 1.550000, -3.981876
1.100000, 1.550000, -4.582981
1.150000, 1.550000, -4.978965
1.200000, 1.550000, -5.158538
1.250000, 1.550000, -5.205886
1.300000, 1.550000, -5.264034
1.350000, 1.550000, -5.475166
1.400000, 1.550000, -5.920992
1.450000, 1.550000, -6.586258
1.500000, 1.550000, -7.359642
1.550000, 1.550000, -8.071993
1.600000, 1.550000, -8.557548
1.650000, 1.550000, -8.714954
1.700000, 1.550000, -8.544917
1.750000, 1.550000, -8.150155
1.800000, 1.550000, -7.697672
1.850000, 1.550000, -7.357662
1.900000, 1.550000, -7.242226
1.950000, 1.550000, -7.367085
2.000000, 1.550000, -7.650663
0.000000, 1.600000, 0.498531
0.050000, 1.600000, -0.493004
0.100000, 1.600000, -1.304708
0.150000, 1.600000, -1.821523
0.200000, 1.600000, -2.028620
0.250000, 1.600000, -2.012331
0.300000, 1.600000, -1.923426
0.350000, 1.600000, -1.917006
0.400000, 1.600000, -2.092122
0.450000, 1.600000, -2.454258
0.500000, 1.600000, -2.914984
0.550000, 1.600000, -3.328805
0.600000, 1.600000, -3.552944
0.650000, 1.600000, -3.506940
0.700000, 1.600000, -3.209003
0.750000, 1.600000, -2.774873
0.800000, 1.600000, -2.379256
0.850000, 1.600000, -2.194214
0.900000, 1.600000, -2.327726
0.950000, 1.600000, -2.785613
1.000000, 1.600000, -3.471172
1.050000, 1.600000, -4.222546
1.100000, 1.600000, -4.873535
1.150000, 1.600000, -5.314667
1.200000, 1.600000, -5.531369
1.250000, 1.600000, -5.604889
1.300000, 1.600000, -5.675888
1.350000, 1.600000, -5.884973
1.400000, 1.600000, -6.313220
1.450000, 1.600000, -6.945790
1.500000, 1.600000, -7.672856
1.550000, 1.600000, -8.327792
1.600000, 1.600000, -8.748277
1.650000, 1.600000, -8.837124
1.700000, 1.600000, -8.599677
1.750000, 1.600000, -8.143476
1.800000, 1.600000, -7.640204
1.850000, 1.600000, -7.264265
1.900000, 1.600000, -7.131197
1.950000, 1.600000, -7.259115
2.000000, 1.600000, -7.567579
0.000000, 1.650000, 0.509614
0.050000, 1.650000, -0.495122
0.100000, 1.650000, -1.317959
0.150000, 1.650000, -1.842338
0.200000, 1.650000, -2.052303
0.250000, 1.650000, -2.033559
0.300000, 1.650000, -1.936845
0.350000, 1.650000, -1.917851
0.400000, 1.650000, -2.076820
0.450000, 1.650000, -2.420940
0.500000, 1.650000, -2.863869
0.550000, 1.650000, -3.262408
0.600000, 1.650000, -3.476068
0.650000, 1.650000, -3.426472
0.700000, 1.650000, -3.133487
0.750000, 1.650000, -2.713910
0.800000, 1.650000, -2.342763
0.850000, 1.650000, -2.191599
0.900000, 1.650000, -2.367046
0.950000, 1.650000, -2.872782
1.000000, 1.650000, -3.609291
1.050000, 1.650000, -4.411417
1.100000, 1.650000, -5.109403
1.150000, 1.650000, -5.590233
1.200000, 1.650000, -5.836084
1.250000, 1.650000, -5.925519
1.300000, 1.650000, -5.997324
1.350000, 1.650000, -6.191238
1.400000, 1.650000, -6.588602
1.450000, 1.650000, -7.176025
1.500000, 1.650000, -7.846266
1.550000, 1.650000, -8.436306
1.600000, 1.650000, -8.788231
1.650000, 1.650000, -8.809788
1.700000, 1.650000, -8.511445
1.750000, 1.650000, -8.005693
1.800000, 1.650000, -7.468626
1.850000, 1.650000, -7.078177
1.900000, 1.650000, -6.952226
1.950000, 1.650000, -7.109826
2.000000, 1.650000, -7.469936
0.000000, 1.700000, 0.616191
0.050000, 1.700000, -0.401356
0.100000, 1.700000, -1.234845
0.150000, 1.700000, -1.766160
0.200000, 1.700000, -1.978195
0.250000, 1.700000, -1.956070
0.300000, 1.700000, -1.850581
0.350000, 1.700000, -1.818161
0.400000, 1.700000, -1.960428
0.450000, 1.700000, -2.286486
0.500000, 1.700000, -2.712272
0.550000, 1.700000, -3.097031
0.600000, 1.700000, -3.302650
0.650000, 1.700000, -3.252807
0.700000, 1.700000, -2.968894
0.750000, 1.700000, -2.568504
0.800000, 1.700000, -2.226600
0.850000, 1.700000, -2.113759
0.900000, 1.700000, -2.334732
0.950000, 1.700000, -2.890515
1.000000, 1.700000, -3.678286
1.050000, 1.700000, -4.529194
1.100000, 1.700000, -5.269684
1.150000, 1.700000, -5.783158
1.200000, 1.700000, -6.048737
1.250000, 1.700000, -6.142737
1.300000, 1.700000, -6.202753
1.350000, 1.700000, -6.368542
1.400000, 1.700000, -6.722758
1.450000, 1.700000, -7.254579
1.500000, 1.700000, -7.860470
1.550000, 1.700000, -8.382025
1.600000, 1.700000, -8.666541
1.650000, 1.700000, -8.627202
1.700000, 1.700000, -8.279728
1.750000, 1.700000, -7.741269
1.800000, 1.700000, -7.191590
1.850000, 1.700000, -6.810982
1.900000, 1.700000, -6.718122
1.950000, 1.700000, -6.931168
2.000000, 1.700000, -7.366476
0.000000, 1.750000, 0.815310
0.050000, 1.750000, -0.214670
0.100000, 1.750000, -1.058362
0.150000, 1.750000, -1.596027
0.200000, 1.750000, -1.809397
0.250000, 1.750000, -1.783040
0.300000, 1.750000, -1.667916
0.350000, 1.750000, -1.621353
0.400000, 1.750000, -1.746545
0.450000, 1.750000, -2.054713
0.500000, 1.750000, -2.464269
0.550000, 1.750000, -2.837036
0.600000, 1.750000, -3.037322
0.650000, 1.750000, -2.990804
0.700000, 1.750000, -2.720206
0.750000, 1.750000, -2.343603
0.800000, 1.750000, -2.035469
0.850000, 1.750000, -1.964890
0.900000, 1.750000, -2.234189
0.950000, 1.750000, -2.841146
1.000000, 1.750000, -3.679175
1.050000, 1.750000, -4.575412
1.100000, 1.750000, -5.352385
1.150000, 1.750000, -5.890027
1.200000, 1.750000, -6.164774
1.250000, 1.750000, -6.251331
1.300000, 1.750000, -6.286965
1.350000, 1.750000, -6.412500
1.400000, 1.750000, -6.713045
1.450000, 1.750000, -7.181507
1.500000, 1.750000, -7.719118
1.550000, 1.750000, -8.172936
1.600000, 1.750000, -8.396013
1.650000, 1.750000, -8.307122
1.700000, 1.750000, -7.926942
1.750000, 1.750000, -7.376508
1.800000, 1.750000, -6.838036
1.850000, 1.750000, -6.492554
1.900000, 1.750000, -6.457627
1.950000, 1.750000, -6.748444
2.000000, 1.750000, -7.276684
0.000000, 1.800000, 1.085193
0.050000, 1.800000, 0.043123
0.100000, 1.800000, -0.810370
0.150000, 1.800000, -1.353863
0.200000, 1.800000, -1.567903
0.250000, 1.800000, -1.536551
0.300000, 1.800000, -1.411039
0.350000, 1.800000, -1.349757
0.400000, 1.800000, -1.457674
0.450000, 1.800000, -1.748341
0.500000, 1.800000, -2.142824
0.550000, 1.800000, -2.505641
0.600000, 1.800000, -2.703540
0.650000, 1.800000, -2.664087
0.700000, 1.800000, -2.411099
0.750000, 1.800000, -2.062758
0.800000, 1.800000, -1.792567
0.850000, 1.800000, -1.767573
0.900000, 1.800000, -2.087103
0.950000, 1.800000, -2.745210
1.000000, 1.800000, -3.631146
1.050000, 1.800000, -4.567818
1.100000, 1.800000, -5.373857
1.150000, 1.800000, -5.926010
1.200000, 1.800000, -6.198595
1.250000, 1.800000, -6.265526
1.300000, 1.800000, -6.264771
1.350000, 1.800000, -6.339382
1.400000, 1.800000, -6.578124
1.450000, 1.800000, -6.978749
1.500000, 1.800000, -7.448171
1.550000, 1.800000, -7.839522
1.600000, 1.800000, -8.011809
1.650000, 1.800000, -7.889124
1.700000, 1.800000, -7.496332
1.750000, 1.800000, -6.957104
1.800000, 1.800000, -6.454436
1.850000, 1.800000, -6.168116
1.900000, 1.800000, -6.212456
1.950000, 1.800000, -6.597554
2.000000, 1.800000, -7.228500
0.000000, 1.850000, 1.390035
0.050000, 1.850000, 0.336170
0.100000, 1.850000, -0.526787
0.150000, 1.850000, -1.075656
0.200000, 1.850000, -1.289780
0.250000, 1.850000, -1.252763
0.300000, 1.850000, -1.116220
0.350000, 1.850000, -1.039777
0.400000, 1.850000, -1.130389
0.450000, 1.850000, -1.404147
0.500000, 1.850000, -1.784940
0.550000, 1.850000, -2.140077
0.600000, 1.850000, -2.338727
0.650000, 1.850000, -2.310192
0.700000, 1.850000, -2.079084
0.750000, 1.850000, -1.763265
0.800000, 1.850000, -1.534738
0.850000, 1.850000, -1.557934
0.900000, 1.850000, -1.928624
0.950000, 1.850000, -2.636656
1.000000, 1.850000, -3.566808
1.050000, 1.850000, -4.537667
1.100000, 1.850000, -5.364144
1.150000, 1.850000, -5.920275
1.200000, 1.850000, -6.179008
1.250000, 1.850000, -6.214465
1.300000, 1.850000, -6.166478
1.350000, 1.850000, -6.181559
1.400000, 1.850000, -6.353304
1.450000, 1.850000, -6.685310
1.500000, 1.850000, -7.090864
1.550000, 1.850000, -7.429444
1.600000, 1.850000, -7.565803
1.650000, 1.850000, -7.428607
1.700000, 1.850000, -7.045655
1.750000, 1.850000, -6.541554
1.800000, 1.850000, -6.098048
1.850000, 1.850000, -5.891486
1.900000, 1.850000, -6.030750
1.950000, 1.850000, -6.518901
2.000000, 1.850000, -7.252935
0.000000, 1.900000, 1.687870
0.050000, 1.900000, 0.622437
0.100000, 1.900000, -0.249721
0.150000, 1.900000, -0.803593
0.200000, 1.900000, -1.017300
0.250000, 1.900000, -0.974035
0.300000, 1.900000, -0.825924
0.350000, 1.900000, -0.734010
0.400000, 1.900000, -0.807445
0.450000, 1.900000, -1.065070
0.500000, 1.900000, -1.433760
0.550000, 1.900000, -1.783683
0.600000, 1.900000, -1.986371
0.650000, 1.900000, -1.972660
0.700000, 1.900000, -1.767604
0.750000, 1.900000, -1.488263
0.800000, 1.900000, -1.304577
0.850000, 1.900000, -1.377766
0.900000, 1.900000, -1.799504
0.950000, 1.900000, -2.555022
1.000000, 1.900000, -3.524408
1.050000, 1.900000, -4.521988
1.100000, 1.900000, -5.359305
1.150000, 1.900000, -5.908344
1.200000, 1.900000, -6.141623
1.250000, 1.900000, -6.134614
1.300000, 1.900000, -6.030268
1.350000, 1.900000, -5.979795
1.400000, 1.900000, -6.082709
1.450000, 1.900000, -6.349243
1.500000, 1.900000, -6.699435
1.550000, 1.900000, -6.998987
1.600000, 1.900000, -7.117715
1.650000, 1.900000, -6.987636
1.700000, 1.900000, -6.637775
1.750000, 1.900000, -6.191608
1.800000, 1.900000, -5.827368
1.850000, 1.900000, -5.715730
1.900000, 1.900000, -5.958150
1.950000, 1.900000, -6.549132
2.000000, 1.900000, -7.376716
0.000000, 1.950000, 1.939759
0.050000, 1.950000, 0.862908
0.100000, 1.950000, -0.018270
0.150000, 1.950000, -0.576855
0.200000, 1.950000, -0.789724
0.250000, 1.950000, -0.739716
0.300000, 1.950000, -0.579596
0.350000, 1.950000, -0.472014
0.400000, 1.950000, -0.528544
0.450000, 1.950000, -0.770982
0.500000, 1.950000, -1.129335
0.550000, 1.950000, -1.476671
0.600000, 1.950000, -1.686789
0.650000, 1.950000, -1.691802
0.700000, 1.950000, -1.516798
0.750000, 1.950000, -1.277511
0.800000, 1.950000, -1.141216
0.850000, 1.950000, -1.265333
0.900000, 1.950000, -1.736931
0.950000, 1.950000, -2.536290
1.000000, 1.950000, -3.538729
1.050000, 1.950000, -4.554523
1.100000, 1.950000, -5.392390
1.150000, 1.950000, -5.923114
1.200000, 1.950000, -6.119883
1.250000, 1.950000, -6.060777
1.300000, 1.950000, -5.893157
1.350000, 1.950000, -5.774109
1.400000, 1.950000, -5.809977
1.450000, 1.950000, -6.018135
1.500000, 1.950000, -6.325369
1.550000, 1.950000, -6.603021
1.600000, 1.950000, -6.724807
1.650000, 1.950000, -6.624410
1.700000, 1.950000, -6.329996
1.750000, 1.950000, -5.961599
1.800000, 1.950000, -5.691640
1.850000, 1.950000, -5.683055
1.900000, 1.950000, -6.028307
1.950000, 1.950000, -6.712465
2.000000, 1.950000, -7.614607
0.000000, 2.000000, 2.118313
0.050000, 2.000000, 1.030108
0.100000, 2.000000, 0.140006
0.150000, 2.000000, -0.423080
0.200000, 2.000000, -0.634765
0.250000, 2.000000, -0.577592
0.300000, 2.000000, -0.405106
0.350000, 2.000000, -0.281766
0.400000, 2.000000, -0.321790
0.450000, 2.000000, -0.550134
0.500000, 2.000000, -0.900068
0.550000, 2.000000, -1.247572
0.600000, 2.000000, -1.468568
0.650000, 2.000000, -1.496140
0.700000, 2.000000, -1.354953
0.750000, 2.000000, -1.158837
0.800000, 2.000000, -1.071790
0.850000, 2.000000, -1.246851
0.900000, 2.000000, -1.766035
0.950000, 2.000000, -2.604439
1.000000, 2.000000, -3.632672
1.050000, 2.000000, -4.657354
1.100000, 2.000000, -5.485106
1.150000, 2.000000, -5.986534
1.200000, 2.000000, -6.136738
1.250000, 2.000000, -6.017733
1.300000, 2.000000, -5.782556
1.350000, 2.000000, -5.595206
1.400000, 2.000000, -5.569514
1.450000, 2.000000, -5.730143
1.500000, 2.000000, -6.010179
1.550000, 2.000000, -6.285542
1.600000, 2.000000, -6.432215
1.650000, 2.000000, -6.383464
1.700000, 2.000000, -6.164247
1.750000, 2.000000, -5.888783
1.800000, 2.000000, -5.721530
1.850000, 2.000000, -5.816033
1.900000, 2.000000, -6.254834
1.950000, 2.000000, -7.013551
2.000000, 2.000000, -7.963267
