0.000000, 0.000000, -1.073941
0.050000, 0.000000, -1.256493
0.100000, 0.000000, -1.356798
0.150000, 0.000000, -1.374784
0.200000, 0.000000, -1.314169
0.250000, 0.000000, -1.182088
0.300000, 0.000000, -0.988542
0.350000, 0.000000, -0.745701
0.400000, 0.000000, -0.467114
0.450000, 0.000000, -0.166866
0.500000, 0.000000, 0.141274
0.550000, 0.000000, 0.444658
0.600000, 0.000000, 0.732467
0.650000, 0.000000, 0.996300
0.700000, 0.000000, 1.230593
0.750000, 0.000000, 1.432855
0.800000, 0.000000, 1.603711
0.850000, 0.000000, 1.746744
0.900000, 0.000000, 1.868163
0.950000, 0.000000, 1.976297
1.000000, 0.000000, 2.080967
1.050000, 0.000000, 2.192763
1.100000, 0.000000, 2.322273
1.150000, 0.000000, 2.479319
1.200000, 0.000000, 2.672231
1.250000, 0.000000, 2.907215
1.300000, 0.000000, 3.187856
1.350000, 0.000000, 3.514780
1.400000, 0.000000, 3.885495
1.450000, 0.000000, 4.294436
1.500000, 0.000000, 4.733203
1.550000, 0.000000, 5.190977
1.600000, 0.000000, 5.655110
1.650000, 0.000000, 6.111832
1.700000, 0.000000, 6.547059
1.750000, 0.000000, 6.947243
1.800000, 0.000000, 7.300211
1.850000, 0.000000, 7.595965
1.900000, 0.000000, 7.827370
1.950000, 0.000000, 7.990705
2.000000, 0.000000, 8.086045
0.000000, 0.050000, -0.798779
0.050000, 0.050000, -0.920340
0.100000, 0.050000, -0.965436
0.150000, 0.050000, -0.937495
0.200000, 0.050000, -0.843222
0.250000, 0.050000, -0.692060
0.300000, 0.050000, -0.495513
0.350000, 0.050000, -0.266364
0.400000, 0.050000, -0.017854
0.450000, 0.050000, 0.237146
0.500000, 0.050000, 0.486922
0.550000, 0.050000, 0.721601
0.600000, 0.050000, 0.933715
0.650000, 0.050000, 1.118601
0.700000, 0.050000, 1.274608
0.750000, 0.050000, 1.403127
0.800000, 0.050000, 1.508412
0.850000, 0.050000, 1.597226
0.900000, 0.050000, 1.678328
0.950000, 0.050000, 1.761831
1.000000, 0.050000, 1.858473
1.050000, 0.050000, 1.978844
1.100000, 0.050000, 2.132618
1.150000, 0.050000, 2.327832
1.200000, 0.050000, 2.570266
1.250000, 0.050000, 2.862950
1.300000, 0.050000, 3.205839
1.350000, 0.050000, 3.595680
1.400000, 0.050000, 4.026066
1.450000, 0.050000, 4.487697
1.500000, 0.050000, 4.968824
1.550000, 0.050000, 5.455852
1.600000, 0.050000, 5.934078
1.650000, 0.050000, 6.388523
1.700000, 0.050000, 6.804793
1.750000, 0.050000, 7.169954
1.800000, 0.050000, 7.473339
1.850000, 0.050000, 7.707258
1.900000, 0.050000, 7.867563
1.950000, 0.050000, 7.954035
2.000000, 0.050000, 7.970567
0.000000, 0.100000, -0.218402
0.050000, 0.100000, -0.284753
0.100000, 0.100000, -0.283920
0.150000, 0.100000, -0.222313
0.200000, 0.100000, -0.108942
0.250000, 0.100000, 0.045250
0.300000, 0.100000, 0.228149
0.350000, 0.100000, 0.427283
0.400000, 0.100000, 0.630628
0.450000, 0.100000, 0.827371
0.500000, 0.100000, 1.008576
0.550000, 0.100000, 1.167725
0.600000, 0.100000, 1.301090
0.650000, 0.100000, 1.407924
0.700000, 0.100000, 1.490463
0.750000, 0.100000, 1.553729
0.800000, 0.100000, 1.605156
0.850000, 0.100000, 1.654063
0.900000, 0.100000, 1.710995
0.950000, 0.100000, 1.786986
1.000000, 0.100000, 1.892777
1.050000, 0.100000, 2.038046
1.100000, 0.100000, 2.230685
1.150000, 0.100000, 2.476185
1.200000, 0.100000, 2.777150
1.250000, 0.100000, 3.132984
1.300000, 0.100000, 3.539769
1.350000, 0.100000, 3.990336
1.400000, 0.100000, 4.474548
1.450000, 0.100000, 4.979757
1.500000, 0.100000, 5.491441
1.550000, 0.100000, 5.993955
1.600000, 0.100000, 6.471387
1.650000, 0.100000, 6.908450
1.700000, 0.100000, 7.291371
1.750000, 0.100000, 7.608720
1.800000, 0.100000, 7.852143
1.850000, 0.100000, 8.016938
1.900000, 0.100000, 8.102462
1.950000, 0.100000, 8.112318
2.000000, 0.100000, 8.054328
0.000000, 0.150000, 0.514769
0.050000, 0.150000, 0.494344
0.100000, 0.150000, 0.528843
0.150000, 0.150000, 0.609557
0.200000, 0.150000, 0.725982
0.250000, 0.150000, 0.866570
0.300000, 0.150000, 1.019527
0.350000, 0.150000, 1.173602
0.400000, 0.150000, 1.318834
0.450000, 0.150000, 1.447197
0.500000, 0.150000, 1.553115
0.550000, 0.150000, 1.633814
0.600000, 0.150000, 1.689491
0.650000, 0.150000, 1.723289
0.700000, 0.150000, 1.741081
0.750000, 0.150000, 1.751077
0.800000, 0.150000, 1.763271
0.850000, 0.150000, 1.788774
0.900000, 0.150000, 1.839057
0.950000, 0.150000, 1.925164
1.000000, 0.150000, 2.056926
1.050000, 0.150000, 2.242246
1.100000, 0.150000, 2.486475
1.150000, 0.150000, 2.791934
1.200000, 0.150000, 3.157606
1.250000, 0.150000, 3.579024
1.300000, 0.150000, 4.048360
1.350000, 0.150000, 4.554720
1.400000, 0.150000, 5.084622
1.450000, 0.150000, 5.622650
1.500000, 0.150000, 6.152237
1.550000, 0.150000, 6.656530
1.600000, 0.150000, 7.119317
1.650000, 0.150000, 7.525931
1.700000, 0.150000, 7.864108
1.750000, 0.150000, 8.124735
1.800000, 0.150000, 8.302450
1.850000, 0.150000, 8.396057
1.900000, 0.150000, 8.408737
1.950000, 0.150000, 8.348027
2.000000, 0.150000, 8.225575
0.000000, 0.200000, 1.210193
0.050000, 0.200000, 1.223426
0.100000, 0.200000, 1.277023
0.150000, 0.200000, 1.360791
0.200000, 0.200000, 1.463631
0.250000, 0.200000, 1.574321
0.300000, 0.200000, 1.682301
0.350000, 0.200000, 1.778390
0.400000, 0.200000, 1.855425
0.450000, 0.200000, 1.908745
0.500000, 0.200000, 1.936529
0.550000, 0.200000, 1.939937
0.600000, 0.200000, 1.923064
0.650000, 0.200000, 1.892699
0.700000, 0.200000, 1.857910
0.750000, 0.200000, 1.829474
0.800000, 0.200000, 1.819186
0.850000, 0.200000, 1.839090
0.900000, 0.200000, 1.900673
0.950000, 0.200000, 2.014075
1.000000, 0.200000, 2.187363
1.050000, 0.200000, 2.425900
1.100000, 0.200000, 2.731876
1.150000, 0.200000, 3.103993
1.200000, 0.200000, 3.537371
1.250000, 0.200000, 4.023638
1.300000, 0.200000, 4.551243
1.350000, 0.200000, 5.105954
1.400000, 0.200000, 5.671522
1.450000, 0.200000, 6.230491
1.500000, 0.200000, 6.765086
1.550000, 0.200000, 7.258159
1.600000, 0.200000, 7.694119
1.650000, 0.200000, 8.059810
1.700000, 0.200000, 8.345285
1.750000, 0.200000, 8.544424
1.800000, 0.200000, 8.655370
1.850000, 0.200000, 8.680752
1.900000, 0.200000, 8.627685
1.950000, 0.200000, 8.507527
2.000000, 0.200000, 8.335429
0.000000, 0.250000, 1.708962
0.050000, 0.250000, 1.741275
0.100000, 0.250000, 1.797903
0.150000, 0.250000, 1.868067
0.200000, 0.250000, 1.941009
0.250000, 0.250000, 2.006753
0.300000, 0.250000, 2.056820
0.350000, 0.250000, 2.084838
0.400000, 0.250000, 2.087023
0.450000, 0.250000, 2.062480
0.500000, 0.250000, 2.013332
0.550000, 0.250000, 1.944648
0.600000, 0.250000, 1.864179
0.650000, 0.250000, 1.781920
0.700000, 0.250000, 1.709516
0.750000, 0.250000, 1.659553
0.800000, 0.250000, 1.644767
0.850000, 0.250000, 1.677227
0.900000, 0.250000, 1.767524
0.950000, 0.250000, 1.924038
1.000000, 0.250000, 2.152305
1.050000, 0.250000, 2.454530
1.100000, 0.250000, 2.829291
1.150000, 0.250000, 3.271430
1.200000, 0.250000, 3.772165
1.250000, 0.250000, 4.319403
1.300000, 0.250000, 4.898258
1.350000, 0.250000, 5.491730
1.400000, 0.250000, 6.081531
1.450000, 0.250000, 6.648999
1.500000, 0.250000, 7.176058
1.550000, 0.250000, 7.646180
1.600000, 0.250000, 8.045282
1.650000, 0.250000, 8.362521
1.700000, 0.250000, 8.590938
1.750000, 0.250000, 8.727911
1.800000, 0.250000, 8.775402
1.850000, 0.250000, 8.739966
1.900000, 0.250000, 8.632530
1.950000, 0.250000, 8.467948
2.000000, 0.250000, 8.264350
0.000000, 0.300000, 1.940484
0.050000, 0.300000, 1.975800
0.100000, 0.300000, 2.018779
0.150000, 0.300000, 2.059000
0.200000, 0.300000, 2.086965
0.250000, 0.300000, 2.094796
0.300000, 0.300000, 2.076837
0.350000, 0.300000, 2.030111
0.400000, 0.300000, 1.954611
0.450000, 0.300000, 1.853404
0.500000, 0.300000, 1.732533
0.550000, 0.300000, 1.600736
0.600000, 0.300000, 1.468981
0.650000, 0.300000, 1.349851
0.700000, 0.300000, 1.256811
0.750000, 0.300000, 1.203398
0.800000, 0.300000, 1.202381
0.850000, 0.300000, 1.264939
0.900000, 0.300000, 1.399911
0.950000, 0.300000, 1.613150
1.000000, 0.300000, 1.907038
1.050000, 0.300000, 2.280174
1.100000, 0.300000, 2.727272
1.150000, 0.300000, 3.239277
1.200000, 0.300000, 3.803683
1.250000, 0.300000, 4.405059
1.300000, 0.300000, 5.025751
1.350000, 0.300000, 5.646710
1.400000, 0.300000, 6.248439
1.450000, 0.300000, 6.811965
1.500000, 0.300000, 7.319827
1.550000, 0.300000, 7.756992
1.600000, 0.300000, 8.111677
1.650000, 0.300000, 8.376016
1.700000, 0.300000, 8.546533
1.750000, 0.300000, 8.624410
1.800000, 0.300000, 8.615518
1.850000, 0.300000, 8.530206
1.900000, 0.300000, 8.382877
1.950000, 0.300000, 8.191344
2.000000, 0.300000, 7.976015
0.000000, 0.350000, 1.944690
0.050000, 0.350000, 1.966313
0.100000, 0.350000, 1.979277
0.150000, 0.350000, 1.974440
0.200000, 0.350000, 1.944420
0.250000, 0.350000, 1.884179
0.300000, 0.350000, 1.791475
0.350000, 0.350000, 1.667128
0.400000, 0.350000, 1.515106
0.450000, 0.350000, 1.342413
0.500000, 0.350000, 1.158776
0.550000, 0.350000, 0.976165
0.600000, 0.350000, 0.808148
0.650000, 0.350000, 0.669139
0.700000, 0.350000, 0.573565
0.750000, 0.350000, 0.535002
0.800000, 0.350000, 0.565341
0.850000, 0.350000, 0.674011
0.900000, 0.350000, 0.867329
0.950000, 0.350000, 1.147997
1.000000, 0.350000, 1.514787
1.050000, 0.350000, 1.962437
1.100000, 0.350000, 2.481758
1.150000, 0.350000, 3.059966
1.200000, 0.350000, 3.681211
1.250000, 0.350000, 4.327283
1.300000, 0.350000, 4.978469
1.350000, 0.350000, 5.614497
1.400000, 0.350000, 6.215545
1.450000, 0.350000, 6.763236
1.500000, 0.350000, 7.241586
1.550000, 0.350000, 7.637844
1.600000, 0.350000, 7.943180
1.650000, 0.350000, 8.153187
1.700000, 0.350000, 8.268169
1.750000, 0.350000, 8.293189
1.800000, 0.350000, 8.237885
1.850000, 0.350000, 8.116054
1.900000, 0.350000, 7.945027
1.950000, 0.350000, 7.744862
2.000000, 0.350000, 7.537407
0.000000, 0.400000, 1.851522
0.050000, 0.400000, 1.843068
0.100000, 0.400000, 1.810868
0.150000, 0.400000, 1.747918
0.200000, 0.400000, 1.649699
0.250000, 0.400000, 1.514609
0.300000, 0.400000, 1.344221
0.350000, 0.400000, 1.143352
0.400000, 0.400000, 0.919925
0.450000, 0.400000, 0.684647
0.500000, 0.400000, 0.450494
0.550000, 0.400000, 0.232048
0.600000, 0.400000, 0.044725
0.650000, 0.400000, -0.096090
0.700000, 0.400000, -0.175921
0.750000, 0.400000, -0.182063
0.800000, 0.400000, -0.104373
0.850000, 0.400000, 0.064062
0.900000, 0.400000, 0.326406
0.950000, 0.400000, 0.681750
1.000000, 0.400000, 1.124999
1.050000, 0.400000, 1.646979
1.100000, 0.400000, 2.234764
1.150000, 0.400000, 2.872211
1.200000, 0.400000, 3.540675
1.250000, 0.400000, 4.219872
1.300000, 0.400000, 4.888841
1.350000, 0.400000, 5.526966
1.400000, 0.400000, 6.114994
1.450000, 0.400000, 6.636000
1.500000, 0.400000, 7.076249
1.550000, 0.400000, 7.425913
1.600000, 0.400000, 7.679590
1.650000, 0.400000, 7.836618
1.700000, 0.400000, 7.901145
1.750000, 0.400000, 7.881967
1.800000, 0.400000, 7.792130
1.850000, 0.400000, 7.648322
1.900000, 0.400000, 7.470081
1.950000, 0.400000, 7.278867
2.000000, 0.400000, 7.097035
0.000000, 0.450000, 1.825847
0.050000, 0.450000, 1.772145
0.100000, 0.450000, 1.681687
0.150000, 0.450000, 1.550358
0.200000, 0.450000, 1.377097
0.250000, 0.450000, 1.164143
0.300000, 0.450000, 0.917091
0.350000, 0.450000, 0.644735
0.400000, 0.450000, 0.358724
0.450000, 0.450000, 0.073031
0.500000, 0.450000, -0.196736
0.550000, 0.450000, -0.434132
0.600000, 0.450000, -0.622758
0.650000, 0.450000, -0.747169
0.700000, 0.450000, -0.793753
0.750000, 0.450000, -0.751546
0.800000, 0.450000, -0.612921
0.850000, 0.450000, -0.374122
0.900000, 0.450000, -0.035599
0.950000, 0.450000, 0.397863
1.000000, 0.450000, 0.917246
1.050000, 0.450000, 1.509622
1.100000, 0.450000, 2.158689
1.150000, 0.450000, 2.845486
1.200000, 0.450000, 3.549269
1.250000, 0.450000, 4.248479
1.300000, 0.450000, 4.921781
1.350000, 0.450000, 5.549093
1.400000, 0.450000, 6.112579
1.450000, 0.450000, 6.597527
1.500000, 0.450000, 6.993085
1.550000, 0.450000, 7.292812
1.600000, 0.450000, 7.495010
1.650000, 0.450000, 7.602818
1.700000, 0.450000, 7.624074
1.750000, 0.450000, 7.570940
1.800000, 0.450000, 7.459309
1.850000, 0.450000, 7.308036
1.900000, 0.450000, 7.138021
1.950000, 0.450000, 6.971191
2.000000, 0.450000, 6.829448
0.000000, 0.500000, 1.999130
0.050000, 0.500000, 1.887063
0.100000, 0.500000, 1.728035
0.150000, 0.500000, 1.521418
0.200000, 0.500000, 1.270023
0.250000, 0.500000, 0.980138
0.300000, 0.500000, 0.661362
0.350000, 0.500000, 0.326240
0.400000, 0.500000, -0.010287
0.450000, 0.500000, -0.331594
0.500000, 0.500000, -0.620191
0.550000, 0.500000, -0.858634
0.600000, 0.500000, -1.030450
0.650000, 0.500000, -1.121050
0.700000, 0.500000, -1.118557
0.750000, 0.500000, -1.014525
0.800000, 0.500000, -0.804483
0.850000, 0.500000, -0.488296
0.900000, 0.500000, -0.070304
0.950000, 0.500000, 0.440770
1.000000, 0.500000, 1.032135
1.050000, 0.500000, 1.687464
1.100000, 0.500000, 2.387609
1.150000, 0.500000, 3.111478
1.200000, 0.500000, 3.837020
1.250000, 0.500000, 4.542261
1.300000, 0.500000, 5.206362
1.350000, 0.500000, 5.810617
1.400000, 0.500000, 6.339355
1.450000, 0.500000, 6.780702
1.500000, 0.500000, 7.127150
1.550000, 0.500000, 7.375911
1.600000, 0.500000, 7.529042
1.650000, 0.500000, 7.593328
1.700000, 0.500000, 7.579927
1.750000, 0.500000, 7.503806
1.800000, 0.500000, 7.382987
1.850000, 0.500000, 7.237645
1.900000, 0.500000, 7.089117
1.950000, 0.500000, 6.958849
2.000000, 0.500000, 6.867357
0.000000, 0.550000, 2.414259
0.050000, 0.550000, 2.233488
0.100000, 0.550000, 1.998930
0.150000, 0.550000, 1.713863
0.200000, 0.550000, 1.385177
0.250000, 0.550000, 1.023200
0.300000, 0.550000, 0.641311
0.350000, 0.550000, 0.255375
0.400000, 0.550000, -0.116986
0.450000, 0.550000, -0.457244
0.500000, 0.550000, -0.746888
0.550000, 0.550000, -0.968384
0.600000, 0.550000, -1.106104
0.650000, 0.550000, -1.147186
0.700000, 0.550000, -1.082269
0.750000, 0.550000, -0.906065
0.800000, 0.550000, -0.617733
0.850000, 0.550000, -0.221040
0.900000, 0.550000, 0.275719
0.950000, 0.550000, 0.860024
1.000000, 0.550000, 1.515656
1.050000, 0.550000, 2.223411
1.100000, 0.550000, 2.961973
1.150000, 0.550000, 3.708903
1.200000, 0.550000, 4.441691
1.250000, 0.550000, 5.138815
1.300000, 0.550000, 5.780758
1.350000, 0.550000, 6.350935
1.400000, 0.550000, 6.836463
1.450000, 0.550000, 7.228757
1.500000, 0.550000, 7.523914
1.550000, 0.550000, 7.722856
1.600000, 0.550000, 7.831237
1.650000, 0.550000, 7.859119
1.700000, 0.550000, 7.820429
1.750000, 0.550000, 7.732226
1.800000, 0.550000, 7.613825
1.850000, 0.550000, 7.485817
1.900000, 0.550000, 7.369039
1.950000, 0.550000, 7.283545
2.000000, 0.550000, 7.247639
0.000000, 0.600000, 3.004879
0.050000, 0.600000, 2.748414
0.100000, 0.600000, 2.435106
0.150000, 0.600000, 2.072350
0.200000, 0.600000, 1.671115
0.250000, 0.600000, 1.245542
0.300000, 0.600000, 0.812367
0.350000, 0.600000, 0.390169
0.400000, 0.600000, -0.001499
0.450000, 0.600000, -0.343059
0.500000, 0.600000, -0.615893
0.550000, 0.600000, -0.803293
0.600000, 0.600000, -0.891348
0.650000, 0.600000, -0.869706
0.700000, 0.600000, -0.732164
0.750000, 0.600000, -0.477071
0.800000, 0.600000, -0.107502
0.850000, 0.600000, 0.368801
0.900000, 0.600000, 0.939723
0.950000, 0.600000, 1.589283
1.000000, 0.600000, 2.298351
1.050000, 0.600000, 3.045512
1.100000, 0.600000, 3.808060
1.150000, 0.600000, 4.563048
1.200000, 0.600000, 5.288365
1.250000, 0.600000, 5.963762
1.300000, 0.600000, 6.571787
1.350000, 0.600000, 7.098588
1.400000, 0.600000, 7.534521
1.450000, 0.600000, 7.874556
1.500000, 0.600000, 8.118451
1.550000, 0.600000, 8.270682
1.600000, 0.600000, 8.340146
1.650000, 0.600000, 8.339639
1.700000, 0.600000, 8.285157
1.750000, 0.600000, 8.195036
1.800000, 0.600000, 8.088998
1.850000, 0.600000, 7.987138
1.900000, 0.600000, 7.908912
1.950000, 0.600000, 7.872184
2.000000, 0.600000, 7.892366
0.000000, 0.650000, 3.617355
0.050000, 0.650000, 3.281942
0.100000, 0.650000, 2.890583
0.150000, 0.650000, 2.454791
0.200000, 0.650000, 1.989392
0.250000, 0.650000, 1.511925
0.300000, 0.650000, 1.041880
0.350000, 0.650000, 0.599803
0.400000, 0.650000, 0.206329
0.450000, 0.650000, -0.118827
0.500000, 0.650000, -0.357850
0.550000, 0.650000, -0.495733
0.600000, 0.650000, -0.521063
0.650000, 0.650000, -0.426644
0.700000, 0.650000, -0.209916
0.750000, 0.650000, 0.126847
0.800000, 0.650000, 0.576576
0.850000, 0.650000, 1.127683
0.900000, 0.650000, 1.764559
0.950000, 0.650000, 2.468274
1.000000, 0.650000, 3.217445
1.050000, 0.650000, 3.989215
1.100000, 0.650000, 4.760318
1.150000, 0.650000, 5.508155
1.200000, 0.650000, 6.211828
1.250000, 0.650000, 6.853096
1.300000, 0.650000, 7.417189
1.350000, 0.650000, 7.893437
1.400000, 0.650000, 8.275703
1.450000, 0.650000, 8.562573
1.500000, 0.650000, 8.757324
1.550000, 0.650000, 8.867640
1.600000, 0.650000, 8.905132
1.650000, 0.650000, 8.884654
1.700000, 0.650000, 8.823477
1.750000, 0.650000, 8.740355
1.800000, 0.650000, 8.654534
1.850000, 0.650000, 8.584765
1.900000, 0.650000, 8.548360
1.950000, 0.650000, 8.560351
2.000000, 0.650000, 8.632793
0.000000, 0.700000, 4.067172
0.050000, 0.700000, 3.653473
0.100000, 0.700000, 3.188645
0.150000, 0.700000, 2.688107
0.200000, 0.700000, 2.170126
0.250000, 0.700000, 1.655045
0.300000, 0.700000, 1.164364
0.350000, 0.700000, 0.719753
0.400000, 0.700000, 0.342021
0.450000, 0.700000, 0.050112
0.500000, 0.700000, -0.139834
0.550000, 0.700000, -0.215292
0.600000, 0.700000, -0.167997
0.650000, 0.700000, 0.005607
0.700000, 0.700000, 0.304149
0.750000, 0.700000, 0.721343
0.800000, 0.700000, 1.246249
0.850000, 0.700000, 1.863755
0.900000, 0.700000, 2.555262
0.950000, 0.700000, 3.299542
1.000000, 0.700000, 4.073716
1.050000, 0.700000, 4.854317
1.100000, 0.700000, 5.618365
1.150000, 0.700000, 6.344416
1.200000, 0.700000, 7.013524
1.250000, 0.700000, 7.610069
1.300000, 0.700000, 8.122413
1.350000, 0.700000, 8.543344
1.400000, 0.700000, 8.870301
1.450000, 0.700000, 9.105356
1.500000, 0.700000, 9.254972
1.550000, 0.700000, 9.329538
1.600000, 0.700000, 9.342721
1.650000, 0.700000, 9.310666
1.700000, 0.700000, 9.251090
1.750000, 0.700000, 9.182315
1.800000, 0.700000, 9.122301
1.850000, 0.700000, 9.087726
1.900000, 0.700000, 9.093158
1.950000, 0.700000, 9.150372
2.000000, 0.700000, 9.267830
0.000000, 0.750000, 4.208346
0.050000, 0.750000, 3.720904
0.100000, 0.750000, 3.190822
0.150000, 0.750000, 2.637014
0.200000, 0.750000, 2.080602
0.250000, 0.750000, 1.543993
0.300000, 0.750000, 1.049862
0.350000, 0.750000, 0.620102
0.400000, 0.750000, 0.274791
0.450000, 0.750000, 0.031231
0.500000, 0.750000, -0.096890
0.550000, 0.750000, -0.100176
0.600000, 0.750000, 0.026007
0.650000, 0.750000, 0.281282
0.700000, 0.750000, 0.660255
0.750000, 0.750000, 1.152749
0.800000, 0.750000, 1.744269
0.850000, 0.750000, 2.416676
0.900000, 0.750000, 3.149024
0.950000, 0.750000, 3.918540
1.000000, 0.750000, 4.701676
1.050000, 0.750000, 5.475190
1.100000, 0.750000, 6.217198
1.150000, 0.750000, 6.908146
1.200000, 0.750000, 7.531650
1.250000, 0.750000, 8.075171
1.300000, 0.750000, 8.530482
1.350000, 0.750000, 8.893911
1.400000, 0.750000, 9.166354
1.450000, 0.750000, 9.353057
1.500000, 0.750000, 9.463184
1.550000, 0.750000, 9.509197
1.600000, 0.750000, 9.506085
1.650000, 0.750000, 9.470483
1.700000, 0.750000, 9.419740
1.750000, 0.750000, 9.370971
1.800000, 0.750000, 9.340157
1.850000, 0.750000, 9.341344
1.900000, 0.750000, 9.385964
1.950000, 0.750000, 9.482336
2.000000, 0.750000, 9.635353
0.000000, 0.800000, 3.989401
0.050000, 0.800000, 3.436388
0.100000, 0.800000, 2.852449
0.150000, 0.800000, 2.259408
0.200000, 0.800000, 1.680514
0.250000, 0.800000, 1.139408
0.300000, 0.800000, 0.659044
0.350000, 0.800000, 0.260640
0.400000, 0.800000, -0.037319
0.450000, 0.800000, -0.219944
0.500000, 0.800000, -0.276648
0.550000, 0.800000, -0.201644
0.600000, 0.800000, 0.005776
0.650000, 0.800000, 0.341211
0.700000, 0.800000, 0.795361
0.750000, 0.800000, 1.354469
0.800000, 0.800000, 2.000978
0.850000, 0.800000, 2.714354
0.900000, 0.800000, 3.472058
0.950000, 0.800000, 4.250586
1.000000, 0.800000, 5.026555
1.050000, 0.800000, 5.777755
1.100000, 0.800000, 6.484128
1.150000, 0.800000, 7.128624
1.200000, 0.800000, 7.697885
1.250000, 0.800000, 8.182740
1.300000, 0.800000, 8.578464
1.350000, 0.800000, 8.884820
1.400000, 0.800000, 9.105872
1.450000, 0.800000, 9.249576
1.500000, 0.800000, 9.327194
1.550000, 0.800000, 9.352552
1.600000, 0.800000, 9.341191
1.650000, 0.800000, 9.309461
1.700000, 0.800000, 9.273599
1.750000, 0.800000, 9.248857
1.800000, 0.800000, 9.248713
1.850000, 0.800000, 9.284216
1.900000, 0.800000, 9.363499
1.950000, 0.800000, 9.491467
2.000000, 0.800000, 9.669707
0.000000, 0.850000, 3.474513
0.050000, 0.850000, 2.867281
0.100000, 0.850000, 2.243435
0.150000, 0.850000, 1.626990
0.200000, 0.850000, 1.042497
0.250000, 0.850000, 0.513946
0.300000, 0.850000, 0.063682
0.350000, 0.850000, -0.288611
0.400000, 0.850000, -0.526805
0.450000, 0.850000, -0.639066
0.500000, 0.850000, -0.618383
0.550000, 0.850000, -0.462872
0.600000, 0.850000, -0.175842
0.650000, 0.850000, 0.234397
0.700000, 0.850000, 0.754946
0.750000, 0.850000, 1.368955
0.800000, 0.850000, 2.056433
0.850000, 0.850000, 2.795201
0.900000, 0.850000, 3.561931
0.950000, 0.850000, 4.333221
1.000000, 0.850000, 5.086653
1.050000, 0.850000, 5.801777
1.100000, 0.850000, 6.460979
1.150000, 0.850000, 7.050178
1.200000, 0.850000, 7.559338
1.250000, 0.850000, 7.982755
1.300000, 0.850000, 8.319120
1.350000, 0.850000, 8.571361
1.400000, 0.850000, 8.746264
1.450000, 0.850000, 8.853920
1.500000, 0.850000, 8.907008
1.550000, 0.850000, 8.919983
1.600000, 0.850000, 8.908194
1.650000, 0.850000, 8.886993
1.700000, 0.850000, 8.870882
1.750000, 0.850000, 8.872752
1.800000, 0.850000, 8.903244
1.850000, 0.850000, 8.970264
1.900000, 0.850000, 9.078699
1.950000, 0.850000, 9.230312
2.000000, 0.850000, 9.423846
0.000000, 0.900000, 2.821664
0.050000, 0.900000, 2.174115
0.100000, 0.900000, 1.526099
0.150000, 0.900000, 0.903006
0.200000, 0.900000, 0.329812
0.250000, 0.900000, -0.170025
0.300000, 0.900000, -0.575614
0.350000, 0.900000, -0.869561
0.400000, 0.900000, -1.038729
0.450000, 0.900000, -1.074811
0.500000, 0.900000, -0.974658
0.550000, 0.900000, -0.740381
0.600000, 0.900000, -0.379188
0.650000, 0.900000, 0.097005
0.700000, 0.900000, 0.672185
0.750000, 0.900000, 1.327035
0.800000, 0.900000, 2.039869
0.850000, 0.900000, 2.787663
0.900000, 0.900000, 3.547127
0.950000, 0.900000, 4.295755
1.000000, 0.900000, 5.012823
1.050000, 0.900000, 5.680259
1.100000, 0.900000, 6.283356
1.150000, 0.900000, 6.811305
1.200000, 0.900000, 7.257504
1.250000, 0.900000, 7.619642
1.300000, 0.900000, 7.899573
1.350000, 0.900000, 8.102967
1.400000, 0.900000, 8.238784
1.450000, 0.900000, 8.318593
1.500000, 0.900000, 8.355788
1.550000, 0.900000, 8.364735
1.600000, 0.900000, 8.359908
1.650000, 0.900000, 8.355065
1.700000, 0.900000, 8.362503
1.750000, 0.900000, 8.392435
1.800000, 0.900000, 8.452525
1.850000, 0.900000, 8.547603
1.900000, 0.900000, 8.679570
1.950000, 0.900000, 8.847495
2.000000, 0.900000, 9.047897
0.000000, 0.950000, 2.226004
0.050000, 0.950000, 1.553823
0.100000, 0.950000, 0.898296
0.150000, 0.950000, 0.285318
0.200000, 0.950000, -0.260580
0.250000, 0.950000, -0.717305
0.300000, 0.950000, -1.066169
0.350000, 0.950000, -1.292688
0.400000, 0.950000, -1.387180
0.450000, 0.950000, -1.345143
0.500000, 0.950000, -1.167379
0.550000, 0.950000, -0.859871
0.600000, 0.950000, -0.433423
0.650000, 0.950000, 0.096926
0.700000, 0.950000, 0.712670
0.750000, 0.950000, 1.392756
0.800000, 0.950000, 2.114603
0.850000, 0.950000, 2.855158
0.900000, 0.950000, 3.591961
0.950000, 0.950000, 4.304126
1.000000, 0.950000, 4.973234
1.050000, 0.950000, 5.584057
1.100000, 0.950000, 6.125107
1.150000, 0.950000, 6.588965
1.200000, 0.950000, 6.972398
1.250000, 0.950000, 7.276254
1.300000, 0.950000, 7.505146
1.350000, 0.950000, 7.666958
1.400000, 0.950000, 7.772197
1.450000, 0.950000, 7.833234
1.500000, 0.950000, 7.863483
1.550000, 0.950000, 7.876569
1.600000, 0.950000, 7.885520
1.650000, 0.950000, 7.902043
1.700000, 0.950000, 7.935925
1.750000, 0.950000, 7.994571
1.800000, 0.950000, 8.082728
1.850000, 0.950000, 8.202392
1.900000, 0.950000, 8.352901
1.950000, 0.950000, 8.531210
2.000000, 0.950000, 8.732316
0.000000, 1.000000, 1.849848
0.050000, 1.000000, 1.169639
0.100000, 1.000000, 0.523261
0.150000, 1.000000, -0.063746
0.200000, 1.000000, -0.568118
0.250000, 1.000000, -0.969865
0.300000, 1.000000, -1.253107
0.350000, 1.000000, -1.406723
0.400000, 1.000000, -1.424757
0.450000, 1.000000, -1.306586
0.500000, 1.000000, -1.056839
0.550000, 1.000000, -0.685065
0.600000, 1.000000, -0.205181
0.650000, 1.000000, 0.365270
0.700000, 1.000000, 1.006018
0.750000, 1.000000, 1.695067
0.800000, 1.000000, 2.409746
0.850000, 1.000000, 3.127764
0.900000, 1.000000, 3.828203
0.950000, 1.000000, 4.492407
1.000000, 1.000000, 5.104732
1.050000, 1.000000, 5.653100
1.100000, 1.000000, 6.129364
1.150000, 1.000000, 6.529444
1.200000, 1.000000, 6.853254
1.250000, 1.000000, 7.104413
1.300000, 1.000000, 7.289789
1.350000, 1.000000, 7.418876
1.400000, 1.000000, 7.503071
1.450000, 1.000000, 7.554880
1.500000, 1.000000, 7.587112
1.550000, 1.000000, 7.612091
1.600000, 1.000000, 7.640958
1.650000, 1.000000, 7.683078
1.700000, 1.000000, 7.745591
1.750000, 1.000000, 7.833141
1.800000, 1.000000, 7.947781
1.850000, 1.000000, 8.089057
1.900000, 1.000000, 8.254277
1.950000, 1.000000, 8.438918
2.000000, 1.000000, 8.637167
0.000000, 1.050000, 1.765801
0.050000, 1.050000, 1.094168
0.100000, 1.050000, 0.472687
0.150000, 1.050000, -0.074268
0.200000, 1.050000, -0.525423
0.250000, 1.050000, -0.863482
0.300000, 1.050000, -1.075814
0.350000, 1.050000, -1.154916
0.400000, 1.050000, -1.098619
0.450000, 1.050000, -0.910053
0.500000, 1.050000, -0.597353
0.550000, 1.050000, -0.173153
0.600000, 1.050000, 0.346138
0.650000, 1.050000, 0.941198
0.700000, 1.050000, 1.590777
0.750000, 1.050000, 2.272738
0.800000, 1.050000, 2.965103
0.850000, 1.050000, 3.647046
0.900000, 1.050000, 4.299795
0.950000, 1.050000, 4.907389
1.000000, 1.050000, 5.457258
1.050000, 1.050000, 5.940606
1.100000, 1.050000, 6.352581
1.150000, 1.050000, 6.692226
1.200000, 1.050000, 6.962231
1.250000, 1.050000, 7.168500
1.300000, 1.050000, 7.319569
1.350000, 1.050000, 7.425909
1.400000, 1.050000, 7.499165
1.450000, 1.050000, 7.551368
1.500000, 1.050000, 7.594178
1.550000, 1.050000, 7.638195
1.600000, 1.050000, 7.692379
1.650000, 1.050000, 7.763609
1.700000, 1.050000, 7.856413
1.750000, 1.050000, 7.972866
1.800000, 1.050000, 8.112669
1.850000, 1.050000, 8.273396
1.900000, 1.050000, 8.450895
1.950000, 1.050000, 8.639798
2.000000, 1.050000, 8.834127
0.000000, 1.100000, 1.934445
0.050000, 1.100000, 1.287076
0.100000, 1.100000, 0.704460
0.150000, 1.100000, 0.209095
0.200000, 1.100000, -0.180314
0.250000, 1.100000, -0.449587
0.300000, 1.100000, -0.589582
0.350000, 1.100000, -0.596461
0.400000, 1.100000, -0.471700
0.450000, 1.100000, -0.221852
0.500000, 1.100000, 0.141925
0.550000, 1.100000, 0.604543
0.600000, 1.100000, 1.147820
0.650000, 1.100000, 1.751435
0.700000, 1.100000, 2.393959
0.750000, 1.100000, 3.053880
0.800000, 1.100000, 3.710610
0.850000, 1.100000, 4.345382
0.900000, 1.100000, 4.942027
0.950000, 1.100000, 5.487573
1.000000, 1.100000, 5.972655
1.050000, 1.100000, 6.391715
1.100000, 1.100000, 6.742983
1.150000, 1.100000, 7.028269
1.200000, 1.100000, 7.252564
1.250000, 1.100000, 7.423488
1.300000, 1.100000, 7.550634
1.350000, 1.100000, 7.644824
1.400000, 1.100000, 7.717357
1.450000, 1.100000, 7.779267
1.500000, 1.100000, 7.840645
1.550000, 1.100000, 7.910072
1.600000, 1.100000, 7.994181
1.650000, 1.100000, 8.097378
1.700000, 1.100000, 8.221738
1.750000, 1.100000, 8.367066
1.800000, 1.100000, 8.531130
1.850000, 1.100000, 8.710037
1.900000, 1.100000, 8.898723
1.950000, 1.100000, 9.091536
2.000000, 1.100000, 9.282850
0.000000, 1.150000, 2.224819
0.050000, 1.150000, 1.615618
0.100000, 1.150000, 1.083287
0.150000, 1.150000, 0.647881
0.200000, 1.150000, 0.325131
0.250000, 1.150000, 0.125880
0.300000, 1.150000, 0.055750
0.350000, 1.150000, 0.115075
0.400000, 1.150000, 0.299074
0.450000, 1.150000, 0.598272
0.500000, 1.150000, 0.999122
0.550000, 1.150000, 1.484801
0.600000, 1.150000, 2.036135
0.650000, 1.150000, 2.632599
0.700000, 1.150000, 3.253337
0.750000, 1.150000, 3.878155
0.800000, 1.150000, 4.488433
0.850000, 1.150000, 5.067909
0.900000, 1.150000, 5.603304
0.950000, 1.150000, 6.084758
1.000000, 1.150000, 6.506063
1.050000, 1.150000, 6.864687
1.100000, 1.150000, 7.161596
1.150000, 1.150000, 7.400900
1.200000, 1.150000, 7.589337
1.250000, 1.150000, 7.735648
1.300000, 1.150000, 7.849873
1.350000, 1.150000, 7.942612
1.400000, 1.150000, 8.024308
1.450000, 1.150000, 8.104580
1.500000, 1.150000, 8.191663
1.550000, 1.150000, 8.291963
1.600000, 1.150000, 8.409777
1.650000, 1.150000, 8.547165
1.700000, 1.150000, 8.704005
1.750000, 1.150000, 8.878194
1.800000, 1.150000, 9.066003
1.850000, 1.150000, 9.262543
1.900000, 1.150000, 9.462317
1.950000, 1.150000, 9.659816
2.000000, 1.150000, 9.850123
0.000000, 1.200000, 2.469559
0.050000, 1.200000, 1.909880
0.100000, 1.200000, 1.436081
0.150000, 1.200000, 1.065381
0.200000, 1.200000, 0.810337
0.250000, 1.200000, 0.678443
0.300000, 1.200000, 0.671984
0.350000, 1.200000, 0.788148
0.400000, 1.200000, 1.019367
0.450000, 1.200000, 1.353884
0.500000, 1.200000, 1.776492
0.550000, 1.200000, 2.269418
0.600000, 1.200000, 2.813281
0.650000, 1.200000, 3.388101
0.700000, 1.200000, 3.974273
0.750000, 1.200000, 4.553488
0.800000, 1.200000, 5.109523
0.850000, 1.200000, 5.628897
0.900000, 1.200000, 6.101330
0.950000, 1.200000, 6.520019
1.000000, 1.200000, 6.881701
1.050000, 1.200000, 7.186521
1.100000, 1.200000, 7.437719
1.150000, 1.200000, 7.641165
1.200000, 1.200000, 7.804762
1.250000, 1.200000, 7.937780
1.300000, 1.200000, 8.050145
1.350000, 1.200000, 8.151737
1.400000, 1.200000, 8.251737
1.450000, 1.200000, 8.358065
1.500000, 1.200000, 8.476933
1.550000, 1.200000, 8.612547
1.600000, 1.200000, 8.766964
1.650000, 1.200000, 8.940115
1.700000, 1.200000, 9.129987
1.750000, 1.200000, 9.332940
1.800000, 1.200000, 9.544147
1.850000, 1.200000, 9.758122
1.900000, 1.200000, 9.969287
1.950000, 1.200000, 10.172556
2.000000, 1.200000, 10.363890
0.000000, 1.250000, 2.533369
0.050000, 1.250000, 2.031389
0.100000, 1.250000, 1.620742
0.150000, 1.250000, 1.315625
0.200000, 1.250000, 1.125431
0.250000, 1.250000, 1.054507
0.300000, 1.250000, 1.102187
0.350000, 1.250000, 1.263046
0.400000, 1.250000, 1.527389
0.450000, 1.250000, 1.881920
0.500000, 1.250000, 2.310560
0.550000, 1.250000, 2.795367
0.600000, 1.250000, 3.317503
0.650000, 1.250000, 3.858195
0.700000, 1.250000, 4.399644
0.750000, 1.250000, 4.925835
0.800000, 1.250000, 5.423204
0.850000, 1.250000, 5.881139
0.900000, 1.250000, 6.292295
0.950000, 1.250000, 6.652701
1.000000, 1.250000, 6.961686
1.050000, 1.250000, 7.221616
1.100000, 1.250000, 7.437470
1.150000, 1.250000, 7.616303
1.200000, 1.250000, 7.766606
1.250000, 1.250000, 7.897632
1.300000, 1.250000, 8.018711
1.350000, 1.250000, 8.138609
1.400000, 1.250000, 8.264961
1.450000, 1.250000, 8.403820
1.500000, 1.250000, 8.559334
1.550000, 1.250000, 8.733581
1.600000, 1.250000, 8.926556
1.650000, 1.250000, 9.136320
1.700000, 1.250000, 9.359278
1.750000, 1.250000, 9.590588
1.800000, 1.250000, 9.824655
1.850000, 1.250000, 10.055675
1.900000, 1.250000, 10.278202
1.950000, 1.250000, 10.487694
2.000000, 1.250000, 10.680998
0.000000, 1.300000, 2.368402
0.050000, 1.300000, 1.928671
0.100000, 1.300000, 1.581918
0.150000, 1.300000, 1.339353
0.200000, 1.300000, 1.207427
0.250000, 1.300000, 1.187754
0.300000, 1.300000, 1.277270
0.350000, 1.300000, 1.468623
0.400000, 1.300000, 1.750750
0.450000, 1.300000, 2.109613
0.500000, 1.300000, 2.529052
0.550000, 1.300000, 2.991703
0.600000, 1.300000, 3.479921
0.650000, 1.300000, 3.976679
0.700000, 1.300000, 4.466380
0.750000, 1.300000, 4.935538
0.800000, 1.300000, 5.373319
0.850000, 1.300000, 5.771896
0.900000, 1.300000, 6.126618
0.950000, 1.300000, 6.435985
1.000000, 1.300000, 6.701454
1.050000, 1.300000, 6.927076
1.100000, 1.300000, 7.119007
1.150000, 1.300000, 7.284920
1.200000, 1.300000, 7.433363
1.250000, 1.300000, 7.573103
1.300000, 1.300000, 7.712494
1.350000, 1.300000, 7.858910
1.400000, 1.300000, 8.018277
1.450000, 1.300000, 8.194729
1.500000, 1.300000, 8.390405
1.550000, 1.300000, 8.605400
1.600000, 1.300000, 8.837865
1.650000, 1.300000, 9.084245
1.700000, 1.300000, 9.339644
1.750000, 1.300000, 9.598280
1.800000, 1.300000, 9.854007
1.850000, 1.300000, 10.100866
1.900000, 1.300000, 10.333619
1.950000, 1.300000, 10.548250
2.000000, 1.300000, 10.742381
0.000000, 1.350000, 2.035205
0.050000, 1.350000, 1.658391
0.100000, 1.350000, 1.372365
0.150000, 1.350000, 1.185592
0.200000, 1.350000, 1.102017
0.250000, 1.350000, 1.121106
0.300000, 1.350000, 1.238109
0.350000, 1.350000, 1.444531
0.400000, 1.350000, 1.728755
0.450000, 1.350000, 2.076805
0.500000, 1.350000, 2.473186
0.550000, 1.350000, 2.901759
0.600000, 1.350000, 3.346601
0.650000, 1.350000, 3.792807
0.700000, 1.350000, 4.227191
0.750000, 1.350000, 4.638846
0.800000, 1.350000, 5.019556
0.850000, 1.350000, 5.364017
0.900000, 1.350000, 5.669891
0.950000, 1.350000, 5.937677
1.000000, 1.350000, 6.170421
1.050000, 1.350000, 6.373296
1.100000, 1.350000, 6.553077
1.150000, 1.350000, 6.717538
1.200000, 1.350000, 6.874834
1.250000, 1.350000, 7.032880
1.300000, 1.350000, 7.198790
1.350000, 1.350000, 7.378389
1.400000, 1.350000, 7.575840
1.450000, 1.350000, 7.793401
1.500000, 1.350000, 8.031327
1.550000, 1.350000, 8.287910
1.600000, 1.350000, 8.559672
1.650000, 1.350000, 8.841668
1.700000, 1.350000, 9.127907
1.750000, 1.350000, 9.411835
1.800000, 1.350000, 9.686868
1.850000, 1.350000, 9.946931
1.900000, 1.350000, 10.186965
1.950000, 1.350000, 10.403378
2.000000, 1.350000, 10.594405
0.000000, 1.400000, 1.681074
0.050000, 1.400000, 1.363931
0.100000, 1.400000, 1.131730
0.150000, 1.400000, 0.990648
0.200000, 1.400000, 0.942739
0.250000, 1.400000, 0.986060
0.300000, 1.400000, 1.114992
0.350000, 1.400000, 1.320733
0.400000, 1.400000, 1.591937
0.450000, 1.400000, 1.915445
0.500000, 1.400000, 2.277078
0.550000, 1.400000, 2.662440
0.600000, 1.400000, 3.057687
0.650000, 1.400000, 3.450227
0.700000, 1.400000, 3.829301
0.750000, 1.400000, 4.186443
0.800000, 1.400000, 4.515761
0.850000, 1.400000, 4.814074
0.900000, 1.400000, 5.080862
0.950000, 1.400000, 5.318070
1.000000, 1.400000, 5.529769
1.050000, 1.400000, 5.721706
1.100000, 1.400000, 5.900764
1.150000, 1.400000, 6.074388
1.200000, 1.400000, 6.249988
1.250000, 1.400000, 6.434386
1.300000, 1.400000, 6.633311
1.350000, 1.400000, 6.850993
1.400000, 1.400000, 7.089875
1.450000, 1.400000, 7.350449
1.500000, 1.400000, 7.631239
1.550000, 1.400000, 7.928918
1.600000, 1.400000, 8.238558
1.650000, 1.400000, 8.553985
1.700000, 1.400000, 8.868233
1.750000, 1.400000, 9.174047
1.800000, 1.400000, 9.464418
1.850000, 1.400000, 9.733117
1.900000, 1.400000, 9.975174
1.950000, 1.400000, 10.187304
2.000000, 1.400000, 10.368225
0.000000, 1.450000, 1.484004
0.050000, 1.450000, 1.219551
0.100000, 1.450000, 1.030928
0.150000, 1.450000, 0.922665
0.200000, 1.450000, 0.895697
0.250000, 1.450000, 0.947516
0.300000, 1.450000, 1.072507
0.350000, 1.450000, 1.262413
0.400000, 1.450000, 1.506931
0.450000, 1.450000, 1.794381
0.500000, 1.450000, 2.112414
0.550000, 1.450000, 2.448723
0.600000, 1.450000, 2.791711
0.650000, 1.450000, 3.131086
0.700000, 1.450000, 3.458345
0.750000, 1.450000, 3.767134
0.800000, 1.450000, 4.053454
0.850000, 1.450000, 4.315718
0.900000, 1.450000, 4.554660
0.950000, 1.450000, 4.773095
1.000000, 1.450000, 4.975567
1.050000, 1.450000, 5.167897
1.100000, 1.450000, 5.356662
1.150000, 1.450000, 5.548648
1.200000, 1.450000, 5.750305
1.250000, 1.450000, 5.967233
1.300000, 1.450000, 6.203751
1.350000, 1.450000, 6.462543
1.400000, 1.450000, 6.744438
1.450000, 1.450000, 7.048304
1.500000, 1.450000, 7.371092
1.550000, 1.450000, 7.708001
1.600000, 1.450000, 8.052774
1.650000, 1.450000, 8.398088
1.700000, 1.450000, 8.736035
1.750000, 1.450000, 9.058648
1.800000, 1.450000, 9.358445
1.850000, 1.450000, 9.628968
1.900000, 1.450000, 9.865263
1.950000, 1.450000, 10.064296
2.000000, 1.450000, 10.225261
0.000000, 1.500000, 1.583639
0.050000, 1.500000, 1.361546
0.100000, 1.500000, 1.203480
0.150000, 1.500000, 1.113120
0.200000, 1.500000, 1.091160
0.250000, 1.500000, 1.135444
0.300000, 1.500000, 1.241236
0.350000, 1.500000, 1.401631
0.400000, 1.500000, 1.608049
0.450000, 1.500000, 1.850808
0.500000, 1.500000, 2.119730
0.550000, 1.500000, 2.404749
0.600000, 1.500000, 2.696474
0.650000, 1.500000, 2.986704
0.700000, 1.500000, 3.268829
0.750000, 1.500000, 3.538130
0.800000, 1.500000, 3.791940
0.850000, 1.500000, 4.029675
0.900000, 1.500000, 4.252723
0.950000, 1.500000, 4.464213
1.000000, 1.500000, 4.668667
1.050000, 1.500000, 4.871576
1.100000, 1.500000, 5.078908
1.150000, 1.500000, 5.296599
1.200000, 1.500000, 5.530041
1.250000, 1.500000, 5.783616
1.300000, 1.500000, 6.060295
1.350000, 1.500000, 6.361337
1.400000, 1.500000, 6.686096
1.450000, 1.500000, 7.031960
1.500000, 1.500000, 7.394428
1.550000, 1.500000, 7.767314
1.600000, 1.500000, 8.143073
1.650000, 1.500000, 8.513234
1.700000, 1.500000, 8.868912
1.750000, 1.500000, 9.201366
1.800000, 1.500000, 9.502583
1.850000, 1.500000, 9.765838
1.900000, 1.500000, 9.986205
1.950000, 1.500000, 10.160991
2.000000, 1.500000, 10.290048
0.000000, 1.550000, 2.025645
0.050000, 1.550000, 1.832805
0.100000, 1.550000, 1.690225
0.150000, 1.550000, 1.601645
0.200000, 1.550000, 1.568465
0.250000, 1.550000, 1.589798
0.300000, 1.550000, 1.662633
0.350000, 1.550000, 1.782121
0.400000, 1.550000, 1.941944
0.450000, 1.550000, 2.134767
0.500000, 1.550000, 2.352723
0.550000, 1.550000, 2.587922
0.600000, 1.550000, 2.832938
0.650000, 1.550000, 3.081252
0.700000, 1.550000, 3.327627
0.750000, 1.550000, 3.568375
0.800000, 1.550000, 3.801529
0.850000, 1.550000, 4.026882
0.900000, 1.550000, 4.245901
0.950000, 1.550000, 4.461530
1.000000, 1.550000, 4.677878
1.050000, 1.550000, 4.899824
1.100000, 1.550000, 5.132567
1.150000, 1.550000, 5.381131
1.200000, 1.550000, 5.649887
1.250000, 1.550000, 5.942094
1.300000, 1.550000, 6.259522
1.350000, 1.550000, 6.602153
1.400000, 1.550000, 6.968007
1.450000, 1.550000, 7.353101
1.500000, 1.550000, 7.751546
1.550000, 1.550000, 8.155780
1.600000, 1.550000, 8.556941
1.650000, 1.550000, 8.945345
1.700000, 1.550000, 9.311057
1.750000, 1.550000, 9.644507
1.800000, 1.550000, 9.937140
1.850000, 1.550000, 10.182033
1.900000, 1.550000, 10.374461
1.950000, 1.550000, 10.512363
2.000000, 1.550000, 10.596681
0.000000, 1.600000, 2.740889
0.050000, 1.600000, 2.562143
0.100000, 1.600000, 2.418769
0.150000, 1.600000, 2.315543
0.200000, 1.600000, 2.255536
0.250000, 1.600000, 2.240011
0.300000, 1.600000, 2.268430
0.350000, 1.600000, 2.338568
0.400000, 1.600000, 2.446733
0.450000, 1.600000, 2.588076
0.500000, 1.600000, 2.756966
0.550000, 1.600000, 2.947414
0.600000, 1.600000, 3.153513
0.650000, 1.600000, 3.369856
0.700000, 1.600000, 3.591921
0.750000, 1.600000, 3.816374
0.800000, 1.600000, 4.041280
0.850000, 1.600000, 4.266204
0.900000, 1.600000, 4.492186
0.950000, 1.600000, 4.721592
1.000000, 1.600000, 4.957857
1.050000, 1.600000, 5.205119
1.100000, 1.600000, 5.467788
1.150000, 1.600000, 5.750056
1.200000, 1.600000, 6.055415
1.250000, 1.600000, 6.386181
1.300000, 1.600000, 6.743098
1.350000, 1.600000, 7.125026
1.400000, 1.600000, 7.528758
1.450000, 1.600000, 7.948986
1.500000, 1.600000, 8.378416
1.550000, 1.600000, 8.808052
1.600000, 1.600000, 9.227620
1.650000, 1.600000, 9.626129
1.700000, 1.600000, 9.992528
1.750000, 1.600000, 10.316427
1.800000, 1.600000, 10.588839
1.850000, 1.600000, 10.802882
1.900000, 1.600000, 10.954418
1.950000, 1.600000, 11.042559
2.000000, 1.600000, 11.070013
0.000000, 1.650000, 3.567557
0.050000, 1.650000, 3.386534
0.100000, 1.650000, 3.225779
0.150000, 1.650000, 3.092104
0.200000, 1.650000, 2.991174
0.250000, 1.650000, 2.927197
0.300000, 1.650000, 2.902715
0.350000, 1.650000, 2.918521
0.400000, 1.650000, 2.973707
0.450000, 1.650000, 3.065830
0.500000, 1.650000, 3.191198
0.550000, 1.650000, 3.345243
0.600000, 1.650000, 3.522953
0.650000, 1.650000, 3.719324
0.700000, 1.650000, 3.929813
0.750000, 1.650000, 4.150719
0.800000, 1.650000, 4.379496
0.850000, 1.650000, 4.614949
0.900000, 1.650000, 4.857290
0.950000, 1.650000, 5.108062
1.000000, 1.650000, 5.369923
1.050000, 1.650000, 5.646296
1.100000, 1.650000, 5.940932
1.150000, 1.650000, 6.257391
1.200000, 1.650000, 6.598513
1.250000, 1.650000, 6.965891
1.300000, 1.650000, 7.359425
1.350000, 1.650000, 7.776969
1.400000, 1.650000, 8.214132
1.450000, 1.650000, 8.664246
1.500000, 1.650000, 9.118524
1.550000, 1.650000, 9.566403
1.600000, 1.650000, 9.996075
1.650000, 1.650000, 10.395159
1.700000, 1.650000, 10.751499
1.750000, 1.650000, 11.054015
1.800000, 1.650000, 11.293572
1.850000, 1.650000, 11.463792
1.900000, 1.650000, 11.561755
1.950000, 1.650000, 11.588527
2.000000, 1.650000, 11.549478
0.000000, 1.700000, 4.308005
0.050000, 1.700000, 4.108025
0.100000, 1.700000, 3.913920
0.150000, 1.700000, 3.735501
0.200000, 1.700000, 3.581869
0.250000, 1.700000, 3.460834
0.300000, 1.700000, 3.378452
0.350000, 1.700000, 3.338724
0.400000, 1.700000, 3.343455
0.450000, 1.700000, 3.392307
0.500000, 1.700000, 3.483018
0.550000, 1.700000, 3.611774
0.600000, 1.700000, 3.773690
0.650000, 1.700000, 3.963368
0.700000, 1.700000, 4.175457
0.750000, 1.700000, 4.405196
0.800000, 1.700000, 4.648855
0.850000, 1.700000, 4.904058
0.900000, 1.700000, 5.169948
0.950000, 1.700000, 5.447164
1.000000, 1.700000, 5.737656
1.050000, 1.700000, 6.044321
1.100000, 1.700000, 6.370512
1.150000, 1.700000, 6.719452
1.200000, 1.700000, 7.093605
1.250000, 1.700000, 7.494069
1.300000, 1.700000, 7.920044
1.350000, 1.700000, 8.368428
1.400000, 1.700000, 8.833600
1.450000, 1.700000, 9.307413
1.500000, 1.700000, 9.779422
1.550000, 1.700000, 10.237335
1.600000, 1.700000, 10.667694
1.650000, 1.700000, 11.056719
1.700000, 1.700000, 11.391279
1.750000, 1.700000, 11.659919
1.800000, 1.700000, 11.853870
1.850000, 1.700000, 11.967959
1.900000, 1.700000, 12.001352
1.950000, 1.700000, 11.958052
2.000000, 1.700000, 11.847112
0.000000, 1.750000, 4.798897
0.050000, 1.750000, 4.563894
0.100000, 1.750000, 4.321977
0.150000, 1.750000, 4.086837
0.200000, 1.750000, 3.871717
0.250000, 1.750000, 3.688515
0.300000, 1.750000, 3.547038
0.350000, 1.750000, 3.454452
0.400000, 1.750000, 3.414985
0.450000, 1.750000, 3.429881
0.500000, 1.750000, 3.497605
0.550000, 1.750000, 3.614279
0.600000, 1.750000, 3.774278
0.650000, 1.750000, 3.970954
0.700000, 1.750000, 4.197390
0.750000, 1.750000, 4.447135
0.800000, 1.750000, 4.714821
0.850000, 1.750000, 4.996637
0.900000, 1.750000, 5.290588
0.950000, 1.750000, 5.596518
1.000000, 1.750000, 5.915915
1.050000, 1.750000, 6.251482
1.100000, 1.750000, 6.606548
1.150000, 1.750000, 6.984349
1.200000, 1.750000, 7.387266
1.250000, 1.750000, 7.816089
1.300000, 1.750000, 8.269388
1.350000, 1.750000, 8.743064
1.400000, 1.750000, 9.230122
1.450000, 1.750000, 9.720734
1.500000, 1.750000, 10.202584
1.550000, 1.750000, 10.661493
1.600000, 1.750000, 11.082303
1.650000, 1.750000, 11.449943
1.700000, 1.750000, 11.750627
1.750000, 1.750000, 11.973063
1.800000, 1.750000, 12.109600
1.850000, 1.750000, 12.157207
1.900000, 1.750000, 12.118192
1.950000, 1.750000, 12.000585
2.000000, 1.750000, 11.818146
0.000000, 1.800000, 4.968140
0.050000, 1.800000, 4.683554
0.100000, 1.800000, 4.381674
0.150000, 1.800000, 4.080826
0.200000, 1.800000, 3.798936
0.250000, 1.800000, 3.552281
0.300000, 1.800000, 3.354420
0.350000, 1.800000, 3.215423
0.400000, 1.800000, 3.141422
0.450000, 1.800000, 3.134524
0.500000, 1.800000, 3.193059
0.550000, 1.800000, 3.312152
0.600000, 1.800000, 3.484514
0.650000, 1.800000, 3.701407
0.700000, 1.800000, 3.953651
0.750000, 1.800000, 4.232595
0.800000, 1.800000, 4.530951
0.850000, 1.800000, 4.843403
0.900000, 1.800000, 5.166952
0.950000, 1.800000, 5.500949
1.000000, 1.800000, 5.846828
1.050000, 1.800000, 6.207559
1.100000, 1.800000, 6.586886
1.150000, 1.800000, 6.988432
1.200000, 1.800000, 7.414748
1.250000, 1.800000, 7.866430
1.300000, 1.800000, 8.341390
1.350000, 1.800000, 8.834371
1.400000, 1.800000, 9.336768
1.450000, 1.800000, 9.836806
1.500000, 1.800000, 10.320075
1.550000, 1.800000, 10.770400
1.600000, 1.800000, 11.170988
1.650000, 1.800000, 11.505774
1.700000, 1.800000, 11.760852
1.750000, 1.800000, 11.925874
1.800000, 1.800000, 11.995293
1.850000, 1.800000, 11.969339
1.900000, 1.800000, 11.854611
1.950000, 1.800000, 11.664239
2.000000, 1.800000, 11.417541
0.000000, 1.850000, 4.857165
0.050000, 1.850000, 4.510744
0.100000, 1.850000, 4.139741
0.150000, 1.850000, 3.767704
0.200000, 1.850000, 3.417590
0.250000, 1.850000, 3.110116
0.300000, 1.850000, 2.862379
0.350000, 1.850000, 2.686863
0.400000, 1.850000, 2.590885
0.450000, 1.850000, 2.576523
0.500000, 1.850000, 2.640990
0.550000, 1.850000, 2.777415
0.600000, 1.850000, 2.975925
0.650000, 1.850000, 3.224909
0.700000, 1.850000, 3.512347
0.750000, 1.850000, 3.827053
0.800000, 1.850000, 4.159726
0.850000, 1.850000, 4.503695
0.900000, 1.850000, 4.855301
0.950000, 1.850000, 5.213885
1.000000, 1.850000, 5.581376
1.050000, 1.850000, 5.961558
1.100000, 1.850000, 6.359064
1.150000, 1.850000, 6.778243
1.200000, 1.850000, 7.221994
1.250000, 1.850000, 7.690720
1.300000, 1.850000, 8.181520
1.350000, 1.850000, 8.687705
1.400000, 1.850000, 9.198737
1.450000, 1.850000, 9.700600
1.500000, 1.850000, 10.176601
1.550000, 1.850000, 10.608565
1.600000, 1.850000, 10.978303
1.650000, 1.850000, 11.269266
1.700000, 1.850000, 11.468213
1.750000, 1.850000, 11.566753
1.800000, 1.850000, 11.562610
1.850000, 1.850000, 11.460482
1.900000, 1.850000, 11.272386
1.950000, 1.850000, 11.017428
2.000000, 1.850000, 10.720996
0.000000, 1.900000, 4.600342
0.050000, 1.900000, 4.182822
0.100000, 1.900000, 3.737038
0.150000, 1.900000, 3.292157
0.200000, 1.900000, 2.876295
0.250000, 1.900000, 2.514453
0.300000, 1.900000, 2.226823
0.350000, 1.900000, 2.027608
0.400000, 1.900000, 1.924417
0.450000, 1.900000, 1.918280
0.500000, 1.900000, 2.004234
0.550000, 1.900000, 2.172410
0.600000, 1.900000, 2.409472
0.650000, 1.900000, 2.700277
0.700000, 1.900000, 3.029552
0.750000, 1.900000, 3.383446
0.800000, 1.900000, 3.750781
0.850000, 1.900000, 4.123902
0.900000, 1.900000, 4.499041
0.950000, 1.900000, 4.876167
1.000000, 1.900000, 5.258369
1.050000, 1.900000, 5.650829
1.100000, 1.900000, 6.059524
1.150000, 1.900000, 6.489790
1.200000, 1.900000, 6.944931
1.250000, 1.900000, 7.425020
1.300000, 1.900000, 7.926045
1.350000, 1.900000, 8.439512
1.400000, 1.900000, 8.952567
1.450000, 1.900000, 9.448668
1.500000, 1.900000, 9.908742
1.550000, 1.900000, 10.312766
1.600000, 1.900000, 10.641612
1.650000, 1.900000, 10.879002
1.700000, 1.900000, 11.013379
1.750000, 1.900000, 11.039510
1.800000, 1.900000, 10.959655
1.850000, 1.900000, 10.784159
1.900000, 1.900000, 10.531379
1.950000, 1.900000, 10.226929
2.000000, 1.900000, 9.902249
0.000000, 1.950000, 4.369644
0.050000, 1.950000, 3.875260
0.100000, 1.950000, 3.352859
0.150000, 1.950000, 2.837413
0.200000, 1.950000, 2.362103
0.250000, 1.950000, 1.955837
0.300000, 1.950000, 1.641256
0.350000, 1.950000, 1.433410
0.400000, 1.950000, 1.339170
0.450000, 1.950000, 1.357416
0.500000, 1.950000, 1.479932
0.550000, 1.950000, 1.692882
0.600000, 1.950000, 1.978710
0.650000, 1.950000, 2.318235
0.700000, 1.950000, 2.692732
0.750000, 1.950000, 3.085784
0.800000, 1.950000, 3.484715
0.850000, 1.950000, 3.881482
0.900000, 1.950000, 4.272932
0.950000, 1.950000, 4.660442
1.000000, 1.950000, 5.048976
1.050000, 1.950000, 5.445699
1.100000, 1.950000, 5.858303
1.150000, 1.950000, 6.293255
1.200000, 1.950000, 6.754166
1.250000, 1.950000, 7.240479
1.300000, 1.950000, 7.746643
1.350000, 1.950000, 8.261892
1.400000, 1.950000, 8.770664
1.450000, 1.950000, 9.253667
1.500000, 1.950000, 9.689493
1.550000, 1.950000, 10.056634
1.600000, 1.950000, 10.335718
1.650000, 1.950000, 10.511740
1.700000, 1.950000, 10.576045
1.750000, 1.950000, 10.527870
1.800000, 1.950000, 10.375249
1.850000, 1.950000, 10.135167
1.900000, 1.950000, 9.832895
1.950000, 1.950000, 9.500548
2.000000, 1.950000, 9.174935
0.000000, 2.000000, 4.305926
0.050000, 2.000000, 3.732734
0.100000, 2.000000, 3.135813
0.150000, 2.000000, 2.555903
0.200000, 2.000000, 2.030948
0.250000, 2.000000, 1.593181
0.300000, 2.000000, 1.266869
0.350000, 2.000000, 1.066897
0.400000, 2.000000, 0.998280
0.450000, 2.000000, 1.056615
0.500000, 2.000000, 1.229383
0.550000, 2.000000, 1.497918
0.600000, 2.000000, 1.839834
0.650000, 2.000000, 2.231619
0.700000, 2.000000, 2.651132
0.750000, 2.000000, 3.079744
0.800000, 2.000000, 3.503898
0.850000, 2.000000, 3.915958
0.900000, 2.000000, 4.314276
0.950000, 2.000000, 4.702490
1.000000, 2.000000, 5.088167
1.050000, 2.000000, 5.480969
1.100000, 2.000000, 5.890559
1.150000, 2.000000, 6.324504
1.200000, 2.000000, 6.786443
1.250000, 2.000000, 7.274725
1.300000, 2.000000, 7.781717
1.350000, 2.000000, 8.293861
1.400000, 2.000000, 8.792527
1.450000, 2.000000, 9.255575
1.500000, 2.000000, 9.659493
1.550000, 2.000000, 9.981895
1.600000, 2.000000, 10.204115
1.650000, 2.000000, 10.313633
1.700000, 2.000000, 10.306047
1.750000, 2.000000, 10.186373
1.800000, 2.000000, 9.969493
1.850000, 2.000000, 9.679678
1.900000, 2.000000, 9.349158
1.950000, 2.000000, 9.015877
2.000000, 2.000000, 8.720577
