0.000000, 0.000000, 0.126732
0.050000, 0.000000, 1.175916
0.100000, 0.000000, 1.815417
0.150000, 0.000000, 1.769262
0.200000, 0.000000, 1.035338
0.250000, 0.000000, -0.114558
0.300000, 0.000000, -1.239565
0.350000, 0.000000, -1.899435
0.400000, 0.000000, -1.824194
0.450000, 0.000000, -1.018942
0.500000, 0.000000, 0.236265
0.550000, 0.000000, 1.491477
0.600000, 0.000000, 2.296740
0.650000, 0.000000, 2.372001
0.700000, 0.000000, 1.712159
0.750000, 0.000000, 0.587187
0.800000, 0.000000, -0.562666
0.850000, 0.000000, -1.296540
0.900000, 0.000000, -1.342636
0.950000, 0.000000, -0.703069
1.000000, 0.000000, 0.346189
1.050000, 0.000000, 1.360259
1.100000, 0.000000, 1.895125
1.150000, 0.000000, 1.677395
1.200000, 0.000000, 0.709180
1.250000, 0.000000, -0.731949
1.300000, 0.000000, -2.197959
1.350000, 0.000000, -3.240205
1.400000, 0.000000, -3.579293
1.450000, 0.000000, -3.210122
1.500000, 0.000000, -2.402006
1.550000, 0.000000, -1.593886
1.600000, 0.000000, -1.224703
1.650000, 0.000000, -1.563772
1.700000, 0.000000, -2.605990
1.750000, 0.000000, -4.071965
1.800000, 0.000000, -5.513052
1.850000, 0.000000, -6.481215
1.900000, 0.000000, -6.698887
1.950000, 0.000000, -6.163954
2.000000, 0.000000, -5.149810
0.000000, 0.050000, 0.095867
0.050000, 0.050000, 1.190359
0.100000, 0.050000, 1.873879
0.150000, 0.050000, 1.869628
0.200000, 0.050000, 1.174721
0.250000, 0.050000, 0.060254
0.300000, 0.050000, -1.033525
0.350000, 0.050000, -1.666878
0.400000, 0.050000, -1.570225
0.450000, 0.050000, -0.748935
0.500000, 0.050000, 0.516801
0.550000, 0.050000, 1.777032
0.600000, 0.050000, 2.581940
0.650000, 0.050000, 2.651739
0.700000, 0.050000, 1.981719
0.750000, 0.050000, 0.842366
0.800000, 0.050000, -0.325462
0.850000, 0.050000, -1.080204
0.900000, 0.050000, -1.149288
0.950000, 0.050000, -0.534006
1.000000, 0.050000, 0.490526
1.050000, 0.050000, 1.480294
1.100000, 0.050000, 1.992139
1.150000, 0.050000, 1.753491
1.200000, 0.050000, 0.767234
1.250000, 0.050000, -0.688361
1.300000, 0.050000, -2.164648
1.350000, 0.050000, -3.212473
1.400000, 0.050000, -3.552051
1.450000, 0.050000, -3.178012
1.500000, 0.050000, -2.359534
1.550000, 0.050000, -1.535559
1.600000, 0.050000, -1.145166
1.650000, 0.050000, -1.457936
1.700000, 0.050000, -2.469160
1.750000, 0.050000, -3.899957
1.800000, 0.050000, -5.302293
1.850000, 0.050000, -6.228836
1.900000, 0.050000, -6.402790
1.950000, 0.050000, -5.822866
2.000000, 0.050000, -4.763315
0.000000, 0.100000, 0.062732
0.050000, 0.100000, 1.201243
0.100000, 0.100000, 1.926664
0.150000, 0.100000, 1.961424
0.200000, 0.100000, 1.301932
0.250000, 0.100000, 0.218669
0.300000, 0.100000, -0.848630
0.350000, 0.100000, -1.460623
0.400000, 0.100000, -1.348001
0.450000, 0.100000, -0.516272
0.500000, 0.100000, 0.754372
0.550000, 0.100000, 2.014110
0.600000, 0.100000, 2.813390
0.650000, 0.100000, 2.872816
0.700000, 0.100000, 2.188185
0.750000, 0.100000, 1.030592
0.800000, 0.100000, -0.158405
0.850000, 0.100000, -0.936477
0.900000, 0.100000, -1.030232
0.950000, 0.100000, -0.440107
1.000000, 0.100000, 0.559644
1.050000, 0.100000, 1.525862
1.100000, 0.100000, 2.016207
1.150000, 0.100000, 1.758880
1.200000, 0.100000, 0.757463
1.250000, 0.100000, -0.709163
1.300000, 0.100000, -2.191847
1.350000, 0.100000, -3.241043
1.400000, 0.100000, -3.576700
1.450000, 0.100000, -3.193316
1.500000, 0.100000, -2.360072
1.550000, 0.100000, -1.516049
1.600000, 0.100000, -1.100595
1.650000, 0.100000, -1.383687
1.700000, 0.100000, -2.361129
1.750000, 0.100000, -3.754655
1.800000, 0.100000, -5.116934
1.850000, 0.100000, -6.001410
1.900000, 0.100000, -6.132112
1.950000, 0.100000, -5.508610
2.000000, 0.100000, -4.406024
0.000000, 0.150000, 0.027393
0.050000, 0.150000, 1.207808
0.100000, 0.150000, 1.972240
0.150000, 0.150000, 2.042408
0.200000, 0.150000, 1.414100
0.250000, 0.150000, 0.357279
0.300000, 0.150000, -0.688720
0.350000, 0.150000, -1.284833
0.400000, 0.150000, -1.161892
0.450000, 0.150000, -0.325415
0.500000, 0.150000, 0.944533
0.550000, 0.150000, 2.198393
0.600000, 0.150000, 2.986997
0.650000, 0.150000, 3.031452
0.700000, 0.150000, 2.328159
0.750000, 0.150000, 1.148905
0.800000, 0.150000, -0.063986
0.850000, 0.150000, -0.867368
0.900000, 0.150000, -0.987001
0.950000, 0.150000, -0.422463
1.000000, 0.150000, 0.552842
1.050000, 0.150000, 1.496568
1.100000, 0.150000, 1.967146
1.150000, 0.150000, 1.693466
1.200000, 0.150000, 0.679719
1.250000, 0.150000, -0.794713
1.300000, 0.150000, -2.280291
1.350000, 0.150000, -3.327208
1.400000, 0.150000, -3.655284
1.450000, 0.150000, -3.259024
1.500000, 0.150000, -2.407749
1.550000, 0.150000, -1.540814
1.600000, 0.150000, -1.097966
1.650000, 0.150000, -1.349698
1.700000, 0.150000, -2.292432
1.750000, 0.150000, -3.648606
1.800000, 0.150000, -4.971669
1.850000, 0.150000, -5.815892
1.900000, 0.150000, -5.906166
1.950000, 0.150000, -5.242932
2.000000, 0.150000, -4.102169
0.000000, 0.200000, -0.010045
0.050000, 0.200000, 1.209388
0.100000, 0.200000, 2.009235
0.150000, 0.200000, 2.110587
0.200000, 0.200000, 1.508706
0.250000, 0.200000, 0.473148
0.300000, 0.200000, -0.557039
0.350000, 0.200000, -1.142939
0.400000, 0.200000, -1.015403
0.450000, 0.200000, -0.179825
0.500000, 0.200000, 1.083981
0.550000, 0.200000, 2.326833
0.600000, 0.200000, 3.100060
0.650000, 0.200000, 3.125364
0.700000, 0.200000, 2.399836
0.750000, 0.200000, 1.196020
0.800000, 0.200000, -0.042951
0.850000, 0.200000, -0.873087
0.900000, 0.200000, -1.019296
0.950000, 0.200000, -0.480311
1.000000, 0.200000, 0.471273
1.050000, 0.200000, 1.393872
1.100000, 0.200000, 1.846605
1.150000, 0.200000, 1.558965
1.200000, 0.200000, 0.535640
1.250000, 0.200000, -0.943605
1.300000, 0.200000, -2.428972
1.350000, 0.200000, -3.470530
1.400000, 0.200000, -3.788106
1.450000, 0.200000, -3.376350
1.500000, 0.200000, -2.504861
1.550000, 0.200000, -1.613392
1.600000, 0.200000, -1.142208
1.650000, 0.200000, -1.362421
1.700000, 0.200000, -2.271159
1.750000, 0.200000, -3.591641
1.800000, 0.200000, -4.878141
1.850000, 0.200000, -5.685793
1.900000, 0.200000, -5.740357
1.950000, 0.200000, -5.043134
2.000000, 0.200000, -3.870929
0.000000, 0.250000, -0.049435
0.050000, 0.250000, 1.205427
0.100000, 0.250000, 2.036478
0.150000, 0.250000, 2.164272
0.200000, 0.250000, 1.583653
0.250000, 0.250000, 0.563882
0.300000, 0.250000, -0.456153
0.350000, 0.250000, -1.037563
0.400000, 0.250000, -0.911087
0.450000, 0.250000, -0.081878
0.500000, 0.250000, 1.170621
0.550000, 0.250000, 2.397713
0.600000, 0.250000, 3.151316
0.650000, 0.250000, 3.153811
0.700000, 0.250000, 2.403039
0.750000, 0.250000, 1.172346
0.800000, 0.250000, -0.094298
0.850000, 0.250000, -0.952059
0.900000, 0.250000, -1.125005
0.950000, 0.250000, -0.611067
1.000000, 0.250000, 0.317920
1.050000, 0.250000, 1.221054
1.100000, 0.250000, 1.658050
1.150000, 0.250000, 1.358899
1.200000, 0.250000, 0.328668
1.250000, 0.250000, -1.152622
1.300000, 0.250000, -2.635051
1.350000, 0.250000, -3.668693
1.400000, 0.250000, -3.973524
1.450000, 0.250000, -3.544466
1.500000, 0.250000, -2.651519
1.550000, 0.250000, -1.734951
1.600000, 0.250000, -1.235642
1.650000, 0.250000, -1.425408
1.700000, 0.250000, -2.302152
1.750000, 0.250000, -3.589915
1.800000, 0.250000, -4.843827
1.850000, 0.250000, -5.619885
1.900000, 0.250000, -5.644701
1.950000, 0.250000, -4.920394
2.000000, 0.250000, -3.724536
0.000000, 0.300000, -0.090597
0.050000, 0.300000, 1.195493
0.100000, 0.300000, 2.053024
0.150000, 0.300000, 2.202117
0.200000, 0.300000, 1.637311
0.250000, 0.300000, 0.627691
0.300000, 0.300000, -0.387891
0.350000, 0.300000, -0.970450
0.400000, 0.300000, -0.850492
0.450000, 0.300000, -0.032813
0.500000, 0.300000, 1.203618
0.550000, 0.300000, 2.410684
0.600000, 0.300000, 3.140970
0.650000, 0.300000, 3.117599
0.700000, 0.300000, 2.339205
0.750000, 0.300000, 1.079964
0.800000, 0.300000, -0.215317
0.850000, 0.300000, -1.100972
0.900000, 0.300000, -1.300268
0.950000, 0.300000, -0.810385
1.000000, 0.300000, 0.097520
1.050000, 0.300000, 0.983145
1.100000, 0.300000, 1.406696
1.150000, 0.300000, 1.098544
1.200000, 0.300000, 0.064013
1.250000, 0.300000, -1.416750
1.300000, 0.300000, -2.893830
1.350000, 0.300000, -3.917444
1.400000, 0.300000, -4.207836
1.450000, 0.300000, -3.760323
1.500000, 0.300000, -2.845409
1.550000, 0.300000, -1.903973
1.600000, 0.300000, -1.377587
1.650000, 0.300000, -1.538831
1.700000, 0.300000, -2.386418
1.750000, 0.300000, -3.645231
1.800000, 0.300000, -4.871252
1.850000, 0.300000, -5.621312
1.900000, 0.300000, -5.622828
1.950000, 0.300000, -4.878668
2.000000, 0.300000, -3.667079
0.000000, 0.350000, -0.133321
0.050000, 0.350000, 1.179286
0.100000, 0.350000, 2.058177
0.150000, 0.350000, 2.223151
0.200000, 0.350000, 1.668557
0.250000, 0.350000, 0.663428
0.300000, 0.350000, -0.353303
0.350000, 0.350000, -0.942432
0.400000, 0.350000, -0.834123
0.450000, 0.350000, -0.032710
0.500000, 0.350000, 1.183404
0.550000, 0.350000, 2.366759
0.600000, 0.350000, 3.070671
0.650000, 0.350000, 3.019047
0.700000, 0.350000, 2.211340
0.750000, 0.350000, 0.922558
0.800000, 0.350000, -0.401667
0.850000, 0.350000, -1.314871
0.900000, 0.350000, -1.539577
0.950000, 0.350000, -1.072282
1.000000, 0.350000, -0.183550
1.050000, 0.350000, 0.686812
1.100000, 0.350000, 1.099395
1.150000, 0.350000, 0.784828
1.200000, 0.350000, -0.251430
1.250000, 0.350000, -1.729233
1.300000, 0.350000, -3.198795
1.350000, 0.350000, -4.210593
1.400000, 0.350000, -4.485251
1.450000, 0.350000, -4.018579
1.500000, 0.350000, -3.081675
1.550000, 0.350000, -2.116091
1.600000, 0.350000, -1.564147
1.650000, 0.350000, -1.699213
1.700000, 0.350000, -2.520824
1.750000, 0.350000, -3.754690
1.800000, 0.350000, -4.957607
1.850000, 0.350000, -5.687184
1.900000, 0.350000, -5.671562
1.950000, 0.350000, -4.914258
2.000000, 0.350000, -3.694077
0.000000, 0.400000, -0.177368
0.050000, 0.400000, 1.156650
0.100000, 0.400000, 2.051510
0.150000, 0.400000, 2.226803
0.200000, 0.400000, 1.676805
0.250000, 0.400000, 0.670615
0.300000, 0.400000, -0.352634
0.350000, 0.400000, -0.953412
0.400000, 0.400000, -0.861437
0.450000, 0.400000, -0.080492
0.500000, 0.400000, 1.111663
0.550000, 0.400000, 2.268287
0.600000, 0.400000, 2.943467
0.650000, 0.400000, 2.861923
0.700000, 0.400000, 2.023930
0.750000, 0.400000, 0.705316
0.800000, 0.400000, -0.647494
0.850000, 0.400000, -1.587292
0.900000, 0.400000, -1.835921
0.950000, 0.400000, -1.389281
1.000000, 0.400000, -0.517434
1.050000, 0.400000, 0.340199
1.100000, 0.400000, 0.744480
1.150000, 0.400000, 0.426183
1.200000, 0.400000, -0.609222
1.250000, 0.400000, -2.081703
1.300000, 0.400000, -3.541716
1.350000, 0.400000, -4.540099
1.400000, 0.400000, -4.797950
1.450000, 0.400000, -4.311646
1.500000, 0.400000, -3.352938
1.550000, 0.400000, -2.364097
1.600000, 0.400000, -1.788207
1.650000, 0.400000, -1.899431
1.700000, 0.400000, -2.698101
1.750000, 0.400000, -3.910710
1.800000, 0.400000, -5.094801
1.850000, 0.400000, -5.808678
1.900000, 0.400000, -5.781096
1.950000, 0.400000, -5.016100
2.000000, 0.400000, -3.792916
0.000000, 0.450000, -0.222482
0.050000, 0.450000, 1.127574
0.100000, 0.450000, 2.032873
0.150000, 0.450000, 2.212914
0.200000, 0.450000, 1.662017
0.250000, 0.450000, 0.649459
0.300000, 0.450000, -0.385321
0.350000, 0.450000, -1.002365
0.400000, 0.450000, -0.930858
0.450000, 0.450000, -0.173956
0.500000, 0.450000, 0.991283
0.550000, 0.450000, 2.118879
0.600000, 0.450000, 2.763718
0.650000, 0.450000, 2.651335
0.700000, 0.450000, 1.782820
0.750000, 0.450000, 0.434788
0.800000, 0.450000, -0.945592
0.850000, 0.450000, -1.910431
0.900000, 0.450000, -2.180969
0.950000, 0.450000, -1.752600
1.000000, 0.450000, -0.894988
1.050000, 0.450000, -0.047270
1.100000, 0.450000, 0.351575
1.150000, 0.450000, 0.032352
1.200000, 0.450000, -0.999564
1.250000, 0.450000, -2.464357
1.300000, 0.450000, -3.912822
1.350000, 0.450000, -4.896240
1.400000, 0.450000, -5.136248
1.450000, 0.450000, -4.629847
1.500000, 0.450000, -3.649470
1.550000, 0.450000, -2.638121
1.600000, 0.450000, -2.039641
1.650000, 0.450000, -2.128954
1.700000, 0.450000, -2.907141
1.750000, 0.450000, -4.101407
1.800000, 0.450000, -5.269951
1.850000, 0.450000, -5.971658
1.900000, 0.450000, -5.935779
1.950000, 0.450000, -5.166744
2.000000, 0.450000, -3.944053
0.000000, 0.500000, -0.268393
0.050000, 0.500000, 1.092192
0.100000, 0.500000, 2.002399
0.150000, 0.500000, 2.181744
0.200000, 0.500000, 1.624704
0.250000, 0.500000, 0.600839
0.300000, 0.500000, -0.450008
0.350000, 0.500000, -1.087369
0.400000, 0.500000, -1.039821
0.450000, 0.500000, -0.309835
0.500000, 0.500000, 0.826276
0.550000, 0.500000, 1.923316
0.600000, 0.500000, 2.536978
0.650000, 0.500000, 2.393603
0.700000, 0.500000, 1.495062
0.750000, 0.500000, 0.118716
0.800000, 0.500000, -1.287584
0.850000, 0.500000, -2.275340
0.900000, 0.500000, -2.565277
0.950000, 0.500000, -2.152377
1.000000, 0.500000, -1.306005
1.050000, 0.500000, -0.465118
1.100000, 0.500000, -0.068642
1.150000, 0.500000, -0.385840
1.200000, 0.500000, -1.411525
1.250000, 0.500000, -2.866188
1.300000, 0.500000, -4.301034
1.350000, 0.500000, -5.267849
1.400000, 0.500000, -5.488854
1.450000, 0.500000, -4.961694
1.500000, 0.500000, -3.959499
1.550000, 0.500000, -2.925988
1.600000, 0.500000, -2.305726
1.650000, 0.500000, -2.374348
1.700000, 0.500000, -3.133607
1.750000, 0.500000, -4.311329
1.800000, 0.500000, -5.466264
1.850000, 0.500000, -6.157758
1.900000, 0.500000, -6.115421
1.950000, 0.500000, -5.343935
2.000000, 0.500000, -4.122922
0.000000, 0.550000, -0.314824
0.050000, 0.550000, 1.050781
0.100000, 0.550000, 1.960495
0.150000, 0.550000, 2.133962
0.200000, 0.550000, 1.565915
0.250000, 0.550000, 0.526289
0.300000, 0.550000, -0.544585
0.350000, 0.550000, -1.205656
0.400000, 0.550000, -1.184839
0.450000, 0.550000, -0.483882
0.500000, 0.550000, 0.621674
0.550000, 0.550000, 1.687423
0.600000, 0.550000, 2.269855
0.650000, 0.550000, 2.096086
0.700000, 0.550000, 1.168731
0.750000, 0.550000, -0.234166
0.800000, 0.550000, -1.664137
0.850000, 0.550000, -2.672158
0.900000, 0.550000, -2.978528
0.950000, 0.550000, -2.577910
1.000000, 0.550000, -1.739467
1.050000, 0.550000, -0.902074
1.100000, 0.550000, -0.504695
1.150000, 0.550000, -0.816750
1.200000, 0.550000, -1.833320
1.250000, 0.550000, -3.275268
1.300000, 0.550000, -4.694263
1.350000, 0.550000, -5.642634
1.400000, 0.550000, -5.843206
1.450000, 0.550000, -5.294276
1.500000, 0.550000, -4.269648
1.550000, 0.550000, -3.213727
1.600000, 0.550000, -2.571747
1.650000, 0.550000, -2.619982
1.700000, 0.550000, -3.360775
1.750000, 0.550000, -4.522472
1.800000, 0.550000, -5.664261
1.850000, 0.550000, -6.345830
1.900000, 0.550000, -6.297024
1.950000, 0.550000, -5.522642
2.000000, 0.550000, -4.302310
0.000000, 0.600000, -0.361496
0.050000, 0.600000, 1.003753
0.100000, 0.600000, 1.907839
0.150000, 0.600000, 2.070631
0.200000, 0.600000, 1.487206
0.250000, 0.600000, 0.427956
0.300000, 0.600000, -0.666234
0.350000, 0.600000, -1.353680
0.400000, 0.600000, -1.361594
0.450000, 0.600000, -0.690978
0.500000, 0.600000, 0.383401
0.550000, 0.600000, 1.417919
0.600000, 0.600000, 1.969834
0.650000, 0.600000, 1.766999
0.700000, 0.600000, 0.812717
0.750000, 0.600000, -0.614350
0.800000, 0.600000, -2.065197
0.850000, 0.600000, -3.090356
0.900000, 0.600000, -3.409786
0.950000, 0.600000, -3.017922
1.000000, 0.600000, -2.183815
1.050000, 0.600000, -1.346346
1.100000, 0.600000, -0.944597
1.150000, 0.600000, -1.248214
1.200000, 0.600000, -2.252609
1.250000, 0.600000, -3.679065
1.300000, 0.600000, -5.079749
1.350000, 0.600000, -6.007549
1.400000, 0.600000, -6.185898
1.450000, 0.600000, -5.613727
1.500000, 0.600000, -4.565484
1.550000, 0.600000, -3.486209
1.600000, 0.600000, -2.821744
1.650000, 0.600000, -2.848924
1.700000, 0.600000, -3.570594
1.750000, 0.600000, -4.715525
1.800000, 0.600000, -5.843239
1.850000, 0.600000, -6.513660
1.900000, 0.600000, -6.456765
1.950000, 0.600000, -5.677370
2.000000, 0.600000, -4.455006
0.000000, 0.650000, -0.408141
0.050000, 0.650000, 0.951646
0.100000, 0.650000, 1.845359
0.150000, 0.650000, 1.993179
0.200000, 0.650000, 1.390604
0.250000, 0.650000, 0.308546
0.300000, 0.650000, -0.811511
0.350000, 0.650000, -1.527209
0.400000, 0.650000, -1.565045
0.450000, 0.650000, -0.925267
0.500000, 0.650000, 0.118119
0.550000, 0.650000, 1.122244
0.600000, 0.650000, 1.645093
0.650000, 0.650000, 1.415205
0.700000, 0.650000, 0.436503
0.750000, 0.650000, -1.011802
0.800000, 0.650000, -2.480245
0.850000, 0.650000, -3.518998
0.900000, 0.650000, -3.847767
0.950000, 0.650000, -3.460841
1.000000, 0.650000, -2.627238
1.050000, 0.650000, -1.785918
1.100000, 0.650000, -1.376147
1.150000, 0.650000, -1.667855
1.200000, 0.650000, -2.656828
1.250000, 0.650000, -4.064798
1.300000, 0.650000, -5.444446
1.350000, 0.650000, -6.349224
1.400000, 0.650000, -6.503156
1.450000, 0.650000, -5.905781
1.500000, 0.650000, -4.832151
1.550000, 0.650000, -3.727888
1.600000, 0.650000, -3.039378
1.650000, 0.650000, -3.043946
1.700000, 0.650000, -3.744861
1.750000, 0.650000, -4.871238
1.800000, 0.650000, -5.982853
1.850000, 0.650000, -6.639790
1.900000, 0.650000, -6.572083
1.950000, 0.650000, -5.784504
2.000000, 0.650000, -4.556442
0.000000, 0.700000, -0.454501
0.050000, 0.700000, 0.895110
0.100000, 0.700000, 1.774211
0.150000, 0.700000, 1.903369
0.200000, 0.700000, 1.278559
0.250000, 0.700000, 0.171256
0.300000, 0.700000, -0.976422
0.350000, 0.700000, -1.721433
0.400000, 0.700000, -1.789555
0.450000, 0.700000, -1.180299
0.500000, 0.700000, -0.166938
0.550000, 0.700000, 0.808372
0.600000, 0.700000, 1.304294
0.650000, 0.700000, 1.049986
0.700000, 0.700000, 0.049927
0.750000, 0.700000, -1.416200
0.800000, 0.700000, -2.898550
0.850000, 0.700000, -3.947014
0.900000, 0.700000, -4.281117
0.950000, 0.700000, -3.895080
1.000000, 0.700000, -3.057957
1.050000, 0.700000, -2.208845
1.100000, 0.700000, -1.787246
1.150000, 0.700000, -2.063413
1.200000, 0.700000, -3.033534
1.250000, 0.700000, -4.419809
1.300000, 0.700000, -5.775436
1.350000, 0.700000, -6.654419
1.400000, 0.700000, -6.781358
1.450000, 0.700000, -6.156366
1.500000, 0.700000, -5.055060
1.550000, 0.700000, -3.923596
1.600000, 0.700000, -3.208852
1.650000, 0.700000, -3.188589
1.700000, 0.700000, -3.866444
1.750000, 0.700000, -4.971821
1.800000, 0.700000, -6.064704
1.850000, 0.700000, -6.705296
1.900000, 0.700000, -6.623659
1.950000, 0.700000, -5.824506
2.000000, 0.700000, -4.587077
0.000000, 0.750000, -0.500339
0.050000, 0.750000, 0.834890
0.100000, 0.750000, 1.695752
0.150000, 0.750000, 1.803249
0.200000, 0.750000, 1.153877
0.250000, 0.750000, 0.019697
0.300000, 0.750000, -1.156530
0.350000, 0.750000, -1.931082
0.400000, 0.750000, -2.029035
0.450000, 0.750000, -1.449198
0.500000, 0.750000, -0.464151
0.550000, 0.750000, 0.484609
0.600000, 0.750000, 0.956360
0.650000, 0.750000, 0.680815
0.700000, 0.750000, -0.337067
0.750000, 0.750000, -1.817203
0.800000, 0.750000, -3.309442
0.850000, 0.750000, -4.363465
0.900000, 0.750000, -4.698689
0.950000, 0.750000, -4.309326
1.000000, 0.750000, -3.464521
1.050000, 0.750000, -2.603554
1.100000, 0.750000, -2.166202
1.150000, 0.750000, -2.423069
1.200000, 0.750000, -3.370759
1.250000, 0.750000, -4.731948
1.300000, 0.750000, -6.060348
1.350000, 0.750000, -6.910506
1.400000, 0.750000, -7.007574
1.450000, 0.750000, -6.352220
1.500000, 0.750000, -5.220592
1.550000, 0.750000, -4.059351
1.600000, 0.750000, -3.315836
1.650000, 0.750000, -3.268215
1.700000, 0.750000, -3.920465
1.750000, 0.750000, -5.002267
1.800000, 0.750000, -6.073801
1.850000, 0.750000, -6.695391
1.900000, 0.750000, -6.597140
1.950000, 0.750000, -5.783729
2.000000, 0.750000, -4.534295
0.000000, 0.800000, -0.545443
0.050000, 0.800000, 0.771810
0.100000, 0.800000, 1.611503
0.150000, 0.800000, 1.695107
0.200000, 0.800000, 1.019654
0.250000, 0.800000, -0.142199
0.300000, 0.800000, -1.347062
0.350000, 0.800000, -2.150558
0.400000, 0.800000, -2.277097
0.450000, 0.800000, -1.724830
0.500000, 0.800000, -0.765703
0.550000, 0.800000, 0.159387
0.600000, 0.800000, 0.610262
0.650000, 0.800000, 0.317120
0.700000, 0.800000, -0.714668
0.750000, 0.800000, -2.204694
0.800000, 0.800000, -3.702566
0.850000, 0.800000, -4.757817
0.900000, 0.800000, -5.089814
0.950000, 0.800000, -4.692811
1.000000, 0.800000, -3.836084
1.050000, 0.800000, -2.959135
1.100000, 0.800000, -2.502038
1.150000, 0.800000, -2.735766
1.200000, 0.800000, -3.657354
1.250000, 0.800000, -4.989951
1.300000, 0.800000, -6.287785
1.350000, 0.800000, -7.105937
1.400000, 0.800000, -7.170106
1.450000, 0.800000, -6.481499
1.500000, 0.800000, -5.316790
1.550000, 0.800000, -4.123138
1.600000, 0.800000, -3.348339
1.650000, 0.800000, -3.270971
1.700000, 0.800000, -3.895367
1.750000, 0.800000, -4.951501
1.800000, 0.800000, -5.999780
1.850000, 0.800000, -6.600690
1.900000, 0.800000, -6.484428
1.950000, 0.800000, -5.655702
2.000000, 0.800000, -4.393617
0.000000, 0.850000, -0.589634
0.050000, 0.850000, 0.706752
0.100000, 0.850000, 1.523114
0.150000, 0.850000, 1.581408
0.200000, 0.850000, 0.879201
0.250000, 0.850000, -0.310276
0.300000, 0.850000, -1.543034
0.350000, 0.850000, -2.374079
0.400000, 0.850000, -2.527212
0.450000, 0.850000, -1.999985
0.500000, 0.850000, -1.063776
0.550000, 0.850000, -0.158952
0.600000, 0.850000, 0.274786
0.650000, 0.850000, -0.031950
0.700000, 0.850000, -1.073449
0.750000, 0.850000, -2.569034
0.800000, 0.850000, -4.068134
0.850000, 0.850000, -5.120189
0.900000, 0.850000, -5.444557
0.950000, 0.850000, -5.035573
1.000000, 0.850000, -4.162677
1.050000, 0.850000, -3.265616
1.100000, 0.850000, -2.784780
1.150000, 0.850000, -2.991525
1.200000, 0.850000, -3.883323
1.250000, 0.850000, -5.183809
1.300000, 0.850000, -6.447728
1.350000, 0.850000, -7.230705
1.400000, 0.850000, -7.258991
1.450000, 0.850000, -6.534349
1.500000, 0.850000, -5.333994
1.550000, 0.850000, -4.105606
1.600000, 0.850000, -3.297470
1.650000, 0.850000, -3.188614
1.700000, 0.850000, -3.783772
1.750000, 0.850000, -4.813264
1.800000, 0.850000, -5.837790
1.850000, 0.850000, -6.418062
1.900000, 0.850000, -6.284445
1.950000, 0.850000, -5.441751
2.000000, 0.850000, -4.169129
0.000000, 0.900000, -0.632765
0.050000, 0.900000, 0.640632
0.100000, 0.900000, 1.432324
0.150000, 0.900000, 1.464740
0.200000, 0.900000, 0.735957
0.250000, 0.900000, -0.480258
0.300000, 0.900000, -1.739365
0.350000, 0.900000, -2.595820
0.400000, 0.900000, -2.772875
0.450000, 0.900000, -2.267558
0.500000, 0.900000, -1.350748
0.550000, 0.900000, -0.462357
0.600000, 0.900000, -0.041679
0.650000, 0.900000, -0.357753
0.700000, 0.900000, -1.404586
0.750000, 0.900000, -2.901293
0.800000, 0.900000, -4.397166
0.850000, 0.900000, -5.441592
0.900000, 0.900000, -5.753956
0.950000, 0.900000, -5.328699
1.000000, 0.900000, -4.435451
1.050000, 0.900000, -3.514218
1.100000, 0.900000, -3.005724
1.150000, 0.900000, -3.181721
1.200000, 0.900000, -4.040135
1.250000, 0.900000, -5.305104
1.300000, 0.900000, -6.531912
1.350000, 0.900000, -7.276754
1.400000, 0.900000, -7.266468
1.450000, 0.900000, -6.503410
1.500000, 0.900000, -5.265389
1.550000, 0.900000, -4.000658
1.600000, 0.900000, -3.158056
1.650000, 0.900000, -3.017129
1.700000, 0.900000, -3.583087
1.750000, 0.900000, -4.586676
1.800000, 0.900000, -5.588962
1.850000, 0.900000, -6.150965
1.900000, 0.900000, -6.003286
1.950000, 0.900000, -5.150905
2.000000, 0.900000, -3.873067
0.000000, 0.950000, -0.674732
0.050000, 0.950000, 0.574381
0.100000, 0.950000, 1.340916
0.150000, 0.950000, 1.347744
0.200000, 0.950000, 0.593408
0.250000, 0.950000, -0.647852
0.300000, 0.950000, -1.931016
0.350000, 0.950000, -2.810059
0.400000, 0.950000, -3.007768
0.450000, 0.950000, -2.520722
0.500000, 0.950000, -1.619381
0.550000, 0.950000, -0.743272
0.600000, 0.950000, -0.331348
0.650000, 0.950000, -0.652361
0.700000, 0.950000, -1.700083
0.750000, 0.950000, -3.193463
0.800000, 0.950000, -4.681696
0.850000, 0.950000, -5.714141
0.900000, 0.950000, -6.010233
0.950000, 0.950000, -5.564540
1.000000, 0.950000, -4.646893
1.050000, 0.950000, -3.697580
1.100000, 0.950000, -3.157671
1.150000, 0.950000, -3.299341
1.200000, 0.950000, -4.120996
1.250000, 0.950000, -5.347311
1.300000, 0.950000, -6.534153
1.350000, 0.950000, -7.238340
1.400000, 0.950000, -7.187358
1.450000, 0.950000, -6.384229
1.500000, 0.950000, -5.107429
1.550000, 0.950000, -3.805876
1.600000, 0.950000, -2.929048
1.650000, 0.950000, -2.757099
1.700000, 0.950000, -3.295803
1.750000, 0.950000, -4.276414
1.800000, 0.950000, -5.260439
1.850000, 0.950000, -5.809259
1.900000, 0.950000, -5.653756
1.950000, 0.950000, -4.799095
2.000000, 0.950000, -3.524607
0.000000, 1.000000, -0.715467
0.050000, 1.000000, 0.508919
0.100000, 1.000000, 1.250673
0.150000, 1.000000, 1.233055
0.200000, 1.000000, 0.454998
0.250000, 1.000000, -0.808860
0.300000, 1.000000, -2.113104
0.350000, 1.000000, -3.011321
0.400000, 1.000000, -3.225916
0.450000, 1.000000, -2.753104
0.500000, 1.000000, -1.863003
0.550000, 1.000000, -0.994823
0.600000, 1.000000, -0.587236
0.650000, 1.000000, -0.908753
0.700000, 1.000000, -1.952954
0.750000, 1.000000, -3.438652
0.800000, 1.000000, -4.914963
0.850000, 1.000000, -5.931240
0.900000, 1.000000, -6.206978
0.950000, 1.000000, -5.736888
1.000000, 1.000000, -4.791016
1.050000, 1.000000, -3.809947
1.100000, 1.000000, -3.235132
1.150000, 1.000000, -3.339198
1.200000, 1.000000, -4.121079
1.250000, 1.000000, -5.306044
1.300000, 1.000000, -6.450617
1.350000, 1.000000, -7.112314
1.400000, 1.000000, -7.019364
1.450000, 1.000000, -6.175552
1.500000, 1.000000, -4.860129
1.550000, 1.000000, -3.522776
1.600000, 1.000000, -2.613715
1.650000, 1.000000, -2.413805
1.700000, 1.000000, -2.929462
1.750000, 1.000000, -3.892511
1.800000, 1.000000, -4.864937
1.850000, 1.000000, -5.408497
1.900000, 1.000000, -5.254325
1.950000, 1.000000, -4.407714
2.000000, 1.000000, -3.147982
0.000000, 1.050000, -0.754951
0.050000, 1.050000, 0.445134
0.100000, 1.050000, 1.163337
0.150000, 1.050000, 1.123228
0.200000, 1.050000, 0.324045
0.250000, 1.050000, -0.959279
0.300000, 1.050000, -2.281033
0.350000, 1.050000, -3.194512
0.400000, 1.050000, -3.421836
0.450000, 1.050000, -2.958939
0.500000, 1.050000, -2.075669
0.550000, 1.050000, -1.210983
0.600000, 1.050000, -0.803320
0.650000, 1.050000, -1.120986
0.700000, 1.050000, -2.157395
0.750000, 1.050000, -3.631238
0.800000, 1.050000, -5.091568
0.850000, 1.050000, -6.087732
0.900000, 1.050000, -6.339299
0.950000, 1.050000, -5.841127
1.000000, 1.050000, -4.863500
1.050000, 1.050000, -3.847330
1.100000, 1.050000, -3.234483
1.150000, 1.050000, -3.298097
1.200000, 1.050000, -4.037704
1.250000, 1.050000, -5.179252
1.300000, 1.050000, -6.280014
1.350000, 1.050000, -6.898322
1.400000, 1.050000, -6.763260
1.450000, 1.050000, -5.879498
1.500000, 1.050000, -4.527177
1.550000, 1.050000, -3.156858
1.600000, 1.050000, -2.219602
1.650000, 1.050000, -1.997045
1.700000, 1.050000, -2.496298
1.750000, 1.050000, -3.449769
1.800000, 1.050000, -4.419899
1.850000, 1.050000, -4.968748
1.900000, 1.050000, -4.827591
1.950000, 1.050000, -4.001681
2.000000, 1.050000, -2.770105
0.000000, 1.100000, -0.793204
0.050000, 1.100000, 0.383860
0.100000, 1.100000, 1.080563
0.150000, 1.100000, 1.020686
0.200000, 1.100000, 0.203658
0.250000, 1.100000, -1.095402
0.300000, 1.100000, -2.430601
0.350000, 1.100000, -3.355049
0.400000, 1.100000, -3.590674
0.450000, 1.100000, -3.133214
0.500000, 1.100000, -2.252313
0.550000, 1.100000, -1.386724
0.600000, 1.100000, -0.974689
0.650000, 1.100000, -1.284334
0.700000, 1.100000, -2.308915
0.750000, 1.100000, -3.767005
0.800000, 1.100000, -5.207590
0.850000, 1.100000, -6.180015
0.900000, 1.100000, -6.403924
0.950000, 1.100000, -5.874338
1.000000, 1.100000, -4.861805
1.050000, 1.100000, -3.807603
1.100000, 1.100000, -3.154078
1.150000, 1.100000, -3.174955
1.200000, 1.100000, -3.870459
1.250000, 1.100000, -4.967331
1.300000, 1.100000, -6.023721
1.350000, 1.100000, -6.598906
1.400000, 1.100000, -6.422962
1.450000, 1.100000, -5.501574
1.500000, 1.100000, -4.115895
1.550000, 1.100000, -2.717459
1.600000, 1.100000, -1.758237
1.650000, 1.100000, -1.520675
1.700000, 1.100000, -2.012565
1.750000, 1.100000, -2.966838
1.800000, 1.100000, -3.946274
1.850000, 1.100000, -4.513065
1.900000, 1.100000, -4.398391
1.950000, 1.100000, -3.607174
2.000000, 1.100000, -2.417932
0.000000, 1.150000, -0.830291
0.050000, 1.150000, 0.325855
0.100000, 1.150000, 1.003879
0.150000, 1.150000, 0.927650
0.200000, 1.150000, 0.096661
0.250000, 1.150000, -1.213910
0.300000, 1.150000, -2.558109
0.350000, 1.150000, -3.488972
0.400000, 1.150000, -3.728329
0.450000, 1.150000, -3.271794
0.500000, 1.150000, -2.388867
0.550000, 1.150000, -1.518135
0.600000, 1.150000, -1.097663
0.650000, 1.150000, -1.395399
0.700000, 1.150000, -2.404440
0.750000, 1.150000, -3.843229
0.800000, 1.150000, -5.260675
0.850000, 1.150000, -6.206117
0.900000, 1.150000, -6.399278
0.950000, 1.150000, -5.835365
1.000000, 1.150000, -4.785227
1.050000, 1.150000, -3.690574
1.100000, 1.150000, -2.994312
1.150000, 1.150000, -2.970859
1.200000, 1.150000, -3.621259
1.250000, 1.150000, -4.673182
1.300000, 1.150000, -5.685806
1.350000, 1.150000, -6.219500
1.400000, 1.150000, -6.005476
1.450000, 1.150000, -5.050559
1.500000, 1.150000, -3.637009
1.550000, 1.150000, -2.217398
1.600000, 1.150000, -1.244621
1.650000, 1.150000, -1.001897
1.700000, 1.150000, -1.497600
1.750000, 1.150000, -2.465020
1.800000, 1.150000, -3.467045
1.850000, 1.150000, -4.065699
1.900000, 1.150000, -3.991711
1.950000, 1.150000, -3.249258
2.000000, 1.150000, -2.115826
0.000000, 1.200000, -0.866319
0.050000, 1.200000, 0.271784
0.100000, 1.200000, 0.934649
0.150000, 1.200000, 0.846089
0.200000, 1.200000, 0.005523
0.250000, 1.200000, -1.311955
0.300000, 1.200000, -2.660454
0.350000, 1.200000, -3.593044
0.400000, 1.200000, -3.831548
0.450000, 1.200000, -3.371523
0.500000, 1.200000, -2.482366
0.550000, 1.200000, -1.602519
0.600000, 1.200000, -1.169872
0.650000, 1.200000, -1.452186
0.700000, 1.200000, -2.442375
0.750000, 1.200000, -3.858734
0.800000, 1.200000, -5.250076
0.850000, 1.200000, -6.165729
0.900000, 1.200000, -6.325506
0.950000, 1.200000, -5.724834
1.000000, 1.200000, -4.634923
1.050000, 1.200000, -3.497995
1.100000, 1.200000, -2.757630
1.150000, 1.200000, -2.689073
1.200000, 1.200000, -3.294335
1.250000, 1.200000, -4.302181
1.300000, 1.200000, -5.272973
1.350000, 1.200000, -5.768329
1.400000, 1.200000, -5.520726
1.450000, 1.200000, -4.538231
1.500000, 1.200000, -3.104268
1.550000, 1.200000, -1.672446
1.600000, 1.200000, -0.696521
1.650000, 1.200000, -0.460350
1.700000, 1.200000, -0.972682
1.750000, 1.200000, -1.966881
1.800000, 1.200000, -3.005583
1.850000, 1.200000, -3.650225
1.900000, 1.200000, -3.630598
1.950000, 1.200000, -2.949613
2.000000, 1.200000, -1.883176
0.000000, 1.250000, -0.901434
0.050000, 1.250000, 0.222204
0.100000, 1.250000, 0.874037
0.150000, 1.250000, 0.777671
0.200000, 1.250000, -0.067708
0.250000, 1.250000, -1.387231
0.300000, 1.250000, -2.735203
0.350000, 1.250000, -3.664832
0.400000, 1.250000, -3.898013
0.450000, 1.250000, -3.430302
0.500000, 1.250000, -2.531015
0.550000, 1.250000, -1.638453
0.600000, 1.250000, -1.190314
0.650000, 1.250000, -1.454141
0.700000, 1.250000, -2.422635
0.750000, 1.250000, -3.813908
0.800000, 1.250000, -5.176659
0.850000, 1.250000, -6.060200
0.900000, 1.250000, -6.184460
0.950000, 1.250000, -5.545133
1.000000, 1.250000, -4.413873
1.050000, 1.250000, -3.233527
1.100000, 1.250000, -2.448487
1.150000, 1.250000, -2.334981
1.200000, 1.250000, -2.896166
1.250000, 1.250000, -3.862070
1.300000, 1.250000, -4.794408
1.350000, 1.250000, -5.256186
1.400000, 1.250000, -4.981254
1.450000, 1.250000, -3.978968
1.500000, 1.250000, -2.533905
1.550000, 1.250000, -1.100630
1.600000, 1.250000, -0.133593
1.650000, 1.250000, 0.082960
1.700000, 1.250000, -0.459760
1.750000, 1.250000, -1.494778
1.800000, 1.250000, -2.583995
1.850000, 1.250000, -3.287718
1.900000, 1.250000, -3.334230
1.950000, 1.250000, -2.724578
2.000000, 1.250000, -1.732508
0.000000, 1.300000, -0.935815
0.050000, 1.300000, 0.177546
0.100000, 1.300000, 0.822982
0.150000, 1.300000, 0.723722
0.200000, 1.300000, -0.121446
0.250000, 1.300000, -1.438030
0.300000, 1.300000, -2.780654
0.350000, 1.300000, -3.702765
0.400000, 1.300000, -3.926397
0.450000, 1.300000, -3.447137
0.500000, 1.300000, -2.534232
0.550000, 1.300000, -1.625818
0.600000, 1.300000, -1.159368
0.650000, 1.300000, -1.402160
0.700000, 1.300000, -2.346633
0.750000, 1.300000, -3.710678
0.800000, 1.300000, -5.042864
0.850000, 1.300000, -5.892490
0.900000, 1.300000, -5.979639
0.950000, 1.300000, -5.300347
1.000000, 1.300000, -4.126816
1.050000, 1.300000, -2.902661
1.100000, 1.300000, -2.073248
1.150000, 1.300000, -1.915976
1.200000, 1.300000, -2.435329
1.250000, 1.300000, -3.362778
1.300000, 1.300000, -4.261545
1.350000, 1.300000, -4.696132
1.400000, 1.300000, -4.401813
1.450000, 1.300000, -3.389218
1.500000, 1.300000, -1.943979
1.550000, 1.300000, -0.521420
1.600000, 1.300000, 0.423597
1.650000, 1.300000, 0.606814
1.700000, 1.300000, 0.019867
1.750000, 1.300000, -1.069395
1.800000, 1.300000, -2.221549
1.850000, 1.300000, -2.995147
1.900000, 1.300000, -3.116334
1.950000, 1.300000, -2.583695
2.000000, 1.300000, -1.668269
0.000000, 1.350000, -0.969674
0.050000, 1.350000, 0.138107
0.100000, 1.350000, 0.782173
0.150000, 1.350000, 0.685192
0.200000, 1.350000, -0.154617
0.250000, 1.350000, -1.463286
0.300000, 1.350000, -2.795882
0.350000, 1.350000, -3.706177
0.400000, 1.350000, -3.916395
0.450000, 1.350000, -3.422170
0.500000, 1.350000, -2.492660
0.550000, 1.350000, -1.565803
0.600000, 1.350000, -1.078783
0.650000, 1.350000, -1.298551
0.700000, 1.350000, -2.217230
0.750000, 1.350000, -3.552450
0.800000, 1.350000, -4.852630
0.850000, 1.350000, -5.667081
0.900000, 1.350000, -5.716095
0.950000, 1.350000, -4.996147
1.000000, 1.350000, -3.780127
1.050000, 1.350000, -2.512582
1.100000, 1.350000, -1.640046
1.150000, 1.350000, -1.441284
1.200000, 1.350000, -1.922298
1.250000, 1.350000, -2.816171
1.300000, 1.350000, -3.687746
1.350000, 1.350000, -4.103086
1.400000, 1.350000, -3.798869
1.450000, 1.350000, -2.786889
1.500000, 1.350000, -1.353619
1.550000, 1.350000, 0.045167
1.600000, 1.350000, 0.954610
1.650000, 1.350000, 1.090948
1.700000, 1.350000, 0.446822
1.750000, 1.350000, -0.708408
1.800000, 1.350000, -1.933331
1.850000, 1.350000, -2.784092
1.900000, 1.350000, -2.984080
1.950000, 1.350000, -2.528881
2.000000, 1.350000, -1.686403
0.000000, 1.400000, -1.003249
0.050000, 1.400000, 0.104043
0.100000, 1.400000, 0.752030
0.150000, 1.400000, 0.662629
0.200000, 1.400000, -0.166680
0.250000, 1.400000, -1.462603
0.300000, 1.400000, -2.780760
0.350000, 1.400000, -3.675321
0.400000, 1.400000, -3.868731
0.450000, 1.400000, -3.356664
0.500000, 1.400000, -2.408151
0.550000, 1.400000, -1.460861
0.600000, 1.400000, -0.951617
0.650000, 1.400000, -1.146969
0.700000, 1.400000, -2.038654
0.750000, 1.400000, -3.344004
0.800000, 1.400000, -4.611284
0.850000, 1.400000, -5.389853
0.900000, 1.400000, -5.400295
0.950000, 1.400000, -4.639651
1.000000, 1.400000, -3.381663
1.050000, 1.400000, -2.072006
1.100000, 1.400000, -1.158588
1.150000, 1.400000, -0.921746
1.200000, 1.400000, -1.369182
1.250000, 1.400000, -2.235724
1.300000, 1.400000, -3.087912
1.350000, 1.400000, -3.493355
1.400000, 1.400000, -3.190019
1.450000, 1.400000, -2.190646
1.500000, 1.400000, -0.782215
1.550000, 1.400000, 0.579496
1.600000, 1.400000, 1.440171
1.650000, 1.400000, 1.517167
1.700000, 1.400000, 0.804805
1.750000, 1.400000, -0.425349
1.800000, 1.400000, -1.729217
1.850000, 1.400000, -2.659910
1.900000, 1.400000, -2.937540
1.950000, 1.400000, -2.554305
2.000000, 1.400000, -1.774769
0.000000, 1.450000, -1.036795
0.050000, 1.450000, 0.075365
0.100000, 1.450000, 0.732697
0.150000, 1.450000, 0.656173
0.200000, 1.450000, -0.157641
0.250000, 1.450000, -1.436263
0.300000, 1.450000, -2.735964
0.350000, 1.450000, -3.611366
0.400000, 1.450000, -3.785144
0.450000, 1.450000, -3.252979
0.500000, 1.450000, -2.283708
0.550000, 1.450000, -1.314648
0.600000, 1.450000, -0.782163
0.650000, 1.450000, -0.952312
0.700000, 1.450000, -1.816380
0.750000, 1.450000, -3.091367
0.800000, 1.450000, -4.325394
0.850000, 1.450000, -5.067927
0.900000, 1.450000, -5.039954
0.950000, 1.450000, -4.239239
1.000000, 1.450000, -2.940569
1.050000, 1.450000, -1.590961
1.100000, 1.450000, -0.639918
1.150000, 1.450000, -0.369546
1.200000, 1.450000, -0.789404
1.250000, 1.450000, -1.636155
1.300000, 1.450000, -2.478035
1.350000, 1.450000, -2.884092
1.400000, 1.450000, -2.593363
1.450000, 1.450000, -1.619186
1.500000, 1.450000, -0.248584
1.550000, 1.450000, 1.063231
1.600000, 1.450000, 1.863143
1.650000, 1.450000, 1.870335
1.700000, 1.450000, 1.081534
1.750000, 1.450000, -0.228783
1.800000, 1.450000, -1.613243
1.850000, 1.450000, -2.621412
1.900000, 1.450000, -2.969771
1.950000, 1.450000, -2.646981
2.000000, 1.450000, -1.914338
0.000000, 1.500000, -1.070584
0.050000, 1.500000, 0.051938
0.100000, 1.500000, 0.724035
0.150000, 1.500000, 0.665542
0.200000, 1.500000, -0.128056
0.250000, 1.500000, -1.385220
0.300000, 1.500000, -2.662955
0.350000, 1.500000, -3.516367
0.400000, 1.500000, -3.668341
0.450000, 1.500000, -3.114508
0.500000, 1.500000, -2.123418
0.550000, 1.500000, -1.131925
0.600000, 1.500000, -0.575825
0.650000, 1.500000, -0.720587
0.700000, 1.500000, -1.556979
0.750000, 1.500000, -2.801644
0.800000, 1.500000, -4.002591
0.850000, 1.500000, -4.709478
0.900000, 1.500000, -4.643838
0.950000, 1.500000, -3.804345
1.000000, 1.500000, -2.467050
1.050000, 1.500000, -1.080545
1.100000, 1.500000, -0.096144
1.150000, 1.500000, 0.202099
1.200000, 1.500000, -0.197346
1.250000, 1.500000, -1.032998
1.300000, 1.500000, -1.874701
1.350000, 1.500000, -2.292728
1.400000, 1.500000, -2.026837
1.450000, 1.500000, -1.090489
1.500000, 1.500000, 0.229841
1.550000, 1.500000, 1.480189
1.600000, 1.500000, 2.209379
1.650000, 1.500000, 2.139174
1.700000, 1.500000, 1.269432
1.750000, 1.500000, -0.121824
1.800000, 1.500000, -1.583422
1.850000, 1.500000, -2.661063
1.900000, 1.500000, -3.067504
1.950000, 1.500000, -2.788024
2.000000, 1.500000, -2.081085
0.000000, 1.550000, -1.104892
0.050000, 1.550000, 0.033484
0.100000, 1.550000, 0.725630
0.150000, 1.550000, 0.690049
0.200000, 1.550000, -0.079016
0.250000, 1.550000, -1.311080
0.300000, 1.550000, -2.563947
0.350000, 1.550000, -3.393212
0.400000, 1.550000, -3.521929
0.450000, 1.550000, -2.945587
0.500000, 1.550000, -1.932336
0.550000, 1.550000, -0.918432
0.600000, 1.550000, -0.338979
0.650000, 1.550000, -0.458752
0.700000, 1.550000, -1.267943
0.750000, 1.550000, -2.482832
0.800000, 1.550000, -3.651367
0.850000, 1.550000, -4.323518
0.900000, 1.550000, -4.221535
0.950000, 1.550000, -3.345220
1.000000, 1.550000, -1.972125
1.050000, 1.550000, -0.552655
1.100000, 1.550000, 0.459864
1.150000, 1.550000, 0.779281
1.200000, 1.550000, 0.392048
1.250000, 1.550000, -0.442151
1.300000, 1.550000, -1.294570
1.350000, 1.550000, -1.736370
1.400000, 1.550000, -1.507555
1.450000, 1.550000, -0.621103
1.500000, 1.550000, 0.637760
1.550000, 1.550000, 1.817083
1.600000, 1.550000, 2.468413
1.650000, 1.550000, 2.316839
1.700000, 1.550000, 1.365997
1.750000, 1.550000, -0.102043
1.800000, 1.550000, -1.632014
1.850000, 1.550000, -2.765704
1.900000, 1.550000, -3.212372
1.950000, 1.550000, -2.954442
2.000000, 1.550000, -2.248351
0.000000, 1.600000, -1.139997
0.050000, 1.600000, 0.019590
0.100000, 1.600000, 0.736797
0.150000, 1.600000, 0.728609
0.200000, 1.600000, -0.012119
0.250000, 1.600000, -1.216059
0.300000, 1.600000, -2.441849
0.350000, 1.600000, -3.245555
0.400000, 1.600000, -3.350326
0.450000, 1.600000, -2.751394
0.500000, 1.600000, -1.716361
0.550000, 1.600000, -0.680740
0.600000, 1.600000, -0.078801
0.650000, 1.600000, -0.174529
0.700000, 1.600000, -0.957486
0.750000, 1.600000, -2.143604
0.800000, 1.600000, -3.280855
0.850000, 1.600000, -3.919670
0.900000, 1.600000, -3.783221
0.950000, 1.600000, -2.872679
1.000000, 1.600000, -1.467352
1.050000, 1.600000, -0.019687
1.100000, 1.600000, 1.014798
1.150000, 1.600000, 1.347771
1.200000, 1.600000, 0.963685
1.250000, 1.600000, 0.120599
1.300000, 1.600000, -0.753841
1.350000, 1.600000, -1.231214
1.400000, 1.600000, -1.051167
1.450000, 1.600000, -0.225478
1.500000, 1.600000, 0.962663
1.550000, 1.600000, 2.064126
1.600000, 1.600000, 2.633950
1.650000, 1.600000, 2.401218
1.700000, 1.600000, 1.373849
1.750000, 1.600000, -0.161759
1.800000, 1.600000, -1.746225
1.850000, 1.600000, -2.917713
1.900000, 1.600000, -3.382584
1.950000, 1.600000, -3.121308
2.000000, 1.600000, -2.389479
0.000000, 1.650000, -1.176169
0.050000, 1.650000, 0.009717
0.100000, 1.650000, 0.756602
0.150000, 1.650000, 0.779775
0.200000, 1.650000, 0.070565
0.250000, 1.650000, -1.102929
0.300000, 1.650000, -2.300195
0.350000, 1.650000, -3.077724
0.400000, 1.650000, -3.158653
0.450000, 1.650000, -2.537811
0.500000, 1.650000, -1.482086
0.550000, 1.650000, -0.426078
0.600000, 1.650000, 0.196915
0.650000, 1.650000, 0.123799
0.700000, 1.650000, -0.634327
0.750000, 1.650000, -1.793086
0.800000, 1.650000, -2.900590
0.850000, 1.650000, -3.507917
0.900000, 1.650000, -3.339397
0.950000, 1.650000, -2.397833
1.000000, 1.650000, -0.964545
1.050000, 1.650000, 0.505768
1.100000, 1.650000, 1.555258
1.150000, 1.650000, 1.893393
1.200000, 1.650000, 1.502753
1.250000, 1.650000, 0.640049
1.300000, 1.650000, -0.267727
1.350000, 1.650000, -0.791979
1.400000, 1.650000, -0.671274
1.450000, 1.650000, 0.084611
1.500000, 1.650000, 1.195355
1.550000, 1.650000, 2.215449
1.600000, 1.650000, 2.704115
1.650000, 1.650000, 2.394949
1.700000, 1.650000, 1.300439
1.750000, 1.650000, -0.288694
1.800000, 1.650000, -1.909285
1.850000, 1.650000, -3.096528
1.900000, 1.650000, -3.554870
1.950000, 1.650000, -3.264096
2.000000, 1.650000, -2.480442
0.000000, 1.700000, -1.213664
0.050000, 1.700000, 0.003215
0.100000, 1.700000, 0.783882
0.150000, 1.700000, 0.841763
0.200000, 1.700000, 0.166549
0.250000, 1.700000, -0.974950
0.300000, 1.700000, -2.143060
0.350000, 1.700000, -2.894613
0.400000, 1.700000, -2.952600
0.450000, 1.700000, -2.311275
0.500000, 1.700000, -1.236622
0.550000, 1.700000, -0.162148
0.600000, 1.700000, 0.479968
0.650000, 1.700000, 0.427607
0.700000, 1.700000, -0.307459
0.750000, 1.700000, -1.440614
0.800000, 1.700000, -2.520264
0.850000, 1.700000, -3.098352
0.900000, 1.700000, -2.900632
0.950000, 1.700000, -1.931815
1.000000, 1.700000, -0.475480
1.050000, 1.700000, 1.011237
1.100000, 1.700000, 2.068090
1.150000, 1.700000, 2.402412
1.200000, 1.700000, 1.995144
1.250000, 1.700000, 1.102051
1.300000, 1.700000, 0.150048
1.350000, 1.700000, -0.431383
1.400000, 1.700000, -0.378914
1.450000, 1.700000, 0.300533
1.500000, 1.700000, 1.330336
1.550000, 1.700000, 2.269330
1.600000, 1.700000, 2.681468
1.650000, 1.700000, 2.305161
1.700000, 1.700000, 1.157456
1.750000, 1.700000, -0.466948
1.800000, 1.700000, -2.101805
1.850000, 1.700000, -3.280384
1.900000, 1.700000, -3.706555
1.950000, 1.700000, -3.360976
2.000000, 1.700000, -2.502213
0.000000, 1.750000, -1.252721
0.050000, 1.750000, -0.000663
0.100000, 1.750000, 0.817275
0.150000, 1.750000, 0.912508
0.200000, 1.750000, 0.272986
0.250000, 1.750000, -0.835794
0.300000, 1.750000, -1.974954
0.350000, 1.750000, -2.701560
0.400000, 1.750000, -2.738291
0.450000, 1.750000, -2.078623
0.500000, 1.750000, -0.987426
0.550000, 1.750000, 0.103073
0.600000, 1.750000, 0.761956
0.650000, 1.750000, 0.728149
0.700000, 1.750000, 0.014083
0.750000, 1.750000, -1.095497
0.800000, 1.750000, -2.149479
0.850000, 1.750000, -2.700925
0.900000, 1.750000, -2.477302
0.950000, 1.750000, -1.485507
1.000000, 1.750000, -0.011610
1.050000, 1.750000, 1.484685
1.100000, 1.750000, 2.540735
1.150000, 1.750000, 2.861911
1.200000, 1.750000, 2.427864
1.250000, 1.750000, 1.493952
1.300000, 1.750000, 0.487705
1.350000, 1.750000, -0.159693
1.400000, 1.750000, -0.182148
1.450000, 1.750000, 0.417135
1.500000, 1.750000, 1.365998
1.550000, 1.750000, 2.228207
1.600000, 1.750000, 2.572780
1.650000, 1.750000, 2.142947
1.700000, 1.750000, 0.959971
1.750000, 1.750000, -0.678199
1.800000, 1.750000, -2.303322
1.850000, 1.750000, -3.448134
1.900000, 1.750000, -3.817549
1.950000, 1.750000, -3.394844
2.000000, 1.750000, -2.442649
0.000000, 1.800000, -1.293550
0.050000, 1.800000, -0.002741
0.100000, 1.800000, 0.855253
0.150000, 1.800000, 0.989702
0.200000, 1.800000, 0.386743
0.250000, 1.800000, -0.689449
0.300000, 1.800000, -1.800717
0.350000, 1.800000, -2.504219
0.400000, 1.800000, -2.522125
0.450000, 1.800000, -1.846909
0.500000, 1.800000, -0.742103
0.550000, 1.800000, 0.361542
0.600000, 1.800000, 1.034500
0.650000, 1.800000, 1.016791
0.700000, 1.800000, 0.321457
0.750000, 1.800000, -0.766773
0.800000, 1.800000, -1.797501
0.850000, 1.800000, -2.325194
0.900000, 1.800000, -2.079331
0.950000, 1.800000, -1.069274
1.000000, 1.800000, 0.416222
1.050000, 1.800000, 1.914813
1.100000, 1.800000, 2.961557
1.150000, 1.800000, 3.260143
1.200000, 1.800000, 2.789418
1.250000, 1.800000, 1.804992
1.300000, 1.800000, 0.735809
1.350000, 1.800000, 0.015641
1.400000, 1.800000, -0.085759
1.450000, 1.800000, 0.432932
1.500000, 1.800000, 1.304658
1.550000, 1.800000, 2.098494
1.600000, 1.800000, 2.388570
1.650000, 1.800000, 1.922614
1.700000, 1.800000, 0.725371
1.750000, 1.800000, -0.903065
1.800000, 1.800000, -2.493889
1.850000, 1.800000, -3.580981
1.900000, 1.800000, -3.872097
1.950000, 1.800000, -3.354903
2.000000, 1.800000, -2.297696
0.000000, 1.850000, -1.336331
0.050000, 1.850000, -0.003903
0.100000, 1.850000, 0.896159
0.150000, 1.850000, 1.070861
0.200000, 1.850000, 0.504473
0.250000, 1.850000, -0.540124
0.300000, 1.850000, -1.625396
0.350000, 1.850000, -2.308414
0.400000, 1.850000, -2.310619
0.450000, 1.850000, -1.623235
0.500000, 1.850000, -0.508215
0.550000, 1.850000, 0.605355
0.600000, 1.850000, 1.289460
0.650000, 1.850000, 1.285236
0.700000, 1.850000, 0.606247
0.750000, 1.850000, -0.462981
0.800000, 1.850000, -1.473029
0.850000, 1.850000, -1.980084
0.900000, 1.850000, -1.715952
0.950000, 1.850000, -0.692713
1.000000, 1.850000, 0.798044
1.050000, 1.850000, 2.291345
1.100000, 1.850000, 3.320148
1.150000, 1.850000, 3.586871
1.200000, 1.850000, 3.070159
1.250000, 1.850000, 2.026651
1.300000, 1.850000, 0.887592
1.350000, 1.850000, 0.090262
1.400000, 1.850000, -0.091070
1.450000, 1.850000, 0.350145
1.500000, 1.850000, 1.152398
1.550000, 1.850000, 1.890186
1.600000, 1.850000, 2.142465
1.650000, 1.850000, 1.660753
1.700000, 1.850000, 0.472174
1.750000, 1.850000, -1.122494
1.800000, 1.850000, -2.655599
1.850000, 1.850000, -3.664007
1.900000, 1.850000, -3.860131
1.950000, 1.850000, -3.237651
2.000000, 1.850000, -2.071799
0.000000, 1.900000, -1.381211
0.050000, 1.900000, -0.005065
0.100000, 1.900000, 0.938250
0.150000, 1.900000, 1.153379
0.200000, 1.900000, 0.622701
0.250000, 1.900000, -0.392148
0.300000, 1.900000, -1.454120
0.350000, 1.900000, -2.120001
0.400000, 1.900000, -2.110246
0.450000, 1.900000, -1.414563
0.500000, 1.900000, -0.293087
0.550000, 1.900000, 0.826953
0.600000, 1.900000, 1.519147
0.650000, 1.900000, 1.525736
0.700000, 1.900000, 0.860676
0.750000, 1.900000, -0.191938
0.800000, 1.900000, -1.183975
0.850000, 1.900000, -1.673674
0.900000, 1.900000, -1.395480
0.950000, 1.900000, -0.364417
1.000000, 1.900000, 1.125008
1.050000, 1.900000, 2.605294
1.100000, 1.900000, 3.607614
1.150000, 1.900000, 3.833651
1.200000, 1.900000, 3.262578
1.250000, 1.900000, 2.152932
1.300000, 1.900000, 0.939198
1.350000, 1.900000, 0.063066
1.400000, 1.900000, -0.195908
1.450000, 1.900000, 0.174578
1.500000, 1.900000, 0.918750
1.550000, 1.900000, 1.616310
1.600000, 1.900000, 1.850386
1.650000, 1.900000, 1.375202
1.700000, 1.900000, 0.218795
1.750000, 1.900000, -1.319118
1.800000, 1.900000, -2.773923
1.850000, 1.900000, -3.687339
1.900000, 1.900000, -3.778095
1.950000, 1.900000, -3.047173
2.000000, 1.900000, -1.777485
0.000000, 1.950000, -1.428295
0.050000, 1.950000, -0.007158
0.100000, 1.950000, 0.979734
0.150000, 1.950000, 1.234596
0.200000, 1.950000, 0.737907
0.250000, 1.950000, -0.249859
0.300000, 1.950000, -1.291977
0.350000, 1.950000, -1.944714
0.400000, 1.950000, -1.927267
0.450000, 1.950000, -1.227546
0.500000, 1.950000, -0.103617
0.550000, 1.950000, 1.019317
0.600000, 1.950000, 1.716525
0.650000, 1.950000, 1.731297
0.700000, 1.950000, 1.077812
0.750000, 1.950000, 0.039455
0.800000, 1.950000, -0.937266
0.850000, 1.950000, -1.412998
0.900000, 1.950000, -1.125117
0.950000, 1.950000, -0.091774
1.000000, 1.950000, 1.389601
1.050000, 1.950000, 2.849188
1.100000, 1.950000, 3.816814
1.150000, 1.950000, 3.994087
1.200000, 1.950000, 3.361546
1.250000, 1.950000, 2.180566
1.300000, 1.950000, 0.889819
1.350000, 1.950000, -0.063753
1.400000, 1.950000, -0.394691
1.450000, 1.950000, -0.084650
1.500000, 1.950000, 0.616213
1.550000, 1.950000, 1.292223
1.600000, 1.950000, 1.529645
1.650000, 1.950000, 1.083959
1.700000, 1.950000, -0.017643
1.750000, 1.950000, -1.478430
1.800000, 1.950000, -2.838746
1.850000, 1.950000, -3.646876
1.900000, 1.950000, -3.629190
1.950000, 1.950000, -2.794725
2.000000, 1.950000, -1.434143
0.000000, 2.000000, -1.477649
0.050000, 2.000000, -0.011104
0.100000, 2.000000, 1.018823
0.150000, 2.000000, 1.311861
0.200000, 2.000000, 0.846615
0.250000, 2.000000, -0.117498
0.300000, 2.000000, -1.143885
0.350000, 2.000000, -1.788030
0.400000, 2.000000, -1.767580
0.450000, 2.000000, -1.068352
0.500000, 2.000000, 0.053898
0.550000, 2.000000, 1.176152
0.600000, 2.000000, 1.875391
0.650000, 2.000000, 1.895862
0.700000, 2.000000, 1.251744
0.750000, 2.000000, 0.225392
0.800000, 2.000000, -0.738678
0.850000, 2.000000, -1.203874
0.900000, 2.000000, -0.910777
0.950000, 2.000000, 0.119217
1.000000, 2.000000, 1.585836
1.050000, 2.000000, 3.017266
1.100000, 2.000000, 3.942559
1.150000, 2.000000, 4.064022
1.200000, 2.000000, 3.364486
1.250000, 2.000000, 2.109139
1.300000, 2.000000, 0.741749
1.350000, 2.000000, -0.284772
1.400000, 2.000000, -0.678651
1.450000, 2.000000, -0.415504
1.500000, 2.000000, 0.259654
1.550000, 2.000000, 0.934817
1.600000, 2.000000, 1.197976
1.650000, 2.000000, 0.804116
1.700000, 2.000000, -0.222378
1.750000, 2.000000, -1.589733
1.800000, 2.000000, -2.845036
1.850000, 2.000000, -3.544522
1.900000, 2.000000, -3.423000
1.950000, 2.000000, -2.497641
2.000000, 2.000000, -1.066136
