0.000000, 0.000000, 1.103976
0.050000, 0.000000, 0.598497
0.100000, 0.000000, 0.239918
0.150000, 0.000000, 0.136653
0.200000, 0.000000, 0.290212
0.250000, 0.000000, 0.595167
0.300000, 0.000000, 0.880155
0.350000, 0.000000, 0.974251
0.400000, 0.000000, 0.773330
0.450000, 0.000000, 0.281037
0.500000, 0.000000, -0.391294
0.550000, 0.000000, -1.065803
0.600000, 0.000000, -1.564628
0.650000, 0.000000, -1.776437
0.700000, 0.000000, -1.697582
0.750000, 0.000000, -1.432191
0.800000, 0.000000, -1.151188
0.850000, 0.000000, -1.025934
0.900000, 0.000000, -1.161860
0.950000, 0.000000, -1.557455
1.000000, 0.000000, -2.104305
1.050000, 0.000000, -2.628174
1.100000, 0.000000, -2.955445
1.150000, 0.000000, -2.979548
1.200000, 0.000000, -2.701993
1.250000, 0.000000, -2.232335
1.300000, 0.000000, -1.747065
1.350000, 0.000000, -1.423110
1.400000, 0.000000, -1.371330
1.450000, 0.000000, -1.595372
1.500000, 0.000000, -1.991582
1.550000, 0.000000, -2.389969
1.600000, 0.000000, -2.620543
1.650000, 0.000000, -2.579650
1.700000, 0.000000, -2.270937
1.750000, 0.000000, -1.805264
1.800000, 0.000000, -1.359557
1.850000, 0.000000, -1.110308
1.900000, 0.000000, -1.167072
1.950000, 0.000000, -1.531359
2.000000, 0.000000, -2.096599
0.000000, 0.050000, 0.971067
0.050000, 0.050000, 0.445120
0.100000, 0.050000, 0.066996
0.150000, 0.050000, -0.054305
0.200000, 0.050000, 0.083282
0.250000, 0.050000, 0.374828
0.300000, 0.050000, 0.649407
0.350000, 0.050000, 0.736460
0.400000, 0.050000, 0.532141
0.450000, 0.050000, 0.040289
0.500000, 0.050000, -0.627668
0.550000, 0.050000, -1.293868
0.600000, 0.050000, -1.780547
0.650000, 0.050000, -1.976565
0.700000, 0.050000, -1.878555
0.750000, 0.050000, -1.591009
0.800000, 0.050000, -1.285289
0.850000, 0.050000, -1.133259
0.900000, 0.050000, -1.240901
0.950000, 0.050000, -1.607292
1.000000, 0.050000, -2.124632
1.050000, 0.050000, -2.619304
1.100000, 0.050000, -2.918303
1.150000, 0.050000, -2.915647
1.200000, 0.050000, -2.613401
1.250000, 0.050000, -2.121619
1.300000, 0.050000, -1.617230
1.350000, 0.050000, -1.277528
1.400000, 0.050000, -1.213652
1.450000, 0.050000, -1.429441
1.500000, 0.050000, -1.821338
1.550000, 0.050000, -2.219353
1.600000, 0.050000, -2.453398
1.650000, 0.050000, -2.419629
1.700000, 0.050000, -2.121411
1.750000, 0.050000, -1.669240
1.800000, 0.050000, -1.239605
1.850000, 0.050000, -1.008496
1.900000, 0.050000, -1.084917
1.950000, 0.050000, -1.469788
2.000000, 0.050000, -2.055928
0.000000, 0.100000, 0.603148
0.050000, 0.100000, 0.057656
0.100000, 0.100000, -0.338505
0.150000, 0.100000, -0.475780
0.200000, 0.100000, -0.351608
0.250000, 0.100000, -0.070480
0.300000, 0.100000, 0.197042
0.350000, 0.100000, 0.280679
0.400000, 0.100000, 0.076775
0.450000, 0.100000, -0.410736
0.500000, 0.100000, -1.070425
0.550000, 0.100000, -1.724531
0.600000, 0.100000, -2.195480
0.650000, 0.100000, -2.372415
0.700000, 0.100000, -2.252335
0.750000, 0.100000, -1.940170
0.800000, 0.100000, -1.607785
0.850000, 0.100000, -1.427597
0.900000, 0.100000, -1.506178
0.950000, 0.100000, -1.843219
1.000000, 0.100000, -2.331538
1.050000, 0.100000, -2.798133
1.100000, 0.100000, -3.070589
1.150000, 0.100000, -3.043477
1.200000, 0.100000, -2.719363
1.250000, 0.100000, -2.208742
1.300000, 0.100000, -1.688907
1.350000, 0.100000, -1.337434
1.400000, 0.100000, -1.265656
1.450000, 0.100000, -1.477507
1.500000, 0.100000, -1.869434
1.550000, 0.100000, -2.271350
1.600000, 0.100000, -2.512976
1.650000, 0.100000, -2.490188
1.700000, 0.100000, -2.205989
1.750000, 0.100000, -1.770436
1.800000, 0.100000, -1.359519
1.850000, 0.100000, -1.148676
1.900000, 0.100000, -1.246323
1.950000, 0.100000, -1.652771
2.000000, 0.100000, -2.260218
0.000000, 0.150000, 0.131133
0.050000, 0.150000, -0.432394
0.100000, 0.150000, -0.844530
0.150000, 0.150000, -0.995223
0.200000, 0.150000, -0.881476
0.250000, 0.150000, -0.607419
0.300000, 0.150000, -0.343335
0.350000, 0.150000, -0.259316
0.400000, 0.150000, -0.458923
0.450000, 0.150000, -0.938225
0.500000, 0.150000, -1.585895
0.550000, 0.150000, -2.224363
0.600000, 0.150000, -2.676341
0.650000, 0.150000, -2.831339
0.700000, 0.150000, -2.686797
0.750000, 0.150000, -2.348148
0.800000, 0.150000, -1.987813
0.850000, 0.150000, -1.778801
0.900000, 0.150000, -1.828297
0.950000, 0.150000, -2.136615
1.000000, 0.150000, -2.597189
1.050000, 0.150000, -3.037607
1.100000, 0.150000, -3.286009
1.150000, 0.150000, -3.237470
1.200000, 0.150000, -2.894997
1.250000, 0.150000, -2.369450
1.300000, 0.150000, -1.838408
1.350000, 0.150000, -1.479640
1.400000, 0.150000, -1.404575
1.450000, 0.150000, -1.617155
1.500000, 0.150000, -2.013728
1.550000, 0.150000, -2.424019
1.600000, 0.150000, -2.677470
1.650000, 0.150000, -2.669595
1.700000, 0.150000, -2.402961
1.750000, 0.150000, -1.987125
1.800000, 0.150000, -1.597528
1.850000, 0.150000, -1.409021
1.900000, 0.150000, -1.529408
1.950000, 0.150000, -1.958383
2.000000, 0.150000, -2.587534
0.000000, 0.200000, -0.282789
0.050000, 0.200000, -0.862289
0.100000, 0.200000, -1.287840
0.150000, 0.200000, -1.448958
0.200000, 0.200000, -1.342287
0.250000, 0.200000, -1.071682
0.300000, 0.200000, -0.807241
0.350000, 0.200000, -0.718965
0.400000, 0.200000, -0.910420
0.450000, 0.200000, -1.377777
0.500000, 0.200000, -2.009907
0.550000, 0.200000, -2.629527
0.600000, 0.200000, -3.059718
0.650000, 0.200000, -3.190433
0.700000, 0.200000, -3.019620
0.750000, 0.200000, -2.653269
0.800000, 0.200000, -2.264394
0.850000, 0.200000, -2.026620
0.900000, 0.200000, -2.047759
0.950000, 0.200000, -2.328741
1.000000, 0.200000, -2.763592
1.050000, 0.200000, -3.180459
1.100000, 0.200000, -3.407985
1.150000, 0.200000, -3.341689
1.200000, 0.200000, -2.984945
1.250000, 0.200000, -2.448900
1.300000, 0.200000, -1.911326
1.350000, 0.200000, -1.550093
1.400000, 0.200000, -1.476634
1.450000, 0.200000, -1.694797
1.500000, 0.200000, -2.100742
1.550000, 0.200000, -2.523914
1.600000, 0.200000, -2.793397
1.650000, 0.200000, -2.804265
1.700000, 0.200000, -2.558588
1.750000, 0.200000, -2.165374
1.800000, 0.200000, -1.799476
1.850000, 0.200000, -1.635133
1.900000, 0.200000, -1.779534
1.950000, 0.200000, -2.231760
2.000000, 0.200000, -2.882812
0.000000, 0.250000, -0.506565
0.050000, 0.250000, -1.099474
0.100000, 0.250000, -1.535443
0.150000, 0.250000, -1.703631
0.200000, 0.250000, -1.600413
0.250000, 0.250000, -1.329460
0.300000, 0.250000, -1.060784
0.350000, 0.250000, -0.964394
0.400000, 0.250000, -1.143964
0.450000, 0.250000, -1.595865
0.500000, 0.250000, -2.209257
0.550000, 0.250000, -2.807232
0.600000, 0.250000, -3.213315
0.650000, 0.250000, -3.317972
0.700000, 0.250000, -3.119708
0.750000, 0.250000, -2.725111
0.800000, 0.250000, -2.307814
0.850000, 0.250000, -2.042071
0.900000, 0.250000, -2.036311
0.950000, 0.250000, -2.292060
1.000000, 0.250000, -2.703903
1.050000, 0.250000, -3.100493
1.100000, 0.250000, -3.310918
1.150000, 0.250000, -3.231066
1.200000, 0.250000, -2.864597
1.250000, 0.250000, -2.322854
1.300000, 0.250000, -1.783709
1.350000, 0.250000, -1.425037
1.400000, 0.250000, -1.358178
1.450000, 0.250000, -1.586789
1.500000, 0.250000, -2.006752
1.550000, 0.250000, -2.447151
1.600000, 0.250000, -2.736630
1.650000, 0.250000, -2.769768
1.700000, 0.250000, -2.548079
1.750000, 0.250000, -2.179984
1.800000, 0.250000, -1.839722
1.850000, 0.250000, -1.700914
1.900000, 0.250000, -1.870133
1.950000, 0.250000, -2.345870
2.000000, 0.250000, -3.018572
0.000000, 0.300000, -0.487977
0.050000, 0.300000, -1.091295
0.100000, 0.300000, -1.534321
0.150000, 0.300000, -1.705948
0.200000, 0.300000, -1.602372
0.250000, 0.300000, -1.327184
0.300000, 0.300000, -1.050409
0.350000, 0.300000, -0.942167
0.400000, 0.300000, -1.106335
0.450000, 0.300000, -1.539581
0.500000, 0.300000, -2.131442
0.550000, 0.300000, -2.705458
0.600000, 0.300000, -3.085670
0.650000, 0.300000, -3.163105
0.700000, 0.300000, -2.936870
0.750000, 0.300000, -2.514175
0.800000, 0.300000, -2.069283
0.850000, 0.300000, -1.777068
0.900000, 0.300000, -1.746557
0.950000, 0.300000, -1.979837
1.000000, 0.300000, -2.372000
1.050000, 0.300000, -2.752144
1.100000, 0.300000, -2.949728
1.150000, 0.300000, -2.860924
1.200000, 0.300000, -2.489590
1.250000, 0.300000, -1.947167
1.300000, 0.300000, -1.411532
1.350000, 0.300000, -1.060463
1.400000, 0.300000, -1.005110
1.450000, 0.300000, -1.248848
1.500000, 0.300000, -1.687196
1.550000, 0.300000, -2.148795
1.600000, 0.300000, -2.461789
1.650000, 0.300000, -2.520197
1.700000, 0.300000, -2.324943
1.750000, 0.300000, -1.983829
1.800000, 0.300000, -1.670470
1.850000, 0.300000, -1.557866
1.900000, 0.300000, -1.751994
1.950000, 0.300000, -2.250785
2.000000, 0.300000, -2.944174
0.000000, 0.350000, -0.273677
0.050000, 0.350000, -0.884039
0.100000, 0.350000, -1.330480
0.150000, 0.350000, -1.501725
0.200000, 0.350000, -1.393892
0.250000, 0.350000, -1.110591
0.300000, 0.350000, -0.821963
0.350000, 0.350000, -0.698339
0.400000, 0.350000, -0.843896
0.450000, 0.350000, -1.255684
0.500000, 0.350000, -1.823693
0.550000, 0.350000, -2.371983
0.600000, 0.350000, -2.725161
0.650000, 0.350000, -2.774859
0.700000, 0.350000, -2.520809
0.750000, 0.350000, -2.070853
0.800000, 0.350000, -1.599877
0.850000, 0.350000, -1.283354
0.900000, 0.350000, -1.230873
0.950000, 0.350000, -1.445030
1.000000, 0.350000, -1.821362
1.050000, 0.350000, -2.189336
1.100000, 0.350000, -2.378696
1.150000, 0.350000, -2.285809
1.200000, 0.350000, -1.914628
1.250000, 0.350000, -1.376597
1.300000, 0.350000, -0.849493
1.350000, 0.350000, -0.510899
1.400000, 0.350000, -0.471679
1.450000, 0.350000, -0.734839
1.500000, 0.350000, -1.195450
1.550000, 0.350000, -1.681646
1.600000, 0.350000, -2.021006
1.650000, 0.350000, -2.106950
1.700000, 0.350000, -1.939776
1.750000, 0.350000, -1.626652
1.800000, 0.350000, -1.340565
1.850000, 0.350000, -1.253911
1.900000, 0.350000, -1.472097
1.950000, 0.350000, -1.992532
2.000000, 0.350000, -2.704693
0.000000, 0.400000, 0.009710
0.050000, 0.400000, -0.604049
0.100000, 0.400000, -1.050075
0.150000, 0.400000, -1.217023
0.200000, 0.400000, -1.101038
0.250000, 0.400000, -0.805852
0.300000, 0.400000, -0.501823
0.350000, 0.400000, -0.359587
0.400000, 0.400000, -0.483711
0.450000, 0.400000, -0.871703
0.500000, 0.400000, -1.414078
0.550000, 0.400000, -1.935466
0.600000, 0.400000, -2.261085
0.650000, 0.400000, -2.283192
0.700000, 0.400000, -2.002155
0.750000, 0.400000, -1.526443
0.800000, 0.400000, -1.031542
0.850000, 0.400000, -0.693488
0.900000, 0.400000, -0.622377
0.950000, 0.400000, -0.821250
1.000000, 0.400000, -1.186012
1.050000, 0.400000, -1.546412
1.100000, 0.400000, -1.732385
1.150000, 0.400000, -1.640392
1.200000, 0.400000, -1.274382
1.250000, 0.400000, -0.745693
1.300000, 0.400000, -0.231901
1.350000, 0.400000, 0.089703
1.400000, 0.400000, 0.108633
1.450000, 0.400000, -0.177663
1.500000, 0.400000, -0.663736
1.550000, 0.400000, -1.177149
1.600000, 0.400000, -1.544869
1.650000, 0.400000, -1.659681
1.700000, 0.400000, -1.521238
1.750000, 0.400000, -1.236070
1.800000, 0.400000, -0.976547
1.850000, 0.400000, -0.914481
1.900000, 0.400000, -1.154748
1.950000, 0.400000, -1.694287
2.000000, 0.400000, -2.422180
0.000000, 0.450000, 0.205154
0.050000, 0.450000, -0.408164
0.100000, 0.450000, -0.849850
0.150000, 0.450000, -1.008589
0.200000, 0.450000, -0.880659
0.250000, 0.450000, -0.570017
0.300000, 0.450000, -0.247332
0.350000, 0.450000, -0.083638
0.400000, 0.450000, -0.183967
0.450000, 0.450000, -0.546356
0.500000, 0.450000, -1.061898
0.550000, 0.450000, -1.555835
0.600000, 0.450000, -1.854018
0.650000, 0.450000, -1.849343
0.700000, 0.450000, -1.542805
0.750000, 0.450000, -1.043476
0.800000, 0.450000, -0.527404
0.850000, 0.450000, -0.171133
0.900000, 0.450000, -0.085202
0.950000, 0.450000, -0.273017
1.000000, 0.450000, -0.630761
1.050000, 0.450000, -0.988371
1.100000, 0.450000, -1.175868
1.150000, 0.450000, -1.089703
1.200000, 0.450000, -0.733711
1.250000, 0.450000, -0.219023
1.300000, 0.450000, 0.277089
1.350000, 0.450000, 0.577722
1.400000, 0.450000, 0.572855
1.450000, 0.450000, 0.260467
1.500000, 0.450000, -0.253410
1.550000, 0.450000, -0.795714
1.600000, 0.450000, -1.192765
1.650000, 0.450000, -1.336689
1.700000, 0.450000, -1.226488
1.750000, 0.450000, -0.968061
1.800000, 0.450000, -0.733182
1.850000, 0.450000, -0.693120
1.900000, 0.450000, -0.952268
1.950000, 0.450000, -1.507156
2.000000, 0.450000, -2.246539
0.000000, 0.500000, 0.186502
0.050000, 0.500000, -0.422442
0.100000, 0.500000, -0.855860
0.150000, 0.500000, -1.002579
0.200000, 0.500000, -0.859109
0.250000, 0.500000, -0.529729
0.300000, 0.500000, -0.185513
0.350000, 0.500000, 0.002032
0.400000, 0.500000, -0.072662
0.450000, 0.500000, -0.408218
0.500000, 0.500000, -0.896346
0.550000, 0.500000, -1.362927
0.600000, 0.500000, -1.634452
0.650000, 0.500000, -1.604450
0.700000, 0.500000, -1.274520
0.750000, 0.500000, -0.754295
0.800000, 0.500000, -0.220331
0.850000, 0.500000, 0.150388
0.900000, 0.500000, 0.246960
0.950000, 0.500000, 0.065707
1.000000, 0.500000, -0.289736
1.050000, 0.500000, -0.649386
1.100000, 0.500000, -0.843244
1.150000, 0.500000, -0.767638
1.200000, 0.500000, -0.426186
1.250000, 0.500000, 0.070299
1.300000, 0.500000, 0.544942
1.350000, 0.500000, 0.821321
1.400000, 0.500000, 0.789957
1.450000, 0.500000, 0.449429
1.500000, 0.500000, -0.093594
1.550000, 0.500000, -0.665388
1.600000, 0.500000, -1.091598
1.650000, 0.500000, -1.263687
1.700000, 0.500000, -1.180011
1.750000, 0.500000, -0.945860
1.800000, 0.500000, -0.732453
1.850000, 0.500000, -0.710564
1.900000, 0.500000, -0.984167
1.950000, 0.500000, -1.549457
2.000000, 0.500000, -2.294947
0.000000, 0.550000, -0.091963
0.050000, 0.550000, -0.692598
0.100000, 0.550000, -1.113921
0.150000, 0.550000, -1.245003
0.200000, 0.550000, -1.082685
0.250000, 0.550000, -0.731659
0.300000, 0.550000, -0.363485
0.350000, 0.550000, -0.150213
0.400000, 0.550000, -0.198006
0.450000, 0.550000, -0.506111
0.500000, 0.550000, -0.966882
0.550000, 0.550000, -1.406849
0.600000, 0.550000, -1.653135
0.650000, 0.550000, -1.599876
0.700000, 0.550000, -1.249235
0.750000, 0.550000, -0.711350
0.800000, 0.550000, -0.163217
0.850000, 0.550000, 0.217823
0.900000, 0.550000, 0.320600
0.950000, 0.550000, 0.141263
1.000000, 0.550000, -0.216625
1.050000, 0.550000, -0.583051
1.100000, 0.550000, -0.787884
1.150000, 0.550000, -0.727219
1.200000, 0.550000, -0.404346
1.250000, 0.550000, 0.070337
1.300000, 0.550000, 0.520447
1.350000, 0.550000, 0.770122
1.400000, 0.550000, 0.710499
1.450000, 0.550000, 0.340807
1.500000, 0.550000, -0.231606
1.550000, 0.550000, -0.832326
1.600000, 0.550000, -1.286322
1.650000, 0.550000, -1.484397
1.700000, 0.550000, -1.424287
1.750000, 0.550000, -1.210716
1.800000, 0.550000, -1.014398
1.850000, 0.550000, -1.005683
1.900000, 0.550000, -1.288204
1.950000, 0.550000, -1.857910
2.000000, 0.550000, -2.603167
0.000000, 0.600000, -0.576653
0.050000, 0.600000, -1.165142
0.100000, 0.600000, -1.570735
0.150000, 0.600000, -1.682846
0.200000, 0.600000, -1.498741
0.250000, 0.600000, -1.123608
0.300000, 0.600000, -0.729562
0.350000, 0.600000, -0.489257
0.400000, 0.600000, -0.509489
0.450000, 0.600000, -0.790158
0.500000, 0.600000, -1.224273
0.550000, 0.600000, -1.639000
0.600000, 0.600000, -1.862075
0.650000, 0.600000, -1.788198
0.700000, 0.600000, -1.420037
0.750000, 0.600000, -0.868168
0.800000, 0.600000, -0.309939
0.850000, 0.600000, 0.077046
0.900000, 0.600000, 0.181452
0.950000, 0.600000, -0.000635
1.000000, 0.600000, -0.365612
1.050000, 0.600000, -0.743318
1.100000, 0.600000, -0.963376
1.150000, 0.600000, -0.921541
1.200000, 0.600000, -0.620669
1.250000, 0.600000, -0.170652
1.300000, 0.600000, 0.252706
1.350000, 0.600000, 0.474172
1.400000, 0.600000, 0.385551
1.450000, 0.600000, -0.013231
1.500000, 0.600000, -0.614126
1.550000, 0.600000, -1.242027
1.600000, 0.600000, -1.721234
1.650000, 0.600000, -1.941918
1.700000, 0.600000, -1.901243
1.750000, 0.600000, -1.703423
1.800000, 0.600000, -1.518746
1.850000, 0.600000, -1.517221
1.900000, 0.600000, -1.802238
1.950000, 0.600000, -2.369608
2.000000, 0.600000, -3.107659
0.000000, 0.650000, -1.133736
0.050000, 0.650000, -1.706434
0.100000, 0.650000, -2.092945
0.150000, 0.650000, -2.183119
0.200000, 0.650000, -1.974732
0.250000, 0.650000, -1.573540
0.300000, 0.650000, -1.152272
0.350000, 0.650000, -0.884230
0.400000, 0.650000, -0.876872
0.450000, 0.650000, -1.130759
0.500000, 0.650000, -1.539546
0.550000, 0.650000, -1.931017
0.600000, 0.650000, -2.133473
0.650000, 0.650000, -2.042123
0.700000, 0.650000, -1.660070
0.750000, 0.650000, -1.098238
0.800000, 0.650000, -0.534234
0.850000, 0.650000, -0.145817
0.900000, 0.650000, -0.044377
0.950000, 0.650000, -0.233775
1.000000, 0.650000, -0.610246
1.050000, 0.650000, -1.003370
1.100000, 0.650000, -1.242412
1.150000, 0.650000, -1.222677
1.200000, 0.650000, -0.946496
1.250000, 0.650000, -0.523167
1.300000, 0.650000, -0.127846
1.350000, 0.650000, 0.064919
1.400000, 0.650000, -0.052358
1.450000, 0.650000, -0.479036
1.500000, 0.650000, -1.106360
1.550000, 0.650000, -1.758547
1.600000, 0.650000, -2.259258
1.650000, 0.650000, -2.498088
1.700000, 0.650000, -2.471691
1.750000, 0.650000, -2.283857
1.800000, 0.650000, -2.104540
1.850000, 0.650000, -2.103518
1.900000, 0.650000, -2.384056
1.950000, 0.650000, -2.941948
2.000000, 0.650000, -3.665617
0.000000, 0.700000, -1.598890
0.050000, 0.700000, -2.152432
0.100000, 0.700000, -2.516873
0.150000, 0.700000, -2.582584
0.200000, 0.700000, -2.347926
0.250000, 0.700000, -1.919283
0.300000, 0.700000, -1.470045
0.350000, 0.700000, -1.174187
0.400000, 0.700000, -1.139843
0.450000, 0.700000, -1.368229
0.500000, 0.700000, -1.753623
0.550000, 0.700000, -2.124382
0.600000, 0.700000, -2.309320
0.650000, 0.700000, -2.204077
0.700000, 0.700000, -1.812105
0.750000, 0.700000, -1.244582
0.800000, 0.700000, -0.679262
0.850000, 0.700000, -0.293949
0.900000, 0.700000, -0.199966
0.950000, 0.700000, -0.401000
1.000000, 0.700000, -0.793012
1.050000, 0.700000, -1.205203
1.100000, 0.700000, -1.466375
1.150000, 0.700000, -1.471287
1.200000, 0.700000, -1.221659
1.250000, 0.700000, -0.826123
1.300000, 0.700000, -0.459135
1.350000, 0.700000, -0.294517
1.400000, 0.700000, -0.439028
1.450000, 0.700000, -0.891312
1.500000, 0.700000, -1.541928
1.550000, 0.700000, -2.214455
1.600000, 0.700000, -2.731973
1.650000, 0.700000, -2.983575
1.700000, 0.700000, -2.965498
1.750000, 0.700000, -2.781213
1.800000, 0.700000, -2.600460
1.850000, 0.700000, -2.592915
1.900000, 0.700000, -2.861852
1.950000, 0.700000, -3.403190
2.000000, 0.700000, -4.105589
0.000000, 0.750000, -1.838754
0.050000, 0.750000, -2.370142
0.100000, 0.750000, -2.709964
0.150000, 0.750000, -2.749192
0.200000, 0.750000, -2.486830
0.250000, 0.750000, -2.029942
0.300000, 0.750000, -1.552606
0.350000, 0.750000, -1.229487
0.400000, 0.750000, -1.169386
0.450000, 0.750000, -1.374155
0.500000, 0.750000, -1.738654
0.550000, 0.750000, -2.091754
0.600000, 0.750000, -2.262707
0.650000, 0.750000, -2.147501
0.700000, 0.750000, -1.749838
0.750000, 0.750000, -1.181037
0.800000, 0.750000, -0.618886
0.850000, 0.750000, -0.241113
0.900000, 0.750000, -0.158852
0.950000, 0.750000, -0.375499
1.000000, 0.750000, -0.786618
1.050000, 0.750000, -1.220930
1.100000, 0.750000, -1.506671
1.150000, 0.750000, -1.537970
1.200000, 0.750000, -1.315864
1.250000, 0.750000, -0.948267
1.300000, 0.750000, -0.608896
1.350000, 0.750000, -0.470836
1.400000, 0.750000, -0.640120
1.450000, 0.750000, -1.114703
1.500000, 0.750000, -1.784506
1.550000, 0.750000, -2.472530
1.600000, 0.750000, -3.001365
1.650000, 0.750000, -3.259699
1.700000, 0.750000, -3.243470
1.750000, 0.750000, -3.055960
1.800000, 0.750000, -2.866835
1.850000, 0.750000, -2.845814
1.900000, 0.750000, -3.096335
1.950000, 0.750000, -3.614596
2.000000, 0.750000, -4.289644
0.000000, 0.800000, -1.800677
0.050000, 0.800000, -2.307348
0.100000, 0.800000, -2.620505
0.150000, 0.800000, -2.631783
0.200000, 0.800000, -2.340881
0.250000, 0.800000, -1.855571
0.300000, 0.800000, -1.350640
0.350000, 0.800000, -1.001437
0.400000, 0.800000, -0.917411
0.450000, 0.800000, -1.101009
0.500000, 0.800000, -1.447616
0.550000, 0.800000, -1.786547
0.600000, 0.800000, -1.947403
0.650000, 0.800000, -1.826423
0.700000, 0.800000, -1.427444
0.750000, 0.800000, -0.861812
0.800000, 0.800000, -0.307228
0.850000, 0.800000, 0.058782
0.900000, 0.800000, 0.125395
0.950000, 0.800000, -0.110375
1.000000, 0.800000, -0.543591
1.050000, 0.800000, -1.002387
1.100000, 0.800000, -1.314350
1.150000, 0.800000, -1.372909
1.200000, 0.800000, -1.178366
1.250000, 0.800000, -0.837883
1.300000, 0.800000, -0.524427
1.350000, 0.800000, -0.410351
1.400000, 0.800000, -0.600997
1.450000, 0.800000, -1.093683
1.500000, 0.800000, -1.777763
1.550000, 0.800000, -2.475758
1.600000, 0.800000, -3.009875
1.650000, 0.800000, -3.268526
1.700000, 0.800000, -3.247491
1.750000, 0.800000, -3.050013
1.800000, 0.800000, -2.845841
1.850000, 0.800000, -2.804902
1.900000, 0.800000, -3.030959
1.950000, 0.800000, -3.520646
2.000000, 0.800000, -4.163551
0.000000, 0.850000, -1.531745
0.050000, 0.850000, -2.011640
0.100000, 0.850000, -2.296638
0.150000, 0.850000, -2.279092
0.200000, 0.850000, -1.959429
0.250000, 0.850000, -1.446150
0.300000, 0.850000, -0.914746
0.350000, 0.850000, -0.541236
0.400000, 0.850000, -0.435679
0.450000, 0.850000, -0.601060
0.500000, 0.850000, -0.933219
0.550000, 0.850000, -1.261828
0.600000, 0.850000, -1.416740
0.650000, 0.850000, -1.294328
0.700000, 0.850000, -0.898452
0.750000, 0.850000, -0.340361
0.800000, 0.850000, 0.202461
0.850000, 0.850000, 0.552812
0.900000, 0.850000, 0.600296
0.950000, 0.850000, 0.342453
1.000000, 0.850000, -0.115178
1.050000, 0.850000, -0.600061
1.100000, 0.850000, -0.939063
1.150000, 0.850000, -1.024860
1.200000, 0.850000, -0.856988
1.250000, 0.850000, -0.541848
1.300000, 0.850000, -0.251670
1.350000, 0.850000, -0.158116
1.400000, 0.850000, -0.365893
1.450000, 0.850000, -0.871765
1.500000, 0.850000, -1.564621
1.550000, 0.850000, -2.266623
1.600000, 0.850000, -2.799730
1.650000, 0.850000, -3.052233
1.700000, 0.850000, -3.019910
1.750000, 0.850000, -2.806134
1.800000, 0.850000, -2.580908
1.850000, 0.850000, -2.514535
1.900000, 0.850000, -2.711264
1.950000, 0.850000, -3.168321
2.000000, 0.850000, -3.775975
0.000000, 0.900000, -1.159887
0.050000, 0.900000, -1.611498
0.100000, 0.900000, -1.867435
0.150000, 0.900000, -1.820804
0.200000, 0.900000, -1.472784
0.250000, 0.900000, -0.932606
0.300000, 0.900000, -0.376452
0.350000, 0.900000, 0.019028
0.400000, 0.900000, 0.143215
0.450000, 0.900000, -0.007346
0.500000, 0.900000, -0.328863
0.550000, 0.900000, -0.651267
0.600000, 0.900000, -0.804550
0.650000, 0.900000, -0.685105
0.700000, 0.900000, -0.296685
0.750000, 0.900000, 0.249684
0.800000, 0.900000, 0.776856
0.850000, 0.900000, 1.108080
0.900000, 0.900000, 1.133499
0.950000, 0.900000, 0.851278
1.000000, 0.900000, 0.367650
1.050000, 0.900000, -0.144112
1.100000, 0.900000, -0.510103
1.150000, 0.900000, -0.622217
1.200000, 0.900000, -0.479218
1.250000, 0.900000, -0.186764
1.300000, 0.900000, 0.083607
1.350000, 0.900000, 0.160863
1.400000, 0.900000, -0.059163
1.450000, 0.900000, -0.572787
1.500000, 0.900000, -1.268567
1.550000, 0.900000, -1.968449
1.600000, 0.900000, -2.494307
1.650000, 0.900000, -2.734476
1.700000, 0.900000, -2.684910
1.750000, 0.900000, -2.449286
1.800000, 0.900000, -2.198034
1.850000, 0.900000, -2.101994
1.900000, 0.900000, -2.266059
1.950000, 0.900000, -2.688179
2.000000, 0.900000, -3.259418
0.000000, 0.950000, -0.844272
0.050000, 0.950000, -1.266679
0.100000, 0.950000, -1.493265
0.150000, 0.950000, -1.417912
0.200000, 0.950000, -1.042556
0.250000, 0.950000, -0.477144
0.300000, 0.950000, 0.101480
0.350000, 0.950000, 0.516082
0.400000, 0.950000, 0.655553
0.450000, 0.950000, 0.516051
0.500000, 0.950000, 0.201095
0.550000, 0.950000, -0.119393
0.600000, 0.950000, -0.275427
0.650000, 0.950000, -0.163291
0.700000, 0.950000, 0.213491
0.750000, 0.950000, 0.744248
0.800000, 0.950000, 1.252297
0.850000, 0.950000, 1.561447
0.900000, 0.950000, 1.562489
0.950000, 0.950000, 1.254301
1.000000, 0.950000, 0.743877
1.050000, 0.950000, 0.205283
1.100000, 0.950000, -0.186778
1.150000, 0.950000, -0.323416
1.200000, 0.950000, -0.202645
1.250000, 0.950000, 0.070573
1.300000, 0.950000, 0.325321
1.350000, 0.950000, 0.391098
1.400000, 0.950000, 0.164162
1.450000, 0.950000, -0.351497
1.500000, 0.950000, -1.044257
1.550000, 0.950000, -1.736019
1.600000, 0.950000, -2.248746
1.650000, 0.950000, -2.470999
1.700000, 0.950000, -2.399086
1.750000, 0.950000, -2.137162
1.800000, 0.950000, -1.856248
1.850000, 0.950000, -1.727869
1.900000, 0.950000, -1.857685
1.950000, 0.950000, -2.244475
2.000000, 0.950000, -2.780174
0.000000, 1.000000, -0.713968
0.050000, 1.000000, -1.106864
0.100000, 1.000000, -1.304431
0.150000, 1.000000, -1.201332
0.200000, 1.000000, -0.800253
0.250000, 1.000000, -0.211833
0.300000, 1.000000, 0.386470
0.350000, 1.000000, 0.816904
0.400000, 1.000000, 0.967945
0.450000, 1.000000, 0.835460
0.500000, 1.000000, 0.522806
0.550000, 1.000000, 0.199872
0.600000, 1.000000, 0.036751
0.650000, 1.000000, 0.137391
0.700000, 1.000000, 0.498634
0.750000, 1.000000, 1.010283
0.800000, 1.000000, 1.496236
0.850000, 1.000000, 1.780971
0.900000, 1.000000, 1.756015
0.950000, 1.000000, 1.421032
1.000000, 1.000000, 0.883829
1.050000, 1.000000, 0.319290
1.100000, 1.000000, -0.097081
1.150000, 1.000000, -0.255635
1.200000, 1.000000, -0.153686
1.250000, 1.000000, 0.104420
1.300000, 1.000000, 0.348287
1.350000, 1.000000, 0.407816
1.400000, 1.000000, 0.179546
1.450000, 1.000000, -0.332390
1.500000, 1.000000, -1.016364
1.550000, 1.000000, -1.694415
1.600000, 1.000000, -2.188779
1.650000, 1.000000, -2.388423
1.700000, 1.000000, -2.290185
1.750000, 1.000000, -1.998857
1.800000, 1.000000, -1.686188
1.850000, 1.000000, -1.524507
1.900000, 1.000000, -1.620328
1.950000, 1.000000, -1.973315
2.000000, 1.000000, -2.476289
0.000000, 1.050000, -0.818318
0.050000, 1.050000, -1.182017
0.100000, 1.050000, -1.351507
0.150000, 1.050000, -1.222231
0.200000, 1.050000, -0.797600
0.250000, 1.050000, -0.188904
0.300000, 1.050000, 0.425846
0.350000, 1.050000, 0.868449
0.400000, 1.050000, 1.027065
0.450000, 1.050000, 0.897370
0.500000, 1.050000, 0.582675
0.550000, 1.050000, 0.252965
0.600000, 1.050000, 0.078564
0.650000, 1.050000, 0.163786
0.700000, 1.050000, 0.505961
0.750000, 1.050000, 0.995490
0.800000, 1.050000, 1.456959
0.850000, 1.050000, 1.715606
0.900000, 1.050000, 1.663772
0.950000, 1.050000, 1.301957
1.000000, 1.050000, 0.738809
1.050000, 1.050000, 0.150032
1.100000, 1.050000, -0.288097
1.150000, 1.050000, -0.465223
1.200000, 1.050000, -0.378043
1.250000, 1.050000, -0.130395
1.300000, 1.050000, 0.107712
1.350000, 1.050000, 0.166433
1.400000, 1.050000, -0.057586
1.450000, 1.050000, -0.560247
1.500000, 1.050000, -1.230104
1.550000, 1.050000, -1.889519
1.600000, 1.050000, -2.361189
1.650000, 1.050000, -2.534655
1.700000, 1.050000, -2.407441
1.750000, 1.050000, -2.085105
1.800000, 1.050000, -1.740230
1.850000, 1.050000, -1.546017
1.900000, 1.050000, -1.609868
1.950000, 1.050000, -1.932327
2.000000, 1.050000, -2.407058
0.000000, 1.100000, -1.107979
0.050000, 1.100000, -1.443406
0.100000, 1.100000, -1.586353
0.150000, 1.100000, -1.433023
0.200000, 1.100000, -0.987517
0.250000, 1.100000, -0.361720
0.300000, 1.100000, 0.265871
0.350000, 1.100000, 0.716699
0.400000, 1.100000, 0.878701
0.450000, 1.100000, 0.747482
0.500000, 1.100000, 0.426427
0.550000, 1.100000, 0.085742
0.600000, 1.100000, -0.103885
0.650000, 1.100000, -0.037646
0.700000, 1.100000, 0.282399
0.750000, 1.100000, 0.747359
0.800000, 1.100000, 1.182606
0.850000, 1.100000, 1.414214
0.900000, 1.100000, 1.335391
0.950000, 1.100000, 0.947505
1.000000, 1.100000, 0.360048
1.050000, 1.100000, -0.250487
1.100000, 1.100000, -0.707104
1.150000, 1.100000, -0.898829
1.200000, 1.100000, -0.821854
1.250000, 1.100000, -0.579646
1.300000, 1.100000, -0.341984
1.350000, 1.100000, -0.278639
1.400000, 1.100000, -0.493038
1.450000, 1.100000, -0.981312
1.500000, 1.100000, -1.632389
1.550000, 1.100000, -2.269139
1.600000, 1.100000, -2.714883
1.650000, 1.100000, -2.859890
1.700000, 1.100000, -2.702486
1.750000, 1.100000, -2.349089
1.800000, 1.100000, -1.973165
1.850000, 1.100000, -1.748803
1.900000, 1.100000, -1.784263
1.950000, 1.100000, -2.080894
2.000000, 1.100000, -2.533091
0.000000, 1.150000, -1.453882
0.050000, 1.150000, -1.762551
0.100000, 1.150000, -1.881041
0.150000, 1.150000, -1.706285
0.200000, 1.150000, -1.243022
0.250000, 1.150000, -0.603668
0.300000, 1.150000, 0.032874
0.350000, 1.150000, 0.487786
0.400000, 1.150000, 0.648894
0.450000, 1.150000, 0.511847
0.500000, 1.150000, 0.180232
0.550000, 1.150000, -0.175394
0.600000, 1.150000, -0.383850
0.650000, 1.150000, -0.339711
0.700000, 1.150000, -0.044314
0.750000, 1.150000, 0.394260
0.800000, 1.150000, 0.802246
0.850000, 1.150000, 1.006617
0.900000, 1.150000, 0.901477
0.950000, 1.150000, 0.489066
1.000000, 1.150000, -0.120307
1.050000, 1.150000, -0.749413
1.100000, 1.150000, -1.220629
1.150000, 1.150000, -1.422474
1.200000, 1.150000, -1.350781
1.250000, 1.150000, -1.108806
1.300000, 1.150000, -0.866282
1.350000, 1.150000, -0.793092
1.400000, 1.150000, -0.992936
1.450000, 1.150000, -1.462367
1.500000, 1.150000, -2.090870
1.550000, 1.150000, -2.701986
1.600000, 1.150000, -3.119806
1.650000, 1.150000, -3.235437
1.700000, 1.150000, -3.048085
1.750000, 1.150000, -2.665058
1.800000, 1.150000, -2.260702
1.850000, 1.150000, -2.009937
1.900000, 1.150000, -2.021783
1.950000, 1.150000, -2.298256
2.000000, 1.150000, -2.734295
0.000000, 1.200000, -1.696860
0.050000, 1.200000, -1.980837
0.100000, 1.200000, -2.077460
0.150000, 1.200000, -1.884344
0.200000, 1.200000, -1.406810
0.250000, 1.200000, -0.757732
0.300000, 1.200000, -0.116324
0.350000, 1.200000, 0.338434
0.400000, 1.200000, 0.494371
0.450000, 1.200000, 0.347306
0.500000, 1.200000, 0.001151
0.550000, 1.200000, -0.373053
0.600000, 1.200000, -0.603511
0.650000, 1.200000, -0.584063
0.700000, 1.200000, -0.315218
0.750000, 1.200000, 0.095833
0.800000, 1.200000, 0.476256
0.850000, 1.200000, 0.653956
0.900000, 1.200000, 0.523943
0.950000, 1.200000, 0.089305
1.000000, 1.200000, -0.538891
1.050000, 1.200000, -1.182767
1.100000, 1.200000, -1.664188
1.150000, 1.200000, -1.871314
1.200000, 1.200000, -1.799784
1.250000, 1.200000, -1.552831
1.300000, 1.200000, -1.300336
1.350000, 1.200000, -1.212496
1.400000, 1.200000, -1.393480
1.450000, 1.200000, -1.840444
1.500000, 1.200000, -2.443595
1.550000, 1.200000, -3.027284
1.600000, 1.200000, -3.416472
1.650000, 1.200000, -3.503166
1.700000, 1.200000, -3.287471
1.750000, 1.200000, -2.877561
1.800000, 1.200000, -2.448580
1.850000, 1.200000, -2.176160
1.900000, 1.200000, -2.169916
1.950000, 1.200000, -2.432322
2.000000, 1.200000, -2.858628
0.000000, 1.250000, -1.708983
0.050000, 1.250000, -1.970837
0.100000, 1.250000, -2.048620
0.150000, 1.250000, -1.840579
0.200000, 1.250000, -1.352547
0.250000, 1.250000, -0.697770
0.300000, 1.250000, -0.055683
0.350000, 1.250000, 0.394684
0.400000, 1.250000, 0.541279
0.450000, 1.250000, 0.380213
0.500000, 1.250000, 0.015855
0.550000, 1.250000, -0.380152
0.600000, 1.250000, -0.635276
0.650000, 1.250000, -0.642515
0.700000, 1.250000, -0.401464
0.750000, 1.250000, -0.018352
0.800000, 1.250000, 0.334957
0.850000, 1.250000, 0.487314
0.900000, 1.250000, 0.334615
0.950000, 1.250000, -0.119259
1.000000, 1.250000, -0.762566
1.050000, 1.250000, -1.416900
1.100000, 1.250000, -1.903761
1.150000, 1.250000, -2.111120
1.200000, 1.250000, -2.034612
1.250000, 1.250000, -1.777648
1.300000, 1.250000, -1.510460
1.350000, 1.250000, -1.403760
1.400000, 1.250000, -1.562368
1.450000, 1.250000, -1.984211
1.500000, 1.250000, -2.560345
1.550000, 1.250000, -3.116028
1.600000, 1.250000, -3.477142
1.650000, 1.250000, -3.536599
1.700000, 1.250000, -3.295353
1.750000, 1.250000, -2.862348
1.800000, 1.250000, -2.413386
1.850000, 1.250000, -2.124620
1.900000, 1.250000, -2.106035
1.950000, 1.250000, -2.360310
2.000000, 1.250000, -2.782737
0.000000, 1.300000, -1.443164
0.050000, 1.300000, -1.685900
0.100000, 1.300000, -1.748237
0.150000, 1.300000, -1.528988
0.200000, 1.300000, -1.034424
0.250000, 1.300000, -0.378077
0.300000, 1.300000, 0.260501
0.350000, 1.300000, 0.702336
0.400000, 1.300000, 0.835619
0.450000, 1.300000, 0.656873
0.500000, 1.300000, 0.271047
0.550000, 1.300000, -0.149492
0.600000, 1.300000, -0.431369
0.650000, 1.300000, -0.466645
0.700000, 1.300000, -0.253927
0.750000, 1.300000, 0.101567
0.800000, 1.300000, 0.428963
0.850000, 1.300000, 0.558041
0.900000, 1.300000, 0.385535
0.950000, 1.300000, -0.083962
1.000000, 1.300000, -0.738151
1.050000, 1.300000, -1.398244
1.100000, 1.300000, -1.885550
1.150000, 1.300000, -2.088047
1.200000, 1.300000, -2.001569
1.250000, 1.300000, -1.729912
1.300000, 1.300000, -1.443865
1.350000, 1.300000, -1.314841
1.400000, 1.300000, -1.448477
1.450000, 1.300000, -1.843595
1.500000, 1.300000, -2.392195
1.550000, 1.300000, -2.920480
1.600000, 1.300000, -3.255244
1.650000, 1.300000, -3.290239
1.700000, 1.300000, -3.027158
1.750000, 1.300000, -2.575550
1.800000, 1.300000, -2.111666
1.850000, 1.300000, -1.811938
1.900000, 1.300000, -1.786458
1.950000, 1.300000, -2.037831
2.000000, 1.300000, -2.461107
0.000000, 1.350000, -0.952057
0.050000, 1.350000, -1.179045
0.100000, 1.350000, -1.229611
0.150000, 1.350000, -1.003067
0.200000, 1.350000, -0.506037
0.250000, 1.350000, 0.147749
0.300000, 1.350000, 0.778723
0.350000, 1.350000, 1.208084
0.400000, 1.350000, 1.324376
0.450000, 1.350000, 1.124659
0.500000, 1.350000, 0.714578
0.550000, 1.350000, 0.267336
0.600000, 1.350000, -0.042750
0.650000, 1.350000, -0.106728
0.700000, 1.350000, 0.077843
0.750000, 1.350000, 0.406781
0.800000, 1.350000, 0.710192
0.850000, 1.350000, 0.818749
0.900000, 1.350000, 0.629944
0.950000, 1.350000, 0.148968
1.000000, 1.350000, -0.511468
1.050000, 1.350000, -1.172371
1.100000, 1.350000, -1.655052
1.150000, 1.350000, -1.847704
1.200000, 1.350000, -1.746575
1.250000, 1.350000, -1.456058
1.300000, 1.350000, -1.147688
1.350000, 1.350000, -0.993743
1.400000, 1.350000, -1.100806
1.450000, 1.350000, -1.468683
1.500000, 1.350000, -1.990347
1.550000, 1.350000, -2.492929
1.600000, 1.350000, -2.804059
1.650000, 1.350000, -2.818198
1.700000, 1.350000, -2.537598
1.750000, 1.350000, -2.072188
1.800000, 1.350000, -1.598412
1.850000, 1.350000, -1.292709
1.900000, 1.350000, -1.264987
1.950000, 1.350000, -1.517505
2.000000, 1.350000, -1.944819
0.000000, 1.400000, -0.369018
0.050000, 1.400000, -0.583910
0.100000, 1.400000, -0.626574
0.150000, 1.400000, -0.396744
0.200000, 1.400000, 0.098679
0.250000, 1.400000, 0.745866
0.300000, 1.400000, 1.365334
0.350000, 1.400000, 1.778562
0.400000, 1.400000, 1.874564
0.450000, 1.400000, 1.651050
0.500000, 1.400000, 1.214473
0.550000, 1.400000, 0.738970
0.600000, 1.400000, 0.399888
0.650000, 1.400000, 0.307254
0.700000, 1.400000, 0.464591
0.750000, 1.400000, 0.768755
0.800000, 1.400000, 1.050804
0.850000, 1.400000, 1.142229
0.900000, 1.400000, 0.941176
0.950000, 1.400000, 0.453291
1.000000, 1.400000, -0.208480
1.050000, 1.400000, -0.865131
1.100000, 1.400000, -1.338192
1.150000, 1.400000, -1.516290
1.200000, 1.400000, -1.396301
1.250000, 1.400000, -1.083408
1.300000, 1.400000, -0.750066
1.350000, 1.400000, -0.569548
1.400000, 1.400000, -0.649468
1.450000, 1.400000, -0.990645
1.500000, 1.400000, -1.487000
1.550000, 1.400000, -1.966503
1.600000, 1.400000, -2.257474
1.650000, 1.400000, -2.254894
1.700000, 1.400000, -1.961330
1.750000, 1.400000, -1.486825
1.800000, 1.400000, -1.007732
1.850000, 1.400000, -0.700204
1.900000, 1.400000, -0.673701
1.950000, 1.400000, -0.929893
2.000000, 1.400000, -1.362654
0.000000, 1.450000, 0.141625
0.050000, 1.450000, -0.065013
0.100000, 1.450000, -0.103741
0.150000, 1.450000, 0.125362
0.200000, 1.450000, 0.615202
0.250000, 1.450000, 1.251941
0.300000, 1.450000, 1.856281
0.350000, 1.450000, 2.250087
0.400000, 1.450000, 2.322954
0.450000, 1.450000, 2.073348
0.500000, 1.450000, 1.608630
0.550000, 1.450000, 1.103964
0.600000, 1.450000, 0.735791
0.650000, 1.450000, 0.615261
0.700000, 1.450000, 0.746993
0.750000, 1.450000, 1.028857
0.800000, 1.450000, 1.292803
0.850000, 1.450000, 1.371043
0.900000, 1.450000, 1.162237
0.950000, 1.450000, 0.672316
1.000000, 1.450000, 0.014269
1.050000, 1.450000, -0.633106
1.100000, 1.450000, -1.091781
1.150000, 1.450000, -1.251036
1.200000, 1.450000, -1.108580
1.250000, 1.450000, -0.770565
1.300000, 1.450000, -0.410499
1.350000, 1.450000, -0.202739
1.400000, 1.450000, -0.255960
1.450000, 1.450000, -0.571959
1.500000, 1.450000, -1.045513
1.550000, 1.450000, -1.505276
1.600000, 1.450000, -1.780052
1.650000, 1.450000, -1.765087
1.700000, 1.450000, -1.462988
1.750000, 1.450000, -0.983615
1.800000, 1.450000, -0.502942
1.850000, 1.450000, -0.196572
1.900000, 1.450000, -0.173287
1.950000, 1.450000, -0.434003
2.000000, 1.450000, -0.871814
0.000000, 1.500000, 0.446044
0.050000, 1.500000, 0.243718
0.100000, 1.500000, 0.204961
0.150000, 1.500000, 0.429417
0.200000, 1.500000, 0.909886
0.250000, 1.500000, 1.532606
0.300000, 1.500000, 2.118563
0.350000, 1.500000, 2.490105
0.400000, 1.500000, 2.537510
0.450000, 1.500000, 2.260100
0.500000, 1.500000, 1.766236
0.550000, 1.500000, 1.232180
0.600000, 1.500000, 0.835525
0.650000, 1.500000, 0.688566
0.700000, 1.500000, 0.797005
0.750000, 1.500000, 1.059683
0.800000, 1.500000, 1.309352
0.850000, 1.500000, 1.378816
0.900000, 1.500000, 1.167086
0.950000, 1.500000, 0.680186
1.000000, 1.500000, 0.030924
1.050000, 1.500000, -0.602334
1.100000, 1.500000, -1.042230
1.150000, 1.500000, -1.178910
1.200000, 1.500000, -1.011102
1.250000, 1.500000, -0.646071
1.300000, 1.500000, -0.258470
1.350000, 1.500000, -0.023775
1.400000, 1.500000, -0.051686
1.450000, 1.500000, -0.344885
1.500000, 1.500000, -0.798837
1.550000, 1.500000, -1.242664
1.600000, 1.500000, -1.505396
1.650000, 1.500000, -1.482249
1.700000, 1.500000, -1.175570
1.750000, 1.500000, -0.694745
1.800000, 1.500000, -0.215105
1.850000, 1.500000, 0.088511
1.900000, 1.500000, 0.108145
1.950000, 1.500000, -0.156297
2.000000, 1.500000, -0.597150
0.000000, 1.550000, 0.490651
0.050000, 1.550000, 0.288697
0.100000, 1.550000, 0.246039
0.150000, 1.550000, 0.462120
0.200000, 1.550000, 0.929707
0.250000, 1.550000, 1.535201
0.300000, 1.550000, 2.099957
0.350000, 1.550000, 2.446902
0.400000, 1.550000, 2.467090
0.450000, 1.550000, 2.160789
0.500000, 1.550000, 1.637436
0.550000, 1.550000, 1.074453
0.600000, 1.550000, 0.650617
0.650000, 1.550000, 0.479372
0.700000, 1.550000, 0.567472
0.750000, 1.550000, 0.814653
0.800000, 1.550000, 1.054350
0.850000, 1.550000, 1.119808
0.900000, 1.550000, 0.910198
0.950000, 1.550000, 0.431417
1.000000, 1.550000, -0.204133
1.050000, 1.550000, -0.818756
1.100000, 1.550000, -1.235986
1.150000, 1.550000, -1.347033
1.200000, 1.550000, -1.151798
1.250000, 1.550000, -0.758761
1.300000, 1.550000, -0.343761
1.350000, 1.550000, -0.083363
1.400000, 1.550000, -0.088195
1.450000, 1.550000, -0.361653
1.500000, 1.550000, -0.799671
1.550000, 1.550000, -1.231564
1.600000, 1.550000, -1.486285
1.650000, 1.550000, -1.458717
1.700000, 1.550000, -1.150646
1.750000, 1.550000, -0.670723
1.800000, 1.550000, -0.193430
1.850000, 1.550000, 0.107286
1.900000, 1.550000, 0.124333
1.950000, 1.550000, -0.141616
2.000000, 1.550000, -0.582299
0.000000, 1.600000, 0.321161
0.050000, 1.600000, 0.115736
0.100000, 1.600000, 0.065497
0.150000, 1.600000, 0.269753
0.200000, 1.600000, 0.721309
0.250000, 1.600000, 1.306806
0.300000, 1.600000, 1.848048
0.350000, 1.600000, 2.168627
0.400000, 1.600000, 2.160455
0.450000, 1.600000, 1.824823
0.500000, 1.600000, 1.272310
0.550000, 1.600000, 0.681541
0.600000, 1.600000, 0.232495
0.650000, 1.600000, 0.039745
0.700000, 1.600000, 0.111038
0.750000, 1.600000, 0.346902
0.800000, 1.600000, 0.581318
0.850000, 1.600000, 0.647784
0.900000, 1.600000, 0.445424
0.950000, 1.600000, -0.020226
1.000000, 1.600000, -0.637413
1.050000, 1.600000, -1.229342
1.100000, 1.600000, -1.620645
1.150000, 1.600000, -1.703768
1.200000, 1.600000, -1.479901
1.250000, 1.600000, -1.058790
1.300000, 1.600000, -0.617441
1.350000, 1.600000, -0.333408
1.400000, 1.600000, -0.318082
1.450000, 1.600000, -0.575345
1.500000, 1.600000, -1.001318
1.550000, 1.600000, -1.425201
1.600000, 1.600000, -1.675551
1.650000, 1.600000, -1.646612
1.700000, 1.600000, -1.339347
1.750000, 1.600000, -0.861474
1.800000, 1.600000, -0.386507
1.850000, 1.600000, -0.087480
1.900000, 1.600000, -0.070704
1.950000, 1.600000, -0.334934
2.000000, 1.600000, -0.771592
0.000000, 1.650000, 0.063728
0.050000, 1.650000, -0.148821
0.100000, 1.650000, -0.210041
0.150000, 1.650000, -0.020698
0.200000, 1.650000, 0.412114
0.250000, 1.650000, 0.975342
0.300000, 1.650000, 1.491313
0.350000, 1.650000, 1.784357
0.400000, 1.650000, 1.747317
0.450000, 1.650000, 1.382573
0.500000, 1.650000, 0.801895
0.550000, 1.650000, 0.185141
0.600000, 1.650000, -0.286516
0.650000, 1.650000, -0.497411
0.700000, 1.650000, -0.438890
0.750000, 1.650000, -0.209758
0.800000, 1.650000, 0.024341
0.850000, 1.650000, 0.096956
0.900000, 1.650000, -0.093071
0.950000, 1.650000, -0.540805
1.000000, 1.650000, -1.135383
1.050000, 1.650000, -1.701134
1.100000, 1.650000, -2.063978
1.150000, 1.650000, -2.117725
1.200000, 1.650000, -1.864922
1.250000, 1.650000, -1.416573
1.300000, 1.650000, -0.950761
1.350000, 1.650000, -0.645874
1.400000, 1.650000, -0.613828
1.450000, 1.650000, -0.858706
1.500000, 1.650000, -1.276497
1.550000, 1.650000, -1.695959
1.600000, 1.650000, -1.944938
1.650000, 1.650000, -1.916771
1.700000, 1.650000, -1.611399
1.750000, 1.650000, -1.135493
1.800000, 1.650000, -0.661597
1.850000, 1.650000, -0.361937
1.900000, 1.650000, -0.342265
1.950000, 1.650000, -0.601081
2.000000, 1.650000, -1.029899
0.000000, 1.700000, -0.124618
0.050000, 1.700000, -0.347661
0.100000, 1.700000, -0.422900
0.150000, 1.700000, -0.251122
0.200000, 1.700000, 0.160733
0.250000, 1.700000, 0.699973
0.300000, 1.700000, 1.189509
0.350000, 1.700000, 1.454473
0.400000, 1.700000, 1.388701
0.450000, 1.700000, 0.995715
0.500000, 1.700000, 0.388513
0.550000, 1.700000, -0.251808
0.600000, 1.700000, -0.742899
0.650000, 1.700000, -0.968072
0.700000, 1.700000, -0.917871
0.750000, 1.700000, -0.690587
0.800000, 1.700000, -0.451683
0.850000, 1.700000, -0.367780
0.900000, 1.700000, -0.540563
0.950000, 1.700000, -0.965950
1.000000, 1.700000, -1.534203
1.050000, 1.700000, -2.070978
1.100000, 1.700000, -2.403633
1.150000, 1.700000, -2.427431
1.200000, 1.700000, -2.146285
1.250000, 1.700000, -1.672385
1.300000, 1.700000, -1.184739
1.350000, 1.700000, -0.862332
1.400000, 1.700000, -0.817322
1.450000, 1.700000, -1.053665
1.500000, 1.700000, -1.466876
1.550000, 1.700000, -1.884945
1.600000, 1.700000, -2.134731
1.650000, 1.700000, -2.108457
1.700000, 1.700000, -1.804930
1.750000, 1.700000, -1.329780
1.800000, 1.700000, -0.854701
1.850000, 1.700000, -0.551355
1.900000, 1.700000, -0.525282
1.950000, 1.700000, -0.775156
2.000000, 1.700000, -1.193064
0.000000, 1.750000, -0.117251
0.050000, 1.750000, -0.353797
0.100000, 1.750000, -0.445653
0.150000, 1.750000, -0.293593
0.200000, 1.750000, 0.095640
0.250000, 1.750000, 0.609761
0.300000, 1.750000, 1.072316
0.350000, 1.750000, 1.309290
0.400000, 1.750000, 1.215562
0.450000, 1.750000, 0.795836
0.500000, 1.750000, 0.164357
0.550000, 1.750000, -0.496543
0.600000, 1.750000, -1.003386
0.650000, 1.750000, -1.238544
0.700000, 1.750000, -1.191893
0.750000, 1.750000, -0.961384
0.800000, 1.750000, -0.712511
0.850000, 1.750000, -0.612310
0.900000, 1.750000, -0.763246
0.950000, 1.750000, -1.162333
1.000000, 1.750000, -1.701182
1.050000, 1.750000, -2.206949
1.100000, 1.750000, -2.508543
1.150000, 1.750000, -2.502711
1.200000, 1.750000, -2.194681
1.250000, 1.750000, -1.697687
1.300000, 1.750000, -1.191437
1.350000, 1.750000, -0.855228
1.400000, 1.750000, -0.801123
1.450000, 1.750000, -1.032599
1.500000, 1.750000, -1.444358
1.550000, 1.750000, -1.863329
1.600000, 1.750000, -2.115165
1.650000, 1.750000, -2.090858
1.700000, 1.750000, -1.788086
1.750000, 1.750000, -1.311568
1.800000, 1.750000, -0.832408
1.850000, 1.750000, -0.522072
1.900000, 1.750000, -0.486336
1.950000, 1.750000, -0.724554
2.000000, 1.750000, -1.129887
0.000000, 1.800000, 0.132479
0.050000, 1.800000, -0.120139
0.100000, 1.800000, -0.230713
0.150000, 1.800000, -0.099972
0.200000, 1.800000, 0.265562
0.250000, 1.800000, 0.754047
0.300000, 1.800000, 1.189699
0.350000, 1.800000, 1.399400
0.400000, 1.800000, 1.279110
0.450000, 1.800000, 0.834738
0.500000, 1.800000, 0.181788
0.550000, 1.800000, -0.496202
0.600000, 1.800000, -1.014685
0.650000, 1.800000, -1.255204
0.700000, 1.800000, -1.207117
0.750000, 1.800000, -0.968235
0.800000, 1.800000, -0.704316
0.850000, 1.800000, -0.583061
0.900000, 1.800000, -0.707970
0.950000, 1.800000, -1.077395
1.000000, 1.800000, -1.584489
1.050000, 1.800000, -2.058050
1.100000, 1.800000, -2.328595
1.150000, 1.800000, -2.294332
1.200000, 1.800000, -1.961677
1.250000, 1.800000, -1.444702
1.300000, 1.800000, -0.923530
1.350000, 1.800000, -0.577430
1.400000, 1.800000, -0.518007
1.450000, 1.800000, -0.747902
1.500000, 1.800000, -1.160694
1.550000, 1.800000, -1.582013
1.600000, 1.800000, -1.836175
1.650000, 1.800000, -1.812938
1.700000, 1.800000, -1.508984
1.750000, 1.800000, -1.028385
1.800000, 1.800000, -0.542037
1.850000, 1.800000, -0.221683
1.900000, 1.800000, -0.173857
1.950000, 1.800000, -0.399110
2.000000, 1.800000, -0.792142
0.000000, 1.850000, 0.572355
0.050000, 1.850000, 0.301598
0.100000, 1.850000, 0.170757
0.150000, 1.850000, 0.279163
0.200000, 1.850000, 0.620532
0.250000, 1.850000, 1.083482
0.300000, 1.850000, 1.492931
0.350000, 1.850000, 1.676681
0.400000, 1.850000, 1.531803
0.450000, 1.850000, 1.065428
0.500000, 1.850000, 0.394304
0.550000, 1.850000, -0.296859
0.600000, 1.850000, -0.822532
0.650000, 1.850000, -1.063554
0.700000, 1.850000, -1.008943
0.750000, 1.850000, -0.756586
0.800000, 1.850000, -0.472749
0.850000, 1.850000, -0.326060
0.900000, 1.850000, -0.421303
0.950000, 1.850000, -0.758389
1.000000, 1.850000, -1.232181
1.050000, 1.850000, -1.673210
1.100000, 1.850000, -1.913605
1.150000, 1.850000, -1.852939
1.200000, 1.850000, -1.498629
1.250000, 1.850000, -0.965308
1.300000, 1.850000, -0.433175
1.350000, 1.850000, -0.081099
1.400000, 1.850000, -0.019852
1.450000, 1.850000, -0.250905
1.500000, 1.850000, -0.666451
1.550000, 1.850000, -1.090669
1.600000, 1.850000, -1.346520
1.650000, 1.850000, -1.322651
1.700000, 1.850000, -1.015011
1.750000, 1.850000, -0.527421
1.800000, 1.850000, -0.031055
1.850000, 1.850000, 0.301531
1.900000, 1.850000, 0.362509
1.950000, 1.850000, 0.149658
2.000000, 1.850000, -0.233621
0.000000, 1.900000, 1.070325
0.050000, 1.900000, 0.779910
0.100000, 1.900000, 0.627843
0.150000, 1.900000, 0.713508
0.200000, 1.900000, 1.030864
0.250000, 1.900000, 1.468996
0.300000, 1.900000, 1.853535
0.350000, 1.900000, 2.013229
0.400000, 1.900000, 1.846269
0.450000, 1.900000, 1.361013
0.500000, 1.900000, 0.675434
0.550000, 1.900000, -0.024647
0.600000, 1.900000, -0.552816
0.650000, 1.900000, -0.789359
0.700000, 1.900000, -0.723148
0.750000, 1.900000, -0.452375
0.800000, 1.900000, -0.144073
0.850000, 1.900000, 0.031944
0.900000, 1.900000, -0.030635
0.950000, 1.900000, -0.333472
1.000000, 1.900000, -0.773269
1.050000, 1.900000, -1.182328
1.100000, 1.900000, -1.394333
1.150000, 1.900000, -1.310053
1.200000, 1.900000, -0.937653
1.250000, 1.900000, -0.391990
1.300000, 1.900000, 0.147038
1.350000, 1.900000, 0.501356
1.400000, 1.900000, 0.561384
1.450000, 1.900000, 0.327112
1.500000, 1.900000, -0.092084
1.550000, 1.900000, -0.518889
1.600000, 1.900000, -0.775011
1.650000, 1.900000, -0.748246
1.700000, 1.900000, -0.434205
1.750000, 1.900000, 0.063048
1.800000, 1.900000, 0.571503
1.850000, 1.900000, 0.917241
1.900000, 1.900000, 0.990650
1.950000, 1.900000, 0.787478
2.000000, 1.900000, 0.409047
0.000000, 1.950000, 1.464198
0.050000, 1.950000, 1.153199
0.100000, 1.950000, 0.979556
0.150000, 1.950000, 1.042694
0.200000, 1.950000, 1.336798
0.250000, 1.950000, 1.751419
0.300000, 1.950000, 2.112904
0.350000, 1.950000, 2.250954
0.400000, 1.950000, 2.064890
0.450000, 1.950000, 1.564285
0.500000, 1.950000, 0.868303
0.550000, 1.950000, 0.163806
0.600000, 1.950000, -0.362026
0.650000, 1.950000, -0.589091
0.700000, 1.950000, -0.506326
0.750000, 1.950000, -0.212476
0.800000, 1.950000, 0.124399
0.850000, 1.950000, 0.333046
0.900000, 1.950000, 0.305405
0.950000, 1.950000, 0.037898
1.000000, 1.950000, -0.368096
1.050000, 1.950000, -0.746627
1.100000, 1.950000, -0.932804
1.150000, 1.950000, -0.828365
1.200000, 1.950000, -0.441898
1.250000, 1.950000, 0.111895
1.300000, 1.950000, 0.653825
1.350000, 1.950000, 1.006998
1.400000, 1.950000, 1.063352
1.450000, 1.950000, 0.824556
1.500000, 1.950000, 0.401634
1.550000, 1.950000, -0.026679
1.600000, 1.950000, -0.281081
1.650000, 1.950000, -0.248902
1.700000, 1.950000, 0.074081
1.750000, 1.950000, 0.582990
1.800000, 1.950000, 1.104411
1.850000, 1.950000, 1.462550
1.900000, 1.950000, 1.545638
1.950000, 1.950000, 1.347205
2.000000, 1.950000, 0.966549
0.000000, 2.000000, 1.623061
0.050000, 2.000000, 1.291163
0.100000, 2.000000, 1.096212
0.150000, 2.000000, 1.137646
0.200000, 2.000000, 1.409850
0.250000, 2.000000, 1.802821
0.300000, 2.000000, 2.143618
0.350000, 2.000000, 2.262896
0.400000, 2.000000, 2.061100
0.450000, 2.000000, 1.549005
0.500000, 2.000000, 0.846918
0.550000, 2.000000, 0.142653
0.600000, 2.000000, -0.375975
0.650000, 2.000000, -0.588657
0.700000, 2.000000, -0.484621
0.750000, 2.000000, -0.163420
0.800000, 2.000000, 0.205599
0.850000, 2.000000, 0.449496
0.900000, 2.000000, 0.458269
0.950000, 2.000000, 0.226303
1.000000, 2.000000, -0.146967
1.050000, 2.000000, -0.497255
1.100000, 2.000000, -0.660897
1.150000, 2.000000, -0.540301
1.200000, 2.000000, -0.144101
1.250000, 2.000000, 0.413572
1.300000, 2.000000, 0.954652
1.350000, 2.000000, 1.303788
1.400000, 2.000000, 1.354694
1.450000, 2.000000, 1.110849
1.500000, 2.000000, 0.684884
1.550000, 2.000000, 0.256741
1.600000, 2.000000, 0.006364
1.650000, 2.000000, 0.046383
1.700000, 2.000000, 0.380277
1.750000, 2.000000, 0.901761
1.800000, 2.000000, 1.435482
1.850000, 2.000000, 1.803376
1.900000, 2.000000, 1.891311
1.950000, 2.000000, 1.690652
2.000000, 2.000000, 1.298994
