0.000000, 0.000000, -0.490808
0.050000, 0.000000, -0.231660
0.100000, 0.000000, -0.035743
0.150000, 0.000000, 0.076058
0.200000, 0.000000, 0.094572
0.250000, 0.000000, 0.024715
0.300000, 0.000000, -0.115068
0.350000, 0.000000, -0.296191
0.400000, 0.000000, -0.485416
0.450000, 0.000000, -0.651264
0.500000, 0.000000, -0.769974
0.550000, 0.000000, -0.829735
0.600000, 0.000000, -0.832282
0.650000, 0.000000, -0.791549
0.700000, 0.000000, -0.729675
0.750000, 0.000000, -0.671283
0.800000, 0.000000, -0.637272
0.850000, 0.000000, -0.639523
0.900000, 0.000000, -0.677672
0.950000, 0.000000, -0.738680
1.000000, 0.000000, -0.799302
1.050000, 0.000000, -0.830922
1.100000, 0.000000, -0.805721
1.150000, 0.000000, -0.702812
1.200000, 0.000000, -0.513023
1.250000, 0.000000, -0.241272
1.300000, 0.000000, 0.093996
1.350000, 0.000000, 0.464197
1.400000, 0.000000, 0.836091
1.450000, 0.000000, 1.178200
1.500000, 0.000000, 1.466762
1.550000, 0.000000, 1.689967
1.600000, 0.000000, 1.849550
1.650000, 0.000000, 1.959444
1.700000, 0.000000, 2.041790
1.750000, 0.000000, 2.121209
1.800000, 0.000000, 2.218601
1.850000, 0.000000, 2.345846
1.900000, 0.000000, 2.502581
1.950000, 0.000000, 2.675767
2.000000, 0.000000, 2.842158
0.000000, 0.050000, -0.507210
0.050000, 0.050000, -0.256921
0.100000, 0.050000, -0.068696
0.150000, 0.050000, 0.037321
0.200000, 0.050000, 0.052651
0.250000, 0.050000, -0.017159
0.300000, 0.050000, -0.153119
0.350000, 0.050000, -0.326188
0.400000, 0.050000, -0.502782
0.450000, 0.050000, -0.651190
0.500000, 0.050000, -0.747540
0.550000, 0.050000, -0.780032
0.600000, 0.050000, -0.750539
0.650000, 0.050000, -0.673253
0.700000, 0.050000, -0.570686
0.750000, 0.050000, -0.467939
0.800000, 0.050000, -0.386484
0.850000, 0.050000, -0.338855
0.900000, 0.050000, -0.325408
0.950000, 0.050000, -0.333871
1.000000, 0.050000, -0.341791
1.050000, 0.050000, -0.321360
1.100000, 0.050000, -0.245552
1.150000, 0.050000, -0.094247
1.200000, 0.050000, 0.141010
1.250000, 0.050000, 0.454648
1.300000, 0.050000, 0.827651
1.350000, 0.050000, 1.230957
1.400000, 0.050000, 1.630956
1.450000, 0.050000, 1.995913
1.500000, 0.050000, 2.301935
1.550000, 0.050000, 2.537198
1.600000, 0.050000, 2.703553
1.650000, 0.050000, 2.815169
1.700000, 0.050000, 2.894536
1.750000, 0.050000, 2.966733
1.800000, 0.050000, 3.053211
1.850000, 0.050000, 3.166484
1.900000, 0.050000, 3.306886
1.950000, 0.050000, 3.462123
2.000000, 0.050000, 3.609726
0.000000, 0.100000, -0.525794
0.050000, 0.100000, -0.283197
0.100000, 0.100000, -0.100821
0.150000, 0.100000, 0.001802
0.200000, 0.100000, 0.016746
0.250000, 0.100000, -0.049974
0.300000, 0.100000, -0.178989
0.350000, 0.100000, -0.340989
0.400000, 0.100000, -0.502230
0.450000, 0.100000, -0.630964
0.500000, 0.100000, -0.703403
0.550000, 0.100000, -0.707953
0.600000, 0.100000, -0.646813
0.650000, 0.100000, -0.534609
0.700000, 0.100000, -0.394396
0.750000, 0.100000, -0.251908
0.800000, 0.100000, -0.129328
0.850000, 0.100000, -0.039962
0.900000, 0.100000, 0.015017
0.950000, 0.100000, 0.047040
1.000000, 0.100000, 0.077709
1.050000, 0.100000, 0.133997
1.100000, 0.100000, 0.242128
1.150000, 0.100000, 0.421473
1.200000, 0.100000, 0.679802
1.250000, 0.100000, 1.010951
1.300000, 0.100000, 1.395404
1.350000, 0.100000, 1.803712
1.400000, 0.100000, 2.201999
1.450000, 0.100000, 2.558388
1.500000, 0.100000, 2.848970
1.550000, 0.100000, 3.062038
1.600000, 0.100000, 3.199685
1.650000, 0.100000, 3.276437
1.700000, 0.100000, 3.315260
1.750000, 0.100000, 3.341801
1.800000, 0.100000, 3.378168
1.850000, 0.100000, 3.437601
1.900000, 0.100000, 3.521212
1.950000, 0.100000, 3.617520
2.000000, 0.100000, 3.704881
0.000000, 0.150000, -0.556552
0.050000, 0.150000, -0.319740
0.100000, 0.150000, -0.140757
0.150000, 0.150000, -0.038742
0.200000, 0.150000, -0.021306
0.250000, 0.150000, -0.082207
0.300000, 0.150000, -0.201950
0.350000, 0.150000, -0.351207
0.400000, 0.150000, -0.496329
0.450000, 0.150000, -0.605772
0.500000, 0.150000, -0.656071
0.550000, 0.150000, -0.636058
0.600000, 0.150000, -0.548461
0.650000, 0.150000, -0.408527
0.700000, 0.150000, -0.240010
0.750000, 0.150000, -0.069403
0.800000, 0.150000, 0.080300
0.850000, 0.150000, 0.194954
0.900000, 0.150000, 0.272539
0.950000, 0.150000, 0.323648
1.000000, 0.150000, 0.369076
1.050000, 0.150000, 0.435036
1.100000, 0.150000, 0.547065
1.150000, 0.150000, 0.723927
1.200000, 0.150000, 0.972892
1.250000, 0.150000, 1.287406
1.300000, 0.150000, 1.647695
1.350000, 0.150000, 2.024184
1.400000, 0.150000, 2.383010
1.450000, 0.150000, 2.692455
1.500000, 0.150000, 2.928910
1.550000, 0.150000, 3.081108
1.600000, 0.150000, 3.151709
1.650000, 0.150000, 3.155933
1.700000, 0.150000, 3.117545
1.750000, 0.150000, 3.063086
1.800000, 0.150000, 3.015637
1.850000, 0.150000, 2.989467
1.900000, 0.150000, 2.986755
1.950000, 0.150000, 2.997107
2.000000, 0.150000, 2.999958
0.000000, 0.200000, -0.613445
0.050000, 0.200000, -0.379815
0.100000, 0.200000, -0.201219
0.150000, 0.200000, -0.096712
0.200000, 0.200000, -0.073906
0.250000, 0.200000, -0.126652
0.300000, 0.200000, -0.235639
0.350000, 0.200000, -0.371816
0.400000, 0.200000, -0.501903
0.450000, 0.200000, -0.594814
0.500000, 0.200000, -0.627620
0.550000, 0.200000, -0.589763
0.600000, 0.200000, -0.484635
0.650000, 0.200000, -0.328194
0.700000, 0.200000, -0.144932
0.750000, 0.200000, 0.037910
0.800000, 0.200000, 0.196596
0.850000, 0.200000, 0.316270
0.900000, 0.200000, 0.394244
0.950000, 0.200000, 0.440510
1.000000, 0.200000, 0.475345
1.050000, 0.200000, 0.524547
1.100000, 0.200000, 0.613349
1.150000, 0.200000, 0.760344
1.200000, 0.200000, 0.972767
1.250000, 0.200000, 1.244177
1.300000, 0.200000, 1.555063
1.350000, 0.200000, 1.876267
1.400000, 0.200000, 2.174492
1.450000, 0.200000, 2.418731
1.500000, 0.200000, 2.586224
1.550000, 0.200000, 2.666672
1.600000, 0.200000, 2.663818
1.650000, 0.200000, 2.594056
1.700000, 0.200000, 2.482390
1.750000, 0.200000, 2.356659
1.800000, 0.200000, 2.241260
1.850000, 0.200000, 2.151782
1.900000, 0.200000, 2.091702
1.950000, 0.200000, 2.051870
2.000000, 0.200000, 2.012897
0.000000, 0.250000, -0.710981
0.050000, 0.250000, -0.477305
0.100000, 0.250000, -0.295618
0.150000, 0.250000, -0.185292
0.200000, 0.250000, -0.154331
0.250000, 0.250000, -0.197050
0.300000, 0.250000, -0.294661
0.350000, 0.250000, -0.418693
0.400000, 0.250000, -0.536483
0.450000, 0.250000, -0.617594
0.500000, 0.250000, -0.639754
0.550000, 0.250000, -0.593063
0.600000, 0.250000, -0.481549
0.650000, 0.250000, -0.321771
0.700000, 0.250000, -0.138765
0.750000, 0.250000, 0.039751
0.800000, 0.250000, 0.189655
0.850000, 0.250000, 0.295802
0.900000, 0.250000, 0.355334
0.950000, 0.250000, 0.378196
1.000000, 0.250000, 0.384750
1.050000, 0.250000, 0.401022
1.100000, 0.250000, 0.452612
1.150000, 0.250000, 0.558624
1.200000, 0.250000, 0.726939
1.250000, 0.250000, 0.951896
1.300000, 0.250000, 1.214880
1.350000, 0.250000, 1.487736
1.400000, 0.250000, 1.738260
1.450000, 0.250000, 1.936605
1.500000, 0.250000, 2.061218
1.550000, 0.250000, 2.103032
1.600000, 0.250000, 2.067014
1.650000, 0.250000, 1.970753
1.700000, 0.250000, 1.840392
1.750000, 0.250000, 1.704818
1.800000, 0.250000, 1.589367
1.850000, 0.250000, 1.510428
1.900000, 0.250000, 1.472115
1.950000, 0.250000, 1.465732
2.000000, 0.250000, 1.472142
0.000000, 0.300000, -0.860546
0.050000, 0.300000, -0.623047
0.100000, 0.300000, -0.434416
0.150000, 0.300000, -0.314818
0.200000, 0.300000, -0.273101
0.250000, 0.300000, -0.304444
0.300000, 0.300000, -0.390924
0.350000, 0.300000, -0.504903
0.400000, 0.300000, -0.614500
0.450000, 0.300000, -0.689980
0.500000, 0.300000, -0.709676
0.550000, 0.300000, -0.664171
0.600000, 0.300000, -0.557843
0.650000, 0.300000, -0.407450
0.700000, 0.300000, -0.238069
0.750000, 0.300000, -0.077294
0.800000, 0.300000, 0.051040
0.850000, 0.300000, 0.132237
0.900000, 0.300000, 0.164043
0.950000, 0.300000, 0.157146
1.000000, 0.300000, 0.132778
1.050000, 0.300000, 0.117940
1.100000, 0.300000, 0.139289
1.150000, 0.300000, 0.217040
1.200000, 0.300000, 0.360213
1.250000, 0.300000, 0.564280
1.300000, 0.300000, 0.811727
1.350000, 0.300000, 1.075432
1.400000, 0.300000, 1.324124
1.450000, 0.300000, 1.528766
1.500000, 0.300000, 1.668455
1.550000, 0.300000, 1.734596
1.600000, 0.300000, 1.732428
1.650000, 0.300000, 1.679589
1.700000, 0.300000, 1.602042
1.750000, 0.300000, 1.528254
1.800000, 0.300000, 1.482899
1.850000, 0.300000, 1.481464
1.900000, 0.300000, 1.526936
1.950000, 0.300000, 1.609275
2.000000, 0.300000, 1.707808
0.000000, 0.350000, -1.067287
0.050000, 0.350000, -0.821735
0.100000, 0.350000, -0.622034
0.150000, 0.350000, -0.489693
0.200000, 0.350000, -0.434896
0.250000, 0.350000, -0.454094
0.300000, 0.350000, -0.530521
0.350000, 0.350000, -0.637534
0.400000, 0.350000, -0.744043
0.450000, 0.350000, -0.820868
0.500000, 0.350000, -0.846635
0.550000, 0.350000, -0.811948
0.600000, 0.350000, -0.720926
0.650000, 0.350000, -0.589797
0.700000, 0.350000, -0.442857
0.750000, 0.350000, -0.306692
0.800000, 0.350000, -0.203937
0.850000, 0.350000, -0.147942
0.900000, 0.350000, -0.139523
0.950000, 0.350000, -0.166509
1.000000, 0.350000, -0.206200
1.050000, 0.350000, -0.230209
1.100000, 0.350000, -0.210621
1.150000, 0.350000, -0.126153
1.200000, 0.350000, 0.033046
1.250000, 0.350000, 0.262997
1.300000, 0.350000, 0.546418
1.350000, 0.350000, 0.856079
1.400000, 0.350000, 1.160246
1.450000, 0.350000, 1.429056
1.500000, 0.350000, 1.640433
1.550000, 0.350000, 1.784279
1.600000, 0.350000, 1.864026
1.650000, 0.350000, 1.895256
1.700000, 0.350000, 1.901671
1.750000, 0.350000, 1.909332
1.800000, 0.350000, 1.940436
1.850000, 0.350000, 2.007992
1.900000, 0.350000, 2.112578
1.950000, 0.350000, 2.241900
2.000000, 0.350000, 2.373250
0.000000, 0.400000, -1.328245
0.050000, 0.400000, -1.070062
0.100000, 0.400000, -0.855008
0.150000, 0.400000, -0.706547
0.200000, 0.400000, -0.636715
0.250000, 0.400000, -0.643616
0.300000, 0.400000, -0.711850
0.350000, 0.400000, -0.815775
0.400000, 0.400000, -0.924889
0.450000, 0.400000, -1.010148
0.500000, 0.400000, -1.049854
0.550000, 0.400000, -1.033837
0.600000, 0.400000, -0.965032
0.650000, 0.400000, -0.858121
0.700000, 0.400000, -0.735575
0.750000, 0.400000, -0.621960
0.800000, 0.400000, -0.537805
0.850000, 0.400000, -0.494372
0.900000, 0.400000, -0.490526
0.950000, 0.400000, -0.512384
1.000000, 0.400000, -0.535886
1.050000, 0.400000, -0.531717
1.100000, 0.400000, -0.471546
1.150000, 0.400000, -0.334239
1.200000, 0.400000, -0.110687
1.250000, 0.400000, 0.193789
1.300000, 0.400000, 0.559987
1.350000, 0.400000, 0.958226
1.400000, 0.400000, 1.353864
1.450000, 0.400000, 1.713768
1.500000, 0.400000, 2.012342
1.550000, 0.400000, 2.235854
1.600000, 0.400000, 2.384131
1.650000, 0.400000, 2.469319
1.700000, 0.400000, 2.512006
1.750000, 0.400000, 2.535605
1.800000, 0.400000, 2.560255
1.850000, 0.400000, 2.597608
1.900000, 0.400000, 2.647682
1.950000, 0.400000, 2.698478
2.000000, 0.400000, 2.728470
0.000000, 0.450000, -1.632167
0.050000, 0.450000, -1.356543
0.100000, 0.450000, -1.121816
0.150000, 0.450000, -0.954065
0.200000, 0.450000, -0.867701
0.250000, 0.450000, -0.862801
0.300000, 0.450000, -0.925404
0.350000, 0.450000, -1.030674
0.400000, 0.450000, -1.148222
0.450000, 0.450000, -1.248409
0.500000, 0.450000, -1.308268
0.550000, 0.450000, -1.315753
0.600000, 0.450000, -1.271432
0.650000, 0.450000, -1.187278
0.700000, 0.450000, -1.082877
0.750000, 0.450000, -0.979932
0.800000, 0.450000, -0.896319
0.850000, 0.450000, -0.841054
0.900000, 0.450000, -0.811330
0.950000, 0.450000, -0.792325
1.000000, 0.450000, -0.759879
1.050000, 0.450000, -0.685486
1.100000, 0.450000, -0.542565
1.150000, 0.450000, -0.312635
1.200000, 0.450000, 0.009937
1.250000, 0.450000, 0.415652
1.300000, 0.450000, 0.880615
1.350000, 0.450000, 1.370137
1.400000, 0.450000, 1.844501
1.450000, 0.450000, 2.265682
1.500000, 0.450000, 2.603643
1.550000, 0.450000, 2.840906
1.600000, 0.450000, 2.974482
1.650000, 0.450000, 3.014823
1.700000, 0.450000, 2.982104
1.750000, 0.450000, 2.900691
1.800000, 0.450000, 2.793087
1.850000, 0.450000, 2.674683
1.900000, 0.450000, 2.550517
1.950000, 0.450000, 2.414727
2.000000, 0.450000, 2.252823
0.000000, 0.500000, -1.961057
0.050000, 0.500000, -1.663073
0.100000, 0.500000, -1.404435
0.150000, 0.500000, -1.214543
0.200000, 0.500000, -1.110687
0.250000, 0.500000, -1.095142
0.300000, 0.500000, -1.155281
0.350000, 0.500000, -1.266622
0.400000, 0.500000, -1.398108
0.450000, 0.500000, -1.518448
0.500000, 0.500000, -1.602152
0.550000, 0.500000, -1.633966
0.600000, 0.500000, -1.610810
0.650000, 0.500000, -1.540856
0.700000, 0.500000, -1.440045
0.750000, 0.500000, -1.326904
0.800000, 0.500000, -1.216894
0.850000, 0.500000, -1.117631
0.900000, 0.500000, -1.026115
0.950000, 0.500000, -0.928658
1.000000, 0.500000, -0.803589
1.050000, 0.500000, -0.626194
1.100000, 0.500000, -0.374829
1.150000, 0.500000, -0.036858
1.200000, 0.500000, 0.386901
1.250000, 0.500000, 0.880278
1.300000, 0.500000, 1.412878
1.350000, 0.500000, 1.944113
1.400000, 0.500000, 2.429370
1.450000, 0.500000, 2.827100
1.500000, 0.500000, 3.105425
1.550000, 0.500000, 3.246921
1.600000, 0.500000, 3.250678
1.650000, 0.500000, 3.131257
1.700000, 0.500000, 2.914856
1.750000, 0.500000, 2.633557
1.800000, 0.500000, 2.318928
1.850000, 0.500000, 1.996353
1.900000, 0.500000, 1.681279
1.950000, 0.500000, 1.378122
2.000000, 0.500000, 1.081976
0.000000, 0.550000, -2.293151
0.050000, 0.550000, -1.967898
0.100000, 0.550000, -1.681319
0.150000, 0.550000, -1.466864
0.200000, 0.550000, -1.345163
0.250000, 0.550000, -1.320784
0.300000, 0.550000, -1.382109
0.350000, 0.550000, -1.504268
0.400000, 0.550000, -1.654425
0.450000, 0.550000, -1.798267
0.500000, 0.550000, -1.906299
0.550000, 0.550000, -1.958646
0.600000, 0.550000, -1.947421
0.650000, 0.550000, -1.876282
0.700000, 0.550000, -1.757412
0.750000, 0.550000, -1.606770
0.800000, 0.550000, -1.438788
0.850000, 0.550000, -1.261825
0.900000, 0.550000, -1.075502
0.950000, 0.550000, -0.870577
1.000000, 0.550000, -0.631452
1.050000, 0.550000, -0.340760
1.100000, 0.550000, 0.014995
1.150000, 0.550000, 0.440062
1.200000, 0.550000, 0.925628
1.250000, 0.550000, 1.448544
1.300000, 0.550000, 1.973056
1.350000, 0.550000, 2.455344
1.400000, 0.550000, 2.850083
1.450000, 0.550000, 3.117757
1.500000, 0.550000, 3.231309
1.550000, 0.550000, 3.180775
1.600000, 0.550000, 2.974996
1.650000, 0.550000, 2.640048
1.700000, 0.550000, 2.214735
1.750000, 0.550000, 1.744054
1.800000, 0.550000, 1.271956
1.850000, 0.550000, 0.834827
1.900000, 0.550000, 0.456953
1.950000, 0.550000, 0.148743
2.000000, 0.550000, -0.092074
0.000000, 0.600000, -2.606683
0.050000, 0.600000, -2.249391
0.100000, 0.600000, -1.931162
0.150000, 0.600000, -1.690251
0.200000, 0.600000, -1.551019
0.250000, 0.600000, -1.520254
0.300000, 0.600000, -1.586766
0.350000, 0.600000, -1.724230
0.400000, 0.600000, -1.896604
0.450000, 0.600000, -2.064931
0.500000, 0.600000, -2.194128
0.550000, 0.600000, -2.258406
0.600000, 0.600000, -2.244320
0.650000, 0.600000, -2.151006
0.700000, 0.600000, -1.987779
0.750000, 0.600000, -1.769861
0.800000, 0.600000, -1.513375
0.850000, 0.600000, -1.230865
0.900000, 0.600000, -0.928466
0.950000, 0.600000, -0.605357
1.000000, 0.600000, -0.255654
1.050000, 0.600000, 0.127798
1.100000, 0.600000, 0.548675
1.150000, 0.600000, 1.002711
1.200000, 0.600000, 1.474752
1.250000, 0.600000, 1.938203
1.300000, 0.600000, 2.357277
1.350000, 0.600000, 2.691796
1.400000, 0.600000, 2.903701
1.450000, 0.600000, 2.964022
1.500000, 0.600000, 2.858868
1.550000, 0.600000, 2.593167
1.600000, 0.600000, 2.191279
1.650000, 0.600000, 1.694222
1.700000, 0.600000, 1.153956
1.750000, 0.600000, 0.625716
1.800000, 0.600000, 0.159829
1.850000, 0.600000, -0.205476
1.900000, 0.600000, -0.448946
1.950000, 0.600000, -0.568044
2.000000, 0.600000, -0.577331
0.000000, 0.650000, -2.883657
0.050000, 0.650000, -2.489812
0.100000, 0.650000, -2.136666
0.150000, 0.650000, -1.868025
0.200000, 0.650000, -1.712286
0.250000, 0.650000, -1.678184
0.300000, 0.650000, -1.754080
0.350000, 0.650000, -1.910809
0.400000, 0.650000, -2.107401
0.450000, 0.650000, -2.298484
0.500000, 0.650000, -2.441882
0.550000, 0.650000, -2.504974
0.600000, 0.650000, -2.468714
0.650000, 0.650000, -2.328733
0.700000, 0.650000, -2.093623
0.750000, 0.650000, -1.781045
0.800000, 0.650000, -1.412771
0.850000, 0.650000, -1.009887
0.900000, 0.650000, -0.589270
0.950000, 0.650000, -0.162079
1.000000, 0.650000, 0.265552
1.050000, 0.650000, 0.689992
1.100000, 0.650000, 1.106608
1.150000, 0.650000, 1.506377
1.200000, 0.650000, 1.873705
1.250000, 0.650000, 2.186273
1.300000, 0.650000, 2.417208
1.350000, 0.650000, 2.539357
1.400000, 0.650000, 2.530816
1.450000, 0.650000, 2.380560
1.500000, 0.650000, 2.092842
1.550000, 0.650000, 1.689233
1.600000, 0.650000, 1.207593
1.650000, 0.650000, 0.697879
1.700000, 0.650000, 0.215370
1.750000, 0.650000, -0.187572
1.800000, 0.650000, -0.469687
1.850000, 0.650000, -0.607432
1.900000, 0.650000, -0.598731
1.950000, 0.650000, -0.463106
2.000000, 0.650000, -0.238127
0.000000, 0.700000, -3.112821
0.050000, 0.700000, -2.678283
0.100000, 0.700000, -2.287491
0.150000, 0.700000, -1.990545
0.200000, 0.700000, -1.820061
0.250000, 0.700000, -1.786216
0.300000, 0.700000, -1.875736
0.350000, 0.700000, -2.054907
0.400000, 0.700000, -2.275892
0.450000, 0.700000, -2.485121
0.500000, 0.700000, -2.632108
0.550000, 0.700000, -2.677141
0.600000, 0.700000, -2.596524
0.650000, 0.700000, -2.384661
0.700000, 0.700000, -2.052902
0.750000, 0.700000, -1.625729
0.800000, 0.700000, -1.135309
0.850000, 0.700000, -0.615719
0.900000, 0.700000, -0.098010
0.950000, 0.700000, 0.392962
1.000000, 0.700000, 0.839594
1.050000, 0.700000, 1.230609
1.100000, 0.700000, 1.558806
1.150000, 0.700000, 1.818410
1.200000, 0.700000, 2.002989
1.250000, 0.700000, 2.104706
1.300000, 0.700000, 2.115252
1.350000, 0.700000, 2.028317
1.400000, 0.700000, 1.842962
1.450000, 0.700000, 1.566937
1.500000, 0.700000, 1.218900
1.550000, 0.700000, 0.828643
1.600000, 0.700000, 0.434843
1.650000, 0.700000, 0.080419
1.700000, 0.700000, -0.193852
1.750000, 0.700000, -0.356327
1.800000, 0.700000, -0.390707
1.850000, 0.700000, -0.300110
1.900000, 0.700000, -0.107991
1.950000, 0.700000, 0.144564
2.000000, 0.700000, 0.404892
0.000000, 0.750000, -3.291217
0.050000, 0.750000, -2.812323
0.100000, 0.750000, -2.381791
0.150000, 0.750000, -2.056726
0.200000, 0.750000, -1.874007
0.250000, 0.750000, -1.844487
0.300000, 0.750000, -1.951749
0.350000, 0.750000, -2.155529
0.400000, 0.750000, -2.399065
0.450000, 0.750000, -2.618963
0.500000, 0.750000, -2.755755
0.550000, 0.750000, -2.763287
0.600000, 0.750000, -2.615394
0.650000, 0.750000, -2.308870
0.700000, 0.750000, -1.862516
0.750000, 0.750000, -1.312747
0.800000, 0.750000, -0.706846
0.850000, 0.750000, -0.095284
0.900000, 0.750000, 0.475451
0.950000, 0.750000, 0.968332
1.000000, 0.750000, 1.358856
1.050000, 0.750000, 1.635566
1.100000, 0.750000, 1.798425
1.150000, 0.750000, 1.855832
1.200000, 0.750000, 1.821238
1.250000, 0.750000, 1.710247
1.300000, 0.750000, 1.538784
1.350000, 0.750000, 1.322516
1.400000, 0.750000, 1.077293
1.450000, 0.750000, 0.820032
1.500000, 0.750000, 0.569351
1.550000, 0.750000, 0.345305
1.600000, 0.750000, 0.167869
1.650000, 0.750000, 0.054216
1.700000, 0.750000, 0.015236
1.750000, 0.750000, 0.052125
1.800000, 0.750000, 0.153994
1.850000, 0.750000, 0.297377
1.900000, 0.750000, 0.448199
1.950000, 0.750000, 0.566263
2.000000, 0.750000, 0.611728
0.000000, 0.800000, -3.423989
0.050000, 0.800000, -2.897651
0.100000, 0.800000, -2.425993
0.150000, 0.800000, -2.073806
0.200000, 0.800000, -1.882104
0.250000, 0.800000, -1.861366
0.300000, 0.800000, -1.990199
0.350000, 0.800000, -2.219557
0.400000, 0.800000, -2.481692
0.450000, 0.800000, -2.702133
0.500000, 0.800000, -2.812528
0.550000, 0.800000, -2.762088
0.600000, 0.800000, -2.525690
0.650000, 0.800000, -2.107380
0.700000, 0.800000, -1.538880
0.750000, 0.800000, -0.873629
0.800000, 0.800000, -0.177614
0.850000, 0.800000, 0.481230
0.900000, 0.800000, 1.043173
0.950000, 0.800000, 1.464707
1.000000, 0.800000, 1.723304
1.050000, 0.800000, 1.818417
1.100000, 0.800000, 1.768995
1.150000, 0.800000, 1.608324
1.200000, 0.800000, 1.377418
1.250000, 0.800000, 1.118261
1.300000, 0.800000, 0.868040
1.350000, 0.800000, 0.655147
1.400000, 0.800000, 0.497244
1.450000, 0.800000, 0.401249
1.500000, 0.800000, 0.364752
1.550000, 0.800000, 0.378192
1.600000, 0.800000, 0.427171
1.650000, 0.800000, 0.494452
1.700000, 0.800000, 0.561457
1.750000, 0.800000, 0.609365
1.800000, 0.800000, 0.620102
1.850000, 0.800000, 0.577537
1.900000, 0.800000, 0.469145
1.950000, 0.800000, 0.288129
2.000000, 0.800000, 0.035738
0.000000, 0.850000, -3.522524
0.050000, 0.850000, -2.946306
0.100000, 0.850000, -2.432912
0.150000, 0.850000, -2.055437
0.200000, 0.850000, -1.858715
0.250000, 0.850000, -1.851503
0.300000, 0.850000, -2.005285
0.350000, 0.850000, -2.259847
0.400000, 0.850000, -2.534545
0.450000, 0.850000, -2.743152
0.500000, 0.850000, -2.809549
0.550000, 0.850000, -2.681409
0.600000, 0.850000, -2.339466
0.650000, 0.850000, -1.800780
0.700000, 0.850000, -1.115573
0.750000, 0.850000, -0.358351
0.800000, 0.850000, 0.384946
0.850000, 0.850000, 1.031369
0.900000, 0.850000, 1.514368
0.950000, 0.850000, 1.793892
1.000000, 0.850000, 1.861551
1.050000, 0.850000, 1.740189
1.100000, 0.850000, 1.478229
1.150000, 0.850000, 1.140067
1.200000, 0.850000, 0.794404
1.250000, 0.850000, 0.502648
1.300000, 0.850000, 0.309390
1.350000, 0.850000, 0.236401
1.400000, 0.850000, 0.280923
1.450000, 0.850000, 0.418185
1.500000, 0.850000, 0.607364
1.550000, 0.850000, 0.799684
1.600000, 0.850000, 0.947119
1.650000, 0.850000, 1.010217
1.700000, 0.850000, 0.963876
1.750000, 0.850000, 0.800392
1.800000, 0.850000, 0.529627
1.850000, 0.850000, 0.176627
1.900000, 0.850000, -0.222627
1.950000, 0.850000, -0.626467
2.000000, 0.850000, -0.992967
0.000000, 0.900000, -3.601332
0.050000, 0.900000, -2.973518
0.100000, 0.900000, -2.418591
0.150000, 0.900000, -2.018510
0.200000, 0.900000, -1.821399
0.250000, 0.900000, -1.832630
0.300000, 0.900000, -2.014138
0.350000, 0.900000, -2.292086
0.400000, 0.900000, -2.571356
0.450000, 0.900000, -2.754087
0.500000, 0.900000, -2.758692
0.550000, 0.900000, -2.535745
0.600000, 0.900000, -2.077724
0.650000, 0.900000, -1.420821
0.700000, 0.900000, -0.638524
0.750000, 0.900000, 0.171725
0.800000, 0.900000, 0.906230
0.850000, 0.900000, 1.473709
0.900000, 0.900000, 1.811433
0.950000, 0.900000, 1.895845
1.000000, 0.900000, 1.745783
1.050000, 0.900000, 1.417836
1.100000, 0.900000, 0.994874
1.150000, 0.900000, 0.570030
1.200000, 0.900000, 0.229238
1.250000, 0.900000, 0.035614
1.300000, 0.900000, 0.018544
1.350000, 0.900000, 0.169393
1.400000, 0.900000, 0.444442
1.450000, 0.900000, 0.774323
1.500000, 0.900000, 1.077984
1.550000, 0.900000, 1.278481
1.600000, 0.900000, 1.317598
1.650000, 0.900000, 1.166639
1.700000, 0.900000, 0.831509
1.750000, 0.900000, 0.351346
1.800000, 0.900000, -0.208846
1.850000, 0.900000, -0.770015
1.900000, 0.900000, -1.253024
1.950000, 0.900000, -1.592184
2.000000, 0.900000, -1.745939
0.000000, 0.950000, -3.674372
0.050000, 0.950000, -2.994012
0.100000, 0.950000, -2.398600
0.150000, 0.950000, -1.979432
0.200000, 0.950000, -1.787165
0.250000, 0.950000, -1.821800
0.300000, 0.950000, -2.033067
0.350000, 0.950000, -2.331103
0.400000, 0.950000, -2.605247
0.450000, 0.950000, -2.747114
0.500000, 0.950000, -2.673266
0.550000, 0.950000, -2.342852
0.600000, 0.950000, -1.766648
0.650000, 0.950000, -1.005661
0.700000, 0.950000, -0.159583
0.750000, 0.950000, 0.652574
0.800000, 0.950000, 1.315733
0.850000, 0.950000, 1.741201
0.900000, 0.950000, 1.883813
0.950000, 0.950000, 1.750307
1.000000, 0.950000, 1.397310
1.050000, 0.950000, 0.919388
1.100000, 0.950000, 0.429608
1.150000, 0.950000, 0.036600
1.200000, 0.950000, -0.177248
1.250000, 0.950000, -0.172053
1.300000, 0.950000, 0.042078
1.350000, 0.950000, 0.407817
1.400000, 0.950000, 0.832996
1.450000, 0.950000, 1.210039
1.500000, 0.950000, 1.438464
1.550000, 0.950000, 1.445895
1.600000, 0.950000, 1.203306
1.650000, 0.950000, 0.731474
1.700000, 0.950000, 0.097360
1.750000, 0.950000, -0.598805
1.800000, 0.950000, -1.243071
1.850000, 0.950000, -1.730001
1.900000, 0.950000, -1.983108
1.950000, 0.950000, -1.969409
2.000000, 0.950000, -1.705239
0.000000, 1.000000, -3.751636
0.050000, 1.000000, -3.018576
0.100000, 1.000000, -2.384575
0.150000, 1.000000, -1.950649
0.200000, 1.000000, -1.768974
0.250000, 1.000000, -1.831889
0.300000, 1.000000, -2.074078
0.350000, 1.000000, -2.387439
0.400000, 1.000000, -2.645392
0.450000, 1.000000, -2.731311
0.500000, 1.000000, -2.564841
0.550000, 1.000000, -2.120371
0.600000, 1.000000, -1.433588
0.650000, 1.000000, -0.594674
0.700000, 1.000000, 0.270406
0.750000, 1.000000, 1.026454
0.800000, 1.000000, 1.557685
0.850000, 1.000000, 1.792217
0.900000, 1.000000, 1.717108
0.950000, 1.000000, 1.380667
1.000000, 1.000000, 0.881549
1.050000, 1.000000, 0.347022
1.100000, 1.000000, -0.094853
1.150000, 1.000000, -0.343062
1.200000, 1.000000, -0.345428
1.250000, 1.000000, -0.109612
1.300000, 1.000000, 0.299070
1.350000, 1.000000, 0.772514
1.400000, 1.000000, 1.184144
1.450000, 1.000000, 1.417330
1.500000, 1.000000, 1.391719
1.550000, 1.000000, 1.081700
1.600000, 1.000000, 0.522960
1.650000, 1.000000, -0.194320
1.700000, 1.000000, -0.944174
1.750000, 1.000000, -1.591405
1.800000, 1.000000, -2.020226
1.850000, 1.000000, -2.158756
1.900000, 1.000000, -1.994054
1.950000, 1.000000, -1.574429
2.000000, 1.000000, -0.998535
0.000000, 1.050000, -3.836745
0.050000, 1.050000, -3.051634
0.100000, 1.050000, -2.381776
0.150000, 1.050000, -1.938177
0.200000, 1.050000, -1.773260
0.250000, 1.050000, -1.869106
0.300000, 1.050000, -2.142405
0.350000, 1.050000, -2.464936
0.400000, 1.050000, -2.694711
0.450000, 1.050000, -2.710407
0.500000, 1.050000, -2.440935
0.550000, 1.050000, -1.883167
0.600000, 1.050000, -1.103624
0.650000, 1.050000, -0.223723
0.700000, 1.050000, 0.607932
0.750000, 1.050000, 1.249676
0.800000, 1.050000, 1.599310
0.850000, 1.050000, 1.617366
0.900000, 1.050000, 1.335672
0.950000, 1.050000, 0.849256
1.000000, 1.050000, 0.293534
1.050000, 1.050000, -0.187769
1.100000, 1.050000, -0.476396
1.150000, 1.050000, -0.507050
1.200000, 1.050000, -0.282162
1.250000, 1.050000, 0.129509
1.300000, 1.050000, 0.610021
1.350000, 1.050000, 1.021038
1.400000, 1.050000, 1.237399
1.450000, 1.050000, 1.177513
1.500000, 1.050000, 0.823399
1.550000, 1.050000, 0.225674
1.600000, 1.050000, -0.507654
1.650000, 1.050000, -1.235888
1.700000, 1.050000, -1.817974
1.750000, 1.050000, -2.144821
1.800000, 1.050000, -2.164011
1.850000, 1.050000, -1.891122
1.900000, 1.050000, -1.405094
1.950000, 1.050000, -0.828822
2.000000, 1.050000, -0.299674
0.000000, 1.100000, -3.926079
0.050000, 1.100000, -3.090361
0.100000, 1.100000, -2.388180
0.150000, 1.100000, -1.940683
0.200000, 1.100000, -1.798993
0.250000, 1.100000, -1.932051
0.300000, 1.100000, -2.235591
0.350000, 1.100000, -2.559883
0.400000, 1.100000, -2.749076
0.450000, 1.100000, -2.682021
0.500000, 1.100000, -2.304104
0.550000, 1.100000, -1.641947
0.600000, 1.100000, -0.797283
0.650000, 1.100000, 0.078358
0.700000, 1.100000, 0.821594
0.750000, 1.100000, 1.298000
0.800000, 1.100000, 1.435353
0.850000, 1.100000, 1.240871
0.900000, 1.100000, 0.798175
0.950000, 1.100000, 0.244941
1.000000, 1.100000, -0.262877
1.050000, 1.100000, -0.590931
1.100000, 1.100000, -0.660244
1.150000, 1.100000, -0.466227
1.200000, 1.100000, -0.078275
1.250000, 1.100000, 0.379744
1.300000, 1.100000, 0.762853
1.350000, 1.100000, 0.943397
1.400000, 1.100000, 0.844592
1.450000, 1.100000, 0.460571
1.500000, 1.100000, -0.142072
1.550000, 1.100000, -0.841422
1.600000, 1.100000, -1.491411
1.650000, 1.100000, -1.958778
1.700000, 1.100000, -2.156214
1.750000, 1.100000, -2.063182
1.800000, 1.100000, -1.729244
1.850000, 1.100000, -1.259298
1.900000, 1.100000, -0.784879
1.950000, 1.100000, -0.429218
2.000000, 1.100000, -0.275269
0.000000, 1.150000, -4.009646
0.050000, 1.150000, -3.125531
0.100000, 1.150000, -2.395310
0.150000, 1.150000, -1.950297
0.200000, 1.150000, -1.838474
0.250000, 1.150000, -2.012515
0.300000, 1.150000, -2.344316
0.350000, 1.150000, -2.661891
0.400000, 1.150000, -2.798244
0.450000, 1.150000, -2.638566
0.500000, 1.150000, -2.152610
0.550000, 1.150000, -1.403355
0.600000, 1.150000, -0.529722
0.650000, 1.150000, 0.291651
0.700000, 1.150000, 0.894722
0.750000, 1.150000, 1.168931
0.800000, 1.150000, 1.088207
0.850000, 1.150000, 0.716234
0.900000, 1.150000, 0.186856
0.950000, 1.150000, -0.334543
1.000000, 1.150000, -0.697561
1.050000, 1.150000, -0.808061
1.100000, 1.150000, -0.652702
1.150000, 1.150000, -0.300137
1.200000, 1.150000, 0.121033
1.250000, 1.150000, 0.460882
1.300000, 1.150000, 0.592092
1.350000, 1.150000, 0.446623
1.400000, 1.150000, 0.034803
1.450000, 1.150000, -0.558302
1.500000, 1.150000, -1.197778
1.550000, 1.150000, -1.737530
1.600000, 1.150000, -2.061395
1.650000, 1.150000, -2.114831
1.700000, 1.150000, -1.918250
1.750000, 1.150000, -1.558470
1.800000, 1.150000, -1.161163
1.850000, 1.150000, -0.852634
1.900000, 1.150000, -0.722281
1.950000, 1.150000, -0.796715
2.000000, 1.150000, -1.032999
0.000000, 1.200000, -4.073484
0.050000, 1.200000, -3.143901
0.100000, 1.200000, -2.390608
0.150000, 1.200000, -1.954959
0.200000, 1.200000, -1.879678
0.250000, 1.200000, -2.097827
0.300000, 1.200000, -2.454770
0.350000, 1.200000, -2.756319
0.400000, 1.200000, -2.828320
0.450000, 1.200000, -2.569622
0.500000, 1.200000, -1.982478
0.550000, 1.200000, -1.171417
0.600000, 1.200000, -0.311308
0.650000, 1.200000, 0.405353
0.700000, 1.200000, 0.825674
0.750000, 1.200000, 0.880710
0.800000, 1.200000, 0.603673
0.850000, 1.200000, 0.116943
0.900000, 1.200000, -0.407564
0.950000, 1.200000, -0.802018
1.000000, 1.200000, -0.953555
1.050000, 1.200000, -0.836800
1.100000, 1.200000, -0.518378
1.150000, 1.200000, -0.132594
1.200000, 1.200000, 0.163543
1.250000, 1.200000, 0.241477
1.300000, 1.200000, 0.042256
1.350000, 1.200000, -0.405121
1.400000, 1.200000, -0.993597
1.450000, 1.200000, -1.572647
1.500000, 1.200000, -1.996234
1.550000, 1.200000, -2.168700
1.600000, 1.200000, -2.073943
1.650000, 1.200000, -1.778700
1.700000, 1.200000, -1.409065
1.750000, 1.200000, -1.107971
1.800000, 1.200000, -0.987435
1.850000, 1.200000, -1.091031
1.900000, 1.200000, -1.378797
1.950000, 1.200000, -1.739579
2.000000, 1.200000, -2.027007
0.000000, 1.250000, -4.103086
0.050000, 1.250000, -3.131616
0.100000, 1.250000, -2.360812
0.150000, 1.250000, -1.941797
0.200000, 1.250000, -1.909621
0.250000, 1.250000, -2.174222
0.300000, 1.250000, -2.552055
0.350000, 1.250000, -2.827721
0.400000, 1.250000, -2.825196
0.450000, 1.250000, -2.465259
0.500000, 1.250000, -1.790453
0.550000, 1.250000, -0.949853
0.600000, 1.250000, -0.149210
0.650000, 1.250000, 0.416567
0.700000, 1.250000, 0.626038
0.750000, 1.250000, 0.468367
0.800000, 1.250000, 0.043163
0.850000, 1.250000, -0.476165
0.900000, 1.250000, -0.902540
0.950000, 1.250000, -1.098176
1.000000, 1.250000, -1.019091
1.050000, 1.250000, -0.726482
1.100000, 1.250000, -0.361711
1.150000, 1.250000, -0.094098
1.200000, 1.250000, -0.059875
1.250000, 1.250000, -0.313487
1.300000, 1.250000, -0.807977
1.350000, 1.250000, -1.411042
1.400000, 1.250000, -1.951005
1.450000, 1.250000, -2.276584
1.500000, 1.250000, -2.309621
1.550000, 1.250000, -2.072321
1.600000, 1.250000, -1.679376
1.650000, 1.250000, -1.297474
1.700000, 1.250000, -1.086045
1.750000, 1.250000, -1.139727
1.800000, 1.250000, -1.452655
1.850000, 1.250000, -1.917368
1.900000, 1.250000, -2.359345
1.950000, 1.250000, -2.595931
2.000000, 1.250000, -2.499827
0.000000, 1.300000, -4.087064
0.050000, 1.300000, -3.077860
0.100000, 1.300000, -2.295606
0.150000, 1.300000, -1.900755
0.200000, 1.300000, -1.917981
0.250000, 1.300000, -2.230485
0.300000, 1.300000, -2.623855
0.350000, 1.300000, -2.863546
0.400000, 1.300000, -2.778245
0.450000, 1.300000, -2.319543
0.500000, 1.300000, -1.577100
0.550000, 1.300000, -0.744588
0.600000, 1.300000, -0.049383
0.650000, 1.300000, 0.328256
0.700000, 1.300000, 0.317337
0.750000, 1.300000, -0.022343
0.800000, 1.300000, -0.526304
0.850000, 1.300000, -0.988670
0.900000, 1.300000, -1.238857
0.950000, 1.300000, -1.203292
1.000000, 1.300000, -0.929656
1.050000, 1.300000, -0.565217
1.100000, 1.300000, -0.297849
1.150000, 1.300000, -0.282135
1.200000, 1.300000, -0.578343
1.250000, 1.300000, -1.127224
1.300000, 1.300000, -1.770182
1.350000, 1.300000, -2.307460
1.400000, 1.300000, -2.572728
1.450000, 1.300000, -2.496212
1.500000, 1.300000, -2.132513
1.550000, 1.300000, -1.642196
1.600000, 1.300000, -1.233264
1.650000, 1.300000, -1.083625
1.700000, 1.300000, -1.272986
1.750000, 1.300000, -1.749555
1.800000, 1.300000, -2.344530
1.850000, 1.300000, -2.830020
1.900000, 1.300000, -3.000121
1.950000, 1.300000, -2.746125
2.000000, 1.300000, -2.098574
0.000000, 1.350000, -4.020274
0.050000, 1.350000, -2.977964
0.100000, 1.350000, -2.190707
0.150000, 1.350000, -1.827677
0.200000, 1.350000, -1.900187
0.250000, 1.350000, -2.261039
0.300000, 1.350000, -2.663561
0.350000, 1.350000, -2.857296
0.400000, 1.350000, -2.683416
0.450000, 1.350000, -2.133431
0.500000, 1.350000, -1.349275
0.550000, 1.350000, -0.565710
0.600000, 1.350000, -0.018274
0.650000, 1.350000, 0.146995
0.700000, 1.350000, -0.073007
0.750000, 1.350000, -0.542021
0.800000, 1.350000, -1.042607
0.850000, 1.350000, -1.365069
0.900000, 1.350000, -1.391419
0.950000, 1.350000, -1.140962
1.000000, 1.350000, -0.759622
1.050000, 1.350000, -0.457610
1.100000, 1.350000, -0.420715
1.150000, 1.350000, -0.731013
1.200000, 1.350000, -1.329130
1.250000, 1.350000, -2.033699
1.300000, 1.350000, -2.610870
1.350000, 1.350000, -2.866627
1.400000, 1.350000, -2.725271
1.450000, 1.350000, -2.262474
1.500000, 1.350000, -1.678904
1.550000, 1.350000, -1.223777
1.600000, 1.350000, -1.097561
1.650000, 1.350000, -1.371655
1.700000, 1.350000, -1.956759
1.750000, 1.350000, -2.633024
1.800000, 1.350000, -3.131196
1.850000, 1.350000, -3.234111
1.900000, 1.350000, -2.859739
1.950000, 1.350000, -2.093854
2.000000, 1.350000, -1.159600
0.000000, 1.400000, -3.905674
0.050000, 1.400000, -2.835260
0.100000, 1.400000, -2.049714
0.150000, 1.400000, -1.726144
0.200000, 1.400000, -1.859256
0.250000, 1.400000, -2.267809
0.300000, 1.400000, -2.672162
0.350000, 1.400000, -2.810423
0.400000, 1.400000, -2.545072
0.450000, 1.400000, -1.916361
0.500000, 1.400000, -1.121312
0.550000, 1.400000, -0.428266
0.600000, 1.400000, -0.063663
0.650000, 1.400000, -0.118840
0.700000, 1.400000, -0.515657
0.750000, 1.400000, -1.044538
0.800000, 1.400000, -1.457804
0.850000, 1.400000, -1.577841
0.900000, 1.400000, -1.373663
0.950000, 1.400000, -0.973077
1.000000, 1.400000, -0.605286
1.050000, 1.400000, -0.498542
1.100000, 1.400000, -0.776814
1.150000, 1.400000, -1.400128
1.200000, 1.400000, -2.174901
1.250000, 1.400000, -2.830956
1.300000, 1.400000, -3.133432
1.350000, 1.400000, -2.982565
1.400000, 1.400000, -2.458846
1.450000, 1.400000, -1.793559
1.500000, 1.400000, -1.275821
1.550000, 1.400000, -1.134004
1.600000, 1.400000, -1.440492
1.650000, 1.400000, -2.079467
1.700000, 1.400000, -2.791559
1.750000, 1.400000, -3.277453
1.800000, 1.400000, -3.318136
1.850000, 1.400000, -2.862591
1.900000, 1.400000, -2.047189
1.950000, 1.400000, -1.139297
2.000000, 1.400000, -0.428823
0.000000, 1.450000, -3.754516
0.050000, 1.450000, -2.661253
0.100000, 1.450000, -1.884277
0.150000, 1.450000, -1.607650
0.200000, 1.450000, -1.805968
0.250000, 1.450000, -2.260415
0.300000, 1.450000, -2.658472
0.350000, 1.450000, -2.732564
0.400000, 1.450000, -2.376119
0.450000, 1.450000, -1.686131
0.500000, 1.450000, -0.914532
0.550000, 1.450000, -0.351542
0.600000, 1.450000, -0.194293
0.650000, 1.450000, -0.460047
0.700000, 1.450000, -0.982633
0.750000, 1.450000, -1.492750
0.800000, 1.450000, -1.744749
0.850000, 1.450000, -1.631529
0.900000, 1.450000, -1.234733
0.950000, 1.450000, -0.786986
1.000000, 1.450000, -0.563051
1.050000, 1.450000, -0.749380
1.100000, 1.450000, -1.351786
1.150000, 1.450000, -2.184184
1.200000, 1.450000, -2.944902
1.250000, 1.450000, -3.347486
1.300000, 1.450000, -3.247867
1.350000, 1.450000, -2.710719
1.400000, 1.450000, -1.984509
1.450000, 1.450000, -1.395223
1.500000, 1.450000, -1.205065
1.550000, 1.450000, -1.498265
1.600000, 1.450000, -2.144317
1.650000, 1.450000, -2.854848
1.700000, 1.450000, -3.308912
1.750000, 1.450000, -3.291408
1.800000, 1.450000, -2.783793
1.850000, 1.450000, -1.967819
1.900000, 1.450000, -1.141812
1.950000, 1.450000, -0.587825
2.000000, 1.450000, -0.449390
0.000000, 1.500000, -3.584796
0.050000, 1.500000, -2.474074
0.100000, 1.500000, -1.712537
0.150000, 1.500000, -1.490037
0.200000, 1.500000, -1.757318
0.250000, 1.500000, -2.254645
0.300000, 1.500000, -2.637625
0.350000, 1.500000, -2.640029
0.400000, 1.500000, -2.196387
0.450000, 1.500000, -1.467012
0.500000, 1.500000, -0.755050
0.550000, 1.500000, -0.356833
0.600000, 1.500000, -0.418290
0.650000, 1.500000, -0.866608
0.700000, 1.500000, -1.449512
0.750000, 1.500000, -1.862273
0.800000, 1.500000, -1.900089
0.850000, 1.500000, -1.561193
0.900000, 1.500000, -1.049915
0.950000, 1.500000, -0.677403
1.000000, 1.500000, -0.707505
1.050000, 1.500000, -1.222336
1.100000, 1.500000, -2.073271
1.150000, 1.500000, -2.942502
1.200000, 1.500000, -3.487331
1.250000, 1.500000, -3.499365
1.300000, 1.500000, -3.003011
1.350000, 1.500000, -2.245991
1.400000, 1.500000, -1.585614
1.450000, 1.500000, -1.323908
1.500000, 1.500000, -1.569017
1.550000, 1.500000, -2.187770
1.600000, 1.500000, -2.871078
1.650000, 1.500000, -3.280461
1.700000, 1.500000, -3.205856
1.750000, 1.500000, -2.660152
1.800000, 1.500000, -1.866658
1.850000, 1.500000, -1.147127
1.900000, 1.500000, -0.765358
1.950000, 1.500000, -0.802155
2.000000, 1.500000, -1.121626
0.000000, 1.550000, -3.418279
0.050000, 1.550000, -2.295499
0.100000, 1.550000, -1.556157
0.150000, 1.550000, -1.394527
0.200000, 1.550000, -1.733558
0.250000, 1.550000, -2.269519
0.300000, 1.550000, -2.628171
0.350000, 1.550000, -2.552871
0.400000, 1.550000, -2.029563
0.450000, 1.550000, -1.286437
0.500000, 1.550000, -0.670242
0.550000, 1.550000, -0.464054
0.600000, 1.550000, -0.740678
0.650000, 1.550000, -1.326905
0.700000, 1.550000, -1.896457
0.750000, 1.550000, -2.143008
0.800000, 1.550000, -1.943338
0.850000, 1.550000, -1.425561
0.900000, 1.550000, -0.906106
0.950000, 1.550000, -0.726660
1.000000, 1.550000, -1.074212
1.050000, 1.550000, -1.876749
1.100000, 1.550000, -2.829309
1.150000, 1.550000, -3.538942
1.200000, 1.550000, -3.716484
1.250000, 1.550000, -3.318753
1.300000, 1.550000, -2.569382
1.350000, 1.550000, -1.847553
1.400000, 1.550000, -1.500486
1.450000, 1.550000, -1.673795
1.500000, 1.550000, -2.244458
1.550000, 1.550000, -2.888896
1.600000, 1.550000, -3.250243
1.650000, 1.550000, -3.119014
1.700000, 1.550000, -2.535418
1.750000, 1.550000, -1.762293
1.800000, 1.550000, -1.144139
1.850000, 1.550000, -0.925991
1.900000, 1.550000, -1.126053
1.950000, 1.550000, -1.528020
2.000000, 1.550000, -1.797065
0.000000, 1.600000, -3.276731
0.050000, 1.600000, -2.147179
0.100000, 1.600000, -1.436546
0.150000, 1.600000, -1.341962
0.200000, 1.600000, -1.754446
0.250000, 1.600000, -2.323571
0.300000, 1.600000, -2.648374
0.350000, 1.600000, -2.491159
0.400000, 1.600000, -1.899321
0.450000, 1.600000, -1.170897
0.500000, 1.600000, -0.684520
0.550000, 1.600000, -0.687869
0.600000, 1.600000, -1.160602
0.650000, 1.600000, -1.826580
0.700000, 1.600000, -2.308292
0.750000, 1.600000, -2.338479
0.800000, 1.600000, -1.912393
0.850000, 1.600000, -1.296162
0.900000, 1.600000, -0.885024
0.950000, 1.600000, -0.987284
1.000000, 1.600000, -1.650987
1.050000, 1.600000, -2.628112
1.100000, 1.600000, -3.497334
1.150000, 1.600000, -3.880843
1.200000, 1.600000, -3.639763
1.250000, 1.600000, -2.943844
1.300000, 1.600000, -2.178485
1.350000, 1.600000, -1.739372
1.400000, 1.600000, -1.825009
1.450000, 1.600000, -2.337882
1.500000, 1.600000, -2.945801
1.550000, 1.600000, -3.268278
1.600000, 1.600000, -3.085586
1.650000, 1.600000, -2.456666
1.700000, 1.600000, -1.682439
1.750000, 1.600000, -1.135693
1.800000, 1.600000, -1.051628
1.850000, 1.600000, -1.394568
1.900000, 1.600000, -1.874806
1.950000, 1.600000, -2.107445
2.000000, 1.600000, -1.827243
0.000000, 1.650000, -3.178147
0.050000, 1.650000, -2.046873
0.100000, 1.650000, -1.371103
0.150000, 1.650000, -1.349047
0.200000, 1.650000, -1.835520
0.250000, 1.650000, -2.431143
0.300000, 1.650000, -2.712524
0.350000, 1.650000, -2.471239
0.400000, 1.650000, -1.825444
0.450000, 1.650000, -1.141866
0.500000, 1.650000, -0.815251
0.550000, 1.650000, -1.034127
0.600000, 1.650000, -1.668969
0.650000, 1.650000, -2.347603
0.700000, 1.650000, -2.674026
0.750000, 1.650000, -2.463442
0.800000, 1.650000, -1.856423
0.850000, 1.650000, -1.244374
0.900000, 1.650000, -1.047293
0.950000, 1.650000, -1.470426
1.000000, 1.650000, -2.379577
1.050000, 1.650000, -3.367656
1.100000, 1.650000, -3.976011
1.150000, 1.650000, -3.945588
1.200000, 1.650000, -3.355830
1.250000, 1.650000, -2.573252
1.300000, 1.650000, -2.040156
1.350000, 1.650000, -2.024775
1.400000, 1.650000, -2.475293
1.450000, 1.650000, -3.059723
1.500000, 1.650000, -3.366494
1.550000, 1.650000, -3.148359
1.600000, 1.650000, -2.467977
1.650000, 1.650000, -1.660934
1.700000, 1.650000, -1.137961
1.750000, 1.650000, -1.141422
1.800000, 1.650000, -1.598074
1.850000, 1.650000, -2.154906
1.900000, 1.650000, -2.379311
1.950000, 1.650000, -2.009679
2.000000, 1.650000, -1.112481
0.000000, 1.700000, -3.133780
0.050000, 1.700000, -2.005484
0.100000, 1.700000, -1.370259
0.150000, 1.700000, -1.425415
0.200000, 1.700000, -1.985163
0.250000, 1.700000, -2.599483
0.300000, 1.700000, -2.828049
0.350000, 1.700000, -2.502803
0.400000, 1.700000, -1.820735
0.450000, 1.700000, -1.212564
0.500000, 1.700000, -1.069631
0.550000, 1.700000, -1.497419
0.600000, 1.700000, -2.247213
0.650000, 1.700000, -2.868092
0.700000, 1.700000, -2.986276
0.750000, 1.700000, -2.540401
0.800000, 1.700000, -1.827397
0.850000, 1.700000, -1.328694
0.900000, 1.700000, -1.420401
0.950000, 1.700000, -2.142519
1.000000, 1.700000, -3.167409
1.050000, 1.700000, -3.987720
1.100000, 1.700000, -4.211425
1.150000, 1.700000, -3.786986
1.200000, 1.700000, -3.024174
1.250000, 1.700000, -2.399801
1.300000, 1.700000, -2.267495
1.350000, 1.700000, -2.647859
1.400000, 1.700000, -3.225364
1.450000, 1.700000, -3.551767
1.500000, 1.700000, -3.329868
1.550000, 1.700000, -2.602742
1.600000, 1.700000, -1.731727
1.650000, 1.700000, -1.175940
1.700000, 1.700000, -1.207939
1.750000, 1.700000, -1.740018
1.800000, 1.700000, -2.368982
1.850000, 1.700000, -2.614573
1.900000, 1.700000, -2.208574
1.950000, 1.700000, -1.259985
2.000000, 1.700000, -0.195931
0.000000, 1.750000, -3.146588
0.050000, 1.750000, -2.025515
0.100000, 1.750000, -1.435945
0.150000, 1.750000, -1.572100
0.200000, 1.750000, -2.203121
0.250000, 1.750000, -2.827284
0.300000, 1.750000, -2.994065
0.350000, 1.750000, -2.587369
0.400000, 1.750000, -1.889363
0.450000, 1.750000, -1.386203
0.500000, 1.750000, -1.443157
0.550000, 1.750000, -2.060327
0.600000, 1.750000, -2.867680
0.650000, 1.750000, -3.363260
0.700000, 1.750000, -3.240978
0.750000, 1.750000, -2.595738
0.800000, 1.750000, -1.871715
0.850000, 1.750000, -1.584404
0.900000, 1.750000, -1.992791
0.950000, 1.750000, -2.930911
1.000000, 1.750000, -3.906867
1.050000, 1.750000, -4.406794
1.100000, 1.750000, -4.210621
1.150000, 1.750000, -3.519433
1.200000, 1.750000, -2.815307
1.250000, 1.750000, -2.545710
1.300000, 1.750000, -2.836291
1.350000, 1.750000, -3.416350
1.400000, 1.750000, -3.803485
1.450000, 1.750000, -3.626489
1.500000, 1.750000, -2.876391
1.550000, 1.750000, -1.921843
1.600000, 1.750000, -1.277209
1.650000, 1.750000, -1.271628
1.700000, 1.750000, -1.832246
1.750000, 1.750000, -2.522519
1.800000, 1.750000, -2.813410
1.850000, 1.750000, -2.415846
1.900000, 1.750000, -1.463103
1.950000, 1.750000, -0.427253
2.000000, 1.750000, 0.176493
0.000000, 1.800000, -3.211426
0.050000, 1.800000, -2.101266
0.100000, 1.800000, -1.561808
0.150000, 1.800000, -1.781779
0.200000, 1.800000, -2.480750
0.250000, 1.800000, -3.104964
0.300000, 1.800000, -3.201650
0.350000, 1.800000, -2.718495
0.400000, 1.800000, -2.026943
0.450000, 1.800000, -1.656037
0.500000, 1.800000, -1.920015
0.550000, 1.800000, -2.694655
0.600000, 1.800000, -3.495797
0.650000, 1.800000, -3.807605
0.700000, 1.800000, -3.437587
0.750000, 1.800000, -2.656099
0.800000, 1.800000, -2.023208
0.850000, 1.800000, -2.017398
0.900000, 1.800000, -2.715214
0.950000, 1.800000, -3.737407
1.000000, 1.800000, -4.497918
1.050000, 1.800000, -4.588214
1.100000, 1.800000, -4.038913
1.150000, 1.800000, -3.284356
1.200000, 1.800000, -2.857000
1.250000, 1.800000, -3.020868
1.300000, 1.800000, -3.593496
1.350000, 1.800000, -4.076752
1.400000, 1.800000, -4.006398
1.450000, 1.800000, -3.281104
1.500000, 1.800000, -2.245127
1.550000, 1.800000, -1.465920
1.600000, 1.800000, -1.355373
1.650000, 1.800000, -1.890510
1.700000, 1.800000, -2.623439
1.750000, 1.800000, -2.975639
1.800000, 1.800000, -2.619833
1.850000, 1.800000, -1.693597
1.900000, 1.800000, -0.702417
1.950000, 1.800000, -0.179281
2.000000, 1.800000, -0.331563
0.000000, 1.850000, -3.316907
0.050000, 1.850000, -2.220720
0.100000, 1.850000, -1.735102
0.150000, 1.850000, -2.040676
0.200000, 1.850000, -2.802955
0.250000, 1.850000, -3.416630
0.300000, 1.850000, -3.435811
0.350000, 1.850000, -2.883666
0.400000, 1.850000, -2.222317
0.450000, 1.850000, -2.007168
0.500000, 1.850000, -2.475317
0.550000, 1.850000, -3.364510
0.600000, 1.850000, -4.093828
0.650000, 1.850000, -4.178077
0.700000, 1.850000, -3.579718
0.750000, 1.850000, -2.745443
0.800000, 1.850000, -2.298500
0.850000, 1.850000, -2.603126
0.900000, 1.850000, -3.509109
0.950000, 1.850000, -4.457064
1.000000, 1.850000, -4.869175
1.050000, 1.850000, -4.548052
1.100000, 1.850000, -3.801693
1.150000, 1.850000, -3.208554
1.200000, 1.850000, -3.193323
1.250000, 1.850000, -3.718307
1.300000, 1.850000, -4.311713
1.350000, 1.850000, -4.412394
1.400000, 1.850000, -3.783580
1.450000, 1.850000, -2.697857
1.500000, 1.850000, -1.758323
1.550000, 1.850000, -1.480498
1.600000, 1.850000, -1.931041
1.650000, 1.850000, -2.680068
1.700000, 1.850000, -3.101757
1.750000, 1.850000, -2.810803
1.800000, 1.850000, -1.926324
1.850000, 1.850000, -0.978050
1.900000, 1.850000, -0.524287
1.950000, 1.850000, -0.755634
2.000000, 1.850000, -1.367214
0.000000, 1.900000, -3.448523
0.050000, 1.900000, -2.368669
0.100000, 1.900000, -1.939842
0.150000, 1.900000, -2.331739
0.200000, 1.900000, -3.151386
0.250000, 1.900000, -3.743294
0.300000, 1.900000, -3.678690
0.350000, 1.900000, -3.067430
0.400000, 1.900000, -2.460593
0.450000, 1.900000, -2.419685
0.500000, 1.900000, -3.078743
0.550000, 1.900000, -4.030735
0.600000, 1.900000, -4.625650
0.650000, 1.900000, -4.457727
0.700000, 1.900000, -3.675949
0.750000, 1.900000, -2.882972
0.800000, 1.900000, -2.695243
0.850000, 1.900000, -3.290730
0.900000, 1.900000, -4.280469
0.950000, 1.900000, -4.998521
1.000000, 1.900000, -4.992824
1.050000, 1.900000, -4.350375
1.100000, 1.900000, -3.615624
1.150000, 1.900000, -3.366551
1.200000, 1.900000, -3.769440
1.250000, 1.900000, -4.448635
1.300000, 1.900000, -4.770165
1.350000, 1.900000, -4.326372
1.400000, 1.900000, -3.256529
1.450000, 1.900000, -2.160201
1.500000, 1.900000, -1.664904
1.550000, 1.900000, -1.968912
1.600000, 1.900000, -2.699629
1.650000, 1.900000, -3.192824
1.700000, 1.900000, -2.984109
1.750000, 1.900000, -2.146410
1.800000, 1.900000, -1.223494
1.850000, 1.900000, -0.812638
1.900000, 1.900000, -1.112025
1.950000, 1.900000, -1.773782
2.000000, 1.900000, -2.172994
0.000000, 1.950000, -3.592313
0.050000, 1.950000, -2.530407
0.100000, 1.950000, -2.160509
0.150000, 1.950000, -2.638363
0.200000, 1.950000, -3.508194
0.250000, 1.950000, -4.066653
0.300000, 1.950000, -3.913327
0.350000, 1.950000, -3.255084
0.400000, 1.950000, -2.726774
0.450000, 1.950000, -2.872451
0.500000, 1.950000, -3.698876
0.550000, 1.950000, -4.655921
0.600000, 1.950000, -5.061724
0.650000, 1.950000, -4.639078
0.700000, 1.950000, -3.740370
0.750000, 1.950000, -3.081883
0.800000, 1.950000, -3.193234
0.850000, 1.950000, -4.011547
0.900000, 1.950000, -4.936605
0.950000, 1.950000, -5.301798
1.000000, 1.950000, -4.890174
1.050000, 1.950000, -4.091079
1.100000, 1.950000, -3.576940
1.150000, 1.950000, -3.757961
1.200000, 1.950000, -4.447198
1.250000, 1.950000, -5.002198
1.300000, 1.950000, -4.833145
1.350000, 1.950000, -3.877463
1.400000, 1.950000, -2.665613
1.450000, 1.950000, -1.923190
1.500000, 1.950000, -2.018677
1.550000, 1.950000, -2.687855
1.600000, 1.950000, -3.249244
1.650000, 1.950000, -3.140168
1.700000, 1.950000, -2.352496
1.750000, 1.950000, -1.427537
1.800000, 1.950000, -1.017335
1.850000, 1.950000, -1.360961
1.900000, 1.950000, -2.090758
1.950000, 1.950000, -2.522759
2.000000, 1.950000, -2.203045
0.000000, 2.000000, -3.738284
0.050000, 2.000000, -2.695167
0.100000, 2.000000, -2.385511
0.150000, 2.000000, -2.947874
0.200000, 2.000000, -3.859530
0.250000, 2.000000, -4.372605
0.300000, 2.000000, -4.127156
0.350000, 2.000000, -3.436096
0.400000, 2.000000, -3.009144
0.450000, 2.000000, -3.346717
0.500000, 2.000000, -4.307383
0.550000, 2.000000, -5.209100
0.600000, 2.000000, -5.383373
0.650000, 2.000000, -4.726461
0.700000, 2.000000, -3.792405
0.750000, 2.000000, -3.348781
0.800000, 2.000000, -3.757988
0.850000, 2.000000, -4.690409
0.900000, 2.000000, -5.402722
0.950000, 2.000000, -5.349991
1.000000, 2.000000, -4.626643
1.050000, 2.000000, -3.874293
1.100000, 2.000000, -3.735353
1.150000, 2.000000, -4.306608
1.200000, 2.000000, -5.046989
1.250000, 2.000000, -5.218456
1.300000, 2.000000, -4.497956
1.350000, 2.000000, -3.255572
1.400000, 2.000000, -2.267501
1.450000, 2.000000, -2.097117
1.500000, 2.000000, -2.650511
1.550000, 2.000000, -3.269262
1.600000, 2.000000, -3.281404
1.650000, 2.000000, -2.555333
1.700000, 2.000000, -1.600804
1.750000, 2.000000, -1.136153
1.800000, 2.000000, -1.481979
1.850000, 2.000000, -2.284903
1.900000, 2.000000, -2.802332
1.950000, 2.000000, -2.515407
2.000000, 2.000000, -1.565047
