0.000000, 0.000000, 2.486162
0.050000, 0.000000, 2.306172
0.100000, 0.000000, 2.108508
0.150000, 0.000000, 1.902615
0.200000, 0.000000, 1.689958
0.250000, 0.000000, 1.463990
0.300000, 0.000000, 1.213366
0.350000, 0.000000, 0.927169
0.400000, 0.000000, 0.600114
0.450000, 0.000000, 0.235743
0.500000, 0.000000, -0.153670
0.550000, 0.000000, -0.550474
0.600000, 0.000000, -0.937015
0.650000, 0.000000, -1.301018
0.700000, 0.000000, -1.638945
0.750000, 0.000000, -1.956077
0.800000, 0.000000, -2.263334
0.850000, 0.000000, -2.572059
0.900000, 0.000000, -2.888801
0.950000, 0.000000, -3.212093
1.000000, 0.000000, -3.532491
1.050000, 0.000000, -3.835862
1.100000, 0.000000, -4.108673
1.150000, 0.000000, -4.343272
1.200000, 0.000000, -4.541122
1.250000, 0.000000, -4.712776
1.300000, 0.000000, -4.874555
1.350000, 0.000000, -5.043205
1.400000, 0.000000, -5.230541
1.450000, 0.000000, -5.440103
1.500000, 0.000000, -5.667069
1.550000, 0.000000, -5.901424
1.600000, 0.000000, -6.133157
1.650000, 0.000000, -6.357442
1.700000, 0.000000, -6.577821
1.750000, 0.000000, -6.806108
1.800000, 0.000000, -7.059051
1.850000, 0.000000, -7.352970
1.900000, 0.000000, -7.698416
1.950000, 0.000000, -8.096856
2.000000, 0.000000, -8.540634
0.000000, 0.050000, 2.410009
0.050000, 0.050000, 2.203129
0.100000, 0.050000, 1.979471
0.150000, 0.050000, 1.749055
0.200000, 0.050000, 1.513884
0.250000, 0.050000, 1.267899
0.300000, 0.050000, 1.000184
0.350000, 0.050000, 0.700175
0.400000, 0.050000, 0.362864
0.450000, 0.050000, -0.008020
0.500000, 0.050000, -0.400106
0.550000, 0.050000, -0.795741
0.600000, 0.050000, -1.177362
0.650000, 0.050000, -1.532880
0.700000, 0.050000, -1.859026
0.750000, 0.050000, -2.161432
0.800000, 0.050000, -2.451442
0.850000, 0.050000, -2.740883
0.900000, 0.050000, -3.036837
0.950000, 0.050000, -3.338407
1.000000, 0.050000, -3.636741
1.050000, 0.050000, -3.918306
1.100000, 0.050000, -4.170160
1.150000, 0.050000, -4.385220
1.200000, 0.050000, -4.565485
1.250000, 0.050000, -4.721990
1.300000, 0.050000, -4.871480
1.350000, 0.050000, -5.031053
1.400000, 0.050000, -5.212795
1.450000, 0.050000, -5.420431
1.500000, 0.050000, -5.649229
1.550000, 0.050000, -5.889175
1.600000, 0.050000, -6.130159
1.650000, 0.050000, -6.367171
1.700000, 0.050000, -6.603475
1.750000, 0.050000, -6.850533
1.800000, 0.050000, -7.124665
1.850000, 0.050000, -7.441703
1.900000, 0.050000, -7.811661
1.950000, 0.050000, -8.235433
2.000000, 0.050000, -8.704768
0.000000, 0.100000, 2.263268
0.050000, 0.100000, 2.030394
0.100000, 0.100000, 1.782225
0.150000, 0.100000, 1.529331
0.200000, 0.100000, 1.274217
0.250000, 0.100000, 1.011266
0.300000, 0.100000, 0.729929
0.350000, 0.100000, 0.419931
0.400000, 0.100000, 0.076466
0.450000, 0.100000, -0.296630
0.500000, 0.100000, -0.686972
0.550000, 0.100000, -1.076985
0.600000, 0.100000, -1.449280
0.650000, 0.100000, -1.792027
0.700000, 0.100000, -2.102296
0.750000, 0.100000, -2.386135
0.800000, 0.100000, -2.655359
0.850000, 0.100000, -2.922323
0.900000, 0.100000, -3.194667
0.950000, 0.100000, -3.472079
1.000000, 0.100000, -3.746299
1.050000, 0.100000, -4.004378
1.100000, 0.100000, -4.233939
1.150000, 0.100000, -4.428425
1.200000, 0.100000, -4.590315
1.250000, 0.100000, -4.731065
1.300000, 0.100000, -4.867766
1.350000, 0.100000, -5.017785
1.400000, 0.100000, -5.193390
1.450000, 0.100000, -5.398397
1.500000, 0.100000, -5.628071
1.550000, 0.100000, -5.872302
1.600000, 0.100000, -6.120796
1.650000, 0.100000, -6.368268
1.700000, 0.100000, -6.617630
1.750000, 0.100000, -6.879921
1.800000, 0.100000, -7.170977
1.850000, 0.100000, -7.506097
1.900000, 0.100000, -7.894728
1.950000, 0.100000, -8.337175
2.000000, 0.100000, -8.824592
0.000000, 0.150000, 2.048358
0.050000, 0.150000, 1.790962
0.100000, 0.150000, 1.520315
0.150000, 0.150000, 1.247516
0.200000, 0.150000, 0.975539
0.250000, 0.150000, 0.699159
0.300000, 0.150000, 0.408142
0.350000, 0.150000, 0.092437
0.400000, 0.150000, -0.252632
0.450000, 0.150000, -0.623191
0.500000, 0.150000, -1.006917
0.550000, 0.150000, -1.386389
0.600000, 0.150000, -1.744462
0.650000, 0.150000, -2.069633
0.700000, 0.150000, -2.359374
0.750000, 0.150000, -2.620198
0.800000, 0.150000, -2.864439
0.850000, 0.150000, -3.105008
0.900000, 0.150000, -3.350130
0.950000, 0.150000, -3.600084
1.000000, 0.150000, -3.847202
1.050000, 0.150000, -4.079103
1.100000, 0.150000, -4.283952
1.150000, 0.150000, -4.455682
1.200000, 0.150000, -4.597210
1.250000, 0.150000, -4.720356
1.300000, 0.150000, -4.842503
1.350000, 0.150000, -4.981224
1.400000, 0.150000, -5.148904
1.450000, 0.150000, -5.349386
1.500000, 0.150000, -5.577872
1.550000, 0.150000, -5.824099
1.600000, 0.150000, -6.077536
1.650000, 0.150000, -6.332583
1.700000, 0.150000, -6.591769
1.750000, 0.150000, -6.865688
1.800000, 0.150000, -7.169687
1.850000, 0.150000, -7.518541
1.900000, 0.150000, -7.921151
1.950000, 0.150000, -8.377271
2.000000, 0.150000, -8.877512
0.000000, 0.200000, 1.769249
0.050000, 0.200000, 1.489338
0.100000, 0.200000, 1.198749
0.150000, 0.200000, 0.909086
0.200000, 0.200000, 0.623757
0.250000, 0.200000, 0.337888
0.300000, 0.200000, 0.041505
0.350000, 0.200000, -0.275283
0.400000, 0.200000, -0.617085
0.450000, 0.200000, -0.980067
0.500000, 0.200000, -1.352039
0.550000, 0.200000, -1.715813
0.600000, 0.200000, -2.054562
0.650000, 0.200000, -2.357182
0.700000, 0.200000, -2.621616
0.750000, 0.200000, -2.854904
0.800000, 0.200000, -3.069956
0.850000, 0.200000, -3.280287
0.900000, 0.200000, -3.494746
0.950000, 0.200000, -3.714237
1.000000, 0.200000, -3.931704
1.050000, 0.200000, -4.135352
1.100000, 0.200000, -4.313889
1.150000, 0.200000, -4.461742
1.200000, 0.200000, -4.582253
1.250000, 0.200000, -4.687599
1.300000, 0.200000, -4.795433
1.350000, 0.200000, -4.923515
1.400000, 0.200000, -5.084329
1.450000, 0.200000, -5.281724
1.500000, 0.200000, -5.510819
1.550000, 0.200000, -5.761183
1.600000, 0.200000, -6.022036
1.650000, 0.200000, -6.287459
1.700000, 0.200000, -6.559597
1.750000, 0.200000, -6.848611
1.800000, 0.200000, -7.169369
1.850000, 0.200000, -7.536148
1.900000, 0.200000, -7.957332
1.950000, 0.200000, -8.432161
2.000000, 0.200000, -8.950747
0.000000, 0.250000, 1.431356
0.050000, 0.250000, 1.131428
0.100000, 0.250000, 0.823873
0.150000, 0.250000, 0.520781
0.200000, 0.250000, 0.225963
0.250000, 0.250000, -0.065147
0.300000, 0.250000, -0.362321
0.350000, 0.250000, -0.675346
0.400000, 0.250000, -1.008845
0.450000, 0.250000, -1.359098
0.500000, 0.250000, -1.714138
0.550000, 0.250000, -2.057096
0.600000, 0.250000, -2.371560
0.650000, 0.250000, -2.646917
0.700000, 0.250000, -2.881674
0.750000, 0.250000, -3.083491
0.800000, 0.250000, -3.265939
0.850000, 0.250000, -3.443222
0.900000, 0.250000, -3.624886
0.950000, 0.250000, -3.812530
1.000000, 0.250000, -3.999768
1.050000, 0.250000, -4.175441
1.100000, 0.250000, -4.328841
1.150000, 0.250000, -4.454917
1.200000, 0.250000, -4.557456
1.250000, 0.250000, -4.648994
1.300000, 0.250000, -4.747456
1.350000, 0.250000, -4.870772
1.400000, 0.250000, -5.031500
1.450000, 0.250000, -5.233458
1.500000, 0.250000, -5.471638
1.550000, 0.250000, -5.735388
1.600000, 0.250000, -6.013615
1.650000, 0.250000, -6.300010
1.700000, 0.250000, -6.596256
1.750000, 0.250000, -6.911991
1.800000, 0.250000, -7.261518
1.850000, 0.250000, -7.658512
1.900000, 0.250000, -8.110740
1.950000, 0.250000, -8.616817
2.000000, 0.250000, -9.166242
0.000000, 0.300000, 1.041412
0.050000, 0.300000, 0.724393
0.100000, 0.300000, 0.403216
0.150000, 0.300000, 0.090444
0.200000, 0.300000, -0.209741
0.250000, 0.300000, -0.501641
0.300000, 0.300000, -0.794879
0.350000, 0.300000, -1.099216
0.400000, 0.300000, -1.419367
0.450000, 0.300000, -1.751828
0.500000, 0.300000, -2.084961
0.550000, 0.300000, -2.402336
0.600000, 0.300000, -2.688075
0.650000, 0.300000, -2.932190
0.700000, 0.300000, -3.133882
0.750000, 0.300000, -3.301560
0.800000, 0.300000, -3.449580
0.850000, 0.300000, -3.592953
0.900000, 0.300000, -3.742029
0.950000, 0.300000, -3.899191
1.000000, 0.300000, -4.058798
1.050000, 0.300000, -4.210381
1.100000, 0.300000, -4.343845
1.150000, 0.300000, -4.454664
1.200000, 0.300000, -4.547049
1.250000, 0.300000, -4.633846
1.300000, 0.300000, -4.733167
1.350000, 0.300000, -4.863006
1.400000, 0.300000, -5.035850
1.450000, 0.300000, -5.255324
1.500000, 0.300000, -5.516098
1.550000, 0.300000, -5.807078
1.600000, 0.300000, -6.116623
1.650000, 0.300000, -6.437773
1.700000, 0.300000, -6.771481
1.750000, 0.300000, -7.126586
1.800000, 0.300000, -7.516538
1.850000, 0.300000, -7.954131
1.900000, 0.300000, -8.446236
1.950000, 0.300000, -8.990583
2.000000, 0.300000, -9.575810
0.000000, 0.350000, 0.607302
0.050000, 0.350000, 0.276471
0.100000, 0.350000, -0.054694
0.150000, 0.350000, -0.373173
0.200000, 0.350000, -0.674440
0.250000, 0.350000, -0.962579
0.300000, 0.350000, -1.247128
0.350000, 0.350000, -1.537908
0.400000, 0.350000, -1.839831
0.450000, 0.350000, -2.149732
0.500000, 0.350000, -2.456444
0.550000, 0.350000, -2.744128
0.600000, 0.350000, -2.997611
0.650000, 0.350000, -3.207694
0.700000, 0.350000, -3.374441
0.750000, 0.350000, -3.507170
0.800000, 0.350000, -3.621173
0.850000, 0.350000, -3.732390
0.900000, 0.350000, -3.852076
0.950000, 0.350000, -3.983465
1.000000, 0.350000, -4.121688
1.050000, 0.350000, -4.256947
1.100000, 0.350000, -4.379697
1.150000, 0.350000, -4.485824
1.200000, 0.350000, -4.579796
1.250000, 0.350000, -4.674552
1.300000, 0.350000, -4.788131
1.350000, 0.350000, -4.938280
1.400000, 0.350000, -5.137071
1.450000, 0.350000, -5.387554
1.500000, 0.350000, -5.683677
1.550000, 0.350000, -6.013492
1.600000, 0.350000, -6.364392
1.650000, 0.350000, -6.728363
1.700000, 0.350000, -7.105242
1.750000, 0.350000, -7.502718
1.800000, 0.350000, -7.933090
1.850000, 0.350000, -8.408024
1.900000, 0.350000, -8.933323
1.950000, 0.350000, -9.505733
2.000000, 0.350000, -10.113022
0.000000, 0.400000, 0.137866
0.050000, 0.400000, -0.203222
0.100000, 0.400000, -0.540542
0.150000, 0.400000, -0.860624
0.200000, 0.400000, -1.158625
0.250000, 0.400000, -1.438459
0.300000, 0.400000, -1.709662
0.350000, 0.400000, -1.982214
0.400000, 0.400000, -2.261361
0.450000, 0.400000, -2.544435
0.500000, 0.400000, -2.820922
0.550000, 0.400000, -3.075773
0.600000, 0.400000, -3.294718
0.650000, 0.400000, -3.469551
0.700000, 0.400000, -3.601386
0.750000, 0.400000, -3.700617
0.800000, 0.400000, -3.783596
0.850000, 0.400000, -3.867279
0.900000, 0.400000, -3.963852
0.950000, 0.400000, -4.077362
1.000000, 0.400000, -4.203608
1.050000, 0.400000, -4.333286
1.100000, 0.400000, -4.457150
1.150000, 0.400000, -4.571175
1.200000, 0.400000, -4.679701
1.250000, 0.400000, -4.795325
1.300000, 0.400000, -4.935526
1.350000, 0.400000, -5.117295
1.400000, 0.400000, -5.351776
1.450000, 0.400000, -5.640935
1.500000, 0.400000, -5.977521
1.550000, 0.400000, -6.348305
1.600000, 0.400000, -6.739361
1.650000, 0.400000, -7.141360
1.700000, 0.400000, -7.552866
1.750000, 0.400000, -7.980386
1.800000, 0.400000, -8.435166
1.850000, 0.400000, -8.927982
1.900000, 0.400000, -9.463946
1.950000, 0.400000, -10.039330
2.000000, 0.400000, -10.641675
0.000000, 0.450000, -0.357320
0.050000, 0.450000, -0.704920
0.100000, 0.450000, -1.044452
0.150000, 0.450000, -1.361998
0.200000, 0.450000, -1.652421
0.250000, 0.450000, -1.919527
0.300000, 0.450000, -2.172937
0.350000, 0.450000, -2.422929
0.400000, 0.450000, -2.675249
0.450000, 0.450000, -2.927929
0.500000, 0.450000, -3.171329
0.550000, 0.450000, -3.391421
0.600000, 0.450000, -3.575070
0.650000, 0.450000, -3.715273
0.700000, 0.450000, -3.814364
0.750000, 0.450000, -3.883931
0.800000, 0.450000, -3.941436
0.850000, 0.450000, -4.004818
0.900000, 0.450000, -4.087070
0.950000, 0.450000, -4.192834
1.000000, 0.450000, -4.318259
1.050000, 0.450000, -4.454132
1.100000, 0.450000, -4.591021
1.150000, 0.450000, -4.724448
1.200000, 0.450000, -4.858040
1.250000, 0.450000, -5.003450
1.300000, 0.450000, -5.177018
1.350000, 0.450000, -5.394446
1.400000, 0.450000, -5.665482
1.450000, 0.450000, -5.990660
1.500000, 0.450000, -6.361310
1.550000, 0.450000, -6.762861
1.600000, 0.450000, -7.180174
1.650000, 0.450000, -7.602893
1.700000, 0.450000, -8.028785
1.750000, 0.450000, -8.463817
1.800000, 0.450000, -8.918984
1.850000, 0.450000, -9.405108
1.900000, 0.450000, -9.927637
1.950000, 0.450000, -10.483466
2.000000, 0.450000, -11.061005
0.000000, 0.500000, -0.868173
0.050000, 0.500000, -1.218446
0.100000, 0.500000, -1.556234
0.150000, 0.500000, -1.867163
0.200000, 0.500000, -2.145833
0.250000, 0.500000, -2.396006
0.300000, 0.500000, -2.627510
0.350000, 0.500000, -2.851080
0.400000, 0.500000, -3.073176
0.450000, 0.500000, -3.292768
0.500000, 0.500000, -3.501350
0.550000, 0.500000, -3.686174
0.600000, 0.500000, -3.835465
0.650000, 0.500000, -3.943600
0.700000, 0.500000, -4.014241
0.750000, 0.500000, -4.060175
0.800000, 0.500000, -4.099876
0.850000, 0.500000, -4.152044
0.900000, 0.500000, -4.230136
0.950000, 0.500000, -4.338937
1.000000, 0.500000, -4.474398
1.050000, 0.500000, -4.626768
1.100000, 0.500000, -4.785771
1.150000, 0.500000, -4.945809
1.200000, 0.500000, -5.109179
1.250000, 0.500000, -5.286053
1.300000, 0.500000, -5.491226
1.350000, 0.500000, -5.738864
1.400000, 0.500000, -6.037282
1.450000, 0.500000, -6.385752
1.500000, 0.500000, -6.774587
1.550000, 0.500000, -7.188498
1.600000, 0.500000, -7.611965
1.650000, 0.500000, -8.034608
1.700000, 0.500000, -8.454525
1.750000, 0.500000, -8.878351
1.800000, 0.500000, -9.318036
1.850000, 0.500000, -9.785595
1.900000, 0.500000, -10.287828
1.950000, 0.500000, -10.823057
2.000000, 0.500000, -11.381105
0.000000, 0.550000, -1.384358
0.050000, 0.550000, -1.733461
0.100000, 0.550000, -2.065628
0.150000, 0.550000, -2.366016
0.200000, 0.550000, -2.628988
0.250000, 0.550000, -2.858346
0.300000, 0.550000, -3.064266
0.350000, 0.550000, -3.258146
0.400000, 0.550000, -3.447408
0.450000, 0.550000, -3.632242
0.500000, 0.550000, -3.805556
0.550000, 0.550000, -3.956130
0.600000, 0.550000, -4.073743
0.650000, 0.550000, -4.154246
0.700000, 0.550000, -4.202603
0.750000, 0.550000, -4.232635
0.800000, 0.550000, -4.263517
0.850000, 0.550000, -4.314253
0.900000, 0.550000, -4.398187
0.950000, 0.550000, -4.519567
1.000000, 0.550000, -4.673420
1.050000, 0.550000, -4.848735
1.100000, 0.550000, -5.033725
1.150000, 0.550000, -5.221125
1.200000, 0.550000, -5.411527
1.250000, 0.550000, -5.613474
1.300000, 0.550000, -5.840320
1.350000, 0.550000, -6.105081
1.400000, 0.550000, -6.415294
1.450000, 0.550000, -6.769877
1.500000, 0.550000, -7.159243
1.550000, 0.550000, -7.568642
1.600000, 0.550000, -7.983501
1.650000, 0.550000, -8.394710
1.700000, 0.550000, -8.801873
1.750000, 0.550000, -9.213242
1.800000, 0.550000, -9.642369
1.850000, 0.550000, -10.102721
1.900000, 0.550000, -10.602279
1.950000, 0.550000, -11.140164
2.000000, 0.550000, -11.706537
0.000000, 0.600000, -1.895539
0.050000, 0.600000, -2.239724
0.100000, 0.600000, -2.562564
0.150000, 0.600000, -2.848730
0.200000, 0.600000, -3.092377
0.250000, 0.600000, -3.297450
0.300000, 0.600000, -3.474645
0.350000, 0.600000, -3.636269
0.400000, 0.600000, -3.790993
0.450000, 0.600000, -3.940532
0.500000, 0.600000, -4.079487
0.550000, 0.600000, -4.198383
0.600000, 0.600000, -4.288651
0.650000, 0.600000, -4.347575
0.700000, 0.600000, -4.381206
0.750000, 0.600000, -4.404015
0.800000, 0.600000, -4.435318
0.850000, 0.600000, -4.493735
0.900000, 0.600000, -4.591725
0.950000, 0.600000, -4.732205
1.000000, 0.600000, -4.908537
1.050000, 0.600000, -5.107845
1.100000, 0.600000, -5.316429
1.150000, 0.600000, -5.525233
1.200000, 0.600000, -5.733325
1.250000, 0.600000, -5.948138
1.300000, 0.600000, -6.182422
1.350000, 0.600000, -6.449163
1.400000, 0.600000, -6.756442
1.450000, 0.600000, -7.104256
1.500000, 0.600000, -7.484537
1.550000, 0.600000, -7.884362
1.600000, 0.600000, -8.291116
1.650000, 0.600000, -8.697595
1.700000, 0.600000, -9.105060
1.750000, 0.600000, -9.522998
1.800000, 0.600000, -9.965621
1.850000, 0.600000, -10.446377
1.900000, 0.600000, -10.972499
1.950000, 0.600000, -11.541643
2.000000, 0.600000, -12.141863
0.000000, 0.650000, -2.391636
0.050000, 0.650000, -2.727335
0.100000, 0.650000, -3.037404
0.150000, 0.650000, -3.305994
0.200000, 0.650000, -3.527091
0.250000, 0.650000, -3.704900
0.300000, 0.650000, -3.850854
0.350000, 0.650000, -3.978445
0.400000, 0.650000, -4.097920
0.450000, 0.650000, -4.212827
0.500000, 0.650000, -4.319716
0.550000, 0.650000, -4.410980
0.600000, 0.650000, -4.479669
0.650000, 0.650000, -4.524263
0.700000, 0.650000, -4.551460
0.750000, 0.650000, -4.575744
0.800000, 0.650000, -4.615799
0.850000, 0.650000, -4.689009
0.900000, 0.650000, -4.806104
0.950000, 0.650000, -4.967950
1.000000, 0.650000, -5.165732
1.050000, 0.650000, -5.384498
1.100000, 0.650000, -5.608788
1.150000, 0.650000, -5.828297
1.200000, 0.650000, -6.041498
1.250000, 0.650000, -6.255959
1.300000, 0.650000, -6.485303
1.350000, 0.650000, -6.744047
1.400000, 0.650000, -7.042311
1.450000, 0.650000, -7.382435
1.500000, 0.650000, -7.758731
1.550000, 0.650000, -8.160429
1.600000, 0.650000, -8.576570
1.650000, 0.650000, -9.000889
1.700000, 0.650000, -9.434692
1.750000, 0.650000, -9.886540
1.800000, 0.650000, -10.368758
1.850000, 0.650000, -10.892047
1.900000, 0.650000, -11.460239
1.950000, 0.650000, -12.067206
2.000000, 0.650000, -12.697175
0.000000, 0.700000, -2.863070
0.050000, 0.700000, -3.186988
0.100000, 0.700000, -3.481180
0.150000, 0.700000, -3.729242
0.200000, 0.700000, -3.925032
0.250000, 0.700000, -4.073164
0.300000, 0.700000, -4.186053
0.350000, 0.700000, -4.278699
0.400000, 0.700000, -4.363262
0.450000, 0.700000, -4.445426
0.500000, 0.700000, -4.523864
0.550000, 0.700000, -4.592843
0.600000, 0.700000, -4.646807
0.650000, 0.700000, -4.684967
0.700000, 0.700000, -4.713980
0.750000, 0.700000, -4.747498
0.800000, 0.700000, -4.802648
0.850000, 0.700000, -4.894705
0.900000, 0.700000, -5.031967
0.950000, 0.700000, -5.212838
1.000000, 0.700000, -5.426309
1.050000, 0.700000, -5.655781
1.100000, 0.700000, -5.884923
1.150000, 0.700000, -6.103463
1.200000, 0.700000, -6.310849
1.250000, 0.700000, -6.516476
1.300000, 0.700000, -6.736448
1.350000, 0.700000, -6.988125
1.400000, 0.700000, -7.284487
1.450000, 0.700000, -7.630362
1.500000, 0.700000, -8.021832
1.550000, 0.700000, -8.448879
1.600000, 0.700000, -8.900087
1.650000, 0.700000, -9.367463
1.700000, 0.700000, -9.849396
1.750000, 0.700000, -10.350559
1.800000, 0.700000, -10.878769
1.850000, 0.700000, -11.440042
1.900000, 0.700000, -12.033834
1.950000, 0.700000, -12.650435
2.000000, 0.700000, -13.271712
0.000000, 0.750000, -3.301001
0.050000, 0.750000, -3.610193
0.100000, 0.750000, -3.885818
0.150000, 0.750000, -4.110865
0.200000, 0.750000, -4.279119
0.250000, 0.750000, -4.395781
0.300000, 0.750000, -4.474529
0.350000, 0.750000, -4.532228
0.400000, 0.750000, -4.583292
0.450000, 0.750000, -4.635792
0.500000, 0.750000, -4.690597
0.550000, 0.750000, -4.743675
0.600000, 0.750000, -4.790414
0.650000, 0.750000, -4.830051
0.700000, 0.750000, -4.868297
0.750000, 0.750000, -4.916988
0.800000, 0.750000, -4.990775
0.850000, 0.750000, -5.102121
0.900000, 0.750000, -5.256565
0.950000, 0.750000, -5.450194
1.000000, 0.750000, -5.670482
1.050000, 0.750000, -5.900368
1.100000, 0.750000, -6.124226
1.150000, 0.750000, -6.333617
1.200000, 0.750000, -6.530743
1.250000, 0.750000, -6.728314
1.300000, 0.750000, -6.945861
1.350000, 0.750000, -7.203775
1.400000, 0.750000, -7.517186
1.450000, 0.750000, -7.891792
1.500000, 0.750000, -8.323012
1.550000, 0.750000, -8.798561
1.600000, 0.750000, -9.303297
1.650000, 0.750000, -9.824380
1.700000, 0.750000, -10.354739
1.750000, 0.750000, -10.893602
1.800000, 0.750000, -11.444009
1.850000, 0.750000, -12.008488
1.900000, 0.750000, -12.584788
1.950000, 0.750000, -13.163582
2.000000, 0.750000, -13.729267
0.000000, 0.800000, -3.697546
0.050000, 0.800000, -3.989491
0.100000, 0.800000, -4.244331
0.150000, 0.800000, -4.444395
0.200000, 0.800000, -4.583459
0.250000, 0.800000, -4.667517
0.300000, 0.800000, -4.711838
0.350000, 0.800000, -4.735519
0.400000, 0.800000, -4.755559
0.450000, 0.800000, -4.782586
0.500000, 0.800000, -4.819586
0.550000, 0.800000, -4.863846
0.600000, 0.800000, -4.911005
0.650000, 0.800000, -4.959394
0.700000, 0.800000, -5.012736
0.750000, 0.800000, -5.080063
0.800000, 0.800000, -5.172822
0.850000, 0.800000, -5.300364
0.900000, 0.800000, -5.465731
0.950000, 0.800000, -5.663566
1.000000, 0.800000, -5.881247
1.050000, 0.800000, -6.103061
1.100000, 0.800000, -6.316042
1.150000, 0.800000, -6.515360
1.200000, 0.800000, -6.707241
1.250000, 0.800000, -6.908189
1.300000, 0.800000, -7.140643
1.350000, 0.800000, -7.426448
1.400000, 0.800000, -7.780343
1.450000, 0.800000, -8.205654
1.500000, 0.800000, -8.693601
1.550000, 0.800000, -9.226298
1.600000, 0.800000, -9.782281
1.650000, 0.800000, -10.342472
1.700000, 0.800000, -10.894523
1.750000, 0.800000, -11.434114
1.800000, 0.800000, -11.963055
1.850000, 0.800000, -12.485245
1.900000, 0.800000, -13.002356
1.950000, 0.800000, -13.511121
2.000000, 0.800000, -14.003415
0.000000, 0.850000, -4.045972
0.050000, 0.850000, -4.318632
0.100000, 0.850000, -4.550994
0.150000, 0.850000, -4.724664
0.200000, 0.850000, -4.833491
0.250000, 0.850000, -4.884500
0.300000, 0.850000, -4.894912
0.350000, 0.850000, -4.886436
0.400000, 0.850000, -4.878943
0.450000, 0.850000, -4.885668
0.500000, 0.850000, -4.911454
0.550000, 0.850000, -4.954281
0.600000, 0.850000, -5.009123
0.650000, 0.850000, -5.072304
0.700000, 0.850000, -5.144493
0.750000, 0.850000, -5.231110
0.800000, 0.850000, -5.340064
0.850000, 0.850000, -5.477909
0.900000, 0.850000, -5.646179
0.950000, 0.850000, -5.839678
1.000000, 0.850000, -6.047686
1.050000, 0.850000, -6.257904
1.100000, 0.850000, -6.461761
1.150000, 0.850000, -6.659061
1.200000, 0.850000, -6.860046
1.250000, 0.850000, -7.083815
1.300000, 0.850000, -7.353346
1.350000, 0.850000, -7.688649
1.400000, 0.850000, -8.100305
1.450000, 0.850000, -8.585613
1.500000, 0.850000, -9.128683
1.550000, 0.850000, -9.704478
1.600000, 0.850000, -10.285429
1.650000, 0.850000, -10.848426
1.700000, 0.850000, -11.379886
1.750000, 0.850000, -11.877394
1.800000, 0.850000, -12.347665
1.850000, 0.850000, -12.801885
1.900000, 0.850000, -13.250377
1.950000, 0.850000, -13.698613
2.000000, 0.850000, -14.145965
0.000000, 0.900000, -4.340861
0.050000, 0.900000, -4.592734
0.100000, 0.900000, -4.801486
0.150000, 0.900000, -4.947933
0.200000, 0.900000, -5.026097
0.250000, 0.900000, -5.044312
0.300000, 0.900000, -5.022135
0.350000, 0.900000, -4.984270
0.400000, 0.900000, -4.953663
0.450000, 0.900000, -4.946067
0.500000, 0.900000, -4.967694
0.550000, 0.900000, -5.016363
0.600000, 0.900000, -5.085260
0.650000, 0.900000, -5.167546
0.700000, 0.900000, -5.259902
0.750000, 0.900000, -5.363701
0.800000, 0.900000, -5.483579
0.850000, 0.900000, -5.624327
0.900000, 0.900000, -5.787701
0.950000, 0.900000, -5.970812
1.000000, 0.900000, -6.167010
1.050000, 0.900000, -6.369125
1.100000, 0.900000, -6.573790
1.150000, 0.900000, -6.785008
1.200000, 0.900000, -7.015237
1.250000, 0.900000, -7.283140
1.300000, 0.900000, -7.608390
1.350000, 0.900000, -8.005125
1.400000, 0.900000, -8.476309
1.450000, 0.900000, -9.011074
1.500000, 0.900000, -9.586201
1.550000, 0.900000, -10.171489
1.600000, 0.900000, -10.737394
1.650000, 0.900000, -11.262534
1.700000, 0.900000, -11.738643
1.750000, 0.900000, -12.171452
1.800000, 0.900000, -12.577354
1.850000, 0.900000, -12.977131
1.900000, 0.900000, -13.388934
1.950000, 0.900000, -13.822878
2.000000, 0.900000, -14.278866
0.000000, 0.950000, -4.578246
0.050000, 0.950000, -4.808397
0.100000, 0.950000, -4.992992
0.150000, 0.950000, -5.111981
0.200000, 0.950000, -5.159682
0.250000, 0.950000, -5.146050
0.300000, 0.950000, -5.093391
0.350000, 0.950000, -5.029752
0.400000, 0.950000, -4.981267
0.450000, 0.950000, -4.965924
0.500000, 0.950000, -4.990589
0.550000, 0.950000, -5.051837
0.600000, 0.950000, -5.139834
0.650000, 0.950000, -5.243486
0.700000, 0.950000, -5.354867
0.750000, 0.950000, -5.471424
0.800000, 0.950000, -5.595508
0.850000, 0.950000, -5.731919
0.900000, 0.950000, -5.884905
0.950000, 0.950000, -6.056172
1.000000, 0.950000, -6.244894
1.050000, 0.950000, -6.449707
1.100000, 0.950000, -6.671695
1.150000, 0.950000, -6.916779
1.200000, 0.950000, -7.196082
1.250000, 0.950000, -7.523583
1.300000, 0.950000, -7.911528
1.350000, 0.950000, -8.365111
1.400000, 0.950000, -8.878468
1.450000, 0.950000, -9.433749
1.500000, 0.950000, -10.004069
1.550000, 0.950000, -10.559782
1.600000, 0.950000, -11.076234
1.650000, 0.950000, -11.540523
1.700000, 0.950000, -11.954966
1.750000, 0.950000, -12.335993
1.800000, 0.950000, -12.708725
1.850000, 0.950000, -13.098899
1.900000, 0.950000, -13.524734
1.950000, 0.950000, -13.991334
2.000000, 0.950000, -14.489334
0.000000, 1.000000, -4.755708
0.050000, 1.000000, -4.963795
0.100000, 1.000000, -5.124276
0.150000, 1.000000, -5.216162
0.200000, 1.000000, -5.234212
0.250000, 1.000000, -5.190351
0.300000, 1.000000, -5.110061
0.350000, 1.000000, -5.025038
0.400000, 1.000000, -4.964576
0.450000, 1.000000, -4.948414
0.500000, 1.000000, -4.983113
0.550000, 1.000000, -5.062753
0.600000, 1.000000, -5.173230
0.650000, 1.000000, -5.298332
0.700000, 1.000000, -5.425401
0.750000, 1.000000, -5.548776
0.800000, 1.000000, -5.670252
0.850000, 1.000000, -5.796991
0.900000, 1.000000, -5.938167
0.950000, 1.000000, -6.101957
1.000000, 1.000000, -6.294038
1.050000, 1.000000, -6.517925
1.100000, 1.000000, -6.776534
1.150000, 1.000000, -7.073752
1.200000, 1.000000, -7.414824
1.250000, 1.000000, -7.804921
1.300000, 1.000000, -8.246226
1.350000, 1.000000, -8.734709
1.400000, 1.000000, -9.258175
1.450000, 1.000000, -9.796886
1.500000, 1.000000, -10.327179
1.550000, 1.000000, -10.827311
1.600000, 1.000000, -11.283721
1.650000, 1.000000, -11.695522
1.700000, 1.000000, -12.075371
1.750000, 1.000000, -12.446030
1.800000, 1.000000, -12.833366
1.850000, 1.000000, -13.257886
1.900000, 1.000000, -13.727511
1.950000, 1.000000, -14.234065
2.000000, 1.000000, -14.754775
0.000000, 1.050000, -4.872431
0.050000, 1.050000, -5.058713
0.100000, 1.050000, -5.195707
0.150000, 1.050000, -5.261417
0.200000, 1.050000, -5.251213
0.250000, 1.050000, -5.179377
0.300000, 1.050000, -5.074997
0.350000, 1.050000, -4.973650
0.400000, 1.050000, -4.907607
0.450000, 1.050000, -4.897639
0.500000, 1.050000, -4.948835
0.550000, 1.050000, -5.051421
0.600000, 1.050000, -5.185891
0.650000, 1.050000, -5.330450
0.700000, 1.050000, -5.468226
0.750000, 1.050000, -5.592014
0.800000, 1.050000, -5.705419
0.850000, 1.050000, -5.820562
0.900000, 1.050000, -5.953635
0.950000, 1.050000, -6.120124
1.000000, 1.050000, -6.331278
1.050000, 1.050000, -6.592698
1.100000, 1.050000, -6.904890
1.150000, 1.050000, -7.264919
1.200000, 1.050000, -7.668009
1.250000, 1.050000, -8.108261
1.300000, 1.050000, -8.578316
1.350000, 1.050000, -9.068529
1.400000, 1.050000, -9.566611
1.450000, 1.050000, -10.058602
1.500000, 1.050000, -10.531420
1.550000, 1.050000, -10.976387
1.600000, 1.050000, -11.392456
1.650000, 1.050000, -11.787627
1.700000, 1.050000, -12.177479
1.750000, 1.050000, -12.580732
1.800000, 1.050000, -13.012911
1.850000, 1.050000, -13.480125
1.900000, 1.050000, -13.975202
1.950000, 1.050000, -14.477881
2.000000, 1.050000, -14.959479
0.000000, 1.100000, -4.929231
0.050000, 1.100000, -5.094555
0.100000, 1.100000, -5.209256
0.150000, 1.100000, -5.250253
0.200000, 1.100000, -5.213737
0.250000, 1.100000, -5.116765
0.300000, 1.100000, -4.992449
0.350000, 1.100000, -4.880389
0.400000, 1.100000, -4.815459
0.450000, 1.100000, -4.818516
0.500000, 1.100000, -4.891826
0.550000, 1.100000, -5.020399
0.600000, 1.100000, -5.178463
0.650000, 1.100000, -5.338728
0.700000, 1.100000, -5.481356
0.750000, 1.100000, -5.599859
0.800000, 1.100000, -5.702387
0.850000, 1.100000, -5.808406
0.900000, 1.100000, -5.942288
0.950000, 1.100000, -6.126099
1.000000, 1.100000, -6.373874
1.050000, 1.100000, -6.688878
1.100000, 1.100000, -7.064182
1.150000, 1.100000, -7.485786
1.200000, 1.100000, -7.936838
1.250000, 1.100000, -8.401473
1.300000, 1.100000, -8.867261
1.350000, 1.100000, -9.326055
1.400000, 1.100000, -9.773630
1.450000, 1.100000, -10.208895
1.500000, 1.100000, -10.633264
1.550000, 1.100000, -11.050397
1.600000, 1.100000, -11.466001
1.650000, 1.100000, -11.887135
1.700000, 1.100000, -12.320598
1.750000, 1.100000, -12.770450
1.800000, 1.100000, -13.235331
1.850000, 1.100000, -13.706694
1.900000, 1.100000, -14.169051
1.950000, 1.100000, -14.602813
2.000000, 1.100000, -14.989361
0.000000, 1.150000, -4.928527
0.050000, 1.150000, -5.074312
0.100000, 1.150000, -5.168439
0.150000, 1.150000, -5.186681
0.200000, 1.150000, -5.126288
0.250000, 1.150000, -5.007538
0.300000, 1.150000, -4.867966
0.350000, 1.150000, -4.751213
0.400000, 1.150000, -4.694181
0.450000, 1.150000, -4.716640
0.500000, 1.150000, -4.816562
0.550000, 1.150000, -4.972497
0.600000, 1.150000, -5.151964
0.650000, 1.150000, -5.322935
0.700000, 1.150000, -5.464593
0.750000, 1.150000, -5.573949
0.800000, 1.150000, -5.666403
0.850000, 1.150000, -5.770404
0.900000, 1.150000, -5.918203
0.950000, 1.150000, -6.135881
1.000000, 1.150000, -6.435791
1.050000, 1.150000, -6.813604
1.100000, 1.150000, -7.250483
1.150000, 1.150000, -7.719276
1.200000, 1.150000, -8.192460
1.250000, 1.150000, -8.649267
1.300000, 1.150000, -9.079963
1.350000, 1.150000, -9.486391
1.400000, 1.150000, -9.879146
1.450000, 1.150000, -10.272724
1.500000, 1.150000, -10.680367
1.550000, 1.150000, -11.110108
1.600000, 1.150000, -11.562862
1.650000, 1.150000, -12.032627
1.700000, 1.150000, -12.508256
1.750000, 1.150000, -12.976002
1.800000, 1.150000, -13.422113
1.850000, 1.150000, -13.835075
1.900000, 1.150000, -14.207350
1.950000, 1.150000, -14.536651
2.000000, 1.150000, -14.826668
0.000000, 1.200000, -4.874286
0.050000, 1.200000, -5.002486
0.100000, 1.200000, -5.078239
0.150000, 1.200000, -5.076118
0.200000, 1.200000, -4.994709
0.250000, 1.200000, -4.857986
0.300000, 1.200000, -4.708259
0.350000, 1.200000, -4.593094
0.400000, 1.200000, -4.550617
0.450000, 1.200000, -4.598141
0.500000, 1.200000, -4.727841
0.550000, 1.200000, -4.910808
0.600000, 1.200000, -5.107965
0.650000, 1.200000, -5.284045
0.700000, 1.200000, -5.419889
0.750000, 1.200000, -5.518983
0.800000, 1.200000, -5.606193
0.850000, 1.200000, -5.719298
0.900000, 1.200000, -5.896341
0.950000, 1.200000, -6.163093
1.000000, 1.200000, -6.524772
1.050000, 1.200000, -6.964603
1.100000, 1.200000, -7.449445
1.150000, 1.200000, -7.940369
1.200000, 1.200000, -8.404549
1.250000, 1.200000, -8.824547
1.300000, 1.200000, -9.202121
1.350000, 1.200000, -9.555632
1.400000, 1.200000, -9.912259
1.450000, 1.200000, -10.297834
1.500000, 1.200000, -10.727735
1.550000, 1.200000, -11.201683
1.600000, 1.200000, -11.703872
1.650000, 1.200000, -12.208030
1.700000, 1.200000, -12.685491
1.750000, 1.200000, -13.113544
1.800000, 1.200000, -13.481479
1.850000, 1.200000, -13.792691
1.900000, 1.200000, -14.062559
1.950000, 1.200000, -14.313138
2.000000, 1.200000, -14.566552
0.000000, 1.250000, -4.771927
0.050000, 1.250000, -4.884977
0.100000, 1.250000, -4.944974
0.150000, 1.250000, -4.925250
0.200000, 1.250000, -4.826040
0.250000, 1.250000, -4.675510
0.300000, 1.250000, -4.521042
0.350000, 1.250000, -4.413836
0.400000, 1.250000, -4.392226
0.450000, 1.250000, -4.469537
0.500000, 1.250000, -4.630701
0.550000, 1.250000, -4.838741
0.600000, 1.250000, -5.048763
0.650000, 1.250000, -5.224492
0.700000, 1.250000, -5.351502
0.750000, 1.250000, -5.442540
0.800000, 1.250000, -5.533127
0.850000, 1.250000, -5.669053
0.900000, 1.250000, -5.890230
0.950000, 1.250000, -6.216580
1.000000, 1.250000, -6.640854
1.050000, 1.250000, -7.130841
1.100000, 1.250000, -7.640065
1.150000, 1.250000, -8.123162
1.200000, 1.250000, -8.550533
1.250000, 1.250000, -8.917217
1.300000, 1.250000, -9.243012
1.350000, 1.250000, -9.563990
1.400000, 1.250000, -9.918522
1.450000, 1.250000, -10.332798
1.500000, 1.250000, -10.810894
1.550000, 1.250000, -11.332758
1.600000, 1.250000, -11.860685
1.650000, 1.250000, -12.351864
1.700000, 1.250000, -12.772571
1.750000, 1.250000, -13.109075
1.800000, 1.250000, -13.371602
1.850000, 1.250000, -13.590179
1.900000, 1.250000, -13.803978
1.950000, 1.250000, -14.048013
2.000000, 1.250000, -14.341795
0.000000, 1.300000, -4.628181
0.050000, 1.300000, -4.728943
0.100000, 1.300000, -4.776151
0.150000, 1.300000, -4.741872
0.200000, 1.300000, -4.628350
0.250000, 1.300000, -4.468447
0.300000, 1.300000, -4.314838
0.350000, 1.300000, -4.221891
0.400000, 1.300000, -4.226902
0.450000, 1.300000, -4.337581
0.500000, 1.300000, -4.530349
0.550000, 1.300000, -4.760062
0.600000, 1.300000, -4.977523
0.650000, 1.300000, -5.148311
0.700000, 1.300000, -5.265948
0.750000, 1.300000, -5.354563
0.800000, 1.300000, -5.460057
0.850000, 1.300000, -5.633059
0.900000, 1.300000, -5.909955
0.950000, 1.300000, -6.298999
1.000000, 1.300000, -6.776634
1.050000, 1.300000, -7.295372
1.100000, 1.300000, -7.800329
1.150000, 1.300000, -8.248333
1.200000, 1.300000, -8.622582
1.250000, 1.300000, -8.937487
1.300000, 1.300000, -9.231986
1.350000, 1.300000, -9.553830
1.400000, 1.300000, -9.940702
1.450000, 1.300000, -10.405152
1.500000, 1.300000, -10.928930
1.550000, 1.300000, -11.468789
1.600000, 1.300000, -11.971622
1.650000, 1.300000, -12.393351
1.700000, 1.300000, -12.714621
1.750000, 1.300000, -12.947530
1.800000, 1.300000, -13.130977
1.850000, 1.300000, -13.316359
1.900000, 1.300000, -13.548930
1.950000, 1.300000, -13.851686
2.000000, 1.300000, -14.217674
0.000000, 1.350000, -4.450932
0.050000, 1.350000, -4.542617
0.100000, 1.350000, -4.580271
0.150000, 1.350000, -4.534694
0.200000, 1.350000, -4.410534
0.250000, 1.350000, -4.245866
0.300000, 1.350000, -4.098779
0.350000, 1.350000, -4.026141
0.400000, 1.350000, -4.062774
0.450000, 1.350000, -4.209110
0.500000, 1.350000, -4.432089
0.550000, 1.350000, -4.678925
0.600000, 1.350000, -4.898366
0.650000, 1.350000, -5.061156
0.700000, 1.350000, -5.171728
0.750000, 1.350000, -5.266579
0.800000, 1.350000, -5.399964
0.850000, 1.350000, -5.622464
0.900000, 1.350000, -5.960793
0.950000, 1.350000, -6.406684
1.000000, 1.350000, -6.919220
1.050000, 1.350000, -7.439686
1.100000, 1.350000, -7.913224
1.150000, 1.350000, -8.308863
1.200000, 1.350000, -8.630195
1.250000, 1.350000, -8.912567
1.300000, 1.350000, -9.207932
1.350000, 1.350000, -9.563286
1.400000, 1.350000, -10.001107
1.450000, 1.350000, -10.509448
1.500000, 1.350000, -11.045539
1.550000, 1.350000, -11.551530
1.600000, 1.350000, -11.976263
1.650000, 1.350000, -12.294623
1.700000, 1.350000, -12.516952
1.750000, 1.350000, -12.684898
1.800000, 1.350000, -12.855307
1.850000, 1.350000, -13.078438
1.900000, 1.350000, -13.378968
1.950000, 1.350000, -13.747147
2.000000, 1.350000, -14.143527
0.000000, 1.400000, -4.249020
0.050000, 1.400000, -4.335112
0.100000, 1.400000, -4.366629
0.150000, 1.400000, -4.313127
0.200000, 1.400000, -4.182100
0.250000, 1.400000, -4.017346
0.300000, 1.400000, -3.882376
0.350000, 1.400000, -3.835684
0.400000, 1.400000, -3.908007
0.450000, 1.400000, -4.090899
0.500000, 1.400000, -4.341259
0.550000, 1.400000, -4.599890
0.600000, 1.400000, -4.816397
0.650000, 1.400000, -4.970173
0.700000, 1.400000, -5.078842
0.750000, 1.400000, -5.190742
0.800000, 1.400000, -5.364610
0.850000, 1.400000, -5.644873
0.900000, 1.400000, -6.042729
0.950000, 1.400000, -6.530794
1.000000, 1.400000, -7.053438
1.050000, 1.400000, -7.548520
1.100000, 1.400000, -7.971552
1.150000, 1.400000, -8.312370
1.200000, 1.400000, -8.597574
1.250000, 1.400000, -8.877851
1.300000, 1.400000, -9.205556
1.350000, 1.400000, -9.611859
1.400000, 1.400000, -10.092900
1.450000, 1.400000, -10.610573
1.500000, 1.400000, -11.107543
1.550000, 1.400000, -11.530191
1.600000, 1.400000, -11.850016
1.650000, 1.400000, -12.074725
1.700000, 1.400000, -12.244555
1.750000, 1.400000, -12.415504
1.800000, 1.400000, -12.636505
1.850000, 1.400000, -12.929993
1.900000, 1.400000, -13.283799
1.950000, 1.400000, -13.657565
2.000000, 1.400000, -14.000831
0.000000, 1.450000, -4.032024
0.050000, 1.450000, -4.116189
0.100000, 1.450000, -4.145076
0.150000, 1.450000, -4.087050
0.200000, 1.450000, -3.952936
0.250000, 1.450000, -3.792745
0.300000, 1.450000, -3.675291
0.350000, 1.450000, -3.659608
0.400000, 1.450000, -3.770607
0.450000, 1.450000, -3.989518
0.500000, 1.450000, -4.263171
0.550000, 1.450000, -4.527914
0.600000, 1.450000, -4.737652
0.650000, 1.450000, -4.883738
0.700000, 1.450000, -4.998158
0.750000, 1.450000, -5.138789
0.800000, 1.450000, -5.363363
0.850000, 1.450000, -5.703621
0.900000, 1.450000, -6.150935
0.950000, 1.450000, -6.659516
1.000000, 1.450000, -7.165589
1.050000, 1.450000, -7.613953
1.100000, 1.450000, -7.980258
1.150000, 1.450000, -8.279389
1.200000, 1.450000, -8.556591
1.250000, 1.450000, -8.865568
1.300000, 1.450000, -9.243447
1.350000, 1.450000, -9.693641
1.400000, 1.450000, -10.184015
1.450000, 1.450000, -10.660824
1.500000, 1.450000, -11.072004
1.550000, 1.450000, -11.389347
1.600000, 1.450000, -11.619862
1.650000, 1.450000, -11.801575
1.700000, 1.450000, -11.986006
1.750000, 1.450000, -12.215417
1.800000, 1.450000, -12.505033
1.850000, 1.450000, -12.837980
1.900000, 1.450000, -13.174847
1.950000, 1.450000, -13.473191
2.000000, 1.450000, -13.707980
0.000000, 1.500000, -3.810024
0.050000, 1.500000, -3.896022
0.100000, 1.500000, -3.925785
0.150000, 1.500000, -3.866570
0.200000, 1.500000, -3.733065
0.250000, 1.500000, -3.581960
0.300000, 1.500000, -3.487099
0.350000, 1.500000, -3.506766
0.400000, 1.500000, -3.658227
0.450000, 1.500000, -3.911203
0.500000, 1.500000, -4.203040
0.550000, 1.500000, -4.468314
0.600000, 1.500000, -4.668968
0.650000, 1.500000, -4.811069
0.700000, 1.500000, -4.940662
0.750000, 1.500000, -5.121043
0.800000, 1.500000, -5.402344
0.850000, 1.500000, -5.797726
0.900000, 1.500000, -6.277097
0.950000, 1.500000, -6.780871
1.000000, 1.500000, -7.246917
1.050000, 1.500000, -7.637806
1.100000, 1.500000, -7.955661
1.150000, 1.500000, -8.238067
1.200000, 1.500000, -8.537526
1.250000, 1.500000, -8.894699
1.300000, 1.500000, -9.318260
1.350000, 1.500000, -9.780767
1.400000, 1.500000, -10.232019
1.450000, 1.500000, -10.623038
1.500000, 1.500000, -10.928871
1.550000, 1.500000, -11.159306
1.600000, 1.500000, -11.352705
1.650000, 1.500000, -11.556411
1.700000, 1.500000, -11.803636
1.750000, 1.500000, -12.098216
1.800000, 1.500000, -12.414511
1.850000, 1.500000, -12.712167
1.900000, 1.500000, -12.958126
1.950000, 1.500000, -13.144780
2.000000, 1.500000, -13.295227
0.000000, 1.550000, -3.593356
0.050000, 1.550000, -3.684944
0.100000, 1.550000, -3.718994
0.150000, 1.550000, -3.661775
0.200000, 1.550000, -3.532406
0.250000, 1.550000, -3.394686
0.300000, 1.550000, -3.327056
0.350000, 1.550000, -3.385558
0.400000, 1.550000, -3.577989
0.450000, 1.550000, -3.861730
0.500000, 1.550000, -4.165927
0.550000, 1.550000, -4.426690
0.600000, 1.550000, -4.617770
0.650000, 1.550000, -4.761743
0.700000, 1.550000, -4.916686
0.750000, 1.550000, -5.145569
0.800000, 1.550000, -5.484018
0.850000, 1.550000, -5.922497
0.900000, 1.550000, -6.411361
0.950000, 1.550000, -6.885560
1.000000, 1.550000, -7.296026
1.050000, 1.550000, -7.631749
1.100000, 1.550000, -7.921771
1.150000, 1.550000, -8.216784
1.200000, 1.550000, -8.560451
1.250000, 1.550000, -8.965540
1.300000, 1.550000, -9.407096
1.350000, 1.550000, -9.835734
1.400000, 1.550000, -10.203643
1.450000, 1.550000, -10.489358
1.500000, 1.550000, -10.708282
1.550000, 1.550000, -10.903584
1.600000, 1.550000, -11.122545
1.650000, 1.550000, -11.391093
1.700000, 1.550000, -11.700194
1.750000, 1.550000, -12.011432
1.800000, 1.550000, -12.278910
1.850000, 1.550000, -12.475862
1.900000, 1.550000, -12.611666
1.950000, 1.550000, -12.729875
2.000000, 1.550000, -12.887806
0.000000, 1.600000, -3.392356
0.050000, 1.600000, -3.493195
0.100000, 1.600000, -3.534755
0.150000, 1.600000, -3.482479
0.200000, 1.600000, -3.360526
0.250000, 1.600000, -3.240181
0.300000, 1.600000, -3.203868
0.350000, 1.600000, -3.303725
0.400000, 1.600000, -3.536312
0.450000, 1.600000, -3.846311
0.500000, 1.600000, -4.156662
0.550000, 1.600000, -4.408816
0.600000, 1.600000, -4.591791
0.650000, 1.600000, -4.745152
0.700000, 1.600000, -4.935162
0.750000, 1.600000, -5.217573
0.800000, 1.600000, -5.607268
0.850000, 1.600000, -6.070716
0.900000, 1.600000, -6.544533
0.950000, 1.600000, -6.969280
1.000000, 1.600000, -7.319704
1.050000, 1.600000, -7.615085
1.100000, 1.600000, -7.904643
1.150000, 1.600000, -8.236806
1.200000, 1.600000, -8.629907
1.250000, 1.600000, -9.060734
1.300000, 1.600000, -9.477196
1.350000, 1.600000, -9.827735
1.400000, 1.600000, -10.090736
1.450000, 1.600000, -10.287141
1.500000, 1.600000, -10.468949
1.550000, 1.600000, -10.689812
1.600000, 1.600000, -10.974202
1.650000, 1.600000, -11.302689
1.700000, 1.600000, -11.622141
1.750000, 1.600000, -11.875813
1.800000, 1.600000, -12.036980
1.850000, 1.600000, -12.127333
1.900000, 1.600000, -12.209263
1.950000, 1.600000, -12.355340
2.000000, 1.600000, -12.610951
0.000000, 1.650000, -3.217104
0.050000, 1.650000, -3.330670
0.100000, 1.650000, -3.382689
0.150000, 1.650000, -3.337988
0.200000, 1.650000, -3.226412
0.250000, 1.650000, -3.127038
0.300000, 1.650000, -3.125481
0.350000, 1.650000, -3.268159
0.400000, 1.650000, -3.538774
0.450000, 1.650000, -3.869493
0.500000, 1.650000, -4.179768
0.550000, 1.650000, -4.420489
0.600000, 1.650000, -4.598733
0.650000, 1.650000, -4.769933
0.700000, 1.650000, -5.003001
0.750000, 1.650000, -5.339118
0.800000, 1.650000, -5.767922
0.850000, 1.650000, -6.234176
0.900000, 1.650000, -6.670137
0.950000, 1.650000, -7.034032
1.000000, 1.650000, -7.331967
1.050000, 1.650000, -7.610719
1.100000, 1.650000, -7.926239
1.150000, 1.650000, -8.307034
1.200000, 1.650000, -8.734528
1.250000, 1.650000, -9.152376
1.300000, 1.650000, -9.499388
1.350000, 1.650000, -9.746558
1.400000, 1.650000, -9.915908
1.450000, 1.650000, -10.069317
1.500000, 1.650000, -10.273118
1.550000, 1.650000, -10.558823
1.600000, 1.650000, -10.903152
1.650000, 1.650000, -11.239845
1.700000, 1.650000, -11.497467
1.750000, 1.650000, -11.642064
1.800000, 1.650000, -11.700125
1.850000, 1.650000, -11.747967
1.900000, 1.650000, -11.872594
1.950000, 1.650000, -12.125441
2.000000, 1.650000, -12.494914
0.000000, 1.700000, -3.077180
0.050000, 1.700000, -3.206671
0.100000, 1.700000, -3.271748
0.150000, 1.700000, -3.236871
0.200000, 1.700000, -3.138247
0.250000, 1.700000, -3.062981
0.300000, 1.700000, -3.098886
0.350000, 1.700000, -3.284735
0.400000, 1.700000, -3.589976
0.450000, 1.700000, -3.935081
0.500000, 1.700000, -4.239382
0.550000, 1.700000, -4.467348
0.600000, 1.700000, -4.645895
0.650000, 1.700000, -4.843433
0.700000, 1.700000, -5.124630
0.750000, 1.700000, -5.509174
0.800000, 1.700000, -5.959670
0.850000, 1.700000, -6.405332
0.900000, 1.700000, -6.785943
0.950000, 1.700000, -7.088171
1.000000, 1.700000, -7.351513
1.050000, 1.700000, -7.640268
1.100000, 1.700000, -7.999400
1.150000, 1.700000, -8.422360
1.200000, 1.700000, -8.851686
1.250000, 1.700000, -9.212780
1.300000, 1.700000, -9.460354
1.350000, 1.700000, -9.608583
1.400000, 1.700000, -9.725435
1.450000, 1.700000, -9.893444
1.500000, 1.700000, -10.160040
1.550000, 1.700000, -10.507621
1.600000, 1.700000, -10.862300
1.650000, 1.700000, -11.137163
1.700000, 1.700000, -11.284895
1.750000, 1.700000, -11.328459
1.800000, 1.700000, -11.351137
1.850000, 1.700000, -11.451174
1.900000, 1.700000, -11.687394
1.950000, 1.700000, -12.047583
2.000000, 1.700000, -12.458092
0.000000, 1.750000, -2.981421
0.050000, 1.750000, -3.129684
0.100000, 1.750000, -3.209994
0.150000, 1.750000, -3.186745
0.200000, 1.750000, -3.103215
0.250000, 1.750000, -3.054670
0.300000, 1.750000, -3.129945
0.350000, 1.750000, -3.358165
0.400000, 1.750000, -3.693451
0.450000, 1.750000, -4.046067
0.500000, 1.750000, -4.339162
0.550000, 1.750000, -4.554671
0.600000, 1.750000, -4.739787
0.650000, 1.750000, -4.971236
0.700000, 1.750000, -5.301747
0.750000, 1.750000, -5.723992
0.800000, 1.750000, -6.175215
0.850000, 1.750000, -6.578795
0.900000, 1.750000, -6.894705
0.950000, 1.750000, -7.145153
1.000000, 1.750000, -7.398126
1.050000, 1.750000, -7.719475
1.100000, 1.750000, -8.125206
1.150000, 1.750000, -8.566060
1.200000, 1.750000, -8.955693
1.250000, 1.750000, -9.225238
1.300000, 1.750000, -9.369218
1.350000, 1.750000, -9.452484
1.400000, 1.750000, -9.572338
1.450000, 1.750000, -9.798810
1.500000, 1.750000, -10.130575
1.550000, 1.750000, -10.494813
1.600000, 1.750000, -10.791927
1.650000, 1.750000, -10.957716
1.700000, 1.750000, -11.004414
1.750000, 1.750000, -11.015015
1.800000, 1.750000, -11.094488
1.850000, 1.750000, -11.308305
1.900000, 1.750000, -11.646345
1.950000, 1.750000, -12.033924
2.000000, 1.750000, -12.381958
0.000000, 1.800000, -2.937714
0.050000, 1.800000, -3.107165
0.100000, 1.800000, -3.204399
0.150000, 1.800000, -3.194093
0.200000, 1.800000, -3.127323
0.250000, 1.800000, -3.107547
0.300000, 1.800000, -3.223247
0.350000, 1.800000, -3.491886
0.400000, 1.800000, -3.851580
0.450000, 1.800000, -4.204584
0.500000, 1.800000, -4.482197
0.550000, 1.800000, -4.687148
0.600000, 1.800000, -4.885759
0.650000, 1.800000, -5.156803
0.700000, 1.800000, -5.533307
0.750000, 1.800000, -5.977748
0.800000, 1.800000, -6.407505
0.850000, 1.800000, -6.752416
0.900000, 1.800000, -7.003957
0.950000, 1.800000, -7.221234
1.000000, 1.800000, -7.488812
1.050000, 1.800000, -7.855004
1.100000, 1.800000, -8.293436
1.150000, 1.800000, -8.715521
1.200000, 1.800000, -9.026977
1.250000, 1.800000, -9.191115
1.300000, 1.800000, -9.256015
1.350000, 1.800000, -9.326242
1.400000, 1.800000, -9.496688
1.450000, 1.800000, -9.791775
1.500000, 1.800000, -10.150218
1.550000, 1.800000, -10.465641
1.600000, 1.800000, -10.656443
1.650000, 1.800000, -10.719125
1.700000, 1.800000, -10.730440
1.750000, 1.800000, -10.797838
1.800000, 1.800000, -10.991697
1.850000, 1.800000, -11.304235
1.900000, 1.800000, -11.661295
1.950000, 1.800000, -11.977416
2.000000, 1.800000, -12.215853
0.000000, 1.850000, -2.952789
0.050000, 1.850000, -3.145359
0.100000, 1.850000, -3.260675
0.150000, 1.850000, -3.264104
0.200000, 1.850000, -3.215258
0.250000, 1.850000, -3.225697
0.300000, 1.850000, -3.381996
0.350000, 1.850000, -3.687977
0.400000, 1.850000, -4.065553
0.450000, 1.850000, -4.411864
0.500000, 1.850000, -4.670912
0.550000, 1.850000, -4.868656
0.600000, 1.850000, -5.087671
0.650000, 1.850000, -5.401249
0.700000, 1.850000, -5.815737
0.750000, 1.850000, -6.263383
0.800000, 1.850000, -6.650852
0.850000, 1.850000, -6.927792
0.900000, 1.850000, -7.124890
0.950000, 1.850000, -7.332564
1.000000, 1.850000, -7.634488
1.050000, 1.850000, -8.043374
1.100000, 1.850000, -8.485955
1.150000, 1.850000, -8.849638
1.200000, 1.850000, -9.059346
1.250000, 1.850000, -9.130848
1.300000, 1.850000, -9.162553
1.350000, 1.850000, -9.270530
1.400000, 1.850000, -9.511333
1.450000, 1.850000, -9.845878
1.500000, 1.850000, -10.169031
1.550000, 1.850000, -10.383750
1.600000, 1.850000, -10.467953
1.650000, 1.850000, -10.488124
1.700000, 1.850000, -10.551634
1.750000, 1.850000, -10.732811
1.800000, 1.850000, -11.025392
1.850000, 1.850000, -11.354139
1.900000, 1.850000, -11.635506
1.950000, 1.850000, -11.842294
2.000000, 1.850000, -12.025053
0.000000, 1.900000, -3.032065
0.050000, 1.900000, -3.249147
0.100000, 1.900000, -3.383136
0.150000, 1.900000, -3.400544
0.200000, 1.900000, -3.370272
0.250000, 1.900000, -3.411755
0.300000, 1.900000, -3.607931
0.350000, 1.900000, -3.947106
0.400000, 1.900000, -4.335346
0.450000, 1.900000, -4.668223
0.500000, 1.900000, -4.906975
0.550000, 1.900000, -5.102044
0.600000, 1.900000, -5.347623
0.650000, 1.900000, -5.703270
0.700000, 1.900000, -6.143358
0.750000, 1.900000, -6.573513
0.800000, 1.900000, -6.901792
0.850000, 1.900000, -7.110113
0.900000, 1.900000, -7.270523
0.950000, 1.900000, -7.492229
1.000000, 1.900000, -7.837942
1.050000, 1.900000, -8.272281
1.100000, 1.900000, -8.682142
1.150000, 1.900000, -8.955744
1.200000, 1.900000, -9.063043
1.250000, 1.900000, -9.078476
1.300000, 1.900000, -9.128954
1.350000, 1.900000, -9.304890
1.400000, 1.900000, -9.598969
1.450000, 1.900000, -9.916575
1.500000, 1.900000, -10.148820
1.550000, 1.900000, -10.253383
1.600000, 1.900000, -10.283712
1.650000, 1.900000, -10.346580
1.700000, 1.900000, -10.521684
1.750000, 1.900000, -10.804680
1.800000, 1.900000, -11.116281
1.850000, 1.900000, -11.369335
1.900000, 1.900000, -11.541598
1.950000, 1.900000, -11.697661
2.000000, 1.900000, -11.942341
0.000000, 1.950000, -3.179508
0.050000, 1.950000, -3.421922
0.100000, 1.950000, -3.574587
0.150000, 1.950000, -3.605667
0.200000, 1.950000, -3.594105
0.250000, 1.950000, -3.666836
0.300000, 1.950000, -3.901282
0.350000, 1.950000, -4.268520
0.400000, 1.950000, -4.659734
0.450000, 1.950000, -4.973056
0.500000, 1.950000, -5.191207
0.550000, 1.950000, -5.388933
0.600000, 1.950000, -5.665771
0.650000, 1.950000, -6.059242
0.700000, 1.950000, -6.508963
0.750000, 1.950000, -6.901311
0.800000, 1.950000, -7.159561
0.850000, 1.950000, -7.307353
0.900000, 1.950000, -7.453471
0.950000, 1.950000, -7.707833
1.000000, 1.950000, -8.093501
1.050000, 1.950000, -8.523964
1.100000, 1.950000, -8.864908
1.150000, 1.950000, -9.034049
1.200000, 1.950000, -9.062627
1.250000, 1.950000, -9.071515
1.300000, 1.950000, -9.180713
1.350000, 1.950000, -9.422073
1.400000, 1.950000, -9.721738
1.450000, 1.950000, -9.963923
1.500000, 1.950000, -10.084478
1.550000, 1.950000, -10.120596
1.600000, 1.950000, -10.178793
1.650000, 1.950000, -10.348431
1.700000, 1.950000, -10.630877
1.750000, 1.950000, -10.941263
1.800000, 1.950000, -11.181406
1.850000, 1.950000, -11.325127
1.900000, 1.950000, -11.446664
1.950000, 1.950000, -11.667629
2.000000, 1.950000, -12.062866
0.000000, 2.000000, -3.397540
0.050000, 2.000000, -3.665511
0.100000, 2.000000, -3.836257
0.150000, 2.000000, -3.880162
0.200000, 2.000000, -3.886944
0.250000, 2.000000, -3.990514
0.300000, 2.000000, -4.260762
0.350000, 2.000000, -4.650062
0.400000, 2.000000, -5.036332
0.450000, 2.000000, -5.324848
0.500000, 2.000000, -5.523508
0.550000, 2.000000, -5.729559
0.600000, 2.000000, -6.040245
0.650000, 2.000000, -6.463464
0.700000, 2.000000, -6.904493
0.750000, 2.000000, -7.241249
0.800000, 2.000000, -7.426109
0.850000, 2.000000, -7.528959
0.900000, 2.000000, -7.683712
0.950000, 2.000000, -7.980086
1.000000, 2.000000, -8.388464
1.050000, 2.000000, -8.779815
1.100000, 2.000000, -9.025709
1.150000, 2.000000, -9.098319
1.200000, 2.000000, -9.090294
1.250000, 2.000000, -9.139551
1.300000, 2.000000, -9.320954
1.350000, 2.000000, -9.592706
1.400000, 2.000000, -9.839257
1.450000, 2.000000, -9.972965
1.500000, 2.000000, -10.009177
1.550000, 2.000000, -10.052780
1.600000, 2.000000, -10.208657
1.650000, 2.000000, -10.492158
1.700000, 2.000000, -10.815639
1.750000, 2.000000, -11.063551
1.800000, 2.000000, -11.194096
1.850000, 2.000000, -11.282140
1.900000, 2.000000, -11.465598
1.950000, 2.000000, -11.837120
2.000000, 2.000000, -12.368878
