0.000000, 0.000000, 2.772453
0.050000, 0.000000, 2.981999
0.100000, 0.000000, 3.143863
0.150000, 0.000000, 3.217215
0.200000, 0.000000, 3.181082
0.250000, 0.000000, 3.038819
0.300000, 0.000000, 2.817245
0.350000, 0.000000, 2.560640
0.400000, 0.000000, 2.320914
0.450000, 0.000000, 2.146115
0.500000, 0.000000, 2.069776
0.550000, 0.000000, 2.103437
0.600000, 0.000000, 2.233993
0.650000, 0.000000, 2.426434
0.700000, 0.000000, 2.631403
0.750000, 0.000000, 2.795919
0.800000, 0.000000, 2.874934
0.850000, 0.000000, 2.841200
0.900000, 0.000000, 2.691301
0.950000, 0.000000, 2.446517
1.000000, 0.000000, 2.148339
1.050000, 0.000000, 1.849590
1.100000, 0.000000, 1.603097
1.150000, 0.000000, 1.450350
1.200000, 0.000000, 1.412629
1.250000, 0.000000, 1.486516
1.300000, 0.000000, 1.644766
1.350000, 0.000000, 1.842330
1.400000, 0.000000, 2.026226
1.450000, 0.000000, 2.147098
1.500000, 0.000000, 2.169936
1.550000, 0.000000, 2.081633
1.600000, 0.000000, 1.893733
1.650000, 0.000000, 1.639766
1.700000, 0.000000, 1.367779
1.750000, 0.000000, 1.129686
1.800000, 0.000000, 0.969763
1.850000, 0.000000, 0.914832
1.900000, 0.000000, 0.968246
1.950000, 0.000000, 1.109033
2.000000, 0.000000, 1.296362
0.000000, 0.050000, 2.560999
0.050000, 0.050000, 2.776040
0.100000, 0.050000, 2.943014
0.150000, 0.050000, 3.020857
0.200000, 0.050000, 2.988398
0.250000, 0.050000, 2.848836
0.300000, 0.050000, 2.628893
0.350000, 0.050000, 2.372804
0.400000, 0.050000, 2.132503
0.450000, 0.050000, 1.956119
0.500000, 0.050000, 1.877318
0.550000, 0.050000, 1.907830
0.600000, 0.050000, 2.034770
0.650000, 0.050000, 2.223379
0.700000, 0.050000, 2.424560
0.750000, 0.050000, 2.585590
0.800000, 0.050000, 2.661664
0.850000, 0.050000, 2.625746
0.900000, 0.050000, 2.474590
0.950000, 0.050000, 2.229595
1.000000, 0.050000, 1.932311
1.050000, 0.050000, 1.635565
1.100000, 0.050000, 1.392120
1.150000, 0.050000, 1.243347
1.200000, 0.050000, 1.210358
1.250000, 0.050000, 1.289522
1.300000, 0.050000, 1.453352
1.350000, 0.050000, 1.656540
1.400000, 0.050000, 1.845845
1.450000, 0.050000, 1.971660
1.500000, 0.050000, 1.998753
1.550000, 0.050000, 1.913832
1.600000, 0.050000, 1.728302
1.650000, 0.050000, 1.475614
1.700000, 0.050000, 1.203796
1.750000, 0.050000, 0.964799
1.800000, 0.050000, 0.803003
1.850000, 0.050000, 0.745382
1.900000, 0.050000, 0.795488
1.950000, 0.050000, 0.932583
2.000000, 0.050000, 1.116091
0.000000, 0.100000, 2.041885
0.050000, 0.100000, 2.262036
0.100000, 0.100000, 2.433501
0.150000, 0.100000, 2.515018
0.200000, 0.100000, 2.485262
0.250000, 0.100000, 2.347333
0.300000, 0.100000, 2.127909
0.350000, 0.100000, 1.871250
0.400000, 0.100000, 1.629369
0.450000, 0.100000, 1.450532
0.500000, 0.100000, 1.368591
0.550000, 0.100000, 1.395499
0.600000, 0.100000, 1.518621
0.650000, 0.100000, 1.703458
0.700000, 0.100000, 1.901174
0.750000, 0.100000, 2.059286
0.800000, 0.100000, 2.133202
0.850000, 0.100000, 2.096057
0.900000, 0.100000, 1.944722
0.950000, 0.100000, 1.700660
1.000000, 0.100000, 1.405420
1.050000, 0.100000, 1.111767
1.100000, 0.100000, 0.872347
1.150000, 0.100000, 0.728362
1.200000, 0.100000, 0.700709
1.250000, 0.100000, 0.785519
1.300000, 0.100000, 0.955044
1.350000, 0.100000, 1.163717
1.400000, 0.100000, 1.358047
1.450000, 0.100000, 1.488205
1.500000, 0.100000, 1.518773
1.550000, 0.100000, 1.436323
1.600000, 0.100000, 1.252180
1.650000, 0.100000, 0.999774
1.700000, 0.100000, 0.727174
1.750000, 0.100000, 0.486431
1.800000, 0.100000, 0.322081
1.850000, 0.100000, 0.261294
1.900000, 0.100000, 0.307860
1.950000, 0.100000, 0.441292
2.000000, 0.100000, 0.621278
0.000000, 0.150000, 1.321233
0.050000, 0.150000, 1.545876
0.100000, 0.150000, 1.721015
0.150000, 0.150000, 1.805236
0.200000, 0.150000, 1.777113
0.250000, 0.150000, 1.639708
0.300000, 0.150000, 1.419719
0.350000, 0.150000, 1.161487
0.400000, 0.150000, 0.917164
0.450000, 0.150000, 0.735200
0.500000, 0.150000, 0.649673
0.550000, 0.150000, 0.672785
0.600000, 0.150000, 0.792162
0.650000, 0.150000, 0.973564
0.700000, 0.150000, 1.168398
0.750000, 0.150000, 1.324396
0.800000, 0.150000, 1.397133
0.850000, 0.150000, 1.359865
0.900000, 0.150000, 1.209525
0.950000, 0.150000, 0.967576
1.000000, 0.150000, 0.675507
1.050000, 0.150000, 0.385965
1.100000, 0.150000, 0.151427
1.150000, 0.150000, 0.012881
1.200000, 0.150000, -0.009014
1.250000, 0.150000, 0.081614
1.300000, 0.150000, 0.256756
1.350000, 0.150000, 0.470596
1.400000, 0.150000, 0.669422
1.450000, 0.150000, 0.803219
1.500000, 0.150000, 0.836433
1.550000, 0.150000, 0.755556
1.600000, 0.150000, 0.571892
1.650000, 0.150000, 0.318913
1.700000, 0.150000, 0.044789
1.750000, 0.150000, -0.198274
1.800000, 0.150000, -0.365542
1.850000, 0.150000, -0.429610
1.900000, 0.150000, -0.386435
1.950000, 0.150000, -0.256239
2.000000, 0.150000, -0.079082
0.000000, 0.200000, 0.549941
0.050000, 0.200000, 0.778256
0.100000, 0.200000, 0.956099
0.150000, 0.200000, 1.041953
0.200000, 0.200000, 1.014355
0.250000, 0.200000, 0.876388
0.300000, 0.200000, 0.654832
0.350000, 0.200000, 0.394168
0.400000, 0.200000, 0.146731
0.450000, 0.200000, -0.038801
0.500000, 0.200000, -0.128102
0.550000, 0.200000, -0.108707
0.600000, 0.200000, 0.007271
0.650000, 0.200000, 0.185835
0.700000, 0.200000, 0.378603
0.750000, 0.200000, 0.533480
0.800000, 0.200000, 0.606160
0.850000, 0.200000, 0.569963
0.900000, 0.200000, 0.421822
0.950000, 0.200000, 0.183140
1.000000, 0.200000, -0.104711
1.050000, 0.200000, -0.389254
1.100000, 0.200000, -0.618224
1.150000, 0.200000, -0.750870
1.200000, 0.200000, -0.766794
1.250000, 0.200000, -0.670384
1.300000, 0.200000, -0.489895
1.350000, 0.200000, -0.271367
1.400000, 0.200000, -0.068697
1.450000, 0.200000, 0.067965
1.500000, 0.200000, 0.102986
1.550000, 0.200000, 0.022835
1.600000, 0.200000, -0.161139
1.650000, 0.200000, -0.415365
1.700000, 0.200000, -0.691520
1.750000, 0.200000, -0.937195
1.800000, 0.200000, -1.107426
1.850000, 0.200000, -1.174550
1.900000, 0.200000, -1.134263
1.950000, 0.200000, -1.006533
2.000000, 0.200000, -0.831184
0.000000, 0.250000, -0.109319
0.050000, 0.250000, 0.121698
0.100000, 0.250000, 0.301173
0.150000, 0.250000, 0.387551
0.200000, 0.250000, 0.359391
0.250000, 0.250000, 0.219859
0.300000, 0.250000, -0.004124
0.350000, 0.250000, -0.267893
0.400000, 0.250000, -0.518884
0.450000, 0.250000, -0.708171
0.500000, 0.250000, -0.801162
0.550000, 0.250000, -0.785133
0.600000, 0.250000, -0.671953
0.650000, 0.250000, -0.495405
0.700000, 0.250000, -0.303699
0.750000, 0.250000, -0.148810
0.800000, 0.250000, -0.074979
0.850000, 0.250000, -0.108886
0.900000, 0.250000, -0.253657
0.950000, 0.250000, -0.488008
1.000000, 0.250000, -0.770733
1.050000, 0.250000, -1.049566
1.100000, 0.250000, -1.272483
1.150000, 0.250000, -1.398991
1.200000, 0.250000, -1.408951
1.250000, 0.250000, -1.306999
1.300000, 0.250000, -1.121614
1.350000, 0.250000, -0.899017
1.400000, 0.250000, -0.693243
1.450000, 0.250000, -0.554522
1.500000, 0.250000, -0.518509
1.550000, 0.250000, -0.598690
1.600000, 0.250000, -0.783618
1.650000, 0.250000, -1.039567
1.700000, 0.250000, -1.318014
1.750000, 0.250000, -1.566319
1.800000, 0.250000, -1.739261
1.850000, 0.250000, -1.808917
1.900000, 0.250000, -1.770729
1.950000, 0.250000, -1.644430
2.000000, 0.250000, -1.469648
0.000000, 0.300000, -0.517687
0.050000, 0.300000, -0.285039
0.100000, 0.300000, -0.105045
0.150000, 0.300000, -0.019232
0.200000, 0.300000, -0.048958
0.250000, 0.300000, -0.190918
0.300000, 0.300000, -0.418002
0.350000, 0.300000, -0.685318
0.400000, 0.300000, -0.940050
0.450000, 0.300000, -1.133008
0.500000, 0.300000, -1.229338
0.550000, 0.300000, -1.216073
0.600000, 0.300000, -1.104865
0.650000, 0.300000, -0.929325
0.700000, 0.300000, -0.737542
0.750000, 0.300000, -0.581426
0.800000, 0.300000, -0.505218
0.850000, 0.300000, -0.535656
0.900000, 0.300000, -0.675982
0.950000, 0.300000, -0.905080
1.000000, 0.300000, -1.181956
1.050000, 0.300000, -1.454583
1.100000, 0.300000, -1.671194
1.150000, 0.300000, -1.791557
1.200000, 0.300000, -1.795780
1.250000, 0.300000, -1.688722
1.300000, 0.300000, -1.499046
1.350000, 0.300000, -1.273110
1.400000, 0.300000, -1.065030
1.450000, 0.300000, -0.925057
1.500000, 0.300000, -0.888803
1.550000, 0.300000, -0.969655
1.600000, 0.300000, -1.156015
1.650000, 0.300000, -1.413956
1.700000, 0.300000, -1.694724
1.750000, 0.300000, -1.945425
1.800000, 0.300000, -2.120579
1.850000, 0.300000, -2.192009
1.900000, 0.300000, -2.154924
1.950000, 0.300000, -2.028863
2.000000, 0.300000, -1.853301
0.000000, 0.350000, -0.590545
0.050000, 0.350000, -0.357381
0.100000, 0.350000, -0.177956
0.150000, 0.350000, -0.093716
0.200000, 0.350000, -0.125876
0.250000, 0.350000, -0.270940
0.300000, 0.350000, -0.501571
0.350000, 0.350000, -0.772623
0.400000, 0.350000, -1.031016
0.450000, 0.350000, -1.227297
0.500000, 0.350000, -1.326365
0.550000, 0.350000, -1.315037
0.600000, 0.350000, -1.204794
0.650000, 0.350000, -1.029122
0.700000, 0.350000, -0.836046
0.750000, 0.350000, -0.677475
0.800000, 0.350000, -0.597706
0.850000, 0.350000, -0.623595
0.900000, 0.350000, -0.758552
0.950000, 0.350000, -0.981670
1.000000, 0.350000, -1.252196
1.050000, 0.350000, -1.518360
1.100000, 0.350000, -1.728655
1.150000, 0.350000, -1.843098
1.200000, 0.350000, -1.842020
1.250000, 0.350000, -1.730465
1.300000, 0.350000, -1.537232
1.350000, 0.350000, -1.308764
1.400000, 0.350000, -1.099195
1.450000, 0.350000, -0.958738
1.500000, 0.350000, -0.922906
1.550000, 0.350000, -1.004936
1.600000, 0.350000, -1.193031
1.650000, 0.350000, -1.453036
1.700000, 0.350000, -1.735943
1.750000, 0.350000, -1.988601
1.800000, 0.350000, -2.165278
1.850000, 0.350000, -2.237568
1.900000, 0.350000, -2.200486
1.950000, 0.350000, -2.073421
2.000000, 0.350000, -1.895752
0.000000, 0.400000, -0.316140
0.050000, 0.400000, -0.083551
0.100000, 0.400000, 0.094293
0.150000, 0.400000, 0.176091
0.200000, 0.400000, 0.140818
0.250000, 0.400000, -0.007800
0.300000, 0.400000, -0.242173
0.350000, 0.400000, -0.516886
0.400000, 0.400000, -0.778596
0.450000, 0.400000, -0.977601
0.500000, 0.400000, -1.078585
0.550000, 0.400000, -1.068191
0.600000, 0.400000, -0.957774
0.650000, 0.400000, -0.780757
0.700000, 0.400000, -0.585161
0.750000, 0.400000, -0.422953
0.800000, 0.400000, -0.338545
0.850000, 0.400000, -0.358963
0.900000, 0.400000, -0.487824
0.950000, 0.400000, -0.704464
1.000000, 0.400000, -0.968386
1.050000, 0.400000, -1.228082
1.100000, 0.400000, -1.432294
1.150000, 0.400000, -1.541262
1.200000, 0.400000, -1.535504
1.250000, 0.400000, -1.420203
1.300000, 0.400000, -1.224241
1.350000, 0.400000, -0.994083
1.400000, 0.400000, -0.783827
1.450000, 0.400000, -0.643588
1.500000, 0.400000, -0.608732
1.550000, 0.400000, -0.692298
1.600000, 0.400000, -0.882263
1.650000, 0.400000, -1.144222
1.700000, 0.400000, -1.428912
1.750000, 0.400000, -1.682934
1.800000, 0.400000, -1.860327
1.850000, 0.400000, -1.932496
1.900000, 0.400000, -1.894307
1.950000, 0.400000, -1.765057
2.000000, 0.400000, -1.584092
0.000000, 0.450000, 0.241676
0.050000, 0.450000, 0.472679
0.100000, 0.450000, 0.648070
0.150000, 0.450000, 0.726742
0.200000, 0.450000, 0.687901
0.250000, 0.450000, 0.535528
0.300000, 0.450000, 0.297484
0.350000, 0.450000, 0.019449
0.400000, 0.450000, -0.244986
0.450000, 0.450000, -0.445900
0.500000, 0.450000, -0.547802
0.550000, 0.450000, -0.537208
0.600000, 0.450000, -0.425410
0.650000, 0.450000, -0.245826
0.700000, 0.450000, -0.046533
0.750000, 0.450000, 0.120386
0.800000, 0.450000, 0.210350
0.850000, 0.450000, 0.196125
0.900000, 0.450000, 0.073851
0.950000, 0.450000, -0.136065
1.000000, 0.450000, -0.393389
1.050000, 0.450000, -0.646862
1.100000, 0.450000, -0.845452
1.150000, 0.450000, -0.949586
1.200000, 0.450000, -0.939924
1.250000, 0.450000, -0.821732
1.300000, 0.450000, -0.623919
1.350000, 0.450000, -0.392914
1.400000, 0.450000, -0.182722
1.450000, 0.450000, -0.043310
1.500000, 0.450000, -0.009853
1.550000, 0.450000, -0.095165
1.600000, 0.450000, -0.286976
1.650000, 0.450000, -0.550628
1.700000, 0.450000, -0.836615
1.750000, 0.450000, -1.091311
1.800000, 0.450000, -1.268570
1.850000, 0.450000, -1.339650
1.900000, 0.450000, -1.299329
1.950000, 0.450000, -1.166872
2.000000, 0.450000, -0.981657
0.000000, 0.500000, 0.957187
0.050000, 0.500000, 1.185730
0.100000, 0.500000, 1.357981
0.150000, 0.500000, 1.433066
0.200000, 0.500000, 1.390451
0.250000, 0.500000, 1.234388
0.300000, 0.500000, 0.993005
0.350000, 0.500000, 0.712231
0.400000, 0.500000, 0.445880
0.450000, 0.500000, 0.244049
0.500000, 0.500000, 0.142355
0.550000, 0.500000, 0.154348
0.600000, 0.500000, 0.268743
0.650000, 0.500000, 0.452066
0.700000, 0.500000, 0.656122
0.750000, 0.500000, 0.828662
0.800000, 0.500000, 0.924894
0.850000, 0.500000, 0.917344
0.900000, 0.500000, 0.801891
0.950000, 0.500000, 0.598679
1.000000, 0.500000, 0.347693
1.050000, 0.500000, 0.099963
1.100000, 0.500000, -0.093668
1.150000, 0.500000, -0.193771
1.200000, 0.500000, -0.181092
1.250000, 0.500000, -0.060926
1.300000, 0.500000, 0.137850
1.350000, 0.500000, 0.368898
1.400000, 0.500000, 0.578358
1.450000, 0.500000, 0.716450
1.500000, 0.500000, 0.748222
1.550000, 0.500000, 0.661101
1.600000, 0.500000, 0.467607
1.650000, 0.500000, 0.202640
1.700000, 0.500000, -0.084072
1.750000, 0.500000, -0.338720
1.800000, 0.500000, -0.515014
1.850000, 0.500000, -0.584128
1.900000, 0.500000, -0.540809
1.950000, 0.500000, -0.404358
2.000000, 0.500000, -0.214245
0.000000, 0.550000, 1.670052
0.050000, 0.550000, 1.895445
0.100000, 0.550000, 2.064092
0.150000, 0.550000, 2.135381
0.200000, 0.550000, 2.089049
0.250000, 0.550000, 1.929620
0.300000, 0.550000, 1.685474
0.350000, 0.550000, 1.402762
0.400000, 0.550000, 1.135478
0.450000, 0.550000, 0.933846
0.500000, 0.550000, 0.833551
0.550000, 0.550000, 0.848152
0.600000, 0.550000, 0.966306
0.650000, 0.550000, 1.154423
0.700000, 0.550000, 1.364144
0.750000, 0.550000, 1.543006
0.800000, 0.550000, 1.645978
0.850000, 0.550000, 1.645324
0.900000, 0.550000, 1.536659
0.950000, 0.550000, 1.339876
1.000000, 0.550000, 1.094728
1.050000, 0.550000, 0.852054
1.100000, 0.550000, 0.662551
1.150000, 0.550000, 0.565559
1.200000, 0.550000, 0.580300
1.250000, 0.550000, 0.701507
1.300000, 0.550000, 0.900392
1.350000, 0.550000, 1.130756
1.400000, 0.550000, 1.338924
1.450000, 0.550000, 1.475334
1.500000, 0.550000, 1.505274
1.550000, 0.550000, 1.416416
1.600000, 0.550000, 1.221519
1.650000, 0.550000, 0.955700
1.700000, 0.550000, 0.668870
1.750000, 0.550000, 0.414977
1.800000, 0.550000, 0.240395
1.850000, 0.550000, 0.173979
1.900000, 0.550000, 0.220944
1.950000, 0.550000, 0.361898
2.000000, 0.550000, 0.557222
0.000000, 0.600000, 2.220114
0.050000, 0.600000, 2.441891
0.100000, 0.600000, 2.606720
0.150000, 0.600000, 2.674264
0.200000, 0.600000, 2.624533
0.250000, 0.600000, 2.462306
0.300000, 0.600000, 2.216188
0.350000, 0.600000, 1.932512
0.400000, 0.600000, 1.665401
0.450000, 0.600000, 1.465150
0.500000, 0.600000, 1.367453
0.550000, 0.600000, 1.385812
0.600000, 0.600000, 1.508771
0.650000, 0.600000, 1.702575
0.700000, 0.600000, 1.918651
0.750000, 0.600000, 2.104296
0.800000, 0.600000, 2.214217
0.850000, 0.600000, 2.220412
0.900000, 0.600000, 2.118243
0.950000, 0.600000, 1.927369
1.000000, 0.600000, 1.687350
1.050000, 0.600000, 1.448876
1.100000, 0.600000, 1.262551
1.150000, 0.600000, 1.167679
1.200000, 0.600000, 1.183508
1.250000, 0.600000, 1.304855
1.300000, 0.600000, 1.503068
1.350000, 0.600000, 1.732128
1.400000, 0.600000, 1.938575
1.450000, 0.600000, 2.073083
1.500000, 0.600000, 2.101181
1.550000, 0.600000, 2.010778
1.600000, 0.600000, 1.814848
1.650000, 0.600000, 1.548687
1.700000, 0.600000, 1.262344
1.750000, 0.600000, 1.009850
1.800000, 0.600000, 0.837606
1.850000, 0.600000, 0.774432
1.900000, 0.600000, 0.825450
1.950000, 0.600000, 0.971122
2.000000, 0.600000, 1.171635
0.000000, 0.650000, 2.482202
0.050000, 0.650000, 2.700146
0.100000, 0.650000, 2.861204
0.150000, 0.650000, 2.925314
0.200000, 0.650000, 2.872744
0.250000, 0.650000, 2.708500
0.300000, 0.650000, 2.461374
0.350000, 0.650000, 2.177831
0.400000, 0.650000, 1.912065
0.450000, 0.650000, 1.714381
0.500000, 0.650000, 1.620422
0.550000, 0.650000, 1.643576
0.600000, 0.650000, 1.772221
0.650000, 0.650000, 1.972391
0.700000, 0.650000, 2.195272
0.750000, 0.650000, 2.387897
0.800000, 0.650000, 2.504708
0.850000, 0.650000, 2.517444
0.900000, 0.650000, 2.421235
0.950000, 0.650000, 2.235542
1.000000, 0.650000, 1.999773
1.050000, 0.650000, 1.764522
1.100000, 0.650000, 1.580354
1.150000, 0.650000, 1.486593
1.200000, 0.650000, 1.502568
1.250000, 0.650000, 1.623227
1.300000, 0.650000, 1.820096
1.350000, 0.650000, 2.047366
1.400000, 0.650000, 2.251809
1.450000, 0.650000, 2.384338
1.500000, 0.650000, 2.410716
1.550000, 0.650000, 2.319062
1.600000, 0.650000, 2.122531
1.650000, 0.650000, 1.856555
1.700000, 0.650000, 1.571266
1.750000, 0.650000, 1.320722
1.800000, 0.650000, 1.151292
1.850000, 0.650000, 1.091703
1.900000, 0.650000, 1.146938
1.950000, 0.650000, 1.297266
2.000000, 0.650000, 1.502651
0.000000, 0.700000, 2.393339
0.050000, 0.700000, 2.607496
0.100000, 0.700000, 2.765088
0.150000, 0.700000, 2.826316
0.200000, 0.700000, 2.771680
0.250000, 0.700000, 2.606375
0.300000, 0.700000, 2.359326
0.350000, 0.700000, 2.077075
0.400000, 0.700000, 1.813829
0.450000, 0.700000, 1.619843
0.500000, 0.700000, 1.530647
0.550000, 0.700000, 1.559465
0.600000, 0.700000, 1.694466
0.650000, 0.700000, 1.901440
0.700000, 0.700000, 2.131311
0.750000, 0.700000, 2.330846
0.800000, 0.700000, 2.454224
0.850000, 0.700000, 2.472953
0.900000, 0.700000, 2.381959
0.950000, 0.700000, 2.200550
1.000000, 0.700000, 1.968033
1.050000, 0.700000, 1.734958
1.100000, 0.700000, 1.551908
1.150000, 0.700000, 1.458282
1.200000, 0.700000, 1.473538
1.250000, 0.700000, 1.592796
1.300000, 0.700000, 1.787788
1.350000, 0.700000, 2.012935
1.400000, 0.700000, 2.215245
1.450000, 0.700000, 2.345860
1.500000, 0.700000, 2.370754
1.550000, 0.700000, 2.278227
1.600000, 0.700000, 2.081567
1.650000, 0.700000, 1.816292
1.700000, 0.700000, 1.532563
1.750000, 0.700000, 1.284409
1.800000, 0.700000, 1.118110
1.850000, 0.700000, 1.062258
1.900000, 0.700000, 1.121651
1.950000, 0.700000, 1.276344
2.000000, 0.700000, 1.486060
0.000000, 0.750000, 1.966437
0.050000, 0.750000, 2.177108
0.100000, 0.750000, 2.331782
0.150000, 0.750000, 2.390895
0.200000, 0.750000, 2.335138
0.250000, 0.750000, 2.169846
0.300000, 0.750000, 1.924023
0.350000, 0.750000, 1.644227
0.400000, 0.750000, 1.384619
0.450000, 0.750000, 1.195343
0.500000, 0.750000, 1.111768
0.550000, 0.750000, 1.146909
0.600000, 0.750000, 1.288693
0.650000, 0.750000, 1.502647
0.700000, 0.750000, 1.739427
0.750000, 0.750000, 1.945539
0.800000, 0.750000, 2.074926
0.850000, 0.750000, 2.098889
0.900000, 0.750000, 2.012199
0.950000, 0.750000, 1.834058
1.000000, 0.750000, 1.603727
1.050000, 0.750000, 1.371768
1.100000, 0.750000, 1.188835
1.150000, 0.750000, 1.094451
1.200000, 0.750000, 1.108242
1.250000, 0.750000, 1.225532
1.300000, 0.750000, 1.418276
1.350000, 0.750000, 1.641131
1.400000, 0.750000, 1.841331
1.450000, 0.750000, 1.970231
1.500000, 0.750000, 1.993981
1.550000, 0.750000, 1.901019
1.600000, 0.750000, 1.704719
1.650000, 0.750000, 1.440632
1.700000, 0.750000, 1.158893
1.750000, 0.750000, 0.913452
1.800000, 0.750000, 0.750456
1.850000, 0.750000, 0.698325
1.900000, 0.750000, 0.761646
1.950000, 0.750000, 0.920246
2.000000, 0.750000, 1.133614
0.000000, 0.800000, 1.287486
0.050000, 0.800000, 1.495216
0.100000, 0.800000, 1.647733
0.150000, 0.800000, 1.705667
0.200000, 0.800000, 1.649854
0.250000, 0.800000, 1.485712
0.300000, 0.800000, 1.242266
0.350000, 0.800000, 0.966031
0.400000, 0.800000, 0.711061
0.450000, 0.800000, 0.527342
0.500000, 0.800000, 0.450035
0.550000, 0.800000, 0.491916
0.600000, 0.800000, 0.640648
0.650000, 0.800000, 0.861492
0.700000, 0.800000, 1.104841
0.750000, 0.800000, 1.316960
0.800000, 0.800000, 1.451588
0.850000, 0.800000, 1.479864
0.900000, 0.800000, 1.396451
0.950000, 0.800000, 1.220500
1.000000, 0.800000, 0.991278
1.050000, 0.800000, 0.759416
1.100000, 0.800000, 0.575687
1.150000, 0.800000, 0.479777
1.200000, 0.800000, 0.491512
1.250000, 0.800000, 0.606436
1.300000, 0.800000, 0.796737
1.350000, 0.800000, 1.017298
1.400000, 0.800000, 1.215563
1.450000, 0.800000, 1.343065
1.500000, 0.800000, 1.366094
1.550000, 0.800000, 1.273177
1.600000, 0.800000, 1.077725
1.650000, 0.800000, 0.815270
1.700000, 0.800000, 0.535873
1.750000, 0.800000, 0.293361
1.800000, 0.800000, 0.133718
1.850000, 0.800000, 0.085162
1.900000, 0.800000, 0.152066
1.950000, 0.800000, 0.314031
2.000000, 0.800000, 0.530328
0.000000, 0.850000, 0.496862
0.050000, 0.850000, 0.702408
0.100000, 0.850000, 0.853697
0.150000, 0.850000, 0.911508
0.200000, 0.850000, 0.856766
0.250000, 0.850000, 0.694914
0.300000, 0.850000, 0.454938
0.350000, 0.850000, 0.183251
0.400000, 0.850000, -0.066247
0.450000, 0.850000, -0.243774
0.500000, 0.850000, -0.314406
0.550000, 0.850000, -0.265630
0.600000, 0.850000, -0.110047
0.650000, 0.850000, 0.117338
0.700000, 0.850000, 0.366679
0.750000, 0.850000, 0.584033
0.800000, 0.850000, 0.722974
0.850000, 0.850000, 0.754530
0.900000, 0.850000, 0.673307
0.950000, 0.850000, 0.498460
1.000000, 0.850000, 0.269320
1.050000, 0.850000, 0.036630
1.100000, 0.850000, -0.148678
1.150000, 0.850000, -0.246720
1.200000, 0.850000, -0.237455
1.250000, 0.850000, -0.125108
1.300000, 0.850000, 0.062735
1.350000, 0.850000, 0.281164
1.400000, 0.850000, 0.477803
1.450000, 0.850000, 0.604328
1.500000, 0.850000, 0.627122
1.550000, 0.850000, 0.534754
1.600000, 0.850000, 0.340623
1.650000, 0.850000, 0.080196
1.700000, 0.850000, -0.196580
1.750000, 0.850000, -0.436033
1.800000, 0.850000, -0.592367
1.850000, 0.850000, -0.637567
1.900000, 0.850000, -0.567475
1.950000, 0.850000, -0.402695
2.000000, 0.850000, -0.184139
0.000000, 0.900000, -0.241187
0.050000, 0.900000, -0.036899
0.100000, 0.900000, 0.114212
0.150000, 0.900000, 0.173018
0.200000, 0.900000, 0.120475
0.250000, 0.900000, -0.038008
0.300000, 0.900000, -0.273538
0.350000, 0.900000, -0.539855
0.400000, 0.900000, -0.783258
0.450000, 0.900000, -0.954198
0.500000, 0.900000, -1.018009
0.550000, 0.900000, -0.962444
0.600000, 0.900000, -0.800366
0.650000, 0.900000, -0.567021
0.700000, 0.900000, -0.312465
0.750000, 0.900000, -0.090807
0.800000, 0.900000, 0.051411
0.850000, 0.900000, 0.085157
0.900000, 0.900000, 0.005037
0.950000, 0.900000, -0.169737
1.000000, 0.900000, -0.399727
1.050000, 0.900000, -0.634032
1.100000, 0.900000, -0.821531
1.150000, 0.900000, -0.922126
1.200000, 0.900000, -0.915548
1.250000, 0.900000, -0.805798
1.300000, 0.900000, -0.620256
1.350000, 0.900000, -0.403647
1.400000, 0.900000, -0.208204
1.450000, 0.900000, -0.082154
1.500000, 0.900000, -0.059065
1.550000, 0.900000, -0.150372
1.600000, 0.900000, -0.342732
1.650000, 0.900000, -0.600784
1.700000, 0.900000, -0.874723
1.750000, 0.900000, -1.111052
1.800000, 0.900000, -1.264169
1.850000, 0.900000, -1.306260
1.900000, 0.900000, -1.233361
1.950000, 0.900000, -1.066250
2.000000, 0.900000, -0.845982
0.000000, 0.950000, -0.774221
0.050000, 0.950000, -0.570143
0.100000, 0.950000, -0.418100
0.150000, 0.950000, -0.357181
0.200000, 0.950000, -0.406457
0.250000, 0.950000, -0.560608
0.300000, 0.950000, -0.790886
0.350000, 0.950000, -1.051223
0.400000, 0.950000, -1.288147
0.450000, 0.950000, -1.452364
0.500000, 0.950000, -1.509470
0.550000, 0.950000, -1.447477
0.600000, 0.950000, -1.279490
0.650000, 0.950000, -1.040963
0.700000, 0.950000, -0.782124
0.750000, 0.950000, -0.557197
0.800000, 0.950000, -0.412791
0.850000, 0.950000, -0.377939
0.900000, 0.950000, -0.457987
0.950000, 0.950000, -0.633618
1.000000, 0.950000, -0.865242
1.050000, 0.950000, -1.101776
1.100000, 0.950000, -1.291885
1.150000, 0.950000, -1.395248
1.200000, 0.950000, -1.391375
1.250000, 0.950000, -1.284059
1.300000, 0.950000, -1.100495
1.350000, 0.950000, -0.885263
1.400000, 0.950000, -0.690492
1.450000, 0.950000, -0.564355
1.500000, 0.950000, -0.540415
1.550000, 0.950000, -0.630157
1.600000, 0.950000, -0.820328
1.650000, 0.950000, -1.075701
1.700000, 0.950000, -1.346632
1.750000, 0.950000, -1.579809
1.800000, 0.950000, -1.729816
1.850000, 0.950000, -1.769024
1.900000, 0.950000, -1.693632
1.950000, 0.950000, -1.524554
2.000000, 0.950000, -1.302941
0.000000, 1.000000, -0.994685
0.050000, 1.000000, -0.789713
0.100000, 1.000000, -0.635626
0.150000, 1.000000, -0.571535
0.200000, 1.000000, -0.616594
0.250000, 1.000000, -0.765619
0.300000, 1.000000, -0.990048
0.350000, 1.000000, -1.244035
0.400000, 1.000000, -1.474355
0.450000, 1.000000, -1.631973
0.500000, 1.000000, -1.682742
0.550000, 1.000000, -1.614911
0.600000, 1.000000, -1.441795
0.650000, 1.000000, -1.199018
0.700000, 1.000000, -0.936927
0.750000, 1.000000, -0.709815
0.800000, 1.000000, -0.564298
0.850000, 1.000000, -0.529365
0.900000, 1.000000, -0.610262
0.950000, 1.000000, -0.787528
1.000000, 1.000000, -1.021393
1.050000, 1.000000, -1.260566
1.100000, 1.000000, -1.453494
1.150000, 1.000000, -1.559635
1.200000, 1.000000, -1.558292
1.250000, 1.000000, -1.453075
1.300000, 1.000000, -1.271028
1.350000, 1.000000, -1.056623
1.400000, 1.000000, -0.861929
1.450000, 1.000000, -0.735107
1.500000, 1.000000, -0.709757
1.550000, 1.000000, -0.797446
1.600000, 1.000000, -0.985043
1.650000, 1.000000, -1.237469
1.700000, 1.000000, -1.505254
1.750000, 1.000000, -1.735261
1.800000, 1.000000, -1.882247
1.850000, 1.000000, -1.918741
1.900000, 1.000000, -1.841069
1.950000, 1.000000, -1.670239
2.000000, 1.000000, -1.447450
0.000000, 1.050000, -0.863190
0.050000, 1.050000, -0.656216
0.100000, 1.050000, -0.499035
0.150000, 1.050000, -0.430834
0.200000, 1.050000, -0.470894
0.250000, 1.050000, -0.614209
0.300000, 1.050000, -0.832431
0.350000, 1.050000, -1.079955
0.400000, 1.050000, -1.303808
0.450000, 1.050000, -1.455203
0.500000, 1.050000, -1.500229
0.550000, 1.050000, -1.427342
0.600000, 1.050000, -1.250025
0.650000, 1.050000, -1.004026
0.700000, 1.050000, -0.739759
0.750000, 1.050000, -0.511531
0.800000, 1.050000, -0.365916
0.850000, 1.050000, -0.331812
0.900000, 1.050000, -0.414325
0.950000, 1.050000, -0.593818
1.000000, 1.050000, -0.830323
1.050000, 1.050000, -1.072331
1.100000, 1.050000, -1.268074
1.150000, 1.050000, -1.376805
1.200000, 1.050000, -1.377641
1.250000, 1.050000, -1.274039
1.300000, 1.050000, -1.092934
1.350000, 1.050000, -0.878729
1.400000, 1.050000, -0.683474
1.450000, 1.050000, -0.555356
1.500000, 1.050000, -0.528049
1.550000, 1.050000, -0.613226
1.600000, 1.050000, -0.797898
1.650000, 1.050000, -1.047143
1.700000, 1.050000, -1.311657
1.750000, 1.050000, -1.538468
1.800000, 1.050000, -1.682484
1.850000, 1.050000, -1.716355
1.900000, 1.050000, -1.636502
1.950000, 1.050000, -1.463981
2.000000, 1.050000, -1.240000
0.000000, 1.100000, -0.416914
0.050000, 1.100000, -0.206892
0.100000, 1.100000, -0.045686
0.150000, 1.100000, 0.027396
0.200000, 1.100000, -0.007094
0.250000, 1.100000, -0.144356
0.300000, 1.100000, -0.356274
0.350000, 1.100000, -0.597482
0.400000, 1.100000, -0.815251
0.450000, 1.100000, -0.961024
0.500000, 1.100000, -1.001091
0.550000, 1.100000, -0.924075
0.600000, 1.100000, -0.743581
0.650000, 1.100000, -0.495426
0.700000, 1.100000, -0.230040
0.750000, 1.100000, -0.001695
0.800000, 1.100000, 0.143123
0.850000, 1.100000, 0.175649
0.900000, 1.100000, 0.090945
0.950000, 1.100000, -0.091158
1.000000, 1.100000, -0.330482
1.050000, 1.100000, -0.575305
1.100000, 1.100000, -0.773657
1.150000, 1.100000, -0.884606
1.200000, 1.100000, -0.887117
1.250000, 1.100000, -0.784533
1.300000, 1.100000, -0.603712
1.350000, 1.100000, -0.389034
1.400000, 1.100000, -0.192564
1.450000, 1.100000, -0.062551
1.500000, 1.100000, -0.032767
1.550000, 1.100000, -0.115012
1.600000, 1.100000, -0.296443
1.650000, 1.100000, -0.542297
1.700000, 1.100000, -0.803424
1.750000, 1.100000, -1.026996
1.800000, 1.100000, -1.168041
1.850000, 1.100000, -1.199304
1.900000, 1.100000, -1.117260
1.950000, 1.100000, -0.942982
2.000000, 1.100000, -0.717650
0.000000, 1.150000, 0.238679
0.050000, 1.150000, 0.452677
0.100000, 1.150000, 0.618669
0.150000, 1.150000, 0.697192
0.200000, 1.150000, 0.668600
0.250000, 1.150000, 0.537476
0.300000, 1.150000, 0.331704
0.350000, 1.150000, 0.096416
0.400000, 1.150000, -0.115879
0.450000, 1.150000, -0.256818
0.500000, 1.150000, -0.292853
0.550000, 1.150000, -0.212727
0.600000, 1.150000, -0.030112
0.650000, 1.150000, 0.219155
0.700000, 1.150000, 0.484676
0.750000, 1.150000, 0.712263
0.800000, 1.150000, 0.855555
0.850000, 1.150000, 0.885948
0.900000, 1.150000, 0.798692
0.950000, 1.150000, 0.613820
1.000000, 1.150000, 0.371718
1.050000, 1.150000, 0.124305
1.100000, 1.150000, -0.076265
1.150000, 1.150000, -0.188909
1.200000, 1.150000, -0.192474
1.250000, 1.150000, -0.090224
1.300000, 1.150000, 0.091015
1.350000, 1.150000, 0.306855
1.400000, 1.150000, 0.505180
1.450000, 1.150000, 0.637655
1.500000, 1.150000, 0.670393
1.550000, 1.150000, 0.591457
1.600000, 1.150000, 0.413543
1.650000, 1.150000, 0.171267
1.700000, 1.150000, -0.086360
1.750000, 1.150000, -0.306630
1.800000, 1.150000, -0.444665
1.850000, 1.150000, -0.473272
1.900000, 1.150000, -0.388951
1.950000, 1.150000, -0.212765
2.000000, 1.150000, 0.014151
0.000000, 1.200000, 0.953003
0.050000, 1.200000, 1.171732
0.100000, 1.200000, 1.343061
0.150000, 1.200000, 1.427342
0.200000, 1.200000, 1.404721
0.250000, 1.200000, 1.279561
0.300000, 1.200000, 1.079526
0.350000, 1.200000, 0.849539
0.400000, 1.200000, 0.641924
0.450000, 1.200000, 0.504890
0.500000, 1.200000, 0.471871
0.550000, 1.200000, 0.554059
0.600000, 1.200000, 0.737762
0.650000, 1.200000, 0.987175
0.700000, 1.200000, 1.251976
0.750000, 1.200000, 1.478099
0.800000, 1.200000, 1.619334
0.850000, 1.200000, 1.647258
0.900000, 1.200000, 1.557315
0.950000, 1.200000, 1.369737
1.000000, 1.200000, 1.125106
1.050000, 1.200000, 0.875514
1.100000, 1.200000, 0.673269
1.150000, 1.200000, 0.559571
1.200000, 1.200000, 0.555654
1.250000, 1.200000, 0.658296
1.300000, 1.200000, 0.840667
1.350000, 1.200000, 1.058340
1.400000, 1.200000, 1.259124
1.450000, 1.200000, 1.394577
1.500000, 1.200000, 1.430690
1.550000, 1.200000, 1.355387
1.600000, 1.200000, 1.181225
1.650000, 1.200000, 0.942687
1.700000, 1.200000, 0.688663
1.750000, 1.200000, 0.471766
1.800000, 1.200000, 0.336805
1.850000, 1.200000, 0.310934
1.900000, 1.200000, 0.397646
1.950000, 1.200000, 0.575906
2.000000, 1.200000, 0.804631
0.000000, 1.250000, 1.563320
0.050000, 1.250000, 1.787326
0.100000, 1.250000, 1.964300
0.150000, 1.250000, 2.054399
0.200000, 1.250000, 2.037561
0.250000, 1.250000, 1.917942
0.300000, 1.250000, 1.723013
0.350000, 1.250000, 1.497524
0.400000, 1.250000, 1.293655
0.450000, 1.250000, 1.159511
0.500000, 1.250000, 1.128466
0.550000, 1.250000, 1.211696
0.600000, 1.250000, 1.395538
0.650000, 1.250000, 1.644263
0.700000, 1.250000, 1.907664
0.750000, 1.250000, 2.131818
0.800000, 1.250000, 2.270687
0.850000, 1.250000, 2.296034
0.900000, 1.250000, 2.203494
0.950000, 1.250000, 2.013483
1.000000, 1.250000, 1.766753
1.050000, 1.250000, 1.515545
1.100000, 1.250000, 1.312283
1.150000, 1.250000, 1.198250
1.200000, 1.250000, 1.194725
1.250000, 1.250000, 1.298489
1.300000, 1.250000, 1.482683
1.350000, 1.250000, 1.702815
1.400000, 1.250000, 1.906599
1.450000, 1.250000, 2.045481
1.500000, 1.250000, 2.085323
1.550000, 1.250000, 2.013919
1.600000, 1.250000, 1.843697
1.650000, 1.250000, 1.609020
1.700000, 1.250000, 1.358682
1.750000, 1.250000, 1.145218
1.800000, 1.250000, 1.013383
1.850000, 1.250000, 0.990313
1.900000, 1.250000, 1.079504
1.950000, 1.250000, 1.259948
2.000000, 1.250000, 1.490613
0.000000, 1.300000, 1.930343
0.050000, 1.300000, 2.159929
0.100000, 1.300000, 2.342599
0.150000, 1.300000, 2.438314
0.200000, 1.300000, 2.426823
0.250000, 1.300000, 2.312102
0.300000, 1.300000, 2.121463
0.350000, 1.300000, 1.899529
0.400000, 1.300000, 1.698390
0.450000, 1.300000, 1.566097
0.500000, 1.300000, 1.536016
0.550000, 1.300000, 1.619354
0.600000, 1.300000, 1.802524
0.650000, 1.300000, 2.049905
0.700000, 1.300000, 2.311429
0.750000, 1.300000, 2.533335
0.800000, 1.300000, 2.669762
0.850000, 1.300000, 2.692650
0.900000, 1.300000, 2.597810
0.950000, 1.300000, 2.405820
1.000000, 1.300000, 2.157573
1.050000, 1.300000, 1.905424
1.100000, 1.300000, 1.701877
1.150000, 1.300000, 1.588262
1.200000, 1.300000, 1.585869
1.250000, 1.300000, 1.691457
1.300000, 1.300000, 1.878109
1.350000, 1.300000, 2.101253
1.400000, 1.300000, 2.308501
1.450000, 1.300000, 2.451181
1.500000, 1.300000, 2.495033
1.550000, 1.300000, 2.427727
1.600000, 1.300000, 2.261574
1.650000, 1.300000, 2.030838
1.700000, 1.300000, 1.784227
1.750000, 1.300000, 1.574213
1.800000, 1.300000, 1.445513
1.850000, 1.300000, 1.425244
1.900000, 1.300000, 1.516908
1.950000, 1.300000, 1.699522
2.000000, 1.300000, 1.932092
0.000000, 1.350000, 1.968686
0.050000, 1.350000, 2.203897
0.100000, 1.350000, 2.392052
0.150000, 1.350000, 2.492934
0.200000, 1.350000, 2.486131
0.250000, 1.350000, 2.375478
0.300000, 1.350000, 2.188178
0.350000, 1.350000, 1.968778
0.400000, 1.350000, 1.769328
0.450000, 1.350000, 1.637882
0.500000, 1.350000, 1.607844
0.550000, 1.350000, 1.690498
0.600000, 1.350000, 1.872364
0.650000, 1.350000, 2.117955
0.700000, 1.350000, 2.377356
0.750000, 1.350000, 2.596970
0.800000, 1.350000, 2.731103
0.850000, 1.350000, 2.751859
0.900000, 1.350000, 2.655198
0.950000, 1.350000, 2.461831
1.000000, 1.350000, 2.212757
1.050000, 1.350000, 1.960408
1.100000, 1.350000, 1.757335
1.150000, 1.350000, 1.644882
1.200000, 1.350000, 1.644322
1.250000, 1.350000, 1.752368
1.300000, 1.350000, 1.942033
1.350000, 1.350000, 2.168652
1.400000, 1.350000, 2.379734
1.450000, 1.350000, 2.526492
1.500000, 1.350000, 2.574550
1.550000, 1.350000, 2.511465
1.600000, 1.350000, 2.349447
1.650000, 1.350000, 2.122668
1.700000, 1.350000, 1.879761
1.750000, 1.350000, 1.673144
1.800000, 1.350000, 1.547496
1.850000, 1.350000, 1.529916
1.900000, 1.350000, 1.623905
1.950000, 1.350000, 1.808492
2.000000, 1.350000, 2.042707
0.000000, 1.400000, 1.665526
0.050000, 1.400000, 1.906145
0.100000, 1.400000, 2.099326
0.150000, 1.400000, 2.204703
0.200000, 1.400000, 2.201744
0.250000, 1.400000, 2.094195
0.300000, 1.400000, 1.909202
0.350000, 1.400000, 1.691290
0.400000, 1.400000, 1.492527
0.450000, 1.400000, 1.361018
0.500000, 1.400000, 1.330247
0.550000, 1.400000, 1.411610
0.600000, 1.400000, 1.591755
0.650000, 1.400000, 1.835342
0.700000, 1.400000, 2.092609
0.750000, 1.400000, 2.310114
0.800000, 1.400000, 2.442311
0.850000, 1.400000, 2.461442
0.900000, 1.400000, 2.363585
0.950000, 1.400000, 2.169546
1.000000, 1.400000, 1.920395
1.050000, 1.400000, 1.668607
1.100000, 1.400000, 1.466748
1.150000, 1.400000, 1.356151
1.200000, 1.400000, 1.358049
1.250000, 1.400000, 1.469095
1.300000, 1.400000, 1.662224
1.350000, 1.400000, 1.892677
1.400000, 1.400000, 2.107859
1.450000, 1.400000, 2.258879
1.500000, 1.400000, 2.311251
1.550000, 1.400000, 2.252431
1.600000, 1.400000, 2.094533
1.650000, 1.400000, 1.871645
1.700000, 1.400000, 1.632331
1.750000, 1.400000, 1.428952
1.800000, 1.400000, 1.306148
1.850000, 1.400000, 1.290990
1.900000, 1.400000, 1.386970
1.950000, 1.400000, 1.573117
2.000000, 1.400000, 1.808475
0.000000, 1.450000, 1.083404
0.050000, 1.450000, 1.328967
0.100000, 1.450000, 1.526490
0.150000, 1.450000, 1.635507
0.200000, 1.450000, 1.635413
0.250000, 1.450000, 1.529922
0.300000, 1.450000, 1.346182
0.350000, 1.450000, 1.128754
0.400000, 1.450000, 0.929772
0.450000, 1.450000, 0.797436
0.500000, 1.450000, 0.765345
0.550000, 1.450000, 0.845026
0.600000, 1.450000, 1.023269
0.650000, 1.450000, 1.264877
0.700000, 1.450000, 1.520230
0.750000, 1.450000, 1.736020
0.800000, 1.450000, 1.866820
0.850000, 1.450000, 1.884973
0.900000, 1.450000, 1.786641
0.950000, 1.450000, 1.592690
1.000000, 1.450000, 1.344224
1.050000, 1.450000, 1.093731
1.100000, 1.450000, 0.893767
1.150000, 1.450000, 0.785632
1.200000, 1.450000, 0.790510
1.250000, 1.450000, 0.904984
1.300000, 1.450000, 1.101911
1.350000, 1.450000, 1.336442
1.400000, 1.450000, 1.555885
1.450000, 1.450000, 1.711250
1.500000, 1.450000, 1.767952
1.550000, 1.450000, 1.713349
1.600000, 1.450000, 1.559466
1.650000, 1.450000, 1.340307
1.700000, 1.450000, 1.104363
1.750000, 1.450000, 0.903933
1.800000, 1.450000, 0.783608
1.850000, 1.450000, 0.770427
1.900000, 1.450000, 0.867859
1.950000, 1.450000, 1.054933
2.000000, 1.450000, 1.290704
0.000000, 1.500000, 0.346560
0.050000, 1.500000, 0.596377
0.100000, 1.500000, 0.797376
0.150000, 1.500000, 0.909039
0.200000, 1.500000, 0.910751
0.250000, 1.500000, 0.806254
0.300000, 1.500000, 0.622754
0.350000, 1.500000, 0.404903
0.400000, 1.500000, 0.204947
0.450000, 1.500000, 0.071211
0.500000, 1.500000, 0.037435
0.550000, 1.500000, 0.115283
0.600000, 1.500000, 0.291685
0.650000, 1.500000, 0.531572
0.700000, 1.500000, 0.785442
0.750000, 1.500000, 1.000088
0.800000, 1.500000, 1.130166
0.850000, 1.500000, 1.148085
0.900000, 1.500000, 1.050048
0.950000, 1.500000, 0.856947
1.000000, 1.500000, 0.609891
1.050000, 1.500000, 0.361356
1.100000, 1.500000, 0.163870
1.150000, 1.500000, 0.058688
1.200000, 1.500000, 0.066940
1.250000, 1.500000, 0.185144
1.300000, 1.500000, 0.386081
1.350000, 1.500000, 0.624818
1.400000, 1.500000, 0.848575
1.450000, 1.500000, 1.008270
1.500000, 1.500000, 1.069222
1.550000, 1.500000, 1.018695
1.600000, 1.500000, 0.868619
1.650000, 1.500000, 0.652913
1.700000, 1.500000, 0.419985
1.750000, 1.500000, 0.222065
1.800000, 1.500000, 0.103686
1.850000, 1.500000, 0.091850
1.900000, 1.500000, 0.190005
1.950000, 1.500000, 0.377182
2.000000, 1.500000, 0.612462
0.000000, 1.550000, -0.386230
0.050000, 1.550000, -0.133031
0.100000, 1.550000, 0.070438
0.150000, 1.550000, 0.183674
0.200000, 1.550000, 0.186114
0.250000, 1.550000, 0.081585
0.300000, 1.550000, -0.102586
0.350000, 1.550000, -0.321615
0.400000, 1.550000, -0.523107
0.450000, 1.550000, -0.658588
0.500000, 1.550000, -0.694174
0.550000, 1.550000, -0.618062
0.600000, 1.550000, -0.443205
0.650000, 1.550000, -0.204568
0.700000, 1.550000, 0.048428
0.750000, 1.550000, 0.262638
0.800000, 1.550000, 0.392761
0.850000, 1.550000, 0.411229
0.900000, 1.550000, 0.314253
0.950000, 1.550000, 0.122718
1.000000, 1.550000, -0.122285
1.050000, 1.550000, -0.368309
1.100000, 1.550000, -0.562863
1.150000, 1.550000, -0.664736
1.200000, 1.550000, -0.652850
1.250000, 1.550000, -0.530747
1.300000, 1.550000, -0.325713
1.350000, 1.550000, -0.082754
1.400000, 1.550000, 0.145268
1.450000, 1.550000, 0.309180
1.500000, 1.550000, 0.374207
1.550000, 1.550000, 0.327515
1.600000, 1.550000, 0.180932
1.650000, 1.550000, -0.031721
1.700000, 1.550000, -0.262125
1.750000, 1.550000, -0.458130
1.800000, 1.550000, -0.575259
1.850000, 1.550000, -0.586549
1.900000, 1.550000, -0.488558
1.950000, 1.550000, -0.302231
2.000000, 1.550000, -0.068426
0.000000, 1.600000, -0.956373
0.050000, 1.600000, -0.700804
0.100000, 1.600000, -0.495948
0.150000, 1.600000, -0.382233
0.200000, 1.600000, -0.380104
0.250000, 1.600000, -0.485586
0.300000, 1.600000, -0.671189
0.350000, 1.600000, -0.891953
0.400000, 1.600000, -1.095315
0.450000, 1.600000, -1.232642
0.500000, 1.600000, -1.269910
0.550000, 1.600000, -1.195202
0.600000, 1.600000, -1.021379
0.650000, 1.600000, -0.783343
0.700000, 1.600000, -0.530475
0.750000, 1.600000, -0.315905
0.800000, 1.600000, -0.184933
0.850000, 1.600000, -0.165144
0.900000, 1.600000, -0.260350
0.950000, 1.600000, -0.449696
1.000000, 1.600000, -0.692125
1.050000, 1.600000, -0.935223
1.100000, 1.600000, -1.126537
1.150000, 1.600000, -1.224893
1.200000, 1.600000, -1.209255
1.250000, 1.600000, -1.083213
1.300000, 1.600000, -0.874109
1.350000, 1.600000, -0.627015
1.400000, 1.600000, -0.394873
1.450000, 1.600000, -0.226947
1.500000, 1.600000, -0.158111
1.550000, 1.600000, -0.201311
1.600000, 1.600000, -0.344829
1.650000, 1.600000, -0.554953
1.700000, 1.600000, -0.783463
1.750000, 1.600000, -0.978288
1.800000, 1.600000, -1.095005
1.850000, 1.600000, -1.106670
1.900000, 1.600000, -1.009818
1.950000, 1.600000, -0.825330
2.000000, 1.600000, -0.593952
0.000000, 1.650000, -1.240177
0.050000, 1.650000, -0.983328
0.100000, 1.650000, -0.778190
0.150000, 1.650000, -0.665048
0.200000, 1.650000, -0.664166
0.250000, 1.650000, -0.771371
0.300000, 1.650000, -0.958966
0.350000, 1.650000, -1.181793
0.400000, 1.650000, -1.387110
0.450000, 1.650000, -1.526131
0.500000, 1.650000, -1.564714
0.550000, 1.650000, -1.490857
0.600000, 1.650000, -1.317376
0.650000, 1.650000, -1.079155
0.700000, 1.650000, -0.825586
0.750000, 1.650000, -0.609828
0.800000, 1.650000, -0.477225
0.850000, 1.650000, -0.455408
0.900000, 1.650000, -0.548238
0.950000, 1.650000, -0.734905
1.000000, 1.650000, -0.974388
1.050000, 1.650000, -1.214305
1.100000, 1.650000, -1.402227
1.150000, 1.650000, -1.497005
1.200000, 1.650000, -1.477630
1.250000, 1.650000, -1.347726
1.300000, 1.650000, -1.134681
1.350000, 1.650000, -0.883631
1.400000, 1.650000, -0.647597
1.450000, 1.650000, -0.475942
1.500000, 1.650000, -0.403654
1.550000, 1.650000, -0.443800
1.600000, 1.650000, -0.584789
1.650000, 1.650000, -0.793028
1.700000, 1.650000, -1.020395
1.750000, 1.650000, -1.214892
1.800000, 1.650000, -1.332129
1.850000, 1.650000, -1.345145
1.900000, 1.650000, -1.250408
1.950000, 1.650000, -1.068671
2.000000, 1.650000, -0.840500
0.000000, 1.700000, -1.175974
0.050000, 1.700000, -0.918958
0.100000, 1.700000, -0.714601
0.150000, 1.700000, -0.602983
0.200000, 1.700000, -0.604132
0.250000, 1.700000, -0.713629
0.300000, 1.700000, -0.903545
0.350000, 1.700000, -1.128511
0.400000, 1.700000, -1.335611
0.450000, 1.700000, -1.475928
0.500000, 1.700000, -1.515237
0.550000, 1.700000, -1.441498
0.600000, 1.700000, -1.267530
0.650000, 1.700000, -1.028255
0.700000, 1.700000, -0.773126
0.750000, 1.700000, -0.555378
0.800000, 1.700000, -0.420432
0.850000, 1.700000, -0.395994
0.900000, 1.700000, -0.485988
0.950000, 1.700000, -0.669648
1.000000, 1.700000, -0.905984
1.050000, 1.700000, -1.142630
1.100000, 1.700000, -1.327165
1.150000, 1.700000, -1.418443
1.200000, 1.700000, -1.395465
1.250000, 1.700000, -1.261874
1.300000, 1.700000, -1.045103
1.350000, 1.700000, -0.790348
1.400000, 1.700000, -0.550722
1.450000, 1.700000, -0.375697
1.500000, 1.700000, -0.300392
1.550000, 1.700000, -0.338016
1.600000, 1.700000, -0.477110
1.650000, 1.700000, -0.684206
1.700000, 1.700000, -0.911275
1.750000, 1.700000, -1.106365
1.800000, 1.700000, -1.225081
1.850000, 1.700000, -1.240397
1.900000, 1.700000, -1.148642
1.950000, 1.700000, -0.970371
2.000000, 1.700000, -0.745889
0.000000, 1.750000, -0.777744
0.050000, 1.750000, -0.521631
0.100000, 1.750000, -0.319020
0.150000, 1.750000, -0.209722
0.200000, 1.750000, -0.213484
0.250000, 1.750000, -0.325611
0.300000, 1.750000, -0.517923
0.350000, 1.750000, -0.744846
0.400000, 1.750000, -0.953310
0.450000, 1.750000, -1.094302
0.500000, 1.750000, -1.133561
0.550000, 1.750000, -1.059068
0.600000, 1.750000, -0.883700
0.650000, 1.750000, -0.642475
0.700000, 1.750000, -0.384957
0.750000, 1.750000, -0.164496
0.800000, 1.750000, -0.026621
0.850000, 1.750000, 0.000875
0.900000, 1.750000, -0.085994
0.950000, 1.750000, -0.266501
1.000000, 1.750000, -0.499667
1.050000, 1.750000, -0.733118
1.100000, 1.750000, -0.914414
1.150000, 1.750000, -1.002389
1.200000, 1.750000, -0.976038
1.250000, 1.750000, -0.839016
1.300000, 1.750000, -0.618794
1.350000, 1.750000, -0.360643
1.400000, 1.750000, -0.117778
1.450000, 1.750000, 0.060196
1.500000, 1.750000, 0.138010
1.550000, 1.750000, 0.102303
1.600000, 1.750000, -0.035612
1.650000, 1.750000, -0.242380
1.700000, 1.750000, -0.470041
1.750000, 1.750000, -0.666655
1.800000, 1.750000, -0.787764
1.850000, 1.750000, -0.806200
1.900000, 1.750000, -0.718080
1.950000, 1.750000, -0.543673
2.000000, 1.750000, -0.322945
0.000000, 1.800000, -0.132249
0.050000, 1.800000, 0.121991
0.100000, 1.800000, 0.322047
0.150000, 1.800000, 0.428427
0.200000, 1.800000, 0.421703
0.250000, 1.800000, 0.306865
0.300000, 1.800000, 0.112341
0.350000, 1.800000, -0.116105
0.400000, 1.800000, -0.325285
0.450000, 1.800000, -0.466143
0.500000, 1.800000, -0.504438
0.550000, 1.800000, -0.428232
0.600000, 1.800000, -0.250527
0.650000, 1.800000, -0.006488
0.700000, 1.800000, 0.254161
0.750000, 1.800000, 0.477926
0.800000, 1.800000, 0.619154
0.850000, 1.800000, 0.649959
0.900000, 1.800000, 0.566307
0.950000, 1.800000, 0.388909
1.000000, 1.800000, 0.158764
1.050000, 1.800000, -0.071715
1.100000, 1.800000, -0.250042
1.150000, 1.800000, -0.335007
1.200000, 1.800000, -0.305582
1.250000, 1.800000, -0.165432
1.300000, 1.800000, 0.057924
1.350000, 1.800000, 0.319127
1.400000, 1.800000, 0.564835
1.450000, 1.800000, 0.745289
1.500000, 1.800000, 0.825050
1.550000, 1.800000, 0.790592
1.600000, 1.800000, 0.653089
1.650000, 1.800000, 0.445802
1.700000, 1.800000, 0.216660
1.750000, 1.800000, 0.017654
1.800000, 1.800000, -0.106621
1.850000, 1.800000, -0.128775
1.900000, 1.800000, -0.044621
1.950000, 1.800000, 0.125940
2.000000, 1.800000, 0.343346
0.000000, 1.850000, 0.619709
0.050000, 1.850000, 0.871259
0.100000, 1.850000, 1.068150
0.150000, 1.850000, 1.171249
0.200000, 1.850000, 1.161469
0.250000, 1.850000, 1.044099
0.300000, 1.850000, 0.847801
0.350000, 1.850000, 0.618494
0.400000, 1.850000, 0.409436
0.450000, 1.850000, 0.269667
0.500000, 1.850000, 0.233339
0.550000, 1.850000, 0.312242
0.600000, 1.850000, 0.493189
0.650000, 1.850000, 0.740814
0.700000, 1.850000, 1.005200
0.750000, 1.850000, 1.232685
0.800000, 1.850000, 1.377488
0.850000, 1.850000, 1.411649
0.900000, 1.850000, 1.331106
0.950000, 1.850000, 1.156592
1.000000, 1.850000, 0.929161
1.050000, 1.850000, 0.701303
1.100000, 1.850000, 0.525585
1.150000, 1.850000, 0.443277
1.200000, 1.850000, 0.475437
1.250000, 1.850000, 0.618387
1.300000, 1.850000, 0.844545
1.350000, 1.850000, 1.108437
1.400000, 1.850000, 1.356568
1.450000, 1.850000, 1.538998
1.500000, 1.850000, 1.620103
1.550000, 1.850000, 1.586192
1.600000, 1.850000, 1.448314
1.650000, 1.850000, 1.239675
1.700000, 1.850000, 1.008234
1.750000, 1.850000, 0.806108
1.800000, 1.850000, 0.678115
1.850000, 1.850000, 0.651962
1.900000, 1.850000, 0.732226
1.950000, 1.850000, 0.899442
2.000000, 1.850000, 1.114494
0.000000, 1.900000, 1.313820
0.050000, 1.900000, 1.562062
0.100000, 1.900000, 1.755412
0.150000, 1.900000, 1.855121
0.200000, 1.900000, 1.842453
0.250000, 1.900000, 1.722984
0.300000, 1.900000, 1.525582
0.350000, 1.900000, 1.296273
0.400000, 1.900000, 1.088321
0.450000, 1.900000, 0.950685
0.500000, 1.900000, 0.917354
0.550000, 1.900000, 0.999904
0.600000, 1.900000, 1.184904
0.650000, 1.900000, 1.436744
0.700000, 1.900000, 1.705290
0.750000, 1.900000, 1.936702
0.800000, 1.900000, 2.085088
0.850000, 1.900000, 2.122438
0.900000, 1.900000, 2.044701
0.950000, 1.900000, 1.872680
1.000000, 1.900000, 1.647529
1.050000, 1.900000, 1.421853
1.100000, 1.900000, 1.248326
1.150000, 1.900000, 1.168294
1.200000, 1.900000, 1.202846
1.250000, 1.900000, 1.348274
1.300000, 1.900000, 1.576906
1.350000, 1.900000, 1.843123
1.400000, 1.900000, 2.093244
1.450000, 1.900000, 2.277127
1.500000, 1.900000, 2.358955
1.550000, 1.900000, 2.324879
1.600000, 1.900000, 2.185862
1.650000, 1.900000, 1.975109
1.700000, 1.900000, 1.740685
1.750000, 1.900000, 1.534924
1.800000, 1.900000, 1.402966
1.850000, 1.900000, 1.372923
1.900000, 1.900000, 1.449835
1.950000, 1.900000, 1.614715
2.000000, 1.900000, 1.828897
0.000000, 1.950000, 1.797951
0.050000, 1.950000, 2.042501
0.100000, 1.950000, 2.232188
0.150000, 1.950000, 2.328660
0.200000, 1.950000, 2.313527
0.250000, 1.950000, 2.192626
0.300000, 1.950000, 1.994987
0.350000, 1.950000, 1.766682
0.400000, 1.950000, 1.560915
0.450000, 1.950000, 1.426485
0.500000, 1.950000, 1.397148
0.550000, 1.950000, 1.484201
0.600000, 1.950000, 1.673919
0.650000, 1.950000, 1.930416
0.700000, 1.950000, 2.203325
0.750000, 1.950000, 2.438646
0.800000, 1.950000, 2.590396
0.850000, 1.950000, 2.630561
0.900000, 1.950000, 2.555157
0.950000, 1.950000, 2.385102
1.000000, 1.950000, 2.161702
1.050000, 1.950000, 1.937717
1.100000, 1.950000, 1.765948
1.150000, 1.950000, 1.687823
1.200000, 1.950000, 1.724450
1.250000, 1.950000, 1.872062
1.300000, 1.950000, 2.102863
1.350000, 1.950000, 2.371053
1.400000, 1.950000, 2.622735
1.450000, 1.950000, 2.807545
1.500000, 1.950000, 2.889475
1.550000, 1.950000, 2.854550
1.600000, 1.950000, 2.713693
1.650000, 1.950000, 2.500189
1.700000, 1.950000, 2.262300
1.750000, 1.950000, 2.052675
1.800000, 1.950000, 1.916870
1.850000, 1.950000, 1.883482
1.900000, 1.950000, 1.958058
1.950000, 1.950000, 2.122094
2.000000, 1.950000, 2.337328
0.000000, 2.000000, 1.965207
0.050000, 2.000000, 2.205936
0.100000, 2.000000, 2.392101
0.150000, 2.000000, 2.485745
0.200000, 2.000000, 2.468802
0.250000, 2.000000, 2.347335
0.300000, 2.000000, 2.150476
0.350000, 2.000000, 1.924278
0.400000, 2.000000, 1.721807
0.450000, 2.000000, 1.591627
0.500000, 2.000000, 1.567189
0.550000, 2.000000, 1.659452
0.600000, 2.000000, 1.854359
0.650000, 2.000000, 2.115729
0.700000, 2.000000, 2.392969
0.750000, 2.000000, 2.631941
0.800000, 2.000000, 2.786621
0.850000, 2.000000, 2.829044
0.900000, 2.000000, 2.755352
0.950000, 2.000000, 2.586642
1.000000, 2.000000, 2.364418
1.050000, 2.000000, 2.141625
1.100000, 2.000000, 1.971206
1.150000, 2.000000, 1.894666
1.200000, 2.000000, 1.933101
1.250000, 2.000000, 2.082655
1.300000, 2.000000, 2.315360
1.350000, 2.000000, 2.585195
1.400000, 2.000000, 2.838020
1.450000, 2.000000, 3.023242
1.500000, 2.000000, 3.104683
1.550000, 2.000000, 3.068282
1.600000, 2.000000, 2.924999
1.650000, 2.000000, 2.708287
1.700000, 2.000000, 2.466709
1.750000, 2.000000, 2.253329
1.800000, 2.000000, 2.114203
1.850000, 2.000000, 2.078462
1.900000, 2.000000, 2.152168
1.950000, 2.000000, 2.317255
2.000000, 2.000000, 2.535768
