0.000000, 0.000000, 1.827848
0.050000, 0.000000, 2.356914
0.100000, 0.000000, 2.745915
0.150000, 0.000000, 2.892184
0.200000, 0.000000, 2.744271
0.250000, 0.000000, 2.313225
0.300000, 0.000000, 1.670268
0.350000, 0.000000, 0.931374
0.400000, 0.000000, 0.232110
0.450000, 0.000000, -0.301777
0.500000, 0.000000, -0.581624
0.550000, 0.000000, -0.575022
0.600000, 0.000000, -0.312718
0.650000, 0.000000, 0.118243
0.700000, 0.000000, 0.593655
0.750000, 0.000000, 0.979369
0.800000, 0.000000, 1.160681
0.850000, 0.000000, 1.067449
0.900000, 0.000000, 0.689496
0.950000, 0.000000, 0.078908
1.000000, 0.000000, -0.661258
1.050000, 0.000000, -1.399399
1.100000, 0.000000, -2.004045
1.150000, 0.000000, -2.372527
1.200000, 0.000000, -2.453395
1.250000, 0.000000, -2.257700
1.300000, 0.000000, -1.856662
1.350000, 0.000000, -1.366256
1.400000, 0.000000, -0.922048
1.450000, 0.000000, -0.649785
1.500000, 0.000000, -0.638131
1.550000, 0.000000, -0.919496
1.600000, 0.000000, -1.463130
1.650000, 0.000000, -2.181991
1.700000, 0.000000, -2.951870
1.750000, 0.000000, -3.638622
1.800000, 0.000000, -4.127538
1.850000, 0.000000, -4.348480
1.900000, 0.000000, -4.291270
1.950000, 0.000000, -4.007992
2.000000, 0.000000, -3.601706
0.000000, 0.050000, 1.781996
0.050000, 0.050000, 2.303556
0.100000, 0.050000, 2.685247
0.150000, 0.050000, 2.824524
0.200000, 0.050000, 2.670055
0.250000, 0.050000, 2.232997
0.300000, 0.050000, 1.584662
0.350000, 0.050000, 0.841102
0.400000, 0.050000, 0.137943
0.450000, 0.050000, -0.399027
0.500000, 0.050000, -0.681123
0.550000, 0.050000, -0.675936
0.600000, 0.050000, -0.414235
0.650000, 0.050000, 0.016897
0.700000, 0.050000, 0.493194
0.750000, 0.050000, 0.880431
0.800000, 0.050000, 1.063810
0.850000, 0.050000, 0.973086
0.900000, 0.050000, 0.597965
0.950000, 0.050000, -0.009592
1.000000, 0.050000, -0.746656
1.050000, 0.050000, -1.481755
1.100000, 0.050000, -2.083546
1.150000, 0.050000, -2.449486
1.200000, 0.050000, -2.528241
1.250000, 0.050000, -2.330966
1.300000, 0.050000, -1.928975
1.350000, 0.050000, -1.438318
1.400000, 0.050000, -0.994621
1.450000, 0.050000, -0.723672
1.500000, 0.050000, -0.714153
1.550000, 0.050000, -0.998474
1.600000, 0.050000, -1.545866
1.650000, 0.050000, -2.269245
1.700000, 0.050000, -3.044343
1.750000, 0.050000, -3.736937
1.800000, 0.050000, -4.232226
1.850000, 0.050000, -4.459966
1.900000, 0.050000, -4.409862
1.950000, 0.050000, -4.133874
2.000000, 0.050000, -3.734931
0.000000, 0.100000, 1.645303
0.050000, 0.100000, 2.159553
0.100000, 0.100000, 2.534253
0.150000, 0.100000, 2.666980
0.200000, 0.100000, 2.506508
0.250000, 0.100000, 2.064088
0.300000, 0.100000, 1.411112
0.350000, 0.100000, 0.663692
0.400000, 0.100000, -0.042502
0.450000, 0.100000, -0.581659
0.500000, 0.100000, -0.865095
0.550000, 0.100000, -0.860416
0.600000, 0.100000, -0.598431
0.650000, 0.100000, -0.166281
0.700000, 0.100000, 0.311693
0.750000, 0.100000, 0.701178
0.800000, 0.100000, 0.887271
0.850000, 0.100000, 0.799612
0.900000, 0.100000, 0.427784
0.950000, 0.100000, -0.176377
1.000000, 0.100000, -0.910072
1.050000, 0.100000, -1.641956
1.100000, 0.100000, -2.240809
1.150000, 0.100000, -2.604201
1.200000, 0.100000, -2.680904
1.250000, 0.100000, -2.482163
1.300000, 0.100000, -2.079365
1.350000, 0.100000, -1.588619
1.400000, 0.100000, -1.145589
1.450000, 0.100000, -0.876082
1.500000, 0.100000, -0.868778
1.550000, 0.100000, -1.156066
1.600000, 0.100000, -1.707133
1.650000, 0.100000, -2.434834
1.700000, 0.100000, -3.214823
1.750000, 0.100000, -3.912782
1.800000, 0.100000, -4.413805
1.850000, 0.100000, -4.647527
1.900000, 0.100000, -4.603528
1.950000, 0.100000, -4.333638
2.000000, 0.100000, -3.940652
0.000000, 0.150000, 1.430797
0.050000, 0.150000, 1.938055
0.100000, 0.150000, 2.306205
0.150000, 0.150000, 2.432933
0.200000, 0.150000, 2.267113
0.250000, 0.150000, 1.820077
0.300000, 0.150000, 1.163283
0.350000, 0.150000, 0.412888
0.400000, 0.150000, -0.295411
0.450000, 0.150000, -0.835799
0.500000, 0.150000, -1.119605
0.550000, 0.150000, -1.114473
0.600000, 0.150000, -0.851264
0.650000, 0.150000, -0.417190
0.700000, 0.150000, 0.063321
0.750000, 0.150000, 0.455854
0.800000, 0.150000, 0.645395
0.850000, 0.150000, 0.561465
0.900000, 0.150000, 0.193524
0.950000, 0.150000, -0.406719
1.000000, 0.150000, -1.136589
1.050000, 0.150000, -1.864860
1.100000, 0.150000, -2.460424
1.150000, 0.150000, -2.820952
1.200000, 0.150000, -2.895303
1.250000, 0.150000, -2.694795
1.300000, 0.150000, -2.290870
1.350000, 0.150000, -1.799673
1.400000, 0.150000, -1.356884
1.450000, 0.150000, -1.088306
1.500000, 0.150000, -1.082594
1.550000, 0.150000, -1.372093
1.600000, 0.150000, -1.925927
1.650000, 0.150000, -2.656869
1.700000, 0.150000, -3.440479
1.750000, 0.150000, -4.142329
1.800000, 0.150000, -4.647392
1.850000, 0.150000, -4.885176
1.900000, 0.150000, -4.845129
1.950000, 0.150000, -4.578947
2.000000, 0.150000, -4.189294
0.000000, 0.200000, 1.158783
0.050000, 0.200000, 1.659486
0.100000, 0.200000, 2.021632
0.150000, 0.200000, 2.143012
0.200000, 0.200000, 1.972587
0.250000, 0.200000, 1.521758
0.300000, 0.200000, 0.862035
0.350000, 0.200000, 0.109608
0.400000, 0.200000, -0.599819
0.450000, 0.200000, -1.140439
0.500000, 0.200000, -1.423611
0.550000, 0.200000, -1.417029
0.600000, 0.200000, -1.151619
0.650000, 0.200000, -0.714676
0.700000, 0.200000, -0.230726
0.750000, 0.200000, 0.165710
0.800000, 0.200000, 0.359505
0.850000, 0.200000, 0.280058
0.900000, 0.200000, -0.083291
0.950000, 0.200000, -0.678956
1.000000, 0.200000, -1.404374
1.050000, 0.200000, -2.128431
1.100000, 0.200000, -2.720114
1.150000, 0.200000, -3.077180
1.200000, 0.200000, -3.148558
1.250000, 0.200000, -2.945616
1.300000, 0.200000, -2.539832
1.350000, 0.200000, -2.047363
1.400000, 0.200000, -1.603884
1.450000, 0.200000, -1.335171
1.500000, 0.200000, -1.329834
1.550000, 0.200000, -1.620151
1.600000, 0.200000, -2.175167
1.650000, 0.200000, -2.907558
1.700000, 0.200000, -3.692772
1.750000, 0.200000, -4.396263
1.800000, 0.200000, -4.902874
1.850000, 0.200000, -5.141984
1.900000, 0.200000, -5.102905
1.950000, 0.200000, -4.837203
2.000000, 0.200000, -4.447416
0.000000, 0.250000, 0.854881
0.050000, 0.250000, 1.349571
0.100000, 0.250000, 1.706356
0.150000, 0.250000, 1.823120
0.200000, 0.250000, 1.648902
0.250000, 0.250000, 1.195162
0.300000, 0.250000, 0.533447
0.350000, 0.250000, -0.220036
0.400000, 0.250000, -0.929584
0.450000, 0.250000, -1.469417
0.500000, 0.250000, -1.750934
0.550000, 0.250000, -1.741891
0.600000, 0.250000, -1.473290
0.650000, 0.250000, -1.032518
0.700000, 0.250000, -0.544199
0.750000, 0.250000, -0.142966
0.800000, 0.250000, 0.055938
0.850000, 0.250000, -0.018203
0.900000, 0.250000, -0.376167
0.950000, 0.250000, -0.966478
1.000000, 0.250000, -1.686680
1.050000, 0.250000, -2.405752
1.100000, 0.250000, -2.992764
1.150000, 0.250000, -3.345540
1.200000, 0.250000, -3.413058
1.250000, 0.250000, -3.206720
1.300000, 0.250000, -2.798016
1.350000, 0.250000, -2.303097
1.400000, 0.250000, -1.857610
1.450000, 0.250000, -1.587287
1.500000, 0.250000, -1.580674
1.550000, 0.250000, -1.869969
1.600000, 0.250000, -2.424121
1.650000, 0.250000, -3.155700
1.700000, 0.250000, -3.940036
1.750000, 0.250000, -4.642457
1.800000, 0.250000, -5.147682
1.850000, 0.250000, -5.384957
1.900000, 0.250000, -5.343470
1.950000, 0.250000, -5.074665
2.000000, 0.250000, -4.680968
0.000000, 0.300000, 0.547550
0.050000, 0.300000, 1.036861
0.100000, 0.300000, 1.389005
0.150000, 0.300000, 1.501951
0.200000, 0.300000, 1.324805
0.250000, 0.300000, 0.869073
0.300000, 0.300000, 0.206329
0.350000, 0.300000, -0.547217
0.400000, 0.300000, -1.255876
0.450000, 0.300000, -1.793901
0.500000, 0.300000, -2.072748
0.550000, 0.300000, -2.060240
0.600000, 0.300000, -1.787463
0.650000, 0.300000, -1.341899
0.700000, 0.300000, -0.848277
0.750000, 0.300000, -0.441338
0.800000, 0.300000, -0.236439
0.850000, 0.300000, -0.304407
0.900000, 0.300000, -0.656129
0.950000, 0.300000, -1.240231
1.000000, 0.300000, -1.954349
1.050000, 0.300000, -2.667542
1.100000, 0.300000, -3.248946
1.150000, 0.300000, -3.596436
1.200000, 0.300000, -3.659023
1.250000, 0.300000, -3.448122
1.300000, 0.300000, -3.035219
1.350000, 0.300000, -2.536441
1.400000, 0.300000, -2.087395
1.450000, 0.300000, -1.813751
1.500000, 0.300000, -1.803981
1.550000, 0.300000, -2.090195
1.600000, 0.300000, -2.641240
1.650000, 0.300000, -3.369575
1.700000, 0.300000, -4.150417
1.750000, 0.300000, -4.848972
1.800000, 0.300000, -5.349841
1.850000, 0.300000, -5.582152
1.900000, 0.300000, -5.534985
1.950000, 0.300000, -5.259683
2.000000, 0.300000, -4.858584
0.000000, 0.350000, 0.265341
0.050000, 0.350000, 0.749986
0.100000, 0.350000, 1.098270
0.150000, 0.350000, 1.208241
0.200000, 0.350000, 1.029062
0.250000, 0.350000, 0.572275
0.300000, 0.350000, -0.090532
0.350000, 0.350000, -0.843152
0.400000, 0.350000, -1.549923
0.450000, 0.350000, -2.085143
0.500000, 0.350000, -2.360328
0.550000, 0.350000, -2.343375
0.600000, 0.350000, -2.065460
0.650000, 0.350000, -1.614162
0.700000, 0.350000, -1.114314
0.750000, 0.350000, -0.700765
0.800000, 0.350000, -0.488978
0.850000, 0.350000, -0.549887
0.900000, 0.350000, -0.894478
0.950000, 0.350000, -1.471468
1.000000, 0.350000, -2.178574
1.050000, 0.350000, -2.884921
1.100000, 0.350000, -3.459699
1.150000, 0.350000, -3.800818
1.200000, 0.350000, -3.857306
1.250000, 0.350000, -3.640580
1.300000, 0.350000, -3.222109
1.350000, 0.350000, -2.717985
1.400000, 0.350000, -2.263764
1.450000, 0.350000, -1.985051
1.500000, 0.350000, -1.970241
1.550000, 0.350000, -2.251352
1.600000, 0.350000, -2.797134
1.650000, 0.350000, -3.519946
1.700000, 0.350000, -4.294897
1.750000, 0.350000, -4.987091
1.800000, 0.350000, -5.481025
1.850000, 0.350000, -5.705739
1.900000, 0.350000, -5.650226
1.950000, 0.350000, -5.365758
2.000000, 0.350000, -4.954620
0.000000, 0.400000, 0.034149
0.050000, 0.400000, 0.514899
0.100000, 0.400000, 0.860149
0.150000, 0.400000, 0.968014
0.200000, 0.400000, 0.787707
0.250000, 0.400000, 0.330798
0.300000, 0.400000, -0.331119
0.350000, 0.400000, -1.081851
0.400000, 0.400000, -1.785771
0.450000, 0.400000, -2.317225
0.500000, 0.400000, -2.587796
0.550000, 0.400000, -2.565462
0.600000, 0.400000, -2.281488
0.650000, 0.400000, -1.823550
0.700000, 0.400000, -1.316584
0.750000, 0.400000, -0.895542
0.800000, 0.400000, -0.675990
0.850000, 0.400000, -0.728961
0.900000, 0.400000, -1.065532
0.950000, 0.400000, -1.634502
1.000000, 0.400000, -2.333656
1.050000, 0.400000, -3.032179
1.100000, 0.400000, -3.599300
1.150000, 0.400000, -3.932955
1.200000, 0.400000, -3.982183
1.250000, 0.400000, -3.758393
1.300000, 0.400000, -3.333032
1.350000, 0.400000, -2.822154
1.400000, 0.400000, -2.361264
1.450000, 0.400000, -2.075903
1.500000, 0.400000, -2.054394
1.550000, 0.400000, -2.328675
1.600000, 0.400000, -2.867414
1.650000, 0.400000, -3.582882
1.700000, 0.400000, -4.350105
1.750000, 0.400000, -5.034107
1.800000, 0.400000, -5.519314
1.850000, 0.400000, -5.734702
1.900000, 0.400000, -5.669217
1.950000, 0.400000, -5.374099
2.000000, 0.400000, -4.951612
0.000000, 0.450000, -0.125270
0.050000, 0.450000, 0.352398
0.100000, 0.450000, 0.695460
0.150000, 0.450000, 0.802094
0.200000, 0.450000, 0.621556
0.250000, 0.450000, 0.165434
0.300000, 0.450000, -0.494676
0.350000, 0.450000, -1.242603
0.400000, 0.450000, -1.942756
0.450000, 0.450000, -2.469540
0.500000, 0.450000, -2.734604
0.550000, 0.450000, -2.706008
0.600000, 0.450000, -2.415108
0.650000, 0.450000, -1.949676
0.700000, 0.450000, -1.434747
0.750000, 0.450000, -1.005373
0.800000, 0.450000, -0.777219
0.850000, 0.450000, -0.821408
0.900000, 0.450000, -1.149103
0.950000, 0.450000, -1.709178
1.000000, 0.450000, -2.399482
1.050000, 0.450000, -3.089249
1.100000, 0.450000, -3.647745
1.150000, 0.450000, -3.972928
1.200000, 0.450000, -4.013845
1.250000, 0.450000, -3.781897
1.300000, 0.450000, -3.348511
1.350000, 0.450000, -2.829708
1.400000, 0.450000, -2.360951
1.450000, 0.450000, -2.067730
1.500000, 0.450000, -2.038309
1.550000, 0.450000, -2.304568
1.600000, 0.450000, -2.835110
1.650000, 0.450000, -3.542147
1.700000, 0.450000, -4.300651
1.750000, 0.450000, -4.975597
1.800000, 0.450000, -5.451375
1.850000, 0.450000, -5.656934
1.900000, 0.450000, -5.581210
1.950000, 0.450000, -5.275448
2.000000, 0.450000, -4.841937
0.000000, 0.500000, -0.199273
0.050000, 0.500000, 0.276146
0.100000, 0.500000, 0.617869
0.150000, 0.500000, 0.724132
0.200000, 0.500000, 0.544228
0.250000, 0.500000, 0.089761
0.300000, 0.500000, -0.567679
0.350000, 0.500000, -1.311943
0.400000, 0.500000, -2.007483
0.450000, 0.500000, -2.528760
0.500000, 0.500000, -2.787494
0.550000, 0.500000, -2.751826
0.600000, 0.500000, -2.453201
0.650000, 0.500000, -1.979485
0.700000, 0.500000, -1.455811
0.750000, 0.500000, -1.017327
0.800000, 0.500000, -0.779793
0.850000, 0.500000, -0.814420
0.900000, 0.500000, -1.132453
0.950000, 0.500000, -1.682836
1.000000, 0.500000, -2.363482
1.050000, 0.500000, -3.043674
1.100000, 0.500000, -3.592716
1.150000, 0.500000, -3.908590
1.200000, 0.500000, -3.940356
1.250000, 0.500000, -3.699417
1.300000, 0.500000, -3.257189
1.350000, 0.500000, -2.729676
1.400000, 0.500000, -2.252313
1.450000, 0.500000, -1.950560
1.500000, 0.500000, -1.912647
1.550000, 0.500000, -2.170417
1.600000, 0.500000, -2.692441
1.650000, 0.500000, -3.390902
1.700000, 0.500000, -4.140749
1.750000, 0.500000, -4.806944
1.800000, 0.500000, -5.273873
1.850000, 0.500000, -5.470498
1.900000, 0.500000, -5.385778
1.950000, 0.500000, -5.070998
2.000000, 0.500000, -4.628502
0.000000, 0.550000, -0.182608
0.050000, 0.550000, 0.291396
0.100000, 0.550000, 0.632609
0.150000, 0.550000, 0.739327
0.200000, 0.550000, 0.560873
0.250000, 0.550000, 0.108867
0.300000, 0.550000, -0.545107
0.350000, 0.550000, -1.284928
0.400000, 0.550000, -1.975087
0.450000, 0.550000, -2.490102
0.500000, 0.550000, -2.741764
0.550000, 0.550000, -2.698293
0.600000, 0.550000, -2.391222
0.650000, 0.550000, -1.908511
0.700000, 0.550000, -1.375386
0.750000, 0.550000, -0.927093
0.800000, 0.550000, -0.679483
0.850000, 0.550000, -0.703857
0.900000, 0.550000, -1.011542
0.950000, 0.550000, -1.551557
1.000000, 0.550000, -2.221881
1.050000, 0.550000, -2.891852
1.100000, 0.550000, -3.430820
1.150000, 0.550000, -3.736804
1.200000, 0.550000, -3.758887
1.250000, 0.550000, -3.508491
1.300000, 0.550000, -3.057040
1.350000, 0.550000, -2.520540
1.400000, 0.550000, -2.034424
1.450000, 0.550000, -1.724146
1.500000, 0.550000, -1.677928
1.550000, 0.550000, -1.927609
1.600000, 0.550000, -2.441755
1.650000, 0.550000, -3.132552
1.700000, 0.550000, -3.874957
1.750000, 0.550000, -4.533949
1.800000, 0.550000, -4.993942
1.850000, 0.550000, -5.183933
1.900000, 0.550000, -5.092930
1.950000, 0.550000, -4.772280
2.000000, 0.550000, -4.324399
0.000000, 0.600000, -0.078867
0.050000, 0.600000, 0.394535
0.100000, 0.600000, 0.736032
0.150000, 0.600000, 0.843974
0.200000, 0.600000, 0.667721
0.250000, 0.600000, 0.218906
0.300000, 0.600000, -0.430893
0.350000, 0.600000, -1.165575
0.400000, 0.600000, -1.849675
0.450000, 0.600000, -2.357764
0.500000, 0.600000, -2.601701
0.550000, 0.600000, -2.549784
0.600000, 0.600000, -2.233634
0.650000, 0.600000, -1.741301
0.700000, 0.600000, -1.198109
0.750000, 0.600000, -0.739400
0.800000, 0.600000, -0.481122
0.850000, 0.600000, -0.494668
0.900000, 0.600000, -0.791456
0.950000, 0.600000, -1.320587
1.000000, 0.600000, -1.980115
1.050000, 0.600000, -2.639450
1.100000, 0.600000, -3.168001
1.150000, 0.600000, -3.463841
1.200000, 0.600000, -3.476099
1.250000, 0.600000, -3.216236
1.300000, 0.600000, -2.755707
1.350000, 0.600000, -2.210548
1.400000, 0.600000, -1.716215
1.450000, 0.600000, -1.398183
1.500000, 0.600000, -1.344697
1.550000, 0.600000, -1.587614
1.600000, 0.600000, -2.095526
1.650000, 0.600000, -2.780644
1.700000, 0.600000, -3.517955
1.750000, 0.600000, -4.172476
1.800000, 0.600000, -4.628661
1.850000, 0.600000, -4.815556
1.900000, 0.600000, -4.722222
1.950000, 0.600000, -4.400064
2.000000, 0.600000, -3.951564
0.000000, 0.650000, 0.099930
0.050000, 0.650000, 0.573502
0.100000, 0.650000, 0.916017
0.150000, 0.650000, 1.025883
0.200000, 0.650000, 0.852498
0.250000, 0.650000, 0.407513
0.300000, 0.650000, -0.237494
0.350000, 0.650000, -0.966442
0.400000, 0.650000, -1.643902
0.450000, 0.650000, -2.144496
0.500000, 0.650000, -2.380150
0.550000, 0.650000, -2.319238
0.600000, 0.650000, -1.993466
0.650000, 0.650000, -1.490980
0.700000, 0.650000, -0.937203
0.750000, 0.650000, -0.467579
0.800000, 0.650000, -0.198161
0.850000, 0.650000, -0.200445
0.900000, 0.650000, -0.485950
0.950000, 0.650000, -1.003877
1.000000, 0.650000, -1.652374
1.050000, 0.650000, -2.300937
1.100000, 0.650000, -2.819062
1.150000, 0.650000, -3.104895
1.200000, 0.650000, -3.107639
1.250000, 0.650000, -2.838817
1.300000, 0.650000, -2.369946
1.350000, 0.650000, -1.817114
1.400000, 0.650000, -1.315828
1.450000, 0.650000, -0.991609
1.500000, 0.650000, -0.932744
1.550000, 0.650000, -1.171131
1.600000, 0.650000, -1.675401
1.650000, 0.650000, -2.357802
1.700000, 0.650000, -3.093359
1.750000, 0.650000, -3.747123
1.800000, 0.650000, -4.203584
1.850000, 0.650000, -4.391822
1.900000, 0.650000, -4.300930
1.950000, 0.650000, -3.982343
2.000000, 0.650000, -3.538568
0.000000, 0.700000, 0.334563
0.050000, 0.700000, 0.809020
0.100000, 0.700000, 1.153214
0.150000, 0.700000, 1.265616
0.200000, 0.700000, 1.095669
0.250000, 0.700000, 0.655053
0.300000, 0.700000, 0.015350
0.350000, 0.700000, -0.707373
0.400000, 0.700000, -1.377714
0.450000, 0.700000, -1.870345
0.500000, 0.700000, -2.097254
0.550000, 0.700000, -2.026892
0.600000, 0.700000, -1.691053
0.650000, 0.700000, -1.177981
0.700000, 0.700000, -0.613208
0.750000, 0.700000, -0.132290
0.800000, 0.700000, 0.148603
0.850000, 0.700000, 0.157853
0.900000, 0.700000, -0.116177
0.950000, 0.700000, -0.622809
1.000000, 0.700000, -1.260310
1.050000, 0.700000, -1.898290
1.100000, 0.700000, -2.406353
1.150000, 0.700000, -2.682752
1.200000, 0.700000, -2.676786
1.250000, 0.700000, -2.400072
1.300000, 0.700000, -1.924208
1.350000, 0.700000, -1.365362
1.400000, 0.700000, -0.859108
1.450000, 0.700000, -0.531029
1.500000, 0.700000, -0.469464
1.550000, 0.700000, -0.706358
1.600000, 0.700000, -1.210379
1.650000, 0.700000, -1.893802
1.700000, 0.700000, -2.631671
1.750000, 0.700000, -3.289049
1.800000, 0.700000, -3.750426
1.850000, 0.700000, -3.944874
1.900000, 0.700000, -3.861466
1.950000, 0.700000, -3.551607
2.000000, 0.700000, -3.117762
0.000000, 0.750000, 0.600559
0.050000, 0.750000, 1.076538
0.100000, 0.750000, 1.422980
0.150000, 0.750000, 1.538430
0.200000, 0.750000, 1.372387
0.250000, 0.750000, 0.936567
0.300000, 0.750000, 0.302569
0.350000, 0.750000, -0.413542
0.400000, 0.750000, -1.076391
0.450000, 0.750000, -1.560691
0.500000, 0.750000, -1.778489
0.550000, 0.750000, -1.698317
0.600000, 0.750000, -1.352063
0.650000, 0.750000, -0.828077
0.700000, 0.750000, -0.252009
0.750000, 0.750000, 0.240453
0.800000, 0.750000, 0.533004
0.850000, 0.750000, 0.553882
0.900000, 0.750000, 0.291304
0.950000, 0.750000, -0.204201
1.000000, 0.750000, -0.831043
1.050000, 0.750000, -1.458980
1.100000, 0.750000, -1.957753
1.150000, 0.750000, -2.225749
1.200000, 0.750000, -2.212391
1.250000, 0.750000, -1.929409
1.300000, 0.750000, -1.448506
1.350000, 0.750000, -0.885939
1.400000, 0.750000, -0.377360
1.450000, 0.750000, -0.048412
1.500000, 0.750000, 0.012520
1.550000, 0.750000, -0.226537
1.600000, 0.750000, -0.734262
1.650000, 0.750000, -1.422925
1.700000, 0.750000, -2.167544
1.750000, 0.750000, -2.833138
1.800000, 0.750000, -3.304134
1.850000, 0.750000, -3.509521
1.900000, 0.750000, -3.438272
1.950000, 0.750000, -3.141673
2.000000, 0.750000, -2.722051
0.000000, 0.800000, 0.870633
0.050000, 0.800000, 1.348680
0.100000, 0.800000, 1.697835
0.150000, 0.800000, 1.816734
0.200000, 0.800000, 1.654945
0.250000, 0.800000, 1.224234
0.300000, 0.800000, 0.596232
0.350000, 0.800000, -0.112992
0.400000, 0.800000, -0.768077
0.450000, 0.800000, -1.243774
0.500000, 0.800000, -1.452192
0.550000, 0.800000, -1.361944
0.600000, 0.800000, -1.005021
0.650000, 0.800000, -0.469895
0.700000, 0.800000, 0.117647
0.750000, 0.800000, 0.621767
0.800000, 0.800000, 0.925995
0.850000, 0.800000, 0.958398
0.900000, 0.800000, 0.707016
0.950000, 0.800000, 0.222198
1.000000, 0.800000, -0.394647
1.050000, 0.800000, -1.013449
1.100000, 0.800000, -1.504122
1.150000, 0.800000, -1.765207
1.200000, 0.800000, -1.746275
1.250000, 0.800000, -1.459183
1.300000, 0.800000, -0.975746
1.350000, 0.800000, -0.412308
1.400000, 0.800000, 0.095413
1.450000, 0.800000, 0.421732
1.500000, 0.800000, 0.478251
1.550000, 0.800000, 0.233009
1.600000, 0.800000, -0.282630
1.650000, 0.800000, -0.980864
1.700000, 0.800000, -1.736612
1.750000, 0.800000, -2.414766
1.800000, 0.800000, -2.899597
1.850000, 0.800000, -3.119913
1.900000, 0.800000, -3.064482
1.950000, 0.800000, -2.784360
2.000000, 0.800000, -2.381626
0.000000, 0.850000, 1.117409
0.050000, 0.850000, 1.597964
0.100000, 0.850000, 1.950184
0.150000, 0.850000, 2.072812
0.200000, 0.850000, 1.915506
0.250000, 0.850000, 1.490101
0.300000, 0.850000, 0.868271
0.350000, 0.850000, 0.166107
0.400000, 0.850000, -0.481040
0.450000, 0.850000, -0.947955
0.500000, 0.850000, -1.146811
0.550000, 0.850000, -1.046311
0.600000, 0.850000, -0.678560
0.650000, 0.850000, -0.132172
0.700000, 0.850000, 0.466905
0.750000, 0.850000, 0.982653
0.800000, 0.850000, 1.298406
0.850000, 0.850000, 1.342026
0.900000, 0.850000, 1.101338
0.950000, 0.850000, 0.626478
1.000000, 0.850000, 0.018640
1.050000, 0.850000, -0.592312
1.100000, 0.850000, -1.076484
1.150000, 0.850000, -1.332594
1.200000, 0.850000, -1.310368
1.250000, 0.850000, -1.021794
1.300000, 0.850000, -0.538786
1.350000, 0.850000, 0.022244
1.400000, 0.850000, 0.525544
1.450000, 0.850000, 0.845438
1.500000, 0.850000, 0.893569
1.550000, 0.850000, 0.638063
1.600000, 0.850000, 0.110408
1.650000, 0.850000, -0.601430
1.700000, 0.850000, -1.372171
1.750000, 0.850000, -2.066467
1.800000, 0.850000, -2.568320
1.850000, 0.850000, -2.806242
1.900000, 0.850000, -2.768677
1.950000, 0.850000, -2.506341
2.000000, 0.850000, -2.120959
0.000000, 0.900000, 1.316137
0.050000, 0.900000, 1.799524
0.100000, 0.900000, 2.155037
0.150000, 0.900000, 2.281552
0.200000, 0.900000, 2.128838
0.250000, 0.900000, 1.708818
0.300000, 0.900000, 1.093230
0.350000, 0.900000, 0.398197
0.400000, 0.900000, -0.240930
0.450000, 0.900000, -0.698969
0.500000, 0.900000, -0.888163
0.550000, 0.900000, -0.777315
0.600000, 0.900000, -0.398666
0.650000, 0.900000, 0.159004
0.700000, 0.900000, 0.769556
0.750000, 0.900000, 1.296756
0.800000, 0.900000, 1.623705
0.850000, 0.900000, 1.678020
0.900000, 0.900000, 1.447273
0.950000, 0.900000, 0.981349
1.000000, 0.900000, 0.381197
1.050000, 0.900000, -0.223548
1.100000, 0.900000, -0.703204
1.150000, 0.900000, -0.956674
1.200000, 0.900000, -0.933832
1.250000, 0.900000, -0.646778
1.300000, 0.900000, -0.167497
1.350000, 0.900000, 0.387578
1.400000, 0.900000, 0.882725
1.450000, 0.900000, 1.192345
1.500000, 0.900000, 1.228216
1.550000, 0.900000, 0.958646
1.600000, 0.900000, 0.415359
1.650000, 0.900000, -0.313401
1.700000, 0.900000, -1.102025
1.750000, 0.900000, -1.814808
1.800000, 0.900000, -2.335358
1.850000, 0.900000, -2.591769
1.900000, 0.900000, -2.572054
1.950000, 0.900000, -2.326491
2.000000, 0.900000, -1.956366
0.000000, 0.950000, 1.447150
0.050000, 0.950000, 1.933567
0.100000, 0.950000, 2.292477
0.150000, 0.950000, 2.422909
0.200000, 0.950000, 2.274774
0.250000, 0.950000, 1.860108
0.300000, 0.950000, 1.250729
0.350000, 0.950000, 0.562807
0.400000, 0.950000, -0.068298
0.450000, 0.950000, -0.517443
0.500000, 0.950000, -0.696945
0.550000, 0.950000, -0.575729
0.600000, 0.950000, -0.186196
0.650000, 0.950000, 0.382678
0.700000, 0.950000, 1.004524
0.750000, 0.950000, 1.542852
0.800000, 0.950000, 1.880488
0.850000, 0.950000, 1.944760
0.900000, 0.950000, 1.722950
0.950000, 0.950000, 1.264655
1.000000, 0.950000, 0.670556
1.050000, 0.950000, 0.070038
1.100000, 0.950000, -0.407431
1.150000, 0.950000, -0.660927
1.200000, 0.950000, -0.640451
1.250000, 0.950000, -0.358176
1.300000, 0.950000, 0.113904
1.350000, 0.950000, 0.659407
1.400000, 0.950000, 1.142728
1.450000, 0.950000, 1.438450
1.500000, 0.950000, 1.458598
1.550000, 0.950000, 1.171790
1.600000, 0.950000, 0.610114
1.650000, 0.950000, -0.137771
1.700000, 0.950000, -0.945802
1.750000, 0.950000, -1.677784
1.800000, 0.950000, -2.216818
1.850000, 0.950000, -2.490480
1.900000, 0.950000, -2.486269
1.950000, 0.950000, -2.253963
2.000000, 0.950000, -1.894382
0.000000, 1.000000, 1.497808
0.050000, 1.000000, 1.987328
0.100000, 1.000000, 2.349606
0.150000, 1.000000, 2.483864
0.200000, 1.000000, 2.340180
0.250000, 1.000000, 1.930730
0.300000, 1.000000, 1.327436
0.350000, 1.000000, 0.646526
0.400000, 1.000000, 0.023372
0.450000, 1.000000, -0.416923
0.500000, 1.000000, -0.586767
0.550000, 1.000000, -0.455229
0.600000, 1.000000, -0.054901
0.650000, 1.000000, 0.525006
0.700000, 1.000000, 1.157848
0.750000, 1.000000, 1.706834
0.800000, 1.000000, 2.054467
0.850000, 1.000000, 2.127746
0.900000, 1.000000, 1.913622
0.950000, 1.000000, 1.461381
1.000000, 1.000000, 0.871410
1.050000, 1.000000, 0.272847
1.100000, 1.000000, -0.205043
1.150000, 1.000000, -0.461481
1.200000, 1.000000, -0.446546
1.250000, 1.000000, -0.172414
1.300000, 1.000000, 0.288994
1.350000, 1.000000, 0.821449
1.400000, 1.000000, 1.289580
1.450000, 1.000000, 1.568282
1.500000, 1.000000, 1.569965
1.550000, 1.000000, 1.263697
1.600000, 1.000000, 0.682071
1.650000, 1.000000, -0.085702
1.700000, 1.000000, -0.912980
1.750000, 1.000000, -1.662969
1.800000, 1.000000, -2.218176
1.850000, 1.000000, -2.505596
1.900000, 1.000000, -2.512182
1.950000, 1.000000, -2.287219
2.000000, 1.000000, -1.931096
0.000000, 1.050000, 1.463757
0.050000, 1.050000, 1.956319
0.100000, 1.050000, 2.321812
0.150000, 1.050000, 2.459683
0.200000, 1.050000, 2.320213
0.250000, 1.050000, 1.915748
0.300000, 1.050000, 1.318333
0.350000, 1.050000, 0.644269
0.400000, 1.050000, 0.028939
0.450000, 1.050000, -0.402599
0.500000, 1.050000, -0.562869
0.550000, 1.050000, -0.421109
0.600000, 1.050000, -0.010145
0.650000, 1.050000, 0.580533
0.700000, 1.050000, 1.223958
0.750000, 1.050000, 1.782988
0.800000, 1.050000, 2.139755
0.850000, 1.050000, 2.220884
0.900000, 1.050000, 2.012967
0.950000, 1.050000, 1.564952
1.000000, 1.050000, 0.976938
1.050000, 1.050000, 0.377820
1.100000, 1.050000, -0.103303
1.150000, 1.050000, -0.365743
1.200000, 1.050000, -0.359582
1.250000, 1.050000, -0.096903
1.300000, 1.050000, 0.350557
1.350000, 1.050000, 0.866854
1.400000, 1.050000, 1.316991
1.450000, 1.050000, 1.576325
1.500000, 1.050000, 1.557801
1.550000, 1.050000, 1.231083
1.600000, 1.050000, 0.629409
1.650000, 1.050000, -0.157338
1.700000, 1.050000, -1.001834
1.750000, 1.050000, -1.766620
1.800000, 1.050000, -2.333565
1.850000, 1.050000, -2.629087
1.900000, 1.050000, -2.639634
1.950000, 1.050000, -2.414081
2.000000, 1.050000, -2.052520
0.000000, 1.100000, 1.349352
0.050000, 1.100000, 1.844769
0.100000, 1.100000, 2.213200
0.150000, 1.100000, 2.354360
0.200000, 1.100000, 2.218771
0.250000, 1.100000, 1.818977
0.300000, 1.100000, 1.227169
0.350000, 1.100000, 0.559731
0.400000, 1.100000, -0.047941
0.450000, 1.100000, -0.470855
0.500000, 1.100000, -0.621670
0.550000, 1.100000, -0.469837
0.600000, 1.100000, -0.048456
0.650000, 1.100000, 0.552649
0.700000, 1.100000, 1.206136
0.750000, 1.100000, 1.774455
0.800000, 1.100000, 2.139323
0.850000, 1.100000, 2.226953
0.900000, 1.100000, 2.023552
0.950000, 1.100000, 1.577724
1.000000, 1.100000, 0.989288
1.050000, 1.100000, 0.386938
1.100000, 1.100000, -0.100342
1.150000, 1.100000, -0.371871
1.200000, 1.100000, -0.377630
1.250000, 1.100000, -0.129489
1.300000, 1.100000, 0.301144
1.350000, 1.100000, 0.798759
1.400000, 1.100000, 1.228894
1.450000, 1.100000, 1.467524
1.500000, 1.100000, 1.428283
1.550000, 1.100000, 1.081571
1.600000, 1.100000, 0.461387
1.650000, 1.100000, -0.341626
1.700000, 1.100000, -1.199411
1.750000, 1.100000, -1.973824
1.800000, 1.100000, -2.546136
1.850000, 1.100000, -2.842263
1.900000, 1.100000, -2.848282
1.950000, 1.100000, -2.612839
2.000000, 1.100000, -2.235954
0.000000, 1.150000, 1.167231
0.050000, 1.150000, 1.665190
0.100000, 1.150000, 2.036168
0.150000, 1.150000, 2.180193
0.200000, 1.150000, 2.048065
0.250000, 1.150000, 1.652562
0.300000, 1.150000, 1.066040
0.350000, 1.150000, 0.404974
0.400000, 1.150000, -0.195235
0.450000, 1.150000, -0.609678
0.500000, 1.150000, -0.751184
0.550000, 1.150000, -0.589460
0.600000, 1.150000, -0.157935
0.650000, 1.150000, 0.453177
0.700000, 1.150000, 1.116098
0.750000, 1.150000, 1.692820
0.800000, 1.150000, 2.064598
0.850000, 1.150000, 2.157204
0.900000, 1.150000, 1.956443
0.950000, 1.150000, 1.510589
1.000000, 1.150000, 0.919211
1.050000, 1.150000, 0.310858
1.100000, 1.150000, -0.185510
1.150000, 1.150000, -0.469115
1.200000, 1.150000, -0.489702
1.250000, 1.150000, -0.258781
1.300000, 1.150000, 0.152733
1.350000, 1.150000, 0.629930
1.400000, 1.150000, 1.039051
1.450000, 1.150000, 1.256848
1.500000, 1.150000, 1.197781
1.550000, 1.150000, 0.833097
1.600000, 1.150000, 0.197635
1.650000, 1.150000, -0.617167
1.700000, 1.150000, -1.482529
1.750000, 1.150000, -2.259694
1.800000, 1.150000, -2.829446
1.850000, 1.150000, -3.117380
1.900000, 1.150000, -3.109427
1.950000, 1.150000, -2.854280
2.000000, 1.150000, -2.452210
0.000000, 1.200000, 0.937062
0.050000, 1.200000, 1.437135
0.100000, 1.200000, 1.810165
0.150000, 1.200000, 1.956541
0.200000, 1.200000, 1.827388
0.250000, 1.200000, 1.435744
0.300000, 1.200000, 0.854154
0.350000, 1.200000, 0.199186
0.400000, 1.200000, -0.393763
0.450000, 1.200000, -0.799894
0.500000, 1.200000, -0.932250
0.550000, 1.200000, -0.760843
0.600000, 1.200000, -0.319493
0.650000, 1.200000, 0.301133
0.700000, 1.200000, 0.972763
0.750000, 1.200000, 1.556878
0.800000, 1.200000, 1.934231
0.850000, 1.200000, 2.030130
0.900000, 1.200000, 1.829985
0.950000, 1.200000, 1.381765
1.000000, 1.200000, 0.784846
1.050000, 1.200000, 0.167720
1.100000, 1.200000, -0.340569
1.150000, 1.200000, -0.639002
1.200000, 1.200000, -0.676938
1.250000, 1.200000, -0.465349
1.300000, 1.200000, -0.074485
1.350000, 1.200000, 0.381523
1.400000, 1.200000, 0.769778
1.450000, 1.200000, 0.967948
1.500000, 1.200000, 0.891427
1.550000, 1.200000, 0.512380
1.600000, 1.200000, -0.133499
1.650000, 1.200000, -0.954012
1.700000, 1.200000, -1.819753
1.750000, 1.200000, -2.591504
1.800000, 1.200000, -3.149785
1.850000, 1.200000, -3.420137
1.900000, 1.200000, -3.388668
1.950000, 1.200000, -3.104482
2.000000, 1.200000, -2.668487
0.000000, 1.250000, 0.683596
0.050000, 1.250000, 1.185247
0.100000, 1.250000, 1.559745
0.150000, 1.250000, 1.707888
0.200000, 1.250000, 1.581167
0.250000, 1.250000, 1.192919
0.300000, 1.250000, 0.615892
0.350000, 1.250000, -0.033251
0.400000, 1.250000, -0.619136
0.450000, 1.250000, -1.017109
0.500000, 1.250000, -1.140473
0.550000, 1.250000, -0.959609
0.600000, 1.250000, -0.508792
0.650000, 1.250000, 0.120792
0.700000, 1.250000, 0.800316
0.750000, 1.250000, 1.390698
0.800000, 1.250000, 1.772160
0.850000, 1.250000, 1.869542
0.900000, 1.250000, 1.667876
0.950000, 1.250000, 1.214878
1.000000, 1.250000, 0.609816
1.050000, 1.250000, -0.018764
1.100000, 1.250000, -0.541590
1.150000, 1.250000, -0.857243
1.200000, 1.250000, -0.914511
1.250000, 1.250000, -0.723646
1.300000, 1.250000, -0.354051
1.350000, 1.250000, 0.081091
1.400000, 1.250000, 0.449888
1.450000, 1.250000, 0.631029
1.500000, 1.250000, 0.540902
1.550000, 1.250000, 0.152593
1.600000, 1.250000, -0.497408
1.650000, 1.250000, -1.316264
1.700000, 1.250000, -2.174134
1.750000, 1.250000, -2.931593
1.800000, 1.250000, -3.469206
1.850000, 1.250000, -3.712828
1.900000, 1.250000, -3.649139
1.950000, 1.250000, -3.328074
2.000000, 1.250000, -2.851603
0.000000, 1.300000, 0.434207
0.050000, 1.300000, 0.936812
0.100000, 1.300000, 1.312117
0.150000, 1.300000, 1.461386
0.200000, 1.300000, 1.336525
0.250000, 1.300000, 0.951197
0.300000, 1.300000, 0.378369
0.350000, 1.300000, -0.265206
0.400000, 1.300000, -0.844201
0.450000, 1.300000, -1.234148
0.500000, 1.300000, -1.348671
0.550000, 1.300000, -1.158584
0.600000, 1.300000, -0.698690
0.650000, 1.300000, -0.060763
0.700000, 1.300000, 0.625753
0.750000, 1.300000, 1.221174
0.800000, 1.300000, 1.605171
0.850000, 1.300000, 1.702123
0.900000, 1.300000, 1.496731
0.950000, 1.300000, 1.036532
1.000000, 1.300000, 0.420797
1.050000, 1.300000, -0.221730
1.100000, 1.300000, -0.761384
1.150000, 1.300000, -1.096156
1.200000, 1.300000, -1.174074
1.250000, 1.300000, -1.004477
1.300000, 1.300000, -0.655744
1.350000, 1.300000, -0.239965
1.400000, 1.300000, 0.112077
1.450000, 1.300000, 0.280151
1.500000, 1.300000, 0.181631
1.550000, 1.300000, -0.209554
1.600000, 1.300000, -0.856262
1.650000, 1.300000, -1.665239
1.700000, 1.300000, -2.506495
1.750000, 1.300000, -3.240748
1.800000, 1.300000, -3.749006
1.850000, 1.300000, -3.957862
1.900000, 1.300000, -3.855018
1.950000, 1.300000, -3.491675
2.000000, 1.300000, -2.971277
0.000000, 1.350000, 0.216181
0.050000, 1.350000, 0.719037
0.100000, 1.350000, 1.094430
0.150000, 1.350000, 1.244151
0.200000, 1.350000, 1.120562
0.250000, 1.350000, 0.737684
0.300000, 1.350000, 0.168714
0.350000, 1.350000, -0.469514
0.400000, 1.350000, -1.041755
0.450000, 1.350000, -1.423778
0.500000, 1.350000, -1.529590
0.550000, 1.350000, -1.330517
0.600000, 1.350000, -0.861963
0.650000, 1.350000, -0.216363
0.700000, 1.350000, 0.476167
0.750000, 1.350000, 1.075308
0.800000, 1.350000, 1.460177
0.850000, 1.350000, 1.554721
0.900000, 1.350000, 1.343374
0.950000, 1.350000, 0.873602
1.000000, 1.350000, 0.244820
1.050000, 1.350000, -0.413866
1.100000, 1.350000, -0.972201
1.150000, 1.350000, -1.327391
1.200000, 1.350000, -1.426498
1.250000, 1.350000, -1.277767
1.300000, 1.350000, -0.948398
1.350000, 1.350000, -0.549277
1.400000, 1.350000, -0.210023
1.450000, 1.350000, -0.049803
1.500000, 1.350000, -0.150345
1.550000, 1.350000, -0.537044
1.600000, 1.350000, -1.172348
1.650000, 1.350000, -1.962906
1.700000, 1.350000, -2.778957
1.750000, 1.350000, -3.481789
1.800000, 1.350000, -3.953310
1.850000, 1.350000, -4.121317
1.900000, 1.350000, -3.974978
1.950000, 1.350000, -3.567165
2.000000, 1.350000, -3.003130
0.000000, 1.400000, 0.053993
0.050000, 1.400000, 0.556337
0.100000, 1.400000, 0.931063
0.150000, 1.400000, 1.080542
0.200000, 1.400000, 0.957644
0.250000, 1.400000, 0.576774
0.300000, 1.400000, 0.011364
0.350000, 1.400000, -0.621690
0.400000, 1.400000, -1.187262
0.450000, 1.400000, -1.561418
0.500000, 1.400000, -1.658624
0.550000, 1.400000, -1.450798
0.600000, 1.400000, -0.974027
0.650000, 1.400000, -0.321474
0.700000, 1.400000, 0.376024
0.750000, 1.400000, 0.977491
0.800000, 1.400000, 1.361501
0.850000, 1.400000, 1.451625
0.900000, 1.400000, 1.232125
0.950000, 1.400000, 0.750526
1.000000, 1.400000, 0.106554
1.050000, 1.400000, -0.570125
1.100000, 1.400000, -1.148463
1.150000, 1.400000, -1.524666
1.200000, 1.400000, -1.644640
1.250000, 1.400000, -1.515368
1.300000, 1.400000, -1.202752
1.350000, 1.400000, -0.816419
1.400000, 1.400000, -0.484836
1.450000, 1.400000, -0.326206
1.500000, 1.400000, -0.421535
1.550000, 1.400000, -0.795807
1.600000, 1.400000, -1.411406
1.650000, 1.400000, -2.175286
1.700000, 1.400000, -2.958371
1.750000, 1.400000, -3.622999
1.800000, 1.400000, -4.052458
1.850000, 1.400000, -4.176199
1.900000, 1.400000, -3.985252
1.950000, 1.400000, -3.534472
2.000000, 1.400000, -2.931118
0.000000, 1.450000, -0.033142
0.050000, 1.450000, 0.467890
0.100000, 1.450000, 0.841173
0.150000, 1.450000, 0.989724
0.200000, 1.450000, 0.866960
0.250000, 1.450000, 0.487700
0.300000, 1.450000, -0.074389
0.350000, 1.450000, -0.702375
0.400000, 1.450000, -1.261298
0.450000, 1.450000, -1.627594
0.500000, 1.450000, -1.716268
0.550000, 1.450000, -1.499917
0.600000, 1.450000, -1.015392
0.650000, 1.450000, -0.356652
0.700000, 1.450000, 0.344706
0.750000, 1.450000, 0.947042
0.800000, 1.450000, 1.328423
0.850000, 1.450000, 1.412121
0.900000, 1.450000, 1.182348
0.950000, 1.450000, 0.686851
1.000000, 1.450000, 0.025859
1.050000, 1.450000, -0.670188
1.100000, 1.450000, -1.269230
1.150000, 1.450000, -1.666266
1.200000, 1.450000, -1.805867
1.250000, 1.450000, -1.693624
1.300000, 1.450000, -1.394075
1.350000, 1.450000, -1.015597
1.400000, 1.450000, -0.685603
1.450000, 1.450000, -0.521516
1.500000, 1.450000, -0.603906
1.550000, 1.450000, -0.957704
1.600000, 1.450000, -1.545657
1.650000, 1.450000, -2.275503
1.700000, 1.450000, -3.019352
1.750000, 1.450000, -3.641088
1.800000, 1.450000, -4.025831
1.850000, 1.450000, -4.105078
1.900000, 1.450000, -3.872005
1.950000, 1.450000, -3.383607
2.000000, 1.450000, -2.749159
0.000000, 1.500000, -0.033199
0.050000, 1.500000, 0.465697
0.100000, 1.500000, 0.836766
0.150000, 1.500000, 0.983724
0.200000, 1.500000, 0.860586
0.250000, 1.500000, 0.482602
0.300000, 1.500000, -0.076331
0.350000, 1.500000, -0.699275
0.400000, 1.500000, -1.251500
0.450000, 1.500000, -1.609884
0.500000, 1.500000, -1.690066
0.550000, 1.500000, -1.465410
0.600000, 1.500000, -0.973616
0.650000, 1.500000, -0.309498
0.700000, 1.500000, 0.394560
0.750000, 1.500000, 0.996263
0.800000, 1.500000, 1.373230
0.850000, 1.500000, 1.448541
0.900000, 1.500000, 1.206507
0.950000, 1.500000, 0.695288
1.000000, 1.500000, 0.015831
1.050000, 1.500000, -0.700424
1.100000, 1.500000, -1.320182
1.150000, 1.500000, -1.737045
1.200000, 1.500000, -1.894099
1.250000, 1.500000, -1.795461
1.300000, 1.500000, -1.504306
1.350000, 1.500000, -1.127850
1.400000, 1.500000, -0.792643
1.450000, 1.500000, -0.615618
1.500000, 1.500000, -0.677277
1.550000, 1.500000, -1.002950
1.600000, 1.500000, -1.556243
1.650000, 1.500000, -2.246201
1.700000, 1.500000, -2.946628
1.750000, 1.500000, -3.523412
1.800000, 1.500000, -3.863891
1.850000, 1.500000, -3.901868
1.900000, 1.500000, -3.632787
1.950000, 1.500000, -3.115736
2.000000, 1.500000, -2.461779
0.000000, 1.550000, 0.057411
0.050000, 1.550000, 0.553351
0.100000, 1.550000, 0.921453
0.150000, 1.550000, 1.066200
0.200000, 1.550000, 0.942243
0.250000, 1.550000, 0.565282
0.300000, 1.550000, 0.009430
0.350000, 1.550000, -0.608411
0.400000, 1.550000, -1.153807
0.450000, 1.550000, -1.504168
0.500000, 1.550000, -1.575861
0.550000, 1.550000, -1.343116
0.600000, 1.550000, -0.844558
0.650000, 1.550000, -0.175910
0.700000, 1.550000, 0.529640
0.750000, 1.550000, 1.129180
0.800000, 1.550000, 1.499963
0.850000, 1.550000, 1.565010
0.900000, 1.550000, 1.308912
0.950000, 1.550000, 0.780455
1.000000, 1.550000, 0.081538
1.050000, 1.550000, -0.655166
1.100000, 1.550000, -1.294919
1.150000, 1.550000, -1.729754
1.200000, 1.550000, -1.901171
1.250000, 1.550000, -1.811796
1.300000, 1.550000, -1.523517
1.350000, 1.550000, -1.142574
1.400000, 1.550000, -0.794941
1.450000, 1.550000, -0.597440
1.500000, 1.550000, -0.630975
1.550000, 1.550000, -0.921782
1.600000, 1.550000, -1.434872
1.650000, 1.550000, -2.081116
1.700000, 1.550000, -2.736482
1.750000, 1.550000, -3.269242
1.800000, 1.550000, -3.569200
1.850000, 1.550000, -3.572553
1.900000, 1.550000, -3.276918
1.950000, 1.550000, -2.743187
2.000000, 1.550000, -2.083730
0.000000, 1.600000, 0.233437
0.050000, 1.600000, 0.725619
0.100000, 1.600000, 1.090047
0.150000, 1.600000, 1.232027
0.200000, 1.600000, 1.106888
0.250000, 1.600000, 0.730790
0.300000, 1.600000, 0.178046
0.350000, 1.600000, -0.434534
0.400000, 1.600000, -0.972885
0.450000, 1.600000, -1.315049
0.500000, 1.600000, -1.378225
0.550000, 1.600000, -1.137602
0.600000, 1.600000, -0.632810
0.650000, 1.600000, 0.039480
0.700000, 1.600000, 0.745281
0.750000, 1.600000, 1.341116
0.800000, 1.600000, 1.703985
0.850000, 1.600000, 1.757016
0.900000, 1.600000, 1.485285
0.950000, 1.600000, 0.938439
1.000000, 1.600000, 0.219572
1.050000, 1.600000, -0.537180
1.100000, 1.600000, -1.195443
1.150000, 1.600000, -1.645556
1.200000, 1.600000, -1.827390
1.250000, 1.600000, -1.742136
1.300000, 1.600000, -1.450564
1.350000, 1.600000, -1.058218
1.400000, 1.600000, -0.690879
1.450000, 1.600000, -0.465732
1.500000, 1.600000, -0.464608
1.550000, 1.600000, -0.715212
1.600000, 1.600000, -1.184495
1.650000, 1.600000, -1.785637
1.700000, 1.600000, -2.397155
1.750000, 1.600000, -2.889944
1.800000, 1.600000, -3.156335
1.850000, 1.600000, -3.134789
1.900000, 1.600000, -2.824754
1.950000, 1.600000, -2.288379
2.000000, 1.600000, -1.638611
0.000000, 1.650000, 0.481237
0.050000, 1.650000, 0.968901
0.100000, 1.650000, 1.329006
0.150000, 1.650000, 1.467745
0.200000, 1.650000, 1.341158
0.250000, 1.650000, 0.965872
0.300000, 1.650000, 0.416371
0.350000, 1.650000, -0.190685
0.400000, 1.650000, -0.721693
0.450000, 1.650000, -1.055427
0.500000, 1.650000, -1.110026
0.550000, 1.650000, -0.861738
0.600000, 1.650000, -0.351268
0.650000, 1.650000, 0.323739
0.700000, 1.650000, 1.028518
0.750000, 1.650000, 1.619113
0.800000, 1.650000, 1.972412
0.850000, 1.650000, 2.011837
0.900000, 1.650000, 1.723186
0.950000, 1.650000, 1.157214
1.000000, 1.650000, 0.418459
1.050000, 1.650000, -0.357267
1.100000, 1.650000, -1.031796
1.150000, 1.650000, -1.493698
1.200000, 1.650000, -1.681243
1.250000, 1.650000, -1.594332
1.300000, 1.650000, -1.292881
1.350000, 1.650000, -0.882115
1.400000, 1.650000, -0.488099
1.450000, 1.650000, -0.228918
1.500000, 1.650000, -0.187906
1.550000, 1.650000, -0.394795
1.600000, 1.650000, -0.818977
1.650000, 1.650000, -1.376335
1.700000, 1.650000, -1.948171
1.750000, 1.650000, -2.408054
1.800000, 1.650000, -2.650687
1.850000, 1.650000, -2.616407
1.900000, 1.650000, -2.305896
1.950000, 1.650000, -1.781771
2.000000, 1.650000, -1.156611
0.000000, 1.700000, 0.780053
0.050000, 1.700000, 1.262499
0.100000, 1.700000, 1.617713
0.150000, 1.700000, 1.752831
0.200000, 1.700000, 1.624639
0.250000, 1.700000, 1.250232
0.300000, 1.700000, 0.704225
0.350000, 1.700000, 0.103060
0.400000, 1.700000, -0.420219
0.450000, 1.700000, -0.745234
0.500000, 1.700000, -0.791176
0.550000, 1.700000, -0.535447
0.600000, 1.700000, -0.019883
0.650000, 1.700000, 0.656878
0.700000, 1.700000, 1.359345
0.750000, 1.700000, 1.943190
0.800000, 1.700000, 2.285359
0.850000, 1.700000, 2.309793
0.900000, 1.700000, 2.003257
0.950000, 1.700000, 1.417879
1.000000, 1.700000, 0.659877
1.050000, 1.700000, -0.133067
1.100000, 1.700000, -0.820884
1.150000, 1.700000, -1.290364
1.200000, 1.700000, -1.478288
1.250000, 1.700000, -1.383506
1.300000, 1.700000, -1.065441
1.350000, 1.700000, -0.629470
1.400000, 1.700000, -0.202488
1.450000, 1.700000, 0.095928
1.500000, 1.700000, 0.180363
1.550000, 1.700000, 0.018535
1.600000, 1.700000, -0.361799
1.650000, 1.700000, -0.879475
1.700000, 1.700000, -1.418631
1.750000, 1.700000, -1.855335
1.800000, 1.700000, -2.086248
1.850000, 1.700000, -2.052947
1.900000, 1.700000, -1.756506
1.950000, 1.700000, -1.259020
2.000000, 1.700000, -0.671621
0.000000, 1.750000, 1.103992
0.050000, 1.750000, 1.580595
0.100000, 1.750000, 1.930443
0.150000, 1.750000, 2.061671
0.200000, 1.750000, 1.931838
0.250000, 1.750000, 1.558500
0.300000, 1.750000, 1.016359
0.350000, 1.750000, 0.421556
0.400000, 1.750000, -0.093531
0.450000, 1.750000, -0.409491
0.500000, 1.750000, -0.446682
0.550000, 1.750000, -0.183749
0.600000, 1.750000, 0.336285
0.650000, 1.750000, 1.013804
0.700000, 1.750000, 1.712656
0.750000, 1.750000, 2.288286
0.800000, 1.750000, 2.617895
0.850000, 1.750000, 2.626187
0.900000, 1.750000, 2.301164
0.950000, 1.750000, 1.696587
1.000000, 1.750000, 0.920578
1.050000, 1.750000, 0.112837
1.100000, 1.750000, -0.584608
1.150000, 1.750000, -1.056838
1.200000, 1.750000, -1.239349
1.250000, 1.750000, -1.130275
1.300000, 1.750000, -0.789004
1.350000, 1.750000, -0.321613
1.400000, 1.750000, 0.143574
1.450000, 1.750000, 0.484883
1.500000, 1.750000, 0.614270
1.550000, 1.750000, 0.496464
1.600000, 1.750000, 0.156102
1.650000, 1.750000, -0.328668
1.700000, 1.750000, -0.844646
1.750000, 1.750000, -1.269971
1.800000, 1.750000, -1.502592
1.850000, 1.750000, -1.484448
1.900000, 1.750000, -1.215974
1.950000, 1.750000, -0.757623
2.000000, 1.750000, -0.217968
0.000000, 1.800000, 1.424501
0.050000, 1.800000, 1.894731
0.100000, 1.800000, 2.238846
0.150000, 1.800000, 2.366034
0.200000, 1.800000, 2.234652
0.250000, 1.800000, 1.862701
0.300000, 1.800000, 1.324917
0.350000, 1.800000, 0.737047
0.400000, 1.800000, 0.230687
0.450000, 1.800000, -0.075843
0.500000, 1.800000, -0.104185
0.550000, 1.800000, 0.165684
0.600000, 1.800000, 0.689526
0.650000, 1.800000, 1.366768
0.700000, 1.800000, 2.060705
0.750000, 1.800000, 2.626716
0.800000, 1.800000, 2.942490
0.850000, 1.800000, 2.933759
0.900000, 1.800000, 2.590040
0.950000, 1.800000, 1.966979
1.000000, 1.800000, 1.174797
1.050000, 1.800000, 0.355317
1.100000, 1.800000, -0.347494
1.150000, 1.800000, -0.817164
1.200000, 1.800000, -0.988203
1.250000, 1.800000, -0.858463
1.300000, 1.800000, -0.487836
1.350000, 1.800000, 0.016292
1.400000, 1.800000, 0.523541
1.450000, 1.800000, 0.909565
1.500000, 1.800000, 1.083216
1.550000, 1.800000, 1.005932
1.600000, 1.800000, 0.699137
1.650000, 1.800000, 0.238125
1.700000, 1.800000, -0.266133
1.750000, 1.800000, -0.693166
1.800000, 1.800000, -0.941306
1.850000, 1.800000, -0.951785
1.900000, 1.800000, -0.723245
1.950000, 1.800000, -0.313358
2.000000, 1.800000, 0.172892
0.000000, 1.850000, 1.713123
0.050000, 1.850000, 2.176554
0.100000, 1.850000, 2.514687
0.150000, 1.850000, 2.637813
0.200000, 1.850000, 2.505106
0.250000, 1.850000, 2.134990
0.300000, 1.850000, 1.602169
0.350000, 1.850000, 1.021897
0.400000, 1.850000, 0.524862
0.450000, 1.850000, 0.228161
0.500000, 1.850000, 0.208753
0.550000, 1.850000, 0.485256
0.600000, 1.850000, 1.012195
0.650000, 1.850000, 1.688094
0.700000, 1.850000, 2.375820
0.750000, 1.850000, 2.930893
0.800000, 1.850000, 3.231737
0.850000, 1.850000, 3.205401
0.900000, 1.850000, 2.843193
0.950000, 1.850000, 2.202881
1.000000, 1.850000, 1.396941
1.050000, 1.850000, 0.569359
1.100000, 1.850000, -0.134058
1.150000, 1.850000, -0.595535
1.200000, 1.850000, -0.748992
1.250000, 1.850000, -0.592521
1.300000, 1.850000, -0.187128
1.350000, 1.850000, 0.357848
1.400000, 1.850000, 0.909364
1.450000, 1.850000, 1.339882
1.500000, 1.850000, 1.554803
1.550000, 1.850000, 1.512143
1.600000, 1.850000, 1.230246
1.650000, 1.850000, 0.781968
1.700000, 1.850000, 0.276732
1.750000, 1.850000, -0.165459
1.800000, 1.850000, -0.442222
1.850000, 1.850000, -0.492897
1.900000, 1.850000, -0.313165
1.950000, 1.850000, 0.043132
2.000000, 1.850000, 0.475405
0.000000, 1.900000, 1.944236
0.050000, 1.900000, 2.400562
0.100000, 1.900000, 2.732590
0.150000, 1.900000, 2.851763
0.200000, 1.900000, 2.718088
0.250000, 1.900000, 2.350380
0.300000, 1.900000, 1.823239
0.350000, 1.900000, 1.251314
0.400000, 1.900000, 0.764250
0.450000, 1.900000, 0.477788
0.500000, 1.900000, 0.467376
0.550000, 1.900000, 0.750162
0.600000, 1.900000, 1.279432
0.650000, 1.900000, 1.952890
0.700000, 1.900000, 2.633131
0.750000, 1.900000, 3.176044
0.800000, 1.900000, 3.461072
0.850000, 1.900000, 3.416869
0.900000, 1.900000, 3.036810
0.950000, 1.900000, 2.380995
1.000000, 1.900000, 1.564257
1.050000, 1.900000, 0.732715
1.100000, 1.900000, 0.033826
1.150000, 1.900000, -0.413679
1.200000, 1.900000, -0.543621
1.250000, 1.900000, -0.354929
1.300000, 1.900000, 0.089618
1.350000, 1.900000, 0.678091
1.400000, 1.900000, 1.274213
1.450000, 1.900000, 1.746857
1.500000, 1.900000, 1.997787
1.550000, 1.900000, 1.981681
1.600000, 1.900000, 1.714184
1.650000, 1.900000, 1.266382
1.700000, 1.900000, 0.747076
1.750000, 1.900000, 0.276918
1.800000, 1.900000, -0.039779
1.850000, 1.900000, -0.139262
1.900000, 1.900000, -0.013176
1.950000, 1.900000, 0.289282
2.000000, 1.900000, 0.672383
0.000000, 1.950000, 2.097536
0.050000, 1.950000, 2.546572
0.100000, 1.950000, 2.872503
0.150000, 1.950000, 2.987968
0.200000, 1.950000, 2.853813
0.250000, 1.950000, 2.489208
0.300000, 1.950000, 1.968564
0.350000, 1.950000, 1.405803
0.400000, 1.950000, 0.929392
0.450000, 1.950000, 0.653573
0.500000, 1.950000, 0.652179
0.550000, 1.950000, 0.940834
0.600000, 1.950000, 1.471612
0.650000, 1.950000, 2.141499
0.700000, 1.950000, 2.813013
0.750000, 1.950000, 3.342666
0.800000, 1.950000, 3.611217
0.850000, 1.950000, 3.549227
0.900000, 1.950000, 3.152397
0.950000, 1.950000, 2.483323
1.000000, 1.950000, 1.659243
1.050000, 1.950000, 0.828291
1.100000, 1.950000, 0.139292
1.150000, 1.950000, -0.288510
1.200000, 1.950000, -0.389412
1.250000, 1.950000, -0.163841
1.300000, 1.950000, 0.322984
1.350000, 1.950000, 0.955927
1.400000, 1.950000, 1.595016
1.450000, 1.950000, 2.105278
1.500000, 1.950000, 2.384861
1.550000, 1.950000, 2.385434
1.600000, 1.950000, 2.120582
1.650000, 1.950000, 1.660530
1.700000, 1.950000, 1.114585
1.750000, 1.950000, 0.605292
1.800000, 1.950000, 0.240132
1.850000, 1.950000, 0.087058
1.900000, 1.950000, 0.159305
1.950000, 1.950000, 0.412790
2.000000, 1.950000, 0.756655
0.000000, 2.000000, 2.159996
0.050000, 2.000000, 2.601688
0.100000, 2.000000, 2.921661
0.150000, 2.000000, 3.033795
0.200000, 2.000000, 2.899773
0.250000, 2.000000, 2.539078
0.300000, 2.000000, 2.025836
0.350000, 2.000000, 1.473115
0.400000, 2.000000, 1.008051
0.450000, 2.000000, 0.743257
0.500000, 2.000000, 0.750848
0.550000, 2.000000, 1.044889
0.600000, 2.000000, 1.576286
0.650000, 2.000000, 2.241447
0.700000, 2.000000, 2.903032
0.750000, 2.000000, 3.418462
0.800000, 2.000000, 3.670123
0.850000, 2.000000, 3.590783
0.900000, 2.000000, 3.178695
0.950000, 2.000000, 2.499078
1.000000, 2.000000, 1.671540
1.050000, 2.000000, 0.846025
1.100000, 2.000000, 0.172351
1.150000, 2.000000, -0.230266
1.200000, 2.000000, -0.297243
1.250000, 2.000000, -0.031197
1.300000, 2.000000, 0.499555
1.350000, 2.000000, 1.176135
1.400000, 2.000000, 1.854543
1.450000, 2.000000, 2.395899
1.500000, 2.000000, 2.694991
1.550000, 2.000000, 2.701065
1.600000, 2.000000, 2.426524
1.650000, 2.000000, 1.941863
1.700000, 2.000000, 1.358157
1.750000, 2.000000, 0.801121
1.800000, 2.000000, 0.382555
1.850000, 2.000000, 0.175504
1.900000, 2.000000, 0.198580
1.950000, 2.000000, 0.412828
2.000000, 2.000000, 0.731741
