0.000000, 0.000000, -0.240452
0.050000, 0.000000, -0.583349
0.100000, 0.000000, -0.858190
0.150000, 0.000000, -1.003869
0.200000, 0.000000, -0.989338
0.250000, 0.000000, -0.820294
0.300000, 0.000000, -0.537826
0.350000, 0.000000, -0.209320
0.400000, 0.000000, 0.086399
0.450000, 0.000000, 0.276427
0.500000, 0.000000, 0.309876
0.550000, 0.000000, 0.169173
0.600000, 0.000000, -0.125895
0.650000, 0.000000, -0.522279
0.700000, 0.000000, -0.945023
0.750000, 0.000000, -1.313405
0.800000, 0.000000, -1.558354
0.850000, 0.000000, -1.637336
0.900000, 0.000000, -1.543493
0.950000, 0.000000, -1.307022
1.000000, 0.000000, -0.988513
1.050000, 0.000000, -0.665687
1.100000, 0.000000, -0.416441
1.150000, 0.000000, -0.301882
1.200000, 0.000000, -0.353059
1.250000, 0.000000, -0.564273
1.300000, 0.000000, -0.894434
1.350000, 0.000000, -1.276160
1.400000, 0.000000, -1.630623
1.450000, 0.000000, -1.884920
1.500000, 0.000000, -1.988162
1.550000, 0.000000, -1.922777
1.600000, 0.000000, -1.708552
1.650000, 0.000000, -1.398536
1.700000, 0.000000, -1.067685
1.750000, 0.000000, -0.796719
1.800000, 0.000000, -0.654713
1.850000, 0.000000, -0.684197
1.900000, 0.000000, -0.892032
1.950000, 0.000000, -1.248018
2.000000, 0.000000, -1.691568
0.000000, 0.050000, -0.112618
0.050000, 0.050000, -0.454004
0.100000, 0.050000, -0.727077
0.150000, 0.050000, -0.870564
0.200000, 0.050000, -0.853264
0.250000, 0.050000, -0.680736
0.300000, 0.050000, -0.393946
0.350000, 0.050000, -0.060176
0.400000, 0.050000, 0.241823
0.450000, 0.050000, 0.439203
0.500000, 0.050000, 0.481099
0.550000, 0.050000, 0.349938
0.600000, 0.050000, 0.065479
0.650000, 0.050000, -0.319284
0.700000, 0.050000, -0.729476
0.750000, 0.050000, -1.084479
0.800000, 0.050000, -1.315345
0.850000, 0.050000, -1.379683
0.900000, 0.050000, -1.270792
0.950000, 0.050000, -1.019036
1.000000, 0.050000, -0.685177
1.050000, 0.050000, -0.347112
1.100000, 0.050000, -0.082913
1.150000, 0.050000, 0.046148
1.200000, 0.050000, 0.008865
1.250000, 0.050000, -0.189205
1.300000, 0.050000, -0.507097
1.350000, 0.050000, -0.877532
1.400000, 0.050000, -1.221762
1.450000, 0.050000, -1.466940
1.500000, 0.050000, -1.562205
1.550000, 0.050000, -1.489985
1.600000, 0.050000, -1.270042
1.650000, 0.050000, -0.955372
1.700000, 0.050000, -0.620853
1.750000, 0.050000, -0.347104
1.800000, 0.050000, -0.203076
1.850000, 0.050000, -0.231162
1.900000, 0.050000, -0.438065
1.950000, 0.050000, -0.793424
2.000000, 0.050000, -1.236479
0.000000, 0.100000, 0.103736
0.050000, 0.100000, -0.235881
0.100000, 0.100000, -0.506769
0.150000, 0.100000, -0.647508
0.200000, 0.100000, -0.626764
0.250000, 0.100000, -0.449981
0.300000, 0.100000, -0.158032
0.350000, 0.100000, 0.181871
0.400000, 0.100000, 0.491025
0.450000, 0.100000, 0.696598
0.500000, 0.100000, 0.747719
0.550000, 0.100000, 0.626778
0.600000, 0.100000, 0.353473
0.650000, 0.100000, -0.019289
0.700000, 0.100000, -0.416744
0.750000, 0.100000, -0.758404
0.800000, 0.100000, -0.975471
0.850000, 0.100000, -1.025717
0.900000, 0.100000, -0.902613
0.950000, 0.100000, -0.636702
1.000000, 0.100000, -0.288928
1.050000, 0.100000, 0.062632
1.100000, 0.100000, 0.339736
1.150000, 0.100000, 0.480947
1.200000, 0.100000, 0.454915
1.250000, 0.100000, 0.267065
1.300000, 0.100000, -0.041746
1.350000, 0.100000, -0.404322
1.400000, 0.100000, -0.741977
1.450000, 0.100000, -0.981894
1.500000, 0.100000, -1.073219
1.550000, 0.100000, -0.998356
1.600000, 0.100000, -0.777019
1.650000, 0.100000, -0.462128
1.700000, 0.100000, -0.128464
1.750000, 0.100000, 0.143475
1.800000, 0.100000, 0.284874
1.850000, 0.100000, 0.253493
1.900000, 0.100000, 0.042791
1.950000, 0.100000, -0.316700
2.000000, 0.100000, -0.764050
0.000000, 0.150000, 0.394492
0.050000, 0.150000, 0.057066
0.100000, 0.150000, -0.211073
0.150000, 0.150000, -0.348389
0.200000, 0.150000, -0.323447
0.250000, 0.150000, -0.141611
0.300000, 0.150000, 0.156302
0.350000, 0.150000, 0.503111
0.400000, 0.150000, 0.820118
0.450000, 0.150000, 1.034471
0.500000, 0.150000, 1.095249
0.550000, 0.150000, 0.984769
0.600000, 0.150000, 0.722629
0.650000, 0.150000, 0.361614
0.700000, 0.150000, -0.023652
0.750000, 0.150000, -0.352842
0.800000, 0.150000, -0.557328
0.850000, 0.150000, -0.595065
0.900000, 0.150000, -0.459710
0.950000, 0.150000, -0.181997
1.000000, 0.150000, 0.176946
1.050000, 0.150000, 0.538865
1.100000, 0.150000, 0.825351
1.150000, 0.150000, 0.974817
1.200000, 0.150000, 0.955778
1.250000, 0.150000, 0.773553
1.300000, 0.150000, 0.468911
1.350000, 0.150000, 0.108990
1.400000, 0.150000, -0.227555
1.450000, 0.150000, -0.467912
1.500000, 0.150000, -0.561197
1.550000, 0.150000, -0.489764
1.600000, 0.150000, -0.273244
1.650000, 0.150000, 0.035546
1.700000, 0.150000, 0.361954
1.750000, 0.150000, 0.625627
1.800000, 0.150000, 0.757912
1.850000, 0.150000, 0.716742
1.900000, 0.150000, 0.495758
1.950000, 0.150000, 0.125676
2.000000, 0.150000, -0.332390
0.000000, 0.200000, 0.737681
0.050000, 0.200000, 0.403024
0.100000, 0.200000, 0.138329
0.150000, 0.200000, 0.005211
0.200000, 0.200000, 0.035163
0.250000, 0.200000, 0.222856
0.300000, 0.200000, 0.527484
0.350000, 0.200000, 0.881851
0.400000, 0.200000, 1.207219
0.450000, 0.200000, 1.430668
0.500000, 0.200000, 1.501189
0.550000, 0.200000, 1.400983
0.600000, 0.200000, 1.149513
0.650000, 0.200000, 0.799410
0.700000, 0.200000, 0.425129
0.750000, 0.200000, 0.106816
0.800000, 0.200000, -0.087088
0.850000, 0.200000, -0.114731
0.900000, 0.200000, 0.030039
0.950000, 0.200000, 0.316305
1.000000, 0.200000, 0.682762
1.050000, 0.200000, 1.050994
1.100000, 0.200000, 1.342447
1.150000, 0.200000, 1.495412
1.200000, 0.200000, 1.478307
1.250000, 0.200000, 1.296377
1.300000, 0.200000, 0.990350
1.350000, 0.200000, 0.627349
1.400000, 0.200000, 0.286048
1.450000, 0.200000, 0.039309
1.500000, 0.200000, -0.061908
1.550000, 0.200000, 0.000151
1.600000, 0.200000, 0.205989
1.650000, 0.200000, 0.502947
1.700000, 0.200000, 0.816549
1.750000, 0.200000, 1.066638
1.800000, 0.200000, 1.184769
1.850000, 0.200000, 1.129093
1.900000, 0.200000, 0.893471
1.950000, 0.200000, 0.508840
2.000000, 0.200000, 0.036532
0.000000, 0.250000, 1.105668
0.050000, 0.250000, 0.774495
0.100000, 0.250000, 0.514055
0.150000, 0.250000, 0.385990
0.200000, 0.250000, 0.421799
0.250000, 0.250000, 0.616136
0.300000, 0.250000, 0.928154
0.350000, 0.250000, 1.290592
0.400000, 0.250000, 1.624622
0.450000, 0.250000, 1.857214
0.500000, 0.250000, 1.937226
0.550000, 0.250000, 1.846709
0.600000, 0.250000, 1.604960
0.650000, 0.250000, 1.264434
0.700000, 0.250000, 0.899400
0.750000, 0.250000, 0.589816
0.800000, 0.250000, 0.403935
0.850000, 0.250000, 0.383425
0.900000, 0.250000, 0.534265
0.950000, 0.250000, 0.825376
1.000000, 0.250000, 1.195314
1.050000, 0.250000, 1.565539
1.100000, 0.250000, 1.857405
1.150000, 0.250000, 2.009135
1.200000, 0.250000, 1.989109
1.250000, 0.250000, 1.802567
1.300000, 0.250000, 1.490266
1.350000, 0.250000, 1.119390
1.400000, 0.250000, 0.768710
1.450000, 0.250000, 0.511213
1.500000, 0.250000, 0.398016
1.550000, 0.250000, 0.447059
1.600000, 0.250000, 0.639053
1.650000, 0.250000, 0.921570
1.700000, 0.250000, 1.220381
1.750000, 0.250000, 1.455588
1.800000, 0.250000, 1.559015
1.850000, 0.250000, 1.489082
1.900000, 0.250000, 1.239918
1.950000, 0.250000, 0.842721
2.000000, 0.250000, 0.359071
0.000000, 0.300000, 1.467895
0.050000, 0.300000, 1.141044
0.100000, 0.300000, 0.885763
0.150000, 0.300000, 0.763662
0.200000, 0.300000, 0.806186
0.250000, 0.300000, 1.007913
0.300000, 0.300000, 1.327899
0.350000, 0.300000, 1.698765
0.400000, 0.300000, 2.041546
0.450000, 0.300000, 2.283058
0.500000, 0.300000, 2.371994
0.550000, 0.300000, 2.290227
0.600000, 0.300000, 2.056873
0.650000, 0.300000, 1.724202
0.700000, 0.300000, 1.366302
0.750000, 0.300000, 1.062955
0.800000, 0.300000, 0.882249
0.850000, 0.300000, 0.865706
0.900000, 0.300000, 1.019176
0.950000, 0.300000, 1.311476
1.000000, 0.300000, 1.681082
1.050000, 0.300000, 2.049410
1.100000, 0.300000, 2.337798
1.150000, 0.300000, 2.484488
1.200000, 0.300000, 2.457915
1.250000, 0.300000, 2.263409
1.300000, 0.300000, 1.941853
1.350000, 0.300000, 1.560591
1.400000, 0.300000, 1.198582
1.450000, 0.300000, 0.929035
1.500000, 0.300000, 0.803312
1.550000, 0.300000, 0.839620
1.600000, 0.300000, 1.018955
1.650000, 0.300000, 1.289182
1.700000, 0.300000, 1.576378
1.750000, 0.300000, 1.800948
1.800000, 0.300000, 1.895012
1.850000, 0.300000, 1.817280
1.900000, 0.300000, 1.562151
1.950000, 0.300000, 1.161073
2.000000, 0.300000, 0.675851
0.000000, 0.350000, 1.793927
0.050000, 0.350000, 1.472339
0.100000, 0.350000, 1.223192
0.150000, 0.350000, 1.107996
0.200000, 0.350000, 1.158078
0.250000, 0.350000, 1.367877
0.300000, 0.350000, 1.696290
0.350000, 0.350000, 2.075771
0.400000, 0.350000, 2.427174
0.450000, 0.350000, 2.677129
0.500000, 0.350000, 2.774139
0.550000, 0.350000, 2.699891
0.600000, 0.350000, 2.473322
0.650000, 0.350000, 2.146533
0.700000, 0.350000, 1.793458
0.750000, 0.350000, 1.493747
0.800000, 0.350000, 1.315380
0.850000, 0.350000, 1.299799
0.900000, 0.350000, 1.452802
0.950000, 0.350000, 1.743191
1.000000, 0.350000, 2.109463
1.050000, 0.350000, 2.473087
1.100000, 0.350000, 2.755496
1.150000, 0.350000, 2.895059
1.200000, 0.350000, 2.860378
1.250000, 0.350000, 2.656981
1.300000, 0.350000, 2.325978
1.350000, 0.350000, 1.934967
1.400000, 0.350000, 1.563187
1.450000, 0.350000, 1.284138
1.500000, 0.350000, 1.149491
1.550000, 0.350000, 1.177762
1.600000, 0.350000, 1.350260
1.650000, 0.350000, 1.615153
1.700000, 0.350000, 1.898808
1.750000, 0.350000, 2.121899
1.800000, 0.350000, 2.216791
1.850000, 0.350000, 2.142403
1.900000, 0.350000, 1.893308
1.950000, 0.350000, 1.501083
2.000000, 0.350000, 1.027615
0.000000, 0.400000, 2.056494
0.050000, 0.400000, 1.741188
0.100000, 0.400000, 1.499194
0.150000, 0.400000, 1.391853
0.200000, 0.400000, 1.450295
0.250000, 0.400000, 1.668756
0.300000, 0.400000, 2.005920
0.350000, 0.400000, 2.394023
0.400000, 0.400000, 2.753705
0.450000, 0.400000, 3.011390
0.500000, 0.400000, 3.115385
0.550000, 0.400000, 3.047206
0.600000, 0.400000, 2.825635
0.650000, 0.400000, 2.502649
0.700000, 0.400000, 2.152092
0.750000, 0.400000, 1.853556
0.800000, 0.400000, 1.675001
0.850000, 0.400000, 1.657888
0.900000, 0.400000, 1.808077
0.950000, 0.400000, 2.094469
1.000000, 0.400000, 2.455699
1.050000, 0.400000, 2.813416
1.100000, 0.400000, 3.089260
1.150000, 0.400000, 3.221843
1.200000, 0.400000, 3.180033
1.250000, 0.400000, 2.969644
1.300000, 0.400000, 2.632089
1.350000, 0.400000, 2.235274
1.400000, 0.400000, 1.858746
1.450000, 0.400000, 1.576310
1.500000, 0.400000, 1.439923
1.550000, 0.400000, 1.468370
1.600000, 0.400000, 1.643195
1.650000, 0.400000, 1.912772
1.700000, 0.400000, 2.203628
1.750000, 0.400000, 2.436551
1.800000, 0.400000, 2.543967
1.850000, 0.400000, 2.484805
1.900000, 0.400000, 2.253584
1.950000, 0.400000, 1.881773
2.000000, 0.400000, 1.431087
0.000000, 0.450000, 2.234231
0.050000, 0.450000, 1.926275
0.100000, 0.450000, 1.692475
0.150000, 0.450000, 1.593913
0.200000, 0.450000, 1.661453
0.250000, 0.450000, 1.889056
0.300000, 0.450000, 2.235141
0.350000, 0.450000, 2.631686
0.400000, 0.450000, 2.999098
0.450000, 0.450000, 3.263590
0.500000, 0.450000, 3.373296
0.550000, 0.450000, 3.309594
0.600000, 0.450000, 3.091173
0.650000, 0.450000, 2.769966
0.700000, 0.450000, 2.419815
0.750000, 0.450000, 2.120366
0.800000, 0.450000, 1.939680
0.850000, 0.450000, 1.919364
0.900000, 0.450000, 2.065470
0.950000, 0.450000, 2.347128
1.000000, 0.450000, 2.703239
1.050000, 0.450000, 3.055739
1.100000, 0.450000, 3.326581
1.150000, 0.450000, 3.454696
1.200000, 0.450000, 3.409275
1.250000, 0.450000, 3.196450
1.300000, 0.450000, 2.857931
1.350000, 0.450000, 2.461902
1.400000, 0.450000, 2.088150
1.450000, 0.450000, 1.810681
1.500000, 0.450000, 1.681601
1.550000, 0.450000, 1.719794
1.600000, 0.450000, 1.906840
1.650000, 0.450000, 2.191087
1.700000, 0.450000, 2.498968
1.750000, 0.450000, 2.751116
1.800000, 0.450000, 2.879733
1.850000, 0.450000, 2.843463
1.900000, 0.450000, 2.636484
1.950000, 0.450000, 2.289870
2.000000, 0.450000, 1.864899
0.000000, 0.500000, 2.313839
0.050000, 0.500000, 2.014331
0.100000, 0.500000, 1.789756
0.150000, 0.500000, 1.700851
0.200000, 0.500000, 1.778133
0.250000, 0.500000, 2.015227
0.300000, 0.500000, 2.370236
0.350000, 0.500000, 2.774855
0.400000, 0.500000, 3.149253
0.450000, 0.500000, 3.419456
0.500000, 0.500000, 3.533467
0.550000, 0.500000, 3.472599
0.600000, 0.500000, 3.255540
0.650000, 0.500000, 2.934286
0.700000, 0.500000, 2.582810
0.750000, 0.500000, 2.280945
0.800000, 0.500000, 2.096994
0.850000, 0.500000, 2.072855
0.900000, 0.500000, 2.214904
0.950000, 0.500000, 2.492622
1.000000, 0.500000, 2.845274
1.050000, 0.500000, 3.195164
1.100000, 0.500000, 3.464596
1.150000, 0.500000, 3.592832
1.200000, 0.500000, 3.549357
1.250000, 0.500000, 3.340545
1.300000, 0.500000, 3.008294
1.350000, 0.500000, 2.620907
1.400000, 0.500000, 2.258217
1.450000, 0.500000, 1.994198
1.500000, 0.500000, 1.880845
1.550000, 0.500000, 1.936847
1.600000, 0.500000, 2.143515
1.650000, 0.500000, 2.448853
1.700000, 0.500000, 2.778889
1.750000, 0.500000, 3.053789
1.800000, 0.500000, 3.205249
1.850000, 0.500000, 3.191374
1.900000, 0.500000, 3.005786
1.950000, 0.500000, 2.679003
2.000000, 0.500000, 2.271762
0.000000, 0.550000, 2.291473
0.050000, 0.550000, 2.001507
0.100000, 0.550000, 1.787152
0.150000, 0.550000, 1.708708
0.200000, 0.550000, 1.796264
0.250000, 0.550000, 2.043047
0.300000, 0.550000, 2.406805
0.350000, 0.550000, 2.818945
0.400000, 0.550000, 3.199410
0.450000, 0.550000, 3.474090
0.500000, 0.550000, 3.590936
0.550000, 0.550000, 3.531295
0.600000, 0.550000, 3.313982
0.650000, 0.550000, 2.991200
0.700000, 0.550000, 2.637202
0.750000, 0.550000, 2.332166
0.800000, 0.550000, 2.144785
0.850000, 0.550000, 2.117383
0.900000, 0.550000, 2.256770
0.950000, 0.550000, 2.532864
1.000000, 0.550000, 2.885335
1.050000, 0.550000, 3.236854
1.100000, 0.550000, 3.510032
1.150000, 0.550000, 3.644363
1.200000, 0.550000, 3.609475
1.250000, 0.550000, 3.411788
1.300000, 0.550000, 3.093145
1.350000, 0.550000, 2.721684
1.400000, 0.550000, 2.376971
1.450000, 0.550000, 2.132611
1.500000, 0.550000, 2.040145
1.550000, 0.550000, 2.117727
1.600000, 0.550000, 2.346075
1.650000, 0.550000, 2.672557
1.700000, 0.550000, 3.022545
1.750000, 0.550000, 3.315552
1.800000, 0.550000, 3.482649
1.850000, 0.550000, 3.481361
1.900000, 0.550000, 3.304807
1.950000, 0.550000, 2.983092
2.000000, 0.550000, 2.576651
0.000000, 0.600000, 2.173193
0.050000, 0.600000, 1.893836
0.100000, 0.600000, 1.690635
0.150000, 0.600000, 1.623356
0.200000, 0.600000, 1.721582
0.250000, 0.600000, 1.978086
0.300000, 0.600000, 2.350240
0.350000, 0.600000, 2.769163
0.400000, 0.600000, 3.154627
0.450000, 0.600000, 3.432457
0.500000, 0.600000, 3.550665
0.550000, 0.600000, 3.490770
0.600000, 0.600000, 3.271869
0.650000, 0.600000, 2.946538
0.700000, 0.600000, 2.589480
0.750000, 0.600000, 2.281372
0.800000, 0.600000, 2.091436
0.850000, 0.600000, 2.062519
0.900000, 0.600000, 2.201932
0.950000, 0.600000, 2.480034
1.000000, 0.600000, 2.836858
1.050000, 0.600000, 3.195333
1.100000, 0.600000, 3.478209
1.150000, 0.600000, 3.624988
1.200000, 0.600000, 3.605162
1.250000, 0.600000, 3.424877
1.300000, 0.600000, 3.125562
1.350000, 0.600000, 2.774822
1.400000, 0.600000, 2.451582
1.450000, 0.600000, 2.228725
1.500000, 0.600000, 2.157010
1.550000, 0.600000, 2.253792
1.600000, 0.600000, 2.498996
1.650000, 0.600000, 2.839245
1.700000, 0.600000, 3.199242
1.750000, 0.600000, 3.497946
1.800000, 0.600000, 3.666012
1.850000, 0.600000, 3.660716
1.900000, 0.600000, 3.475110
1.950000, 0.600000, 3.139432
2.000000, 0.600000, 2.714446
0.000000, 0.650000, 1.974456
0.050000, 0.650000, 1.706720
0.100000, 0.650000, 1.515520
0.150000, 0.650000, 1.459988
0.200000, 0.650000, 1.569126
0.250000, 0.650000, 1.835207
0.300000, 0.650000, 2.215216
0.350000, 0.650000, 2.640021
0.400000, 0.650000, 3.029289
0.450000, 0.650000, 3.308897
0.500000, 0.650000, 3.427058
0.550000, 0.650000, 3.365635
0.600000, 0.650000, 3.144186
0.650000, 0.650000, 2.815841
0.700000, 0.650000, 2.455919
0.750000, 0.650000, 2.145735
0.800000, 0.650000, 1.955134
0.850000, 0.650000, 1.927530
0.900000, 0.650000, 2.070712
0.950000, 0.650000, 2.355388
1.000000, 0.650000, 2.721790
1.050000, 0.650000, 3.092874
1.100000, 0.650000, 3.391233
1.150000, 0.650000, 3.556023
1.200000, 0.650000, 3.556217
1.250000, 0.650000, 3.397280
1.300000, 0.650000, 3.119829
1.350000, 0.650000, 2.790558
1.400000, 0.650000, 2.487425
1.450000, 0.650000, 2.282337
1.500000, 0.650000, 2.225121
1.550000, 0.650000, 2.332287
1.600000, 0.650000, 2.583052
1.650000, 0.650000, 2.923514
1.700000, 0.650000, 3.278068
1.750000, 0.650000, 3.565609
1.800000, 0.650000, 3.716991
1.850000, 0.650000, 3.689956
1.900000, 0.650000, 3.478287
1.950000, 0.650000, 3.113190
2.000000, 0.650000, 2.656614
0.000000, 0.700000, 1.718683
0.050000, 0.700000, 1.463499
0.100000, 0.700000, 1.285036
0.150000, 0.700000, 1.241693
0.200000, 0.700000, 1.361816
0.250000, 0.700000, 1.637144
0.300000, 0.700000, 2.024286
0.350000, 0.700000, 2.453917
0.400000, 0.700000, 2.845702
0.450000, 0.700000, 3.125717
0.500000, 0.700000, 3.242552
0.550000, 0.700000, 3.178608
0.600000, 0.700000, 2.954098
0.650000, 0.700000, 2.622889
0.700000, 0.700000, 2.261060
0.750000, 0.700000, 1.950660
0.800000, 0.700000, 1.762185
0.850000, 0.700000, 1.739571
0.900000, 0.700000, 1.890950
0.950000, 0.700000, 2.187169
1.000000, 0.700000, 2.568366
1.050000, 0.700000, 2.957162
1.100000, 0.700000, 3.275584
1.150000, 0.700000, 3.462009
1.200000, 0.700000, 3.484453
1.250000, 0.700000, 3.347293
1.300000, 0.700000, 3.089986
1.350000, 0.700000, 2.778058
1.400000, 0.700000, 2.488360
1.450000, 0.700000, 2.291822
1.500000, 0.700000, 2.237486
1.550000, 0.700000, 2.341333
1.600000, 0.700000, 2.582347
1.650000, 0.700000, 2.906726
1.700000, 0.700000, 3.239310
1.750000, 0.700000, 3.499783
1.800000, 0.700000, 3.620113
1.850000, 0.700000, 3.559437
1.900000, 0.700000, 3.313163
1.950000, 0.700000, 2.914274
2.000000, 0.700000, 2.426573
0.000000, 0.750000, 1.435037
0.050000, 0.750000, 1.193232
0.100000, 0.750000, 1.028112
0.150000, 0.750000, 0.997240
0.200000, 0.750000, 1.128240
0.250000, 0.750000, 1.412297
0.300000, 0.750000, 1.805676
0.350000, 0.750000, 2.238943
0.400000, 0.750000, 2.631903
0.450000, 0.750000, 2.911005
0.500000, 0.750000, 3.025424
0.550000, 0.750000, 2.958308
0.600000, 0.750000, 2.730727
0.650000, 0.750000, 2.397442
0.700000, 0.750000, 2.035397
0.750000, 0.750000, 1.727400
0.800000, 0.750000, 1.544536
0.850000, 0.750000, 1.531102
0.900000, 0.750000, 1.695320
0.950000, 0.750000, 2.007830
1.000000, 0.750000, 2.408262
1.050000, 0.750000, 2.818445
1.100000, 0.750000, 3.159365
1.150000, 0.750000, 3.368168
1.200000, 0.750000, 3.411518
1.250000, 0.750000, 3.292410
1.300000, 0.750000, 3.048975
1.350000, 0.750000, 2.745563
1.400000, 0.750000, 2.458093
1.450000, 0.750000, 2.256881
1.500000, 0.750000, 2.190734
1.550000, 0.750000, 2.275822
1.600000, 0.750000, 2.491758
1.650000, 0.750000, 2.785796
1.700000, 0.750000, 3.084231
1.750000, 0.750000, 3.308529
1.800000, 0.750000, 3.392687
1.850000, 0.750000, 3.298015
1.900000, 0.750000, 3.022110
1.950000, 0.750000, 2.600046
2.000000, 0.750000, 2.097480
0.000000, 0.800000, 1.155643
0.050000, 0.800000, 0.927920
0.100000, 0.800000, 0.776598
0.150000, 0.800000, 0.758307
0.200000, 0.800000, 0.899889
0.250000, 0.800000, 1.191969
0.300000, 0.800000, 1.590524
0.350000, 0.800000, 2.026130
0.400000, 0.800000, 2.418901
0.450000, 0.800000, 2.695872
0.500000, 0.800000, 2.807027
0.550000, 0.800000, 2.736482
0.600000, 0.800000, 2.506344
0.650000, 0.800000, 2.172395
0.700000, 0.800000, 1.812476
0.750000, 0.800000, 1.510090
0.800000, 0.800000, 1.336735
0.850000, 0.800000, 1.336780
0.900000, 0.800000, 1.518155
0.950000, 0.800000, 1.850832
1.000000, 0.800000, 2.273432
1.050000, 0.800000, 2.706488
1.100000, 0.800000, 3.069485
1.150000, 0.800000, 3.297966
1.200000, 0.800000, 3.357010
1.250000, 0.800000, 3.248165
1.300000, 0.800000, 3.008375
1.350000, 0.800000, 2.701173
1.400000, 0.800000, 2.402116
1.450000, 0.800000, 2.181674
1.500000, 0.800000, 2.089353
1.550000, 0.800000, 2.142554
1.600000, 0.800000, 2.322607
1.650000, 0.800000, 2.578883
1.700000, 0.800000, 2.840076
1.750000, 0.800000, 3.030195
1.800000, 0.800000, 3.085758
1.850000, 0.800000, 2.970411
1.900000, 0.800000, 2.683739
1.950000, 0.800000, 2.262305
2.000000, 0.800000, 1.772638
0.000000, 0.850000, 0.912499
0.050000, 0.850000, 0.699420
0.100000, 0.850000, 0.562191
0.150000, 0.850000, 0.556409
0.200000, 0.850000, 0.708084
0.250000, 0.850000, 1.007297
0.300000, 0.850000, 1.409819
0.350000, 0.850000, 1.846386
0.400000, 0.850000, 2.237627
0.450000, 0.850000, 2.511395
0.500000, 0.850000, 2.618727
0.550000, 0.850000, 2.544917
0.600000, 0.850000, 2.313265
0.650000, 0.850000, 1.980630
0.700000, 0.850000, 1.625699
0.750000, 0.850000, 1.332494
0.800000, 0.850000, 1.172619
0.850000, 0.850000, 1.190104
0.900000, 0.850000, 1.392084
0.950000, 0.850000, 1.747328
1.000000, 0.850000, 2.192914
1.050000, 0.850000, 2.647612
1.100000, 0.850000, 3.029057
1.150000, 0.850000, 3.271016
1.200000, 0.850000, 3.337020
1.250000, 0.850000, 3.227452
1.300000, 0.850000, 2.978597
1.350000, 0.850000, 2.653936
1.400000, 0.850000, 2.329625
1.450000, 0.850000, 2.077392
1.500000, 0.850000, 1.948608
1.550000, 0.850000, 1.963041
1.600000, 0.850000, 2.104751
1.650000, 0.850000, 2.326017
1.700000, 0.850000, 2.558409
1.750000, 0.850000, 2.728570
1.800000, 0.850000, 2.775203
1.850000, 0.850000, 2.663496
1.900000, 0.850000, 2.393795
1.950000, 0.850000, 2.002542
2.000000, 0.850000, 1.555227
0.000000, 0.900000, 0.734403
0.050000, 0.900000, 0.536373
0.100000, 0.900000, 0.413357
0.150000, 0.900000, 0.419825
0.200000, 0.900000, 0.580916
0.250000, 0.900000, 0.886199
0.300000, 0.900000, 1.291351
0.350000, 0.900000, 1.727451
0.400000, 0.900000, 2.115877
0.450000, 0.900000, 2.385562
0.500000, 0.900000, 2.488837
0.550000, 0.900000, 2.412366
0.600000, 0.900000, 2.180740
0.650000, 0.900000, 1.851873
0.700000, 0.900000, 1.505140
0.750000, 0.900000, 1.224774
0.800000, 0.900000, 1.082055
0.850000, 0.900000, 1.120146
0.900000, 0.900000, 1.344813
0.950000, 0.900000, 1.723059
1.000000, 0.900000, 2.189937
1.050000, 0.900000, 2.662120
1.100000, 0.900000, 3.055267
1.150000, 0.900000, 3.301496
1.200000, 0.900000, 3.363199
1.250000, 0.900000, 3.240276
1.300000, 0.900000, 2.969290
1.350000, 0.900000, 2.614789
1.400000, 0.900000, 2.254761
1.450000, 0.900000, 1.963423
1.500000, 0.900000, 1.795130
1.550000, 0.900000, 1.772909
1.600000, 0.900000, 1.884097
1.650000, 0.900000, 2.083994
1.700000, 0.900000, 2.306679
1.750000, 0.900000, 2.480544
1.800000, 0.900000, 2.545099
1.850000, 0.900000, 2.465286
1.900000, 0.900000, 2.240107
1.950000, 0.900000, 1.903621
2.000000, 0.900000, 1.518035
0.000000, 0.950000, 0.644175
0.050000, 0.950000, 0.461430
0.100000, 0.950000, 0.352568
0.150000, 0.950000, 0.370839
0.200000, 0.950000, 0.540483
0.250000, 0.950000, 0.850611
0.300000, 0.950000, 1.256951
0.350000, 0.950000, 1.691141
0.400000, 0.950000, 2.075570
0.450000, 0.950000, 2.340521
0.500000, 0.950000, 2.439856
0.550000, 0.950000, 2.361761
0.600000, 0.950000, 2.132143
0.650000, 0.950000, 1.809850
0.700000, 0.950000, 1.474660
0.750000, 0.950000, 1.210584
0.800000, 0.950000, 1.088032
0.850000, 0.950000, 1.148690
0.900000, 0.950000, 1.396359
0.950000, 0.950000, 1.795765
1.000000, 0.950000, 2.279603
1.050000, 0.950000, 2.762350
1.100000, 0.950000, 3.157885
1.150000, 0.950000, 3.397189
1.200000, 0.950000, 3.442328
1.250000, 0.950000, 3.293798
1.300000, 0.950000, 2.989691
1.350000, 0.950000, 2.596946
1.400000, 0.950000, 2.196642
1.450000, 0.950000, 1.866538
1.500000, 0.950000, 1.664687
1.550000, 0.950000, 1.617632
1.600000, 0.950000, 1.715704
1.650000, 0.950000, 1.916374
1.700000, 0.950000, 2.154817
1.750000, 0.950000, 2.359285
1.800000, 0.950000, 2.467861
1.850000, 0.950000, 2.442829
1.900000, 0.950000, 2.279480
1.950000, 0.950000, 2.007393
2.000000, 0.950000, 1.683882
0.000000, 1.000000, 0.656449
0.050000, 1.000000, 0.489054
0.100000, 1.000000, 0.394107
0.150000, 1.000000, 0.423547
0.200000, 1.000000, 0.600705
0.250000, 1.000000, 0.914314
0.300000, 1.000000, 1.320323
0.350000, 1.000000, 1.751178
0.400000, 1.000000, 2.130566
0.450000, 1.000000, 2.390397
0.500000, 1.000000, 2.486273
0.550000, 1.000000, 2.407997
0.600000, 1.000000, 2.182731
0.650000, 1.000000, 1.870017
0.700000, 1.000000, 1.549622
0.750000, 1.000000, 1.304781
0.800000, 1.000000, 1.204397
0.850000, 1.000000, 1.288042
0.900000, 1.000000, 1.557003
0.950000, 1.000000, 1.973369
1.000000, 1.000000, 2.467379
1.050000, 1.000000, 2.951549
1.100000, 1.000000, 3.338565
1.150000, 1.000000, 3.559188
1.200000, 1.000000, 3.576353
1.250000, 1.000000, 3.392512
1.300000, 1.000000, 3.048679
1.350000, 1.000000, 2.615444
1.400000, 1.000000, 2.177938
1.450000, 1.000000, 1.817981
1.500000, 1.000000, 1.597274
1.550000, 1.000000, 1.545194
1.600000, 1.000000, 1.653760
1.650000, 1.000000, 1.880732
1.700000, 1.000000, 2.160074
1.750000, 1.000000, 2.417368
1.800000, 1.000000, 2.586747
1.850000, 1.000000, 2.625605
1.900000, 1.000000, 2.523835
1.950000, 1.000000, 2.305618
2.000000, 1.000000, 2.023411
0.000000, 1.050000, 0.776268
0.050000, 1.050000, 0.624111
0.100000, 1.050000, 0.542660
0.150000, 1.050000, 0.582459
0.200000, 1.050000, 0.765929
0.250000, 1.050000, 1.081532
0.300000, 1.050000, 1.485644
0.350000, 1.050000, 1.911796
0.400000, 1.050000, 2.285275
0.450000, 1.050000, 2.539890
0.500000, 1.050000, 2.633156
0.550000, 1.050000, 2.556509
0.600000, 1.050000, 2.338200
0.650000, 1.050000, 2.038094
0.700000, 1.050000, 1.735411
0.750000, 1.050000, 1.511957
0.800000, 1.050000, 1.434447
0.850000, 1.050000, 1.539733
0.900000, 1.050000, 1.826178
0.950000, 1.050000, 2.253108
1.000000, 1.050000, 2.748542
1.050000, 1.050000, 3.223659
1.100000, 1.050000, 3.590944
1.150000, 1.050000, 3.782228
1.200000, 1.050000, 3.762769
1.250000, 1.050000, 3.538420
1.300000, 1.050000, 3.154374
1.350000, 1.050000, 2.685745
1.400000, 1.050000, 2.222041
1.450000, 1.050000, 1.848801
1.500000, 1.050000, 1.630325
1.550000, 1.050000, 1.597105
1.600000, 1.050000, 1.740569
1.650000, 1.050000, 2.016159
1.700000, 1.050000, 2.353937
1.750000, 1.050000, 2.674359
1.800000, 1.050000, 2.905704
1.850000, 1.050000, 2.999382
1.900000, 1.050000, 2.939834
1.950000, 1.050000, 2.746933
2.000000, 1.050000, 2.470486
0.000000, 1.100000, 0.998591
0.050000, 1.100000, 0.861387
0.100000, 1.100000, 0.792841
0.150000, 1.100000, 0.842021
0.200000, 1.100000, 1.030459
0.250000, 1.100000, 1.346475
0.300000, 1.100000, 1.747109
0.350000, 1.100000, 2.167280
0.400000, 1.100000, 2.534195
0.450000, 1.100000, 2.783808
0.500000, 1.100000, 2.875664
0.550000, 1.100000, 2.802763
0.600000, 1.100000, 2.594153
0.650000, 1.100000, 2.309529
0.700000, 1.100000, 2.026910
0.750000, 1.100000, 1.825954
0.800000, 1.100000, 1.770520
0.850000, 1.100000, 1.894254
0.900000, 1.100000, 2.192402
0.950000, 1.100000, 2.621720
1.000000, 1.100000, 3.108635
1.050000, 1.100000, 3.564021
1.100000, 1.100000, 3.901524
1.150000, 1.100000, 4.055571
1.200000, 1.100000, 3.995251
1.250000, 1.100000, 3.731087
1.300000, 1.100000, 3.313248
1.350000, 1.100000, 2.821537
1.400000, 1.100000, 2.349240
1.450000, 1.100000, 1.984243
1.500000, 1.100000, 1.791371
1.550000, 1.100000, 1.799642
1.600000, 1.100000, 1.997071
1.650000, 1.100000, 2.334052
1.700000, 1.100000, 2.734491
1.750000, 1.100000, 3.112258
1.800000, 1.100000, 3.389398
1.850000, 1.100000, 3.512204
1.900000, 1.100000, 3.461782
1.950000, 1.100000, 3.256933
2.000000, 1.100000, 2.948883
0.000000, 1.150000, 1.308780
0.050000, 1.150000, 1.186079
0.100000, 1.150000, 1.129683
0.150000, 1.150000, 1.187117
0.200000, 1.150000, 1.379055
0.250000, 1.150000, 1.693835
0.300000, 1.150000, 2.089429
0.350000, 1.150000, 2.502474
0.400000, 1.150000, 2.862409
0.450000, 1.150000, 3.107554
0.500000, 1.150000, 3.199531
0.550000, 1.150000, 3.132725
0.600000, 1.150000, 2.936562
0.650000, 1.150000, 2.669950
0.700000, 1.150000, 2.408966
0.750000, 1.150000, 2.230387
0.800000, 1.150000, 2.194632
0.850000, 1.150000, 2.331844
0.900000, 1.150000, 2.634262
0.950000, 1.150000, 3.056654
1.000000, 1.150000, 3.524888
1.050000, 1.150000, 3.950936
1.100000, 1.150000, 4.251202
1.150000, 1.150000, 4.364291
1.200000, 1.150000, 4.264417
1.250000, 1.150000, 3.967544
1.300000, 1.150000, 3.528865
1.350000, 1.150000, 3.032069
1.400000, 1.150000, 2.572581
1.450000, 1.150000, 2.238270
1.500000, 1.150000, 2.091651
1.550000, 1.150000, 2.157302
1.600000, 1.150000, 2.417145
1.650000, 1.150000, 2.814533
1.700000, 1.150000, 3.266275
1.750000, 1.150000, 3.680019
1.800000, 1.150000, 3.973330
1.850000, 1.150000, 4.090440
1.900000, 1.150000, 4.013192
1.950000, 1.150000, 3.763948
2.000000, 1.150000, 3.399976
0.000000, 1.200000, 1.684017
0.050000, 1.200000, 1.575210
0.100000, 1.200000, 1.530064
0.150000, 1.200000, 1.594493
0.200000, 1.200000, 1.788364
0.250000, 1.200000, 2.100223
0.300000, 1.200000, 2.489270
0.350000, 1.200000, 2.894208
0.400000, 1.200000, 3.247013
0.450000, 1.200000, 3.488548
0.500000, 1.200000, 3.582470
0.550000, 1.200000, 3.524251
0.600000, 1.200000, 3.343150
0.650000, 1.200000, 3.096558
0.700000, 1.200000, 2.857823
0.750000, 1.200000, 2.700152
0.800000, 1.200000, 2.680090
0.850000, 1.200000, 2.824262
0.900000, 1.200000, 3.122379
0.950000, 1.200000, 3.528208
1.000000, 1.200000, 3.968467
1.050000, 1.200000, 4.357890
1.100000, 1.200000, 4.617295
1.150000, 1.200000, 4.690831
1.200000, 1.200000, 4.558629
1.250000, 1.200000, 4.242084
1.300000, 1.200000, 3.800478
1.350000, 1.200000, 3.319539
1.400000, 1.200000, 2.894237
1.450000, 1.200000, 2.609390
1.500000, 1.200000, 2.522144
1.550000, 1.200000, 2.650035
1.600000, 1.200000, 2.967187
1.650000, 1.200000, 3.409496
1.700000, 1.200000, 3.887742
1.750000, 1.200000, 4.305921
1.800000, 1.200000, 4.580967
1.850000, 1.200000, 4.659732
1.900000, 1.200000, 4.529707
1.950000, 1.200000, 4.221257
2.000000, 1.200000, 3.800946
0.000000, 1.250000, 2.095506
0.050000, 1.250000, 1.999843
0.100000, 1.250000, 1.964917
0.150000, 1.250000, 2.034970
0.200000, 1.250000, 2.229137
0.250000, 1.250000, 2.536383
0.300000, 1.250000, 2.917466
0.350000, 1.250000, 3.313513
0.400000, 1.250000, 3.659327
0.450000, 1.250000, 3.898425
0.500000, 1.250000, 3.996360
0.550000, 1.250000, 3.949267
0.600000, 1.250000, 3.785567
0.650000, 1.250000, 3.560323
0.700000, 1.250000, 3.343366
0.750000, 1.250000, 3.203746
0.800000, 1.250000, 3.193947
0.850000, 1.250000, 3.337396
0.900000, 1.250000, 3.622159
0.950000, 1.250000, 4.002380
1.000000, 1.250000, 4.407329
1.050000, 1.250000, 4.756244
1.100000, 1.250000, 4.975834
1.150000, 1.250000, 5.016660
1.200000, 1.250000, 4.864786
1.250000, 1.250000, 4.546041
1.300000, 1.250000, 4.121812
1.350000, 1.250000, 3.677096
1.400000, 1.250000, 3.303209
1.450000, 1.250000, 3.078780
1.500000, 1.250000, 3.053051
1.550000, 1.250000, 3.235086
1.600000, 1.250000, 3.591265
1.650000, 1.250000, 4.051730
1.700000, 1.250000, 4.524506
1.750000, 1.250000, 4.914419
1.800000, 1.250000, 5.142865
1.850000, 1.250000, 5.164272
1.900000, 1.250000, 4.975777
1.950000, 1.250000, 4.618040
2.000000, 1.250000, 4.166988
0.000000, 1.300000, 2.511245
0.050000, 1.300000, 2.427851
0.100000, 1.300000, 2.402007
0.150000, 1.300000, 2.476230
0.200000, 1.300000, 2.669010
0.250000, 1.300000, 2.969983
0.300000, 1.300000, 3.341811
0.350000, 1.300000, 3.728410
0.400000, 1.300000, 4.067673
0.450000, 1.300000, 4.305807
0.500000, 1.300000, 4.410010
0.550000, 1.300000, 4.376525
0.600000, 1.300000, 4.232154
0.650000, 1.300000, 4.028773
0.700000, 1.300000, 3.831960
0.750000, 1.300000, 3.706212
0.800000, 1.300000, 3.700058
0.850000, 1.300000, 3.834442
0.900000, 1.300000, 4.097073
0.950000, 1.300000, 4.444174
1.000000, 1.300000, 4.809396
1.050000, 1.300000, 5.118099
1.100000, 1.300000, 5.303897
1.150000, 1.300000, 5.323883
1.200000, 1.300000, 5.169081
1.250000, 1.300000, 4.867713
1.300000, 1.300000, 4.480375
1.350000, 1.300000, 4.087987
1.400000, 1.300000, 3.774987
1.450000, 1.300000, 3.611312
1.500000, 1.300000, 3.637077
1.550000, 1.300000, 3.853313
1.600000, 1.300000, 4.220895
1.650000, 1.300000, 4.668065
1.700000, 1.300000, 5.105069
1.750000, 1.300000, 5.442915
1.800000, 1.300000, 5.612291
1.850000, 1.300000, 5.578604
1.900000, 1.300000, 5.349869
1.950000, 1.300000, 4.975670
2.000000, 1.300000, 4.537280
0.000000, 1.350000, 2.899112
0.050000, 1.350000, 2.827009
0.100000, 1.350000, 2.809023
0.150000, 1.350000, 2.885901
0.200000, 1.350000, 3.075602
0.250000, 1.350000, 3.368701
0.300000, 1.350000, 3.730142
0.350000, 1.350000, 4.106993
0.400000, 1.350000, 4.440450
0.450000, 1.350000, 4.679370
0.500000, 1.350000, 4.792216
0.550000, 1.350000, 4.774656
0.600000, 1.350000, 4.651006
0.650000, 1.350000, 4.469094
0.700000, 1.350000, 4.289625
0.750000, 1.350000, 4.172392
0.800000, 1.350000, 4.162449
0.850000, 1.350000, 4.279374
0.900000, 1.350000, 4.512165
0.950000, 1.350000, 4.821022
1.000000, 1.350000, 5.145754
1.050000, 1.350000, 5.419063
1.100000, 1.350000, 5.581778
1.150000, 1.350000, 5.596679
1.200000, 1.350000, 5.457735
1.250000, 1.350000, 5.192590
1.300000, 1.350000, 4.857580
1.350000, 1.350000, 4.526208
1.400000, 1.350000, 4.273496
1.450000, 1.350000, 4.159575
1.500000, 1.350000, 4.216153
1.550000, 1.350000, 4.438878
1.600000, 1.350000, 4.787440
1.650000, 1.350000, 5.193540
1.700000, 1.350000, 5.575151
1.750000, 1.350000, 5.854082
1.800000, 1.350000, 5.973074
1.850000, 1.350000, 5.908691
1.900000, 1.350000, 5.677110
1.950000, 1.350000, 5.331425
2.000000, 1.350000, 4.950879
0.000000, 1.400000, 3.229942
0.050000, 1.400000, 3.168072
0.100000, 1.400000, 3.156662
0.150000, 1.400000, 3.234649
0.200000, 1.400000, 3.419594
0.250000, 1.400000, 3.703313
0.300000, 1.400000, 4.053426
0.350000, 1.400000, 4.420505
0.400000, 1.400000, 4.749215
0.450000, 1.400000, 4.990911
0.500000, 1.400000, 5.114819
0.550000, 1.400000, 5.115236
0.600000, 1.400000, 5.013059
0.650000, 1.400000, 4.851254
0.700000, 1.400000, 4.685219
0.750000, 1.400000, 4.570216
0.800000, 1.400000, 4.548685
0.850000, 1.400000, 4.640356
0.900000, 1.400000, 4.837430
0.950000, 1.400000, 5.106010
1.000000, 1.400000, 5.393541
1.050000, 1.400000, 5.640651
1.100000, 1.400000, 5.794773
1.150000, 1.400000, 5.822484
1.200000, 1.400000, 5.717726
1.250000, 1.400000, 5.503995
1.300000, 1.400000, 5.229872
1.350000, 1.400000, 4.958789
1.400000, 1.400000, 4.755226
1.450000, 1.400000, 4.670377
1.500000, 1.400000, 4.730475
1.550000, 1.400000, 4.930461
1.600000, 1.400000, 5.234504
1.650000, 1.400000, 5.583376
1.700000, 1.400000, 5.907180
1.750000, 1.400000, 6.140680
1.800000, 1.400000, 6.237886
1.850000, 1.400000, 6.182619
1.900000, 1.400000, 5.992650
1.950000, 1.400000, 5.716375
2.000000, 1.400000, 5.422613
0.000000, 1.450000, 3.480316
0.050000, 1.450000, 3.427565
0.100000, 1.450000, 3.421416
0.150000, 1.450000, 3.498963
0.200000, 1.450000, 3.677526
0.250000, 1.450000, 3.950487
0.300000, 1.450000, 4.288550
0.350000, 1.450000, 4.646128
0.400000, 1.450000, 4.971451
0.450000, 1.450000, 5.218113
0.500000, 1.450000, 5.355471
0.550000, 1.450000, 5.375547
0.600000, 1.450000, 5.294873
0.650000, 1.450000, 5.150838
0.700000, 1.450000, 4.993352
0.750000, 1.450000, 4.873674
0.800000, 1.450000, 4.832914
0.850000, 1.450000, 4.892794
0.900000, 1.450000, 5.050763
0.950000, 1.450000, 5.280578
1.000000, 1.450000, 5.538255
1.050000, 1.450000, 5.772082
1.100000, 1.450000, 5.934448
1.150000, 1.450000, 5.992844
1.200000, 1.450000, 5.937550
1.250000, 1.450000, 5.784237
1.300000, 1.450000, 5.570868
1.350000, 1.450000, 5.349540
1.400000, 1.450000, 5.175048
1.450000, 1.450000, 5.092727
1.500000, 1.450000, 5.128263
1.550000, 1.450000, 5.281807
1.600000, 1.450000, 5.527727
1.650000, 1.450000, 5.820112
1.700000, 1.450000, 6.102852
1.750000, 1.450000, 6.322068
1.800000, 1.450000, 6.438153
1.850000, 1.450000, 6.434694
1.900000, 1.450000, 6.322284
1.950000, 1.450000, 6.136294
2.000000, 1.450000, 5.929062
0.000000, 1.500000, 3.634776
0.050000, 1.500000, 3.590003
0.100000, 1.500000, 3.587794
0.150000, 1.500000, 3.663381
0.200000, 1.500000, 3.834012
0.250000, 1.500000, 4.094993
0.300000, 1.500000, 4.420530
0.350000, 1.500000, 4.769183
0.400000, 1.500000, 5.092766
0.450000, 1.500000, 5.346736
0.500000, 1.500000, 5.499820
0.550000, 1.500000, 5.540784
0.600000, 1.500000, 5.480861
0.650000, 1.500000, 5.351325
0.700000, 1.500000, 5.196719
0.750000, 1.500000, 5.065230
0.800000, 1.500000, 4.998296
0.850000, 1.500000, 5.021713
0.900000, 1.500000, 5.140173
0.950000, 1.500000, 5.336430
1.000000, 1.500000, 5.575251
1.050000, 1.500000, 5.811309
1.100000, 1.500000, 5.999279
1.150000, 1.500000, 6.103927
1.200000, 1.500000, 6.108007
1.250000, 1.500000, 6.016212
1.300000, 1.500000, 5.854337
1.350000, 1.500000, 5.663820
1.400000, 1.500000, 5.492849
1.450000, 1.500000, 5.385966
1.500000, 1.500000, 5.374444
1.550000, 1.500000, 5.469519
1.600000, 1.500000, 5.659954
1.650000, 1.500000, 5.914478
1.700000, 1.500000, 6.188548
1.750000, 1.500000, 6.433975
1.800000, 1.500000, 6.609324
1.850000, 1.500000, 6.688797
1.900000, 1.500000, 6.667701
1.950000, 1.500000, 6.563284
2.000000, 1.500000, 6.410778
0.000000, 1.550000, 3.687262
0.050000, 1.550000, 3.649323
0.100000, 1.550000, 3.649756
0.150000, 1.550000, 3.721914
0.200000, 1.550000, 3.883171
0.250000, 1.550000, 4.131136
0.300000, 1.550000, 4.443938
0.350000, 1.550000, 4.784555
0.400000, 1.550000, 5.108313
0.450000, 1.550000, 5.372029
0.500000, 1.550000, 5.542923
0.550000, 1.550000, 5.605466
0.600000, 1.550000, 5.564743
0.650000, 1.550000, 5.445591
0.700000, 1.550000, 5.287666
0.750000, 1.550000, 5.137418
0.800000, 1.550000, 5.038597
0.850000, 1.550000, 5.023246
0.900000, 1.550000, 5.105052
0.950000, 1.550000, 5.276474
1.000000, 1.550000, 5.510271
1.050000, 1.550000, 5.765189
1.100000, 1.550000, 5.994649
1.150000, 1.550000, 6.156679
1.200000, 1.550000, 6.222998
1.250000, 1.550000, 6.185346
1.300000, 1.550000, 6.057672
1.350000, 1.550000, 5.873645
1.400000, 1.550000, 5.679935
1.450000, 1.550000, 5.526610
1.500000, 1.550000, 5.456619
1.550000, 1.550000, 5.496578
1.600000, 1.550000, 5.650838
1.650000, 1.550000, 5.900146
1.700000, 1.550000, 6.205282
1.750000, 1.550000, 6.514983
1.800000, 1.550000, 6.776557
1.850000, 1.550000, 6.946967
1.900000, 1.550000, 7.002034
1.950000, 1.550000, 6.941755
2.000000, 1.550000, 6.790518
0.000000, 1.600000, 3.641619
0.050000, 1.600000, 3.609398
0.100000, 1.600000, 3.611225
0.150000, 1.600000, 3.678565
0.200000, 1.600000, 3.829141
0.250000, 1.600000, 4.063262
0.300000, 1.600000, 4.363404
0.350000, 1.600000, 4.697184
0.400000, 1.600000, 5.023270
0.450000, 1.600000, 5.299207
0.500000, 1.600000, 5.489722
0.550000, 1.600000, 5.573946
0.600000, 1.600000, 5.550079
0.650000, 1.600000, 5.436488
0.700000, 1.600000, 5.268812
0.750000, 1.600000, 5.093486
0.800000, 1.600000, 4.958782
0.850000, 1.600000, 4.905088
0.900000, 1.600000, 4.956371
0.950000, 1.600000, 5.114678
1.000000, 1.600000, 5.358968
1.050000, 1.600000, 5.648785
1.100000, 1.600000, 5.932211
1.150000, 1.600000, 6.156654
1.200000, 1.600000, 6.280282
1.250000, 1.600000, 6.281657
1.300000, 1.600000, 6.165387
1.350000, 1.600000, 5.962339
1.400000, 1.600000, 5.724110
1.450000, 1.600000, 5.512662
1.500000, 1.600000, 5.387186
1.550000, 1.600000, 5.390969
1.600000, 1.600000, 5.541178
1.650000, 1.600000, 5.823963
1.700000, 1.600000, 6.196236
1.750000, 1.600000, 6.593987
1.800000, 1.600000, 6.945591
1.850000, 1.600000, 7.187308
1.900000, 1.600000, 7.277595
1.950000, 1.600000, 7.206958
2.000000, 1.600000, 7.000951
0.000000, 1.650000, 3.511145
0.050000, 1.650000, 3.483577
0.100000, 1.650000, 3.485626
0.150000, 1.650000, 3.546865
0.200000, 1.650000, 3.685608
0.250000, 1.650000, 3.905288
0.300000, 1.650000, 4.193142
0.350000, 1.650000, 4.521587
0.400000, 1.650000, 4.852357
0.450000, 1.650000, 5.142963
0.500000, 1.650000, 5.354571
0.550000, 1.650000, 5.459937
0.600000, 1.650000, 5.449838
0.650000, 1.650000, 5.336460
0.700000, 1.650000, 5.152701
0.750000, 1.650000, 4.947034
0.800000, 1.650000, 4.774568
0.850000, 1.650000, 4.685863
0.900000, 1.650000, 4.715779
0.950000, 1.650000, 4.874858
1.000000, 1.650000, 5.145451
1.050000, 1.650000, 5.483884
1.100000, 1.650000, 5.828702
1.150000, 1.650000, 6.113552
1.200000, 1.650000, 6.282100
1.250000, 1.650000, 6.301632
1.300000, 1.650000, 6.172066
1.350000, 1.650000, 5.927949
1.400000, 1.650000, 5.632492
1.450000, 1.650000, 5.364557
1.500000, 1.650000, 5.201220
1.550000, 1.650000, 5.199788
1.600000, 1.650000, 5.383473
1.650000, 1.650000, 5.734325
1.700000, 1.650000, 6.195444
1.750000, 1.650000, 6.682426
1.800000, 1.650000, 7.101739
1.850000, 1.650000, 7.372004
1.900000, 1.650000, 7.443245
1.950000, 1.650000, 7.309476
2.000000, 1.650000, 7.011381
0.000000, 1.700000, 3.317206
0.050000, 1.700000, 3.293307
0.100000, 1.700000, 3.294501
0.150000, 1.700000, 3.348484
0.200000, 1.700000, 3.474421
0.250000, 1.700000, 3.679310
0.300000, 1.700000, 3.955548
0.350000, 1.700000, 4.280452
0.400000, 1.700000, 4.618423
0.450000, 1.700000, 4.926055
0.500000, 1.700000, 5.159817
0.550000, 1.700000, 5.285136
0.600000, 1.700000, 5.285045
0.650000, 1.700000, 5.166224
0.700000, 1.700000, 4.960495
0.750000, 1.700000, 4.720679
0.800000, 1.700000, 4.510971
0.850000, 1.700000, 4.393465
0.900000, 1.700000, 4.413674
0.950000, 1.700000, 4.588511
1.000000, 1.700000, 4.900003
1.050000, 1.700000, 5.296873
1.100000, 1.700000, 5.704351
1.150000, 1.700000, 6.040503
1.200000, 1.700000, 6.235556
1.250000, 1.700000, 6.249618
1.300000, 1.700000, 6.084280
1.350000, 1.700000, 5.784770
1.400000, 1.700000, 5.431506
1.450000, 1.700000, 5.122506
1.500000, 1.700000, 4.950500
1.550000, 1.700000, 4.980134
1.600000, 1.700000, 5.230956
1.650000, 1.700000, 5.670654
1.700000, 1.700000, 6.220696
1.750000, 1.700000, 6.773484
1.800000, 1.700000, 7.217240
1.850000, 1.700000, 7.462726
1.900000, 1.700000, 7.465292
1.950000, 1.700000, 7.236645
2.000000, 1.700000, 6.843175
0.000000, 1.750000, 3.087073
0.050000, 1.750000, 3.065958
0.100000, 1.750000, 3.065341
0.150000, 1.750000, 3.111058
0.200000, 1.750000, 3.223411
0.250000, 1.750000, 3.413419
0.300000, 1.750000, 3.679019
0.350000, 1.750000, 4.002445
0.400000, 1.750000, 4.350248
0.450000, 1.750000, 4.677104
0.500000, 1.750000, 4.933618
0.550000, 1.750000, 5.077045
0.600000, 1.750000, 5.082651
0.650000, 1.750000, 4.952666
0.700000, 1.750000, 4.719870
0.750000, 1.750000, 4.443879
0.800000, 1.750000, 4.199991
0.850000, 1.750000, 4.062529
0.900000, 1.750000, 4.086441
0.950000, 1.750000, 4.291881
1.000000, 1.750000, 4.656199
1.050000, 1.750000, 5.116197
1.100000, 1.750000, 5.581020
1.150000, 1.750000, 5.953149
1.200000, 1.750000, 6.152638
1.250000, 1.750000, 6.138433
1.300000, 1.750000, 5.921028
1.350000, 1.750000, 5.562603
1.400000, 1.750000, 5.163908
1.450000, 1.750000, 4.840625
1.500000, 1.750000, 4.694829
1.550000, 1.750000, 4.788737
1.600000, 1.750000, 5.127609
1.650000, 1.750000, 5.656538
1.700000, 1.750000, 6.272386
1.750000, 1.750000, 6.848234
1.800000, 1.750000, 7.264371
1.850000, 1.750000, 7.438044
1.900000, 1.750000, 7.344337
1.950000, 1.750000, 7.022743
2.000000, 1.750000, 6.567595
0.000000, 1.800000, 2.851180
0.050000, 1.800000, 2.832086
0.100000, 1.800000, 2.828841
0.150000, 1.800000, 2.865444
0.200000, 1.800000, 2.963643
0.250000, 1.800000, 3.138946
0.300000, 1.800000, 3.395184
0.350000, 1.800000, 3.719437
0.400000, 1.800000, 4.079765
0.450000, 1.800000, 4.427823
0.500000, 1.800000, 4.707180
0.550000, 1.800000, 4.866242
0.600000, 1.800000, 4.872817
0.650000, 1.800000, 4.726149
0.700000, 1.800000, 4.462300
0.750000, 1.800000, 4.150138
0.800000, 1.800000, 3.877655
0.850000, 1.800000, 3.731262
0.900000, 1.800000, 3.773096
0.950000, 1.800000, 4.022558
1.000000, 1.800000, 4.447679
1.050000, 1.800000, 4.969642
1.100000, 1.800000, 5.480259
1.150000, 1.800000, 5.868561
1.200000, 1.800000, 6.049784
1.250000, 1.800000, 5.988980
1.300000, 1.800000, 5.712505
1.350000, 1.800000, 5.303696
1.400000, 1.800000, 4.883215
1.450000, 1.800000, 4.578810
1.500000, 1.800000, 4.492278
1.550000, 1.800000, 4.672411
1.600000, 1.800000, 5.101313
1.650000, 1.800000, 5.697952
1.700000, 1.800000, 6.338242
1.750000, 1.800000, 6.886471
1.800000, 1.800000, 7.229783
1.850000, 1.800000, 7.306629
1.900000, 1.800000, 7.121720
1.950000, 1.800000, 6.743677
2.000000, 1.800000, 6.286254
0.000000, 1.850000, 2.640085
0.050000, 1.850000, 2.622389
0.100000, 1.850000, 2.615849
0.150000, 1.850000, 2.642663
0.200000, 1.850000, 2.726356
0.250000, 1.850000, 2.887402
0.300000, 1.850000, 3.135840
0.350000, 1.850000, 3.463438
0.400000, 1.850000, 3.838991
0.450000, 1.850000, 4.209941
0.500000, 1.850000, 4.511693
0.550000, 1.850000, 4.683343
0.600000, 1.850000, 4.685910
0.650000, 1.850000, 4.517503
0.700000, 1.850000, 4.220014
0.750000, 1.850000, 3.873855
0.800000, 1.850000, 3.580697
0.850000, 1.850000, 3.437944
0.900000, 1.850000, 3.511672
0.950000, 1.850000, 3.815914
1.000000, 1.850000, 4.304925
1.050000, 1.850000, 4.881709
1.100000, 1.850000, 5.421454
1.150000, 1.850000, 5.804060
1.200000, 1.850000, 5.946938
1.250000, 1.850000, 5.828776
1.300000, 1.850000, 5.497207
1.350000, 1.850000, 5.057701
1.400000, 1.850000, 4.646336
1.450000, 1.850000, 4.393740
1.500000, 1.850000, 4.390140
1.550000, 1.850000, 4.661210
1.600000, 1.850000, 5.161419
1.650000, 1.850000, 5.786606
1.700000, 1.850000, 6.402117
1.750000, 1.850000, 6.878533
1.800000, 1.850000, 7.125017
1.850000, 1.850000, 7.111291
1.900000, 1.850000, 6.872644
1.950000, 1.850000, 6.497370
2.000000, 1.850000, 6.100891
0.000000, 1.900000, 2.481423
0.050000, 1.900000, 2.464658
0.100000, 1.900000, 2.454319
0.150000, 1.900000, 2.470851
0.200000, 1.900000, 2.539906
0.250000, 1.900000, 2.687410
0.300000, 1.900000, 2.929884
0.350000, 1.900000, 3.263515
0.400000, 1.900000, 3.656943
0.450000, 1.900000, 4.052135
0.500000, 1.900000, 4.375277
0.550000, 1.900000, 4.555961
0.600000, 1.900000, 4.549477
0.650000, 1.900000, 4.355006
0.700000, 1.900000, 4.022911
0.750000, 1.900000, 3.647122
0.800000, 1.900000, 3.343197
0.850000, 1.900000, 3.217415
0.900000, 1.900000, 3.335665
0.950000, 1.900000, 3.701738
1.000000, 1.900000, 4.252327
1.050000, 1.900000, 4.871334
1.100000, 1.900000, 5.420204
1.150000, 1.900000, 5.775984
1.200000, 1.900000, 5.866085
1.250000, 1.900000, 5.689453
1.300000, 1.900000, 5.317644
1.350000, 1.900000, 4.875292
1.400000, 1.900000, 4.505539
1.450000, 1.900000, 4.330502
1.500000, 1.900000, 4.418216
1.550000, 1.900000, 4.765450
1.600000, 1.900000, 5.300879
1.650000, 1.900000, 5.907019
1.700000, 1.900000, 6.453855
1.750000, 1.900000, 6.833998
1.800000, 1.900000, 6.989281
1.850000, 1.900000, 6.921816
1.900000, 1.900000, 6.687622
1.950000, 1.900000, 6.376172
2.000000, 1.900000, 6.083133
0.000000, 1.950000, 2.397162
0.050000, 1.950000, 2.381025
0.100000, 1.950000, 2.366554
0.150000, 1.950000, 2.372495
0.200000, 1.950000, 2.427001
0.250000, 1.950000, 2.561939
0.300000, 1.950000, 2.800533
0.350000, 1.950000, 3.143016
0.400000, 1.950000, 3.556857
0.450000, 1.950000, 3.977247
0.500000, 1.950000, 4.320221
0.550000, 1.950000, 4.505972
0.600000, 1.950000, 4.485524
0.650000, 1.950000, 4.261635
0.700000, 1.950000, 3.895749
0.750000, 1.950000, 3.496783
0.800000, 1.950000, 3.193489
0.850000, 1.950000, 3.097888
0.900000, 1.950000, 3.270906
0.950000, 1.950000, 3.701377
1.000000, 1.950000, 4.305837
1.050000, 1.950000, 4.950158
1.100000, 1.950000, 5.487082
1.150000, 1.950000, 5.798466
1.200000, 1.950000, 5.829361
1.250000, 1.950000, 5.603442
1.300000, 1.950000, 5.215171
1.350000, 1.950000, 4.801333
1.400000, 1.950000, 4.500990
1.450000, 1.950000, 4.416238
1.500000, 1.950000, 4.585525
1.550000, 1.950000, 4.976896
1.600000, 1.950000, 5.501967
1.650000, 1.950000, 6.044976
1.700000, 1.950000, 6.496935
1.750000, 1.950000, 6.784131
1.800000, 1.950000, 6.882964
1.850000, 1.950000, 6.818268
1.900000, 1.950000, 6.647898
1.950000, 1.950000, 6.440530
2.000000, 1.950000, 6.254948
0.000000, 2.000000, 2.401422
0.050000, 2.000000, 2.385780
0.100000, 2.000000, 2.367014
0.150000, 2.000000, 2.362239
0.200000, 2.000000, 2.402503
0.250000, 2.000000, 2.526100
0.300000, 2.000000, 2.763120
0.350000, 2.000000, 3.117359
0.400000, 2.000000, 3.553982
0.450000, 2.000000, 4.000085
0.500000, 2.000000, 4.360789
0.550000, 2.000000, 4.547341
0.600000, 2.000000, 4.508348
0.650000, 2.000000, 4.252869
0.700000, 2.000000, 3.855857
0.750000, 2.000000, 3.442028
0.800000, 2.000000, 3.151632
0.850000, 2.000000, 3.098382
0.900000, 2.000000, 3.333129
0.950000, 2.000000, 3.825675
1.000000, 2.000000, 4.471440
1.050000, 2.000000, 5.121521
1.100000, 2.000000, 5.626842
1.150000, 2.000000, 5.882305
1.200000, 2.000000, 5.856861
1.250000, 2.000000, 5.600200
1.300000, 2.000000, 5.224591
1.350000, 2.000000, 4.868597
1.400000, 2.000000, 4.655038
1.450000, 2.000000, 4.656817
1.500000, 2.000000, 4.880829
1.550000, 2.000000, 5.273470
1.600000, 2.000000, 5.743770
1.650000, 2.000000, 6.194690
1.700000, 2.000000, 6.551274
1.750000, 2.000000, 6.776792
1.800000, 2.000000, 6.873351
1.850000, 2.000000, 6.869599
1.900000, 2.000000, 6.802669
1.950000, 2.000000, 6.702758
2.000000, 2.000000, 6.586463
