0.000000, 0.000000, -3.597264
0.050000, 0.000000, -3.448902
0.100000, 0.000000, -3.346082
0.150000, 0.000000, -3.333791
0.200000, 0.000000, -3.435227
0.250000, 0.000000, -3.646900
0.300000, 0.000000, -3.939608
0.350000, 0.000000, -4.265064
0.400000, 0.000000, -4.566735
0.450000, 0.000000, -4.792512
0.500000, 0.000000, -4.906444
0.550000, 0.000000, -4.896975
0.600000, 0.000000, -4.779865
0.650000, 0.000000, -4.595165
0.700000, 0.000000, -4.398881
0.750000, 0.000000, -4.251143
0.800000, 0.000000, -4.203442
0.850000, 0.000000, -4.287721
0.900000, 0.000000, -4.509672
0.950000, 0.000000, -4.847711
1.000000, 0.000000, -5.257837
1.050000, 0.000000, -5.683320
1.100000, 0.000000, -6.067101
1.150000, 0.000000, -6.364194
1.200000, 0.000000, -6.551401
1.250000, 0.000000, -6.632211
1.300000, 0.000000, -6.635826
1.350000, 0.000000, -6.610534
1.400000, 0.000000, -6.612867
1.450000, 0.000000, -6.694935
1.500000, 0.000000, -6.892688
1.550000, 0.000000, -7.217683
1.600000, 0.000000, -7.654160
1.650000, 0.000000, -8.162066
1.700000, 0.000000, -8.685397
1.750000, 0.000000, -9.164023
1.800000, 0.000000, -9.546452
1.850000, 0.000000, -9.800742
1.900000, 0.000000, -9.921200
1.950000, 0.000000, -9.929411
2.000000, 0.000000, -9.869375
0.000000, 0.050000, -3.382563
0.050000, 0.050000, -3.210407
0.100000, 0.050000, -3.084290
0.150000, 0.050000, -3.049515
0.200000, 0.050000, -3.129581
0.250000, 0.050000, -3.321269
0.300000, 0.050000, -3.595614
0.350000, 0.050000, -3.904528
0.400000, 0.050000, -4.191632
0.450000, 0.050000, -4.404923
0.500000, 0.050000, -4.508505
0.550000, 0.050000, -4.490826
0.600000, 0.050000, -4.367598
0.650000, 0.050000, -4.178774
0.700000, 0.050000, -3.980212
0.750000, 0.050000, -3.831852
0.800000, 0.050000, -3.784956
0.850000, 0.050000, -3.871201
0.900000, 0.050000, -4.095989
0.950000, 0.050000, -4.437423
1.000000, 0.050000, -4.851180
1.050000, 0.050000, -5.280204
1.100000, 0.050000, -5.667109
1.150000, 0.050000, -5.966601
1.200000, 0.050000, -6.155189
1.250000, 0.050000, -6.236098
1.300000, 0.050000, -6.238300
1.350000, 0.050000, -6.209889
1.400000, 0.050000, -6.207252
1.450000, 0.050000, -6.282400
1.500000, 0.050000, -6.471234
1.550000, 0.050000, -6.785313
1.600000, 0.050000, -7.208932
1.650000, 0.050000, -7.702145
1.700000, 0.050000, -8.209098
1.750000, 0.050000, -8.669860
1.800000, 0.050000, -9.033175
1.850000, 0.050000, -9.267371
1.900000, 0.050000, -9.367053
1.950000, 0.050000, -9.354123
2.000000, 0.050000, -9.272910
0.000000, 0.100000, -2.983435
0.050000, 0.100000, -2.787981
0.100000, 0.100000, -2.639400
0.150000, 0.100000, -2.583317
0.200000, 0.100000, -2.643523
0.250000, 0.100000, -2.817062
0.300000, 0.100000, -3.075189
0.350000, 0.100000, -3.369992
0.400000, 0.100000, -3.645219
0.450000, 0.100000, -3.848944
0.500000, 0.100000, -3.945296
0.550000, 0.100000, -3.922694
0.600000, 0.100000, -3.796773
0.650000, 0.100000, -3.607357
0.700000, 0.100000, -3.410133
0.750000, 0.100000, -3.264825
0.800000, 0.100000, -3.222449
0.850000, 0.100000, -3.314408
0.900000, 0.100000, -3.545805
0.950000, 0.100000, -3.894436
1.000000, 0.100000, -4.315662
1.050000, 0.100000, -4.752115
1.100000, 0.100000, -5.146110
1.150000, 0.100000, -5.452069
1.200000, 0.100000, -5.646246
1.250000, 0.100000, -5.731643
1.300000, 0.100000, -5.737045
1.350000, 0.100000, -5.710407
1.400000, 0.100000, -5.708017
1.450000, 0.100000, -5.781841
1.500000, 0.100000, -5.967784
1.550000, 0.100000, -6.277459
1.600000, 0.100000, -6.695264
1.650000, 0.100000, -7.181403
1.700000, 0.100000, -7.680217
1.750000, 0.100000, -8.132004
1.800000, 0.100000, -8.485771
1.850000, 0.100000, -8.710137
1.900000, 0.100000, -8.800013
1.950000, 0.100000, -8.777619
2.000000, 0.100000, -8.687607
0.000000, 0.150000, -2.426037
0.050000, 0.150000, -2.208100
0.100000, 0.150000, -2.038210
0.150000, 0.150000, -1.962333
0.200000, 0.150000, -2.004566
0.250000, 0.150000, -2.162215
0.300000, 0.150000, -2.406754
0.350000, 0.150000, -2.690442
0.400000, 0.150000, -2.957140
0.450000, 0.150000, -3.154983
0.500000, 0.150000, -3.248106
0.550000, 0.150000, -3.224879
0.600000, 0.150000, -3.100835
0.650000, 0.150000, -2.915649
0.700000, 0.150000, -2.724814
0.750000, 0.150000, -2.587823
0.800000, 0.150000, -2.555426
0.850000, 0.150000, -2.658735
0.900000, 0.150000, -2.902546
0.950000, 0.150000, -3.264337
1.000000, 0.150000, -3.699149
1.050000, 0.150000, -4.149301
1.100000, 0.150000, -4.556809
1.150000, 0.150000, -4.875815
1.200000, 0.150000, -5.082323
1.250000, 0.150000, -5.179116
1.300000, 0.150000, -5.194803
1.350000, 0.150000, -5.177198
1.400000, 0.150000, -5.182499
1.450000, 0.150000, -5.262626
1.500000, 0.150000, -5.453483
1.550000, 0.150000, -5.766730
1.600000, 0.150000, -6.186853
1.650000, 0.150000, -6.674187
1.700000, 0.150000, -7.173233
1.750000, 0.150000, -7.624486
1.800000, 0.150000, -7.977171
1.850000, 0.150000, -8.200139
1.900000, 0.150000, -8.288546
1.950000, 0.150000, -8.264858
2.000000, 0.150000, -8.173965
0.000000, 0.200000, -1.751151
0.050000, 0.200000, -1.511844
0.100000, 0.200000, -1.322095
0.150000, 0.200000, -1.228244
0.200000, 0.200000, -1.254718
0.250000, 0.200000, -1.399106
0.300000, 0.200000, -1.633110
0.350000, 0.200000, -1.909155
0.400000, 0.200000, -2.171214
0.450000, 0.200000, -2.367464
0.500000, 0.200000, -2.462025
0.550000, 0.200000, -2.443189
0.600000, 0.200000, -2.326351
0.650000, 0.200000, -2.150998
0.700000, 0.200000, -1.972382
0.750000, 0.200000, -1.849714
0.800000, 0.200000, -1.833425
0.850000, 0.200000, -1.954280
0.900000, 0.200000, -2.216707
0.950000, 0.200000, -2.597805
1.000000, 0.200000, -3.052231
1.050000, 0.200000, -3.521923
1.100000, 0.200000, -3.948531
1.150000, 0.200000, -4.285851
1.200000, 0.200000, -4.509566
1.250000, 0.200000, -4.622170
1.300000, 0.200000, -4.652021
1.350000, 0.200000, -4.646725
1.400000, 0.200000, -4.662315
1.450000, 0.200000, -4.750589
1.500000, 0.200000, -4.947379
1.550000, 0.200000, -5.264318
1.600000, 0.200000, -5.685905
1.650000, 0.200000, -6.172531
1.700000, 0.200000, -6.668790
1.750000, 0.200000, -7.115300
1.800000, 0.200000, -7.461435
1.850000, 0.200000, -7.676217
1.900000, 0.200000, -7.754987
1.950000, 0.200000, -7.720401
2.000000, 0.200000, -7.617543
0.000000, 0.250000, -1.010249
0.050000, 0.250000, -0.750957
0.100000, 0.250000, -0.543059
0.150000, 0.250000, -0.433318
0.200000, 0.250000, -0.446531
0.250000, 0.250000, -0.580595
0.300000, 0.250000, -0.807455
0.350000, 0.250000, -1.079704
0.400000, 0.250000, -1.341406
0.450000, 0.250000, -1.540756
0.500000, 0.250000, -1.641808
0.550000, 0.250000, -1.632716
0.600000, 0.250000, -1.528665
0.650000, 0.250000, -1.368860
0.700000, 0.250000, -1.208212
0.750000, 0.250000, -1.105536
0.800000, 0.250000, -1.110821
0.850000, 0.250000, -1.254353
0.900000, 0.250000, -1.540056
0.950000, 0.250000, -1.944505
1.000000, 0.250000, -2.421834
1.050000, 0.250000, -2.913459
1.100000, 0.250000, -3.360524
1.150000, 0.250000, -3.716347
1.200000, 0.250000, -3.956165
1.250000, 0.250000, -4.082073
1.300000, 0.250000, -4.122079
1.350000, 0.250000, -4.123495
1.400000, 0.250000, -4.142124
1.450000, 0.250000, -4.229599
1.500000, 0.250000, -4.421655
1.550000, 0.250000, -4.729897
1.600000, 0.250000, -5.138864
1.650000, 0.250000, -5.609051
1.700000, 0.250000, -6.085224
1.750000, 0.250000, -6.508227
1.800000, 0.250000, -6.827717
1.850000, 0.250000, -7.013045
1.900000, 0.250000, -7.059920
1.950000, 0.250000, -6.991402
2.000000, 0.250000, -6.853000
0.000000, 0.300000, -0.260536
0.050000, 0.300000, 0.017119
0.100000, 0.300000, 0.241235
0.150000, 0.300000, 0.364563
0.200000, 0.300000, 0.361886
0.250000, 0.300000, 0.234965
0.300000, 0.300000, 0.011606
0.350000, 0.300000, -0.260941
0.400000, 0.300000, -0.526795
0.450000, 0.300000, -0.734099
0.500000, 0.300000, -0.846754
0.550000, 0.300000, -0.852658
0.600000, 0.300000, -0.766643
0.650000, 0.300000, -0.627470
0.700000, 0.300000, -0.489528
0.750000, 0.300000, -0.411041
0.800000, 0.300000, -0.441350
0.850000, 0.300000, -0.610056
0.900000, 0.300000, -0.920372
0.950000, 0.300000, -1.348156
1.000000, 0.300000, -1.846831
1.050000, 0.300000, -2.357132
1.100000, 0.300000, -2.819565
1.150000, 0.300000, -3.186867
1.200000, 0.300000, -3.433770
1.250000, 0.300000, -3.561950
1.300000, 0.300000, -3.599093
1.350000, 0.300000, -3.592298
1.400000, 0.300000, -3.597270
1.450000, 0.300000, -3.665661
1.500000, 0.300000, -3.833346
1.550000, 0.300000, -4.112189
1.600000, 0.300000, -4.487107
1.650000, 0.300000, -4.919080
1.700000, 0.300000, -5.353461
1.750000, 0.300000, -5.731774
1.800000, 0.300000, -6.004429
1.850000, 0.300000, -6.141596
1.900000, 0.300000, -6.139850
1.950000, 0.300000, -6.023141
2.000000, 0.300000, -5.837885
0.000000, 0.350000, 0.440548
0.050000, 0.350000, 0.734745
0.100000, 0.350000, 0.972973
0.150000, 0.350000, 1.107416
0.200000, 0.350000, 1.112381
0.250000, 0.350000, 0.989257
0.300000, 0.350000, 0.765599
0.350000, 0.350000, 0.488542
0.400000, 0.350000, 0.213992
0.450000, 0.350000, -0.006027
0.500000, 0.350000, -0.135104
0.550000, 0.350000, -0.160687
0.600000, 0.350000, -0.097032
0.650000, 0.350000, 0.017789
0.700000, 0.350000, 0.130171
0.750000, 0.350000, 0.182747
0.800000, 0.350000, 0.127080
0.850000, 0.350000, -0.065503
0.900000, 0.350000, -0.397294
0.950000, 0.350000, -0.843262
1.000000, 0.350000, -1.356007
1.050000, 0.350000, -1.875527
1.100000, 0.350000, -2.341706
1.150000, 0.350000, -2.706795
1.200000, 0.350000, -2.945197
1.250000, 0.350000, -3.058427
1.300000, 0.350000, -3.074190
1.350000, 0.350000, -3.039793
1.400000, 0.350000, -3.011329
1.450000, 0.350000, -3.041022
1.500000, 0.350000, -3.165488
1.550000, 0.350000, -3.397484
1.600000, 0.350000, -3.722954
1.650000, 0.350000, -4.104014
1.700000, 0.350000, -4.487234
1.750000, 0.350000, -4.815398
1.800000, 0.350000, -5.040198
1.850000, 0.350000, -5.133061
1.900000, 0.350000, -5.091765
1.950000, 0.350000, -4.941374
2.000000, 0.350000, -4.729293
0.000000, 0.400000, 1.040835
0.050000, 0.400000, 1.349599
0.100000, 0.400000, 1.599704
0.150000, 0.400000, 1.742676
0.200000, 0.400000, 1.752281
0.250000, 0.400000, 1.629513
0.300000, 0.400000, 1.401704
0.350000, 0.400000, 1.115950
0.400000, 0.400000, 0.828317
0.450000, 0.400000, 0.591187
0.500000, 0.400000, 0.441520
0.550000, 0.400000, 0.392595
0.600000, 0.400000, 0.431038
0.650000, 0.400000, 0.519780
0.700000, 0.400000, 0.606314
0.750000, 0.400000, 0.634416
0.800000, 0.400000, 0.556798
0.850000, 0.400000, 0.345900
0.900000, 0.400000, 0.000452
0.950000, 0.400000, -0.453618
1.000000, 0.400000, -0.968181
1.050000, 0.400000, -1.482710
1.100000, 0.400000, -1.936794
1.150000, 0.400000, -2.282639
1.200000, 0.400000, -2.494864
1.250000, 0.400000, -2.575464
1.300000, 0.400000, -2.552879
1.350000, 0.400000, -2.475386
1.400000, 0.400000, -2.400256
1.450000, 0.400000, -2.381067
1.500000, 0.400000, -2.455916
1.550000, 0.400000, -2.639120
1.600000, 0.400000, -2.918213
1.650000, 0.400000, -3.256867
1.700000, 0.400000, -3.603122
1.750000, 0.400000, -3.901093
1.800000, 0.400000, -4.103606
1.850000, 0.400000, -4.182984
1.900000, 0.400000, -4.137623
1.950000, 0.400000, -3.992901
2.000000, 0.400000, -3.796208
0.000000, 0.450000, 1.498403
0.050000, 0.450000, 1.819653
0.100000, 0.450000, 2.079324
0.150000, 0.450000, 2.228178
0.200000, 0.450000, 2.239375
0.250000, 0.450000, 2.113508
0.300000, 0.450000, 1.877745
0.350000, 0.450000, 1.579276
0.400000, 0.450000, 1.274531
0.450000, 0.450000, 1.016523
0.500000, 0.450000, 0.843082
0.550000, 0.450000, 0.768568
0.600000, 0.450000, 0.780855
0.650000, 0.450000, 0.844226
0.700000, 0.450000, 0.907571
0.750000, 0.450000, 0.916037
0.800000, 0.450000, 0.823612
0.850000, 0.450000, 0.603844
0.900000, 0.450000, 0.256350
0.950000, 0.450000, -0.192338
1.000000, 0.450000, -0.693805
1.050000, 0.450000, -1.187590
1.100000, 0.450000, -1.613700
1.150000, 0.450000, -1.925118
1.200000, 0.450000, -2.097566
1.250000, 0.450000, -2.134430
1.300000, 0.450000, -2.065777
1.350000, 0.450000, -1.941673
1.400000, 0.450000, -1.821270
1.450000, 0.450000, -1.760028
1.500000, 0.450000, -1.797839
1.550000, 0.450000, -1.950652
1.600000, 0.450000, -2.207375
1.650000, 0.450000, -2.532737
1.700000, 0.450000, -2.875455
1.750000, 0.450000, -3.179900
1.800000, 0.450000, -3.398709
1.850000, 0.450000, -3.503569
1.900000, 0.450000, -3.491809
1.950000, 0.450000, -3.387346
2.000000, 0.450000, -3.235771
0.000000, 0.500000, 1.785536
0.050000, 0.500000, 2.117136
0.100000, 0.500000, 2.384037
0.150000, 0.500000, 2.536120
0.200000, 0.500000, 2.545879
0.250000, 0.500000, 2.413521
0.300000, 0.500000, 2.166154
0.350000, 0.500000, 1.851264
0.400000, 0.500000, 1.525930
0.450000, 0.500000, 1.244147
0.500000, 0.500000, 1.045017
0.550000, 0.500000, 0.944393
0.600000, 0.500000, 0.931773
0.650000, 0.500000, 0.973108
0.700000, 0.500000, 1.018882
0.750000, 0.500000, 1.015674
0.800000, 0.500000, 0.918630
0.850000, 0.500000, 0.702103
0.900000, 0.500000, 0.366099
0.950000, 0.500000, -0.062926
1.000000, 0.500000, -0.537112
1.050000, 0.500000, -0.997013
1.100000, 0.500000, -1.384080
1.150000, 0.500000, -1.653088
1.200000, 0.500000, -1.781815
1.250000, 0.500000, -1.775850
1.300000, 0.500000, -1.667487
1.350000, 0.500000, -1.508911
1.400000, 0.500000, -1.361159
1.450000, 0.500000, -1.281217
1.500000, 0.500000, -1.310053
1.550000, 0.500000, -1.464153
1.600000, 0.500000, -1.732381
1.650000, 0.500000, -2.078824
1.700000, 0.500000, -2.450973
1.750000, 0.500000, -2.791451
1.800000, 0.500000, -3.050703
1.850000, 0.500000, -3.197898
1.900000, 0.500000, -3.227658
1.950000, 0.500000, -3.161156
2.000000, 0.500000, -3.041360
0.000000, 0.550000, 1.891288
0.050000, 0.550000, 2.231099
0.100000, 0.550000, 2.502921
0.150000, 0.550000, 2.655630
0.200000, 0.550000, 2.660999
0.250000, 0.550000, 2.518896
0.300000, 0.550000, 2.256533
0.350000, 0.550000, 1.921964
0.400000, 0.550000, 1.573288
0.450000, 0.550000, 1.265917
0.500000, 0.550000, 1.040676
0.550000, 0.550000, 0.915331
0.600000, 0.550000, 0.881335
0.650000, 0.550000, 0.906494
0.700000, 0.550000, 0.942889
0.750000, 0.550000, 0.938302
0.800000, 0.550000, 0.848577
0.850000, 0.550000, 0.648183
0.900000, 0.550000, 0.336614
0.950000, 0.550000, -0.060798
1.000000, 0.550000, -0.497874
1.050000, 0.550000, -0.917316
1.100000, 0.550000, -1.263038
1.150000, 0.550000, -1.492437
1.200000, 0.550000, -1.585881
1.250000, 0.550000, -1.551324
1.300000, 0.550000, -1.423022
1.350000, 0.550000, -1.254559
1.400000, 0.550000, -1.107679
1.450000, 0.550000, -1.039312
1.500000, 0.550000, -1.089573
1.550000, 0.550000, -1.273333
1.600000, 0.550000, -1.577166
1.650000, 0.550000, -1.962334
1.700000, 0.550000, -2.373151
1.750000, 0.550000, -2.748923
1.800000, 0.550000, -3.036881
1.850000, 0.550000, -3.203314
1.900000, 0.550000, -3.240520
1.950000, 0.550000, -3.168095
2.000000, 0.550000, -3.028328
0.000000, 0.600000, 1.822402
0.050000, 0.600000, 2.168330
0.100000, 0.600000, 2.442846
0.150000, 0.600000, 2.593677
0.200000, 0.600000, 2.591840
0.250000, 0.600000, 2.436951
0.300000, 0.600000, 2.156552
0.350000, 0.600000, 1.799623
0.400000, 0.600000, 1.425734
0.450000, 0.600000, 1.092206
0.500000, 0.600000, 0.842060
0.550000, 0.600000, 0.695339
0.600000, 0.600000, 0.645656
0.650000, 0.600000, 0.662636
0.700000, 0.600000, 0.699653
0.750000, 0.600000, 0.705101
0.800000, 0.600000, 0.634661
0.850000, 0.600000, 0.461836
0.900000, 0.600000, 0.184394
0.950000, 0.600000, -0.174704
1.000000, 0.600000, -0.572115
1.050000, 0.600000, -0.953605
1.100000, 0.600000, -1.266132
1.150000, 0.600000, -1.469830
1.200000, 0.600000, -1.547248
1.250000, 0.600000, -1.507746
1.300000, 0.600000, -1.386043
1.350000, 0.600000, -1.235160
1.400000, 0.600000, -1.115257
1.450000, 0.600000, -1.080741
1.500000, 0.600000, -1.168446
1.550000, 0.600000, -1.389455
1.600000, 0.600000, -1.726346
1.650000, 0.600000, -2.136523
1.700000, 0.600000, -2.560913
1.750000, 0.600000, -2.936236
1.800000, 0.600000, -3.208190
1.850000, 0.600000, -3.342782
1.900000, 0.600000, -3.333368
1.950000, 0.600000, -3.201932
2.000000, 0.600000, -2.994346
0.000000, 0.650000, 1.602491
0.050000, 0.650000, 1.952544
0.100000, 0.650000, 2.227652
0.150000, 0.650000, 2.374253
0.200000, 0.650000, 2.362582
0.250000, 0.650000, 2.192146
0.300000, 0.650000, 1.891115
0.350000, 0.650000, 1.509834
0.400000, 0.650000, 1.109866
0.450000, 0.650000, 0.750968
0.500000, 0.650000, 0.478784
0.550000, 0.650000, 0.315887
0.600000, 0.650000, 0.258026
0.650000, 0.650000, 0.276301
0.700000, 0.650000, 0.324698
0.750000, 0.650000, 0.351227
0.800000, 0.650000, 0.310178
0.850000, 0.650000, 0.172733
0.900000, 0.650000, -0.066386
0.950000, 0.650000, -0.387713
1.000000, 0.650000, -0.751501
1.050000, 0.650000, -1.106838
1.100000, 0.650000, -1.403361
1.150000, 0.650000, -1.602925
1.200000, 0.650000, -1.688602
1.250000, 0.650000, -1.668960
1.300000, 0.650000, -1.576617
1.350000, 0.650000, -1.461330
1.400000, 0.650000, -1.379099
1.450000, 0.650000, -1.379655
1.500000, 0.650000, -1.495095
1.550000, 0.650000, -1.732178
1.600000, 0.650000, -2.070044
1.650000, 0.650000, -2.463942
1.700000, 0.650000, -2.854231
1.750000, 0.650000, -3.178796
1.800000, 0.650000, -3.386240
1.850000, 0.650000, -3.447028
1.900000, 0.650000, -3.360200
1.950000, 0.650000, -3.154176
2.000000, 0.650000, -2.881458
0.000000, 0.700000, 1.269583
0.050000, 0.700000, 1.621913
0.100000, 0.700000, 1.895684
0.150000, 0.700000, 2.035895
0.200000, 0.700000, 2.012006
0.250000, 0.700000, 1.823601
0.300000, 0.700000, 1.499864
0.350000, 0.700000, 1.093023
0.400000, 0.700000, 0.667207
0.450000, 0.700000, 0.285120
0.500000, 0.700000, -0.004634
0.550000, 0.700000, -0.176910
0.600000, 0.700000, -0.234149
0.650000, 0.700000, -0.204494
0.700000, 0.700000, -0.134436
0.750000, 0.700000, -0.077697
0.800000, 0.700000, -0.082849
0.850000, 0.700000, -0.182411
0.900000, 0.700000, -0.385800
0.950000, 0.700000, -0.677633
1.000000, 0.700000, -1.021684
1.050000, 0.700000, -1.369529
1.100000, 0.700000, -1.671883
1.150000, 0.700000, -1.890051
1.200000, 0.700000, -2.004888
1.250000, 0.700000, -2.021235
1.300000, 0.700000, -1.966828
1.350000, 0.700000, -1.885897
1.400000, 0.700000, -1.828885
1.450000, 0.700000, -1.840602
1.500000, 0.700000, -1.949473
1.550000, 0.700000, -2.160360
1.600000, 0.700000, -2.452620
1.650000, 0.700000, -2.783954
1.700000, 0.700000, -3.099282
1.750000, 0.700000, -3.342793
1.800000, 0.700000, -3.470544
1.850000, 0.700000, -3.460872
1.900000, 0.700000, -3.320265
1.950000, 0.700000, -3.083350
2.000000, 0.700000, -2.806859
0.000000, 0.750000, 0.872249
0.050000, 0.750000, 1.225200
0.100000, 0.750000, 1.495919
0.150000, 0.750000, 1.627814
0.200000, 0.750000, 1.589601
0.250000, 0.750000, 1.381204
0.300000, 0.750000, 1.033279
0.350000, 0.750000, 0.600527
0.400000, 0.750000, 0.150237
0.450000, 0.750000, -0.251486
0.500000, 0.750000, -0.552914
0.550000, 0.750000, -0.726570
0.600000, 0.750000, -0.773774
0.650000, 0.750000, -0.723037
0.700000, 0.750000, -0.622769
0.750000, 0.750000, -0.530001
0.800000, 0.750000, -0.497628
0.850000, 0.750000, -0.562954
0.900000, 0.750000, -0.739987
0.950000, 0.750000, -1.017072
1.000000, 0.750000, -1.360250
1.050000, 0.750000, -1.721480
1.100000, 0.750000, -2.049784
1.150000, 0.750000, -2.302788
1.200000, 0.750000, -2.456042
1.250000, 0.750000, -2.508083
1.300000, 0.750000, -2.480131
1.350000, 0.750000, -2.410564
1.400000, 0.750000, -2.345481
1.450000, 0.750000, -2.327550
1.500000, 0.750000, -2.385711
1.550000, 0.750000, -2.528122
1.600000, 0.750000, -2.739995
1.650000, 0.750000, -2.986874
1.700000, 0.750000, -3.222658
1.750000, 0.750000, -3.400592
1.800000, 0.750000, -3.484758
1.850000, 0.750000, -3.459429
1.900000, 0.750000, -3.334106
1.950000, 0.750000, -3.142981
2.000000, 0.750000, -2.938790
0.000000, 0.800000, 0.464722
0.050000, 0.800000, 0.816870
0.100000, 0.800000, 1.083067
0.150000, 0.800000, 1.204984
0.200000, 0.800000, 1.150663
0.250000, 0.800000, 0.920692
0.300000, 0.800000, 0.547743
0.350000, 0.800000, 0.089632
0.400000, 0.800000, -0.382608
0.450000, 0.800000, -0.799138
0.500000, 0.800000, -1.105186
0.550000, 0.800000, -1.271522
0.600000, 0.800000, -1.299441
0.650000, 0.800000, -1.219314
0.700000, 0.800000, -1.083148
0.750000, 0.800000, -0.952855
0.800000, 0.800000, -0.886788
0.850000, 0.800000, -0.927434
0.900000, 0.800000, -1.092842
0.950000, 0.800000, -1.373500
1.000000, 0.800000, -1.735206
1.050000, 0.800000, -2.127131
1.100000, 0.800000, -2.493214
1.150000, 0.800000, -2.784315
1.200000, 0.800000, -2.968479
1.250000, 0.800000, -3.037099
1.300000, 0.800000, -3.005752
1.350000, 0.800000, -2.909657
1.400000, 0.800000, -2.794920
1.450000, 0.800000, -2.707629
1.500000, 0.800000, -2.683315
1.550000, 0.800000, -2.739174
1.600000, 0.800000, -2.870782
1.650000, 0.800000, -3.053979
1.700000, 0.800000, -3.251436
1.750000, 0.800000, -3.422330
1.800000, 0.800000, -3.532839
1.850000, 0.800000, -3.565006
1.900000, 0.800000, -3.521871
1.950000, 0.800000, -3.427623
2.000000, 0.800000, -3.322676
0.000000, 0.850000, 0.101470
0.050000, 0.850000, 0.451651
0.100000, 0.850000, 0.712136
0.150000, 0.850000, 0.822702
0.200000, 0.850000, 0.750835
0.250000, 0.850000, 0.498187
0.300000, 0.850000, 0.100063
0.350000, 0.850000, -0.381924
0.400000, 0.850000, -0.872480
0.450000, 0.850000, -1.297880
0.500000, 0.850000, -1.600686
0.550000, 0.850000, -1.750889
0.600000, 0.850000, -1.751240
0.650000, 0.850000, -1.635732
0.700000, 0.850000, -1.461684
0.750000, 0.850000, -1.297155
0.800000, 0.850000, -1.206408
0.850000, 0.850000, -1.236488
0.900000, 0.850000, -1.407686
0.950000, 0.850000, -1.709814
1.000000, 0.850000, -2.104942
1.050000, 0.850000, -2.535869
1.100000, 0.850000, -2.938433
1.150000, 0.850000, -3.254951
1.200000, 0.850000, -3.445944
1.250000, 0.850000, -3.497698
1.300000, 0.850000, -3.424185
1.350000, 0.850000, -3.263091
1.400000, 0.850000, -3.066983
1.450000, 0.850000, -2.891650
1.500000, 0.850000, -2.784231
1.550000, 0.850000, -2.773697
1.600000, 0.850000, -2.865692
1.650000, 0.850000, -3.042713
1.700000, 0.850000, -3.269423
1.750000, 0.850000, -3.501754
1.800000, 0.850000, -3.697643
1.850000, 0.850000, -3.826946
1.900000, 0.850000, -3.878289
1.950000, 0.850000, -3.861390
2.000000, 0.850000, -3.804393
0.000000, 0.900000, -0.168240
0.050000, 0.900000, 0.179105
0.100000, 0.900000, 0.432980
0.150000, 0.900000, 0.531133
0.200000, 0.900000, 0.440649
0.250000, 0.900000, 0.164726
0.300000, 0.900000, -0.258011
0.350000, 0.900000, -0.761473
0.400000, 0.900000, -1.265686
0.450000, 0.900000, -1.693133
0.500000, 0.900000, -1.984448
0.550000, 0.900000, -2.110217
0.600000, 0.900000, -2.076441
0.650000, 0.900000, -1.922610
0.700000, 0.900000, -1.712831
0.750000, 0.900000, -1.521946
0.800000, 0.900000, -1.419574
0.850000, 0.900000, -1.455444
0.900000, 0.900000, -1.649065
0.950000, 0.900000, -1.985833
1.000000, 0.900000, -2.420326
1.050000, 0.900000, -2.885997
1.100000, 0.900000, -3.309166
1.150000, 0.900000, -3.624321
1.200000, 0.900000, -3.787513
1.250000, 0.900000, -3.785088
1.300000, 0.900000, -3.635987
1.350000, 0.900000, -3.387273
1.400000, 0.900000, -3.103920
1.450000, 0.900000, -2.855129
1.500000, 0.900000, -2.700109
1.550000, 0.900000, -2.676308
1.600000, 0.900000, -2.792516
1.650000, 0.900000, -3.028179
1.700000, 0.900000, -3.338913
1.750000, 0.900000, -3.666891
1.800000, 0.900000, -3.953785
1.850000, 0.900000, -4.153434
1.900000, 0.900000, -4.241542
1.950000, 0.900000, -4.220417
2.000000, 0.900000, -4.117858
0.000000, 0.950000, -0.305239
0.050000, 0.950000, 0.038710
0.100000, 0.950000, 0.285388
0.150000, 0.950000, 0.370381
0.200000, 0.950000, 0.260591
0.250000, 0.950000, -0.038685
0.300000, 0.950000, -0.484756
0.350000, 0.950000, -1.006403
0.400000, 0.950000, -1.518717
0.450000, 0.950000, -1.940781
0.500000, 0.950000, -2.212435
0.550000, 0.950000, -2.306589
0.600000, 0.950000, -2.234499
0.650000, 0.950000, -2.042898
0.700000, 0.950000, -1.803625
0.750000, 0.950000, -1.597991
0.800000, 0.950000, -1.499193
0.850000, 0.950000, -1.556533
0.900000, 0.950000, -1.784794
0.950000, 0.950000, -2.160985
1.000000, 0.950000, -2.629157
1.050000, 0.950000, -3.112216
1.100000, 0.950000, -3.528224
1.150000, 0.950000, -3.807709
1.200000, 0.950000, -3.908313
1.250000, 0.950000, -3.823696
1.300000, 0.950000, -3.584827
1.350000, 0.950000, -3.253430
1.400000, 0.950000, -2.909018
1.450000, 0.950000, -2.632273
1.500000, 0.950000, -2.488328
1.550000, 0.950000, -2.513471
1.600000, 0.950000, -2.708063
1.650000, 0.950000, -3.037113
1.700000, 0.950000, -3.438330
1.750000, 0.950000, -3.835885
1.800000, 0.950000, -4.156912
1.850000, 0.950000, -4.347219
1.900000, 0.950000, -4.382885
1.950000, 0.950000, -4.275309
2.000000, 0.950000, -4.068683
0.000000, 1.000000, -0.284356
0.050000, 1.000000, 0.055962
0.100000, 1.000000, 0.295172
0.150000, 1.000000, 0.366578
0.200000, 1.000000, 0.237175
0.250000, 1.000000, -0.085004
0.300000, 1.000000, -0.552421
0.350000, 1.000000, -1.088138
0.400000, 1.000000, -1.602270
0.450000, 1.000000, -2.011239
0.500000, 1.000000, -2.255611
0.550000, 1.000000, -2.312656
0.600000, 1.000000, -2.200900
0.650000, 1.000000, -1.975676
0.700000, 1.000000, -1.716667
0.750000, 1.000000, -1.510160
0.800000, 1.000000, -1.429889
0.850000, 1.000000, -1.520651
0.900000, 1.000000, -1.788277
0.950000, 1.000000, -2.198147
1.000000, 1.000000, -2.682582
1.050000, 1.000000, -3.155499
1.100000, 1.000000, -3.531148
1.150000, 1.000000, -3.742835
1.200000, 1.000000, -3.757552
1.250000, 1.000000, -3.583335
1.300000, 1.000000, -3.267720
1.350000, 1.000000, -2.887645
1.400000, 1.000000, -2.532996
1.450000, 1.000000, -2.287350
1.500000, 1.000000, -2.210142
1.550000, 1.000000, -2.324101
1.600000, 1.000000, -2.610701
1.650000, 1.000000, -3.014611
1.700000, 1.000000, -3.456145
1.750000, 1.000000, -3.849018
1.800000, 1.000000, -4.119496
1.850000, 1.000000, -4.222781
1.900000, 1.000000, -4.153042
1.950000, 1.000000, -3.944901
2.000000, 1.000000, -3.666035
0.000000, 1.050000, -0.096911
0.050000, 1.050000, 0.239867
0.100000, 1.050000, 0.471647
0.150000, 1.050000, 0.529354
0.200000, 1.050000, 0.380410
0.250000, 1.050000, 0.036299
0.300000, 1.050000, -0.449795
0.350000, 1.050000, -0.994730
0.400000, 1.050000, -1.503871
0.450000, 1.050000, -1.892095
0.500000, 1.050000, -2.102584
0.550000, 1.050000, -2.119169
0.600000, 1.050000, -1.969462
0.650000, 1.050000, -1.718085
0.700000, 1.050000, -1.451583
0.750000, 1.050000, -1.258462
0.800000, 1.050000, -1.208886
0.850000, 1.050000, -1.338650
0.900000, 1.050000, -1.641020
0.950000, 1.050000, -2.068278
1.000000, 1.050000, -2.542571
1.050000, 1.050000, -2.973577
1.100000, 1.050000, -3.278962
1.150000, 1.050000, -3.402990
1.200000, 1.050000, -3.329090
1.250000, 1.050000, -3.083582
1.300000, 1.050000, -2.729758
1.350000, 1.050000, -2.353710
1.400000, 1.050000, -2.045163
1.450000, 1.050000, -1.877646
1.500000, 1.050000, -1.892479
1.550000, 1.050000, -2.090145
1.600000, 1.050000, -2.430927
1.650000, 1.050000, -2.844575
1.700000, 1.050000, -3.246749
1.750000, 1.050000, -3.558449
1.800000, 1.050000, -3.724035
1.850000, 1.050000, -3.723780
1.900000, 1.050000, -3.578164
1.950000, 1.050000, -3.343039
2.000000, 1.050000, -3.096826
0.000000, 1.100000, 0.248417
0.050000, 1.100000, 0.582069
0.100000, 1.100000, 0.806760
0.150000, 1.100000, 0.850955
0.200000, 1.100000, 0.682910
0.250000, 1.100000, 0.318342
0.300000, 1.100000, -0.183119
0.350000, 1.100000, -0.731800
0.400000, 1.100000, -1.228847
0.450000, 1.100000, -1.589097
0.500000, 1.100000, -1.760542
0.550000, 1.100000, -1.735783
0.600000, 1.100000, -1.552881
0.650000, 1.100000, -1.285500
0.700000, 1.100000, -1.024829
0.750000, 1.100000, -0.857658
0.800000, 1.100000, -0.845861
0.850000, 1.100000, -1.012106
0.900000, 1.100000, -1.335081
0.950000, 1.100000, -1.755178
1.000000, 1.100000, -2.189112
1.050000, 1.100000, -2.549854
1.100000, 1.100000, -2.767067
1.150000, 1.100000, -2.803230
1.200000, 1.100000, -2.661773
1.250000, 1.100000, -2.385493
1.300000, 1.100000, -2.045901
1.350000, 1.100000, -1.726230
1.400000, 1.100000, -1.502260
1.450000, 1.100000, -1.425509
1.500000, 1.100000, -1.512616
1.550000, 1.100000, -1.743171
1.600000, 1.100000, -2.066175
1.650000, 1.100000, -2.413294
1.700000, 1.100000, -2.715540
1.750000, 1.100000, -2.919358
1.800000, 1.100000, -2.998416
1.850000, 1.100000, -2.958547
1.900000, 1.100000, -2.835049
1.950000, 1.100000, -2.683315
2.000000, 1.100000, -2.565324
0.000000, 1.150000, 0.726455
0.050000, 1.150000, 1.057708
0.100000, 1.150000, 1.275932
0.150000, 1.150000, 1.307079
0.200000, 1.150000, 1.120721
0.250000, 1.150000, 0.737651
0.300000, 1.150000, 0.224710
0.350000, 1.150000, -0.321759
0.400000, 1.150000, -0.799561
0.450000, 1.150000, -1.125385
0.500000, 1.150000, -1.254420
0.550000, 1.150000, -1.190052
0.600000, 1.150000, -0.981449
0.650000, 1.150000, -0.709933
0.700000, 1.150000, -0.467867
0.750000, 1.150000, -0.335531
0.800000, 1.150000, -0.361831
0.850000, 1.150000, -0.553494
0.900000, 1.150000, -0.875105
0.950000, 1.150000, -1.259532
1.000000, 1.150000, -1.625668
1.050000, 1.150000, -1.898751
1.100000, 1.150000, -2.028100
1.150000, 1.150000, -1.998024
1.200000, 1.150000, -1.829625
1.250000, 1.150000, -1.573638
1.300000, 1.150000, -1.296676
1.350000, 1.150000, -1.064746
1.400000, 1.150000, -0.928297
1.450000, 1.150000, -0.912310
1.500000, 1.150000, -1.013398
1.550000, 1.150000, -1.203921
1.600000, 1.150000, -1.441352
1.650000, 1.150000, -1.679998
1.700000, 1.150000, -1.881910
1.750000, 1.150000, -2.024406
1.800000, 1.150000, -2.102864
1.850000, 1.150000, -2.128832
1.900000, 1.150000, -2.124751
1.950000, 1.150000, -2.117259
2.000000, 1.150000, -2.131041
0.000000, 1.200000, 1.298035
0.050000, 1.200000, 1.627908
0.100000, 1.200000, 1.840542
0.150000, 1.200000, 1.859359
0.200000, 1.200000, 1.655794
0.250000, 1.200000, 1.256620
0.300000, 1.200000, 0.736594
0.350000, 1.200000, 0.198627
0.400000, 1.200000, -0.252998
0.450000, 1.200000, -0.539045
0.500000, 1.200000, -0.624359
0.550000, 1.200000, -0.524708
0.600000, 1.200000, -0.300079
0.650000, 1.200000, -0.036822
0.700000, 1.200000, 0.176084
0.750000, 1.200000, 0.270003
0.800000, 1.200000, 0.212792
0.850000, 1.200000, 0.014301
0.900000, 1.200000, -0.279510
0.950000, 1.200000, -0.601349
1.000000, 1.200000, -0.881598
1.050000, 1.200000, -1.066063
1.100000, 1.200000, -1.127855
1.150000, 1.200000, -1.070838
1.200000, 1.200000, -0.924735
1.250000, 1.200000, -0.734300
1.300000, 1.200000, -0.546369
1.350000, 1.200000, -0.398719
1.400000, 1.200000, -0.313570
1.450000, 1.200000, -0.296714
1.500000, 1.200000, -0.341343
1.550000, 1.200000, -0.434280
1.600000, 1.200000, -0.561869
1.650000, 1.200000, -0.713412
1.700000, 1.200000, -0.881344
1.750000, 1.200000, -1.058861
1.800000, 1.200000, -1.236817
1.850000, 1.200000, -1.402063
1.900000, 1.200000, -1.538731
1.950000, 1.200000, -1.632695
2.000000, 1.200000, -1.677924
0.000000, 1.250000, 1.913890
0.050000, 1.250000, 2.243664
0.100000, 1.250000, 2.451810
0.150000, 1.250000, 2.459230
0.200000, 1.250000, 2.239855
0.250000, 1.250000, 1.827377
0.300000, 1.250000, 1.305079
0.350000, 1.250000, 0.782062
0.400000, 1.250000, 0.363066
0.450000, 1.250000, 0.120756
0.500000, 1.250000, 0.078270
0.550000, 1.250000, 0.206514
0.600000, 1.250000, 0.436087
0.650000, 1.250000, 0.679484
0.700000, 1.250000, 0.856402
0.750000, 1.250000, 0.914626
0.800000, 1.250000, 0.840837
0.850000, 1.250000, 0.659211
0.900000, 1.250000, 0.419580
0.950000, 1.250000, 0.179933
1.000000, 1.250000, -0.010716
1.050000, 1.250000, -0.123891
1.100000, 1.250000, -0.154910
1.150000, 1.250000, -0.118186
1.200000, 1.250000, -0.037636
1.250000, 1.250000, 0.063442
1.300000, 1.250000, 0.169032
1.350000, 1.250000, 0.271500
1.400000, 1.250000, 0.367574
1.450000, 1.250000, 0.451858
1.500000, 1.250000, 0.511603
1.550000, 1.250000, 0.525923
1.600000, 1.250000, 0.470702
1.650000, 1.250000, 0.327927
1.700000, 1.250000, 0.095933
1.750000, 1.250000, -0.203846
1.800000, 1.250000, -0.527309
1.850000, 1.250000, -0.816668
1.900000, 1.250000, -1.016231
1.950000, 1.250000, -1.090474
2.000000, 1.250000, -1.038429
0.000000, 1.300000, 2.519552
0.050000, 1.300000, 2.850740
0.100000, 1.300000, 3.055685
0.150000, 1.300000, 3.052821
0.200000, 1.300000, 2.819281
0.250000, 1.300000, 2.396649
0.300000, 1.300000, 1.877214
0.350000, 1.300000, 1.375576
0.400000, 1.300000, 0.994929
0.450000, 1.300000, 0.798687
0.500000, 1.300000, 0.795912
0.550000, 1.300000, 0.944093
0.600000, 1.300000, 1.167069
0.650000, 1.300000, 1.381105
0.700000, 1.300000, 1.520086
0.750000, 1.300000, 1.551855
0.800000, 1.300000, 1.481462
0.850000, 1.300000, 1.342002
0.900000, 1.300000, 1.177959
0.950000, 1.300000, 1.028080
1.000000, 1.300000, 0.914178
1.050000, 1.300000, 0.839212
1.100000, 1.300000, 0.793960
1.150000, 1.300000, 0.768054
1.200000, 1.300000, 0.759574
1.250000, 1.300000, 0.778310
1.300000, 1.300000, 0.840824
1.350000, 1.300000, 0.959259
1.400000, 1.300000, 1.128953
1.450000, 1.300000, 1.320980
1.500000, 1.300000, 1.484180
1.550000, 1.300000, 1.557687
1.600000, 1.300000, 1.490610
1.650000, 1.300000, 1.262161
1.700000, 1.300000, 0.894476
1.750000, 1.300000, 0.452278
1.800000, 1.300000, 0.027777
1.850000, 1.300000, -0.285539
1.900000, 1.300000, -0.422284
1.950000, 1.300000, -0.368013
2.000000, 1.300000, -0.167364
0.000000, 1.350000, 3.060789
0.050000, 1.350000, 3.395095
0.100000, 1.350000, 3.598268
0.150000, 1.350000, 3.586371
0.200000, 1.350000, 3.340522
0.250000, 1.350000, 2.911177
0.300000, 1.350000, 2.399953
0.350000, 1.350000, 1.925918
0.400000, 1.350000, 1.588367
0.450000, 1.350000, 1.438735
0.500000, 1.350000, 1.470432
0.550000, 1.350000, 1.628501
0.600000, 1.350000, 1.833896
0.650000, 1.350000, 2.012336
0.700000, 1.350000, 2.116962
0.750000, 1.350000, 2.137367
0.800000, 1.350000, 2.093502
0.850000, 1.350000, 2.019040
0.900000, 1.350000, 1.942617
0.950000, 1.350000, 1.875421
1.000000, 1.350000, 1.810196
1.050000, 1.350000, 1.731204
1.100000, 1.350000, 1.629576
1.150000, 1.350000, 1.515928
1.200000, 1.350000, 1.423168
1.250000, 1.350000, 1.396722
1.300000, 1.350000, 1.475203
1.350000, 1.350000, 1.669251
1.400000, 1.350000, 1.948010
1.450000, 1.350000, 2.240441
1.500000, 1.350000, 2.453155
1.550000, 1.350000, 2.499870
1.600000, 1.350000, 2.332396
1.650000, 1.350000, 1.961562
1.700000, 1.350000, 1.459378
1.750000, 1.350000, 0.940174
1.800000, 1.350000, 0.526029
1.850000, 1.350000, 0.307836
1.900000, 1.350000, 0.315332
1.950000, 1.350000, 0.506662
2.000000, 1.350000, 0.781380
0.000000, 1.400000, 3.489028
0.050000, 1.400000, 3.828304
0.100000, 1.400000, 4.031230
0.150000, 1.400000, 4.011641
0.200000, 1.400000, 3.755504
0.250000, 1.400000, 3.323120
0.300000, 1.400000, 2.825553
0.350000, 1.400000, 2.384954
0.400000, 1.400000, 2.094068
0.450000, 1.400000, 1.989710
0.500000, 1.400000, 2.048756
0.550000, 1.400000, 2.205952
0.600000, 1.400000, 2.384371
0.650000, 1.400000, 2.525139
0.700000, 1.400000, 2.604545
0.750000, 1.400000, 2.633023
0.800000, 1.400000, 2.638810
0.850000, 1.400000, 2.645721
0.900000, 1.400000, 2.656542
0.950000, 1.400000, 2.650405
1.000000, 1.400000, 2.595418
1.050000, 1.400000, 2.470323
1.100000, 1.400000, 2.284118
1.150000, 1.400000, 2.082949
1.200000, 1.400000, 1.938888
1.250000, 1.400000, 1.923368
1.300000, 1.400000, 2.075470
1.350000, 1.400000, 2.378582
1.400000, 1.400000, 2.756602
1.450000, 1.400000, 3.093475
1.500000, 1.400000, 3.270455
1.550000, 1.400000, 3.207845
1.600000, 1.400000, 2.895368
1.650000, 1.400000, 2.399041
1.700000, 1.400000, 1.841069
1.750000, 1.400000, 1.359527
1.800000, 1.400000, 1.062366
1.850000, 1.400000, 0.992496
1.900000, 1.400000, 1.116373
1.950000, 1.400000, 1.339546
2.000000, 1.400000, 1.542417
0.000000, 1.450000, 3.766242
0.050000, 1.450000, 4.112438
0.100000, 1.450000, 4.316688
0.150000, 1.450000, 4.290797
0.200000, 1.450000, 4.026513
0.250000, 1.450000, 3.594927
0.300000, 1.450000, 3.116445
0.350000, 1.450000, 2.714543
0.400000, 1.450000, 2.472540
0.450000, 1.450000, 2.410235
0.500000, 1.450000, 2.487980
0.550000, 1.450000, 2.633602
0.600000, 1.450000, 2.778170
0.650000, 1.450000, 2.883866
0.700000, 1.450000, 2.952112
0.750000, 1.450000, 3.010236
0.800000, 1.450000, 3.085384
0.850000, 1.450000, 3.180336
0.900000, 1.450000, 3.264616
0.950000, 1.450000, 3.286433
1.000000, 1.450000, 3.200346
1.050000, 1.450000, 2.997122
1.100000, 1.450000, 2.720151
1.150000, 1.450000, 2.458219
1.200000, 1.450000, 2.315028
1.250000, 1.450000, 2.366934
1.300000, 1.450000, 2.626779
1.350000, 1.450000, 3.030295
1.400000, 1.450000, 3.452757
1.450000, 1.450000, 3.750929
1.500000, 1.450000, 3.814420
1.550000, 1.450000, 3.606132
1.600000, 1.450000, 3.175550
1.650000, 1.450000, 2.639611
1.700000, 1.450000, 2.139045
1.750000, 1.450000, 1.787885
1.800000, 1.450000, 1.636081
1.850000, 1.450000, 1.659070
1.900000, 1.450000, 1.776444
1.950000, 1.450000, 1.889797
2.000000, 1.450000, 1.922500
0.000000, 1.500000, 3.868818
0.050000, 1.500000, 4.223934
0.100000, 1.500000, 4.431075
0.150000, 1.500000, 4.400269
0.200000, 1.500000, 4.130051
0.250000, 1.500000, 3.703200
0.300000, 1.500000, 3.249088
0.350000, 1.500000, 2.890406
0.400000, 1.500000, 2.698020
0.450000, 1.500000, 2.672752
0.500000, 1.500000, 2.759473
0.550000, 1.500000, 2.883670
0.600000, 1.500000, 2.990793
0.650000, 1.500000, 3.068755
0.700000, 1.500000, 3.143569
0.750000, 1.500000, 3.252403
0.800000, 1.500000, 3.410027
0.850000, 1.500000, 3.588084
0.900000, 1.500000, 3.719964
0.950000, 1.500000, 3.730707
1.000000, 1.500000, 3.577883
1.050000, 1.500000, 3.282618
1.100000, 1.500000, 2.933373
1.150000, 1.500000, 2.657460
1.200000, 1.500000, 2.570728
1.250000, 1.500000, 2.727008
1.300000, 1.500000, 3.090308
1.350000, 1.500000, 3.543338
1.400000, 1.500000, 3.930067
1.450000, 1.500000, 4.114749
1.500000, 1.500000, 4.032488
1.550000, 1.500000, 3.710185
1.600000, 1.500000, 3.250001
1.650000, 1.500000, 2.784051
1.700000, 1.500000, 2.421242
1.750000, 1.500000, 2.209573
1.800000, 1.500000, 2.128874
1.850000, 1.500000, 2.114121
1.900000, 1.500000, 2.095312
1.950000, 1.500000, 2.033028
2.000000, 1.500000, 1.932355
0.000000, 1.550000, 3.790014
0.050000, 1.550000, 4.156045
0.100000, 1.550000, 4.367590
0.150000, 1.550000, 4.333213
0.200000, 1.550000, 4.059304
0.250000, 1.550000, 3.641149
0.300000, 1.550000, 3.216436
0.350000, 1.550000, 2.904601
0.400000, 1.550000, 2.761006
0.450000, 1.550000, 2.766130
0.500000, 1.550000, 2.851564
0.550000, 1.550000, 2.946101
0.600000, 1.550000, 3.015975
0.650000, 1.550000, 3.077863
0.700000, 1.550000, 3.178873
0.750000, 1.550000, 3.356183
0.800000, 1.550000, 3.600358
0.850000, 1.550000, 3.844809
0.900000, 1.550000, 3.989956
0.950000, 1.550000, 3.951754
1.000000, 1.550000, 3.710115
1.050000, 1.550000, 3.331143
1.100000, 1.550000, 2.949008
1.150000, 1.550000, 2.713128
1.200000, 1.550000, 2.723981
1.250000, 1.550000, 2.987519
1.300000, 1.550000, 3.410005
1.350000, 1.550000, 3.836244
1.400000, 1.550000, 4.113647
1.450000, 1.550000, 4.152651
1.500000, 1.550000, 3.956375
1.550000, 1.550000, 3.607846
1.600000, 1.550000, 3.223725
1.650000, 1.550000, 2.899018
1.700000, 1.550000, 2.670095
1.750000, 1.550000, 2.512471
1.800000, 1.550000, 2.371005
1.850000, 1.550000, 2.203393
1.900000, 1.550000, 2.011560
1.950000, 1.550000, 1.842962
2.000000, 1.550000, 1.760829
0.000000, 1.600000, 3.540774
0.050000, 1.600000, 3.919663
0.100000, 1.600000, 4.137022
0.150000, 1.600000, 4.100326
0.200000, 1.600000, 3.824953
0.250000, 1.600000, 3.419419
0.300000, 1.600000, 3.028755
0.350000, 1.600000, 2.766368
0.400000, 1.600000, 2.669150
0.450000, 1.600000, 2.696644
0.500000, 1.600000, 2.770573
0.550000, 1.600000, 2.829504
0.600000, 1.600000, 2.866321
0.650000, 1.600000, 2.927234
0.700000, 1.600000, 3.073849
0.750000, 1.600000, 3.331547
0.800000, 1.600000, 3.655987
0.850000, 1.600000, 3.940051
0.900000, 1.600000, 4.060985
0.950000, 1.600000, 3.944399
1.000000, 1.600000, 3.610751
1.050000, 1.600000, 3.177598
1.100000, 1.600000, 2.813241
1.150000, 1.600000, 2.662934
1.200000, 1.600000, 2.783629
1.250000, 1.600000, 3.119536
1.300000, 1.600000, 3.530166
1.350000, 1.600000, 3.856007
1.400000, 1.600000, 3.988407
1.450000, 1.600000, 3.909307
1.500000, 1.600000, 3.683428
1.550000, 1.600000, 3.410962
1.600000, 1.600000, 3.169083
1.650000, 1.600000, 2.974964
1.700000, 1.600000, 2.789350
1.750000, 1.600000, 2.556065
1.800000, 1.600000, 2.252196
1.850000, 1.600000, 1.917613
1.900000, 1.600000, 1.644270
1.950000, 1.600000, 1.528911
2.000000, 1.600000, 1.614459
0.000000, 1.650000, 3.148815
0.050000, 1.650000, 3.542398
0.100000, 1.650000, 3.766830
0.150000, 1.650000, 3.728941
0.200000, 1.650000, 3.454275
0.250000, 1.650000, 3.065179
0.300000, 1.650000, 2.712730
0.350000, 1.650000, 2.501255
0.400000, 1.650000, 2.446444
0.450000, 1.650000, 2.487229
0.500000, 1.650000, 2.540078
0.550000, 1.650000, 2.560284
0.600000, 1.650000, 2.572092
0.650000, 1.650000, 2.649283
0.700000, 1.650000, 2.858463
0.750000, 1.650000, 3.200615
0.800000, 1.650000, 3.588738
0.850000, 1.650000, 3.878978
0.900000, 1.650000, 3.941270
0.950000, 1.650000, 3.731297
1.000000, 1.650000, 3.322790
1.050000, 1.650000, 2.879897
1.100000, 1.650000, 2.582070
1.150000, 1.650000, 2.540235
1.200000, 1.650000, 2.748034
1.250000, 1.650000, 3.092708
1.300000, 1.650000, 3.417664
1.350000, 1.650000, 3.601120
1.400000, 1.650000, 3.608028
1.450000, 1.650000, 3.489315
1.500000, 1.650000, 3.333426
1.550000, 1.650000, 3.202202
1.600000, 1.650000, 3.090912
1.650000, 1.650000, 2.936451
1.700000, 1.650000, 2.667916
1.750000, 1.650000, 2.267525
1.800000, 1.650000, 1.802629
1.850000, 1.650000, 1.405880
1.900000, 1.650000, 1.211019
1.950000, 1.650000, 1.278815
2.000000, 1.650000, 1.555298
0.000000, 1.700000, 2.656059
0.050000, 1.700000, 3.066020
0.100000, 1.700000, 3.298592
0.150000, 1.700000, 3.260469
0.200000, 1.700000, 2.988591
0.250000, 1.700000, 2.619582
0.300000, 1.700000, 2.308924
0.350000, 1.700000, 2.148611
0.400000, 1.700000, 2.130764
0.450000, 1.700000, 2.175086
0.500000, 1.700000, 2.198503
0.550000, 1.700000, 2.180043
0.600000, 1.700000, 2.178276
0.650000, 1.700000, 2.289569
0.700000, 1.700000, 2.573710
0.750000, 1.700000, 2.995407
0.800000, 1.700000, 3.421856
0.850000, 1.700000, 3.682843
0.900000, 1.700000, 3.661111
0.950000, 1.700000, 3.360655
1.000000, 1.700000, 2.911830
1.050000, 1.700000, 2.508298
1.100000, 1.700000, 2.310399
1.150000, 1.700000, 2.368899
1.200000, 1.700000, 2.610676
1.250000, 1.700000, 2.891289
1.300000, 1.700000, 3.080555
1.350000, 1.700000, 3.129512
1.400000, 1.700000, 3.080631
1.450000, 1.700000, 3.019324
1.500000, 1.700000, 3.001192
1.550000, 1.700000, 3.003854
1.600000, 1.700000, 2.935873
1.650000, 1.700000, 2.698491
1.700000, 1.700000, 2.261460
1.750000, 1.700000, 1.703572
1.800000, 1.700000, 1.188644
1.850000, 1.700000, 0.886547
1.900000, 1.700000, 0.883051
1.950000, 1.700000, 1.130681
2.000000, 1.700000, 1.470050
0.000000, 1.750000, 2.114675
0.050000, 1.750000, 2.542499
0.100000, 1.750000, 2.784047
0.150000, 1.750000, 2.746458
0.200000, 1.750000, 2.479322
0.250000, 1.750000, 2.133820
0.300000, 1.750000, 1.867853
0.350000, 1.750000, 1.757688
0.400000, 1.750000, 1.770035
0.450000, 1.750000, 1.807883
0.500000, 1.750000, 1.795267
0.550000, 1.750000, 1.741512
0.600000, 1.750000, 1.740196
0.650000, 1.750000, 1.902245
0.700000, 1.750000, 2.267441
0.750000, 1.750000, 2.754715
0.800000, 1.750000, 3.188204
0.850000, 1.750000, 3.387753
0.900000, 1.750000, 3.270375
0.950000, 1.750000, 2.900341
1.000000, 1.750000, 2.456199
1.050000, 1.750000, 2.133840
1.100000, 1.750000, 2.043822
1.150000, 1.750000, 2.163643
1.200000, 1.750000, 2.370402
1.250000, 1.750000, 2.528752
1.300000, 1.750000, 2.575598
1.350000, 1.750000, 2.547549
1.400000, 1.750000, 2.536330
1.450000, 1.750000, 2.605406
1.500000, 1.750000, 2.726765
1.550000, 1.750000, 2.783472
1.600000, 1.750000, 2.639829
1.650000, 1.750000, 2.235341
1.700000, 1.750000, 1.640814
1.750000, 1.750000, 1.037013
1.800000, 1.750000, 0.624568
1.850000, 1.750000, 0.517556
1.900000, 1.750000, 0.684495
1.950000, 1.750000, 0.971782
2.000000, 1.750000, 1.194068
0.000000, 1.800000, 1.582101
0.050000, 1.800000, 2.029040
0.100000, 1.800000, 2.280134
0.150000, 1.800000, 2.243628
0.200000, 1.800000, 1.983042
0.250000, 1.800000, 1.664185
0.300000, 1.800000, 1.445052
0.350000, 1.800000, 1.382743
0.400000, 1.800000, 1.417377
0.450000, 1.800000, 1.438929
0.500000, 1.800000, 1.385870
0.550000, 1.800000, 1.303409
0.600000, 1.800000, 1.318096
0.650000, 1.800000, 1.544657
0.700000, 1.800000, 1.989545
0.750000, 1.800000, 2.520404
0.800000, 1.800000, 2.927550
0.850000, 1.800000, 3.041719
0.900000, 1.800000, 2.833335
0.950000, 1.800000, 2.429170
1.000000, 1.800000, 2.035576
1.050000, 1.800000, 1.818108
1.100000, 1.800000, 1.814620
1.150000, 1.800000, 1.935040
1.200000, 1.800000, 2.042300
1.250000, 1.800000, 2.055144
1.300000, 1.800000, 2.000952
1.350000, 1.800000, 1.983259
1.400000, 1.800000, 2.089024
1.450000, 1.800000, 2.303457
1.500000, 1.800000, 2.495921
1.550000, 1.800000, 2.491861
1.600000, 1.800000, 2.185816
1.650000, 1.800000, 1.620301
1.700000, 1.800000, 0.975741
1.750000, 1.800000, 0.474423
1.800000, 1.800000, 0.258097
1.850000, 1.800000, 0.316246
1.900000, 1.800000, 0.508593
1.950000, 1.800000, 0.663504
2.000000, 1.800000, 0.685134
0.000000, 1.850000, 1.115543
0.050000, 1.850000, 1.582575
0.100000, 1.850000, 1.843501
0.150000, 1.850000, 1.808392
0.200000, 1.850000, 1.555992
0.250000, 1.850000, 1.266589
0.300000, 1.850000, 1.095617
0.350000, 1.850000, 1.077612
0.400000, 1.850000, 1.125731
0.450000, 1.850000, 1.121801
0.500000, 1.850000, 1.026407
0.550000, 1.850000, 0.924707
0.600000, 1.850000, 0.971236
0.650000, 1.850000, 1.271601
0.700000, 1.850000, 1.786949
0.750000, 1.850000, 2.333465
0.800000, 1.850000, 2.683115
0.850000, 1.850000, 2.700148
0.900000, 1.850000, 2.421418
0.950000, 1.850000, 2.026595
1.000000, 1.850000, 1.720023
1.050000, 1.850000, 1.606096
1.100000, 1.850000, 1.642220
1.150000, 1.850000, 1.696805
1.200000, 1.850000, 1.664786
1.250000, 1.850000, 1.553517
1.300000, 1.850000, 1.475368
1.350000, 1.850000, 1.552798
1.400000, 1.850000, 1.806886
1.450000, 1.850000, 2.114178
1.500000, 1.850000, 2.268900
1.550000, 1.850000, 2.111981
1.600000, 1.850000, 1.638964
1.650000, 1.850000, 1.011283
1.700000, 1.850000, 0.461375
1.750000, 1.850000, 0.155143
1.800000, 1.850000, 0.103978
1.850000, 1.850000, 0.182749
1.900000, 1.850000, 0.235512
1.950000, 1.850000, 0.190218
2.000000, 1.850000, 0.100113
0.000000, 1.900000, 0.766474
0.050000, 1.900000, 1.254282
0.100000, 1.900000, 1.525014
0.150000, 1.900000, 1.491374
0.200000, 1.900000, 1.248611
0.250000, 1.900000, 0.991103
0.300000, 1.900000, 0.868752
0.350000, 1.900000, 0.890297
0.400000, 1.900000, 0.942480
0.450000, 1.900000, 0.904950
0.500000, 1.900000, 0.768035
0.550000, 1.900000, 0.658891
0.600000, 1.900000, 0.752039
0.650000, 1.900000, 1.129818
0.700000, 1.900000, 1.698945
0.750000, 1.900000, 2.230176
0.800000, 1.900000, 2.497639
0.850000, 1.900000, 2.420193
0.900000, 1.900000, 2.104699
0.950000, 1.900000, 1.762317
1.000000, 1.900000, 1.561150
1.050000, 1.900000, 1.523100
1.100000, 1.900000, 1.537107
1.150000, 1.900000, 1.472274
1.200000, 1.900000, 1.299507
1.250000, 1.900000, 1.125342
1.300000, 1.900000, 1.110011
1.350000, 1.900000, 1.331683
1.400000, 1.900000, 1.702152
1.450000, 1.900000, 2.002941
1.500000, 1.900000, 2.021480
1.550000, 1.900000, 1.691537
1.600000, 1.900000, 1.137010
1.650000, 1.900000, 0.587812
1.700000, 1.900000, 0.229268
1.750000, 1.900000, 0.093470
1.800000, 1.900000, 0.067714
1.850000, 1.900000, 0.006901
1.900000, 1.900000, -0.140153
1.950000, 1.900000, -0.288752
2.000000, 1.900000, -0.292712
0.000000, 1.950000, 0.575674
0.050000, 1.950000, 1.084623
0.100000, 1.950000, 1.364818
0.150000, 1.950000, 1.332473
0.200000, 1.950000, 1.100608
0.250000, 1.950000, 0.877032
0.300000, 1.950000, 0.802872
0.350000, 1.950000, 0.858099
0.400000, 1.950000, 0.904613
0.450000, 1.950000, 0.826824
0.500000, 1.950000, 0.651949
0.550000, 1.950000, 0.548727
0.600000, 1.950000, 0.700887
0.650000, 1.950000, 1.153253
0.700000, 1.950000, 1.753270
0.750000, 1.950000, 2.238712
0.800000, 1.950000, 2.409298
0.850000, 1.950000, 2.254504
0.900000, 1.950000, 1.943235
0.950000, 1.950000, 1.687304
1.000000, 1.950000, 1.586703
1.050000, 1.950000, 1.575637
1.100000, 1.950000, 1.506253
1.150000, 1.950000, 1.297178
1.200000, 1.950000, 1.022954
1.250000, 1.950000, 0.868510
1.300000, 1.950000, 0.981694
1.350000, 1.950000, 1.340425
1.400000, 1.950000, 1.742737
1.450000, 1.950000, 1.933705
1.500000, 1.950000, 1.776607
1.550000, 1.950000, 1.340350
1.600000, 1.950000, 0.839062
1.650000, 1.950000, 0.473018
1.700000, 1.950000, 0.294310
1.750000, 1.950000, 0.198169
1.800000, 1.950000, 0.040036
1.850000, 1.950000, -0.220982
1.900000, 1.950000, -0.471341
1.950000, 1.950000, -0.528720
2.000000, 1.950000, -0.297337
0.000000, 2.000000, 0.569301
0.050000, 2.000000, 1.099428
0.100000, 2.000000, 1.388421
0.150000, 2.000000, 1.356957
0.200000, 2.000000, 1.137058
0.250000, 2.000000, 0.949025
0.300000, 2.000000, 0.921720
0.350000, 2.000000, 1.003771
0.400000, 2.000000, 1.034898
0.450000, 2.000000, 0.911990
0.500000, 2.000000, 0.705337
0.550000, 2.000000, 0.622085
0.600000, 2.000000, 0.842064
0.650000, 2.000000, 1.359562
0.700000, 2.000000, 1.963353
0.750000, 2.000000, 2.376494
0.800000, 2.000000, 2.447835
0.850000, 2.000000, 2.245093
0.900000, 2.000000, 1.979386
0.950000, 2.000000, 1.827522
1.000000, 2.000000, 1.799160
1.050000, 2.000000, 1.755441
1.100000, 2.000000, 1.557835
1.150000, 2.000000, 1.216987
1.200000, 2.000000, 0.911316
1.250000, 2.000000, 0.854147
1.300000, 2.000000, 1.115934
1.350000, 2.000000, 1.548733
1.400000, 2.000000, 1.879199
1.450000, 2.000000, 1.899999
1.500000, 2.000000, 1.609525
1.550000, 2.000000, 1.191809
1.600000, 2.000000, 0.858201
1.650000, 2.000000, 0.683093
1.700000, 2.000000, 0.567270
1.750000, 2.000000, 0.354046
1.800000, 2.000000, -0.004742
1.850000, 2.000000, -0.377496
1.900000, 2.000000, -0.541710
1.950000, 2.000000, -0.363746
2.000000, 2.000000, 0.078054
