0.000000, 0.000000, 2.719899
0.050000, 0.000000, 1.897488
0.100000, 0.000000, 1.388580
0.150000, 0.000000, 1.373291
0.200000, 0.000000, 1.850236
0.250000, 0.000000, 2.636557
0.300000, 0.000000, 3.437093
0.350000, 0.000000, 3.956284
0.400000, 0.000000, 4.010075
0.450000, 0.000000, 3.595118
0.500000, 0.000000, 2.888853
0.550000, 0.000000, 2.180473
0.600000, 0.000000, 1.759172
0.650000, 0.000000, 1.802388
0.700000, 0.000000, 2.306775
0.750000, 0.000000, 3.088277
0.800000, 0.000000, 3.851334
0.850000, 0.000000, 4.300785
0.900000, 0.000000, 4.253773
0.950000, 0.000000, 3.708911
1.000000, 0.000000, 2.846318
1.050000, 0.000000, 1.958514
1.100000, 0.000000, 1.338590
1.150000, 0.000000, 1.168356
1.200000, 0.000000, 1.449199
1.250000, 0.000000, 2.002048
1.300000, 0.000000, 2.536451
1.350000, 0.000000, 2.762359
1.400000, 0.000000, 2.501896
1.450000, 0.000000, 1.758412
1.500000, 0.000000, 0.716394
1.550000, 0.000000, -0.327739
1.600000, 0.000000, -1.077568
1.650000, 0.000000, -1.348605
1.700000, 0.000000, -1.137501
1.750000, 0.000000, -0.622132
1.800000, 0.000000, -0.092546
1.850000, 0.000000, 0.160803
1.900000, 0.000000, -0.041155
1.950000, 0.000000, -0.697032
2.000000, 0.000000, -1.625019
0.000000, 0.050000, 2.437166
0.050000, 0.050000, 1.636416
0.100000, 0.050000, 1.148323
0.150000, 0.050000, 1.152465
0.200000, 0.050000, 1.646947
0.250000, 0.050000, 2.448454
0.300000, 0.050000, 3.261423
0.350000, 0.050000, 3.789959
0.400000, 0.050000, 3.849751
0.450000, 0.050000, 3.437275
0.500000, 0.050000, 2.729882
0.550000, 0.050000, 2.016766
0.600000, 0.050000, 1.587210
0.650000, 0.050000, 1.618829
0.700000, 0.050000, 2.108535
0.750000, 0.050000, 2.872607
0.800000, 0.050000, 3.615888
0.850000, 0.050000, 4.043676
0.900000, 0.050000, 3.973623
0.950000, 0.050000, 3.404883
1.000000, 0.050000, 2.518135
1.050000, 0.050000, 1.606471
1.100000, 0.050000, 0.963542
1.150000, 0.050000, 0.771701
1.200000, 0.050000, 1.032841
1.250000, 0.050000, 1.568352
1.300000, 0.050000, 2.088184
1.350000, 0.050000, 2.302623
1.400000, 0.050000, 2.034052
1.450000, 0.050000, 1.285996
1.500000, 0.050000, 0.243032
1.550000, 0.050000, -0.798420
1.600000, 0.050000, -1.542031
1.650000, 0.050000, -1.803487
1.700000, 0.050000, -1.579698
1.750000, 0.050000, -1.048873
1.800000, 0.050000, -0.501462
1.850000, 0.050000, -0.228379
1.900000, 0.050000, -0.409199
1.950000, 0.050000, -1.043078
2.000000, 0.050000, -1.948765
0.000000, 0.100000, 1.823938
0.050000, 0.100000, 1.044004
0.100000, 0.100000, 0.575343
0.150000, 0.100000, 0.597030
0.200000, 0.100000, 1.106715
0.250000, 0.100000, 1.920681
0.300000, 0.100000, 2.743037
0.350000, 0.100000, 3.277632
0.400000, 0.100000, 3.339982
0.450000, 0.100000, 2.926478
0.500000, 0.100000, 2.214474
0.550000, 0.100000, 1.493255
0.600000, 0.100000, 1.052284
0.650000, 0.100000, 1.069437
0.700000, 0.100000, 1.541963
0.750000, 0.100000, 2.286545
0.800000, 0.100000, 3.008488
0.850000, 0.100000, 3.413602
0.900000, 0.100000, 3.320079
0.950000, 0.100000, 2.727639
1.000000, 0.100000, 1.817531
1.050000, 0.100000, 0.883410
1.100000, 0.100000, 0.219472
1.150000, 0.100000, 0.008575
1.200000, 0.100000, 0.253075
1.250000, 0.100000, 0.774767
1.300000, 0.100000, 1.283935
1.350000, 0.100000, 1.491124
1.400000, 0.100000, 1.218894
1.450000, 0.100000, 0.470859
1.500000, 0.100000, -0.568402
1.550000, 0.100000, -1.602560
1.600000, 0.100000, -2.335459
1.650000, 0.100000, -2.583045
1.700000, 0.100000, -2.342562
1.750000, 0.100000, -1.792620
1.800000, 0.100000, -1.224133
1.850000, 0.100000, -0.928519
1.900000, 0.100000, -1.085897
1.950000, 0.100000, -1.695984
2.000000, 0.100000, -2.578101
0.000000, 0.150000, 0.999737
0.050000, 0.150000, 0.239233
0.100000, 0.150000, -0.211882
0.150000, 0.150000, -0.174985
0.200000, 0.150000, 0.347182
0.250000, 0.150000, 1.170577
0.300000, 0.150000, 1.999058
0.350000, 0.150000, 2.536308
0.400000, 0.150000, 2.597762
0.450000, 0.150000, 2.179818
0.500000, 0.150000, 1.459928
0.550000, 0.150000, 0.727558
0.600000, 0.150000, 0.272435
0.650000, 0.150000, 0.272776
0.700000, 0.150000, 0.726236
0.750000, 0.150000, 1.449964
0.800000, 0.150000, 2.149775
0.850000, 0.150000, 2.532023
0.900000, 0.150000, 2.415465
0.950000, 0.150000, 1.800389
1.000000, 0.150000, 0.868609
1.050000, 0.150000, -0.085680
1.100000, 0.150000, -0.767777
1.150000, 0.150000, -0.994364
1.200000, 0.150000, -0.762684
1.250000, 0.150000, -0.250613
1.300000, 0.150000, 0.252389
1.350000, 0.150000, 0.457037
1.400000, 0.150000, 0.185976
1.450000, 0.150000, -0.557185
1.500000, 0.150000, -1.587965
1.550000, 0.150000, -2.610216
1.600000, 0.150000, -3.328049
1.650000, 0.150000, -3.557752
1.700000, 0.150000, -3.296981
1.750000, 0.150000, -2.724815
1.800000, 0.150000, -2.132683
1.850000, 0.150000, -1.812556
1.900000, 0.150000, -1.945125
1.950000, 0.150000, -2.530686
2.000000, 0.150000, -3.389132
0.000000, 0.200000, 0.134408
0.050000, 0.200000, -0.608559
0.100000, 0.200000, -1.044472
0.150000, 0.200000, -0.995092
0.200000, 0.200000, -0.463480
0.250000, 0.200000, 0.366082
0.300000, 0.200000, 1.197292
0.350000, 0.200000, 1.733759
0.400000, 0.200000, 1.790932
0.450000, 0.200000, 1.365309
0.500000, 0.200000, 0.634530
0.550000, 0.200000, -0.111672
0.600000, 0.200000, -0.583228
0.650000, 0.200000, -0.601514
0.700000, 0.200000, -0.168411
0.750000, 0.200000, 0.533739
0.800000, 0.200000, 1.211290
0.850000, 0.200000, 1.571156
0.900000, 0.200000, 1.432657
0.950000, 0.200000, 0.796637
1.000000, 0.200000, -0.154559
1.050000, 0.200000, -1.126239
1.100000, 0.200000, -1.823255
1.150000, 0.200000, -2.061900
1.200000, 0.200000, -1.839101
1.250000, 0.200000, -1.332493
1.300000, 0.200000, -0.831378
1.350000, 0.200000, -0.624973
1.400000, 0.200000, -0.890653
1.450000, 0.200000, -1.624921
1.500000, 0.200000, -2.643494
1.550000, 0.200000, -3.650504
1.600000, 0.200000, -4.350420
1.650000, 0.200000, -4.559955
1.700000, 0.200000, -4.277246
1.750000, 0.200000, -3.681901
1.800000, 0.200000, -3.065912
1.850000, 0.200000, -2.721832
1.900000, 0.200000, -2.830937
1.950000, 0.200000, -3.394103
2.000000, 0.200000, -4.231780
0.000000, 0.250000, -0.589176
0.050000, 0.250000, -1.316957
0.100000, 0.250000, -1.740410
0.150000, 0.250000, -1.681602
0.200000, 0.250000, -1.143823
0.250000, 0.250000, -0.311505
0.300000, 0.250000, 0.518986
0.350000, 0.250000, 1.051279
0.400000, 0.250000, 1.100930
0.450000, 0.250000, 0.664631
0.500000, 0.250000, -0.079713
0.550000, 0.250000, -0.842025
0.600000, 0.250000, -1.331832
0.650000, 0.250000, -1.370051
0.700000, 0.250000, -0.958063
0.750000, 0.250000, -0.277678
0.800000, 0.250000, 0.378004
0.850000, 0.250000, 0.716446
0.900000, 0.250000, 0.557508
0.950000, 0.250000, -0.097451
1.000000, 0.250000, -1.065610
1.050000, 0.250000, -2.051848
1.100000, 0.250000, -2.760649
1.150000, 0.250000, -3.008011
1.200000, 0.250000, -2.790637
1.250000, 0.250000, -2.286025
1.300000, 0.250000, -1.783428
1.350000, 0.250000, -1.572097
1.400000, 0.250000, -1.829535
1.450000, 0.250000, -2.552453
1.500000, 0.250000, -3.556858
1.550000, 0.250000, -4.547245
1.600000, 0.250000, -5.228509
1.650000, 0.250000, -5.417844
1.700000, 0.250000, -5.113910
1.750000, 0.250000, -4.496868
1.800000, 0.250000, -3.859276
1.850000, 0.250000, -3.494254
1.900000, 0.250000, -3.583638
1.950000, 0.250000, -4.128832
2.000000, 0.250000, -4.950777
0.000000, 0.300000, -1.015341
0.050000, 0.300000, -1.730689
0.100000, 0.300000, -2.144755
0.150000, 0.300000, -2.079822
0.200000, 0.300000, -1.539314
0.250000, 0.300000, -0.707716
0.300000, 0.300000, 0.118639
0.350000, 0.300000, 0.643494
0.400000, 0.300000, 0.682602
0.450000, 0.300000, 0.232925
0.500000, 0.300000, -0.527293
0.550000, 0.300000, -1.307574
0.600000, 0.300000, -1.816997
0.650000, 0.300000, -1.875991
0.700000, 0.300000, -1.485423
0.750000, 0.300000, -0.826575
0.800000, 0.300000, -0.192018
0.850000, 0.300000, 0.126227
0.900000, 0.300000, -0.051489
0.950000, 0.300000, -0.723356
1.000000, 0.300000, -1.706147
1.050000, 0.300000, -2.704398
1.100000, 0.300000, -3.422315
1.150000, 0.300000, -3.675690
1.200000, 0.300000, -3.461105
1.250000, 0.300000, -2.956014
1.300000, 0.300000, -2.449711
1.350000, 0.300000, -2.231570
1.400000, 0.300000, -2.479295
1.450000, 0.300000, -3.189873
1.500000, 0.300000, -4.179650
1.550000, 0.300000, -5.153521
1.600000, 0.300000, -5.816828
1.650000, 0.300000, -5.987247
1.700000, 0.300000, -5.663944
1.750000, 0.300000, -5.027595
1.800000, 0.300000, -4.371275
1.850000, 0.300000, -3.988604
1.900000, 0.300000, -4.061886
1.950000, 0.300000, -4.592958
2.000000, 0.300000, -5.403138
0.000000, 0.350000, -1.050003
0.050000, 0.350000, -1.756005
0.100000, 0.350000, -2.164013
0.150000, 0.350000, -2.096425
0.200000, 0.350000, -1.556700
0.250000, 0.350000, -0.729275
0.300000, 0.350000, 0.089641
0.350000, 0.350000, 0.603999
0.400000, 0.350000, 0.629824
0.450000, 0.350000, 0.164414
0.500000, 0.350000, -0.613591
0.550000, 0.350000, -1.413280
0.600000, 0.350000, -1.943258
0.650000, 0.350000, -2.023463
0.700000, 0.350000, -1.654256
0.750000, 0.350000, -1.016420
0.800000, 0.350000, -0.402036
0.850000, 0.350000, -0.102664
0.900000, 0.350000, -0.297525
0.950000, 0.350000, -0.984427
1.000000, 0.350000, -1.979817
1.050000, 0.350000, -2.987967
1.100000, 0.350000, -3.712882
1.150000, 0.350000, -3.970230
1.200000, 0.350000, -3.756537
1.250000, 0.350000, -3.249279
1.300000, 0.350000, -2.737842
1.350000, 0.350000, -2.511765
1.400000, 0.350000, -2.748976
1.450000, 0.350000, -3.446750
1.500000, 0.350000, -4.421772
1.550000, 0.350000, -5.379316
1.600000, 0.350000, -6.025137
1.650000, 0.350000, -6.177347
1.700000, 0.350000, -5.835562
1.750000, 0.350000, -5.180908
1.800000, 0.350000, -4.506899
1.850000, 0.350000, -4.107577
1.900000, 0.350000, -4.165636
1.950000, 0.350000, -4.683266
2.000000, 0.350000, -5.482090
0.000000, 0.400000, -0.681711
0.050000, 0.400000, -1.381713
0.100000, 0.400000, -1.787162
0.150000, 0.400000, -1.720470
0.200000, 0.400000, -1.185026
0.250000, 0.400000, -0.365123
0.300000, 0.400000, 0.443250
0.350000, 0.400000, 0.944325
0.400000, 0.400000, 0.954464
0.450000, 0.400000, 0.471354
0.500000, 0.400000, -0.325942
0.550000, 0.400000, -1.146060
0.600000, 0.400000, -1.697140
0.650000, 0.400000, -1.798640
0.700000, 0.400000, -1.450453
0.750000, 0.400000, -0.832903
0.800000, 0.400000, -0.237637
0.850000, 0.400000, 0.044189
0.900000, 0.400000, -0.166284
0.950000, 0.400000, -0.866546
1.000000, 0.400000, -1.872777
1.050000, 0.400000, -2.889037
1.100000, 0.400000, -3.619184
1.150000, 0.400000, -3.878792
1.200000, 0.400000, -3.664362
1.250000, 0.400000, -3.153403
1.300000, 0.400000, -2.635397
1.350000, 0.400000, -2.400036
1.400000, 0.400000, -2.625458
1.450000, 0.400000, -3.309198
1.500000, 0.400000, -4.268245
1.550000, 0.400000, -5.208219
1.600000, 0.400000, -5.835254
1.650000, 0.400000, -5.967868
1.700000, 0.400000, -5.606098
1.750000, 0.400000, -4.931507
1.800000, 0.400000, -4.238043
1.850000, 0.400000, -3.820179
1.900000, 0.400000, -3.861025
1.950000, 0.400000, -4.363162
2.000000, 0.400000, -5.148576
0.000000, 0.450000, 0.015260
0.050000, 0.450000, -0.682260
0.100000, 0.450000, -1.088738
0.150000, 0.450000, -1.026485
0.200000, 0.450000, -0.498720
0.250000, 0.450000, 0.310506
0.300000, 0.450000, 1.105501
0.350000, 0.450000, 1.590844
0.400000, 0.450000, 1.583283
0.450000, 0.450000, 1.080919
0.500000, 0.450000, 0.263248
0.550000, 0.450000, -0.577924
0.600000, 0.450000, -1.150289
0.650000, 0.450000, -1.272870
0.700000, 0.450000, -0.945133
0.750000, 0.450000, -0.346995
0.800000, 0.450000, 0.230277
0.850000, 0.450000, 0.495882
0.900000, 0.450000, 0.271278
0.950000, 0.450000, -0.440741
1.000000, 0.450000, -1.456115
1.050000, 0.450000, -2.478707
1.100000, 0.450000, -3.212225
1.150000, 0.450000, -3.472146
1.200000, 0.450000, -3.254926
1.250000, 0.450000, -2.738084
1.300000, 0.450000, -2.211173
1.350000, 0.450000, -1.964016
1.400000, 0.450000, -2.174945
1.450000, 0.450000, -2.841747
1.500000, 0.450000, -3.781727
1.550000, 0.450000, -4.700880
1.600000, 0.450000, -5.305767
1.650000, 0.450000, -5.415382
1.700000, 0.450000, -5.030281
1.750000, 0.450000, -4.332572
1.800000, 0.450000, -3.616775
1.850000, 0.450000, -3.177935
1.900000, 0.450000, -3.199733
1.950000, 0.450000, -3.685291
2.000000, 0.450000, -4.457104
0.000000, 0.500000, 0.896455
0.050000, 0.500000, 0.197807
0.100000, 0.500000, -0.213282
0.150000, 0.500000, -0.158916
0.200000, 0.500000, 0.357960
0.250000, 0.500000, 1.153622
0.300000, 0.500000, 1.932744
0.350000, 0.500000, 2.400298
0.400000, 0.500000, 2.373447
0.450000, 0.500000, 1.850707
0.500000, 0.500000, 1.011996
0.550000, 0.500000, 0.149533
0.600000, 0.500000, -0.443972
0.650000, 0.500000, -0.587150
0.700000, 0.500000, -0.279088
0.750000, 0.500000, 0.300657
0.800000, 0.500000, 0.861167
0.850000, 0.500000, 1.111967
0.900000, 0.500000, 0.874829
0.950000, 0.500000, 0.152831
1.000000, 0.500000, -0.869707
1.050000, 0.500000, -1.896424
1.100000, 0.500000, -2.630843
1.150000, 0.500000, -2.888309
1.200000, 0.500000, -2.665203
1.250000, 0.500000, -2.139044
1.300000, 0.500000, -1.599459
1.350000, 0.500000, -1.336433
1.400000, 0.500000, -1.528551
1.450000, 0.500000, -2.173952
1.500000, 0.500000, -3.090384
1.550000, 0.500000, -3.984377
1.600000, 0.500000, -4.563108
1.650000, 0.500000, -4.646257
1.700000, 0.500000, -4.235115
1.750000, 0.500000, -3.512560
1.800000, 0.500000, -2.773882
1.850000, 0.500000, -2.314881
1.900000, 0.500000, -2.319940
1.950000, 0.500000, -2.792810
2.000000, 0.500000, -3.556506
0.000000, 0.550000, 1.778042
0.050000, 0.550000, 1.074658
0.100000, 0.550000, 0.655466
0.150000, 0.550000, 0.698681
0.200000, 0.550000, 1.201725
0.250000, 0.550000, 1.981277
0.300000, 0.550000, 2.742429
0.350000, 0.550000, 3.190577
0.400000, 0.550000, 3.143295
0.450000, 0.550000, 2.599503
0.500000, 0.550000, 1.739499
0.550000, 0.550000, 0.855873
0.600000, 0.550000, 0.241687
0.650000, 0.550000, 0.078657
0.700000, 0.550000, 0.368034
0.750000, 0.550000, 0.930604
0.800000, 0.550000, 1.475791
0.850000, 0.550000, 1.713465
0.900000, 0.550000, 1.465740
0.950000, 0.550000, 0.736026
1.000000, 0.550000, -0.291048
1.050000, 0.550000, -1.318846
1.100000, 0.550000, -2.050674
1.150000, 0.550000, -2.301731
1.200000, 0.550000, -2.068347
1.250000, 0.550000, -1.528098
1.300000, 0.550000, -0.970793
1.350000, 0.550000, -0.686733
1.400000, 0.550000, -0.854958
1.450000, 0.550000, -1.474194
1.500000, 0.550000, -2.362902
1.550000, 0.550000, -3.228427
1.600000, 0.550000, -3.778842
1.650000, 0.550000, -3.834767
1.700000, 0.550000, -3.398444
1.750000, 0.550000, -2.653664
1.800000, 0.550000, -1.896560
1.850000, 0.550000, -1.423658
1.900000, 0.550000, -1.419913
1.950000, 0.550000, -1.889466
2.000000, 0.550000, -2.655515
0.000000, 0.600000, 2.476190
0.050000, 0.600000, 1.764551
0.100000, 0.600000, 1.333945
0.150000, 0.600000, 1.363008
0.200000, 0.600000, 1.849619
0.250000, 0.600000, 2.610919
0.300000, 0.600000, 3.352456
0.350000, 0.600000, 3.780048
0.400000, 0.600000, 3.711665
0.450000, 0.600000, 3.146587
0.500000, 0.600000, 2.265444
0.550000, 0.600000, 1.361137
0.600000, 0.600000, 0.727036
0.650000, 0.600000, 0.545168
0.700000, 0.600000, 0.817115
0.750000, 0.600000, 1.364016
0.800000, 0.600000, 1.895676
0.850000, 0.600000, 2.122364
0.900000, 0.600000, 1.866603
0.950000, 0.600000, 1.132200
1.000000, 0.600000, 0.104147
1.050000, 0.600000, -0.920628
1.100000, 0.600000, -1.645231
1.150000, 0.600000, -1.884790
1.200000, 0.600000, -1.635716
1.250000, 0.600000, -1.075838
1.300000, 0.600000, -0.495400
1.350000, 0.600000, -0.185319
1.400000, 0.600000, -0.325418
1.450000, 0.600000, -0.915347
1.500000, 0.600000, -1.774597
1.550000, 0.600000, -2.611597
1.600000, 0.600000, -3.135510
1.650000, 0.600000, -3.167992
1.700000, 0.600000, -2.712209
1.750000, 0.600000, -1.952716
1.800000, 0.600000, -1.186198
1.850000, 0.600000, -0.709495
1.900000, 0.600000, -0.707615
1.950000, 0.600000, -1.184493
2.000000, 0.600000, -1.962867
0.000000, 0.650000, 2.846443
0.050000, 0.650000, 2.123206
0.100000, 0.650000, 1.678134
0.150000, 0.650000, 1.690385
0.200000, 0.650000, 2.158369
0.250000, 0.650000, 2.899736
0.300000, 0.650000, 3.620497
0.350000, 0.650000, 4.026879
0.400000, 0.650000, 3.937201
0.450000, 0.650000, 3.351042
0.500000, 0.650000, 2.449302
0.550000, 0.650000, 1.525142
0.600000, 0.650000, 0.872204
0.650000, 0.650000, 0.672820
0.700000, 0.650000, 0.928927
0.750000, 0.650000, 1.462072
0.800000, 0.650000, 1.982514
0.850000, 0.650000, 2.201007
0.900000, 0.650000, 1.940556
0.950000, 0.650000, 1.205414
1.000000, 0.650000, 0.180935
1.050000, 0.650000, -0.835718
1.100000, 0.650000, -1.547588
1.150000, 0.650000, -1.769943
1.200000, 0.650000, -1.499558
1.250000, 0.650000, -0.914859
1.300000, 0.650000, -0.306900
1.350000, 0.650000, 0.032404
1.400000, 0.650000, -0.077902
1.450000, 0.650000, -0.638674
1.500000, 0.650000, -1.470610
1.550000, 0.650000, -2.283271
1.600000, 0.650000, -2.786801
1.650000, 0.650000, -2.803625
1.700000, 0.650000, -2.337414
1.750000, 0.650000, -1.572932
1.800000, 0.650000, -0.806773
1.850000, 0.650000, -0.335396
1.900000, 0.650000, -0.343184
1.950000, 0.650000, -0.833249
2.000000, 0.650000, -1.627393
0.000000, 0.700000, 2.814525
0.050000, 0.700000, 2.076608
0.100000, 0.700000, 1.614355
0.150000, 0.700000, 1.607540
0.200000, 0.700000, 2.055167
0.250000, 0.700000, 2.775421
0.300000, 0.700000, 3.474762
0.350000, 0.700000, 3.859781
0.400000, 0.700000, 3.749083
0.450000, 0.700000, 3.142475
0.500000, 0.700000, 2.221060
0.550000, 0.700000, 1.278215
0.600000, 0.700000, 0.607847
0.650000, 0.700000, 0.392623
0.700000, 0.700000, 0.634900
0.750000, 0.700000, 1.156723
0.800000, 0.700000, 1.668903
0.850000, 0.700000, 1.882762
0.900000, 0.700000, 1.621832
0.950000, 0.700000, 0.890791
1.000000, 0.700000, -0.124750
1.050000, 0.700000, -1.127586
1.100000, 0.700000, -1.820983
1.150000, 0.700000, -2.020710
1.200000, 0.700000, -1.724320
1.250000, 0.700000, -1.111256
1.300000, 0.700000, -0.473776
1.350000, 0.700000, -0.105101
1.400000, 0.700000, -0.187505
1.450000, 0.700000, -0.723074
1.500000, 0.700000, -1.533553
1.550000, 0.700000, -2.329291
1.600000, 0.700000, -2.820897
1.650000, 0.700000, -2.830917
1.700000, 0.700000, -2.362799
1.750000, 0.700000, -1.600781
1.800000, 0.700000, -0.840699
1.850000, 0.700000, -0.378104
1.900000, 0.700000, -0.396430
1.950000, 0.700000, -0.897904
2.000000, 0.700000, -1.703601
0.000000, 0.750000, 2.391889
0.050000, 0.750000, 1.636542
0.100000, 0.750000, 1.154798
0.150000, 0.750000, 1.127130
0.200000, 0.750000, 1.553179
0.250000, 0.750000, 2.251666
0.300000, 0.750000, 2.929471
0.350000, 0.750000, 3.293479
0.400000, 0.750000, 3.162495
0.450000, 0.750000, 2.536474
0.500000, 0.750000, 1.596666
0.550000, 0.750000, 0.636646
0.600000, 0.750000, -0.049391
0.650000, 0.750000, -0.278371
0.700000, 0.750000, -0.047416
0.750000, 0.750000, 0.466129
0.800000, 0.750000, 0.973720
0.850000, 0.750000, 1.187291
0.900000, 0.750000, 0.930861
0.950000, 0.750000, 0.209393
1.000000, 0.750000, -0.791488
1.050000, 0.750000, -1.774889
1.100000, 0.750000, -2.444723
1.150000, 0.750000, -2.617722
1.200000, 0.750000, -2.292658
1.250000, 0.750000, -1.650358
1.300000, 0.750000, -0.984513
1.350000, 0.750000, -0.589700
1.400000, 0.750000, -0.649349
1.450000, 0.750000, -1.166401
1.500000, 0.750000, -1.963078
1.550000, 0.750000, -2.749804
1.600000, 0.750000, -3.236876
1.650000, 0.750000, -3.246197
1.700000, 0.750000, -2.780352
1.750000, 0.750000, -2.022614
1.800000, 0.750000, -1.267891
1.850000, 0.750000, -0.810980
1.900000, 0.750000, -0.834836
1.950000, 0.750000, -1.341552
2.000000, 0.750000, -2.152433
0.000000, 0.800000, 1.672617
0.050000, 0.800000, 0.897494
0.100000, 0.800000, 0.394414
0.150000, 0.800000, 0.344613
0.200000, 0.800000, 0.748402
0.250000, 0.800000, 1.425020
0.300000, 0.800000, 2.081700
0.350000, 0.800000, 2.425534
0.400000, 0.800000, 2.275432
0.450000, 0.800000, 1.631418
0.500000, 0.800000, 0.674848
0.550000, 0.800000, -0.300495
0.600000, 0.800000, -1.000059
0.650000, 0.800000, -1.240257
0.700000, 0.800000, -1.017564
0.750000, 0.800000, -0.508608
0.800000, 0.800000, -0.001236
0.850000, 0.800000, 0.217048
0.900000, 0.800000, -0.029410
0.950000, 0.800000, -0.735652
1.000000, 0.800000, -1.716443
1.050000, 0.800000, -2.675677
1.100000, 0.800000, -3.318408
1.150000, 0.800000, -3.462774
1.200000, 0.800000, -3.109083
1.250000, 0.800000, -2.439676
1.300000, 0.800000, -1.749572
1.350000, 0.800000, -1.334355
1.400000, 0.800000, -1.378034
1.450000, 0.800000, -1.883659
1.500000, 0.800000, -2.673107
1.550000, 0.800000, -3.456083
1.600000, 0.800000, -3.941923
1.650000, 0.800000, -3.951497
1.700000, 0.800000, -3.486461
1.750000, 0.800000, -2.729430
1.800000, 0.800000, -1.975044
1.850000, 0.800000, -1.518288
1.900000, 0.800000, -1.542750
1.950000, 0.800000, -2.051521
2.000000, 0.800000, -2.867117
0.000000, 0.850000, 0.812385
0.050000, 0.850000, 0.015599
0.100000, 0.850000, -0.510156
0.150000, 0.850000, -0.582822
0.200000, 0.850000, -0.201416
0.250000, 0.850000, 0.453779
0.300000, 0.850000, 1.090261
0.350000, 0.850000, 1.415224
0.400000, 0.850000, 1.247575
0.450000, 0.850000, 0.587339
0.500000, 0.850000, -0.384035
0.550000, 0.850000, -1.372504
0.600000, 0.850000, -2.083054
0.650000, 0.850000, -2.331448
0.700000, 0.850000, -2.113388
0.750000, 0.850000, -1.604721
0.800000, 0.850000, -1.092635
0.850000, 0.850000, -0.864245
0.900000, 0.850000, -1.095196
0.950000, 0.850000, -1.780973
1.000000, 0.850000, -2.737250
1.050000, 0.850000, -3.669225
1.100000, 0.850000, -4.283529
1.150000, 0.850000, -4.399967
1.200000, 0.850000, -4.020411
1.250000, 0.850000, -3.328460
1.300000, 0.850000, -2.619943
1.350000, 0.850000, -2.190709
1.400000, 0.850000, -2.224491
1.450000, 0.850000, -2.723595
1.500000, 0.850000, -3.508854
1.550000, 0.850000, -4.288832
1.600000, 0.850000, -4.771860
1.650000, 0.850000, -4.778151
1.700000, 0.850000, -4.309200
1.750000, 0.850000, -3.548036
1.800000, 0.850000, -2.790254
1.850000, 0.850000, -2.332202
1.900000, 0.850000, -2.359026
1.950000, 0.850000, -2.875299
2.000000, 0.850000, -3.704668
0.000000, 0.900000, -0.005935
0.050000, 0.900000, -0.825762
0.100000, 0.900000, -1.374987
0.150000, 0.900000, -1.470689
0.200000, 0.900000, -1.111223
0.250000, 0.900000, -0.476467
0.300000, 0.900000, 0.141237
0.350000, 0.900000, 0.449055
0.400000, 0.900000, 0.265794
0.450000, 0.900000, -0.408572
0.500000, 0.900000, -1.392481
0.550000, 0.900000, -2.391537
0.600000, 0.900000, -3.110123
0.650000, 0.900000, -3.363206
0.700000, 0.900000, -3.145626
0.750000, 0.900000, -2.632459
0.800000, 0.900000, -2.110402
0.850000, 0.900000, -1.866504
0.900000, 0.900000, -2.076868
0.950000, 0.900000, -2.737976
1.000000, 0.900000, -3.666948
1.050000, 0.900000, -4.570717
1.100000, 0.900000, -5.157706
1.150000, 0.900000, -5.249322
1.200000, 0.900000, -4.848614
1.250000, 0.900000, -4.139780
1.300000, 0.900000, -3.418595
1.350000, 0.900000, -2.980259
1.400000, 0.900000, -3.007419
1.450000, 0.900000, -3.501106
1.500000, 0.900000, -4.280974
1.550000, 0.900000, -5.054785
1.600000, 0.900000, -5.530660
1.650000, 0.900000, -5.529294
1.700000, 0.900000, -5.053335
1.750000, 0.900000, -4.287468
1.800000, 0.900000, -3.529171
1.850000, 0.900000, -3.076552
1.900000, 0.900000, -3.116045
1.950000, 0.900000, -3.652735
2.000000, 0.900000, -4.509818
0.000000, 0.950000, -0.612498
0.050000, 0.950000, -1.456204
0.100000, 0.950000, -2.029128
0.150000, 0.950000, -2.147466
0.200000, 0.950000, -1.808944
0.250000, 0.950000, -1.193127
0.300000, 0.950000, -0.592331
0.350000, 0.950000, -0.299549
0.400000, 0.950000, -0.496169
0.450000, 0.950000, -1.182292
0.500000, 0.950000, -2.176180
0.550000, 0.950000, -3.182952
0.600000, 0.950000, -3.906227
0.650000, 0.950000, -4.160049
0.700000, 0.950000, -3.938369
0.750000, 0.950000, -3.415628
0.800000, 0.950000, -2.878345
0.850000, 0.950000, -2.613982
0.900000, 0.950000, -2.799677
0.950000, 0.950000, -3.433473
1.000000, 0.950000, -4.334374
1.050000, 0.950000, -5.211239
1.100000, 0.950000, -5.774143
1.150000, 0.950000, -5.845609
1.200000, 0.950000, -5.429089
1.250000, 0.950000, -4.708427
1.300000, 0.950000, -3.978414
1.350000, 0.950000, -3.532875
1.400000, 0.950000, -3.553039
1.450000, 0.950000, -4.038833
1.500000, 0.950000, -4.809436
1.550000, 0.950000, -5.572945
1.600000, 0.950000, -6.038649
1.650000, 0.950000, -6.029083
1.700000, 0.950000, -5.549078
1.750000, 0.950000, -4.785424
1.800000, 0.950000, -4.037171
1.850000, 0.950000, -3.603093
1.900000, 0.950000, -3.669142
1.950000, 0.950000, -4.238753
2.000000, 0.950000, -5.132489
0.000000, 1.000000, -0.887782
0.050000, 1.000000, -1.755642
0.100000, 1.000000, -2.351927
0.150000, 1.000000, -2.491937
0.200000, 1.000000, -2.172830
0.250000, 1.000000, -1.573976
0.300000, 1.000000, -0.987813
0.350000, 1.000000, -0.707630
0.400000, 1.000000, -0.915090
0.450000, 1.000000, -1.610357
0.500000, 1.000000, -2.611409
0.550000, 1.000000, -3.622716
0.600000, 1.000000, -4.346972
0.650000, 1.000000, -4.597219
0.700000, 1.000000, -4.366600
0.750000, 1.000000, -3.829199
0.800000, 1.000000, -3.271827
0.850000, 1.000000, -2.982950
0.900000, 1.000000, -3.141340
0.950000, 1.000000, -3.747065
1.000000, 1.000000, -4.621205
1.050000, 1.000000, -5.474364
1.100000, 1.000000, -6.017716
1.150000, 1.000000, -6.074033
1.200000, 1.000000, -5.646156
1.250000, 1.000000, -4.916644
1.300000, 1.000000, -4.178672
1.350000, 1.000000, -3.724561
1.400000, 1.000000, -3.734576
1.450000, 1.000000, -4.208555
1.500000, 1.000000, -4.966590
1.550000, 1.000000, -5.718600
1.600000, 1.000000, -6.176279
1.650000, 1.000000, -6.164656
1.700000, 1.000000, -5.690590
1.750000, 1.000000, -4.941923
1.800000, 1.000000, -4.217458
1.850000, 1.000000, -3.814339
1.900000, 1.000000, -3.915722
1.950000, 1.000000, -4.521540
2.000000, 1.000000, -5.448786
0.000000, 1.050000, -0.788805
0.050000, 1.050000, -1.680526
0.100000, 1.050000, -2.299267
0.150000, 1.050000, -2.459445
0.200000, 1.050000, -2.157729
0.250000, 1.050000, -1.573434
0.300000, 1.050000, -0.999283
0.350000, 1.050000, -0.728998
0.400000, 1.050000, -0.944570
0.450000, 1.050000, -1.646168
0.500000, 1.050000, -2.651345
0.550000, 1.050000, -3.663733
0.600000, 1.050000, -4.384965
0.650000, 1.050000, -4.627091
0.700000, 1.050000, -4.382655
0.750000, 1.050000, -3.825819
0.800000, 1.050000, -3.244280
0.850000, 1.050000, -2.928144
0.900000, 1.050000, -3.058328
0.950000, 1.050000, -3.637148
1.000000, 1.050000, -4.487583
1.050000, 1.050000, -5.321388
1.100000, 1.050000, -5.849904
1.150000, 1.050000, -5.895090
1.200000, 1.050000, -5.458238
1.250000, 1.050000, -4.720073
1.300000, 1.050000, -3.972195
1.350000, 1.050000, -3.506120
1.400000, 1.050000, -3.502409
1.450000, 1.050000, -3.962370
1.500000, 1.050000, -4.708495
1.550000, 1.050000, -5.453537
1.600000, 1.050000, -5.911793
1.650000, 1.050000, -5.910002
1.700000, 1.050000, -5.455339
1.750000, 1.050000, -4.734358
1.800000, 1.050000, -4.043128
1.850000, 1.050000, -3.675105
1.900000, 1.050000, -3.809552
1.950000, 1.050000, -4.443117
2.000000, 1.050000, -5.390821
0.000000, 1.100000, -0.358550
0.050000, 1.100000, -1.273274
0.100000, 1.100000, -1.913026
0.150000, 1.100000, -2.091362
0.200000, 1.100000, -1.804565
0.250000, 1.100000, -1.232056
0.300000, 1.100000, -0.667020
0.350000, 1.100000, -0.403734
0.400000, 1.100000, -0.624537
0.450000, 1.100000, -1.329507
0.500000, 1.100000, -2.335585
0.550000, 1.100000, -3.345382
0.600000, 1.100000, -4.059389
0.650000, 1.100000, -4.288782
0.700000, 1.100000, -4.025872
0.750000, 1.100000, -3.445473
0.800000, 1.100000, -2.836831
0.850000, 1.100000, -2.492268
0.900000, 1.100000, -2.595137
0.950000, 1.100000, -3.149873
1.000000, 1.100000, -3.980755
1.050000, 1.100000, -4.799725
1.100000, 1.100000, -5.317176
1.150000, 1.100000, -5.353291
1.200000, 1.100000, -4.907310
1.250000, 1.100000, -4.158293
1.300000, 1.100000, -3.397151
1.350000, 1.100000, -2.916041
1.400000, 1.100000, -2.897491
1.450000, 1.100000, -3.345704
1.500000, 1.100000, -4.086317
1.550000, 1.100000, -4.834647
1.600000, 1.100000, -5.306239
1.650000, 1.100000, -5.327310
1.700000, 1.100000, -4.902721
1.750000, 1.100000, -4.215356
1.800000, 1.100000, -3.557056
1.850000, 1.100000, -3.217480
1.900000, 1.100000, -3.373422
1.950000, 1.100000, -4.020985
2.000000, 1.100000, -4.976674
0.000000, 1.150000, 0.283463
0.050000, 1.150000, -0.652869
0.100000, 1.150000, -1.311676
0.150000, 1.150000, -1.505702
0.200000, 1.150000, -1.230964
0.250000, 1.150000, -0.667171
0.300000, 1.150000, -0.108149
0.350000, 1.150000, 0.151164
0.400000, 1.150000, -0.071898
0.450000, 1.150000, -0.777182
0.500000, 1.150000, -1.780804
0.550000, 1.150000, -2.784193
0.600000, 1.150000, -3.486701
0.650000, 1.150000, -3.698890
0.700000, 1.150000, -3.413353
0.750000, 1.150000, -2.806226
0.800000, 1.150000, -2.168950
0.850000, 1.150000, -1.796460
0.900000, 1.150000, -1.874507
0.950000, 1.150000, -2.409093
1.000000, 1.150000, -3.224826
1.050000, 1.150000, -4.032664
1.100000, 1.150000, -4.541044
1.150000, 1.150000, -4.567863
1.200000, 1.150000, -4.110542
1.250000, 1.150000, -3.347489
1.300000, 1.150000, -2.570517
1.350000, 1.150000, -2.074164
1.400000, 1.150000, -2.044280
1.450000, 1.150000, -2.488447
1.500000, 1.150000, -3.234755
1.550000, 1.150000, -3.999255
1.600000, 1.150000, -4.496134
1.650000, 1.150000, -4.548367
1.700000, 1.150000, -4.156433
1.750000, 1.150000, -3.498789
1.800000, 1.150000, -2.863967
1.850000, 1.150000, -2.540319
1.900000, 1.150000, -2.705672
1.950000, 1.150000, -3.359180
2.000000, 1.150000, -4.321493
0.000000, 1.200000, 0.967388
0.050000, 1.200000, 0.011353
0.100000, 1.200000, -0.664093
0.150000, 1.200000, -0.870940
0.200000, 1.200000, -0.605083
0.250000, 1.200000, -0.046715
0.300000, 1.200000, 0.509518
0.350000, 1.200000, 0.767939
0.400000, 1.200000, 0.545614
0.450000, 1.200000, -0.156879
0.500000, 1.200000, -1.154616
0.550000, 1.200000, -2.147727
0.600000, 1.200000, -2.834545
0.650000, 1.200000, -3.025424
0.700000, 1.200000, -2.713881
0.750000, 1.200000, -2.078080
0.800000, 1.200000, -1.412178
0.850000, 1.200000, -1.013821
0.900000, 1.200000, -1.070717
0.950000, 1.200000, -1.589491
1.000000, 1.200000, -2.393867
1.050000, 1.200000, -3.192730
1.100000, 1.200000, -3.691981
1.150000, 1.200000, -3.707460
1.200000, 1.200000, -3.235848
1.250000, 1.200000, -2.456592
1.300000, 1.200000, -1.664213
1.350000, 1.200000, -1.156940
1.400000, 1.200000, -1.124214
1.450000, 1.200000, -1.575967
1.500000, 1.200000, -2.340537
1.550000, 1.200000, -3.131853
1.600000, 1.200000, -3.660068
1.650000, 1.200000, -3.743272
1.700000, 1.200000, -3.377577
1.750000, 1.200000, -2.738876
1.800000, 1.200000, -2.115696
1.850000, 1.200000, -1.798930
1.900000, 1.200000, -1.970673
1.950000, 1.200000, -2.634665
2.000000, 1.200000, -3.614886
0.000000, 1.250000, 1.510351
0.050000, 1.250000, 0.536978
0.100000, 1.250000, -0.152287
0.150000, 1.250000, -0.368755
0.200000, 1.250000, -0.108361
0.250000, 1.250000, 0.448011
0.300000, 1.250000, 1.004724
0.350000, 1.250000, 1.265312
0.400000, 1.250000, 1.046687
0.450000, 1.250000, 0.350077
0.500000, 1.250000, -0.638343
0.550000, 1.250000, -1.617363
0.600000, 1.250000, -2.284553
0.650000, 1.250000, -2.450609
0.700000, 1.250000, -2.110702
0.750000, 1.250000, -1.445665
0.800000, 1.250000, -0.752656
0.850000, 1.250000, -0.331756
0.900000, 1.250000, -0.371768
0.950000, 1.250000, -0.878715
1.000000, 1.250000, -1.674241
1.050000, 1.250000, -2.464451
1.100000, 1.250000, -2.952850
1.150000, 1.250000, -2.954292
1.200000, 1.250000, -2.466478
1.250000, 1.250000, -1.671774
1.300000, 1.250000, -0.868721
1.350000, 1.250000, -0.359385
1.400000, 1.250000, -0.335526
1.450000, 1.250000, -0.806936
1.500000, 1.250000, -1.599187
1.550000, 1.250000, -2.421510
1.600000, 1.250000, -2.978820
1.650000, 1.250000, -3.085052
1.700000, 1.250000, -2.734603
1.750000, 1.250000, -2.104645
1.800000, 1.250000, -1.487555
1.850000, 1.250000, -1.179297
1.900000, 1.250000, -1.366433
1.950000, 1.250000, -2.054849
2.000000, 1.250000, -3.067335
0.000000, 1.300000, 1.756680
0.050000, 1.300000, 0.768736
0.100000, 1.300000, 0.068806
0.150000, 1.300000, -0.153828
0.200000, 1.300000, 0.104680
0.250000, 1.300000, 0.662534
0.300000, 1.300000, 1.222953
0.350000, 1.300000, 1.488674
0.400000, 1.300000, 1.276618
0.450000, 1.300000, 0.588913
0.500000, 1.300000, -0.386832
0.550000, 1.300000, -1.348133
0.600000, 1.300000, -1.992189
0.650000, 1.300000, -2.130725
0.700000, 1.300000, -1.761297
0.750000, 1.300000, -1.067895
0.800000, 1.300000, -0.350627
0.850000, 1.300000, 0.088686
0.900000, 1.300000, 0.061342
0.950000, 1.300000, -0.436776
1.000000, 1.300000, -1.224344
1.050000, 1.300000, -2.004648
1.100000, 1.300000, -2.479782
1.150000, 1.300000, -2.465395
1.200000, 1.300000, -1.962174
1.250000, 1.300000, -1.156795
1.300000, 1.300000, -0.351948
1.350000, 1.300000, 0.147879
1.400000, 1.300000, 0.151292
1.450000, 1.300000, -0.348228
1.500000, 1.300000, -1.171002
1.550000, 1.300000, -2.020741
1.600000, 1.300000, -2.598454
1.650000, 1.300000, -2.717180
1.700000, 1.300000, -2.373764
1.750000, 1.300000, -1.750288
1.800000, 1.300000, -1.144644
1.850000, 1.300000, -0.856737
1.900000, 1.300000, -1.073785
1.950000, 1.300000, -1.798444
2.000000, 1.300000, -2.847202
0.000000, 1.350000, 1.612290
0.050000, 1.350000, 0.612877
0.100000, 1.350000, -0.094302
0.150000, 1.350000, -0.319477
0.200000, 1.350000, -0.059212
0.250000, 1.350000, 0.503568
0.300000, 1.350000, 1.070796
0.350000, 1.350000, 1.344454
0.400000, 1.350000, 1.141682
0.450000, 1.350000, 0.465773
0.500000, 1.350000, -0.494103
0.550000, 1.350000, -1.434370
0.600000, 1.350000, -2.052406
0.650000, 1.350000, -2.161718
0.700000, 1.350000, -1.762919
0.750000, 1.350000, -1.043380
0.800000, 1.350000, -0.305707
0.850000, 1.350000, 0.147623
0.900000, 1.350000, 0.129381
0.950000, 1.350000, -0.361534
1.000000, 1.350000, -1.140530
1.050000, 1.350000, -1.908869
1.100000, 1.350000, -2.368970
1.150000, 1.350000, -2.339340
1.200000, 1.350000, -1.825197
1.250000, 1.350000, -1.017757
1.300000, 1.350000, -0.222418
1.350000, 1.350000, 0.256710
1.400000, 1.350000, 0.231844
1.450000, 1.350000, -0.297811
1.500000, 1.350000, -1.146769
1.550000, 1.350000, -2.015009
1.600000, 1.350000, -2.603340
1.650000, 1.350000, -2.728247
1.700000, 1.350000, -2.392322
1.750000, 1.350000, -1.783353
1.800000, 1.350000, -1.202429
1.850000, 1.350000, -0.948548
1.900000, 1.350000, -1.203841
1.950000, 1.350000, -1.963302
2.000000, 1.350000, -3.035882
0.000000, 1.400000, 1.065731
0.050000, 1.400000, 0.058209
0.100000, 1.400000, -0.652630
0.150000, 1.400000, -0.876635
0.200000, 1.400000, -0.610990
0.250000, 1.400000, -0.039968
0.300000, 1.400000, 0.536974
0.350000, 1.400000, 0.821146
0.400000, 1.400000, 0.630162
0.450000, 1.400000, -0.031253
0.500000, 1.400000, -0.972319
0.550000, 1.400000, -1.888692
0.600000, 1.400000, -2.478602
0.650000, 1.400000, -2.558122
0.700000, 1.400000, -2.131420
0.750000, 1.400000, -1.389126
0.800000, 1.400000, -0.635483
0.850000, 1.400000, -0.172256
0.900000, 1.400000, -0.183876
0.950000, 1.400000, -0.667795
1.000000, 1.400000, -1.436642
1.050000, 1.400000, -2.191256
1.100000, 1.400000, -2.636517
1.150000, 1.400000, -2.595553
1.200000, 1.400000, -2.078569
1.250000, 1.400000, -1.279995
1.300000, 1.400000, -0.505103
1.350000, 1.400000, -0.054253
1.400000, 1.400000, -0.109108
1.450000, 1.400000, -0.664301
1.500000, 1.400000, -1.530622
1.550000, 1.400000, -2.408344
1.600000, 1.400000, -3.002523
1.650000, 1.400000, -3.136068
1.700000, 1.400000, -2.817350
1.750000, 1.400000, -2.236578
1.800000, 1.400000, -1.692463
1.850000, 1.400000, -1.477346
1.900000, 1.400000, -1.764809
1.950000, 1.400000, -2.542715
2.000000, 1.400000, -3.617219
0.000000, 1.450000, 0.191275
0.050000, 1.450000, -0.820818
0.100000, 1.450000, -1.531636
0.150000, 1.450000, -1.750768
0.200000, 1.450000, -1.476230
0.250000, 1.450000, -0.893857
0.300000, 1.450000, -0.304575
0.350000, 1.450000, -0.007600
0.400000, 1.450000, -0.184549
0.450000, 1.450000, -0.829026
0.500000, 1.450000, -1.748691
0.550000, 1.450000, -2.638900
0.600000, 1.450000, -3.199503
0.650000, 1.450000, -3.249866
0.700000, 1.450000, -2.797961
0.750000, 1.450000, -2.037149
0.800000, 1.450000, -1.272079
0.850000, 1.450000, -0.802332
0.900000, 1.450000, -0.808535
0.950000, 1.450000, -1.284561
1.000000, 1.450000, -2.041593
1.050000, 1.450000, -2.782188
1.100000, 1.450000, -3.215702
1.150000, 1.450000, -3.170691
1.200000, 1.450000, -2.661294
1.250000, 1.450000, -1.882377
1.300000, 1.450000, -1.135594
1.350000, 1.450000, -0.714880
1.400000, 1.450000, -0.795273
1.450000, 1.450000, -1.367451
1.500000, 1.450000, -2.242723
1.550000, 1.450000, -3.126207
1.600000, 1.450000, -3.729964
1.650000, 1.450000, -3.882776
1.700000, 1.450000, -3.594770
1.750000, 1.450000, -3.052513
1.800000, 1.450000, -2.546785
1.850000, 1.450000, -2.360843
1.900000, 1.450000, -2.661868
1.950000, 1.450000, -3.436863
2.000000, 1.450000, -4.497176
0.000000, 1.500000, -0.866619
0.050000, 1.500000, -1.879659
0.100000, 1.500000, -2.586774
0.150000, 1.500000, -2.797424
0.200000, 1.500000, -2.510679
0.250000, 1.500000, -1.914138
0.300000, 1.500000, -1.310229
0.350000, 1.500000, -0.998498
0.400000, 1.500000, -1.159472
0.450000, 1.500000, -1.784883
0.500000, 1.500000, -2.681000
0.550000, 1.500000, -3.543484
0.600000, 1.500000, -4.074629
0.650000, 1.500000, -4.097678
0.700000, 1.500000, -3.624317
0.750000, 1.500000, -2.849703
0.800000, 1.500000, -2.077404
0.850000, 1.500000, -1.603467
0.900000, 1.500000, -1.604279
0.950000, 1.500000, -2.071040
1.000000, 1.500000, -2.815504
1.050000, 1.500000, -3.544189
1.100000, 1.500000, -3.972191
1.150000, 1.500000, -3.932876
1.200000, 1.500000, -3.441739
1.250000, 1.500000, -2.690504
1.300000, 1.500000, -1.974245
1.350000, 1.500000, -1.579714
1.400000, 1.500000, -1.677469
1.450000, 1.500000, -2.258599
1.500000, 1.500000, -3.139624
1.550000, 1.500000, -4.033207
1.600000, 1.500000, -4.657506
1.650000, 1.500000, -4.842632
1.700000, 1.500000, -4.594079
1.750000, 1.500000, -4.089463
1.800000, 1.500000, -3.610139
1.850000, 1.500000, -3.433782
1.900000, 1.500000, -3.728539
1.950000, 1.500000, -4.488646
2.000000, 1.500000, -5.535666
0.000000, 1.550000, -1.924122
0.050000, 1.550000, -2.934480
0.100000, 1.550000, -3.634301
0.150000, 1.550000, -3.833045
0.200000, 1.550000, -3.531059
0.250000, 1.550000, -2.917895
0.300000, 1.550000, -2.297470
0.350000, 1.550000, -1.969411
0.400000, 1.550000, -2.112816
0.450000, 1.550000, -2.717405
0.500000, 1.550000, -3.588362
0.550000, 1.550000, -4.422378
0.600000, 1.550000, -4.924998
0.650000, 1.550000, -4.923708
0.700000, 1.550000, -4.433424
0.750000, 1.550000, -3.649798
0.800000, 1.550000, -2.873749
0.850000, 1.550000, -2.396814
0.900000, 1.550000, -2.391460
0.950000, 1.550000, -2.847918
1.000000, 1.550000, -3.580883
1.050000, 1.550000, -4.302601
1.100000, 1.550000, -4.733891
1.150000, 1.550000, -4.710745
1.200000, 1.550000, -4.246425
1.250000, 1.550000, -3.526197
1.300000, 1.550000, -2.837353
1.350000, 1.550000, -2.461324
1.400000, 1.550000, -2.568561
1.450000, 1.550000, -3.155453
1.500000, 1.550000, -4.046576
1.550000, 1.550000, -4.961131
1.600000, 1.550000, -5.618517
1.650000, 1.550000, -5.843541
1.700000, 1.550000, -5.631915
1.750000, 1.550000, -5.151530
1.800000, 1.550000, -4.678860
1.850000, 1.550000, -4.494112
1.900000, 1.550000, -4.774313
1.950000, 1.550000, -5.524574
2.000000, 1.550000, -6.573765
0.000000, 1.600000, -2.797401
0.050000, 1.600000, -3.801541
0.100000, 1.600000, -4.490650
0.150000, 1.600000, -4.674328
0.200000, 1.600000, -4.354425
0.250000, 1.600000, -3.722609
0.300000, 1.600000, -3.084227
0.350000, 1.600000, -2.738683
0.400000, 1.600000, -2.863301
0.450000, 1.600000, -3.445743
0.500000, 1.600000, -4.290543
0.550000, 1.600000, -5.096244
0.600000, 1.600000, -5.572362
0.650000, 1.600000, -5.550689
0.700000, 1.600000, -5.048481
0.750000, 1.600000, -4.260321
0.800000, 1.600000, -3.483040
0.850000, 1.600000, -3.003293
0.900000, 1.600000, -2.990786
0.950000, 1.600000, -3.437073
1.000000, 1.600000, -4.162013
1.050000, 1.600000, -4.884308
1.100000, 1.600000, -5.328933
1.150000, 1.600000, -5.331074
1.200000, 1.600000, -4.898091
1.250000, 1.600000, -4.206957
1.300000, 1.600000, -3.538516
1.350000, 1.600000, -3.173105
1.400000, 1.600000, -3.286190
1.450000, 1.600000, -3.882661
1.500000, 1.600000, -4.794326
1.550000, 1.600000, -5.741968
1.600000, 1.600000, -6.439379
1.650000, 1.600000, -6.700909
1.700000, 1.600000, -6.512148
1.750000, 1.600000, -6.036521
1.800000, 1.600000, -5.554243
1.850000, 1.600000, -5.355710
1.900000, 1.600000, -5.629224
1.950000, 1.600000, -6.386073
2.000000, 1.600000, -7.452545
0.000000, 1.650000, -3.342000
0.050000, 1.650000, -4.336560
0.100000, 1.650000, -5.011798
0.150000, 1.650000, -5.177594
0.200000, 1.650000, -4.837522
0.250000, 1.650000, -4.185507
0.300000, 1.650000, -3.528208
0.350000, 1.650000, -3.164456
0.400000, 1.650000, -3.269477
0.450000, 1.650000, -3.828921
0.500000, 1.650000, -4.647255
0.550000, 1.650000, -5.425732
0.600000, 1.650000, -5.878407
0.650000, 1.650000, -5.841076
0.700000, 1.650000, -5.332063
0.750000, 1.650000, -4.543205
0.800000, 1.650000, -3.766177
0.850000, 1.650000, -3.283146
0.900000, 1.650000, -3.262982
0.950000, 1.650000, -3.701069
1.000000, 1.650000, -4.423953
1.050000, 1.650000, -5.156079
1.100000, 1.650000, -5.623567
1.150000, 1.650000, -5.656870
1.200000, 1.650000, -5.254857
1.250000, 1.650000, -4.586752
1.300000, 1.650000, -3.930804
1.350000, 1.650000, -3.571575
1.400000, 1.650000, -3.693298
1.450000, 1.650000, -4.309035
1.500000, 1.650000, -5.253014
1.550000, 1.650000, -6.240554
1.600000, 1.650000, -6.974471
1.650000, 1.650000, -7.258402
1.700000, 1.650000, -7.073474
1.750000, 1.650000, -6.587640
1.800000, 1.650000, -6.092335
1.850000, 1.650000, -5.889577
1.900000, 1.650000, -6.172894
1.950000, 1.650000, -6.948994
2.000000, 1.650000, -8.031922
0.000000, 1.700000, -3.483646
0.050000, 1.700000, -4.465520
0.100000, 1.700000, -5.124064
0.150000, 1.700000, -5.269571
0.200000, 1.700000, -4.907561
0.250000, 1.700000, -4.234322
0.300000, 1.700000, -3.557654
0.350000, 1.700000, -3.175419
0.400000, 1.700000, -3.260456
0.450000, 1.700000, -3.796568
0.500000, 1.700000, -4.588862
0.550000, 1.700000, -5.342157
0.600000, 1.700000, -5.775372
0.650000, 1.700000, -5.727613
0.700000, 1.700000, -5.216693
0.750000, 1.700000, -4.430107
0.800000, 1.700000, -3.653889
0.850000, 1.700000, -3.166944
0.900000, 1.700000, -3.139771
0.950000, 1.700000, -3.573813
1.000000, 1.700000, -4.302635
1.050000, 1.700000, -5.054164
1.100000, 1.700000, -5.551726
1.150000, 1.700000, -5.617684
1.200000, 1.700000, -5.241910
1.250000, 1.700000, -4.589051
1.300000, 1.700000, -3.940137
1.350000, 1.700000, -3.588398
1.400000, 1.700000, -3.727329
1.450000, 1.700000, -4.373778
1.500000, 1.700000, -5.357210
1.550000, 1.700000, -6.381676
1.600000, 1.700000, -7.138459
1.650000, 1.700000, -7.426222
1.700000, 1.700000, -7.230911
1.750000, 1.700000, -6.732500
1.800000, 1.700000, -6.234515
1.850000, 1.700000, -6.043619
1.900000, 1.700000, -6.347232
1.950000, 1.700000, -7.138374
2.000000, 1.700000, -8.217857
0.000000, 1.750000, -3.233788
0.050000, 1.750000, -4.200206
0.100000, 1.750000, -4.839635
0.150000, 1.750000, -4.962917
0.200000, 1.750000, -4.577729
0.250000, 1.750000, -3.882791
0.300000, 1.750000, -3.186817
0.350000, 1.750000, -2.786277
0.400000, 1.750000, -2.851377
0.450000, 1.750000, -3.364371
0.500000, 1.750000, -4.131819
0.550000, 1.750000, -4.862889
0.600000, 1.750000, -5.281391
0.650000, 1.750000, -5.228642
0.700000, 1.750000, -4.720188
0.750000, 1.750000, -3.937882
0.800000, 1.750000, -3.162370
0.850000, 1.750000, -2.671293
0.900000, 1.750000, -2.639417
0.950000, 1.750000, -3.075671
1.000000, 1.750000, -3.819480
1.050000, 1.750000, -4.598696
1.100000, 1.750000, -5.129874
1.150000, 1.750000, -5.225552
1.200000, 1.750000, -4.868722
1.250000, 1.750000, -4.224605
1.300000, 1.750000, -3.582174
1.350000, 1.750000, -3.244941
1.400000, 1.750000, -3.412069
1.450000, 1.750000, -4.097033
1.500000, 1.750000, -5.118106
1.550000, 1.750000, -6.166804
1.600000, 1.750000, -6.928344
1.650000, 1.750000, -7.205901
1.700000, 1.750000, -6.998012
1.750000, 1.750000, -6.497445
1.800000, 1.750000, -6.012319
1.850000, 1.750000, -5.842193
1.900000, 1.750000, -6.159652
1.950000, 1.750000, -6.944392
2.000000, 1.750000, -7.994196
0.000000, 1.800000, -2.686512
0.050000, 1.800000, -3.635105
0.100000, 1.800000, -4.253456
0.150000, 1.800000, -4.353094
0.200000, 1.800000, -3.944049
0.250000, 1.800000, -3.227508
0.300000, 1.800000, -2.512807
0.350000, 1.800000, -2.094577
0.400000, 1.800000, -2.140223
0.450000, 1.800000, -2.630883
0.500000, 1.800000, -3.375450
0.550000, 1.800000, -4.088094
0.600000, 1.800000, -4.497182
0.650000, 1.800000, -4.444792
0.700000, 1.800000, -3.942415
0.750000, 1.800000, -3.165468
0.800000, 1.800000, -2.390293
0.850000, 1.800000, -1.895820
0.900000, 1.800000, -1.863428
0.950000, 1.800000, -2.309728
1.000000, 1.800000, -3.077324
1.050000, 1.800000, -3.889774
1.100000, 1.800000, -4.453882
1.150000, 1.800000, -4.573040
1.200000, 1.800000, -4.227851
1.250000, 1.800000, -3.589824
1.300000, 1.800000, -2.958838
1.350000, 1.800000, -2.646326
1.400000, 1.800000, -2.850263
1.450000, 1.800000, -3.573613
1.500000, 1.800000, -4.621091
1.550000, 1.800000, -5.676442
1.600000, 1.800000, -6.428376
1.650000, 1.800000, -6.692905
1.700000, 1.800000, -6.482336
1.750000, 1.800000, -5.994628
1.800000, 1.800000, -5.530404
1.850000, 1.800000, -5.373452
1.900000, 1.800000, -5.682694
1.950000, 1.800000, -6.435808
2.000000, 1.800000, -7.442332
0.000000, 1.850000, -1.997490
0.050000, 1.850000, -2.926349
0.100000, 1.850000, -3.522170
0.150000, 1.850000, -3.597295
0.200000, 1.850000, -3.164296
0.250000, 1.850000, -2.426814
0.300000, 1.850000, -1.694462
0.350000, 1.850000, -1.259582
0.400000, 1.850000, -1.286685
0.450000, 1.850000, -1.756371
0.500000, 1.850000, -2.480776
0.550000, 1.850000, -3.179519
0.600000, 1.850000, -3.584806
0.650000, 1.850000, -3.537743
0.700000, 1.850000, -3.044147
0.750000, 1.850000, -2.272885
0.800000, 1.850000, -1.497864
0.850000, 1.850000, -1.002095
0.900000, 1.850000, -0.975137
0.950000, 1.850000, -1.439977
1.000000, 1.850000, -2.238532
1.050000, 1.850000, -3.086079
1.100000, 1.850000, -3.678633
1.150000, 1.850000, -3.813719
1.200000, 1.850000, -3.475412
1.250000, 1.850000, -2.845893
1.300000, 1.850000, -2.235259
1.350000, 1.850000, -1.956772
1.400000, 1.850000, -2.199473
1.450000, 1.850000, -2.951999
1.500000, 1.850000, -4.009061
1.550000, 1.850000, -5.056021
1.600000, 1.850000, -5.794170
1.650000, 1.850000, -6.054474
1.700000, 1.850000, -5.855767
1.750000, 1.850000, -5.388829
1.800000, 1.850000, -4.937779
1.850000, 1.850000, -4.772001
1.900000, 1.850000, -5.048699
1.950000, 1.850000, -5.758591
2.000000, 1.850000, -6.730628
0.000000, 1.900000, -1.349597
0.050000, 1.900000, -2.257319
0.100000, 1.900000, -2.829697
0.150000, 1.900000, -2.880013
0.200000, 1.900000, -2.423550
0.250000, 1.900000, -1.666347
0.300000, 1.900000, -0.917894
0.350000, 1.900000, -0.467791
0.400000, 1.900000, -0.477681
0.450000, 1.900000, -0.928317
0.500000, 1.900000, -1.635984
0.550000, 1.900000, -2.325924
0.600000, 1.900000, -2.733076
0.650000, 1.900000, -2.695680
0.700000, 1.900000, -2.212622
0.750000, 1.900000, -1.446890
0.800000, 1.900000, -0.672476
0.850000, 1.900000, -0.179067
0.900000, 1.900000, -0.164779
0.950000, 1.900000, -0.656175
1.000000, 1.900000, -1.490065
1.050000, 1.900000, -2.370675
1.100000, 1.900000, -2.984725
1.150000, 1.900000, -3.129221
1.200000, 1.900000, -2.797304
1.250000, 1.900000, -2.183179
1.300000, 1.900000, -1.602456
1.350000, 1.900000, -1.362214
1.400000, 1.900000, -1.637085
1.450000, 1.900000, -2.403173
1.500000, 1.900000, -3.453968
1.550000, 1.900000, -4.486372
1.600000, 1.900000, -5.217833
1.650000, 1.900000, -5.487940
1.700000, 1.900000, -5.309529
1.750000, 1.900000, -4.856437
1.800000, 1.900000, -4.397171
1.850000, 1.900000, -4.198849
1.900000, 1.900000, -4.432373
1.950000, 1.900000, -5.108852
2.000000, 1.900000, -6.069566
0.000000, 1.950000, -0.912676
0.050000, 1.950000, -1.798399
0.100000, 1.950000, -2.346986
0.150000, 1.950000, -2.372776
0.200000, 1.950000, -1.893918
0.250000, 1.950000, -1.118744
0.300000, 1.950000, -0.356168
0.350000, 1.950000, 0.107378
0.400000, 1.950000, 0.112980
0.450000, 1.950000, -0.321078
0.500000, 1.950000, -1.016056
0.550000, 1.950000, -1.702679
0.600000, 1.950000, -2.117155
0.650000, 1.950000, -2.092947
0.700000, 1.950000, -1.621299
0.750000, 1.950000, -0.860807
0.800000, 1.950000, -0.088449
0.850000, 1.950000, 0.397457
0.900000, 1.950000, 0.391328
0.950000, 1.950000, -0.132988
1.000000, 1.950000, -1.003085
1.050000, 1.950000, -1.911443
1.100000, 1.950000, -2.539490
1.150000, 1.950000, -2.689931
1.200000, 1.950000, -2.368498
1.250000, 1.950000, -1.778797
1.300000, 1.950000, -1.234317
1.350000, 1.950000, -1.028877
1.400000, 1.950000, -1.322194
1.450000, 1.950000, -2.085370
1.500000, 1.950000, -3.121277
1.550000, 1.950000, -4.143835
1.600000, 1.950000, -4.881884
1.650000, 1.950000, -5.171243
1.700000, 1.950000, -5.007874
1.750000, 1.950000, -4.548380
1.800000, 1.950000, -4.057487
1.850000, 1.950000, -3.815942
1.900000, 1.950000, -4.016054
1.950000, 1.950000, -4.681855
2.000000, 1.950000, -5.648753
0.000000, 2.000000, -0.806250
0.050000, 2.000000, -1.669673
0.100000, 2.000000, -2.194690
0.150000, 2.000000, -2.196809
0.200000, 2.000000, -1.697183
0.250000, 2.000000, -0.906275
0.300000, 2.000000, -0.131934
0.350000, 2.000000, 0.342966
0.400000, 2.000000, 0.361980
0.450000, 2.000000, -0.058478
0.500000, 2.000000, -0.745339
0.550000, 2.000000, -1.434315
0.600000, 2.000000, -1.861117
0.650000, 2.000000, -1.852678
0.700000, 2.000000, -1.392582
0.750000, 2.000000, -0.637276
0.800000, 2.000000, 0.130369
0.850000, 2.000000, 0.602501
0.900000, 2.000000, 0.568658
0.950000, 2.000000, 0.007689
1.000000, 2.000000, -0.895917
1.050000, 2.000000, -1.824734
1.100000, 2.000000, -2.460766
1.150000, 2.000000, -2.617831
1.200000, 2.000000, -2.314306
1.250000, 2.000000, -1.756870
1.300000, 2.000000, -1.248662
1.350000, 2.000000, -1.067045
1.400000, 2.000000, -1.362285
1.450000, 2.000000, -2.111270
1.500000, 2.000000, -3.133884
1.550000, 2.000000, -4.158613
1.600000, 2.000000, -4.913943
1.650000, 2.000000, -5.219757
1.700000, 2.000000, -5.052944
1.750000, 2.000000, -4.563771
1.800000, 2.000000, -4.029598
1.850000, 2.000000, -3.753567
1.900000, 2.000000, -3.942355
1.950000, 2.000000, -4.614340
2.000000, 2.000000, -5.583340
