0.000000, 0.000000, 1.267466
0.050000, 0.000000, 1.244771
0.100000, 0.000000, 1.199253
0.150000, 0.000000, 1.127926
0.200000, 0.000000, 1.029029
0.250000, 0.000000, 0.902290
0.300000, 0.000000, 0.749068
0.350000, 0.000000, 0.572371
0.400000, 0.000000, 0.376731
0.450000, 0.000000, 0.167955
0.500000, 0.000000, -0.047235
0.550000, 0.000000, -0.261636
0.600000, 0.000000, -0.468046
0.650000, 0.000000, -0.659742
0.700000, 0.000000, -0.830918
0.750000, 0.000000, -0.977041
0.800000, 0.000000, -1.095105
0.850000, 0.000000, -1.183748
0.900000, 0.000000, -1.243245
0.950000, 0.000000, -1.275353
1.000000, 0.000000, -1.283063
1.050000, 0.000000, -1.270244
1.100000, 0.000000, -1.241253
1.150000, 0.000000, -1.200526
1.200000, 0.000000, -1.152191
1.250000, 0.000000, -1.099759
1.300000, 0.000000, -1.045893
1.350000, 0.000000, -0.992297
1.400000, 0.000000, -0.939721
1.450000, 0.000000, -0.888081
1.500000, 0.000000, -0.836678
1.550000, 0.000000, -0.784487
1.600000, 0.000000, -0.730480
1.650000, 0.000000, -0.673961
1.700000, 0.000000, -0.614843
1.750000, 0.000000, -0.553879
1.800000, 0.000000, -0.492771
1.850000, 0.000000, -0.434183
1.900000, 0.000000, -0.381624
1.950000, 0.000000, -0.339225
2.000000, 0.000000, -0.311420
0.000000, 0.050000, 1.245628
0.050000, 0.050000, 1.219651
0.100000, 0.050000, 1.171568
0.150000, 0.050000, 1.098848
0.200000, 0.050000, 1.000156
0.250000, 0.050000, 0.875608
0.300000, 0.050000, 0.726901
0.350000, 0.050000, 0.557320
0.400000, 0.050000, 0.371612
0.450000, 0.050000, 0.175727
0.500000, 0.050000, -0.023541
0.550000, 0.050000, -0.218998
0.600000, 0.050000, -0.403523
0.650000, 0.050000, -0.570551
0.700000, 0.050000, -0.714500
0.750000, 0.050000, -0.831132
0.800000, 0.050000, -0.917788
0.850000, 0.050000, -0.973509
0.900000, 0.050000, -0.999006
0.950000, 0.050000, -0.996506
1.000000, 0.050000, -0.969484
1.050000, 0.050000, -0.922304
1.100000, 0.050000, -0.859807
1.150000, 0.050000, -0.786895
1.200000, 0.050000, -0.708139
1.250000, 0.050000, -0.627447
1.300000, 0.050000, -0.547830
1.350000, 0.050000, -0.471284
1.400000, 0.050000, -0.398785
1.450000, 0.050000, -0.330405
1.500000, 0.050000, -0.265526
1.550000, 0.050000, -0.203126
1.600000, 0.050000, -0.142110
1.650000, 0.050000, -0.081632
1.700000, 0.050000, -0.021392
1.750000, 0.050000, 0.038139
1.800000, 0.050000, 0.095598
1.850000, 0.050000, 0.148709
1.900000, 0.050000, 0.194394
1.950000, 0.050000, 0.228978
2.000000, 0.050000, 0.248504
0.000000, 0.100000, 1.070244
0.050000, 0.100000, 1.041701
0.100000, 0.100000, 0.992193
0.150000, 0.100000, 0.919574
0.200000, 0.100000, 0.822858
0.250000, 0.100000, 0.702459
0.300000, 0.100000, 0.560314
0.350000, 0.100000, 0.399886
0.400000, 0.100000, 0.226029
0.450000, 0.100000, 0.044725
0.500000, 0.100000, -0.137273
0.550000, 0.100000, -0.312888
0.600000, 0.100000, -0.475190
0.650000, 0.100000, -0.617872
0.700000, 0.100000, -0.735676
0.750000, 0.100000, -0.824742
0.800000, 0.100000, -0.882841
0.850000, 0.100000, -0.909478
0.900000, 0.100000, -0.905858
0.950000, 0.100000, -0.874720
1.000000, 0.100000, -0.820050
1.050000, 0.100000, -0.746718
1.100000, 0.100000, -0.660053
1.150000, 0.100000, -0.565412
1.200000, 0.100000, -0.467777
1.250000, 0.100000, -0.371419
1.300000, 0.100000, -0.279652
1.350000, 0.100000, -0.194704
1.400000, 0.100000, -0.117712
1.450000, 0.100000, -0.048835
1.500000, 0.100000, 0.012540
1.550000, 0.100000, 0.067504
1.600000, 0.100000, 0.117304
1.650000, 0.100000, 0.163004
1.700000, 0.100000, 0.205193
1.750000, 0.100000, 0.243749
1.800000, 0.100000, 0.277710
1.850000, 0.100000, 0.305243
1.900000, 0.100000, 0.323743
1.950000, 0.100000, 0.330031
2.000000, 0.100000, 0.320651
0.000000, 0.150000, 0.785659
0.050000, 0.150000, 0.755723
0.100000, 0.150000, 0.706316
0.150000, 0.150000, 0.635562
0.200000, 0.150000, 0.542697
0.250000, 0.150000, 0.428299
0.300000, 0.150000, 0.294411
0.350000, 0.150000, 0.144532
0.400000, 0.150000, -0.016516
0.450000, 0.150000, -0.182854
0.500000, 0.150000, -0.347904
0.550000, 0.150000, -0.504829
0.600000, 0.150000, -0.647004
0.650000, 0.150000, -0.768485
0.700000, 0.150000, -0.864427
0.750000, 0.150000, -0.931422
0.800000, 0.150000, -0.967726
0.850000, 0.150000, -0.973347
0.900000, 0.150000, -0.950004
0.950000, 0.150000, -0.900943
1.000000, 0.150000, -0.830643
1.050000, 0.150000, -0.744438
1.100000, 0.150000, -0.648082
1.150000, 0.150000, -0.547307
1.200000, 0.150000, -0.447409
1.250000, 0.150000, -0.352906
1.300000, 0.150000, -0.267281
1.350000, 0.150000, -0.192855
1.400000, 0.150000, -0.130771
1.450000, 0.150000, -0.081109
1.500000, 0.150000, -0.043093
1.550000, 0.150000, -0.015384
1.600000, 0.150000, 0.003589
1.650000, 0.150000, 0.015289
1.700000, 0.150000, 0.020767
1.750000, 0.150000, 0.020423
1.800000, 0.150000, 0.013856
1.850000, 0.150000, -0.000163
1.900000, 0.150000, -0.023620
1.950000, 0.150000, -0.059062
2.000000, 0.150000, -0.109314
0.000000, 0.200000, 0.455113
0.050000, 0.200000, 0.425383
0.100000, 0.200000, 0.377952
0.150000, 0.200000, 0.311048
0.200000, 0.200000, 0.223959
0.250000, 0.200000, 0.117261
0.300000, 0.200000, -0.007068
0.350000, 0.200000, -0.145653
0.400000, 0.200000, -0.293858
0.450000, 0.200000, -0.446044
0.500000, 0.200000, -0.595930
0.550000, 0.200000, -0.737023
0.600000, 0.200000, -0.863084
0.650000, 0.200000, -0.968586
0.700000, 0.200000, -1.049125
0.750000, 0.200000, -1.101749
0.800000, 0.200000, -1.125168
0.850000, 0.200000, -1.119837
0.900000, 0.200000, -1.087895
0.950000, 0.200000, -1.032978
1.000000, 0.200000, -0.959912
1.050000, 0.200000, -0.874317
1.100000, 0.200000, -0.782171
1.150000, 0.200000, -0.689357
1.200000, 0.200000, -0.601241
1.250000, 0.200000, -0.522325
1.300000, 0.200000, -0.455990
1.350000, 0.200000, -0.404363
1.400000, 0.200000, -0.368306
1.450000, 0.200000, -0.347528
1.500000, 0.200000, -0.340803
1.550000, 0.200000, -0.346266
1.600000, 0.200000, -0.361755
1.650000, 0.200000, -0.385158
1.700000, 0.200000, -0.414730
1.750000, 0.200000, -0.449346
1.800000, 0.200000, -0.488661
1.850000, 0.200000, -0.533161
1.900000, 0.200000, -0.584091
1.950000, 0.200000, -0.643287
2.000000, 0.200000, -0.712905
0.000000, 0.250000, 0.147184
0.050000, 0.250000, 0.119645
0.100000, 0.250000, 0.076362
0.150000, 0.250000, 0.015460
0.200000, 0.250000, -0.063928
0.250000, 0.250000, -0.161431
0.300000, 0.250000, -0.275318
0.350000, 0.250000, -0.402500
0.400000, 0.250000, -0.538666
0.450000, 0.250000, -0.678526
0.500000, 0.250000, -0.816170
0.550000, 0.250000, -0.945486
0.600000, 0.250000, -1.060615
0.650000, 0.250000, -1.156403
0.700000, 0.250000, -1.228800
0.750000, 0.250000, -1.275177
0.800000, 0.250000, -1.294525
0.850000, 0.250000, -1.287534
0.900000, 0.250000, -1.256518
0.950000, 0.250000, -1.205224
1.000000, 0.250000, -1.138514
1.050000, 0.250000, -1.061968
1.100000, 0.250000, -0.981446
1.150000, 0.250000, -0.902628
1.200000, 0.250000, -0.830600
1.250000, 0.250000, -0.769504
1.300000, 0.250000, -0.722287
1.350000, 0.250000, -0.690575
1.400000, 0.250000, -0.674672
1.450000, 0.250000, -0.673681
1.500000, 0.250000, -0.685731
1.550000, 0.250000, -0.708293
1.600000, 0.250000, -0.738527
1.650000, 0.250000, -0.773653
1.700000, 0.250000, -0.811277
1.750000, 0.250000, -0.849666
1.800000, 0.250000, -0.887917
1.850000, 0.250000, -0.926024
1.900000, 0.250000, -0.964829
1.950000, 0.250000, -1.005854
2.000000, 0.250000, -1.051046
0.000000, 0.300000, -0.078848
0.050000, 0.300000, -0.101872
0.100000, 0.300000, -0.138592
0.150000, 0.300000, -0.191238
0.200000, 0.300000, -0.261067
0.250000, 0.300000, -0.348127
0.300000, 0.300000, -0.451117
0.350000, 0.300000, -0.567379
0.400000, 0.300000, -0.693017
0.450000, 0.300000, -0.823137
0.500000, 0.300000, -0.952179
0.550000, 0.300000, -1.074339
0.600000, 0.300000, -1.184005
0.650000, 0.300000, -1.276204
0.700000, 0.300000, -1.346991
0.750000, 0.300000, -1.393764
0.800000, 0.300000, -1.415464
0.850000, 0.300000, -1.412645
0.900000, 0.300000, -1.387407
0.950000, 0.300000, -1.343206
1.000000, 0.300000, -1.284543
1.050000, 0.300000, -1.216578
1.100000, 0.300000, -1.144695
1.150000, 0.300000, -1.074063
1.200000, 0.300000, -1.009228
1.250000, 0.300000, -0.953778
1.300000, 0.300000, -0.910114
1.350000, 0.300000, -0.879333
1.400000, 0.300000, -0.861244
1.450000, 0.300000, -0.854505
1.500000, 0.300000, -0.856869
1.550000, 0.300000, -0.865506
1.600000, 0.300000, -0.877368
1.650000, 0.300000, -0.889569
1.700000, 0.300000, -0.899721
1.750000, 0.300000, -0.906208
1.800000, 0.300000, -0.908368
1.850000, 0.300000, -0.906555
1.900000, 0.300000, -0.902086
1.950000, 0.300000, -0.897073
2.000000, 0.300000, -0.894158
0.000000, 0.350000, -0.185531
0.050000, 0.350000, -0.201439
0.100000, 0.350000, -0.229006
0.150000, 0.350000, -0.271102
0.200000, 0.350000, -0.329639
0.250000, 0.350000, -0.405296
0.300000, 0.350000, -0.497365
0.350000, 0.350000, -0.603712
0.400000, 0.350000, -0.720878
0.450000, 0.350000, -0.844295
0.500000, 0.350000, -0.968619
0.550000, 0.350000, -1.088124
0.600000, 0.350000, -1.197152
0.650000, 0.350000, -1.290553
0.700000, 0.350000, -1.364081
0.750000, 0.350000, -1.414721
0.800000, 0.350000, -1.440907
0.850000, 0.350000, -1.442607
0.900000, 0.350000, -1.421284
0.950000, 0.350000, -1.379728
1.000000, 0.350000, -1.321774
1.050000, 0.350000, -1.251941
1.100000, 0.350000, -1.175029
1.150000, 0.350000, -1.095702
1.200000, 0.350000, -1.018104
1.250000, 0.350000, -0.945552
1.300000, 0.350000, -0.880316
1.350000, 0.350000, -0.823517
1.400000, 0.350000, -0.775157
1.450000, 0.350000, -0.734250
1.500000, 0.350000, -0.699071
1.550000, 0.350000, -0.667467
1.600000, 0.350000, -0.637209
1.650000, 0.350000, -0.606351
1.700000, 0.350000, -0.573542
1.750000, 0.350000, -0.538276
1.800000, 0.350000, -0.501037
1.850000, 0.350000, -0.463328
1.900000, 0.350000, -0.427587
1.950000, 0.350000, -0.396977
2.000000, 0.350000, -0.375088
0.000000, 0.400000, -0.164955
0.050000, 0.400000, -0.170931
0.100000, 0.400000, -0.186647
0.150000, 0.400000, -0.215935
0.200000, 0.400000, -0.261628
0.250000, 0.400000, -0.325245
0.300000, 0.400000, -0.406787
0.350000, 0.400000, -0.504662
0.400000, 0.400000, -0.615754
0.450000, 0.400000, -0.735630
0.500000, 0.400000, -0.858855
0.550000, 0.400000, -0.979401
0.600000, 0.400000, -1.091104
0.650000, 0.400000, -1.188131
0.700000, 0.400000, -1.265419
0.750000, 0.400000, -1.319035
0.800000, 0.400000, -1.346447
0.850000, 0.400000, -1.346664
0.900000, 0.400000, -1.320249
0.950000, 0.400000, -1.269203
1.000000, 0.400000, -1.196734
1.050000, 0.400000, -1.106942
1.100000, 0.400000, -1.004447
1.150000, 0.400000, -0.893999
1.200000, 0.400000, -0.780115
1.250000, 0.400000, -0.666766
1.300000, 0.400000, -0.557150
1.350000, 0.400000, -0.453572
1.400000, 0.400000, -0.357429
1.450000, 0.400000, -0.269302
1.500000, 0.400000, -0.189149
1.550000, 0.400000, -0.116545
1.600000, 0.400000, -0.050978
1.650000, 0.400000, 0.007879
1.700000, 0.400000, 0.059912
1.750000, 0.400000, 0.104397
1.800000, 0.400000, 0.139909
1.850000, 0.400000, 0.164349
1.900000, 0.400000, 0.175074
1.950000, 0.400000, 0.169133
2.000000, 0.400000, 0.143575
0.000000, 0.450000, -0.039962
0.050000, 0.450000, -0.033046
0.100000, 0.450000, -0.034181
0.150000, 0.450000, -0.048503
0.200000, 0.450000, -0.080044
0.250000, 0.450000, -0.131336
0.300000, 0.450000, -0.203137
0.350000, 0.450000, -0.294310
0.400000, 0.450000, -0.401861
0.450000, 0.450000, -0.521132
0.500000, 0.450000, -0.646137
0.550000, 0.450000, -0.769998
0.600000, 0.450000, -0.885461
0.650000, 0.450000, -0.985432
0.700000, 0.450000, -1.063498
0.750000, 0.450000, -1.114386
0.800000, 0.450000, -1.134321
0.850000, 0.450000, -1.121265
0.900000, 0.450000, -1.075012
0.950000, 0.450000, -0.997148
1.000000, 0.450000, -0.890871
1.050000, 0.450000, -0.760714
1.100000, 0.450000, -0.612182
1.150000, 0.450000, -0.451350
1.200000, 0.450000, -0.284454
1.250000, 0.450000, -0.117519
1.300000, 0.450000, 0.043956
1.350000, 0.450000, 0.195223
1.400000, 0.450000, 0.332419
1.450000, 0.450000, 0.452595
1.500000, 0.450000, 0.553661
1.550000, 0.450000, 0.634257
1.600000, 0.450000, 0.693584
1.650000, 0.450000, 0.731212
1.700000, 0.450000, 0.746912
1.750000, 0.450000, 0.740521
1.800000, 0.450000, 0.711874
1.850000, 0.450000, 0.660809
1.900000, 0.450000, 0.587252
1.950000, 0.450000, 0.491363
2.000000, 0.450000, 0.373744
0.000000, 0.500000, 0.141386
0.050000, 0.500000, 0.164223
0.100000, 0.500000, 0.180358
0.150000, 0.500000, 0.182984
0.200000, 0.500000, 0.166607
0.250000, 0.500000, 0.127557
0.300000, 0.500000, 0.064357
0.350000, 0.500000, -0.022096
0.400000, 0.500000, -0.128548
0.450000, 0.500000, -0.249600
0.500000, 0.500000, -0.378090
0.550000, 0.500000, -0.505633
0.600000, 0.500000, -0.623246
0.650000, 0.500000, -0.722028
0.700000, 0.500000, -0.793836
0.750000, 0.500000, -0.831892
0.800000, 0.500000, -0.831291
0.850000, 0.500000, -0.789361
0.900000, 0.500000, -0.705853
0.950000, 0.500000, -0.582958
1.000000, 0.500000, -0.425146
1.050000, 0.500000, -0.238854
1.100000, 0.500000, -0.032049
1.150000, 0.500000, 0.186294
1.200000, 0.500000, 0.406750
1.250000, 0.500000, 0.620008
1.300000, 0.500000, 0.817380
1.350000, 0.500000, 0.991242
1.400000, 0.500000, 1.135362
1.450000, 0.500000, 1.245114
1.500000, 0.500000, 1.317576
1.550000, 0.500000, 1.351505
1.600000, 0.500000, 1.347230
1.650000, 0.500000, 1.306459
1.700000, 0.500000, 1.232052
1.750000, 0.500000, 1.127775
1.800000, 0.500000, 0.998057
1.850000, 0.500000, 0.847784
1.900000, 0.500000, 0.682123
1.950000, 0.500000, 0.506405
2.000000, 0.500000, 0.326038
0.000000, 0.550000, 0.316866
0.050000, 0.550000, 0.358646
0.100000, 0.550000, 0.394623
0.150000, 0.550000, 0.415939
0.200000, 0.550000, 0.415394
0.250000, 0.550000, 0.388122
0.300000, 0.550000, 0.332078
0.350000, 0.550000, 0.248279
0.400000, 0.550000, 0.140786
0.450000, 0.550000, 0.016420
0.500000, 0.550000, -0.115753
0.550000, 0.550000, -0.245131
0.600000, 0.550000, -0.360423
0.650000, 0.550000, -0.450565
0.700000, 0.550000, -0.505619
0.750000, 0.550000, -0.517602
0.800000, 0.550000, -0.481159
0.850000, 0.550000, -0.394040
0.900000, 0.550000, -0.257346
0.950000, 0.550000, -0.075514
1.000000, 0.550000, 0.143946
1.050000, 0.550000, 0.390932
1.100000, 0.550000, 0.653428
1.150000, 0.550000, 0.918303
1.200000, 0.550000, 1.172189
1.250000, 0.550000, 1.402345
1.300000, 0.550000, 1.597477
1.350000, 0.550000, 1.748422
1.400000, 0.550000, 1.848672
1.450000, 0.550000, 1.894704
1.500000, 0.550000, 1.886087
1.550000, 0.550000, 1.825391
1.600000, 0.550000, 1.717895
1.650000, 0.550000, 1.571136
1.700000, 0.550000, 1.394342
1.750000, 0.550000, 1.197792
1.800000, 0.550000, 0.992155
1.850000, 0.550000, 0.787856
1.900000, 0.550000, 0.594512
1.950000, 0.550000, 0.420469
2.000000, 0.550000, 0.272462
0.000000, 0.600000, 0.424254
0.050000, 0.600000, 0.487919
0.100000, 0.600000, 0.546119
0.150000, 0.600000, 0.587562
0.200000, 0.600000, 0.603131
0.250000, 0.600000, 0.586791
0.300000, 0.600000, 0.536210
0.350000, 0.600000, 0.453049
0.400000, 0.600000, 0.342881
0.450000, 0.600000, 0.214755
0.500000, 0.600000, 0.080432
0.550000, 0.600000, -0.046625
0.600000, 0.600000, -0.152442
0.650000, 0.600000, -0.223778
0.700000, 0.600000, -0.249340
0.750000, 0.600000, -0.220841
0.800000, 0.600000, -0.133820
0.850000, 0.600000, 0.011839
0.900000, 0.600000, 0.211764
0.950000, 0.600000, 0.457303
1.000000, 0.600000, 0.736100
1.050000, 0.600000, 1.032977
1.100000, 0.600000, 1.331047
1.150000, 0.600000, 1.612977
1.200000, 0.600000, 1.862286
1.250000, 0.600000, 2.064581
1.300000, 0.600000, 2.208625
1.350000, 0.600000, 2.287151
1.400000, 0.600000, 2.297362
1.450000, 0.600000, 2.241081
1.500000, 0.600000, 2.124535
1.550000, 0.600000, 1.957811
1.600000, 0.600000, 1.754010
1.650000, 0.600000, 1.528204
1.700000, 0.600000, 1.296253
1.750000, 0.600000, 1.073607
1.800000, 0.600000, 0.874167
1.850000, 0.600000, 0.709318
1.900000, 0.600000, 0.587194
1.950000, 0.600000, 0.512227
2.000000, 0.600000, 0.485026
0.000000, 0.650000, 0.415488
0.050000, 0.650000, 0.503822
0.100000, 0.650000, 0.586368
0.150000, 0.650000, 0.649012
0.200000, 0.650000, 0.680560
0.250000, 0.650000, 0.673933
0.300000, 0.650000, 0.626942
0.350000, 0.650000, 0.542579
0.400000, 0.650000, 0.428784
0.450000, 0.650000, 0.297715
0.500000, 0.650000, 0.164581
0.550000, 0.650000, 0.046164
0.600000, 0.650000, -0.040848
0.650000, 0.650000, -0.081540
0.700000, 0.650000, -0.064322
0.750000, 0.650000, 0.017823
0.800000, 0.650000, 0.166497
0.850000, 0.650000, 0.377531
0.900000, 0.650000, 0.641179
0.950000, 0.650000, 0.942817
1.000000, 0.650000, 1.264108
1.050000, 0.650000, 1.584525
1.100000, 0.650000, 1.883077
1.150000, 0.650000, 2.140113
1.200000, 0.650000, 2.338997
1.250000, 0.650000, 2.467541
1.300000, 0.650000, 2.519035
1.350000, 0.650000, 2.492792
1.400000, 0.650000, 2.394161
1.450000, 0.650000, 2.234005
1.500000, 0.650000, 2.027689
1.550000, 0.650000, 1.793684
1.600000, 0.650000, 1.551906
1.650000, 0.650000, 1.321956
1.700000, 0.650000, 1.121415
1.750000, 0.650000, 0.964353
1.800000, 0.650000, 0.860189
1.850000, 0.650000, 0.813015
1.900000, 0.650000, 0.821413
1.950000, 0.650000, 0.878818
2.000000, 0.650000, 0.974348
0.000000, 0.700000, 0.267726
0.050000, 0.700000, 0.383287
0.100000, 0.700000, 0.491978
0.150000, 0.700000, 0.576484
0.200000, 0.700000, 0.623435
0.250000, 0.700000, 0.624950
0.300000, 0.700000, 0.579569
0.350000, 0.700000, 0.492465
0.400000, 0.700000, 0.374911
0.450000, 0.700000, 0.243063
0.500000, 0.700000, 0.116187
0.550000, 0.700000, 0.014523
0.600000, 0.700000, -0.042996
0.650000, 0.700000, -0.040908
0.700000, 0.700000, 0.030947
0.750000, 0.700000, 0.176147
0.800000, 0.700000, 0.391078
0.850000, 0.700000, 0.665082
0.900000, 0.700000, 0.981342
0.950000, 0.700000, 1.318419
1.000000, 0.700000, 1.652286
1.050000, 0.700000, 1.958641
1.100000, 0.700000, 2.215269
1.150000, 0.700000, 2.404201
1.200000, 0.700000, 2.513443
1.250000, 0.700000, 2.538110
1.300000, 0.700000, 2.480836
1.350000, 0.700000, 2.351417
1.400000, 0.700000, 2.165749
1.450000, 0.700000, 1.944145
1.500000, 0.700000, 1.709241
1.550000, 0.700000, 1.483687
1.600000, 0.700000, 1.287882
1.650000, 0.700000, 1.137979
1.700000, 0.700000, 1.044382
1.750000, 0.700000, 1.010869
1.800000, 0.700000, 1.034441
1.850000, 0.700000, 1.105905
1.900000, 0.700000, 1.211117
1.950000, 0.700000, 1.332740
2.000000, 0.700000, 1.452339
0.000000, 0.750000, -0.011121
0.050000, 0.750000, 0.133932
0.100000, 0.750000, 0.270188
0.150000, 0.750000, 0.376766
0.200000, 0.750000, 0.438087
0.250000, 0.750000, 0.445850
0.300000, 0.750000, 0.400072
0.350000, 0.750000, 0.309101
0.400000, 0.750000, 0.188571
0.450000, 0.750000, 0.059451
0.500000, 0.750000, -0.054592
0.550000, 0.750000, -0.130183
0.600000, 0.750000, -0.147219
0.650000, 0.750000, -0.091486
0.700000, 0.750000, 0.043423
0.750000, 0.750000, 0.255105
0.800000, 0.750000, 0.532395
0.850000, 0.750000, 0.856458
0.900000, 0.750000, 1.202794
0.950000, 0.750000, 1.543923
1.000000, 0.750000, 1.852417
1.050000, 0.750000, 2.103939
1.100000, 0.750000, 2.279910
1.150000, 0.750000, 2.369501
1.200000, 0.750000, 2.370716
1.250000, 0.750000, 2.290447
1.300000, 0.750000, 2.143498
1.350000, 0.750000, 1.950720
1.400000, 0.750000, 1.736466
1.450000, 0.750000, 1.525712
1.500000, 0.750000, 1.341151
1.550000, 0.750000, 1.200651
1.600000, 0.750000, 1.115349
1.650000, 0.750000, 1.088614
1.700000, 0.750000, 1.115985
1.750000, 0.750000, 1.186086
1.800000, 0.750000, 1.282372
1.850000, 0.750000, 1.385507
1.900000, 0.750000, 1.476032
1.950000, 0.750000, 1.537028
2.000000, 0.750000, 1.556412
0.000000, 0.800000, -0.383602
0.050000, 0.800000, -0.207143
0.100000, 0.800000, -0.042329
0.150000, 0.800000, 0.086044
0.200000, 0.800000, 0.160251
0.250000, 0.800000, 0.172084
0.300000, 0.800000, 0.123954
0.350000, 0.800000, 0.028497
0.400000, 0.800000, -0.093258
0.450000, 0.800000, -0.214902
0.500000, 0.800000, -0.308409
0.550000, 0.800000, -0.348157
0.600000, 0.800000, -0.314617
0.650000, 0.800000, -0.197230
0.700000, 0.800000, 0.003937
0.750000, 0.800000, 0.277977
0.800000, 0.800000, 0.604399
0.850000, 0.800000, 0.955674
0.900000, 0.800000, 1.300726
0.950000, 0.800000, 1.608883
1.000000, 0.800000, 1.853755
1.050000, 0.800000, 2.016512
1.100000, 0.800000, 2.088114
1.150000, 0.800000, 2.070225
1.200000, 0.800000, 1.974679
1.250000, 0.800000, 1.821612
1.300000, 0.800000, 1.636525
1.350000, 0.800000, 1.446699
1.400000, 0.800000, 1.277483
1.450000, 0.800000, 1.148941
1.500000, 0.800000, 1.073358
1.550000, 0.800000, 1.053895
1.600000, 0.800000, 1.084602
1.650000, 0.800000, 1.151728
1.700000, 0.800000, 1.236147
1.750000, 0.800000, 1.316512
1.800000, 0.800000, 1.372699
1.850000, 0.800000, 1.389012
1.900000, 0.800000, 1.356713
1.950000, 0.800000, 1.275497
2.000000, 0.800000, 1.153718
0.000000, 0.850000, -0.790437
0.050000, 0.850000, -0.581055
0.100000, 0.850000, -0.387157
0.150000, 0.850000, -0.237769
0.200000, 0.850000, -0.152609
0.250000, 0.850000, -0.139117
0.300000, 0.850000, -0.191418
0.350000, 0.850000, -0.291394
0.400000, 0.850000, -0.411667
0.450000, 0.850000, -0.520037
0.500000, 0.850000, -0.584671
0.550000, 0.850000, -0.579230
0.600000, 0.850000, -0.487149
0.650000, 0.850000, -0.304388
0.700000, 0.850000, -0.040251
0.750000, 0.850000, 0.283848
0.800000, 0.850000, 0.637483
0.850000, 0.850000, 0.985663
0.900000, 0.850000, 1.293954
0.950000, 0.850000, 1.533461
1.000000, 0.850000, 1.684911
1.050000, 0.850000, 1.741207
1.100000, 0.850000, 1.708091
1.150000, 0.850000, 1.602826
1.200000, 0.850000, 1.451144
1.250000, 0.850000, 1.282957
1.300000, 0.850000, 1.127546
1.350000, 0.850000, 1.008980
1.400000, 0.850000, 0.942501
1.450000, 0.850000, 0.932449
1.500000, 0.850000, 0.972013
1.550000, 0.850000, 1.044854
1.600000, 0.850000, 1.128292
1.650000, 0.850000, 1.197527
1.700000, 0.850000, 1.230192
1.750000, 0.850000, 1.210487
1.800000, 0.850000, 1.132202
1.850000, 0.850000, 1.000148
1.900000, 0.850000, 0.829735
1.950000, 0.850000, 0.644773
2.000000, 0.850000, 0.473838
0.000000, 0.900000, -1.163048
0.050000, 0.900000, -0.919666
0.100000, 0.900000, -0.696652
0.150000, 0.900000, -0.527540
0.200000, 0.900000, -0.433782
0.250000, 0.900000, -0.421216
0.300000, 0.900000, -0.479295
0.350000, 0.900000, -0.583186
0.400000, 0.900000, -0.698367
0.450000, 0.900000, -0.786899
0.500000, 0.900000, -0.814277
0.550000, 0.900000, -0.755651
0.600000, 0.900000, -0.600338
0.650000, 0.900000, -0.353854
0.700000, 0.900000, -0.037106
0.750000, 0.900000, 0.317071
0.800000, 0.900000, 0.669420
0.850000, 0.900000, 0.980840
0.900000, 0.900000, 1.218853
0.950000, 0.900000, 1.362856
1.000000, 0.900000, 1.407223
1.050000, 0.900000, 1.361770
1.100000, 0.900000, 1.249501
1.150000, 0.900000, 1.102100
1.200000, 0.900000, 0.953983
1.250000, 0.900000, 0.836003
1.300000, 0.900000, 0.769945
1.350000, 0.900000, 0.764796
1.400000, 0.900000, 0.815445
1.450000, 0.900000, 0.904055
1.500000, 0.900000, 1.003809
1.550000, 0.900000, 1.084361
1.600000, 0.900000, 1.117977
1.650000, 0.900000, 1.085237
1.700000, 0.900000, 0.979235
1.750000, 0.900000, 0.807515
1.800000, 0.900000, 0.591339
1.850000, 0.900000, 0.362409
1.900000, 0.900000, 0.157601
1.950000, 0.900000, 0.012642
2.000000, 0.900000, -0.044153
0.000000, 0.950000, -1.438194
0.050000, 0.950000, -1.160204
0.100000, 0.950000, -0.908551
0.150000, 0.950000, -0.721516
0.200000, 0.950000, -0.621903
0.250000, 0.950000, -0.612959
0.300000, 0.950000, -0.678131
0.350000, 0.950000, -0.784667
0.400000, 0.950000, -0.890358
0.450000, 0.950000, -0.952072
0.500000, 0.950000, -0.934420
0.550000, 0.950000, -0.816856
0.600000, 0.950000, -0.597837
0.650000, 0.950000, -0.295254
0.700000, 0.950000, 0.056934
0.750000, 0.950000, 0.415162
0.800000, 0.950000, 0.734539
0.850000, 0.950000, 0.977310
0.900000, 0.950000, 1.119818
0.950000, 0.950000, 1.156640
1.000000, 0.950000, 1.101079
1.050000, 0.950000, 0.981972
1.100000, 0.950000, 0.837473
1.150000, 0.950000, 0.707083
1.200000, 0.950000, 0.623541
1.250000, 0.950000, 0.606200
1.300000, 0.950000, 0.657230
1.350000, 0.950000, 0.761411
1.400000, 0.950000, 0.889535
1.450000, 0.950000, 1.004763
1.500000, 0.950000, 1.070631
1.550000, 0.950000, 1.059099
1.600000, 0.950000, 0.957005
1.650000, 0.950000, 0.769597
1.700000, 0.950000, 0.520405
1.750000, 0.950000, 0.247410
1.800000, 0.950000, -0.003758
1.850000, 0.950000, -0.188294
1.900000, 0.950000, -0.270707
1.950000, 0.950000, -0.231654
2.000000, 0.950000, -0.071767
0.000000, 1.000000, -1.571532
0.050000, 1.000000, -1.258810
0.100000, 1.000000, -0.979509
0.150000, 1.000000, -0.776844
0.200000, 1.000000, -0.674464
0.250000, 1.000000, -0.671876
0.300000, 1.000000, -0.745096
0.350000, 1.000000, -0.852341
0.400000, 1.000000, -0.943517
0.450000, 1.000000, -0.971423
0.500000, 1.000000, -0.902236
0.550000, 1.000000, -0.723024
0.600000, 1.000000, -0.444668
0.650000, 1.000000, -0.099590
0.700000, 1.000000, 0.265173
0.750000, 1.000000, 0.598027
0.800000, 1.000000, 0.853784
0.850000, 1.000000, 1.003131
0.900000, 1.000000, 1.038558
0.950000, 1.000000, 0.975451
1.000000, 1.000000, 0.848158
1.050000, 1.000000, 0.701913
1.100000, 1.000000, 0.582439
1.150000, 1.000000, 0.525529
1.200000, 1.000000, 0.548940
1.250000, 1.000000, 0.648398
1.300000, 1.000000, 0.798616
1.350000, 1.000000, 0.959114
1.400000, 1.000000, 1.083581
1.450000, 1.000000, 1.130704
1.500000, 1.000000, 1.074083
1.550000, 1.000000, 0.909016
1.600000, 1.000000, 0.654609
1.650000, 1.000000, 0.350709
1.700000, 1.000000, 0.050241
1.750000, 1.000000, -0.191418
1.800000, 1.000000, -0.327776
1.850000, 1.000000, -0.330825
1.900000, 1.000000, -0.196836
1.950000, 1.000000, 0.052915
2.000000, 1.000000, 0.376657
0.000000, 1.050000, -1.547138
0.050000, 1.050000, -1.200054
0.100000, 1.050000, -0.894602
0.150000, 1.050000, -0.679065
0.200000, 1.050000, -0.577294
0.250000, 1.050000, -0.583756
0.300000, 1.050000, -0.665556
0.350000, 1.050000, -0.770933
0.400000, 1.050000, -0.842150
0.450000, 1.050000, -0.829691
0.500000, 1.050000, -0.704369
0.550000, 1.050000, -0.464463
0.600000, 1.050000, -0.136216
0.650000, 1.050000, 0.232401
0.700000, 1.050000, 0.583103
0.750000, 1.050000, 0.861124
0.800000, 1.050000, 1.028115
0.850000, 1.050000, 1.071002
0.900000, 1.050000, 1.004680
0.950000, 1.050000, 0.867919
1.000000, 1.050000, 0.713488
1.050000, 1.050000, 0.594921
1.100000, 1.050000, 0.553140
1.150000, 1.050000, 0.606212
1.200000, 1.050000, 0.744743
1.250000, 1.050000, 0.934065
1.300000, 1.050000, 1.122710
1.350000, 1.050000, 1.255177
1.400000, 1.050000, 1.285900
1.450000, 1.050000, 1.191068
1.500000, 1.050000, 0.975401
1.550000, 1.050000, 0.672206
1.600000, 1.050000, 0.336643
1.650000, 1.050000, 0.033721
1.700000, 1.050000, -0.176151
1.750000, 1.050000, -0.250669
1.800000, 1.050000, -0.175005
1.850000, 1.050000, 0.035162
1.900000, 1.050000, 0.337661
1.950000, 1.050000, 0.673932
2.000000, 1.050000, 0.982813
0.000000, 1.100000, -1.380935
0.050000, 1.100000, -1.000345
0.100000, 1.100000, -0.670725
0.150000, 1.100000, -0.445496
0.200000, 1.100000, -0.347936
0.250000, 1.100000, -0.366021
0.300000, 1.100000, -0.456461
0.350000, 1.100000, -0.556809
0.400000, 1.100000, -0.602443
0.450000, 1.100000, -0.543948
0.500000, 1.100000, -0.360351
0.550000, 1.100000, -0.064755
0.600000, 1.100000, 0.299066
0.650000, 1.100000, 0.668166
0.700000, 1.100000, 0.976944
0.750000, 1.100000, 1.174308
0.800000, 1.100000, 1.236930
0.850000, 1.100000, 1.175098
0.900000, 1.100000, 1.029623
0.950000, 1.100000, 0.860632
1.000000, 1.100000, 0.731227
1.050000, 1.100000, 0.690352
1.100000, 1.100000, 0.759430
1.150000, 1.100000, 0.926334
1.200000, 1.100000, 1.148350
1.250000, 1.100000, 1.363392
1.300000, 1.100000, 1.506565
1.350000, 1.100000, 1.527732
1.400000, 1.100000, 1.405482
1.450000, 1.100000, 1.153781
1.500000, 1.100000, 0.819523
1.550000, 1.100000, 0.471558
1.600000, 1.100000, 0.183995
1.650000, 1.100000, 0.018095
1.700000, 1.100000, 0.007413
1.750000, 1.100000, 0.150028
1.800000, 1.100000, 0.409839
1.850000, 1.100000, 0.726545
1.900000, 1.100000, 1.031659
1.950000, 1.100000, 1.266366
2.000000, 1.100000, 1.396548
0.000000, 1.150000, -1.117268
0.050000, 1.150000, -0.704495
0.100000, 1.150000, -0.353144
0.150000, 1.150000, -0.121782
0.200000, 1.150000, -0.032183
0.250000, 1.150000, -0.064264
0.300000, 1.150000, -0.162890
0.350000, 1.150000, -0.254542
0.400000, 1.150000, -0.269056
0.450000, 1.150000, -0.160176
0.500000, 1.150000, 0.080931
0.550000, 1.150000, 0.423060
0.600000, 1.150000, 0.803935
0.650000, 1.150000, 1.148141
0.700000, 1.150000, 1.388814
0.750000, 1.150000, 1.486838
0.800000, 1.150000, 1.441980
0.850000, 1.150000, 1.292773
0.900000, 1.150000, 1.105161
0.950000, 1.150000, 0.953182
1.000000, 1.150000, 0.897255
1.050000, 1.150000, 0.966363
1.100000, 1.150000, 1.149273
1.150000, 1.150000, 1.397410
1.200000, 1.150000, 1.638599
1.250000, 1.150000, 1.797812
1.300000, 1.150000, 1.819000
1.350000, 1.150000, 1.681786
1.400000, 1.150000, 1.408212
1.450000, 1.150000, 1.057591
1.500000, 1.150000, 0.710873
1.550000, 1.150000, 0.448936
1.600000, 1.150000, 0.330939
1.650000, 1.150000, 0.378831
1.700000, 1.150000, 0.572384
1.750000, 1.150000, 0.856070
1.800000, 1.150000, 1.155752
1.850000, 1.150000, 1.400367
1.900000, 1.150000, 1.542352
1.950000, 1.150000, 1.570985
2.000000, 1.150000, 1.514835
0.000000, 1.200000, -0.819376
0.050000, 1.200000, -0.376182
0.100000, 1.200000, -0.005953
0.150000, 1.200000, 0.227672
0.200000, 1.200000, 0.305490
0.250000, 1.200000, 0.257320
0.300000, 1.200000, 0.151503
0.350000, 1.200000, 0.072612
0.400000, 1.200000, 0.094385
0.450000, 1.200000, 0.256277
0.500000, 1.200000, 0.550944
0.550000, 1.200000, 0.926502
0.600000, 1.200000, 1.302801
0.650000, 1.200000, 1.596582
0.700000, 1.200000, 1.747613
0.750000, 1.200000, 1.737610
0.800000, 1.200000, 1.595991
0.850000, 1.200000, 1.390647
0.900000, 1.200000, 1.206601
0.950000, 1.200000, 1.119196
1.000000, 1.200000, 1.170223
1.050000, 1.200000, 1.354451
1.100000, 1.200000, 1.620846
1.150000, 1.200000, 1.888156
1.200000, 1.200000, 2.070093
1.250000, 1.200000, 2.102328
1.300000, 1.200000, 1.962931
1.350000, 1.200000, 1.679932
1.400000, 1.200000, 1.323609
1.450000, 1.200000, 0.985904
1.500000, 1.200000, 0.753286
1.550000, 1.200000, 0.681442
1.600000, 1.200000, 0.779575
1.650000, 1.200000, 1.009093
1.700000, 1.200000, 1.296994
1.750000, 1.200000, 1.559685
1.800000, 1.200000, 1.729752
1.850000, 1.200000, 1.777298
1.900000, 1.200000, 1.719180
1.950000, 1.200000, 1.613287
2.000000, 1.200000, 1.539681
0.000000, 1.250000, -0.555839
0.050000, 1.250000, -0.084383
0.100000, 1.250000, 0.301511
0.150000, 1.250000, 0.533282
0.200000, 1.250000, 0.595512
0.250000, 1.250000, 0.529523
0.300000, 1.250000, 0.418058
0.350000, 1.250000, 0.356270
0.400000, 1.250000, 0.418840
0.450000, 1.250000, 0.634318
0.500000, 1.250000, 0.975307
0.550000, 1.250000, 1.367764
0.600000, 1.250000, 1.716202
0.650000, 1.250000, 1.936232
0.700000, 1.250000, 1.983387
0.750000, 1.250000, 1.868447
0.800000, 1.250000, 1.654030
0.850000, 1.250000, 1.433566
0.900000, 1.250000, 1.299727
0.950000, 1.250000, 1.312961
1.000000, 1.250000, 1.480787
1.050000, 1.250000, 1.754879
1.100000, 1.250000, 2.046994
1.150000, 1.250000, 2.258474
1.200000, 1.250000, 2.313433
1.250000, 1.250000, 2.184527
1.300000, 1.250000, 1.902656
1.350000, 1.250000, 1.547363
1.400000, 1.250000, 1.221141
1.450000, 1.250000, 1.016278
1.500000, 1.250000, 0.985353
1.550000, 1.250000, 1.125223
1.600000, 1.250000, 1.379804
1.650000, 1.250000, 1.660587
1.700000, 1.250000, 1.877863
1.750000, 1.250000, 1.972039
1.800000, 1.250000, 1.934396
1.850000, 1.250000, 1.810265
1.900000, 1.250000, 1.683515
1.950000, 1.250000, 1.647605
2.000000, 1.250000, 1.773007
0.000000, 1.300000, -0.385936
0.050000, 1.300000, 0.111270
0.100000, 1.300000, 0.509315
0.150000, 1.300000, 0.734944
0.200000, 1.300000, 0.777883
0.250000, 1.300000, 0.692777
0.300000, 1.300000, 0.577759
0.350000, 1.300000, 0.537544
0.400000, 1.300000, 0.644493
0.450000, 1.300000, 0.911829
0.500000, 1.300000, 1.288716
0.550000, 1.300000, 1.678933
0.600000, 1.300000, 1.976283
0.650000, 1.300000, 2.103762
0.700000, 1.300000, 2.042150
0.750000, 1.300000, 1.837535
0.800000, 1.300000, 1.584979
0.850000, 1.300000, 1.394192
0.900000, 1.300000, 1.349706
0.950000, 1.300000, 1.480029
1.000000, 1.300000, 1.747042
1.050000, 1.300000, 2.059561
1.100000, 1.300000, 2.306204
1.150000, 1.300000, 2.395700
1.200000, 1.300000, 2.290074
1.250000, 1.300000, 2.018693
1.300000, 1.300000, 1.668130
1.350000, 1.300000, 1.351552
1.400000, 1.300000, 1.168755
1.450000, 1.300000, 1.171342
1.500000, 1.300000, 1.345634
1.550000, 1.300000, 1.619425
1.600000, 1.300000, 1.890028
1.650000, 1.300000, 2.063256
1.700000, 1.300000, 2.089071
1.750000, 1.300000, 1.980812
1.800000, 1.300000, 1.810922
1.850000, 1.300000, 1.684700
1.900000, 1.300000, 1.701579
1.950000, 1.300000, 1.918059
2.000000, 1.300000, 2.325829
0.000000, 1.350000, -0.347118
0.050000, 1.350000, 0.173038
0.100000, 1.350000, 0.579485
0.150000, 1.350000, 0.794592
0.200000, 1.350000, 0.814732
0.250000, 1.350000, 0.709710
0.300000, 1.350000, 0.593762
0.350000, 1.350000, 0.579564
0.400000, 1.350000, 0.733293
0.450000, 1.350000, 1.048319
0.500000, 1.350000, 1.447800
0.550000, 1.350000, 1.815100
0.600000, 1.350000, 2.040031
0.650000, 1.350000, 2.062741
0.700000, 1.350000, 1.897953
0.750000, 1.350000, 1.629978
0.800000, 1.350000, 1.380376
0.850000, 1.350000, 1.260848
0.900000, 1.350000, 1.329778
0.950000, 1.350000, 1.569431
1.000000, 1.350000, 1.892762
1.050000, 1.350000, 2.177250
1.100000, 1.350000, 2.312593
1.150000, 1.350000, 2.243708
1.200000, 1.350000, 1.992296
1.250000, 1.350000, 1.648622
1.300000, 1.350000, 1.336773
1.350000, 1.350000, 1.167026
1.400000, 1.350000, 1.193937
1.450000, 1.350000, 1.396528
1.500000, 1.350000, 1.688212
1.550000, 1.350000, 1.952504
1.600000, 1.350000, 2.090392
1.650000, 1.350000, 2.060717
1.700000, 1.350000, 1.897633
1.750000, 1.350000, 1.698194
1.800000, 1.350000, 1.584848
1.850000, 1.350000, 1.657458
1.900000, 1.350000, 1.953602
1.950000, 1.350000, 2.432724
2.000000, 1.350000, 2.990400
0.000000, 1.400000, -0.447295
0.050000, 1.400000, 0.092783
0.100000, 1.400000, 0.503723
0.150000, 1.400000, 0.703921
0.200000, 1.400000, 0.698036
0.250000, 1.400000, 0.572859
0.300000, 1.400000, 0.459097
0.350000, 1.400000, 0.475170
0.400000, 1.400000, 0.676683
0.450000, 1.400000, 1.032761
0.500000, 1.400000, 1.439166
0.550000, 1.400000, 1.762596
0.600000, 1.400000, 1.897488
0.650000, 1.400000, 1.811356
0.700000, 1.400000, 1.559530
0.750000, 1.400000, 1.262971
0.800000, 1.400000, 1.058406
0.850000, 1.400000, 1.041616
0.900000, 1.400000, 1.227674
0.950000, 1.400000, 1.544801
1.000000, 1.400000, 1.864475
1.050000, 1.400000, 2.055219
1.100000, 1.400000, 2.037589
1.150000, 1.400000, 1.817380
1.200000, 1.400000, 1.483220
1.250000, 1.400000, 1.169646
1.300000, 1.400000, 1.001223
1.350000, 1.400000, 1.041183
1.400000, 1.400000, 1.266145
1.450000, 1.400000, 1.577461
1.500000, 1.400000, 1.844364
1.550000, 1.400000, 1.960685
1.600000, 1.400000, 1.891196
1.650000, 1.400000, 1.688013
1.700000, 1.400000, 1.470008
1.750000, 1.400000, 1.373773
1.800000, 1.400000, 1.496617
1.850000, 1.400000, 1.855467
1.900000, 1.400000, 2.378916
1.950000, 1.400000, 2.935787
2.000000, 1.400000, 3.388310
0.000000, 1.450000, -0.663627
0.050000, 1.450000, -0.106808
0.100000, 1.450000, 0.304629
0.150000, 1.450000, 0.485612
0.200000, 1.450000, 0.450843
0.250000, 1.450000, 0.305880
0.300000, 1.450000, 0.197865
0.350000, 1.450000, 0.248106
0.400000, 1.450000, 0.496837
0.450000, 1.450000, 0.884965
0.500000, 1.450000, 1.280947
0.550000, 1.450000, 1.540657
0.600000, 1.450000, 1.573235
0.650000, 1.450000, 1.383229
0.700000, 1.450000, 1.069955
0.750000, 1.450000, 0.784245
0.800000, 1.450000, 0.661893
0.850000, 1.450000, 0.763592
0.900000, 1.450000, 1.048312
0.950000, 1.450000, 1.392057
1.000000, 1.450000, 1.643626
1.050000, 1.450000, 1.692416
1.100000, 1.450000, 1.517917
1.150000, 1.450000, 1.198788
1.200000, 1.450000, 0.877544
1.250000, 1.450000, 0.696812
1.300000, 1.450000, 0.735839
1.350000, 1.450000, 0.975802
1.400000, 1.450000, 1.309489
1.450000, 1.450000, 1.590954
1.500000, 1.450000, 1.702770
1.550000, 1.450000, 1.610561
1.600000, 1.450000, 1.380189
1.650000, 1.450000, 1.149727
1.700000, 1.450000, 1.068665
1.750000, 1.450000, 1.231514
1.800000, 1.450000, 1.635530
1.850000, 1.450000, 2.181492
1.900000, 1.450000, 2.717163
1.950000, 1.450000, 3.103989
2.000000, 1.450000, 3.277155
0.000000, 1.500000, -0.948050
0.050000, 1.500000, -0.377755
0.100000, 1.500000, 0.030177
0.150000, 1.500000, 0.187802
0.200000, 1.500000, 0.121742
0.250000, 1.500000, -0.041997
0.300000, 1.500000, -0.140325
0.350000, 1.500000, -0.052541
0.400000, 1.500000, 0.241165
0.450000, 1.500000, 0.650205
0.500000, 1.500000, 1.017583
0.550000, 1.500000, 1.196214
0.600000, 1.500000, 1.120864
0.650000, 1.500000, 0.841088
0.700000, 1.500000, 0.499225
0.750000, 1.500000, 0.263858
0.800000, 1.500000, 0.250483
0.850000, 1.500000, 0.467330
0.900000, 1.500000, 0.812240
0.950000, 1.500000, 1.122100
1.000000, 1.500000, 1.251180
1.050000, 1.500000, 1.140922
1.100000, 1.500000, 0.847833
1.150000, 1.500000, 0.516243
1.200000, 1.500000, 0.309100
1.250000, 1.500000, 0.330061
1.300000, 1.500000, 0.574304
1.350000, 1.500000, 0.931661
1.400000, 1.500000, 1.240567
1.450000, 1.500000, 1.366944
1.500000, 1.500000, 1.270106
1.550000, 1.500000, 1.024000
1.600000, 1.500000, 0.783454
1.650000, 1.500000, 0.711439
1.700000, 1.500000, 0.902063
1.750000, 1.500000, 1.336062
1.800000, 1.500000, 1.890013
1.850000, 1.500000, 2.394813
1.900000, 1.500000, 2.715392
1.950000, 1.500000, 2.813514
2.000000, 1.500000, 2.763677
0.000000, 1.550000, -1.238341
0.050000, 1.550000, -0.657838
0.100000, 1.550000, -0.257341
0.150000, 1.550000, -0.126971
0.200000, 1.550000, -0.226204
0.250000, 1.550000, -0.407041
0.300000, 1.550000, -0.491445
0.350000, 1.550000, -0.363420
0.400000, 1.550000, -0.028714
0.450000, 1.550000, 0.388319
0.500000, 1.550000, 0.709030
0.550000, 1.550000, 0.793035
0.600000, 1.550000, 0.611657
0.650000, 1.550000, 0.264599
0.700000, 1.550000, -0.068811
0.750000, 1.550000, -0.219124
0.800000, 1.550000, -0.111462
0.850000, 1.550000, 0.197688
0.900000, 1.550000, 0.550309
0.950000, 1.550000, 0.768085
1.000000, 1.550000, 0.743630
1.050000, 1.550000, 0.495245
1.100000, 1.550000, 0.157385
1.150000, 1.550000, -0.088176
1.200000, 1.550000, -0.105228
1.250000, 1.550000, 0.127448
1.300000, 1.550000, 0.505613
1.350000, 1.550000, 0.853470
1.400000, 1.550000, 1.014405
1.450000, 1.550000, 0.932253
1.500000, 1.550000, 0.681518
1.550000, 1.550000, 0.431008
1.600000, 1.550000, 0.359287
1.650000, 1.550000, 0.564914
1.700000, 1.550000, 1.017109
1.750000, 1.550000, 1.571890
1.800000, 1.550000, 2.045336
1.850000, 1.550000, 2.306548
1.900000, 1.550000, 2.342886
1.950000, 1.550000, 2.264251
2.000000, 1.550000, 2.244331
0.000000, 1.600000, -1.472278
0.050000, 1.600000, -0.884764
0.100000, 1.600000, -0.495484
0.150000, 1.600000, -0.395941
0.200000, 1.600000, -0.529636
0.250000, 1.600000, -0.725218
0.300000, 1.600000, -0.791250
0.350000, 1.600000, -0.621105
0.400000, 1.600000, -0.251089
0.450000, 1.600000, 0.159703
0.500000, 1.600000, 0.416812
0.550000, 1.600000, 0.397596
0.600000, 1.600000, 0.119913
0.650000, 1.600000, -0.265121
0.700000, 1.600000, -0.552560
0.750000, 1.600000, -0.592369
0.800000, 1.600000, -0.368698
0.850000, 1.600000, -0.006817
0.900000, 1.600000, 0.295983
0.950000, 1.600000, 0.378048
1.000000, 1.600000, 0.201281
1.050000, 1.600000, -0.128261
1.100000, 1.600000, -0.418121
1.150000, 1.600000, -0.494116
1.200000, 1.600000, -0.295037
1.250000, 1.600000, 0.094086
1.300000, 1.600000, 0.488273
1.350000, 1.600000, 0.703415
1.400000, 1.600000, 0.656974
1.450000, 1.600000, 0.413938
1.500000, 1.600000, 0.153029
1.550000, 1.600000, 0.071345
1.600000, 1.600000, 0.278975
1.650000, 1.600000, 0.740537
1.700000, 1.600000, 1.295169
1.750000, 1.600000, 1.743992
1.800000, 1.600000, 1.957540
1.850000, 1.600000, 1.944855
1.900000, 1.600000, 1.846822
1.950000, 1.600000, 1.857397
2.000000, 1.600000, 2.115570
0.000000, 1.650000, -1.601797
0.050000, 1.650000, -1.010326
0.100000, 1.650000, -0.635823
0.150000, 1.650000, -0.570281
0.200000, 1.650000, -0.739079
0.250000, 1.650000, -0.946383
0.300000, 1.650000, -0.989491
0.350000, 1.650000, -0.776286
0.400000, 1.650000, -0.378273
0.450000, 1.650000, 0.011291
0.500000, 1.650000, 0.190001
0.550000, 1.650000, 0.064798
0.600000, 1.650000, -0.291933
0.650000, 1.650000, -0.681110
0.700000, 1.650000, -0.888502
0.750000, 1.650000, -0.805143
0.800000, 1.650000, -0.487611
0.850000, 1.650000, -0.123621
0.900000, 1.650000, 0.077203
0.950000, 1.650000, 0.004601
1.000000, 1.650000, -0.288659
1.050000, 1.650000, -0.617222
1.100000, 1.650000, -0.770060
1.150000, 1.650000, -0.632264
1.200000, 1.650000, -0.251558
1.250000, 1.650000, 0.188829
1.300000, 1.650000, 0.475462
1.350000, 1.650000, 0.487701
1.400000, 1.650000, 0.267751
1.450000, 1.650000, -0.002564
1.500000, 1.650000, -0.105026
1.550000, 1.650000, 0.090932
1.600000, 1.650000, 0.554497
1.650000, 1.650000, 1.112258
1.700000, 1.650000, 1.548527
1.750000, 1.650000, 1.729415
1.800000, 1.650000, 1.679224
1.850000, 1.650000, 1.565222
1.900000, 1.650000, 1.599538
1.950000, 1.650000, 1.914649
2.000000, 1.650000, 2.484138
0.000000, 1.700000, -1.604058
0.050000, 1.700000, -1.011464
0.100000, 1.700000, -0.655013
0.150000, 1.700000, -0.626181
0.200000, 1.700000, -0.830028
0.250000, 1.700000, -1.045386
0.300000, 1.700000, -1.061020
0.350000, 1.700000, -0.804855
0.400000, 1.700000, -0.387617
0.450000, 1.700000, -0.034386
0.500000, 1.700000, 0.054216
0.550000, 1.700000, -0.173374
0.600000, 1.700000, -0.585261
0.650000, 1.700000, -0.943029
0.700000, 1.700000, -1.043476
0.750000, 1.700000, -0.839150
0.800000, 1.700000, -0.464571
0.850000, 1.700000, -0.152333
0.900000, 1.700000, -0.090177
0.950000, 1.700000, -0.305969
1.000000, 1.700000, -0.650505
1.050000, 1.700000, -0.888472
1.100000, 1.700000, -0.842120
1.150000, 1.700000, -0.500088
1.200000, 1.700000, -0.025035
1.250000, 1.700000, 0.344728
1.300000, 1.700000, 0.439899
1.350000, 1.700000, 0.263239
1.400000, 1.700000, -0.011632
1.450000, 1.700000, -0.145004
1.500000, 1.700000, 0.024220
1.550000, 1.700000, 0.481749
1.600000, 1.700000, 1.047751
1.650000, 1.700000, 1.487149
1.700000, 1.700000, 1.653106
1.750000, 1.700000, 1.576289
1.800000, 1.700000, 1.445516
1.850000, 1.700000, 1.491494
1.900000, 1.700000, 1.844375
1.950000, 1.700000, 2.451833
2.000000, 1.700000, 3.107630
0.000000, 1.750000, -1.486970
0.050000, 1.750000, -0.895810
0.100000, 1.750000, -0.560333
0.150000, 1.750000, -0.570402
0.200000, 1.750000, -0.808521
0.250000, 1.750000, -1.027651
0.300000, 1.750000, -1.011384
0.350000, 1.750000, -0.713466
0.400000, 1.750000, -0.287009
0.450000, 1.750000, 0.015346
0.500000, 1.750000, 0.006062
0.550000, 1.750000, -0.313801
0.600000, 1.750000, -0.751784
0.650000, 1.750000, -1.043969
0.700000, 1.750000, -1.020867
0.750000, 1.750000, -0.712927
0.800000, 1.750000, -0.328082
0.850000, 1.750000, -0.115916
0.900000, 1.750000, -0.205774
0.950000, 1.750000, -0.522841
1.000000, 1.750000, -0.836041
1.050000, 1.750000, -0.906867
1.100000, 1.750000, -0.643382
1.150000, 1.750000, -0.160280
1.200000, 1.750000, 0.293778
1.250000, 1.750000, 0.495027
1.300000, 1.750000, 0.387762
1.350000, 1.750000, 0.119923
1.400000, 1.750000, -0.051744
1.450000, 1.750000, 0.073968
1.500000, 1.750000, 0.514342
1.550000, 1.750000, 1.092653
1.600000, 1.750000, 1.552698
1.650000, 1.750000, 1.724160
1.700000, 1.750000, 1.632412
1.750000, 1.750000, 1.482053
1.800000, 1.750000, 1.524641
1.850000, 1.750000, 1.895542
1.900000, 1.750000, 2.524706
1.950000, 1.750000, 3.178780
2.000000, 1.750000, 3.607637
0.000000, 1.800000, -1.287985
0.050000, 1.800000, -0.700473
0.100000, 1.800000, -0.388494
0.150000, 1.800000, -0.439090
0.200000, 1.800000, -0.709959
0.250000, 1.800000, -0.928025
0.300000, 1.800000, -0.875666
0.350000, 1.800000, -0.538349
0.400000, 1.800000, -0.113620
0.450000, 1.800000, 0.124576
0.500000, 1.800000, 0.014222
0.550000, 1.800000, -0.381561
0.600000, 1.800000, -0.813346
0.650000, 1.800000, -1.010255
0.700000, 1.800000, -0.859417
0.750000, 1.800000, -0.478762
0.800000, 1.800000, -0.134018
0.850000, 1.800000, -0.056323
0.900000, 1.800000, -0.284072
0.950000, 1.800000, -0.636132
1.000000, 1.800000, -0.834522
1.050000, 1.800000, -0.693325
1.100000, 1.800000, -0.245694
1.150000, 1.800000, 0.277280
1.200000, 1.800000, 0.601723
1.250000, 1.800000, 0.595261
1.300000, 1.800000, 0.355751
1.350000, 1.800000, 0.144455
1.400000, 1.800000, 0.208977
1.450000, 1.800000, 0.615862
1.500000, 1.800000, 1.206170
1.550000, 1.800000, 1.703977
1.600000, 1.800000, 1.904123
1.650000, 1.800000, 1.811847
1.700000, 1.800000, 1.639517
1.750000, 1.800000, 1.662519
1.800000, 1.800000, 2.031797
1.850000, 1.800000, 2.669969
1.900000, 1.800000, 3.321401
1.950000, 1.800000, 3.722401
2.000000, 1.800000, 3.776411
0.000000, 1.850000, -1.066382
0.050000, 1.850000, -0.484347
0.100000, 1.850000, -0.197946
0.150000, 1.850000, -0.290095
0.200000, 1.850000, -0.591444
0.250000, 1.850000, -0.803118
0.300000, 1.850000, -0.710839
0.350000, 1.850000, -0.337626
0.400000, 1.850000, 0.073835
0.450000, 1.850000, 0.236526
0.500000, 1.850000, 0.026963
0.550000, 1.850000, -0.422845
0.600000, 1.850000, -0.815181
0.650000, 1.850000, -0.894415
0.700000, 1.850000, -0.624938
0.750000, 1.850000, -0.212613
0.800000, 1.850000, 0.045310
0.850000, 1.850000, -0.025363
0.900000, 1.850000, -0.349988
0.950000, 1.850000, -0.657653
1.000000, 1.850000, -0.674556
1.050000, 1.850000, -0.320144
1.100000, 1.850000, 0.234027
1.150000, 1.850000, 0.684909
1.200000, 1.850000, 0.812284
1.250000, 1.850000, 0.634145
1.300000, 1.850000, 0.392543
1.350000, 1.850000, 0.380079
1.400000, 1.850000, 0.730842
1.450000, 1.850000, 1.324838
1.500000, 1.850000, 1.873985
1.550000, 1.850000, 2.128203
1.600000, 1.850000, 2.054453
1.650000, 1.850000, 1.860860
1.700000, 1.850000, 1.848509
1.750000, 1.850000, 2.196434
1.800000, 1.850000, 2.832984
1.850000, 1.850000, 3.485246
1.900000, 1.850000, 3.871285
1.950000, 1.850000, 3.898208
2.000000, 1.850000, 3.724968
0.000000, 1.900000, -0.890741
0.050000, 1.900000, -0.315580
0.100000, 1.900000, -0.056364
0.150000, 1.900000, -0.190470
0.200000, 1.900000, -0.519292
0.250000, 1.900000, -0.718840
0.300000, 1.900000, -0.583288
0.350000, 1.900000, -0.178802
0.400000, 1.900000, 0.207643
0.450000, 1.900000, 0.286051
0.500000, 1.900000, -0.015615
0.550000, 1.900000, -0.493107
0.600000, 1.900000, -0.814223
0.650000, 1.900000, -0.762934
0.700000, 1.900000, -0.396644
0.750000, 1.900000, 0.000994
0.800000, 1.900000, 0.136093
0.850000, 1.900000, -0.072693
0.900000, 1.900000, -0.431713
0.950000, 1.900000, -0.616983
1.000000, 1.900000, -0.417484
1.050000, 1.900000, 0.105437
1.100000, 1.900000, 0.662223
1.150000, 1.900000, 0.949977
1.200000, 1.900000, 0.877248
1.250000, 1.900000, 0.630478
1.300000, 1.900000, 0.532504
1.350000, 1.900000, 0.799306
1.400000, 1.900000, 1.377374
1.450000, 1.900000, 1.983592
1.500000, 1.900000, 2.317647
1.550000, 1.900000, 2.287624
1.600000, 1.900000, 2.079502
1.650000, 1.900000, 2.018258
1.700000, 1.900000, 2.324472
1.750000, 1.900000, 2.948681
1.800000, 1.900000, 3.607498
1.850000, 1.900000, 3.994368
1.900000, 1.900000, 4.006995
1.950000, 1.900000, 3.821074
2.000000, 1.900000, 3.755229
0.000000, 1.950000, -0.824301
0.050000, 1.950000, -0.256955
0.100000, 1.950000, -0.026035
0.150000, 1.950000, -0.201870
0.200000, 1.950000, -0.554447
0.250000, 1.950000, -0.735823
0.300000, 1.950000, -0.554233
0.350000, 1.950000, -0.124150
0.400000, 1.950000, 0.225743
0.450000, 1.950000, 0.214204
0.500000, 1.950000, -0.167291
0.550000, 1.950000, -0.643108
0.600000, 1.950000, -0.865148
0.650000, 1.950000, -0.681488
0.700000, 1.950000, -0.250980
0.750000, 1.950000, 0.086032
0.800000, 1.950000, 0.078919
0.850000, 1.950000, -0.233614
0.900000, 1.950000, -0.552631
0.950000, 1.950000, -0.553889
1.000000, 1.950000, -0.143692
1.050000, 1.950000, 0.465750
1.100000, 1.950000, 0.920972
1.150000, 1.950000, 1.002652
1.200000, 1.950000, 0.795397
1.250000, 1.950000, 0.618609
1.300000, 1.950000, 0.773026
1.350000, 1.950000, 1.302469
1.400000, 1.950000, 1.958286
1.450000, 1.950000, 2.394460
1.500000, 1.950000, 2.439810
1.550000, 1.950000, 2.233030
1.600000, 1.950000, 2.114119
1.650000, 1.950000, 2.357410
1.700000, 1.950000, 2.955972
1.750000, 1.950000, 3.626796
1.800000, 1.950000, 4.032540
1.850000, 1.950000, 4.045332
1.900000, 1.950000, 3.845115
1.950000, 1.950000, 3.775261
2.000000, 1.950000, 4.069201
0.000000, 2.000000, -0.911406
0.050000, 2.000000, -0.352339
0.100000, 2.000000, -0.150325
0.150000, 2.000000, -0.367032
0.200000, 2.000000, -0.738974
0.250000, 2.000000, -0.895926
0.300000, 2.000000, -0.666228
0.350000, 2.000000, -0.217172
0.400000, 2.000000, 0.085275
0.450000, 2.000000, -0.018325
0.500000, 2.000000, -0.462569
0.550000, 2.000000, -0.906025
0.600000, 2.000000, -1.007259
0.650000, 2.000000, -0.700868
0.700000, 2.000000, -0.246291
0.750000, 2.000000, -0.009494
0.800000, 2.000000, -0.157770
0.850000, 2.000000, -0.519458
0.900000, 2.000000, -0.724335
0.950000, 2.000000, -0.508912
1.000000, 2.000000, 0.065140
1.050000, 2.000000, 0.659722
1.100000, 2.000000, 0.936244
1.150000, 2.000000, 0.831591
1.200000, 2.000000, 0.606881
1.250000, 2.000000, 0.629101
1.300000, 2.000000, 1.065886
1.350000, 2.000000, 1.745235
1.400000, 2.000000, 2.295899
1.450000, 2.000000, 2.452715
1.500000, 2.000000, 2.275063
1.550000, 2.000000, 2.098200
1.600000, 2.000000, 2.257382
1.650000, 2.000000, 2.811989
1.700000, 2.000000, 3.496859
1.750000, 2.000000, 3.940744
1.800000, 2.000000, 3.971639
1.850000, 2.000000, 3.757182
1.900000, 2.000000, 3.664361
1.950000, 2.000000, 3.954291
2.000000, 2.000000, 4.563858
