0.000000, 0.000000, -0.480073
0.050000, 0.000000, -0.664621
0.100000, 0.000000, -0.783087
0.150000, 0.000000, -0.788227
0.200000, 0.000000, -0.656275
0.250000, 0.000000, -0.392131
0.300000, 0.000000, -0.028300
0.350000, 0.000000, 0.382193
0.400000, 0.000000, 0.777348
0.450000, 0.000000, 1.099698
0.500000, 0.000000, 1.308827
0.550000, 0.000000, 1.390164
0.600000, 0.000000, 1.358151
0.650000, 0.000000, 1.253077
0.700000, 0.000000, 1.132283
0.750000, 0.000000, 1.057643
0.800000, 0.000000, 1.082063
0.850000, 0.000000, 1.237931
0.900000, 0.000000, 1.530033
0.950000, 0.000000, 1.934499
1.000000, 0.000000, 2.403981
1.050000, 0.000000, 2.877959
1.100000, 0.000000, 3.295913
1.150000, 0.000000, 3.610496
1.200000, 0.000000, 3.797835
1.250000, 0.000000, 3.862720
1.300000, 0.000000, 3.837536
1.350000, 0.000000, 3.775190
1.400000, 0.000000, 3.737556
1.450000, 0.000000, 3.781975
1.500000, 0.000000, 3.948737
1.550000, 0.000000, 4.252282
1.600000, 0.000000, 4.678041
1.650000, 0.000000, 5.185596
1.700000, 0.000000, 5.717481
1.750000, 0.000000, 6.211697
1.800000, 0.000000, 6.615217
1.850000, 0.000000, 6.895538
1.900000, 0.000000, 7.047759
1.950000, 0.000000, 7.095645
2.000000, 0.000000, 7.086442
0.000000, 0.050000, -0.276186
0.050000, 0.050000, -0.464119
0.100000, 0.050000, -0.585983
0.150000, 0.050000, -0.594536
0.200000, 0.050000, -0.466021
0.250000, 0.050000, -0.205346
0.300000, 0.050000, 0.154981
0.350000, 0.050000, 0.561927
0.400000, 0.050000, 0.953485
0.450000, 0.050000, 1.272186
0.500000, 0.050000, 1.477605
0.550000, 0.050000, 1.555169
0.600000, 0.050000, 1.519314
0.650000, 0.050000, 1.410326
0.700000, 0.050000, 1.285541
0.750000, 0.050000, 1.206832
0.800000, 0.050000, 1.227103
0.850000, 0.050000, 1.378737
0.900000, 0.050000, 1.666522
0.950000, 0.050000, 2.066585
1.000000, 0.050000, 2.531579
1.050000, 0.050000, 3.000983
1.100000, 0.050000, 3.414278
1.150000, 0.050000, 3.724119
1.200000, 0.050000, 3.906636
1.250000, 0.050000, 3.966620
1.300000, 0.050000, 3.936459
1.350000, 0.050000, 3.869063
1.400000, 0.050000, 3.826312
1.450000, 0.050000, 3.865550
1.500000, 0.050000, 4.027072
1.550000, 0.050000, 4.325324
1.600000, 0.050000, 4.745742
1.650000, 0.050000, 5.247914
1.700000, 0.050000, 5.774382
1.750000, 0.050000, 6.263151
1.800000, 0.050000, 6.661203
1.850000, 0.050000, 6.936040
1.900000, 0.050000, 7.082771
1.950000, 0.050000, 7.125166
2.000000, 0.050000, 7.110480
0.000000, 0.100000, 0.100619
0.050000, 0.100000, -0.090711
0.100000, 0.100000, -0.215986
0.150000, 0.100000, -0.227973
0.200000, 0.100000, -0.102917
0.250000, 0.100000, 0.154270
0.300000, 0.100000, 0.511073
0.350000, 0.100000, 0.914456
0.400000, 0.100000, 1.302410
0.450000, 0.100000, 1.617459
0.500000, 0.100000, 1.819178
0.550000, 0.100000, 1.892990
0.600000, 0.100000, 1.853329
0.650000, 0.100000, 1.740479
0.700000, 0.100000, 1.611775
0.750000, 0.100000, 1.529088
0.800000, 0.100000, 1.545323
0.850000, 0.100000, 1.692864
0.900000, 0.100000, 1.976498
0.950000, 0.100000, 2.372353
1.000000, 0.100000, 2.833085
1.050000, 0.100000, 3.298177
1.100000, 0.100000, 3.707110
1.150000, 0.100000, 4.012544
1.200000, 0.100000, 4.190613
1.250000, 0.100000, 4.246111
1.300000, 0.100000, 4.211434
1.350000, 0.100000, 4.139496
1.400000, 0.100000, 4.092183
1.450000, 0.100000, 4.126845
1.500000, 0.100000, 4.283784
1.550000, 0.100000, 4.577453
1.600000, 0.100000, 4.993296
1.650000, 0.100000, 5.490910
1.700000, 0.100000, 6.012842
1.750000, 0.100000, 6.497109
1.800000, 0.100000, 6.890697
1.850000, 0.100000, 7.161122
1.900000, 0.100000, 7.303496
1.950000, 0.100000, 7.341602
2.000000, 0.100000, 7.322702
0.000000, 0.150000, 0.625537
0.050000, 0.150000, 0.430793
0.100000, 0.150000, 0.302084
0.150000, 0.150000, 0.286644
0.200000, 0.150000, 0.408224
0.250000, 0.150000, 0.661911
0.300000, 0.150000, 1.015192
0.350000, 0.150000, 1.415027
0.400000, 0.150000, 1.799409
0.450000, 0.150000, 2.110862
0.500000, 0.150000, 2.308961
0.550000, 0.150000, 2.379130
0.600000, 0.150000, 2.335804
0.650000, 0.150000, 2.219270
0.700000, 0.150000, 2.086865
0.750000, 0.150000, 2.000463
0.800000, 0.150000, 2.012972
0.850000, 0.150000, 2.156778
0.900000, 0.150000, 2.436675
0.950000, 0.150000, 2.828796
1.000000, 0.150000, 3.285800
1.050000, 0.150000, 3.747176
1.100000, 0.150000, 4.152413
1.150000, 0.150000, 4.454177
1.200000, 0.150000, 4.628609
1.250000, 0.150000, 4.680511
1.300000, 0.150000, 4.642286
1.350000, 0.150000, 4.566857
1.400000, 0.150000, 4.516118
1.450000, 0.150000, 4.547430
1.500000, 0.150000, 4.701103
1.550000, 0.150000, 4.991601
1.600000, 0.150000, 5.404376
1.650000, 0.150000, 5.899035
1.700000, 0.150000, 6.418136
1.750000, 0.150000, 6.899705
1.800000, 0.150000, 7.290742
1.850000, 0.150000, 7.558767
1.900000, 0.150000, 7.698909
1.950000, 0.150000, 7.734956
2.000000, 0.150000, 7.714181
0.000000, 0.200000, 1.259931
0.050000, 0.200000, 1.061749
0.100000, 0.200000, 0.929582
0.150000, 0.200000, 0.910666
0.200000, 0.200000, 1.028756
0.250000, 0.200000, 1.278945
0.300000, 0.200000, 1.628723
0.350000, 0.200000, 2.025056
0.400000, 0.200000, 2.405940
0.450000, 0.200000, 2.713906
0.500000, 0.200000, 2.908535
0.550000, 0.200000, 2.975256
0.600000, 0.200000, 2.928512
0.650000, 0.200000, 2.808594
0.700000, 0.200000, 2.672849
0.750000, 0.200000, 2.583157
0.800000, 0.200000, 2.592434
0.850000, 0.200000, 2.733075
0.900000, 0.200000, 3.009882
0.950000, 0.200000, 3.398997
1.000000, 0.200000, 3.853089
1.050000, 0.200000, 4.311655
1.100000, 0.200000, 4.714196
1.150000, 0.200000, 5.013387
1.200000, 0.200000, 5.185378
1.250000, 0.200000, 5.234984
1.300000, 0.200000, 5.194618
1.350000, 0.200000, 5.117214
1.400000, 0.200000, 5.064677
1.450000, 0.200000, 5.094378
1.500000, 0.200000, 5.246639
1.550000, 0.200000, 5.535934
1.600000, 0.200000, 5.947728
1.650000, 0.200000, 6.441638
1.700000, 0.200000, 6.960233
1.750000, 0.200000, 7.441549
1.800000, 0.200000, 7.832595
1.850000, 0.200000, 8.100904
1.900000, 0.200000, 8.241611
1.950000, 0.200000, 8.278517
2.000000, 0.200000, 8.258901
0.000000, 0.250000, 1.955114
0.050000, 0.250000, 1.753465
0.100000, 0.250000, 1.617809
0.150000, 0.250000, 1.595393
0.200000, 0.250000, 1.709986
0.250000, 0.250000, 1.956688
0.300000, 0.250000, 2.303003
0.350000, 0.250000, 2.695907
0.400000, 0.250000, 3.073410
0.450000, 0.250000, 3.378053
0.500000, 0.250000, 3.569430
0.550000, 0.250000, 3.632981
0.600000, 0.250000, 3.583163
0.650000, 0.250000, 3.460280
0.700000, 0.250000, 3.321689
0.750000, 0.250000, 3.229286
0.800000, 0.250000, 3.235998
0.850000, 0.250000, 3.374234
0.900000, 0.250000, 3.648808
0.950000, 0.250000, 4.035875
1.000000, 0.250000, 4.488117
1.050000, 0.250000, 4.945045
1.100000, 0.250000, 5.346172
1.150000, 0.250000, 5.644184
1.200000, 0.250000, 5.815246
1.250000, 0.250000, 5.864184
1.300000, 0.250000, 5.823421
1.350000, 0.250000, 5.745905
1.400000, 0.250000, 5.693551
1.450000, 0.250000, 5.723742
1.500000, 0.250000, 5.876809
1.550000, 0.250000, 6.167235
1.600000, 0.250000, 6.580495
1.650000, 0.250000, 7.076214
1.700000, 0.250000, 7.596969
1.750000, 0.250000, 8.080803
1.800000, 0.250000, 8.474732
1.850000, 0.250000, 8.746293
1.900000, 0.250000, 8.890627
1.950000, 0.250000, 8.931536
2.000000, 0.250000, 8.916305
0.000000, 0.300000, 2.657115
0.050000, 0.300000, 2.451960
0.100000, 0.300000, 2.312781
0.150000, 0.300000, 2.286842
0.200000, 0.300000, 2.397932
0.250000, 0.300000, 2.641171
0.300000, 0.300000, 2.984082
0.350000, 0.300000, 3.373662
0.400000, 0.300000, 3.747940
0.450000, 0.300000, 4.049477
0.500000, 0.300000, 4.237884
0.550000, 0.300000, 4.298625
0.600000, 0.300000, 4.246172
0.650000, 0.300000, 4.120850
0.700000, 0.300000, 3.980034
0.750000, 0.300000, 3.885637
0.800000, 0.300000, 3.890604
0.850000, 0.300000, 4.027361
0.900000, 0.300000, 4.300738
0.950000, 0.300000, 4.686907
1.000000, 0.300000, 5.138565
1.050000, 0.300000, 5.595236
1.100000, 0.300000, 5.996447
1.150000, 0.300000, 6.294896
1.200000, 0.300000, 6.466761
1.250000, 0.300000, 6.516877
1.300000, 0.300000, 6.477678
1.350000, 0.300000, 6.402118
1.400000, 0.300000, 6.352122
1.450000, 0.300000, 6.385077
1.500000, 0.300000, 6.541320
1.550000, 0.300000, 6.835338
1.600000, 0.300000, 7.252606
1.650000, 0.300000, 7.752751
1.700000, 0.300000, 8.278349
1.750000, 0.300000, 8.767440
1.800000, 0.300000, 9.167038
1.850000, 0.300000, 9.444673
1.900000, 0.300000, 9.595480
1.950000, 0.300000, 9.643254
2.000000, 0.300000, 9.635267
0.000000, 0.350000, 3.311951
0.050000, 0.350000, 3.103249
0.100000, 0.350000, 2.960507
0.150000, 0.350000, 2.931022
0.200000, 0.350000, 3.038609
0.250000, 0.350000, 3.278420
0.300000, 0.350000, 3.618006
0.350000, 0.350000, 4.004395
0.400000, 0.350000, 4.375644
0.450000, 0.350000, 4.674341
0.500000, 0.350000, 4.860127
0.550000, 0.350000, 4.918490
0.600000, 0.350000, 4.863930
0.650000, 0.350000, 4.736794
0.700000, 0.350000, 4.594483
0.750000, 0.350000, 4.498931
0.800000, 0.350000, 4.503105
0.850000, 0.350000, 4.639449
0.900000, 0.350000, 4.912811
0.950000, 0.350000, 5.299380
1.000000, 0.350000, 5.751866
1.050000, 0.350000, 6.209808
1.100000, 0.350000, 6.612740
1.150000, 0.350000, 6.913372
1.200000, 0.350000, 7.087886
1.250000, 0.350000, 7.141123
1.300000, 0.350000, 7.105519
1.350000, 0.350000, 7.034029
1.400000, 0.350000, 6.988574
1.450000, 0.350000, 7.026538
1.500000, 0.350000, 7.188249
1.550000, 0.350000, 7.488188
1.600000, 0.350000, 7.911816
1.650000, 0.350000, 8.418749
1.700000, 0.350000, 8.951544
1.750000, 0.350000, 9.448226
1.800000, 0.350000, 9.855786
1.850000, 0.350000, 10.141733
1.900000, 0.350000, 10.301176
1.950000, 0.350000, 10.357883
2.000000, 0.350000, 10.359099
0.000000, 0.400000, 3.870918
0.050000, 0.400000, 3.658620
0.100000, 0.400000, 3.512273
0.150000, 0.400000, 3.479215
0.200000, 0.400000, 3.583305
0.250000, 0.400000, 3.819735
0.300000, 0.400000, 4.156096
0.350000, 0.400000, 4.539456
0.400000, 0.400000, 4.907909
0.450000, 0.400000, 5.204084
0.500000, 0.400000, 5.387654
0.550000, 0.400000, 5.444143
0.600000, 0.400000, 5.388082
0.650000, 0.400000, 5.259847
0.700000, 0.400000, 5.116868
0.750000, 0.400000, 5.021102
0.800000, 0.400000, 5.025538
0.850000, 0.400000, 5.162640
0.900000, 0.400000, 5.437273
0.950000, 0.400000, 5.825637
1.000000, 0.400000, 6.280453
1.050000, 0.400000, 6.741264
1.100000, 0.400000, 7.147611
1.150000, 0.400000, 7.452200
1.200000, 0.400000, 7.631211
1.250000, 0.400000, 7.689476
1.300000, 0.400000, 7.659421
1.350000, 0.400000, 7.593986
1.400000, 0.400000, 7.555073
1.450000, 0.400000, 7.600045
1.500000, 0.400000, 7.769206
1.550000, 0.400000, 8.077007
1.600000, 0.400000, 8.508879
1.650000, 0.400000, 9.024402
1.700000, 0.400000, 9.566097
1.750000, 0.400000, 10.071947
1.800000, 0.400000, 10.488900
1.850000, 0.400000, 10.784421
1.900000, 0.400000, 10.953571
1.950000, 0.400000, 11.020067
2.000000, 0.400000, 11.031103
0.000000, 0.450000, 4.295346
0.050000, 0.450000, 4.079398
0.100000, 0.450000, 3.929400
0.150000, 0.450000, 3.892746
0.200000, 0.450000, 3.993349
0.250000, 0.450000, 4.226455
0.300000, 0.450000, 4.559710
0.350000, 0.450000, 4.940231
0.400000, 0.450000, 5.306162
0.450000, 0.450000, 5.600176
0.500000, 0.450000, 5.781992
0.550000, 0.450000, 5.837174
0.600000, 0.450000, 5.780288
0.650000, 0.450000, 5.651745
0.700000, 0.450000, 5.509002
0.750000, 0.450000, 5.414043
0.800000, 0.450000, 5.419874
0.850000, 0.450000, 5.558977
0.900000, 0.450000, 5.836224
0.950000, 0.450000, 6.227821
1.000000, 0.450000, 6.686490
1.050000, 0.450000, 7.151768
1.100000, 0.450000, 7.563185
1.150000, 0.450000, 7.873432
1.200000, 0.450000, 8.058667
1.250000, 0.450000, 8.123696
1.300000, 0.450000, 8.100914
1.350000, 0.450000, 8.043223
1.400000, 0.450000, 8.012487
1.450000, 0.450000, 8.066022
1.500000, 0.450000, 8.244082
1.550000, 0.450000, 8.561065
1.600000, 0.450000, 9.002345
1.650000, 0.450000, 9.527440
1.700000, 0.450000, 10.078808
1.750000, 0.450000, 10.594366
1.800000, 0.450000, 11.020993
1.850000, 0.450000, 11.326084
1.900000, 0.450000, 11.504627
1.950000, 0.450000, 11.580268
2.000000, 0.450000, 11.600128
0.000000, 0.500000, 4.560385
0.050000, 0.500000, 4.340727
0.100000, 0.500000, 4.187029
0.150000, 0.500000, 4.146755
0.200000, 0.500000, 4.243887
0.250000, 0.500000, 4.473742
0.300000, 0.500000, 4.804028
0.350000, 0.500000, 5.181927
0.400000, 0.500000, 5.545642
0.450000, 0.500000, 5.837902
0.500000, 0.500000, 6.018477
0.550000, 0.500000, 6.072974
0.600000, 0.500000, 6.016001
0.650000, 0.500000, 5.888002
0.700000, 0.500000, 5.746462
0.750000, 0.500000, 5.653383
0.800000, 0.500000, 5.661788
0.850000, 0.500000, 5.804163
0.900000, 0.500000, 6.085379
0.950000, 0.500000, 6.481636
1.000000, 0.500000, 6.945636
1.050000, 0.500000, 7.416895
1.100000, 0.500000, 7.834911
1.150000, 0.500000, 8.152337
1.200000, 0.500000, 8.345287
1.250000, 0.500000, 8.418514
1.300000, 0.500000, 8.404356
1.350000, 0.500000, 8.355650
1.400000, 0.500000, 8.334191
1.450000, 0.500000, 8.397219
1.500000, 0.500000, 8.584912
1.550000, 0.500000, 8.911582
1.600000, 0.500000, 9.362518
1.650000, 0.500000, 9.897149
1.700000, 0.500000, 10.457843
1.750000, 0.500000, 10.982425
1.800000, 0.500000, 11.417682
1.850000, 0.500000, 11.730917
1.900000, 0.500000, 11.917027
1.950000, 0.500000, 11.999570
2.000000, 0.500000, 12.025578
0.000000, 0.550000, 4.657429
0.050000, 0.550000, 4.433998
0.100000, 0.550000, 4.276548
0.150000, 0.550000, 4.232631
0.200000, 0.550000, 4.326315
0.250000, 0.550000, 4.553000
0.300000, 0.550000, 4.880475
0.350000, 0.550000, 5.255997
0.400000, 0.550000, 5.617838
0.450000, 0.550000, 5.908790
0.500000, 0.550000, 6.088681
0.550000, 0.550000, 6.143165
0.600000, 0.550000, 6.086891
0.650000, 0.550000, 5.960335
0.700000, 0.550000, 5.821002
0.750000, 0.550000, 5.730908
0.800000, 0.550000, 5.743077
0.850000, 0.550000, 5.889987
0.900000, 0.550000, 6.176491
0.950000, 0.550000, 6.578759
1.000000, 0.550000, 7.049456
1.050000, 0.550000, 7.528049
1.100000, 0.550000, 7.953977
1.150000, 0.550000, 8.279828
1.200000, 0.550000, 8.481638
1.250000, 0.550000, 8.564079
1.300000, 0.550000, 8.559396
1.350000, 0.550000, 8.520333
1.400000, 0.550000, 8.508580
1.450000, 0.550000, 8.581271
1.500000, 0.550000, 8.778474
1.550000, 0.550000, 9.114390
1.600000, 0.550000, 9.574193
1.650000, 0.550000, 10.117198
1.700000, 0.550000, 10.685662
1.750000, 0.550000, 11.217298
1.800000, 0.550000, 11.658784
1.850000, 0.550000, 11.977322
1.900000, 0.550000, 12.167712
1.950000, 0.550000, 12.253419
2.000000, 0.550000, 12.281394
0.000000, 0.600000, 4.594955
0.050000, 0.600000, 4.367682
0.100000, 0.600000, 4.206426
0.150000, 0.600000, 4.158844
0.200000, 0.600000, 4.249110
0.250000, 0.600000, 4.472721
0.300000, 0.600000, 4.797561
0.350000, 0.600000, 5.170975
0.400000, 0.600000, 5.531315
0.450000, 0.600000, 5.821443
0.500000, 0.600000, 6.001246
0.550000, 0.600000, 6.056430
0.600000, 0.600000, 6.001679
0.650000, 0.600000, 5.877495
0.700000, 0.600000, 5.741393
0.750000, 0.600000, 5.655389
0.800000, 0.600000, 5.672492
0.850000, 0.600000, 5.825148
0.900000, 0.600000, 6.118172
0.950000, 0.600000, 6.527676
1.000000, 0.600000, 7.006257
1.050000, 0.600000, 7.493301
1.100000, 0.600000, 7.928158
1.150000, 0.600000, 8.263311
1.200000, 0.600000, 8.474687
1.250000, 0.600000, 8.566838
1.300000, 0.600000, 8.571884
1.350000, 0.600000, 8.542437
1.400000, 0.600000, 8.540052
1.450000, 0.600000, 8.621726
1.500000, 0.600000, 8.827389
1.550000, 0.600000, 9.171103
1.600000, 0.600000, 9.637911
1.650000, 0.600000, 10.186997
1.700000, 0.600000, 10.760492
1.750000, 0.600000, 11.295995
1.800000, 0.600000, 11.740077
1.850000, 0.600000, 12.059841
1.900000, 0.600000, 12.250005
1.950000, 0.600000, 12.333963
2.000000, 0.600000, 12.358608
0.000000, 0.650000, 4.397686
0.050000, 0.650000, 4.166499
0.100000, 0.650000, 4.001380
0.150000, 0.650000, 3.950115
0.200000, 0.650000, 4.036997
0.250000, 0.650000, 4.257642
0.300000, 0.650000, 4.580044
0.350000, 0.650000, 4.951644
0.400000, 0.650000, 5.310886
0.450000, 0.650000, 5.600706
0.500000, 0.650000, 5.781053
0.550000, 0.650000, 5.837679
0.600000, 0.650000, 5.785299
0.650000, 0.650000, 5.664429
0.700000, 0.650000, 5.532579
0.750000, 0.650000, 5.451745
0.800000, 0.650000, 5.474894
0.850000, 0.650000, 5.634420
0.900000, 0.650000, 5.935060
0.950000, 0.650000, 6.352840
1.000000, 0.650000, 6.840251
1.050000, 0.650000, 7.336563
1.100000, 0.650000, 7.780994
1.150000, 0.650000, 8.125887
1.200000, 0.650000, 8.347019
1.250000, 0.650000, 8.448785
1.300000, 0.650000, 8.463143
1.350000, 0.650000, 8.442542
1.400000, 0.650000, 8.448372
1.450000, 0.650000, 8.537469
1.500000, 0.650000, 8.749605
1.550000, 0.650000, 9.098690
1.600000, 0.650000, 9.569626
1.650000, 0.650000, 10.121467
1.700000, 0.650000, 10.696227
1.750000, 0.650000, 11.231401
1.800000, 0.650000, 11.673478
1.850000, 0.650000, 11.989496
1.900000, 0.650000, 12.174126
1.950000, 0.650000, 12.250739
2.000000, 0.650000, 12.266229
0.000000, 0.700000, 4.104164
0.050000, 0.700000, 3.868987
0.100000, 0.700000, 3.699949
0.150000, 0.700000, 3.644983
0.200000, 0.700000, 3.728525
0.250000, 0.700000, 3.946325
0.300000, 0.700000, 4.266500
0.350000, 0.700000, 4.636606
0.400000, 0.700000, 4.995179
0.450000, 0.700000, 5.285236
0.500000, 0.700000, 5.466785
0.550000, 0.700000, 5.525619
0.600000, 0.700000, 5.476471
0.650000, 0.700000, 5.359852
0.700000, 0.700000, 5.233251
0.750000, 0.700000, 5.158611
0.800000, 0.700000, 5.188832
0.850000, 0.700000, 5.356217
0.900000, 0.700000, 5.665392
0.950000, 0.700000, 6.092253
1.000000, 0.700000, 6.589148
1.050000, 0.700000, 7.095184
1.100000, 0.700000, 7.549407
1.150000, 0.700000, 7.903979
1.200000, 0.700000, 8.134487
1.250000, 0.700000, 8.245134
1.300000, 0.700000, 8.267687
1.350000, 0.700000, 8.254402
1.400000, 0.700000, 8.266487
1.450000, 0.700000, 8.360602
1.500000, 0.700000, 8.576354
1.550000, 0.700000, 8.927509
1.600000, 0.700000, 9.398836
1.650000, 0.700000, 9.949281
1.700000, 0.700000, 10.520771
1.750000, 0.700000, 11.050742
1.800000, 0.700000, 11.485648
1.850000, 0.700000, 11.792522
1.900000, 0.700000, 11.966057
1.950000, 0.700000, 12.029679
2.000000, 0.700000, 12.030366
0.000000, 0.750000, 3.762972
0.050000, 0.750000, 3.523726
0.100000, 0.750000, 3.350711
0.150000, 0.750000, 3.292029
0.200000, 0.750000, 3.372281
0.250000, 0.750000, 3.587370
0.300000, 0.750000, 3.905551
0.350000, 0.750000, 4.274502
0.400000, 0.750000, 4.632861
0.450000, 0.750000, 4.923724
0.500000, 0.750000, 5.107155
0.550000, 0.750000, 5.168973
0.600000, 0.750000, 5.123915
0.650000, 0.750000, 5.012466
0.700000, 0.750000, 4.892059
0.750000, 0.750000, 4.824558
0.800000, 0.750000, 4.862756
0.850000, 0.750000, 5.038822
0.900000, 0.750000, 5.357231
0.950000, 0.750000, 5.793702
1.000000, 0.750000, 6.300392
1.050000, 0.750000, 6.816203
1.100000, 0.750000, 7.279966
1.150000, 0.750000, 7.643621
1.200000, 0.750000, 7.882531
1.250000, 0.750000, 8.000678
1.300000, 0.750000, 8.029612
1.350000, 0.750000, 8.021387
1.400000, 0.750000, 8.037018
1.450000, 0.750000, 8.132997
1.500000, 0.750000, 8.348781
1.550000, 0.750000, 8.698015
1.600000, 0.750000, 9.165374
1.650000, 0.750000, 9.709745
1.700000, 0.750000, 10.273027
1.750000, 0.750000, 10.792666
1.800000, 0.750000, 11.215162
1.850000, 0.750000, 11.507630
1.900000, 0.750000, 11.664886
1.950000, 0.750000, 11.710514
2.000000, 0.750000, 11.691681
0.000000, 0.800000, 3.427969
0.050000, 0.800000, 3.184573
0.100000, 0.800000, 3.007522
0.150000, 0.800000, 2.945114
0.200000, 0.800000, 3.022134
0.250000, 0.800000, 3.234658
0.300000, 0.800000, 3.551095
0.350000, 0.800000, 3.919252
0.400000, 0.800000, 4.277873
0.450000, 0.800000, 4.570132
0.500000, 0.800000, 4.756136
0.550000, 0.800000, 4.821718
0.600000, 0.800000, 4.781594
0.650000, 0.800000, 4.676192
0.700000, 0.800000, 4.562856
0.750000, 0.800000, 4.503332
0.800000, 0.800000, 4.550259
0.850000, 0.800000, 4.735629
0.900000, 0.800000, 5.063712
0.950000, 0.800000, 5.510006
1.000000, 0.800000, 6.026427
1.050000, 0.800000, 6.551629
1.100000, 0.800000, 7.024185
1.150000, 0.800000, 7.395780
1.200000, 0.800000, 7.641525
1.250000, 0.800000, 7.765164
1.300000, 0.800000, 7.798021
1.350000, 0.800000, 7.791949
1.400000, 0.800000, 7.807789
1.450000, 0.800000, 7.901886
1.500000, 0.800000, 8.113593
1.550000, 0.800000, 8.456484
1.600000, 0.800000, 8.915208
1.650000, 0.800000, 9.448666
1.700000, 0.800000, 9.998824
1.750000, 0.800000, 10.503234
1.800000, 0.800000, 10.908550
1.850000, 0.800000, 11.182085
1.900000, 0.800000, 11.318896
1.950000, 0.800000, 11.342845
2.000000, 0.800000, 11.301414
0.000000, 0.850000, 3.153011
0.050000, 0.850000, 2.905383
0.100000, 0.850000, 2.724238
0.150000, 0.850000, 2.658095
0.200000, 0.850000, 2.731951
0.250000, 0.850000, 2.942069
0.300000, 0.850000, 3.257027
0.350000, 0.850000, 3.624771
0.400000, 0.850000, 3.984151
0.450000, 0.850000, 4.278410
0.500000, 0.850000, 4.467686
0.550000, 0.850000, 4.537803
0.600000, 0.850000, 4.503426
0.650000, 0.850000, 4.404892
0.700000, 0.850000, 4.299416
0.750000, 0.850000, 4.248573
0.800000, 0.850000, 4.304804
0.850000, 0.850000, 4.499868
0.900000, 0.850000, 4.837782
0.950000, 0.850000, 5.293768
1.000000, 0.850000, 5.819458
1.050000, 0.850000, 6.353214
1.100000, 0.850000, 6.833318
1.150000, 0.850000, 7.211174
1.200000, 0.850000, 7.461628
1.250000, 0.850000, 7.588181
1.300000, 0.850000, 7.621946
1.350000, 0.850000, 7.614597
1.400000, 0.850000, 7.626840
1.450000, 0.850000, 7.714932
1.500000, 0.850000, 7.918185
1.550000, 0.850000, 8.250187
1.600000, 0.850000, 8.695656
1.650000, 0.850000, 9.213619
1.700000, 0.850000, 9.746217
1.750000, 0.850000, 10.231237
1.800000, 0.850000, 10.615613
1.850000, 0.850000, 10.866990
1.900000, 0.850000, 10.980790
1.950000, 0.850000, 10.981281
2.000000, 0.850000, 10.916377
0.000000, 0.900000, 2.986674
0.050000, 0.900000, 2.734727
0.100000, 0.900000, 2.549431
0.150000, 0.900000, 2.479552
0.200000, 0.900000, 2.550317
0.250000, 0.900000, 2.758203
0.300000, 0.900000, 3.071964
0.350000, 0.900000, 3.439694
0.400000, 0.900000, 3.800344
0.450000, 0.900000, 4.097217
0.500000, 0.900000, 4.290462
0.550000, 0.900000, 4.365867
0.600000, 0.900000, 4.338009
0.650000, 0.900000, 4.247093
0.700000, 0.900000, 4.150152
0.750000, 0.900000, 4.108542
0.800000, 0.900000, 4.174447
0.850000, 0.900000, 4.379342
0.900000, 0.900000, 4.726933
0.950000, 0.900000, 5.192120
1.000000, 0.900000, 5.726207
1.050000, 0.900000, 6.267228
1.100000, 0.900000, 6.753153
1.150000, 0.900000, 7.135093
1.200000, 0.900000, 7.387632
1.250000, 0.900000, 7.514046
1.300000, 0.900000, 7.545271
1.350000, 0.900000, 7.532855
1.400000, 0.900000, 7.537436
1.450000, 0.900000, 7.615267
1.500000, 0.900000, 7.805718
1.550000, 0.900000, 8.122504
1.600000, 0.900000, 8.550534
1.650000, 0.900000, 9.049089
1.700000, 0.900000, 9.560627
1.750000, 0.900000, 10.023305
1.800000, 0.900000, 10.384477
1.850000, 0.900000, 10.612247
1.900000, 0.900000, 10.702528
1.950000, 0.900000, 10.680100
2.000000, 0.900000, 10.593399
0.000000, 0.950000, 2.967485
0.050000, 0.950000, 2.711135
0.100000, 0.950000, 2.521632
0.150000, 0.950000, 2.448017
0.200000, 0.950000, 2.515777
0.250000, 0.950000, 2.721615
0.300000, 0.950000, 3.034479
0.350000, 0.950000, 3.402608
0.400000, 0.950000, 3.765053
0.450000, 0.950000, 4.065159
0.500000, 0.950000, 4.263063
0.550000, 0.950000, 4.344480
0.600000, 0.950000, 4.323858
0.650000, 0.950000, 4.241217
0.700000, 0.950000, 4.153358
0.750000, 0.950000, 4.121358
0.800000, 0.950000, 4.197086
0.850000, 0.950000, 4.411673
0.900000, 0.950000, 4.768465
0.950000, 0.950000, 5.241995
1.000000, 0.950000, 5.783200
1.050000, 0.950000, 6.329765
1.100000, 0.950000, 6.819339
1.150000, 0.950000, 7.202748
1.200000, 0.950000, 7.454338
1.250000, 0.950000, 7.577205
1.300000, 0.950000, 7.602168
1.350000, 0.950000, 7.580731
1.400000, 0.950000, 7.573563
1.450000, 0.950000, 7.637023
1.500000, 0.950000, 7.810669
1.550000, 0.950000, 8.108477
1.600000, 0.950000, 8.515692
1.650000, 0.950000, 8.991998
1.700000, 0.950000, 9.480314
1.750000, 0.950000, 9.919305
1.800000, 0.950000, 10.256875
1.850000, 0.950000, 10.461700
1.900000, 0.950000, 10.530278
1.950000, 0.950000, 10.487968
2.000000, 0.950000, 10.383771
0.000000, 1.000000, 3.120148
0.050000, 1.000000, 2.859310
0.100000, 1.000000, 2.665546
0.150000, 1.000000, 2.588203
0.200000, 1.000000, 2.653050
0.250000, 1.000000, 2.857038
0.300000, 1.000000, 3.169318
0.350000, 1.000000, 3.538275
0.400000, 1.000000, 3.903050
0.450000, 1.000000, 4.207009
0.500000, 1.000000, 4.410245
0.550000, 1.000000, 4.498359
0.600000, 1.000000, 4.485620
0.650000, 1.000000, 4.411810
0.700000, 1.000000, 4.333434
0.750000, 1.000000, 4.311229
0.800000, 1.000000, 4.396689
0.850000, 1.000000, 4.620545
0.900000, 1.000000, 4.985734
0.950000, 1.000000, 5.466381
1.000000, 1.000000, 6.013037
1.050000, 1.000000, 6.563029
1.100000, 1.000000, 7.053693
1.150000, 1.000000, 7.435601
1.200000, 1.000000, 7.682913
1.250000, 1.000000, 7.798616
1.300000, 1.000000, 7.813504
1.350000, 1.000000, 7.779147
1.400000, 1.000000, 7.756370
1.450000, 1.000000, 7.801782
1.500000, 1.000000, 7.955274
1.550000, 1.000000, 8.231241
1.600000, 1.000000, 8.615418
1.650000, 1.000000, 9.068039
1.700000, 1.000000, 9.532623
1.750000, 1.000000, 9.948469
1.800000, 1.000000, 10.264127
1.850000, 1.000000, 10.448921
1.900000, 1.000000, 10.499976
1.950000, 1.000000, 10.443237
2.000000, 1.000000, 10.328236
0.000000, 1.050000, 3.453117
0.050000, 1.050000, 3.187705
0.100000, 1.050000, 2.989627
0.150000, 1.050000, 2.908570
0.200000, 1.050000, 2.970608
0.250000, 1.050000, 3.172957
0.300000, 1.050000, 3.484980
0.350000, 1.050000, 3.855207
0.400000, 1.050000, 4.222852
0.450000, 1.050000, 4.531278
0.500000, 1.050000, 4.740495
0.550000, 1.050000, 4.835942
0.600000, 1.050000, 4.831655
0.650000, 1.050000, 4.767113
0.700000, 1.050000, 4.698461
0.750000, 1.050000, 4.686031
0.800000, 1.050000, 4.780881
0.850000, 1.050000, 5.013290
0.900000, 1.050000, 5.385745
0.950000, 1.050000, 5.871937
1.000000, 1.050000, 6.422019
1.050000, 1.050000, 6.972975
1.100000, 1.050000, 7.461860
1.150000, 1.050000, 7.839047
1.200000, 1.050000, 8.078591
1.250000, 1.050000, 8.183470
1.300000, 1.050000, 8.184576
1.350000, 1.050000, 8.133683
1.400000, 1.050000, 8.091925
1.450000, 1.050000, 8.116317
1.500000, 1.050000, 8.247253
1.550000, 1.050000, 8.499702
1.600000, 1.050000, 8.860041
1.650000, 1.050000, 9.289192
1.700000, 1.050000, 9.731386
1.750000, 1.050000, 10.126639
1.800000, 1.050000, 10.424202
1.850000, 1.050000, 10.594055
1.900000, 1.050000, 10.633921
1.950000, 1.050000, 10.570258
2.000000, 1.050000, 10.453007
0.000000, 1.100000, 3.957756
0.050000, 1.100000, 3.687686
0.100000, 1.100000, 3.485247
0.150000, 1.100000, 3.400493
0.200000, 1.100000, 3.459834
0.250000, 1.100000, 3.660769
0.300000, 1.100000, 3.972876
0.350000, 1.100000, 4.344825
0.400000, 1.100000, 4.715884
0.450000, 1.100000, 5.029380
0.500000, 1.100000, 5.245196
0.550000, 1.100000, 5.348556
0.600000, 1.100000, 5.353197
0.650000, 1.100000, 5.298229
0.700000, 1.100000, 5.239369
0.750000, 1.100000, 5.236480
0.800000, 1.100000, 5.340123
0.850000, 1.100000, 5.580080
0.900000, 1.100000, 5.958355
0.950000, 1.100000, 6.448197
1.000000, 1.100000, 6.999370
1.050000, 1.100000, 7.548545
1.100000, 1.100000, 8.032562
1.150000, 1.100000, 8.401679
1.200000, 1.100000, 8.629952
1.250000, 1.100000, 8.720484
1.300000, 1.100000, 8.704413
1.350000, 1.100000, 8.633878
1.400000, 1.100000, 8.570494
1.450000, 1.100000, 8.571854
1.500000, 1.100000, 8.679015
1.550000, 1.100000, 8.907678
1.600000, 1.100000, 9.244990
1.650000, 1.100000, 9.652664
1.700000, 1.100000, 10.075712
1.750000, 1.100000, 10.454891
1.800000, 1.100000, 10.740135
1.850000, 1.100000, 10.902014
1.900000, 1.100000, 10.938729
1.950000, 1.100000, 10.877083
2.000000, 1.100000, 10.767207
0.000000, 1.150000, 4.609182
0.050000, 1.150000, 4.334370
0.100000, 1.150000, 4.127523
0.150000, 1.150000, 4.039099
0.200000, 1.150000, 4.095867
0.250000, 1.150000, 4.295624
0.300000, 1.150000, 4.608168
0.350000, 1.150000, 4.982300
0.400000, 1.150000, 5.357316
0.450000, 1.150000, 5.676470
0.500000, 1.150000, 5.899466
0.550000, 1.150000, 6.011250
0.600000, 1.150000, 6.025193
0.650000, 1.150000, 5.979965
0.700000, 1.150000, 5.930784
0.750000, 1.150000, 5.936977
0.800000, 1.150000, 6.048560
0.850000, 1.150000, 6.294779
0.900000, 1.150000, 6.677138
0.950000, 1.150000, 7.168448
1.000000, 1.150000, 7.718120
1.050000, 1.150000, 8.262576
1.100000, 1.150000, 8.738522
1.150000, 1.150000, 9.096220
1.200000, 1.150000, 9.309866
1.250000, 1.150000, 9.382845
1.300000, 1.150000, 9.346713
1.350000, 1.150000, 9.254155
1.400000, 1.150000, 9.167440
1.450000, 1.150000, 9.144915
1.500000, 1.150000, 9.228450
1.550000, 1.150000, 9.434603
1.600000, 1.150000, 9.751386
1.650000, 1.150000, 10.141349
1.700000, 1.150000, 10.550287
1.750000, 1.150000, 10.919654
1.800000, 1.150000, 11.199956
1.850000, 1.150000, 11.362197
1.900000, 1.150000, 11.404839
1.950000, 1.150000, 11.354765
2.000000, 1.150000, 11.261992
0.000000, 1.200000, 5.368685
0.050000, 1.200000, 5.089051
0.100000, 1.200000, 4.877756
0.150000, 1.200000, 4.785695
0.200000, 1.200000, 4.840023
0.250000, 1.200000, 5.038851
0.300000, 1.200000, 5.352197
0.350000, 1.200000, 5.728978
0.400000, 1.200000, 6.108491
0.450000, 1.200000, 6.433869
0.500000, 1.200000, 6.664579
0.550000, 1.200000, 6.785224
0.600000, 1.200000, 6.808734
0.650000, 1.200000, 6.773261
0.700000, 1.200000, 6.733456
0.750000, 1.200000, 6.748052
0.800000, 1.200000, 6.866470
0.850000, 1.200000, 7.117398
0.900000, 1.200000, 7.501842
0.950000, 1.200000, 7.992203
1.000000, 1.200000, 8.537596
1.050000, 1.200000, 9.074284
1.100000, 1.200000, 9.538959
1.150000, 1.200000, 9.882031
1.200000, 1.200000, 10.078001
1.250000, 1.200000, 10.130715
1.300000, 1.200000, 10.072336
1.350000, 1.200000, 9.956279
1.400000, 1.200000, 9.845648
1.450000, 1.200000, 9.799688
1.500000, 1.200000, 9.861211
1.550000, 1.200000, 10.047710
1.600000, 1.200000, 10.348096
1.650000, 1.200000, 10.725739
1.700000, 1.200000, 11.127137
1.750000, 1.200000, 11.494297
1.800000, 1.200000, 11.778103
1.850000, 1.200000, 11.949730
1.900000, 1.200000, 12.007597
1.950000, 1.200000, 11.978318
2.000000, 1.200000, 11.911416
0.000000, 1.250000, 6.187518
0.050000, 1.250000, 5.902983
0.100000, 1.250000, 5.687203
0.150000, 1.250000, 5.591545
0.200000, 1.250000, 5.643577
0.250000, 1.250000, 5.841736
0.300000, 1.250000, 6.156260
0.350000, 1.250000, 6.536163
0.400000, 1.250000, 6.920704
0.450000, 1.250000, 7.252846
0.500000, 1.250000, 7.491755
0.550000, 1.250000, 7.621613
0.600000, 1.250000, 7.654833
0.650000, 1.250000, 7.628974
0.700000, 1.250000, 7.598051
0.750000, 1.250000, 7.620147
0.800000, 1.250000, 7.744056
0.850000, 1.250000, 7.997899
0.900000, 1.250000, 8.382204
0.950000, 1.250000, 8.869017
1.000000, 1.250000, 9.407247
1.050000, 1.250000, 9.933110
1.100000, 1.250000, 10.383439
1.150000, 1.250000, 10.708957
1.200000, 1.250000, 10.884663
1.250000, 1.250000, 10.915058
1.300000, 1.250000, 10.833106
1.350000, 1.250000, 10.693133
1.400000, 1.250000, 10.559228
1.450000, 1.250000, 10.491661
1.500000, 1.250000, 10.534257
1.550000, 1.250000, 10.705466
1.600000, 1.250000, 10.995055
1.650000, 1.250000, 11.367108
1.700000, 1.250000, 11.768655
1.750000, 1.250000, 12.142021
1.800000, 1.250000, 12.438168
1.850000, 1.250000, 12.628101
1.900000, 1.250000, 12.709812
1.950000, 1.250000, 12.709235
2.000000, 1.250000, 12.674985
0.000000, 1.300000, 7.011653
0.050000, 1.300000, 6.722140
0.100000, 1.300000, 6.501844
0.150000, 1.300000, 6.402638
0.200000, 1.300000, 6.452529
0.250000, 1.300000, 6.650292
0.300000, 1.300000, 6.966380
0.350000, 1.300000, 7.349878
0.400000, 1.300000, 7.739968
0.450000, 1.300000, 8.079382
0.500000, 1.300000, 8.326914
0.550000, 1.300000, 8.466248
0.600000, 1.300000, 8.509197
0.650000, 1.300000, 8.492651
0.700000, 1.300000, 8.469922
0.750000, 1.300000, 8.498399
0.800000, 1.300000, 8.626232
0.850000, 1.300000, 8.880982
0.900000, 1.300000, 9.262747
0.950000, 1.300000, 9.743299
1.000000, 1.300000, 10.271453
1.050000, 1.300000, 10.783535
1.100000, 1.300000, 11.216686
1.150000, 1.300000, 11.522144
1.200000, 1.300000, 11.675602
1.250000, 1.300000, 11.682424
1.300000, 1.300000, 11.576559
1.350000, 1.300000, 11.413404
1.400000, 1.300000, 11.258156
1.450000, 1.300000, 11.172178
1.500000, 1.300000, 11.200316
1.550000, 1.300000, 11.361921
1.600000, 1.300000, 11.647488
1.650000, 1.300000, 12.021614
1.700000, 1.300000, 12.431591
1.750000, 1.300000, 12.819732
1.800000, 1.300000, 13.136701
1.850000, 1.300000, 13.352916
1.900000, 1.300000, 13.465510
1.950000, 1.300000, 13.499312
2.000000, 1.300000, 13.501627
0.000000, 1.350000, 7.787064
0.050000, 1.350000, 7.492502
0.100000, 1.350000, 7.267664
0.150000, 1.350000, 7.164967
0.200000, 1.350000, 7.212883
0.250000, 1.350000, 7.410534
0.300000, 1.350000, 7.728578
0.350000, 1.350000, 8.116146
0.400000, 1.350000, 8.512290
0.450000, 1.350000, 8.859450
0.500000, 1.350000, 9.115967
0.550000, 1.350000, 9.264943
0.600000, 1.350000, 9.317508
0.650000, 1.350000, 9.309808
0.700000, 1.350000, 9.294396
0.750000, 1.350000, 9.327932
0.800000, 1.350000, 9.457918
0.850000, 1.350000, 9.711391
0.900000, 1.350000, 10.088089
0.950000, 1.350000, 10.559620
1.000000, 1.350000, 11.074854
1.050000, 1.350000, 11.570400
1.100000, 1.350000, 11.983910
1.150000, 1.350000, 12.267343
1.200000, 1.350000, 12.397304
1.250000, 1.350000, 12.380209
1.300000, 1.350000, 12.251162
1.350000, 1.350000, 12.066755
1.400000, 1.350000, 11.893363
1.450000, 1.350000, 11.793444
1.500000, 1.350000, 11.812796
1.550000, 1.350000, 11.971524
1.600000, 1.350000, 12.260625
1.650000, 1.350000, 12.644911
1.700000, 1.350000, 13.071578
1.750000, 1.350000, 13.482519
1.800000, 1.350000, 13.827659
1.850000, 1.350000, 14.076380
1.900000, 1.350000, 14.224520
1.950000, 1.350000, 14.295406
2.000000, 1.350000, 14.334697
0.000000, 1.400000, 8.465011
0.050000, 1.400000, 8.165332
0.100000, 1.400000, 7.935931
0.150000, 1.400000, 7.829810
0.200000, 1.400000, 7.875927
0.250000, 1.400000, 8.073761
0.300000, 1.400000, 8.394163
0.350000, 1.400000, 8.786272
0.400000, 1.400000, 9.188959
0.450000, 1.400000, 9.544295
0.500000, 1.400000, 9.810089
0.550000, 1.400000, 9.968771
0.600000, 1.400000, 10.030704
0.650000, 1.400000, 10.031219
0.700000, 1.400000, 10.022061
0.750000, 1.400000, 10.059145
0.800000, 1.400000, 10.189339
0.850000, 1.400000, 10.439215
0.900000, 1.400000, 10.808251
0.950000, 1.400000, 11.268033
1.000000, 1.400000, 11.767659
1.050000, 1.400000, 12.244223
1.100000, 1.400000, 12.636106
1.150000, 1.400000, 12.896210
1.200000, 1.400000, 13.002253
1.250000, 1.400000, 12.961886
1.300000, 1.400000, 12.811495
1.350000, 1.400000, 12.608944
1.400000, 1.400000, 12.421787
1.450000, 1.400000, 12.313498
1.500000, 1.400000, 12.330667
1.550000, 1.400000, 12.493908
1.600000, 1.400000, 12.794402
1.650000, 1.400000, 13.196790
1.700000, 1.400000, 13.647738
1.750000, 1.400000, 14.088256
1.800000, 1.400000, 14.467065
1.850000, 1.400000, 14.752070
1.900000, 1.400000, 14.937426
1.950000, 1.400000, 15.044646
2.000000, 1.400000, 15.117534
0.000000, 1.450000, 9.006801
0.050000, 1.450000, 8.701940
0.100000, 1.450000, 8.467963
0.150000, 1.450000, 8.358492
0.200000, 1.450000, 8.402998
0.250000, 1.450000, 8.601322
0.300000, 1.450000, 8.924489
0.350000, 1.450000, 9.321605
0.400000, 1.450000, 9.731301
0.450000, 1.450000, 10.095200
0.500000, 1.450000, 10.370487
0.550000, 1.450000, 10.538832
0.600000, 1.450000, 10.609748
0.650000, 1.450000, 10.617687
0.700000, 1.450000, 10.613546
0.750000, 1.450000, 10.652493
0.800000, 1.450000, 10.780806
0.850000, 1.450000, 11.024677
0.900000, 1.450000, 11.383452
0.950000, 1.450000, 11.828863
1.000000, 1.450000, 12.310440
1.050000, 1.450000, 12.765985
1.100000, 1.450000, 13.134836
1.150000, 1.450000, 13.371054
1.200000, 1.450000, 13.453663
1.250000, 1.450000, 13.391689
1.300000, 1.450000, 13.222887
1.350000, 1.450000, 13.006395
1.400000, 1.450000, 12.810868
1.450000, 1.450000, 12.700629
1.500000, 1.450000, 12.722804
1.550000, 1.450000, 12.898174
1.600000, 1.450000, 13.217697
1.650000, 1.450000, 13.645390
1.700000, 1.450000, 14.126903
1.750000, 1.450000, 14.601885
1.800000, 1.450000, 15.017409
1.850000, 1.450000, 15.339522
1.900000, 1.450000, 15.560405
1.950000, 1.450000, 15.699593
2.000000, 1.450000, 15.799011
0.000000, 1.500000, 9.387566
0.050000, 1.500000, 9.077466
0.100000, 1.500000, 8.838906
0.150000, 1.500000, 8.726169
0.200000, 1.500000, 8.769263
0.250000, 1.500000, 8.968392
0.300000, 1.500000, 9.294735
0.350000, 1.500000, 9.697321
0.400000, 1.500000, 10.114466
0.450000, 1.500000, 10.487264
0.500000, 1.500000, 10.772183
0.550000, 1.500000, 10.950039
0.600000, 1.500000, 11.029414
0.650000, 1.500000, 11.043826
0.700000, 1.500000, 11.043302
0.750000, 1.500000, 11.082281
0.800000, 1.500000, 11.206517
0.850000, 1.500000, 11.441933
0.900000, 1.500000, 11.787907
0.950000, 1.500000, 12.216512
1.000000, 1.500000, 12.677936
1.050000, 1.500000, 13.110924
1.100000, 1.500000, 13.456001
1.150000, 1.500000, 13.668594
1.200000, 1.500000, 13.729190
1.250000, 1.500000, 13.648288
1.300000, 1.500000, 13.465029
1.350000, 1.500000, 13.239751
1.400000, 1.500000, 13.042041
1.450000, 1.500000, 12.936808
1.500000, 1.500000, 12.971357
1.550000, 1.500000, 13.166216
1.600000, 1.500000, 13.511643
1.650000, 1.500000, 13.970525
1.700000, 1.500000, 14.487010
1.750000, 1.500000, 14.998934
1.800000, 1.500000, 15.451345
1.850000, 1.500000, 15.808165
1.900000, 1.500000, 16.059474
1.950000, 1.500000, 16.222853
2.000000, 1.500000, 16.338549
0.000000, 1.550000, 9.598697
0.050000, 1.550000, 9.283304
0.100000, 1.550000, 9.040161
0.150000, 1.550000, 8.924252
0.200000, 1.550000, 8.966144
0.250000, 1.550000, 9.166405
0.300000, 1.550000, 9.496338
0.350000, 1.550000, 9.904845
0.400000, 1.550000, 10.329852
0.450000, 1.550000, 10.711832
0.500000, 1.550000, 11.006439
0.550000, 1.550000, 11.193540
0.600000, 1.550000, 11.280715
0.650000, 1.550000, 11.300497
0.700000, 1.550000, 11.302043
0.750000, 1.550000, 11.339101
0.800000, 1.550000, 11.456994
0.850000, 1.550000, 11.681521
0.900000, 1.550000, 12.012279
0.950000, 1.550000, 12.421906
1.000000, 1.550000, 12.861489
1.050000, 1.550000, 13.270959
1.100000, 1.550000, 13.592250
1.150000, 1.550000, 13.782333
1.200000, 1.550000, 13.823275
1.250000, 1.550000, 13.727083
1.300000, 1.550000, 13.534220
1.350000, 1.550000, 13.306065
1.400000, 1.550000, 13.112868
1.450000, 1.550000, 13.019764
1.500000, 1.550000, 13.073802
1.550000, 1.550000, 13.294762
1.600000, 1.550000, 13.671681
1.650000, 1.550000, 14.165815
1.700000, 1.550000, 14.719347
1.750000, 1.550000, 15.267927
1.800000, 1.550000, 15.754328
1.850000, 1.550000, 16.140247
1.900000, 1.550000, 16.413736
1.950000, 1.550000, 16.590681
2.000000, 1.550000, 16.710091
0.000000, 1.600000, 9.648675
0.050000, 1.600000, 9.327941
0.100000, 1.600000, 9.080224
0.150000, 1.600000, 8.961247
0.200000, 1.600000, 9.002158
0.250000, 1.600000, 9.203884
0.300000, 1.600000, 9.537826
0.350000, 1.600000, 9.952693
0.400000, 1.600000, 10.385944
0.450000, 1.600000, 10.777332
0.500000, 1.600000, 11.081595
0.550000, 1.600000, 11.277563
0.600000, 1.600000, 11.371742
0.650000, 1.600000, 11.395653
0.700000, 1.600000, 11.397590
0.750000, 1.600000, 11.430680
0.800000, 1.600000, 11.539937
0.850000, 1.600000, 11.751210
0.900000, 1.600000, 12.064528
0.950000, 1.600000, 12.453341
1.000000, 1.600000, 12.869885
1.050000, 1.600000, 13.255518
1.100000, 1.600000, 13.553782
1.150000, 1.600000, 13.723335
1.200000, 1.600000, 13.747881
1.250000, 1.600000, 13.640892
1.300000, 1.600000, 13.444007
1.350000, 1.600000, 13.219385
1.400000, 1.600000, 13.037581
1.450000, 1.600000, 12.963507
1.500000, 1.600000, 13.043448
1.550000, 1.600000, 13.295900
1.600000, 1.600000, 13.708160
1.650000, 1.600000, 14.239379
1.700000, 1.600000, 14.829399
1.750000, 1.600000, 15.411443
1.800000, 1.600000, 15.925929
1.850000, 1.600000, 16.332442
1.900000, 1.600000, 16.617312
1.950000, 1.600000, 16.795236
2.000000, 1.600000, 16.904666
0.000000, 1.650000, 9.562239
0.050000, 1.650000, 9.236122
0.100000, 1.650000, 8.983847
0.150000, 1.650000, 8.861915
0.200000, 1.650000, 8.902076
0.250000, 1.650000, 9.105612
0.300000, 1.650000, 9.443980
0.350000, 1.650000, 9.865634
0.400000, 1.650000, 10.307475
0.450000, 1.650000, 10.708435
0.500000, 1.650000, 11.022234
0.550000, 1.650000, 11.226577
0.600000, 1.650000, 11.326837
0.650000, 1.650000, 11.353502
0.700000, 1.650000, 11.354043
0.750000, 1.650000, 11.381059
0.800000, 1.650000, 11.479404
0.850000, 1.650000, 11.675181
0.900000, 1.650000, 11.969091
0.950000, 1.650000, 12.335656
1.000000, 1.650000, 12.728515
1.050000, 1.650000, 13.090677
1.100000, 1.650000, 13.367465
1.150000, 1.650000, 13.519306
1.200000, 1.650000, 13.531532
1.250000, 1.650000, 13.418953
1.300000, 1.650000, 13.224141
1.350000, 1.650000, 13.009680
1.400000, 1.650000, 12.845978
1.450000, 1.650000, 12.797208
1.500000, 1.650000, 12.908339
1.550000, 1.650000, 13.196043
1.600000, 1.650000, 13.645388
1.650000, 1.650000, 14.213034
1.700000, 1.650000, 14.836240
1.750000, 1.650000, 15.445736
1.800000, 1.650000, 15.979724
1.850000, 1.650000, 16.396021
1.900000, 1.650000, 16.679793
1.950000, 1.650000, 16.845282
2.000000, 1.650000, 16.931268
0.000000, 1.700000, 9.377956
0.050000, 1.700000, 9.046421
0.100000, 1.700000, 8.789611
0.150000, 1.700000, 8.664847
0.200000, 1.700000, 8.704503
0.250000, 1.700000, 8.910198
0.300000, 1.700000, 9.253409
0.350000, 1.700000, 9.682261
0.400000, 1.700000, 10.133002
0.450000, 1.700000, 10.543635
0.500000, 1.700000, 10.866760
0.550000, 1.700000, 11.078873
0.600000, 1.700000, 11.184164
0.650000, 1.700000, 11.212093
0.700000, 1.700000, 11.209365
0.750000, 1.700000, 11.228173
0.800000, 1.700000, 11.313394
0.850000, 1.700000, 11.491612
0.900000, 1.700000, 11.764462
0.950000, 1.700000, 12.107803
1.000000, 1.700000, 12.476931
1.050000, 1.700000, 12.816703
1.100000, 1.700000, 13.074343
1.150000, 1.700000, 13.212076
1.200000, 1.700000, 13.216761
1.250000, 1.700000, 13.104332
1.300000, 1.700000, 12.917950
1.350000, 1.700000, 12.720179
1.400000, 1.700000, 12.580758
1.450000, 1.700000, 12.562552
1.500000, 1.700000, 12.708656
1.550000, 1.700000, 13.033407
1.600000, 1.700000, 13.519239
1.650000, 1.700000, 14.120071
1.700000, 1.700000, 14.770514
1.750000, 1.700000, 15.398955
1.800000, 1.700000, 15.941755
1.850000, 1.700000, 16.355561
1.900000, 1.700000, 16.625154
1.950000, 1.700000, 16.765253
2.000000, 1.700000, 16.815980
0.000000, 1.750000, 9.144444
0.050000, 1.750000, 8.807462
0.100000, 1.750000, 8.546148
0.150000, 1.750000, 8.418688
0.200000, 1.750000, 8.458090
0.250000, 1.750000, 8.666304
0.300000, 1.750000, 9.014772
0.350000, 1.750000, 9.451214
0.400000, 1.750000, 9.911123
0.450000, 1.750000, 10.331464
0.500000, 1.750000, 10.663614
0.550000, 1.750000, 10.882779
0.600000, 1.750000, 10.991938
0.650000, 1.750000, 11.019539
0.700000, 1.750000, 11.011607
0.750000, 1.750000, 11.020083
0.800000, 1.750000, 11.090075
0.850000, 1.750000, 11.248902
0.900000, 1.750000, 11.499411
0.950000, 1.750000, 11.819066
1.000000, 1.750000, 12.165048
1.050000, 1.750000, 12.484228
1.100000, 1.750000, 12.725794
1.150000, 1.750000, 12.853714
1.200000, 1.750000, 12.856193
1.250000, 1.750000, 12.749969
1.300000, 1.750000, 12.578362
1.350000, 1.750000, 12.403391
1.400000, 1.750000, 12.293547
1.450000, 1.750000, 12.309806
1.500000, 1.750000, 12.492852
1.550000, 1.750000, 12.854258
1.600000, 1.750000, 13.373554
1.650000, 1.750000, 14.001839
1.700000, 1.750000, 14.671226
1.750000, 1.750000, 15.308154
1.800000, 1.750000, 15.847763
1.850000, 1.750000, 16.246348
1.900000, 1.750000, 16.489279
1.950000, 1.750000, 16.592802
2.000000, 1.750000, 16.599429
0.000000, 1.800000, 8.915605
0.050000, 1.800000, 8.573155
0.100000, 1.800000, 8.307379
0.150000, 1.800000, 8.177366
0.200000, 1.800000, 8.216778
0.250000, 1.800000, 8.427874
0.300000, 1.800000, 8.782011
0.350000, 1.800000, 9.226415
0.400000, 1.800000, 9.695718
0.450000, 1.800000, 10.125733
0.500000, 1.800000, 10.466512
0.550000, 1.800000, 10.691908
0.600000, 1.800000, 10.803661
0.650000, 1.800000, 10.829258
0.700000, 1.800000, 10.814155
0.750000, 1.800000, 10.810220
0.800000, 1.800000, 10.863032
0.850000, 1.800000, 11.000921
0.900000, 1.800000, 11.228225
0.950000, 1.800000, 11.524278
1.000000, 1.800000, 11.848349
1.050000, 1.800000, 12.149432
1.100000, 1.800000, 12.378680
1.150000, 1.800000, 12.501658
1.200000, 1.800000, 12.507641
1.250000, 1.800000, 12.413758
1.300000, 1.800000, 12.262973
1.350000, 1.800000, 12.116172
1.400000, 1.800000, 12.039997
1.450000, 1.800000, 12.092971
1.500000, 1.800000, 12.312904
1.550000, 1.800000, 12.708300
1.600000, 1.800000, 13.255682
1.650000, 1.800000, 13.903468
1.700000, 1.800000, 14.581668
1.750000, 1.800000, 15.215405
1.800000, 1.800000, 15.739447
1.850000, 1.800000, 16.110741
1.900000, 1.800000, 16.316330
1.950000, 1.800000, 16.375064
2.000000, 1.800000, 16.332811
0.000000, 1.850000, 8.745351
0.050000, 1.850000, 8.397419
0.100000, 1.850000, 8.127228
0.150000, 1.850000, 7.994817
0.200000, 1.850000, 8.034512
0.250000, 1.850000, 8.248861
0.300000, 1.850000, 8.609072
0.350000, 1.850000, 9.061788
0.400000, 1.850000, 9.540664
0.450000, 1.850000, 9.980249
0.500000, 1.850000, 10.329172
0.550000, 1.850000, 10.559871
0.600000, 1.850000, 10.672851
0.650000, 1.850000, 10.694701
0.700000, 1.850000, 10.670454
0.750000, 1.850000, 10.652114
0.800000, 1.850000, 10.685993
0.850000, 1.850000, 10.801722
0.900000, 1.850000, 11.005419
0.950000, 1.850000, 11.278528
1.000000, 1.850000, 11.582568
1.050000, 1.850000, 11.868711
1.100000, 1.850000, 12.089984
1.150000, 1.850000, 12.213324
1.200000, 1.850000, 12.228693
1.250000, 1.850000, 12.153117
1.300000, 1.850000, 12.028613
1.350000, 1.850000, 11.914319
1.400000, 1.850000, 11.874428
1.450000, 1.850000, 11.964510
1.500000, 1.850000, 12.219150
1.550000, 1.850000, 12.643645
1.600000, 1.850000, 13.211621
1.650000, 1.850000, 13.869191
1.700000, 1.850000, 14.544899
1.750000, 1.850000, 15.163415
1.800000, 1.850000, 15.660167
1.850000, 1.850000, 15.993868
1.900000, 1.850000, 16.154337
1.950000, 1.850000, 16.164014
2.000000, 1.850000, 16.072884
0.000000, 1.900000, 8.682319
0.050000, 1.900000, 8.328896
0.100000, 1.900000, 8.054350
0.150000, 1.900000, 7.919705
0.200000, 1.900000, 7.959966
0.250000, 1.900000, 8.177941
0.300000, 1.900000, 8.544626
0.350000, 1.900000, 9.005978
0.400000, 1.900000, 9.494561
0.450000, 1.900000, 9.943539
0.500000, 1.900000, 10.300029
0.550000, 1.900000, 10.535008
0.600000, 1.900000, 10.647762
0.650000, 1.900000, 10.664078
0.700000, 1.900000, 10.628736
0.750000, 1.900000, 10.594117
0.800000, 1.900000, 10.607551
0.850000, 1.900000, 10.700270
0.900000, 1.900000, 10.880448
0.950000, 1.900000, 11.131852
1.000000, 1.900000, 11.418369
1.050000, 1.900000, 11.693323
1.100000, 1.900000, 11.911446
1.150000, 1.900000, 12.040714
1.200000, 1.900000, 12.071307
1.250000, 1.900000, 12.019574
1.300000, 1.900000, 11.925953
1.350000, 1.900000, 11.847205
1.400000, 1.900000, 11.844531
1.450000, 1.900000, 11.970140
1.500000, 1.900000, 12.255205
1.550000, 1.900000, 12.701881
1.600000, 1.900000, 13.281238
1.650000, 1.900000, 13.937710
1.700000, 1.900000, 14.599239
1.750000, 1.900000, 15.191092
1.800000, 1.900000, 15.650502
1.850000, 1.900000, 15.939084
1.900000, 1.900000, 16.050444
1.950000, 1.900000, 16.011375
2.000000, 1.900000, 15.876413
0.000000, 1.950000, 8.765109
0.050000, 1.950000, 8.406195
0.100000, 1.950000, 8.127360
0.150000, 1.950000, 7.990656
0.200000, 1.950000, 8.031776
0.250000, 1.950000, 8.253755
0.300000, 1.950000, 8.627304
0.350000, 1.950000, 9.097589
0.400000, 1.950000, 9.595961
0.450000, 1.950000, 10.054085
0.500000, 1.950000, 10.417476
0.550000, 1.950000, 10.655619
0.600000, 1.950000, 10.766623
0.650000, 1.950000, 10.775595
0.700000, 1.950000, 10.727262
0.750000, 1.950000, 10.674649
0.800000, 1.950000, 10.666404
0.850000, 1.950000, 10.735665
0.900000, 1.950000, 10.892924
0.950000, 1.950000, 11.124447
1.000000, 1.950000, 11.396535
1.050000, 1.950000, 11.664565
1.100000, 1.950000, 11.884704
1.150000, 1.950000, 12.025543
1.200000, 1.950000, 12.076932
1.250000, 1.950000, 12.053901
1.300000, 1.950000, 11.994660
1.350000, 1.950000, 11.952996
1.400000, 1.950000, 11.986655
1.450000, 1.950000, 12.144232
1.500000, 1.950000, 12.453488
1.550000, 1.950000, 12.913730
1.600000, 1.950000, 13.494065
1.650000, 1.950000, 14.138103
1.700000, 1.950000, 14.774243
1.750000, 1.950000, 15.329520
1.800000, 1.950000, 15.744140
1.850000, 1.950000, 15.983665
1.900000, 1.950000, 16.046279
1.950000, 1.950000, 15.963570
2.000000, 1.950000, 15.794620
0.000000, 2.000000, 9.018505
0.050000, 2.000000, 8.654108
0.100000, 2.000000, 8.371058
0.150000, 2.000000, 8.232480
0.200000, 2.000000, 8.274759
0.250000, 2.000000, 8.501123
0.300000, 2.000000, 8.881916
0.350000, 2.000000, 9.361404
0.400000, 2.000000, 9.869596
0.450000, 2.000000, 10.336544
0.500000, 2.000000, 10.706084
0.550000, 2.000000, 10.946193
0.600000, 2.000000, 11.053868
0.650000, 2.000000, 11.053684
0.700000, 2.000000, 10.990548
0.750000, 2.000000, 10.918415
0.800000, 2.000000, 10.887572
0.850000, 2.000000, 10.933359
0.900000, 2.000000, 11.068821
0.950000, 2.000000, 11.282849
1.000000, 2.000000, 11.544132
1.050000, 2.000000, 11.809912
1.100000, 2.000000, 12.037428
1.150000, 2.000000, 12.195370
1.200000, 2.000000, 12.272629
1.250000, 2.000000, 12.282250
1.300000, 2.000000, 12.259573
1.350000, 2.000000, 12.254886
1.400000, 2.000000, 12.322142
1.450000, 2.000000, 12.506249
1.500000, 2.000000, 12.831783
1.550000, 2.000000, 13.295739
1.600000, 2.000000, 13.866095
1.650000, 2.000000, 14.486688
1.700000, 2.000000, 15.087568
1.750000, 2.000000, 15.598746
1.800000, 2.000000, 15.964486
1.850000, 2.000000, 16.155133
1.900000, 2.000000, 16.173916
1.950000, 2.000000, 16.057219
2.000000, 2.000000, 15.868166
