0.000000, 0.000000, 1.118623
0.050000, 0.000000, 1.745805
0.100000, 0.000000, 2.214264
0.150000, 0.000000, 2.408527
0.200000, 0.000000, 2.270533
0.250000, 0.000000, 1.812295
0.300000, 0.000000, 1.113311
0.350000, 0.000000, 0.303254
0.400000, 0.000000, -0.466257
0.450000, 0.000000, -1.054680
0.500000, 0.000000, -1.363133
0.550000, 0.000000, -1.355912
0.600000, 0.000000, -1.068218
0.650000, 0.000000, -0.598428
0.700000, 0.000000, -0.086590
0.750000, 0.000000, 0.316163
0.800000, 0.000000, 0.480633
0.850000, 0.000000, 0.327781
0.900000, 0.000000, -0.153967
0.950000, 0.000000, -0.906127
1.000000, 0.000000, -1.812832
1.050000, 0.000000, -2.726011
1.100000, 0.000000, -3.497594
1.150000, 0.000000, -4.011713
1.200000, 0.000000, -4.209884
1.250000, 0.000000, -4.103683
1.300000, 0.000000, -3.772145
1.350000, 0.000000, -3.344473
1.400000, 0.000000, -2.971796
1.450000, 0.000000, -2.794164
1.500000, 0.000000, -2.909953
1.550000, 0.000000, -3.354366
1.600000, 0.000000, -4.091695
1.650000, 0.000000, -5.023062
1.700000, 0.000000, -6.007923
1.750000, 0.000000, -6.894660
1.800000, 0.000000, -7.553598
1.850000, 0.000000, -7.905243
1.900000, 0.000000, -7.937577
1.950000, 0.000000, -7.708664
2.000000, 0.000000, -7.333977
0.000000, 0.050000, 1.036027
0.050000, 0.050000, 1.669951
0.100000, 0.050000, 2.145193
0.150000, 0.050000, 2.346308
0.200000, 0.050000, 2.215261
0.250000, 0.050000, 1.764093
0.300000, 0.050000, 1.072325
0.350000, 0.050000, 0.269657
0.400000, 0.050000, -0.492272
0.450000, 0.050000, -1.072894
0.500000, 0.050000, -1.373308
0.550000, 0.050000, -1.357791
0.600000, 0.050000, -1.061525
0.650000, 0.050000, -0.582871
0.700000, 0.050000, -0.061865
0.750000, 0.050000, 0.350375
0.800000, 0.050000, 0.524659
0.850000, 0.050000, 0.381958
0.900000, 0.050000, -0.089297
0.950000, 0.050000, -0.830618
1.000000, 0.050000, -1.726135
1.050000, 0.050000, -2.627779
1.100000, 0.050000, -3.387483
1.150000, 0.050000, -3.889382
1.200000, 0.050000, -4.075001
1.250000, 0.050000, -3.955923
1.300000, 0.050000, -3.611196
1.350000, 0.050000, -3.170036
1.400000, 0.050000, -2.783586
1.450000, 0.050000, -2.591913
1.500000, 0.050000, -2.693414
1.550000, 0.050000, -3.123309
1.600000, 0.050000, -3.845915
1.650000, 0.050000, -4.762376
1.700000, 0.050000, -5.732170
1.750000, 0.050000, -6.603707
1.800000, 0.050000, -7.247339
1.850000, 0.050000, -7.583597
1.900000, 0.050000, -7.600492
1.950000, 0.050000, -7.356116
2.000000, 0.050000, -6.965970
0.000000, 0.100000, 0.926830
0.050000, 0.100000, 1.567537
0.100000, 0.100000, 2.049628
0.150000, 0.100000, 2.257684
0.200000, 0.100000, 2.133690
0.250000, 0.100000, 1.689711
0.300000, 0.100000, 1.005291
0.350000, 0.100000, 0.210148
0.400000, 0.100000, -0.544056
0.450000, 0.100000, -1.116738
0.500000, 0.100000, -1.408980
0.550000, 0.100000, -1.385044
0.600000, 0.100000, -1.080098
0.650000, 0.100000, -0.592492
0.700000, 0.100000, -0.062253
0.750000, 0.100000, 0.359510
0.800000, 0.100000, 0.543611
0.850000, 0.100000, 0.411024
0.900000, 0.100000, -0.049818
0.950000, 0.100000, -0.780429
1.000000, 0.100000, -1.664941
1.050000, 0.100000, -2.555290
1.100000, 0.100000, -3.303418
1.150000, 0.100000, -3.793469
1.200000, 0.100000, -3.966979
1.250000, 0.100000, -3.835546
1.300000, 0.100000, -3.478235
1.350000, 0.100000, -3.024276
1.400000, 0.100000, -2.624834
1.450000, 0.100000, -2.419998
1.500000, 0.100000, -2.508186
1.550000, 0.100000, -2.924643
1.600000, 0.100000, -3.633711
1.650000, 0.100000, -4.536562
1.700000, 0.100000, -5.492701
1.750000, 0.100000, -6.350568
1.800000, 0.100000, -6.980542
1.850000, 0.100000, -7.303186
1.900000, 0.100000, -7.306541
1.950000, 0.100000, -7.048731
2.000000, 0.100000, -6.645285
0.000000, 0.150000, 0.791692
0.050000, 0.150000, 1.439251
0.100000, 0.150000, 1.928282
0.150000, 0.150000, 2.143383
0.200000, 0.150000, 2.026557
0.250000, 0.150000, 1.589884
0.300000, 0.150000, 0.912923
0.350000, 0.150000, 0.125408
0.400000, 0.150000, -0.620991
0.450000, 0.150000, -1.185677
0.500000, 0.150000, -1.469723
0.550000, 0.150000, -1.437383
0.600000, 0.150000, -1.123820
0.650000, 0.150000, -0.627380
0.700000, 0.150000, -0.088087
0.750000, 0.150000, 0.342949
0.800000, 0.150000, 0.536542
0.850000, 0.150000, 0.413660
0.900000, 0.150000, -0.037268
0.950000, 0.150000, -0.757765
1.000000, 0.150000, -1.631975
1.050000, 0.150000, -2.511844
1.100000, 0.150000, -3.249328
1.150000, 0.150000, -3.728590
1.200000, 0.150000, -3.891182
1.250000, 0.150000, -3.748723
1.300000, 0.150000, -3.380299
1.350000, 0.150000, -2.915165
1.400000, 0.150000, -2.504510
1.450000, 0.150000, -2.288451
1.500000, 0.150000, -2.365432
1.550000, 0.150000, -2.770729
1.600000, 0.150000, -3.468713
1.650000, 0.150000, -4.360587
1.700000, 0.150000, -5.305890
1.750000, 0.150000, -6.153092
1.800000, 0.150000, -6.772607
1.850000, 0.150000, -7.085028
1.900000, 0.150000, -7.078433
1.950000, 0.150000, -6.810975
2.000000, 0.150000, -6.398220
0.000000, 0.200000, 0.631700
0.050000, 0.200000, 1.286206
0.100000, 0.200000, 1.782291
0.150000, 0.200000, 2.004559
0.200000, 0.200000, 1.895022
0.250000, 0.200000, 1.465767
0.300000, 0.200000, 0.796357
0.350000, 0.200000, 0.016530
0.400000, 0.200000, -0.722040
0.450000, 0.200000, -1.278756
0.500000, 0.200000, -1.554691
0.550000, 0.200000, -1.514101
0.600000, 0.200000, -1.192153
0.650000, 0.200000, -0.687198
0.700000, 0.200000, -0.139267
0.750000, 0.200000, 0.300520
0.800000, 0.200000, 0.502967
0.850000, 0.200000, 0.389030
0.900000, 0.200000, -0.052879
0.950000, 0.200000, -0.764297
1.000000, 0.200000, -1.629387
1.050000, 0.200000, -2.500116
1.100000, 0.200000, -3.228461
1.150000, 0.200000, -3.698608
1.200000, 0.200000, -3.852134
1.250000, 0.200000, -3.700684
1.300000, 0.200000, -3.323372
1.350000, 0.200000, -2.849482
1.400000, 0.200000, -2.430233
1.450000, 0.200000, -2.205772
1.500000, 0.200000, -2.274576
1.550000, 0.200000, -2.671952
1.600000, 0.200000, -3.362305
1.650000, 0.200000, -4.246871
1.700000, 0.200000, -5.185221
1.750000, 0.200000, -6.025860
1.800000, 0.200000, -6.639234
1.850000, 0.200000, -6.945971
1.900000, 0.200000, -6.934178
1.950000, 0.200000, -6.662042
2.000000, 0.200000, -6.245158
0.000000, 0.250000, 0.448336
0.050000, 0.250000, 1.109911
0.100000, 0.250000, 1.613185
0.150000, 0.250000, 1.842760
0.200000, 0.250000, 1.740641
0.250000, 0.250000, 1.318909
0.300000, 0.250000, 0.657120
0.350000, 0.250000, -0.114996
0.400000, 0.250000, -0.845774
0.450000, 0.250000, -1.394629
0.500000, 0.250000, -1.662646
0.550000, 0.250000, -1.614094
0.600000, 0.250000, -1.284155
0.650000, 0.250000, -0.771197
0.700000, 0.250000, -0.215268
0.750000, 0.250000, 0.232492
0.800000, 0.250000, 0.442866
0.850000, 0.250000, 0.336788
0.900000, 0.250000, -0.097351
0.950000, 0.250000, -0.801116
1.000000, 0.250000, -1.658692
1.050000, 0.250000, -2.522075
1.100000, 0.250000, -3.243269
1.150000, 0.250000, -3.706488
1.200000, 0.250000, -3.853339
1.250000, 0.250000, -3.695497
1.300000, 0.250000, -3.312106
1.350000, 0.250000, -2.832480
1.400000, 0.250000, -2.407871
1.450000, 0.250000, -2.178455
1.500000, 0.250000, -2.242741
1.550000, 0.250000, -2.636066
1.600000, 0.250000, -3.322865
1.650000, 0.250000, -4.204403
1.700000, 0.250000, -5.140282
1.750000, 0.250000, -5.979032
1.800000, 0.250000, -6.591126
1.850000, 0.250000, -6.897218
1.900000, 0.250000, -6.885438
1.950000, 0.250000, -6.613995
2.000000, 0.250000, -6.198503
0.000000, 0.300000, 0.243447
0.050000, 0.300000, 0.912239
0.100000, 0.300000, 1.422861
0.150000, 0.300000, 1.659895
0.200000, 0.300000, 1.565327
0.250000, 0.300000, 1.151216
0.300000, 0.300000, 0.497097
0.350000, 0.300000, -0.267324
0.400000, 0.300000, -0.990408
0.450000, 0.300000, -1.531590
0.500000, 0.300000, -1.791986
0.550000, 0.300000, -1.735888
0.600000, 0.300000, -1.398508
0.650000, 0.300000, -0.878240
0.700000, 0.300000, -0.315163
0.750000, 0.300000, 0.139557
0.800000, 0.300000, 0.356671
0.850000, 0.300000, 0.257084
0.900000, 0.300000, -0.170845
0.950000, 0.300000, -0.868709
1.000000, 0.300000, -1.720725
1.050000, 0.300000, -2.578919
1.100000, 0.300000, -3.295324
1.150000, 0.300000, -3.754185
1.200000, 0.300000, -3.897138
1.250000, 0.300000, -3.735884
1.300000, 0.300000, -3.349597
1.350000, 0.300000, -2.867617
1.400000, 0.300000, -2.441220
1.450000, 0.300000, -2.210605
1.500000, 0.300000, -2.274306
1.550000, 0.300000, -2.667679
1.600000, 0.300000, -3.355178
1.650000, 0.300000, -4.238084
1.700000, 0.300000, -5.176014
1.750000, 0.300000, -6.017509
1.800000, 0.300000, -6.633054
1.850000, 0.300000, -6.943308
1.900000, 0.300000, -6.936405
1.950000, 0.300000, -6.670557
2.000000, 0.300000, -6.261376
0.000000, 0.350000, 0.019202
0.050000, 0.350000, 0.695381
0.100000, 0.350000, 1.213529
0.150000, 0.350000, 1.458190
0.200000, 0.350000, 1.371310
0.250000, 0.350000, 0.964911
0.300000, 0.350000, 0.318486
0.350000, 0.350000, -0.438298
0.400000, 0.350000, -1.153840
0.450000, 0.350000, -1.687621
0.500000, 0.350000, -1.940791
0.550000, 0.350000, -1.877688
0.600000, 0.350000, -1.533560
0.650000, 0.350000, -1.006842
0.700000, 0.350000, -0.437651
0.750000, 0.350000, 0.022809
0.800000, 0.350000, 0.245252
0.850000, 0.350000, 0.150549
0.900000, 0.350000, -0.272976
0.950000, 0.350000, -0.966948
1.000000, 0.350000, -1.815615
1.050000, 0.350000, -2.671031
1.100000, 0.350000, -3.385255
1.150000, 0.350000, -3.842556
1.200000, 0.350000, -3.984591
1.250000, 0.350000, -3.823082
1.300000, 0.350000, -3.437217
1.350000, 0.350000, -2.956350
1.400000, 0.350000, -2.531765
1.450000, 0.350000, -2.303671
1.500000, 0.350000, -2.370603
1.550000, 0.350000, -2.767916
1.600000, 0.350000, -3.460062
1.650000, 0.350000, -4.348315
1.700000, 0.350000, -5.292279
1.750000, 0.350000, -6.140482
1.800000, 0.350000, -6.763388
1.850000, 0.350000, -7.081635
1.900000, 0.350000, -7.083331
1.950000, 0.350000, -6.826656
2.000000, 0.350000, -6.427188
0.000000, 0.400000, -0.221964
0.050000, 0.400000, 0.461799
0.100000, 0.400000, 0.987671
0.150000, 0.400000, 1.240137
0.200000, 0.400000, 1.161086
0.250000, 0.400000, 0.762478
0.300000, 0.400000, 0.123749
0.350000, 0.400000, -0.625494
0.400000, 0.400000, -1.333709
0.450000, 0.400000, -1.860433
0.500000, 0.400000, -2.106872
0.550000, 0.400000, -2.037417
0.600000, 0.400000, -1.687367
0.650000, 0.400000, -1.155208
0.700000, 0.400000, -0.581100
0.750000, 0.400000, -0.116294
0.800000, 0.400000, 0.109887
0.850000, 0.400000, 0.018278
0.900000, 0.400000, -0.402831
0.950000, 0.400000, -1.095092
1.000000, 0.400000, -1.942776
1.050000, 0.400000, -2.797957
1.100000, 0.400000, -3.512709
1.150000, 0.400000, -3.971309
1.200000, 0.400000, -4.115420
1.250000, 0.400000, -3.956762
1.300000, 0.400000, -3.574517
1.350000, 0.400000, -3.098028
1.400000, 0.400000, -2.678564
1.450000, 0.400000, -2.456310
1.500000, 0.400000, -2.529773
1.550000, 0.400000, -2.934279
1.600000, 0.400000, -3.634240
1.650000, 0.400000, -4.530887
1.700000, 0.400000, -5.483777
1.750000, 0.400000, -6.341385
1.800000, 0.400000, -6.974119
1.850000, 0.400000, -7.302554
1.900000, 0.400000, -7.314733
1.950000, 0.400000, -7.068765
2.000000, 0.400000, -6.680158
0.000000, 0.450000, -0.477399
0.050000, 0.450000, 0.214165
0.100000, 0.450000, 0.747976
0.150000, 0.450000, 1.008439
0.200000, 0.450000, 0.937358
0.250000, 0.450000, 0.546611
0.300000, 0.450000, -0.084446
0.350000, 0.450000, -0.826287
0.400000, 0.450000, -1.527446
0.450000, 0.450000, -2.047531
0.500000, 0.450000, -2.287823
0.550000, 0.450000, -2.212774
0.600000, 0.450000, -1.857747
0.650000, 0.450000, -1.321283
0.700000, 0.450000, -0.743593
0.750000, 0.450000, -0.275969
0.800000, 0.450000, -0.047774
0.850000, 0.450000, -0.138204
0.900000, 0.450000, -0.558990
0.950000, 0.450000, -1.251801
1.000000, 0.450000, -2.100916
1.050000, 0.450000, -2.958409
1.100000, 0.450000, -3.676346
1.150000, 0.450000, -4.138990
1.200000, 0.450000, -4.287978
1.250000, 0.450000, -4.135000
1.300000, 0.450000, -3.759197
1.350000, 0.450000, -3.289867
1.400000, 0.450000, -2.878223
1.450000, 0.450000, -2.664388
1.500000, 0.450000, -2.746801
1.550000, 0.450000, -3.160712
1.600000, 0.450000, -3.870452
1.650000, 0.450000, -4.777166
1.700000, 0.450000, -5.740317
1.750000, 0.450000, -6.608285
1.800000, 0.450000, -7.251377
1.850000, 0.450000, -7.590062
1.900000, 0.450000, -7.612279
1.950000, 0.450000, -7.376027
2.000000, 0.450000, -6.996703
0.000000, 0.500000, -0.744302
0.050000, 0.500000, -0.044700
0.100000, 0.500000, 0.497284
0.150000, 0.500000, 0.765943
0.200000, 0.500000, 0.702972
0.250000, 0.500000, 0.320144
0.300000, 0.500000, -0.303292
0.350000, 0.500000, -1.037908
0.400000, 0.500000, -1.732335
0.450000, 0.500000, -2.246273
0.500000, 0.500000, -2.481082
0.550000, 0.500000, -2.401293
0.600000, 0.500000, -2.042336
0.650000, 0.500000, -1.502809
0.700000, 0.500000, -0.922973
0.750000, 0.500000, -0.454159
0.800000, 0.500000, -0.225757
0.850000, 0.500000, -0.316979
0.900000, 0.500000, -0.739562
0.950000, 0.500000, -1.435169
1.000000, 0.500000, -2.288062
1.050000, 0.500000, -3.150283
1.100000, 0.500000, -3.873860
1.150000, 0.500000, -4.343000
1.200000, 0.500000, -4.499280
1.250000, 0.500000, -4.354313
1.300000, 0.500000, -3.987159
1.350000, 0.500000, -3.527018
1.400000, 0.500000, -3.125003
1.450000, 0.500000, -2.921125
1.500000, 0.500000, -3.013706
1.550000, 0.500000, -3.437871
1.600000, 0.500000, -4.157819
1.650000, 0.500000, -5.074563
1.700000, 0.500000, -6.047427
1.750000, 0.500000, -6.924651
1.800000, 0.500000, -7.576401
1.850000, 0.500000, -7.923006
1.900000, 0.500000, -7.952263
1.950000, 0.500000, -7.722037
2.000000, 0.500000, -7.347589
0.000000, 0.550000, -1.019786
0.050000, 0.550000, -0.311887
0.100000, 0.550000, 0.238516
0.150000, 0.550000, 0.515579
0.200000, 0.550000, 0.460858
0.250000, 0.550000, 0.085992
0.300000, 0.550000, -0.529898
0.350000, 0.550000, -1.257509
0.400000, 0.550000, -1.945584
0.450000, 0.550000, -2.453928
0.500000, 0.550000, -2.683997
0.550000, 0.550000, -2.600405
0.600000, 0.550000, -2.238649
0.650000, 0.550000, -1.697383
0.700000, 0.550000, -1.116910
0.750000, 0.550000, -0.648586
0.800000, 0.550000, -0.421809
0.850000, 0.550000, -0.515787
0.900000, 0.550000, -0.942233
0.950000, 0.550000, -1.642770
1.000000, 0.550000, -2.501605
1.050000, 0.550000, -3.370710
1.100000, 0.550000, -4.102026
1.150000, 0.550000, -4.579660
1.200000, 0.550000, -4.745074
1.250000, 0.550000, -4.609754
1.300000, 0.550000, -4.252622
1.350000, 0.550000, -3.802729
1.400000, 0.550000, -3.411031
1.450000, 0.550000, -3.217374
1.500000, 0.550000, -3.319909
1.550000, 0.550000, -3.753587
1.600000, 0.550000, -4.482431
1.650000, 0.550000, -5.407274
1.700000, 0.550000, -6.387268
1.750000, 0.550000, -7.270478
1.800000, 0.550000, -7.926903
1.850000, 0.550000, -8.276713
1.900000, 0.550000, -8.307552
1.950000, 0.550000, -8.077143
2.000000, 0.550000, -7.700619
0.000000, 0.600000, -1.300942
0.050000, 0.600000, -0.584471
0.100000, 0.600000, -0.025388
0.150000, 0.600000, 0.260291
0.200000, 0.600000, 0.213956
0.250000, 0.600000, -0.152919
0.300000, 0.600000, -0.761368
0.350000, 0.600000, -1.482231
0.400000, 0.600000, -2.164384
0.450000, 0.600000, -2.667752
0.500000, 0.600000, -2.893890
0.550000, 0.600000, -2.807499
0.600000, 0.600000, -2.444140
0.650000, 0.600000, -1.902515
0.700000, 0.600000, -1.322950
0.750000, 0.600000, -0.856804
0.800000, 0.600000, -0.633458
0.850000, 0.600000, -0.732078
0.900000, 0.600000, -1.164314
0.950000, 0.600000, -1.871707
1.000000, 0.600000, -2.738358
1.050000, 0.600000, -3.616117
1.100000, 0.600000, -4.356780
1.150000, 0.600000, -4.844297
1.200000, 0.600000, -5.019956
1.250000, 0.600000, -4.895056
1.300000, 0.600000, -4.548319
1.350000, 0.600000, -4.108591
1.400000, 0.600000, -3.726613
1.450000, 0.600000, -3.542015
1.500000, 0.600000, -3.652731
1.550000, 0.600000, -4.093494
1.600000, 0.600000, -4.828116
1.650000, 0.600000, -5.757226
1.700000, 0.600000, -6.739780
1.750000, 0.600000, -7.623661
1.800000, 0.600000, -8.278700
1.850000, 0.600000, -8.624917
1.900000, 0.600000, -8.649827
1.950000, 0.600000, -8.411046
2.000000, 0.600000, -8.023620
0.000000, 0.650000, -1.584909
0.050000, 0.650000, -0.859575
0.100000, 0.650000, -0.291540
0.150000, 0.650000, 0.002973
0.200000, 0.650000, -0.034847
0.250000, 0.650000, -0.393719
0.300000, 0.650000, -0.994858
0.350000, 0.650000, -1.709271
0.400000, 0.650000, -2.385983
0.450000, 0.650000, -2.885045
0.500000, 0.650000, -3.108121
0.550000, 0.650000, -3.019991
0.600000, 0.650000, -2.656273
0.650000, 0.650000, -2.115695
0.700000, 0.650000, -1.538584
0.750000, 0.650000, -1.076268
0.800000, 0.650000, -0.858072
0.850000, 0.650000, -0.963074
0.900000, 0.650000, -1.402811
0.950000, 0.650000, -2.118685
1.000000, 0.650000, -2.994632
1.050000, 0.650000, -3.882313
1.100000, 0.650000, -4.633320
1.150000, 0.650000, -5.131377
1.200000, 0.650000, -5.317531
1.250000, 0.650000, -5.202833
1.300000, 0.650000, -4.865746
1.350000, 0.650000, -4.434854
1.400000, 0.650000, -4.060635
1.450000, 0.650000, -3.882461
1.500000, 0.650000, -3.998014
1.550000, 0.650000, -4.441787
1.600000, 0.650000, -5.177367
1.650000, 0.650000, -6.105178
1.700000, 0.650000, -7.083990
1.750000, 0.650000, -7.961531
1.800000, 0.650000, -8.607501
1.850000, 0.650000, -8.941822
1.900000, 0.650000, -8.951946
1.950000, 0.650000, -8.695457
2.000000, 0.650000, -8.287414
0.000000, 0.700000, -1.868939
0.050000, 0.700000, -1.134436
0.100000, 0.700000, -0.557168
0.150000, 0.700000, -0.253601
0.200000, 0.700000, -0.282783
0.250000, 0.700000, -0.633658
0.300000, 0.700000, -1.227648
0.350000, 0.700000, -1.935947
0.400000, 0.700000, -2.607743
0.450000, 0.700000, -3.103222
0.500000, 0.700000, -3.324152
0.550000, 0.700000, -3.235385
0.600000, 0.700000, -2.872575
0.650000, 0.700000, -2.334451
0.700000, 0.700000, -1.761302
0.750000, 0.700000, -1.304386
0.800000, 0.700000, -1.092917
0.850000, 0.700000, -1.205831
0.900000, 0.700000, -1.654489
0.950000, 0.700000, -2.380084
1.000000, 0.700000, -3.266319
1.050000, 0.700000, -4.164598
1.100000, 0.700000, -4.926233
1.150000, 0.700000, -5.434656
1.200000, 0.700000, -5.630608
1.250000, 0.700000, -5.524830
1.300000, 0.700000, -5.195474
1.350000, 0.700000, -4.770817
1.400000, 0.700000, -4.401042
1.450000, 0.700000, -4.225239
1.500000, 0.700000, -4.340828
1.550000, 0.700000, -4.782069
1.600000, 0.700000, -5.512344
1.650000, 0.700000, -6.431905
1.700000, 0.700000, -7.399392
1.750000, 0.700000, -8.262442
1.800000, 0.700000, -8.890713
1.850000, 0.700000, -9.204127
1.900000, 0.700000, -9.190188
1.950000, 0.700000, -8.906583
2.000000, 0.700000, -8.468519
0.000000, 0.750000, -2.150457
0.050000, 0.750000, -1.406468
0.100000, 0.750000, -0.819677
0.150000, 0.750000, -0.506837
0.200000, 0.750000, -0.527268
0.250000, 0.750000, -0.870170
0.300000, 0.750000, -1.457200
0.350000, 0.750000, -2.159759
0.400000, 0.750000, -2.827208
0.450000, 0.750000, -3.319870
0.500000, 0.750000, -3.539611
0.550000, 0.750000, -3.451333
0.600000, 0.750000, -3.090701
0.650000, 0.750000, -2.556408
0.700000, 0.750000, -1.988658
0.750000, 0.750000, -1.538584
0.800000, 0.750000, -1.335225
0.850000, 0.750000, -1.457308
0.900000, 0.750000, -1.915943
0.950000, 0.750000, -2.652042
1.000000, 0.750000, -3.548995
1.050000, 0.750000, -4.457874
1.100000, 0.750000, -5.229639
1.150000, 0.750000, -5.747362
1.200000, 0.750000, -5.951422
1.250000, 0.750000, -5.852197
1.300000, 0.750000, -5.527492
1.350000, 0.750000, -5.105253
1.400000, 0.750000, -4.735355
1.450000, 0.750000, -4.556617
1.500000, 0.750000, -4.666223
1.550000, 0.750000, -5.098239
1.600000, 0.750000, -5.815906
1.650000, 0.750000, -6.719388
1.700000, 0.750000, -7.667293
1.750000, 0.750000, -8.507286
1.800000, 0.750000, -9.109114
1.850000, 0.750000, -9.392855
1.900000, 0.750000, -9.346225
1.950000, 0.750000, -9.027189
2.000000, 0.750000, -8.551290
0.000000, 0.800000, -2.427122
0.050000, 0.800000, -1.673318
0.100000, 0.800000, -1.076711
0.150000, 0.800000, -0.754378
0.200000, 0.800000, -0.765955
0.250000, 0.800000, -1.100930
0.300000, 0.800000, -1.681221
0.350000, 0.800000, -2.378450
0.400000, 0.800000, -3.042161
0.450000, 0.800000, -3.532810
0.500000, 0.800000, -3.752342
0.550000, 0.800000, -3.665690
0.600000, 0.800000, -3.308490
0.650000, 0.800000, -2.779345
0.700000, 0.800000, -2.218324
0.750000, 0.800000, -1.776360
0.800000, 0.800000, -1.582251
0.850000, 0.800000, -1.714430
0.900000, 0.800000, -2.183679
0.950000, 0.800000, -2.930542
1.000000, 0.800000, -3.838021
1.050000, 0.800000, -4.756776
1.100000, 0.800000, -5.537351
1.150000, 0.800000, -6.062398
1.200000, 0.800000, -6.271886
1.250000, 0.800000, -6.175803
1.300000, 0.800000, -5.851590
1.350000, 0.800000, -5.426866
1.400000, 0.800000, -5.051228
1.450000, 0.800000, -4.863264
1.500000, 0.800000, -4.959990
1.550000, 0.800000, -5.375372
1.600000, 0.800000, -6.072619
1.650000, 0.800000, -6.951936
1.700000, 0.800000, -7.872050
1.750000, 0.800000, -8.680824
1.800000, 0.800000, -9.248276
1.850000, 0.800000, -9.494828
1.900000, 0.800000, -9.408616
1.950000, 0.800000, -9.048084
2.000000, 0.800000, -8.529314
0.000000, 0.850000, -2.696874
0.050000, 0.850000, -1.932919
0.100000, 0.850000, -1.326198
0.150000, 0.850000, -0.994160
0.200000, 0.850000, -0.996792
0.250000, 0.850000, -1.323908
0.300000, 0.850000, -1.897708
0.350000, 0.850000, -2.590053
0.400000, 0.850000, -3.250671
0.450000, 0.850000, -3.740140
0.500000, 0.850000, -3.960465
0.550000, 0.850000, -3.876568
0.600000, 0.850000, -3.524009
0.650000, 0.850000, -3.001247
0.700000, 0.850000, -2.448138
0.750000, 0.850000, -2.015343
0.800000, 0.850000, -1.831330
0.850000, 0.850000, -1.974156
0.900000, 0.850000, -2.454183
0.950000, 0.850000, -3.211505
1.000000, 0.850000, -4.128655
1.050000, 0.850000, -5.055813
1.100000, 0.850000, -5.843048
1.150000, 0.850000, -6.372550
1.200000, 0.850000, -6.583854
1.250000, 0.850000, -6.486554
1.300000, 0.850000, -6.157745
1.350000, 0.850000, -5.724764
1.400000, 0.850000, -5.336991
1.450000, 0.850000, -5.132880
1.500000, 0.850000, -5.209394
1.550000, 0.850000, -5.600537
1.600000, 0.850000, -6.269648
1.650000, 0.850000, -7.117154
1.700000, 0.850000, -8.002100
1.750000, 0.850000, -8.772751
1.800000, 0.850000, -9.299615
1.850000, 0.850000, -9.503680
1.900000, 0.850000, -9.373714
1.950000, 0.850000, -8.968855
2.000000, 0.850000, -8.405922
0.000000, 0.900000, -2.957983
0.050000, 0.900000, -2.183535
0.100000, 0.900000, -1.566401
0.150000, 0.900000, -1.224449
0.200000, 0.900000, -1.218062
0.250000, 0.900000, -1.537408
0.300000, 0.900000, -2.104998
0.350000, 0.900000, -2.792939
0.400000, 0.900000, -3.451141
0.450000, 0.900000, -3.940286
0.500000, 0.900000, -4.162409
0.550000, 0.900000, -4.082375
0.600000, 0.900000, -3.735606
0.650000, 0.900000, -3.220346
0.700000, 0.900000, -2.676156
0.750000, 0.900000, -2.253339
0.800000, 0.900000, -2.079940
0.850000, 0.900000, -2.233543
0.900000, 0.900000, -2.724003
0.950000, 0.900000, -3.490882
1.000000, 0.900000, -4.416169
1.050000, 0.900000, -5.349509
1.100000, 0.900000, -6.140452
1.150000, 0.900000, -6.670710
1.200000, 0.900000, -6.879390
1.250000, 0.900000, -6.775721
1.300000, 0.900000, -6.436514
1.350000, 0.900000, -5.988906
1.400000, 0.900000, -5.582180
1.450000, 0.900000, -5.354793
1.500000, 0.900000, -5.403827
1.550000, 0.900000, -5.763509
1.600000, 0.900000, -6.397516
1.650000, 0.900000, -7.206721
1.700000, 0.900000, -8.050714
1.750000, 0.900000, -8.778399
1.800000, 0.900000, -9.261004
1.850000, 0.900000, -9.420304
1.900000, 0.900000, -9.245907
1.950000, 0.900000, -8.797825
2.000000, 0.900000, -8.193765
0.000000, 0.950000, -3.209083
0.050000, 0.950000, -2.423796
0.100000, 0.950000, -1.795951
0.150000, 0.950000, -1.443886
0.200000, 0.950000, -1.428420
0.250000, 0.950000, -1.740112
0.300000, 0.950000, -2.301801
0.350000, 0.950000, -2.985851
0.400000, 0.950000, -3.642341
0.450000, 0.950000, -4.132037
0.500000, 0.950000, -4.356955
0.550000, 0.950000, -4.281852
0.600000, 0.950000, -3.941939
0.650000, 0.950000, -3.435159
0.700000, 0.950000, -2.900691
0.750000, 0.950000, -2.488376
0.800000, 0.950000, -2.325742
0.850000, 0.950000, -2.489805
0.900000, 0.950000, -2.989822
0.950000, 0.950000, -3.764745
1.000000, 0.950000, -4.695963
1.050000, 0.950000, -5.632543
1.100000, 0.950000, -6.423506
1.150000, 0.950000, -6.950096
1.200000, 0.950000, -7.151034
1.250000, 0.950000, -7.035259
1.300000, 0.950000, -6.679401
1.350000, 0.950000, -6.210535
1.400000, 0.950000, -5.778012
1.450000, 0.950000, -5.520485
1.500000, 0.950000, -5.535363
1.550000, 0.950000, -5.857335
1.600000, 0.950000, -6.450656
1.650000, 0.950000, -7.216893
1.700000, 0.950000, -8.016427
1.750000, 0.950000, -8.699036
1.800000, 0.950000, -9.136885
1.850000, 0.950000, -9.252727
1.900000, 0.950000, -9.037167
1.950000, 0.950000, -8.551205
2.000000, 0.950000, -7.913507
0.000000, 1.000000, -3.449200
0.050000, 1.000000, -2.652725
0.100000, 1.000000, -2.013875
0.150000, 1.000000, -1.651507
0.200000, 1.000000, -1.626922
0.250000, 1.000000, -1.931101
0.300000, 1.000000, -2.487229
0.350000, 1.000000, -3.167930
0.400000, 1.000000, -3.823437
0.450000, 1.000000, -4.314564
0.500000, 1.000000, -4.543260
0.550000, 1.000000, -4.474099
0.600000, 1.000000, -4.142002
0.650000, 1.000000, -3.644518
0.700000, 1.000000, -3.120338
0.750000, 1.000000, -2.718742
0.800000, 1.000000, -2.566633
0.850000, 1.000000, -2.740367
0.900000, 1.000000, -3.248521
0.950000, 1.000000, -4.029375
1.000000, 1.000000, -4.963674
1.050000, 1.000000, -5.899897
1.100000, 1.000000, -6.686551
1.150000, 1.000000, -7.204464
1.200000, 1.000000, -7.392057
1.250000, 1.000000, -7.258101
1.300000, 1.000000, -6.879198
1.350000, 1.000000, -6.382552
1.400000, 1.000000, -5.917790
1.450000, 1.000000, -5.624001
1.500000, 1.000000, -5.599177
1.550000, 1.000000, -5.878723
1.600000, 1.000000, -6.427738
1.650000, 1.000000, -7.148732
1.700000, 1.000000, -7.903114
1.750000, 1.000000, -8.541740
1.800000, 1.000000, -8.937882
1.850000, 1.000000, -9.015397
1.900000, 1.000000, -8.765953
1.950000, 1.000000, -8.251552
2.000000, 1.000000, -7.591760
0.000000, 1.050000, -3.677768
0.050000, 1.050000, -2.869759
0.100000, 1.050000, -2.219614
0.150000, 1.050000, -1.846766
0.200000, 1.050000, -1.813041
0.250000, 1.050000, -2.109873
0.300000, 1.050000, -2.660813
0.350000, 1.050000, -3.338735
0.400000, 1.050000, -3.994008
0.450000, 1.050000, -4.487447
0.500000, 1.050000, -4.720871
0.550000, 1.050000, -4.658594
0.600000, 1.050000, -4.335150
0.650000, 1.050000, -3.847589
0.700000, 1.050000, -3.334007
0.750000, 1.050000, -2.943010
0.800000, 1.050000, -2.800778
0.850000, 1.050000, -2.982916
0.900000, 1.050000, -3.497250
0.950000, 1.050000, -4.281345
1.000000, 1.050000, -5.215286
1.050000, 1.050000, -6.146984
1.100000, 1.050000, -6.924489
1.150000, 1.050000, -7.428308
1.200000, 1.050000, -7.596696
1.250000, 1.050000, -7.438427
1.300000, 1.050000, -7.030283
1.350000, 1.050000, -6.499826
1.400000, 1.050000, -5.997221
1.450000, 1.050000, -5.662262
1.500000, 1.050000, -5.593798
1.550000, 1.050000, -5.828225
1.600000, 1.050000, -6.331739
1.650000, 1.050000, -7.008025
1.700000, 1.050000, -7.719704
1.750000, 1.050000, -8.318859
1.800000, 1.050000, -8.679953
1.850000, 1.050000, -8.727961
1.900000, 1.050000, -8.455570
1.950000, 1.050000, -7.925650
2.000000, 1.050000, -7.258465
0.000000, 1.100000, -3.894639
0.050000, 1.100000, -3.074750
0.100000, 1.100000, -2.413029
0.150000, 1.100000, -2.029539
0.200000, 1.100000, -1.986674
0.250000, 1.100000, -2.276355
0.300000, 1.100000, -2.822506
0.350000, 1.100000, -3.498247
0.400000, 1.100000, -4.154048
0.450000, 1.100000, -4.650672
0.500000, 1.100000, -4.889736
0.550000, 1.100000, -4.835198
0.600000, 1.100000, -4.521102
0.650000, 1.100000, -4.043884
0.700000, 1.100000, -3.540930
0.750000, 1.100000, -3.160064
0.800000, 1.100000, -3.026642
0.850000, 1.100000, -3.215439
0.900000, 1.100000, -3.733481
0.950000, 1.100000, -4.517596
1.000000, 1.100000, -5.447228
1.050000, 1.100000, -6.369777
1.100000, 1.100000, -7.132937
1.150000, 1.100000, -7.617039
1.200000, 1.100000, -7.760357
1.250000, 1.100000, -7.571888
1.300000, 1.100000, -7.128846
1.350000, 1.100000, -6.559428
1.400000, 1.100000, -6.014623
1.450000, 1.100000, -5.635219
1.500000, 1.100000, -5.521202
1.550000, 1.100000, -5.710215
1.600000, 1.100000, -6.169772
1.650000, 1.100000, -6.804903
1.700000, 1.100000, -7.479562
1.750000, 1.100000, -8.047096
1.800000, 1.100000, -8.383126
1.850000, 1.100000, -8.413636
1.900000, 1.100000, -8.132122
1.950000, 1.100000, -7.602039
2.000000, 1.100000, -6.943978
0.000000, 1.150000, -4.100078
0.050000, 1.150000, -3.267969
0.100000, 1.150000, -2.594400
0.150000, 1.150000, -2.200120
0.200000, 1.150000, -2.148140
0.250000, 1.150000, -2.430894
0.300000, 1.150000, -2.972686
0.350000, 1.150000, -3.646868
0.400000, 1.150000, -4.303967
0.450000, 1.150000, -4.804635
0.500000, 1.150000, -5.050196
0.550000, 1.150000, -5.004151
0.600000, 1.150000, -4.699939
0.650000, 1.150000, -4.233261
0.700000, 1.150000, -3.740672
0.750000, 1.150000, -3.369107
0.800000, 1.150000, -3.243008
0.850000, 1.150000, -3.436260
0.900000, 1.150000, -3.955059
0.950000, 1.150000, -4.735506
1.000000, 1.150000, -5.656461
1.050000, 1.150000, -6.564916
1.100000, 1.150000, -7.308359
1.150000, 1.150000, -7.767139
1.200000, 1.150000, -7.879783
1.250000, 1.150000, -7.655780
1.300000, 1.150000, -7.173065
1.350000, 1.150000, -6.560774
1.400000, 1.150000, -5.971021
1.450000, 1.150000, -5.545875
1.500000, 1.150000, -5.386716
1.550000, 1.150000, -5.532647
1.600000, 1.150000, -5.952654
1.650000, 1.150000, -6.553198
1.700000, 1.150000, -7.199565
1.750000, 1.150000, -7.746284
1.800000, 1.150000, -8.069956
1.850000, 1.150000, -8.097296
1.900000, 1.150000, -7.822247
1.950000, 1.150000, -7.308401
2.000000, 1.150000, -6.676152
0.000000, 1.200000, -4.294749
0.050000, 1.200000, -3.450088
0.100000, 1.200000, -2.764411
0.150000, 1.200000, -2.359212
0.200000, 1.200000, -2.298166
0.250000, 1.200000, -2.574245
0.300000, 1.200000, -3.112139
0.350000, 1.200000, -3.785403
0.400000, 1.200000, -4.444578
0.450000, 1.200000, -4.950123
0.500000, 1.200000, -5.202975
0.550000, 1.200000, -5.166065
0.600000, 1.200000, -4.872097
0.650000, 1.200000, -4.415915
0.700000, 1.200000, -3.933124
0.750000, 1.200000, -3.569666
0.800000, 1.200000, -3.448996
0.850000, 1.200000, -3.644064
0.900000, 1.200000, -4.160239
0.950000, 1.200000, -4.932943
1.000000, 1.200000, -5.840555
1.050000, 1.200000, -6.729804
1.100000, 1.200000, -7.448177
1.150000, 1.200000, -7.876283
1.200000, 1.200000, -7.953184
1.250000, 1.200000, -7.689163
1.300000, 1.200000, -7.163197
1.350000, 1.200000, -6.505672
1.400000, 1.200000, -5.870123
1.450000, 1.200000, -5.400159
1.500000, 1.200000, -5.198761
1.550000, 1.200000, -5.306629
1.600000, 1.200000, -5.694277
1.650000, 1.200000, -6.269561
1.700000, 1.200000, -6.898964
1.750000, 1.200000, -7.437960
1.800000, 1.200000, -7.763786
1.850000, 1.200000, -7.803454
1.900000, 1.200000, -7.550834
1.950000, 1.200000, -7.069057
2.000000, 1.200000, -6.477679
0.000000, 1.250000, -4.479696
0.050000, 1.250000, -3.622158
0.100000, 1.250000, -2.924126
0.150000, 1.250000, -2.507901
0.200000, 1.250000, -2.437864
0.250000, 1.250000, -2.707551
0.300000, 1.250000, -3.242034
0.350000, 1.250000, -3.915043
0.400000, 1.250000, -4.577069
0.450000, 1.250000, -5.088293
0.500000, 1.250000, -5.349157
0.550000, 1.250000, -5.321894
0.600000, 1.250000, -5.038346
0.650000, 1.250000, -4.592365
0.700000, 1.250000, -4.118495
0.750000, 1.250000, -3.761590
0.800000, 1.250000, -3.644061
0.850000, 1.250000, -3.837912
0.900000, 1.250000, -4.347719
0.950000, 1.250000, -5.108317
1.000000, 1.250000, -5.997747
1.050000, 1.250000, -6.862683
1.100000, 1.250000, -7.550856
1.150000, 1.250000, -7.943428
1.200000, 1.250000, -7.980311
1.250000, 1.250000, -7.672918
1.300000, 1.250000, -7.101591
1.350000, 1.250000, -6.398270
1.400000, 1.250000, -5.718177
1.450000, 1.250000, -5.206663
1.500000, 1.250000, -4.968431
1.550000, 1.250000, -5.045814
1.600000, 1.250000, -5.410784
1.650000, 1.250000, -5.972411
1.700000, 1.250000, -6.598083
1.750000, 1.250000, -7.143813
1.800000, 1.250000, -7.486977
1.850000, 1.250000, -7.554295
1.900000, 1.250000, -7.338909
1.950000, 1.250000, -6.902802
2.000000, 1.250000, -6.363985
0.000000, 1.300000, -4.656306
0.050000, 1.300000, -3.785579
0.100000, 1.300000, -3.074962
0.150000, 1.300000, -2.647624
0.200000, 1.300000, -2.568700
0.250000, 1.300000, -2.832307
0.300000, 1.300000, -3.363894
0.350000, 1.300000, -4.037325
0.400000, 1.300000, -4.702971
0.450000, 1.300000, -5.220638
0.500000, 1.300000, -5.490150
0.550000, 1.300000, -5.472909
0.600000, 1.300000, -5.199756
0.650000, 1.300000, -4.763425
0.700000, 1.300000, -4.297286
0.750000, 1.300000, -3.945032
0.800000, 1.300000, -3.827995
0.850000, 1.300000, -4.017251
0.900000, 1.300000, -4.516658
0.950000, 1.300000, -5.260606
1.000000, 1.300000, -6.126991
1.050000, 1.300000, -6.962686
1.100000, 1.300000, -7.615961
1.150000, 1.300000, -7.968861
1.200000, 1.300000, -7.962493
1.250000, 1.300000, -7.609738
1.300000, 1.300000, -6.992622
1.350000, 1.300000, -6.244911
1.400000, 1.300000, -5.523714
1.450000, 1.300000, -4.976241
1.500000, 1.300000, -4.708937
1.550000, 1.300000, -4.765664
1.600000, 1.300000, -5.119634
1.650000, 1.300000, -5.680789
1.700000, 1.300000, -6.316966
1.750000, 1.300000, -6.884159
1.800000, 1.300000, -7.259235
1.850000, 1.300000, -7.367922
1.900000, 1.300000, -7.201903
1.950000, 1.300000, -6.821284
2.000000, 1.300000, -6.341847
0.000000, 1.350000, -4.826273
0.050000, 1.350000, -3.942058
0.100000, 1.350000, -3.218642
0.150000, 1.350000, -2.780129
0.200000, 1.350000, -2.692449
0.250000, 1.350000, -2.950321
0.300000, 1.350000, -3.479553
0.350000, 1.350000, -4.154096
0.400000, 1.350000, -4.824121
0.450000, 1.350000, -5.348947
0.500000, 1.350000, -5.627648
0.550000, 1.350000, -5.620655
0.600000, 1.350000, -5.357667
0.650000, 1.350000, -4.930172
0.700000, 1.350000, -4.470268
0.750000, 1.350000, -4.120431
0.800000, 1.350000, -4.000911
0.850000, 1.350000, -4.181908
0.900000, 1.350000, -4.666690
0.950000, 1.350000, -5.389379
1.000000, 1.350000, -6.227984
1.050000, 1.350000, -7.029868
1.100000, 1.350000, -7.644182
1.150000, 1.350000, -7.954208
1.200000, 1.350000, -7.902606
1.250000, 1.350000, -7.504057
1.300000, 1.350000, -6.842550
1.350000, 1.350000, -6.053891
1.400000, 1.350000, -5.297188
1.450000, 1.350000, -4.721518
1.500000, 1.350000, -4.434944
1.550000, 1.350000, -4.482610
1.600000, 1.350000, -4.838585
1.650000, 1.350000, -5.413178
1.700000, 1.350000, -6.074063
1.750000, 1.350000, -6.676521
1.800000, 1.350000, -7.096168
1.850000, 1.350000, -7.256972
1.900000, 1.350000, -7.148419
1.950000, 1.350000, -6.828062
2.000000, 1.350000, -6.408889
0.000000, 1.400000, -4.991547
0.050000, 1.400000, -4.093559
0.100000, 1.400000, -3.357152
0.150000, 1.400000, -2.907427
0.200000, 1.400000, -2.811152
0.250000, 1.400000, -3.063664
0.300000, 1.400000, -3.591107
0.350000, 1.400000, -4.267464
0.400000, 1.400000, -4.942609
0.450000, 1.400000, -5.475254
0.500000, 1.400000, -5.763585
0.550000, 1.400000, -5.766909
0.600000, 1.400000, -5.513640
0.650000, 1.400000, -5.093905
0.700000, 1.400000, -4.638444
0.750000, 1.400000, -4.288486
0.800000, 1.400000, -4.163225
0.850000, 1.400000, -4.332087
0.900000, 1.400000, -4.797915
0.950000, 1.400000, -5.494807
1.000000, 1.400000, -6.301174
1.050000, 1.400000, -7.065215
1.100000, 1.400000, -7.637329
1.150000, 1.400000, -7.902407
1.200000, 1.400000, -7.805009
1.250000, 1.400000, -7.361915
1.300000, 1.400000, -6.659305
1.350000, 1.400000, -5.835140
1.400000, 1.400000, -5.050537
1.450000, 1.400000, -4.456301
1.500000, 1.400000, -4.161845
1.550000, 1.400000, -4.213177
1.600000, 1.400000, -4.584677
1.650000, 1.400000, -5.186372
1.700000, 1.400000, -5.885033
1.750000, 1.400000, -6.534444
1.800000, 1.400000, -7.008179
1.850000, 1.400000, -7.227700
1.900000, 1.400000, -7.179632
1.950000, 1.400000, -6.918449
2.000000, 1.400000, -6.553991
0.000000, 1.450000, -5.154284
0.050000, 1.450000, -4.242256
0.100000, 1.450000, -3.492685
0.150000, 1.450000, -3.031736
0.200000, 1.450000, -2.927059
0.250000, 1.450000, -3.174616
0.300000, 1.450000, -3.700862
0.350000, 1.450000, -4.379739
0.400000, 1.450000, -5.060724
0.450000, 1.450000, -5.601788
0.500000, 1.450000, -5.900076
0.550000, 1.450000, -5.913621
0.600000, 1.450000, -5.669412
0.650000, 1.450000, -5.256100
0.700000, 1.450000, -4.803010
0.750000, 1.450000, -4.450117
0.800000, 1.450000, -4.315630
0.850000, 1.450000, -4.468345
0.900000, 1.450000, -4.910898
0.950000, 1.450000, -5.577649
1.000000, 1.450000, -6.347754
1.050000, 1.450000, -7.070625
1.100000, 1.450000, -7.598294
1.150000, 1.450000, -7.817630
1.200000, 1.450000, -7.675415
1.250000, 1.450000, -7.190770
1.300000, 1.450000, -6.452201
1.350000, 1.450000, -5.599838
1.400000, 1.450000, -4.796670
1.450000, 1.450000, -4.194947
1.500000, 1.450000, -3.904990
1.550000, 1.450000, -3.973097
1.600000, 1.450000, -4.373270
1.650000, 1.450000, -5.014475
1.700000, 1.450000, -5.761763
1.750000, 1.450000, -6.466612
1.800000, 1.450000, -6.999793
1.850000, 1.450000, -7.279615
1.900000, 1.450000, -7.289356
1.950000, 1.450000, -7.080126
2.000000, 1.450000, -6.758572
0.000000, 1.500000, -5.316783
0.050000, 1.500000, -4.390466
0.100000, 1.500000, -3.627582
0.150000, 1.500000, -3.155427
0.200000, 1.500000, -3.042572
0.250000, 1.500000, -3.285611
0.300000, 1.500000, -3.811272
0.350000, 1.500000, -4.493379
0.400000, 1.500000, -5.180896
0.450000, 1.500000, -5.730911
0.500000, 1.500000, -6.039366
0.550000, 1.500000, -6.062865
0.600000, 1.500000, -5.826837
0.650000, 1.500000, -5.418362
0.700000, 1.500000, -4.965309
0.750000, 1.500000, -4.606431
0.800000, 1.500000, -4.459065
0.850000, 1.500000, -4.591568
0.900000, 1.500000, -5.006640
0.950000, 1.500000, -5.639237
1.000000, 1.500000, -6.369638
1.050000, 1.500000, -7.048870
1.100000, 1.500000, -7.530986
1.150000, 1.500000, -7.705181
1.200000, 1.500000, -7.520726
1.250000, 1.500000, -6.999247
1.300000, 1.500000, -6.231606
1.350000, 1.500000, -5.359974
1.400000, 1.500000, -4.548923
1.450000, 1.500000, -3.951699
1.500000, 1.500000, -3.678932
1.550000, 1.500000, -3.776491
1.600000, 1.500000, -4.217189
1.650000, 1.500000, -4.908082
1.700000, 1.500000, -5.711668
1.750000, 1.500000, -6.476347
1.800000, 1.500000, -7.069456
1.850000, 1.500000, -7.405696
1.900000, 1.500000, -7.464775
1.950000, 1.500000, -7.294486
2.000000, 1.500000, -6.998618
0.000000, 1.550000, -5.481427
0.050000, 1.550000, -4.540593
0.100000, 1.550000, -3.764271
0.150000, 1.550000, -3.280955
0.200000, 1.550000, -3.160180
0.250000, 1.550000, -3.399168
0.300000, 1.550000, -3.924877
0.350000, 1.550000, -4.610925
0.400000, 1.550000, -5.305634
0.450000, 1.550000, -5.865054
0.500000, 1.550000, -6.183762
0.550000, 1.550000, -6.216774
0.600000, 1.550000, -5.987832
0.650000, 1.550000, -5.582367
0.700000, 1.550000, -5.126781
0.750000, 1.550000, -4.758680
0.800000, 1.550000, -4.594679
0.850000, 1.550000, -4.702943
0.900000, 1.550000, -5.086554
0.950000, 1.550000, -5.681440
1.000000, 1.550000, -6.369416
1.050000, 1.550000, -7.003530
1.100000, 1.550000, -7.440231
1.150000, 1.550000, -7.571344
1.200000, 1.550000, -7.348825
1.250000, 1.550000, -6.796862
1.300000, 1.550000, -6.008564
1.350000, 1.550000, -5.127872
1.400000, 1.550000, -4.320487
1.450000, 1.550000, -3.740038
1.500000, 1.550000, -3.496722
1.550000, 1.550000, -3.635140
1.600000, 1.550000, -4.126039
1.650000, 1.550000, -4.873703
1.700000, 1.550000, -5.737297
1.750000, 1.550000, -6.561512
1.800000, 1.550000, -7.209824
1.850000, 1.550000, -7.593155
1.900000, 1.550000, -7.687765
1.950000, 1.550000, -7.538567
2.000000, 1.550000, -7.247245
0.000000, 1.600000, -5.650619
0.050000, 1.600000, -4.695062
0.100000, 1.600000, -3.905202
0.150000, 1.600000, -3.410802
0.200000, 1.600000, -3.282396
0.250000, 1.600000, -3.517830
0.300000, 1.600000, -4.044238
0.350000, 1.600000, -4.734934
0.400000, 1.600000, -5.437458
0.450000, 1.600000, -6.006657
0.500000, 1.600000, -6.335574
0.550000, 1.600000, -6.377481
0.600000, 1.600000, -6.154317
0.650000, 1.600000, -5.749810
0.700000, 1.600000, -5.288919
0.750000, 1.600000, -4.908210
0.800000, 1.600000, -4.723788
0.850000, 1.600000, -4.803917
0.900000, 1.600000, -5.152424
0.950000, 1.600000, -5.706625
1.000000, 1.600000, -6.350294
1.050000, 1.600000, -6.938906
1.100000, 1.600000, -7.331651
1.150000, 1.600000, -7.423213
1.200000, 1.600000, -7.168336
1.250000, 1.600000, -6.593695
1.300000, 1.600000, -5.794397
1.350000, 1.600000, -4.915709
1.400000, 1.600000, -4.123850
1.450000, 1.600000, -3.572074
1.500000, 1.600000, -3.369284
1.550000, 1.600000, -3.557902
1.600000, 1.600000, -4.105723
1.650000, 1.600000, -4.913460
1.700000, 1.600000, -5.836305
1.750000, 1.600000, -6.714831
1.800000, 1.600000, -7.408516
1.850000, 1.600000, -7.824690
1.900000, 1.600000, -7.936690
1.950000, 1.600000, -7.787398
2.000000, 1.600000, -7.477547
0.000000, 1.650000, -5.826718
0.050000, 1.650000, -4.856254
0.100000, 1.650000, -4.052784
0.150000, 1.650000, -3.547408
0.200000, 1.650000, -3.411694
0.250000, 1.650000, -3.644100
0.300000, 1.650000, -4.171877
0.350000, 1.650000, -4.867918
0.400000, 1.650000, -5.578837
0.450000, 1.650000, -6.158102
0.500000, 1.650000, -6.497049
0.550000, 1.650000, -6.547057
0.600000, 1.650000, -6.328159
0.650000, 1.650000, -5.922352
0.700000, 1.650000, -5.453212
0.750000, 1.650000, -5.056423
0.800000, 1.650000, -4.847837
0.850000, 1.650000, -4.896155
0.900000, 1.650000, -5.206361
0.950000, 1.650000, -5.717594
1.000000, 1.650000, -6.316021
1.050000, 1.650000, -6.859923
1.100000, 1.650000, -7.211514
1.150000, 1.650000, -7.268489
1.200000, 1.650000, -6.988352
1.250000, 1.650000, -6.400053
1.300000, 1.650000, -5.600285
1.350000, 1.650000, -4.735034
1.400000, 1.650000, -3.970276
1.450000, 1.650000, -3.458010
1.500000, 1.650000, -3.304908
1.550000, 1.650000, -3.550297
1.600000, 1.650000, -4.158191
1.650000, 1.650000, -5.025076
1.700000, 1.650000, -6.001762
1.750000, 1.650000, -6.924587
1.800000, 1.650000, -7.649263
1.850000, 1.650000, -8.080120
1.900000, 1.650000, -8.188506
1.950000, 1.650000, -8.016526
2.000000, 1.650000, -7.665450
0.000000, 1.700000, -6.011978
0.050000, 1.700000, -5.026448
0.100000, 1.700000, -4.209323
0.150000, 1.700000, -3.693110
0.200000, 1.700000, -3.550444
0.250000, 1.700000, -3.780378
0.300000, 1.700000, -4.310205
0.350000, 1.700000, -5.012281
0.400000, 1.700000, -5.732126
0.450000, 1.700000, -6.321653
0.500000, 1.700000, -6.670313
0.550000, 1.700000, -6.727450
0.600000, 1.700000, -6.511111
0.650000, 1.700000, -6.101564
0.700000, 1.700000, -5.621099
0.750000, 1.700000, -5.204727
0.800000, 1.700000, -4.968350
0.850000, 1.700000, -4.981500
0.900000, 1.700000, -5.250754
0.950000, 1.700000, -5.717527
1.000000, 1.700000, -6.270801
1.050000, 1.700000, -6.772002
1.100000, 1.700000, -7.086572
1.150000, 1.700000, -7.115255
1.200000, 1.700000, -6.818154
1.250000, 1.700000, -6.226125
1.300000, 1.700000, -5.436861
1.350000, 1.700000, -4.596319
1.400000, 1.700000, -3.869336
1.450000, 1.700000, -3.405698
1.500000, 1.700000, -3.308893
1.550000, 1.700000, -3.614291
1.600000, 1.700000, -4.281436
1.650000, 1.700000, -5.202161
1.700000, 1.700000, -6.222781
1.750000, 1.700000, -7.175654
1.800000, 1.700000, -7.913367
1.850000, 1.700000, -8.338248
1.900000, 1.700000, -8.420988
1.950000, 1.700000, -8.204488
2.000000, 1.700000, -7.792277
0.000000, 1.750000, -6.208486
0.050000, 1.750000, -5.207756
0.100000, 1.750000, -4.376961
0.150000, 1.750000, -3.850083
0.200000, 1.750000, -3.700854
0.250000, 1.750000, -3.928899
0.300000, 1.750000, -4.461472
0.350000, 1.750000, -5.170255
0.400000, 1.750000, -5.899505
0.450000, 1.750000, -6.499392
0.500000, 1.750000, -6.857308
0.550000, 1.750000, -6.920431
0.600000, 1.750000, -6.704764
0.650000, 1.750000, -6.288876
0.700000, 1.750000, -5.793920
0.750000, 1.750000, -5.354492
0.800000, 1.750000, -5.086895
0.850000, 1.750000, -5.061922
0.900000, 1.750000, -5.288210
0.950000, 1.750000, -5.709907
1.000000, 1.750000, -6.219199
1.050000, 1.750000, -6.680929
1.100000, 1.750000, -6.963877
1.150000, 1.750000, -6.971746
1.200000, 1.750000, -6.666921
1.250000, 1.750000, -6.081626
1.300000, 1.750000, -5.313825
1.350000, 1.750000, -4.508548
1.400000, 1.750000, -3.828519
1.450000, 1.750000, -3.420318
1.500000, 1.750000, -3.383344
1.550000, 1.750000, -3.748278
1.600000, 1.750000, -4.469734
1.650000, 1.750000, -5.434757
1.700000, 1.750000, -6.485426
1.750000, 1.750000, -7.450782
1.800000, 1.750000, -8.181334
1.850000, 1.750000, -8.578804
1.900000, 1.750000, -8.614867
1.950000, 1.750000, -8.335000
2.000000, 1.750000, -7.846769
0.000000, 1.800000, -6.418111
0.050000, 1.800000, -5.402074
0.100000, 1.800000, -4.557621
0.150000, 1.800000, -4.020284
0.200000, 1.800000, -3.864914
0.250000, 1.800000, -4.091680
0.300000, 1.800000, -4.627703
0.350000, 1.800000, -5.343848
0.400000, 1.800000, -6.082926
0.450000, 1.800000, -6.693170
0.500000, 1.800000, -7.059744
0.550000, 1.800000, -7.127542
0.600000, 1.800000, -6.910489
0.650000, 1.800000, -6.485532
0.700000, 1.800000, -5.972877
0.750000, 1.800000, -5.507006
0.800000, 1.800000, -5.205033
0.850000, 1.800000, -5.139472
0.900000, 1.800000, -5.321500
0.950000, 1.800000, -5.698442
1.000000, 1.800000, -6.166027
1.050000, 1.800000, -6.592708
1.100000, 1.800000, -6.850593
1.150000, 1.800000, -6.846104
1.200000, 1.800000, -6.543433
1.250000, 1.800000, -5.975476
1.300000, 1.800000, -5.239588
1.350000, 1.800000, -4.478881
1.400000, 1.800000, -3.852941
1.450000, 1.800000, -3.504185
1.500000, 1.800000, -3.527139
1.550000, 1.800000, -3.947275
1.600000, 1.800000, -4.714104
1.650000, 1.800000, -5.710120
1.700000, 1.800000, -6.773824
1.750000, 1.800000, -7.732020
1.800000, 1.800000, -8.434574
1.850000, 1.800000, -8.784301
1.900000, 1.800000, -8.755699
1.950000, 1.800000, -8.398642
2.000000, 1.800000, -7.826375
0.000000, 1.850000, -6.642452
0.050000, 1.850000, -5.611029
0.100000, 1.850000, -4.752962
0.150000, 1.850000, -4.205403
0.200000, 1.850000, -4.044348
0.250000, 1.850000, -4.270469
0.300000, 1.850000, -4.810654
0.350000, 1.850000, -5.534792
0.400000, 1.850000, -6.284057
0.450000, 1.850000, -6.904552
0.500000, 1.850000, -7.279046
0.550000, 1.850000, -7.350049
0.600000, 1.850000, -7.129403
0.650000, 1.850000, -6.692551
0.700000, 1.850000, -6.158988
0.750000, 1.850000, -5.663444
0.800000, 1.850000, -5.324283
0.850000, 1.850000, -5.216234
0.900000, 1.850000, -5.353498
0.950000, 1.850000, -5.686981
1.000000, 1.850000, -6.116239
1.050000, 1.850000, -6.513414
1.100000, 1.850000, -6.753800
1.150000, 1.850000, -6.746140
1.200000, 1.850000, -6.455798
1.250000, 1.850000, -5.915491
1.300000, 1.850000, -5.220971
1.350000, 1.850000, -4.512382
1.400000, 1.850000, -3.945158
1.450000, 1.850000, -3.656705
1.500000, 1.850000, -3.736076
1.550000, 1.850000, -4.203303
1.600000, 1.850000, -5.002975
1.650000, 1.850000, -6.013674
1.700000, 1.850000, -7.071402
1.750000, 1.850000, -8.002187
1.800000, 1.850000, -8.656998
1.850000, 1.850000, -8.941633
1.900000, 1.850000, -8.835285
1.950000, 1.850000, -8.393891
2.000000, 1.850000, -7.737662
0.000000, 1.900000, -6.882799
0.050000, 1.900000, -5.835937
0.100000, 1.900000, -4.964330
0.150000, 1.900000, -4.406820
0.200000, 1.900000, -4.240568
0.250000, 1.900000, -4.466702
0.300000, 1.900000, -5.011765
0.350000, 1.900000, -5.744501
0.400000, 1.900000, -6.504249
0.450000, 1.900000, -7.134782
0.500000, 1.900000, -7.516317
0.550000, 1.900000, -7.588901
0.600000, 1.900000, -7.362326
0.650000, 1.900000, -6.910687
0.700000, 1.900000, -6.353062
0.750000, 1.900000, -5.824827
0.800000, 1.900000, -5.446084
0.850000, 1.900000, -5.294282
0.900000, 1.900000, -5.387114
0.950000, 1.900000, -5.679434
1.000000, 1.900000, -6.074808
1.050000, 1.900000, -6.449036
1.100000, 1.900000, -6.680299
1.150000, 1.900000, -6.679105
1.200000, 1.900000, -6.411191
1.250000, 1.900000, -5.908118
1.300000, 1.900000, -5.262965
1.350000, 1.900000, -4.611842
1.400000, 1.900000, -4.105103
1.450000, 1.900000, -3.874459
1.500000, 1.900000, -4.003169
1.550000, 1.900000, -4.505926
1.600000, 1.900000, -5.322988
1.650000, 1.900000, -6.330073
1.700000, 1.900000, -7.362156
1.750000, 1.900000, -8.246263
1.800000, 1.900000, -8.836409
1.850000, 1.900000, -9.043298
1.900000, 1.900000, -8.852522
1.950000, 1.900000, -8.327389
2.000000, 1.900000, -7.595806
0.000000, 1.950000, -7.140098
0.050000, 1.950000, -6.077773
0.100000, 1.950000, -5.192731
0.150000, 1.950000, -4.625574
0.200000, 1.950000, -4.454643
0.250000, 1.950000, -4.681470
0.300000, 1.950000, -5.232128
0.350000, 1.950000, -5.974037
0.400000, 1.950000, -6.744493
0.450000, 1.950000, -7.384742
0.500000, 1.950000, -7.772302
0.550000, 1.950000, -7.844704
0.600000, 1.950000, -7.609756
0.650000, 1.950000, -7.140410
0.700000, 1.950000, -6.555668
0.750000, 1.950000, -5.992003
0.800000, 1.950000, -5.571763
0.850000, 1.950000, -5.375634
0.900000, 1.950000, -5.425243
0.950000, 1.950000, -5.679684
1.000000, 1.950000, -6.046618
1.050000, 1.950000, -6.405326
1.100000, 1.950000, -6.636428
1.150000, 1.950000, -6.651470
1.200000, 1.950000, -6.415626
1.250000, 1.950000, -5.958223
1.300000, 1.950000, -5.368557
1.350000, 1.950000, -4.777697
1.400000, 1.950000, -4.330132
1.450000, 1.950000, -4.151440
1.500000, 1.950000, -4.319090
1.550000, 1.950000, -4.842940
1.600000, 1.950000, -5.659908
1.650000, 1.950000, -6.644304
1.700000, 1.950000, -7.631867
1.750000, 1.950000, -8.452608
1.800000, 1.950000, -8.965564
1.850000, 1.950000, -9.088115
1.900000, 1.950000, -8.813601
1.950000, 1.950000, -8.213438
2.000000, 1.950000, -7.423223
0.000000, 2.000000, -7.414927
0.050000, 2.000000, -6.337142
0.100000, 2.000000, -5.438801
0.150000, 2.000000, -4.862334
0.200000, 2.000000, -4.687275
0.250000, 2.000000, -4.915494
0.300000, 2.000000, -5.472462
0.350000, 2.000000, -6.224085
0.400000, 2.000000, -7.005401
0.450000, 2.000000, -7.654933
0.500000, 2.000000, -8.047369
0.550000, 2.000000, -8.117695
0.600000, 2.000000, -7.871846
0.650000, 2.000000, -7.381883
0.700000, 2.000000, -6.767120
0.750000, 2.000000, -6.165619
0.800000, 2.000000, -5.702509
0.850000, 2.000000, -5.462216
0.900000, 2.000000, -5.470699
0.950000, 2.000000, -5.691502
1.000000, 2.000000, -6.036342
1.050000, 2.000000, -6.387657
1.100000, 2.000000, -6.627883
1.150000, 2.000000, -6.668736
1.200000, 2.000000, -6.473764
1.250000, 2.000000, -6.068921
1.300000, 2.000000, -5.538636
1.350000, 2.000000, -5.008039
1.400000, 2.000000, -4.615189
1.450000, 2.000000, -4.479401
1.500000, 2.000000, -4.672738
1.550000, 2.000000, -5.201133
1.600000, 2.000000, -5.999572
1.650000, 2.000000, -6.942744
1.700000, 2.000000, -7.869171
1.750000, 2.000000, -8.613892
1.800000, 2.000000, -9.042812
1.850000, 2.000000, -9.081402
1.900000, 2.000000, -8.731533
1.950000, 2.000000, -8.072738
2.000000, 2.000000, -7.247448
