0.000000, 0.000000, 0.141116
0.050000, 0.000000, 0.331097
0.100000, 0.000000, 0.516886
0.150000, 0.000000, 0.694749
0.200000, 0.000000, 0.861209
0.250000, 0.000000, 1.013128
0.300000, 0.000000, 1.147790
0.350000, 0.000000, 1.262962
0.400000, 0.000000, 1.356954
0.450000, 0.000000, 1.428657
0.500000, 0.000000, 1.477572
0.550000, 0.000000, 1.503823
0.600000, 0.000000, 1.508152
0.650000, 0.000000, 1.491900
0.700000, 0.000000, 1.456979
0.750000, 0.000000, 1.405819
0.800000, 0.000000, 1.341311
0.850000, 0.000000, 1.266737
0.900000, 0.000000, 1.185687
0.950000, 0.000000, 1.101970
1.000000, 0.000000, 1.019523
1.050000, 0.000000, 0.942313
1.100000, 0.000000, 0.874236
1.150000, 0.000000, 0.819028
1.200000, 0.000000, 0.780166
1.250000, 0.000000, 0.760787
1.300000, 0.000000, 0.763607
1.350000, 0.000000, 0.790859
1.400000, 0.000000, 0.844234
1.450000, 0.000000, 0.924840
1.500000, 0.000000, 1.033176
1.550000, 0.000000, 1.169119
1.600000, 0.000000, 1.331927
1.650000, 0.000000, 1.520257
1.700000, 0.000000, 1.732200
1.750000, 0.000000, 1.965323
1.800000, 0.000000, 2.216736
1.850000, 0.000000, 2.483158
1.900000, 0.000000, 2.760999
1.950000, 0.000000, 3.046449
2.000000, 0.000000, 3.335570
0.000000, 0.050000, 0.027734
0.050000, 0.050000, 0.205421
0.100000, 0.050000, 0.379023
0.150000, 0.050000, 0.544877
0.200000, 0.050000, 0.699572
0.250000, 0.050000, 0.840034
0.300000, 0.050000, 0.963598
0.350000, 0.050000, 1.068080
0.400000, 0.050000, 1.151825
0.450000, 0.050000, 1.213752
0.500000, 0.050000, 1.253379
0.550000, 0.050000, 1.270834
0.600000, 0.050000, 1.266856
0.650000, 0.050000, 1.242771
0.700000, 0.050000, 1.200464
0.750000, 0.050000, 1.142334
0.800000, 0.050000, 1.071227
0.850000, 0.050000, 0.990377
0.900000, 0.050000, 0.903318
0.950000, 0.050000, 0.813801
1.000000, 0.050000, 0.725700
1.050000, 0.050000, 0.642920
1.100000, 0.050000, 0.569297
1.150000, 0.050000, 0.508504
1.200000, 0.050000, 0.463966
1.250000, 0.050000, 0.438768
1.300000, 0.050000, 0.435584
1.350000, 0.050000, 0.456612
1.400000, 0.050000, 0.503516
1.450000, 0.050000, 0.577390
1.500000, 0.050000, 0.678725
1.550000, 0.050000, 0.807403
1.600000, 0.050000, 0.962698
1.650000, 0.050000, 1.143293
1.700000, 0.050000, 1.347313
1.750000, 0.050000, 1.572371
1.800000, 0.050000, 1.815627
1.850000, 0.050000, 2.073862
1.900000, 0.050000, 2.343548
1.950000, 0.050000, 2.620945
2.000000, 0.050000, 2.902187
0.000000, 0.100000, -0.050895
0.050000, 0.100000, 0.114604
0.100000, 0.100000, 0.276227
0.150000, 0.100000, 0.430416
0.200000, 0.100000, 0.573855
0.250000, 0.100000, 0.703562
0.300000, 0.100000, 0.816953
0.350000, 0.100000, 0.911917
0.400000, 0.100000, 0.986860
0.450000, 0.100000, 1.040753
0.500000, 0.100000, 1.073151
0.550000, 0.100000, 1.084212
0.600000, 0.100000, 1.074688
0.650000, 0.100000, 1.045914
0.700000, 0.100000, 0.999768
0.750000, 0.100000, 0.938634
0.800000, 0.100000, 0.865337
0.850000, 0.100000, 0.783079
0.900000, 0.100000, 0.695359
0.950000, 0.100000, 0.605890
1.000000, 0.100000, 0.518503
1.050000, 0.100000, 0.437059
1.100000, 0.100000, 0.365352
1.150000, 0.100000, 0.307017
1.200000, 0.100000, 0.265440
1.250000, 0.100000, 0.243677
1.300000, 0.100000, 0.244375
1.350000, 0.100000, 0.269713
1.400000, 0.100000, 0.321347
1.450000, 0.100000, 0.400366
1.500000, 0.100000, 0.507270
1.550000, 0.100000, 0.641954
1.600000, 0.100000, 0.803716
1.650000, 0.100000, 0.991268
1.700000, 0.100000, 1.202773
1.750000, 0.100000, 1.435889
1.800000, 0.100000, 1.687824
1.850000, 0.100000, 1.955408
1.900000, 0.100000, 2.235169
1.950000, 0.100000, 2.523420
2.000000, 0.100000, 2.816347
0.000000, 0.150000, -0.095900
0.050000, 0.150000, 0.057590
0.100000, 0.150000, 0.207548
0.150000, 0.150000, 0.350584
0.200000, 0.150000, 0.483548
0.250000, 0.150000, 0.603607
0.300000, 0.150000, 0.708319
0.350000, 0.150000, 0.795699
0.400000, 0.150000, 0.864266
0.450000, 0.150000, 0.913086
0.500000, 0.150000, 0.941797
0.550000, 0.150000, 0.950620
0.600000, 0.150000, 0.940356
0.650000, 0.150000, 0.912370
0.700000, 0.150000, 0.868558
0.750000, 0.150000, 0.811303
0.800000, 0.150000, 0.743418
0.850000, 0.150000, 0.668081
0.900000, 0.150000, 0.588753
0.950000, 0.150000, 0.509098
1.000000, 0.150000, 0.432894
1.050000, 0.150000, 0.363938
1.100000, 0.150000, 0.305956
1.150000, 0.150000, 0.262509
1.200000, 0.150000, 0.236909
1.250000, 0.150000, 0.232134
1.300000, 0.150000, 0.250755
1.350000, 0.150000, 0.294874
1.400000, 0.150000, 0.366070
1.450000, 0.150000, 0.465360
1.500000, 0.150000, 0.593172
1.550000, 0.150000, 0.749333
1.600000, 0.150000, 0.933071
1.650000, 0.150000, 1.143036
1.700000, 0.150000, 1.377325
1.750000, 0.150000, 1.633534
1.800000, 0.150000, 1.908808
1.850000, 0.150000, 2.199914
1.900000, 0.150000, 2.503313
1.950000, 0.150000, 2.815250
2.000000, 0.150000, 3.131840
0.000000, 0.200000, -0.109127
0.050000, 0.200000, 0.032600
0.100000, 0.200000, 0.171301
0.150000, 0.200000, 0.303862
0.200000, 0.200000, 0.427388
0.250000, 0.200000, 0.539289
0.300000, 0.200000, 0.637344
0.350000, 0.200000, 0.719766
0.400000, 0.200000, 0.785247
0.450000, 0.200000, 0.832998
0.500000, 0.200000, 0.862771
0.550000, 0.200000, 0.874872
0.600000, 0.200000, 0.870156
0.650000, 0.200000, 0.850009
0.700000, 0.200000, 0.816317
0.750000, 0.200000, 0.771423
0.800000, 0.200000, 0.718069
0.850000, 0.200000, 0.659330
0.900000, 0.200000, 0.598543
0.950000, 0.200000, 0.539219
1.000000, 0.200000, 0.484961
1.050000, 0.200000, 0.439369
1.100000, 0.200000, 0.405956
1.150000, 0.200000, 0.388054
1.200000, 0.200000, 0.388733
1.250000, 0.200000, 0.410720
1.300000, 0.200000, 0.456327
1.350000, 0.200000, 0.527394
1.400000, 0.200000, 0.625235
1.450000, 0.200000, 0.750604
1.500000, 0.200000, 0.903669
1.550000, 0.200000, 1.084001
1.600000, 0.200000, 1.290584
1.650000, 0.200000, 1.521829
1.700000, 0.200000, 1.775607
1.750000, 0.200000, 2.049302
1.800000, 0.200000, 2.339859
1.850000, 0.200000, 2.643861
1.900000, 0.200000, 2.957605
1.950000, 0.200000, 3.277185
2.000000, 0.200000, 3.598586
0.000000, 0.250000, -0.093099
0.050000, 0.250000, 0.037170
0.100000, 0.250000, 0.165116
0.150000, 0.250000, 0.288029
0.200000, 0.250000, 0.403398
0.250000, 0.250000, 0.508982
0.300000, 0.250000, 0.602875
0.350000, 0.250000, 0.683559
0.400000, 0.250000, 0.749947
0.450000, 0.250000, 0.801416
0.500000, 0.250000, 0.837827
0.550000, 0.250000, 0.859535
0.600000, 0.250000, 0.867382
0.650000, 0.250000, 0.862679
0.700000, 0.250000, 0.847178
0.750000, 0.250000, 0.823025
0.800000, 0.250000, 0.792711
0.850000, 0.250000, 0.759007
0.900000, 0.250000, 0.724898
0.950000, 0.250000, 0.693499
1.000000, 0.250000, 0.667981
1.050000, 0.250000, 0.651487
1.100000, 0.250000, 0.647047
1.150000, 0.250000, 0.657497
1.200000, 0.250000, 0.685406
1.250000, 0.250000, 0.733003
1.300000, 0.250000, 0.802112
1.350000, 0.250000, 0.894106
1.400000, 0.250000, 1.009857
1.450000, 0.250000, 1.149713
1.500000, 0.250000, 1.313476
1.550000, 0.250000, 1.500403
1.600000, 0.250000, 1.709213
1.650000, 0.250000, 1.938116
1.700000, 0.250000, 2.184843
1.750000, 0.250000, 2.446702
1.800000, 0.250000, 2.720635
1.850000, 0.250000, 3.003290
1.900000, 0.250000, 3.291098
1.950000, 0.250000, 3.580359
2.000000, 0.250000, 3.867331
0.000000, 0.300000, -0.050952
0.050000, 0.300000, 0.068220
0.100000, 0.300000, 0.185994
0.150000, 0.300000, 0.300227
0.200000, 0.300000, 0.408939
0.250000, 0.300000, 0.510361
0.300000, 0.300000, 0.602990
0.350000, 0.300000, 0.685628
0.400000, 0.300000, 0.757418
0.450000, 0.300000, 0.817865
0.500000, 0.300000, 0.866855
0.550000, 0.300000, 0.904660
0.600000, 0.300000, 0.931929
0.650000, 0.300000, 0.949677
0.700000, 0.300000, 0.959257
0.750000, 0.300000, 0.962325
0.800000, 0.300000, 0.960800
0.850000, 0.300000, 0.956811
0.900000, 0.300000, 0.952643
0.950000, 0.300000, 0.950675
1.000000, 0.300000, 0.953318
1.050000, 0.300000, 0.962949
1.100000, 0.300000, 0.981847
1.150000, 0.300000, 1.012133
1.200000, 0.300000, 1.055706
1.250000, 0.300000, 1.114198
1.300000, 0.300000, 1.188922
1.350000, 0.300000, 1.280834
1.400000, 0.300000, 1.390508
1.450000, 0.300000, 1.518113
1.500000, 0.300000, 1.663404
1.550000, 0.300000, 1.825728
1.600000, 0.300000, 2.004033
1.650000, 0.300000, 2.196893
1.700000, 0.300000, 2.402543
1.750000, 0.300000, 2.618919
1.800000, 0.300000, 2.843710
1.850000, 0.300000, 3.074418
1.900000, 0.300000, 3.308416
1.950000, 0.300000, 3.543022
2.000000, 0.300000, 3.775564
0.000000, 0.350000, 0.013643
0.050000, 0.350000, 0.122124
0.100000, 0.350000, 0.230380
0.150000, 0.350000, 0.337030
0.200000, 0.350000, 0.440784
0.250000, 0.350000, 0.540468
0.300000, 0.350000, 0.635051
0.350000, 0.350000, 0.723664
0.400000, 0.350000, 0.805619
0.450000, 0.350000, 0.880423
0.500000, 0.350000, 0.947790
0.550000, 0.350000, 1.007645
0.600000, 0.350000, 1.060128
0.650000, 0.350000, 1.105589
0.700000, 0.350000, 1.144583
0.750000, 0.350000, 1.177859
0.800000, 0.350000, 1.206342
0.850000, 0.350000, 1.231117
0.900000, 0.350000, 1.253406
0.950000, 0.350000, 1.274543
1.000000, 0.350000, 1.295944
1.050000, 0.350000, 1.319080
1.100000, 0.350000, 1.345446
1.150000, 0.350000, 1.376527
1.200000, 0.350000, 1.413768
1.250000, 0.350000, 1.458544
1.300000, 0.350000, 1.512126
1.350000, 0.350000, 1.575659
1.400000, 0.350000, 1.650131
1.450000, 0.350000, 1.736353
1.500000, 0.350000, 1.834938
1.550000, 0.350000, 1.946289
1.600000, 0.350000, 2.070588
1.650000, 0.350000, 2.207785
1.700000, 0.350000, 2.357604
1.750000, 0.350000, 2.519539
1.800000, 0.350000, 2.692870
1.850000, 0.350000, 2.876671
1.900000, 0.350000, 3.069832
1.950000, 0.350000, 3.271075
2.000000, 0.350000, 3.478990
0.000000, 0.400000, 0.096570
0.050000, 0.400000, 0.194804
0.100000, 0.400000, 0.294258
0.150000, 0.400000, 0.394531
0.200000, 0.400000, 0.495199
0.250000, 0.400000, 0.595790
0.300000, 0.400000, 0.695775
0.350000, 0.400000, 0.794553
0.400000, 0.400000, 0.891453
0.450000, 0.400000, 0.985736
0.500000, 0.400000, 1.076610
0.550000, 0.400000, 1.163250
0.600000, 0.400000, 1.244823
0.650000, 0.400000, 1.320529
0.700000, 0.400000, 1.389630
0.750000, 0.400000, 1.451500
0.800000, 0.400000, 1.505665
0.850000, 0.400000, 1.551846
0.900000, 0.400000, 1.589999
0.950000, 0.400000, 1.620349
1.000000, 0.400000, 1.643420
1.050000, 0.400000, 1.660051
1.100000, 0.400000, 1.671408
1.150000, 0.400000, 1.678976
1.200000, 0.400000, 1.684547
1.250000, 0.400000, 1.690190
1.300000, 0.400000, 1.698210
1.350000, 0.400000, 1.711091
1.400000, 0.400000, 1.731438
1.450000, 0.400000, 1.761898
1.500000, 0.400000, 1.805080
1.550000, 0.400000, 1.863475
1.600000, 0.400000, 1.939363
1.650000, 0.400000, 2.034730
1.700000, 0.400000, 2.151191
1.750000, 0.400000, 2.289911
1.800000, 0.400000, 2.451546
1.850000, 0.400000, 2.636194
1.900000, 0.400000, 2.843358
1.950000, 0.400000, 3.071937
2.000000, 0.400000, 3.320222
0.000000, 0.450000, 0.193367
0.050000, 0.450000, 0.281825
0.100000, 0.450000, 0.373244
0.150000, 0.450000, 0.468446
0.200000, 0.450000, 0.568044
0.250000, 0.450000, 0.672353
0.300000, 0.450000, 0.781316
0.350000, 0.450000, 0.894452
0.400000, 0.450000, 1.010831
0.450000, 0.450000, 1.129083
0.500000, 0.450000, 1.247433
0.550000, 0.450000, 1.363763
0.600000, 0.450000, 1.475705
0.650000, 0.450000, 1.580752
0.700000, 0.450000, 1.676392
0.750000, 0.450000, 1.760244
0.800000, 0.450000, 1.830205
0.850000, 0.450000, 1.884593
0.900000, 0.450000, 1.922276
0.950000, 0.450000, 1.942781
1.000000, 0.450000, 1.946387
1.050000, 0.450000, 1.934176
1.100000, 0.450000, 1.908061
1.150000, 0.450000, 1.870765
1.200000, 0.450000, 1.825773
1.250000, 0.450000, 1.777236
1.300000, 0.450000, 1.729850
1.350000, 0.450000, 1.688695
1.400000, 0.450000, 1.659052
1.450000, 0.450000, 1.646205
1.500000, 0.450000, 1.655229
1.550000, 0.450000, 1.690778
1.600000, 0.450000, 1.756878
1.650000, 0.450000, 1.856746
1.700000, 0.450000, 1.992622
1.750000, 0.450000, 2.165641
1.800000, 0.450000, 2.375749
1.850000, 0.450000, 2.621651
1.900000, 0.450000, 2.900819
1.950000, 0.450000, 3.209543
2.000000, 0.450000, 3.543033
0.000000, 0.500000, 0.299341
0.050000, 0.500000, 0.378510
0.100000, 0.500000, 0.462701
0.150000, 0.500000, 0.554215
0.200000, 0.500000, 0.654875
0.250000, 0.500000, 0.765822
0.300000, 0.500000, 0.887365
0.350000, 0.500000, 1.018877
0.400000, 0.500000, 1.158763
0.450000, 0.500000, 1.304491
0.500000, 0.500000, 1.452691
0.550000, 0.500000, 1.599317
0.600000, 0.500000, 1.739859
0.650000, 0.500000, 1.869604
0.700000, 0.500000, 1.983922
0.750000, 0.500000, 2.078558
0.800000, 0.500000, 2.149930
0.850000, 0.500000, 2.195391
0.900000, 0.500000, 2.213461
0.950000, 0.500000, 2.203998
1.000000, 0.500000, 2.168308
1.050000, 0.500000, 2.109174
1.100000, 0.500000, 2.030812
1.150000, 0.500000, 1.938743
1.200000, 0.500000, 1.839595
1.250000, 0.500000, 1.740835
1.300000, 0.500000, 1.650447
1.350000, 0.500000, 1.576575
1.400000, 0.500000, 1.527140
1.450000, 0.500000, 1.509460
1.500000, 0.500000, 1.529887
1.550000, 0.500000, 1.593481
1.600000, 0.500000, 1.703738
1.650000, 0.500000, 1.862389
1.700000, 0.500000, 2.069279
1.750000, 0.500000, 2.322334
1.800000, 0.500000, 2.617622
1.850000, 0.500000, 2.949496
1.900000, 0.500000, 3.310828
1.950000, 0.500000, 3.693309
2.000000, 0.500000, 4.087811
0.000000, 0.550000, 0.409678
0.050000, 0.550000, 0.480052
0.100000, 0.550000, 0.557848
0.150000, 0.550000, 0.647124
0.200000, 0.550000, 0.751062
0.250000, 0.550000, 0.871616
0.300000, 0.550000, 1.009256
0.350000, 0.550000, 1.162818
0.400000, 0.550000, 1.329488
0.450000, 0.550000, 1.504907
0.500000, 0.550000, 1.683403
0.550000, 0.550000, 1.858333
0.600000, 0.550000, 2.022514
0.650000, 0.550000, 2.168708
0.700000, 0.550000, 2.290140
0.750000, 0.550000, 2.381005
0.800000, 0.550000, 2.436928
0.850000, 0.550000, 2.455352
0.900000, 0.550000, 2.435822
0.950000, 0.550000, 2.380136
1.000000, 0.550000, 2.292364
1.050000, 0.550000, 2.178718
1.100000, 0.550000, 2.047286
1.150000, 0.550000, 1.907638
1.200000, 0.550000, 1.770333
1.250000, 0.550000, 1.646351
1.300000, 0.550000, 1.546488
1.350000, 0.550000, 1.480751
1.400000, 0.550000, 1.457783
1.450000, 0.550000, 1.484370
1.500000, 0.550000, 1.565047
1.550000, 0.550000, 1.701831
1.600000, 0.550000, 1.894100
1.650000, 0.550000, 2.138627
1.700000, 0.550000, 2.429765
1.750000, 0.550000, 2.759767
1.800000, 0.550000, 3.119232
1.850000, 0.550000, 3.497635
1.900000, 0.550000, 3.883923
1.950000, 0.550000, 4.267125
2.000000, 0.550000, 4.636952
0.000000, 0.600000, 0.519565
0.050000, 0.600000, 0.581632
0.100000, 0.600000, 0.653883
0.150000, 0.600000, 0.742418
0.200000, 0.600000, 0.851905
0.250000, 0.600000, 0.985022
0.300000, 0.600000, 1.142084
0.350000, 0.600000, 1.320860
0.400000, 0.600000, 1.516620
0.450000, 0.600000, 1.722407
0.500000, 0.600000, 1.929503
0.550000, 0.600000, 2.128072
0.600000, 0.600000, 2.307920
0.650000, 0.600000, 2.459308
0.700000, 0.600000, 2.573769
0.750000, 0.600000, 2.644843
0.800000, 0.600000, 2.668687
0.850000, 0.600000, 2.644500
0.900000, 0.600000, 2.574728
0.950000, 0.600000, 2.465034
1.000000, 0.600000, 2.324019
1.050000, 0.600000, 2.162730
1.100000, 0.600000, 1.993974
1.150000, 0.600000, 1.831494
1.200000, 0.600000, 1.689064
1.250000, 0.600000, 1.579585
1.300000, 0.600000, 1.514221
1.350000, 0.600000, 1.501669
1.400000, 0.600000, 1.547599
1.450000, 0.600000, 1.654309
1.500000, 0.600000, 1.820625
1.550000, 0.600000, 2.042048
1.600000, 0.600000, 2.311131
1.650000, 0.600000, 2.618063
1.700000, 0.600000, 2.951413
1.750000, 0.600000, 3.298965
1.800000, 0.600000, 3.648599
1.850000, 0.600000, 3.989130
1.900000, 0.600000, 4.311056
1.950000, 0.600000, 4.607148
2.000000, 0.600000, 4.872852
0.000000, 0.650000, 0.624307
0.050000, 0.650000, 0.678540
0.100000, 0.650000, 0.746102
0.150000, 0.650000, 0.835426
0.200000, 0.650000, 0.952752
0.250000, 0.650000, 1.101313
0.300000, 0.650000, 1.280826
0.350000, 0.650000, 1.487315
0.400000, 0.650000, 1.713319
0.450000, 0.650000, 1.948449
0.500000, 0.650000, 2.180242
0.550000, 0.650000, 2.395260
0.600000, 0.650000, 2.580302
0.650000, 0.650000, 2.723642
0.700000, 0.650000, 2.816162
0.750000, 0.650000, 2.852284
0.800000, 0.650000, 2.830603
0.850000, 0.650000, 2.754168
0.900000, 0.650000, 2.630372
0.950000, 0.650000, 2.470466
1.000000, 0.650000, 2.288731
1.050000, 0.650000, 2.101382
1.100000, 0.650000, 1.925302
1.150000, 0.650000, 1.776711
1.200000, 0.650000, 1.669901
1.250000, 0.650000, 1.616129
1.300000, 0.650000, 1.622791
1.350000, 0.650000, 1.692922
1.400000, 0.650000, 1.825083
1.450000, 0.650000, 2.013639
1.500000, 0.650000, 2.249379
1.550000, 0.650000, 2.520455
1.600000, 0.650000, 2.813507
1.650000, 0.650000, 3.114910
1.700000, 0.650000, 3.411992
1.750000, 0.650000, 3.694137
1.800000, 0.650000, 3.953654
1.850000, 0.650000, 4.186348
1.900000, 0.650000, 4.391734
1.950000, 0.650000, 4.572880
2.000000, 0.650000, 4.735900
0.000000, 0.700000, 0.719444
0.050000, 0.700000, 0.766292
0.100000, 0.700000, 0.830015
0.150000, 0.700000, 0.921672
0.200000, 0.700000, 1.049118
0.250000, 0.700000, 1.215870
0.300000, 0.700000, 1.420464
0.350000, 0.700000, 1.656367
0.400000, 0.700000, 1.912479
0.450000, 0.700000, 2.174147
0.500000, 0.700000, 2.424618
0.550000, 0.700000, 2.646751
0.600000, 0.700000, 2.824821
0.650000, 0.700000, 2.946220
0.700000, 0.700000, 3.002860
0.750000, 0.700000, 2.992147
0.800000, 0.700000, 2.917393
0.850000, 0.700000, 2.787639
0.900000, 0.700000, 2.616895
0.950000, 0.700000, 2.422870
1.000000, 0.700000, 2.225335
1.050000, 0.700000, 2.044273
1.100000, 0.700000, 1.898021
1.150000, 0.700000, 1.801595
1.200000, 0.700000, 1.765363
1.250000, 0.700000, 1.794217
1.300000, 0.700000, 1.887303
1.350000, 0.700000, 2.038363
1.400000, 0.700000, 2.236614
1.450000, 0.700000, 2.468088
1.500000, 0.700000, 2.717270
1.550000, 0.700000, 2.968864
1.600000, 0.700000, 3.209487
1.650000, 0.700000, 3.429105
1.700000, 0.700000, 3.622072
1.750000, 0.700000, 3.787641
1.800000, 0.700000, 3.929905
1.850000, 0.700000, 4.057181
1.900000, 0.700000, 4.180897
1.950000, 0.700000, 4.314119
2.000000, 0.700000, 4.469868
0.000000, 0.750000, 0.800859
0.050000, 0.750000, 0.840737
0.100000, 0.750000, 0.901456
0.150000, 0.750000, 0.996992
0.200000, 0.750000, 1.136799
0.250000, 0.750000, 1.324293
0.300000, 0.750000, 1.556107
0.350000, 0.750000, 1.822218
0.400000, 0.750000, 2.106924
0.450000, 0.750000, 2.390574
0.500000, 0.750000, 2.651830
0.550000, 0.750000, 2.870191
0.600000, 0.750000, 3.028471
0.650000, 0.750000, 3.114917
0.700000, 0.750000, 3.124723
0.750000, 0.750000, 3.060726
0.800000, 0.750000, 2.933224
0.850000, 0.750000, 2.758911
0.900000, 0.750000, 2.559067
0.950000, 0.750000, 2.357220
1.000000, 0.750000, 2.176558
1.050000, 0.750000, 2.037404
1.100000, 0.750000, 1.955065
1.150000, 0.750000, 1.938294
1.200000, 0.750000, 1.988571
1.250000, 0.750000, 2.100265
1.300000, 0.750000, 2.261646
1.350000, 0.750000, 2.456635
1.400000, 0.750000, 2.667049
1.450000, 0.750000, 2.875057
1.500000, 0.750000, 3.065554
1.550000, 0.750000, 3.228144
1.600000, 0.750000, 3.358478
1.650000, 0.750000, 3.458799
1.700000, 0.750000, 3.537605
1.750000, 0.750000, 3.608495
1.800000, 0.750000, 3.688320
1.850000, 0.750000, 3.794892
1.900000, 0.750000, 3.944527
1.950000, 0.750000, 4.149739
2.000000, 0.750000, 4.417369
0.000000, 0.800000, 0.864882
0.050000, 0.800000, 0.898160
0.100000, 0.800000, 0.956689
0.150000, 0.800000, 1.057638
0.200000, 0.800000, 1.211975
0.250000, 0.800000, 1.422508
0.300000, 0.800000, 1.683112
0.350000, 0.800000, 1.979231
0.400000, 0.800000, 2.289619
0.450000, 0.800000, 2.589065
0.500000, 0.800000, 2.851731
0.550000, 0.800000, 3.054644
0.600000, 0.800000, 3.180844
0.650000, 0.800000, 3.221767
0.700000, 0.800000, 3.178498
0.750000, 0.800000, 3.061753
0.800000, 0.800000, 2.890559
0.850000, 0.800000, 2.689828
0.900000, 0.800000, 2.487156
0.950000, 0.800000, 2.309293
1.000000, 0.800000, 2.178764
1.050000, 0.800000, 2.111110
1.100000, 0.800000, 2.113132
1.150000, 0.800000, 2.182359
1.200000, 0.800000, 2.307825
1.250000, 0.800000, 2.472019
1.300000, 0.800000, 2.653726
1.350000, 0.800000, 2.831364
1.400000, 0.800000, 2.986317
1.450000, 0.800000, 3.105814
1.500000, 0.800000, 3.184918
1.550000, 0.800000, 3.227362
1.600000, 0.800000, 3.245098
1.650000, 0.800000, 3.256626
1.700000, 0.800000, 3.284334
1.750000, 0.800000, 3.351228
1.800000, 0.800000, 3.477514
1.850000, 0.800000, 3.677511
1.900000, 0.800000, 3.957345
1.950000, 0.800000, 4.313742
2.000000, 0.800000, 4.734108
0.000000, 0.850000, 0.908375
0.050000, 0.850000, 0.935378
0.100000, 0.850000, 0.992498
0.150000, 0.850000, 1.100368
0.200000, 0.850000, 1.271304
0.250000, 0.850000, 1.506872
0.300000, 0.850000, 1.797190
0.350000, 0.850000, 2.122073
0.400000, 0.850000, 2.453868
0.450000, 0.850000, 2.761521
0.500000, 0.850000, 3.015260
0.550000, 0.850000, 3.191136
0.600000, 0.850000, 3.274725
0.650000, 0.850000, 3.263399
0.700000, 0.850000, 3.166811
0.750000, 0.850000, 3.005508
0.800000, 0.850000, 2.807895
0.850000, 0.850000, 2.606029
0.900000, 0.850000, 2.430886
0.950000, 0.850000, 2.307862
1.000000, 0.850000, 2.253193
1.050000, 0.850000, 2.271858
1.100000, 0.850000, 2.357293
1.150000, 0.850000, 2.492924
1.200000, 0.850000, 2.655298
1.250000, 0.850000, 2.818276
1.300000, 0.850000, 2.957623
1.350000, 0.850000, 3.055260
1.400000, 0.850000, 3.102494
1.450000, 0.850000, 3.101695
1.500000, 0.850000, 3.066165
1.550000, 0.850000, 3.018196
1.600000, 0.850000, 2.985632
1.650000, 0.850000, 2.997475
1.700000, 0.850000, 3.079226
1.750000, 0.850000, 3.248706
1.800000, 0.850000, 3.513012
1.850000, 0.850000, 3.867113
1.900000, 0.850000, 4.294295
1.950000, 0.850000, 4.768412
2.000000, 0.850000, 5.257575
0.000000, 0.900000, 0.928818
0.050000, 0.900000, 0.949812
0.100000, 0.900000, 1.006271
0.150000, 0.900000, 1.122533
0.200000, 0.900000, 1.312010
0.250000, 0.900000, 1.574255
0.300000, 0.900000, 1.894515
0.350000, 0.900000, 2.245856
0.400000, 0.900000, 2.593513
0.450000, 0.900000, 2.900696
0.500000, 0.900000, 3.134823
0.550000, 0.900000, 3.273098
0.600000, 0.900000, 3.306446
0.650000, 0.900000, 3.241096
0.700000, 0.900000, 3.097560
0.750000, 0.900000, 2.907157
0.800000, 0.900000, 2.706716
0.850000, 0.900000, 2.532379
0.900000, 0.900000, 2.413599
0.950000, 0.900000, 2.368383
1.000000, 0.900000, 2.400613
1.050000, 0.900000, 2.499913
1.100000, 0.900000, 2.644057
1.150000, 0.900000, 2.803494
1.200000, 0.900000, 2.947166
1.250000, 0.900000, 3.048570
1.300000, 0.900000, 3.090982
1.350000, 0.900000, 3.070907
1.400000, 0.900000, 2.999119
1.450000, 0.900000, 2.899115
1.500000, 0.900000, 2.803225
1.550000, 0.900000, 2.747087
1.600000, 0.900000, 2.763437
1.650000, 0.900000, 2.876326
1.700000, 0.900000, 3.096783
1.750000, 0.900000, 3.420700
1.800000, 0.900000, 3.829305
1.850000, 0.900000, 4.292162
1.900000, 0.900000, 4.772162
1.950000, 0.900000, 5.231636
2.000000, 0.900000, 5.638515
0.000000, 0.950000, 0.924361
0.050000, 0.950000, 0.939555
0.100000, 0.950000, 0.996062
0.150000, 0.950000, 1.122139
0.200000, 0.950000, 1.331946
0.250000, 0.950000, 1.622117
0.300000, 0.950000, 1.971808
0.350000, 0.950000, 2.346253
0.400000, 0.950000, 2.703124
0.450000, 0.950000, 3.000462
0.500000, 0.950000, 3.204621
0.550000, 0.950000, 3.296673
0.600000, 0.950000, 3.276012
0.650000, 0.950000, 3.160451
0.700000, 0.950000, 2.982796
0.750000, 0.950000, 2.784571
0.800000, 0.950000, 2.608114
0.850000, 0.950000, 2.488616
0.900000, 0.950000, 2.447643
0.950000, 0.950000, 2.489419
1.000000, 0.950000, 2.600581
1.050000, 0.950000, 2.753444
1.100000, 0.950000, 2.912123
1.150000, 0.950000, 3.040274
1.200000, 0.950000, 3.108925
1.250000, 0.950000, 3.102833
1.300000, 0.950000, 3.024096
1.350000, 0.950000, 2.892297
1.400000, 0.950000, 2.741133
1.450000, 0.950000, 2.612187
1.500000, 0.950000, 2.547056
1.550000, 0.950000, 2.579384
1.600000, 0.950000, 2.728351
1.650000, 0.950000, 2.994918
1.700000, 0.950000, 3.361555
1.750000, 0.950000, 3.795503
1.800000, 0.950000, 4.254951
1.850000, 0.950000, 4.696891
1.900000, 0.950000, 5.085141
1.950000, 0.950000, 5.396940
2.000000, 0.950000, 5.626848
0.000000, 1.000000, 0.893879
0.050000, 1.000000, 0.903419
0.100000, 1.000000, 0.960640
0.150000, 1.000000, 1.097899
0.200000, 1.000000, 1.329652
0.250000, 1.000000, 1.648564
0.300000, 1.000000, 2.026416
0.350000, 1.000000, 2.419618
0.400000, 1.000000, 2.778160
0.450000, 1.000000, 3.056032
0.500000, 1.000000, 3.220896
0.550000, 1.000000, 3.260866
0.600000, 1.000000, 3.186962
0.650000, 1.000000, 3.030680
0.700000, 1.000000, 2.837226
0.750000, 1.000000, 2.655873
0.800000, 1.000000, 2.529549
0.850000, 1.000000, 2.485911
0.900000, 1.000000, 2.531839
0.950000, 1.000000, 2.652545
1.000000, 1.000000, 2.815471
1.050000, 1.000000, 2.978103
1.100000, 1.000000, 3.097996
1.150000, 1.000000, 3.142794
1.200000, 1.000000, 3.098040
1.250000, 1.000000, 2.971069
1.300000, 1.000000, 2.790102
1.350000, 1.000000, 2.598725
1.400000, 1.000000, 2.446952
1.450000, 1.000000, 2.380790
1.500000, 1.000000, 2.432580
1.550000, 1.000000, 2.614205
1.600000, 1.000000, 2.914647
1.650000, 1.000000, 3.302409
1.700000, 1.000000, 3.732285
1.750000, 1.000000, 4.155003
1.800000, 1.000000, 4.527634
1.850000, 1.000000, 4.822522
1.900000, 1.000000, 5.032786
1.950000, 1.000000, 5.173214
2.000000, 1.000000, 5.276364
0.000000, 1.050000, 0.836992
0.050000, 1.050000, 0.840963
0.100000, 1.050000, 0.899520
0.150000, 1.050000, 1.049267
0.200000, 1.050000, 1.304384
0.250000, 1.050000, 1.652394
0.300000, 1.050000, 2.056370
0.350000, 1.050000, 2.463078
0.400000, 1.050000, 2.815115
0.450000, 1.050000, 3.064145
0.500000, 1.050000, 3.182085
0.550000, 1.050000, 3.167544
0.600000, 1.050000, 3.045997
0.650000, 1.050000, 2.863655
0.700000, 1.050000, 2.676487
0.750000, 1.050000, 2.537043
0.800000, 1.050000, 2.482220
0.850000, 1.050000, 2.524900
0.900000, 1.050000, 2.651462
0.950000, 1.050000, 2.825732
1.000000, 1.050000, 2.998427
1.050000, 1.050000, 3.119791
1.100000, 1.050000, 3.152387
1.150000, 1.050000, 3.080945
1.200000, 1.050000, 2.916884
1.250000, 1.050000, 2.696408
1.300000, 1.050000, 2.472605
1.350000, 1.050000, 2.303430
1.400000, 1.050000, 2.238435
1.450000, 1.050000, 2.307411
1.500000, 1.050000, 2.513657
1.550000, 1.050000, 2.833482
1.600000, 1.050000, 3.222049
1.650000, 1.050000, 3.624148
1.700000, 1.050000, 3.987335
1.750000, 1.050000, 4.274262
1.800000, 1.050000, 4.471264
1.850000, 1.050000, 4.591149
1.900000, 1.050000, 4.669523
1.950000, 1.050000, 4.755568
2.000000, 1.050000, 4.899476
0.000000, 1.100000, 0.754080
0.050000, 1.100000, 0.752503
0.100000, 1.100000, 0.812977
0.150000, 1.100000, 0.976448
0.200000, 1.100000, 1.256135
0.250000, 1.100000, 1.633117
0.300000, 1.100000, 2.060432
0.350000, 1.100000, 2.474608
0.400000, 1.100000, 2.811635
0.450000, 1.100000, 3.023194
0.500000, 1.100000, 3.088887
0.550000, 1.100000, 3.021275
0.600000, 1.100000, 2.862405
0.650000, 1.100000, 2.672738
0.700000, 1.100000, 2.515399
0.750000, 1.100000, 2.439867
0.800000, 1.100000, 2.469405
0.850000, 1.100000, 2.595498
0.900000, 1.100000, 2.780769
0.950000, 1.100000, 2.969575
1.000000, 1.100000, 3.103484
1.050000, 1.100000, 3.137551
1.100000, 1.100000, 3.053087
1.150000, 1.100000, 2.863543
1.200000, 1.100000, 2.611946
1.250000, 1.100000, 2.360526
1.300000, 1.100000, 2.175248
1.350000, 1.100000, 2.109281
1.400000, 1.100000, 2.189735
1.450000, 1.100000, 2.411128
1.500000, 1.100000, 2.737291
1.550000, 1.100000, 3.111190
1.600000, 1.100000, 3.470088
1.650000, 1.100000, 3.762050
1.700000, 1.100000, 3.959453
1.750000, 1.100000, 4.065969
1.800000, 1.100000, 4.115172
1.850000, 1.100000, 4.161162
1.900000, 1.100000, 4.263677
1.950000, 1.100000, 4.471620
2.000000, 1.100000, 4.809353
0.000000, 1.150000, 0.646268
0.050000, 1.150000, 0.639107
0.100000, 1.150000, 0.702039
0.150000, 1.150000, 0.880398
0.200000, 1.150000, 1.185630
0.250000, 1.150000, 1.590964
0.300000, 1.150000, 2.038114
0.350000, 1.150000, 2.453085
0.400000, 1.150000, 2.766600
0.450000, 1.150000, 2.933295
0.500000, 1.150000, 2.944214
0.550000, 1.150000, 2.829023
0.600000, 1.150000, 2.647320
0.650000, 1.150000, 2.471544
0.700000, 1.150000, 2.366369
0.750000, 1.150000, 2.370493
0.800000, 1.150000, 2.486028
0.850000, 1.150000, 2.678526
0.900000, 1.150000, 2.887603
0.950000, 1.150000, 3.045122
1.000000, 1.150000, 3.095678
1.050000, 1.150000, 3.013506
1.100000, 1.150000, 2.810940
1.150000, 1.150000, 2.535967
1.200000, 1.150000, 2.259554
1.250000, 1.150000, 2.056352
1.300000, 1.150000, 1.984281
1.350000, 1.150000, 2.068824
1.400000, 1.150000, 2.296506
1.450000, 1.150000, 2.619408
1.500000, 1.150000, 2.969405
1.550000, 1.150000, 3.278047
1.600000, 1.150000, 3.496352
1.650000, 1.150000, 3.608865
1.700000, 1.150000, 3.637927
1.750000, 1.150000, 3.636956
1.800000, 1.150000, 3.674656
1.850000, 1.150000, 3.814700
1.900000, 1.150000, 4.096729
1.950000, 1.150000, 4.524116
2.000000, 1.150000, 5.062039
0.000000, 1.200000, 0.515405
0.050000, 1.200000, 0.502568
0.100000, 1.200000, 0.568461
0.150000, 1.200000, 0.762797
0.200000, 1.200000, 1.094308
0.250000, 1.200000, 1.526872
0.300000, 1.200000, 1.989687
0.350000, 1.200000, 2.398325
0.400000, 1.200000, 2.680170
0.450000, 1.200000, 2.796301
0.500000, 1.200000, 2.753065
0.550000, 1.200000, 2.599717
0.600000, 1.200000, 2.412890
0.650000, 1.200000, 2.272733
0.700000, 1.200000, 2.238137
0.750000, 1.200000, 2.328770
0.800000, 1.200000, 2.519494
0.850000, 1.200000, 2.748900
0.900000, 1.200000, 2.939275
0.950000, 1.200000, 3.021773
1.000000, 1.200000, 2.958923
1.050000, 1.200000, 2.757443
1.100000, 1.200000, 2.467342
1.150000, 1.200000, 2.167553
1.200000, 1.200000, 1.942560
1.250000, 1.200000, 1.857239
1.300000, 1.200000, 1.937740
1.350000, 1.200000, 2.164329
1.400000, 1.200000, 2.478385
1.450000, 1.200000, 2.801373
1.500000, 1.200000, 3.059843
1.550000, 1.200000, 3.208681
1.600000, 1.200000, 3.245348
1.650000, 1.200000, 3.210679
1.700000, 1.200000, 3.175980
1.750000, 1.200000, 3.220468
1.800000, 1.200000, 3.406056
1.850000, 1.200000, 3.757377
1.900000, 1.200000, 4.253262
1.950000, 1.200000, 4.832356
2.000000, 1.200000, 5.411149
0.000000, 1.250000, 0.364014
0.050000, 1.250000, 0.345358
0.100000, 1.250000, 0.414685
0.150000, 1.250000, 0.626010
0.200000, 1.250000, 0.984282
0.250000, 1.250000, 1.442457
0.300000, 1.250000, 1.916167
0.350000, 1.250000, 2.311089
0.400000, 1.250000, 2.553801
0.450000, 1.250000, 2.615753
0.500000, 1.250000, 2.522294
0.550000, 1.250000, 2.343723
0.600000, 1.250000, 2.171399
0.650000, 1.250000, 2.086950
0.700000, 1.250000, 2.134979
0.750000, 1.250000, 2.308451
0.800000, 1.250000, 2.551675
0.850000, 1.250000, 2.779865
0.900000, 1.250000, 2.908666
0.950000, 1.250000, 2.883669
1.000000, 1.250000, 2.699940
1.050000, 1.250000, 2.404955
1.100000, 1.250000, 2.083910
1.150000, 1.250000, 1.832339
1.200000, 1.250000, 1.725227
1.250000, 1.250000, 1.792998
1.300000, 1.250000, 2.012446
1.350000, 1.250000, 2.315623
1.400000, 1.250000, 2.613685
1.450000, 1.250000, 2.827605
1.500000, 1.250000, 2.915415
1.550000, 1.250000, 2.886748
1.600000, 1.250000, 2.799797
1.650000, 1.250000, 2.741686
1.700000, 1.250000, 2.798892
1.750000, 1.250000, 3.027673
1.800000, 1.250000, 3.434497
1.850000, 1.250000, 3.973071
1.900000, 1.250000, 4.558995
1.950000, 1.250000, 5.097130
2.000000, 1.250000, 5.512474
0.000000, 1.300000, 0.195229
0.050000, 1.300000, 0.170569
0.100000, 1.300000, 0.243778
0.150000, 1.300000, 0.473026
0.200000, 1.300000, 0.858284
0.250000, 1.300000, 1.339961
0.300000, 1.300000, 1.819285
0.350000, 1.300000, 2.193067
0.400000, 1.300000, 2.390216
0.450000, 1.300000, 2.396762
0.500000, 1.300000, 2.260301
0.550000, 1.300000, 2.072256
0.600000, 1.300000, 1.934430
0.650000, 1.300000, 1.922006
0.700000, 1.300000, 2.056460
0.750000, 1.300000, 2.298227
0.800000, 1.300000, 2.561778
0.850000, 1.300000, 2.747607
0.900000, 1.300000, 2.779473
0.950000, 1.300000, 2.633327
1.000000, 1.300000, 2.347368
1.050000, 1.300000, 2.009547
1.100000, 1.300000, 1.727027
1.150000, 1.300000, 1.588663
1.200000, 1.300000, 1.634123
1.250000, 1.300000, 1.840841
1.300000, 1.300000, 2.133508
1.350000, 1.300000, 2.412629
1.400000, 1.300000, 2.591718
1.450000, 1.300000, 2.629590
1.500000, 1.300000, 2.545976
1.550000, 1.300000, 2.414772
1.600000, 1.300000, 2.337361
1.650000, 1.300000, 2.405716
1.700000, 1.300000, 2.668690
1.750000, 1.300000, 3.113770
1.800000, 1.300000, 3.670945
1.850000, 1.300000, 4.237287
1.900000, 1.300000, 4.713330
1.950000, 1.300000, 5.038058
2.000000, 1.300000, 5.209776
0.000000, 1.350000, 0.012723
0.050000, 1.350000, -0.018162
0.100000, 1.350000, 0.059359
0.150000, 1.350000, 0.307387
0.200000, 1.350000, 0.719593
0.250000, 1.350000, 1.222196
0.300000, 1.350000, 1.701439
0.350000, 1.350000, 2.046841
0.400000, 1.350000, 2.193339
0.450000, 1.350000, 2.145848
0.500000, 1.350000, 1.976670
0.550000, 1.350000, 1.796760
0.600000, 1.350000, 1.712120
0.650000, 1.350000, 1.782378
0.700000, 1.350000, 1.997762
0.750000, 1.350000, 2.283458
0.800000, 1.350000, 2.529657
0.850000, 1.350000, 2.635486
0.900000, 1.350000, 2.549640
0.950000, 1.350000, 2.291769
1.000000, 1.350000, 1.946232
1.050000, 1.350000, 1.630614
1.100000, 1.350000, 1.451302
1.150000, 1.350000, 1.463448
1.200000, 1.350000, 1.650953
1.250000, 1.350000, 1.934260
1.300000, 1.350000, 2.202870
1.350000, 1.350000, 2.359833
1.400000, 1.350000, 2.360760
1.450000, 1.350000, 2.232088
1.500000, 1.350000, 2.061405
1.550000, 1.350000, 1.963626
1.600000, 1.350000, 2.036227
1.650000, 1.350000, 2.321057
1.700000, 1.350000, 2.787662
1.750000, 1.350000, 3.344661
1.800000, 1.350000, 3.874730
1.850000, 1.350000, 4.279528
1.900000, 1.350000, 4.517014
1.950000, 1.350000, 4.616577
2.000000, 1.350000, 4.666100
0.000000, 1.400000, -0.179388
0.050000, 1.400000, -0.216743
0.100000, 1.400000, -0.134494
0.150000, 1.400000, 0.133097
0.200000, 1.400000, 0.571948
0.250000, 1.400000, 1.092461
0.300000, 1.400000, 1.565627
0.350000, 1.400000, 1.875827
0.400000, 1.400000, 1.968199
0.450000, 1.400000, 1.870719
0.500000, 1.400000, 1.681749
0.550000, 1.400000, 1.528306
0.600000, 1.400000, 1.512563
0.650000, 1.400000, 1.669054
0.700000, 1.400000, 1.950526
0.750000, 1.400000, 2.248386
0.800000, 1.400000, 2.439124
0.850000, 1.400000, 2.437233
0.900000, 1.400000, 2.232366
0.950000, 1.400000, 1.895119
1.000000, 1.400000, 1.548973
1.050000, 1.400000, 1.320133
1.100000, 1.400000, 1.286269
1.150000, 1.400000, 1.445644
1.200000, 1.400000, 1.719523
1.250000, 1.400000, 1.986835
1.300000, 1.400000, 2.136473
1.350000, 1.400000, 2.115274
1.400000, 1.400000, 1.951485
1.450000, 1.400000, 1.743855
1.500000, 1.400000, 1.620898
1.550000, 1.400000, 1.687408
1.600000, 1.400000, 1.980672
1.650000, 1.400000, 2.454730
1.700000, 1.400000, 2.999321
1.750000, 1.400000, 3.485546
1.800000, 1.400000, 3.819111
1.850000, 1.400000, 3.978824
1.900000, 1.400000, 4.024215
1.950000, 1.400000, 4.069110
2.000000, 1.400000, 4.232294
0.000000, 1.450000, -0.376644
0.050000, 1.450000, -0.420732
0.100000, 1.450000, -0.333337
0.150000, 1.450000, -0.045475
0.200000, 1.450000, 0.419455
0.250000, 1.450000, 0.954455
0.300000, 1.450000, 1.415369
0.350000, 1.450000, 1.684186
0.400000, 1.450000, 1.720797
0.450000, 1.450000, 1.580010
0.500000, 1.450000, 1.386207
0.550000, 1.450000, 1.277031
0.600000, 1.450000, 1.341411
0.650000, 1.450000, 1.579747
0.700000, 1.450000, 1.904138
0.750000, 1.450000, 2.178531
0.800000, 1.450000, 2.280759
0.850000, 1.450000, 2.158573
0.900000, 1.450000, 1.854499
0.950000, 1.450000, 1.488311
1.000000, 1.450000, 1.204949
1.050000, 1.450000, 1.111246
1.100000, 1.450000, 1.229800
1.150000, 1.450000, 1.490683
1.200000, 1.450000, 1.764649
1.250000, 1.450000, 1.922893
1.300000, 1.450000, 1.896483
1.350000, 1.450000, 1.708740
1.400000, 1.450000, 1.465993
1.450000, 1.450000, 1.310834
1.500000, 1.450000, 1.358826
1.550000, 1.450000, 1.647078
1.600000, 1.450000, 2.117754
1.650000, 1.450000, 2.643929
1.700000, 1.450000, 3.086173
1.750000, 1.450000, 3.354468
1.800000, 1.450000, 3.447690
1.850000, 1.450000, 3.452923
1.900000, 1.450000, 3.504970
1.950000, 1.450000, 3.724256
2.000000, 1.450000, 4.161052
0.000000, 1.500000, -0.574350
0.050000, 1.500000, -0.625439
0.100000, 1.500000, -0.532475
0.150000, 1.500000, -0.223705
0.200000, 1.500000, 0.266478
0.250000, 1.500000, 0.812176
0.300000, 1.500000, 1.254619
0.350000, 1.500000, 1.476730
0.400000, 1.500000, 1.457937
0.450000, 1.500000, 1.282992
0.500000, 1.500000, 1.100592
0.550000, 1.500000, 1.051666
0.600000, 1.500000, 1.201685
0.650000, 1.500000, 1.509446
0.700000, 1.500000, 1.847278
0.750000, 1.500000, 2.062987
0.800000, 1.500000, 2.053821
0.850000, 1.500000, 1.817001
0.900000, 1.500000, 1.452568
0.950000, 1.500000, 1.117138
1.000000, 1.500000, 0.950697
1.050000, 1.500000, 1.011450
1.100000, 1.500000, 1.249921
1.150000, 1.500000, 1.534639
1.200000, 1.500000, 1.717077
1.250000, 1.500000, 1.704661
1.300000, 1.500000, 1.506827
1.350000, 1.500000, 1.232015
1.400000, 1.500000, 1.036994
1.450000, 1.500000, 1.052784
1.500000, 1.500000, 1.322634
1.550000, 1.500000, 1.781760
1.600000, 1.500000, 2.288546
1.650000, 1.500000, 2.692249
1.700000, 1.500000, 2.904768
1.750000, 1.500000, 2.942100
1.800000, 1.500000, 2.915635
1.850000, 1.500000, 2.977483
1.900000, 1.500000, 3.246078
1.950000, 1.500000, 3.747723
2.000000, 1.500000, 4.402150
0.000000, 1.550000, -0.767693
0.050000, 1.550000, -0.826047
0.100000, 1.550000, -0.727077
0.150000, 1.550000, -0.396831
0.200000, 1.550000, 0.117525
0.250000, 1.550000, 0.669817
0.300000, 1.550000, 1.087656
0.350000, 1.550000, 1.258795
0.400000, 1.550000, 1.187046
0.450000, 1.550000, 0.989255
0.500000, 1.550000, 0.834900
0.550000, 1.550000, 0.859164
0.600000, 1.550000, 1.093823
0.650000, 1.550000, 1.451235
0.700000, 1.550000, 1.769587
0.750000, 1.550000, 1.896291
0.800000, 1.550000, 1.766979
0.850000, 1.550000, 1.439745
0.900000, 1.550000, 1.067144
0.950000, 1.550000, 0.820180
1.000000, 1.550000, 0.803036
1.050000, 1.550000, 1.001990
1.100000, 1.550000, 1.294534
1.150000, 1.550000, 1.513995
1.200000, 1.550000, 1.536629
1.250000, 1.550000, 1.346709
1.300000, 1.550000, 1.046337
1.350000, 1.550000, 0.804950
1.400000, 1.550000, 0.774218
1.450000, 1.550000, 1.011750
1.500000, 1.550000, 1.452474
1.550000, 1.550000, 1.942310
1.600000, 1.550000, 2.316910
1.650000, 1.550000, 2.485315
1.700000, 1.550000, 2.475836
1.750000, 1.550000, 2.420762
1.800000, 1.550000, 2.487733
1.850000, 1.550000, 2.792798
1.900000, 1.550000, 3.339574
1.950000, 1.550000, 4.015571
2.000000, 1.550000, 4.647612
0.000000, 1.600000, -0.951860
0.050000, 1.600000, -1.017726
0.100000, 1.600000, -0.912290
0.150000, 1.600000, -0.560067
0.200000, 1.600000, -0.022867
0.250000, 1.600000, 0.531653
0.300000, 1.600000, 0.918987
0.350000, 1.600000, 1.036119
0.400000, 1.600000, 0.915960
0.450000, 1.600000, 0.708381
0.500000, 1.600000, 0.598183
0.550000, 1.600000, 0.704458
0.600000, 1.600000, 1.015931
0.650000, 1.600000, 1.397313
0.700000, 1.600000, 1.663235
0.750000, 1.600000, 1.679651
0.800000, 1.600000, 1.437741
0.850000, 1.600000, 1.060207
0.900000, 1.600000, 0.736519
0.950000, 1.600000, 0.622172
1.000000, 1.600000, 0.756504
1.050000, 1.600000, 1.043582
1.100000, 1.600000, 1.306458
1.150000, 1.600000, 1.385325
1.200000, 1.600000, 1.226322
1.250000, 1.600000, 0.912783
1.300000, 1.600000, 0.621952
1.350000, 1.600000, 0.530576
1.400000, 1.600000, 0.720507
1.450000, 1.600000, 1.135452
1.500000, 1.600000, 1.612285
1.550000, 1.600000, 1.969935
1.600000, 1.600000, 2.107639
1.650000, 1.600000, 2.059320
1.700000, 1.600000, 1.974603
1.750000, 1.600000, 2.036785
1.800000, 1.600000, 2.362236
1.850000, 1.600000, 2.935802
1.900000, 1.600000, 3.617264
1.950000, 1.600000, 4.215384
2.000000, 1.600000, 4.589459
0.000000, 1.650000, -1.122155
0.050000, 1.650000, -1.195757
0.100000, 1.650000, -1.083363
0.150000, 1.650000, -0.708728
0.200000, 1.650000, -0.150249
0.250000, 1.650000, 0.401930
0.300000, 1.650000, 0.753222
0.350000, 1.650000, 0.814691
0.400000, 1.650000, 0.652702
0.450000, 1.650000, 0.449623
0.500000, 1.650000, 0.398208
0.550000, 1.650000, 0.590359
0.600000, 1.650000, 0.964237
0.650000, 1.650000, 1.340090
0.700000, 1.650000, 1.524227
0.750000, 1.650000, 1.421345
0.800000, 1.650000, 1.090643
0.850000, 1.650000, 0.713424
0.900000, 1.650000, 0.490782
0.950000, 1.650000, 0.530114
1.000000, 1.650000, 0.785640
1.050000, 1.650000, 1.087055
1.100000, 1.650000, 1.239793
1.150000, 1.650000, 1.139212
1.200000, 1.650000, 0.833027
1.250000, 1.650000, 0.496046
1.300000, 1.650000, 0.331681
1.350000, 1.650000, 0.456780
1.400000, 1.650000, 0.835939
1.450000, 1.650000, 1.303001
1.500000, 1.650000, 1.657362
1.550000, 1.650000, 1.779715
1.600000, 1.650000, 1.700694
1.650000, 1.650000, 1.582976
1.700000, 1.650000, 1.627124
1.750000, 1.650000, 1.955308
1.800000, 1.650000, 2.539753
1.850000, 1.650000, 3.217070
1.900000, 1.650000, 3.780284
1.950000, 1.650000, 4.095693
2.000000, 1.650000, 4.177469
0.000000, 1.700000, -1.274120
0.050000, 1.700000, -1.355644
0.100000, 1.700000, -1.235764
0.150000, 1.700000, -0.838345
0.200000, 1.700000, -0.260376
0.250000, 1.700000, 0.284751
0.300000, 1.700000, 0.594965
0.350000, 1.700000, 0.600603
0.400000, 1.700000, 0.405256
0.450000, 1.700000, 0.221592
0.500000, 1.700000, 0.241191
0.550000, 1.700000, 0.517591
0.600000, 1.700000, 0.933680
0.650000, 1.700000, 1.273266
0.700000, 1.700000, 1.353287
0.750000, 1.700000, 1.136245
0.800000, 1.700000, 0.754444
0.850000, 1.700000, 0.431269
0.900000, 1.700000, 0.347333
0.950000, 1.700000, 0.532844
1.000000, 1.700000, 0.851610
1.050000, 1.700000, 1.086336
1.100000, 1.700000, 1.073290
1.150000, 1.700000, 0.804368
1.200000, 1.700000, 0.434422
1.250000, 1.700000, 0.189345
1.300000, 1.700000, 0.230748
1.350000, 1.700000, 0.559479
1.400000, 1.700000, 1.016624
1.450000, 1.700000, 1.381338
1.500000, 1.700000, 1.505975
1.550000, 1.700000, 1.406329
1.600000, 1.700000, 1.252071
1.650000, 1.700000, 1.263218
1.700000, 1.700000, 1.575593
1.750000, 1.700000, 2.157124
1.800000, 1.700000, 2.825915
1.850000, 1.700000, 3.359126
1.900000, 1.700000, 3.626499
1.950000, 1.700000, 3.667361
2.000000, 1.700000, 3.664335
0.000000, 1.750000, -1.403636
0.050000, 1.750000, -1.493226
0.100000, 1.750000, -1.365288
0.150000, 1.750000, -0.944776
0.200000, 1.750000, -0.349322
0.250000, 1.750000, 0.183970
0.300000, 1.750000, 0.448702
0.350000, 1.750000, 0.399898
0.400000, 1.750000, 0.181336
0.450000, 1.750000, 0.031972
0.500000, 1.750000, 0.131607
0.550000, 1.750000, 0.484953
0.600000, 1.750000, 0.918592
0.650000, 1.750000, 1.192771
0.700000, 1.750000, 1.156216
0.750000, 1.750000, 0.844495
0.800000, 1.750000, 0.458698
0.850000, 1.750000, 0.238109
0.900000, 1.750000, 0.308610
0.950000, 1.750000, 0.604153
1.000000, 1.750000, 0.911688
1.050000, 1.750000, 1.010623
1.100000, 1.750000, 0.817167
1.150000, 1.750000, 0.440757
1.200000, 1.750000, 0.116270
1.250000, 1.750000, 0.055487
1.300000, 1.750000, 0.313189
1.350000, 1.750000, 0.753839
1.400000, 1.750000, 1.140210
1.450000, 1.750000, 1.286993
1.500000, 1.750000, 1.180668
1.550000, 1.750000, 0.988616
1.600000, 1.750000, 0.951613
1.650000, 1.750000, 1.228762
1.700000, 1.750000, 1.794485
1.750000, 1.750000, 2.453775
1.800000, 1.750000, 2.965936
1.850000, 1.750000, 3.197356
1.900000, 1.750000, 3.205216
1.950000, 1.750000, 3.198422
2.000000, 1.750000, 3.400905
0.000000, 1.800000, -1.507033
0.050000, 1.800000, -1.604779
0.100000, 1.800000, -1.468164
0.150000, 1.800000, -1.024312
0.200000, 1.800000, -0.413575
0.250000, 1.800000, 0.103093
0.300000, 1.800000, 0.318683
0.350000, 1.800000, 0.218419
0.400000, 1.800000, -0.011839
0.450000, 1.800000, -0.112731
0.500000, 1.800000, 0.072084
0.550000, 1.800000, 0.489608
0.600000, 1.800000, 0.913416
0.650000, 1.800000, 1.097477
0.700000, 1.800000, 0.943670
0.750000, 1.800000, 0.569510
0.800000, 1.800000, 0.230174
0.850000, 1.800000, 0.147605
0.900000, 1.800000, 0.362405
0.950000, 1.800000, 0.708790
1.000000, 1.800000, 0.929509
1.050000, 1.800000, 0.852815
1.100000, 1.800000, 0.511559
1.150000, 1.800000, 0.123647
1.200000, 1.800000, -0.052952
1.250000, 1.800000, 0.107501
1.300000, 1.800000, 0.515554
1.350000, 1.800000, 0.929097
1.400000, 1.800000, 1.118965
1.450000, 1.800000, 1.025405
1.500000, 1.800000, 0.799392
1.550000, 1.800000, 0.700776
1.600000, 1.800000, 0.922253
1.650000, 1.800000, 1.458396
1.700000, 1.800000, 2.108465
1.750000, 1.800000, 2.611126
1.800000, 1.800000, 2.819843
1.850000, 1.800000, 2.800183
1.900000, 1.800000, 2.783173
1.950000, 1.800000, 3.006346
2.000000, 1.800000, 3.550225
0.000000, 1.850000, -1.581175
0.050000, 1.850000, -1.687109
0.100000, 1.850000, -1.541144
0.150000, 1.850000, -1.073770
0.200000, 1.850000, -0.450137
0.250000, 1.850000, 0.045183
0.300000, 1.850000, 0.208826
0.350000, 1.850000, 0.061657
0.400000, 1.850000, -0.167756
0.450000, 1.850000, -0.207393
0.500000, 1.850000, 0.063394
0.550000, 1.850000, 0.527447
0.600000, 1.850000, 0.913384
0.650000, 1.850000, 0.989608
0.700000, 1.850000, 0.730382
0.750000, 1.850000, 0.335518
0.800000, 1.850000, 0.089608
0.850000, 1.850000, 0.161142
0.900000, 1.850000, 0.484698
0.950000, 1.850000, 0.810166
1.000000, 1.850000, 0.883833
1.050000, 1.850000, 0.632136
1.100000, 1.850000, 0.216985
1.150000, 1.850000, -0.076873
1.200000, 1.850000, -0.042195
1.250000, 1.850000, 0.305510
1.300000, 1.850000, 0.741331
1.350000, 1.850000, 0.993332
1.400000, 1.850000, 0.938114
1.450000, 1.850000, 0.690075
1.500000, 1.850000, 0.520677
1.550000, 1.850000, 0.665277
1.600000, 1.850000, 1.155256
1.650000, 1.850000, 1.795150
1.700000, 1.850000, 2.301113
1.750000, 1.850000, 2.501982
1.800000, 1.850000, 2.459619
1.850000, 1.850000, 2.422743
1.900000, 1.850000, 2.647228
1.950000, 1.850000, 3.211076
2.000000, 1.850000, 3.956055
0.000000, 1.900000, -1.623540
0.050000, 1.900000, -1.737628
0.100000, 1.900000, -1.581588
0.150000, 1.900000, -1.090576
0.200000, 1.900000, -0.456598
0.250000, 1.900000, 0.012786
0.300000, 1.900000, 0.122619
0.350000, 1.900000, -0.065388
0.400000, 1.900000, -0.280797
0.450000, 1.900000, -0.248430
0.500000, 1.900000, 0.104521
0.550000, 1.900000, 0.593529
0.600000, 1.900000, 0.915104
0.650000, 1.900000, 0.874789
0.700000, 1.900000, 0.533894
0.750000, 1.900000, 0.164948
0.800000, 1.900000, 0.049236
0.850000, 1.900000, 0.268119
0.900000, 1.900000, 0.644493
0.950000, 1.900000, 0.878211
1.000000, 1.900000, 0.773892
1.050000, 1.900000, 0.390305
1.100000, 1.900000, -0.000705
1.150000, 1.900000, -0.115049
1.200000, 1.900000, 0.133484
1.250000, 1.900000, 0.571229
1.300000, 1.900000, 0.897169
1.350000, 1.900000, 0.910612
1.400000, 1.900000, 0.663299
1.450000, 1.900000, 0.421917
1.500000, 1.900000, 0.469066
1.550000, 1.900000, 0.891848
1.600000, 1.900000, 1.516513
1.650000, 1.900000, 2.038159
1.700000, 1.900000, 2.248280
1.750000, 1.900000, 2.189636
1.800000, 1.900000, 2.122404
1.850000, 1.900000, 2.327023
1.900000, 1.900000, 2.891561
1.950000, 1.900000, 3.643027
2.000000, 1.900000, 4.274188
0.000000, 1.950000, -1.632279
0.050000, 1.950000, -1.754420
0.100000, 1.950000, -1.587526
0.150000, 1.950000, -1.072828
0.200000, 1.950000, -0.431207
0.250000, 1.950000, 0.007859
0.300000, 1.950000, 0.063035
0.350000, 1.950000, -0.158334
0.400000, 1.950000, -0.346407
0.450000, 1.950000, -0.233895
0.500000, 1.950000, 0.192813
0.550000, 1.950000, 0.682543
0.600000, 1.950000, 0.917007
0.650000, 1.950000, 0.761745
0.700000, 1.950000, 0.372926
0.750000, 1.950000, 0.075971
0.800000, 1.950000, 0.111444
0.850000, 1.950000, 0.448046
0.900000, 1.950000, 0.809777
0.950000, 1.950000, 0.895821
1.000000, 1.950000, 0.620130
1.050000, 1.950000, 0.182160
1.100000, 1.950000, -0.086951
1.150000, 1.950000, 0.018149
1.200000, 1.950000, 0.418389
1.250000, 1.950000, 0.815175
1.300000, 1.950000, 0.927708
1.350000, 1.950000, 0.715985
1.400000, 1.950000, 0.414005
1.450000, 1.950000, 0.347013
1.500000, 1.950000, 0.676522
1.550000, 1.950000, 1.273656
1.600000, 1.950000, 1.820443
1.650000, 1.950000, 2.059378
1.700000, 1.950000, 1.994953
1.750000, 1.950000, 1.888653
1.800000, 1.950000, 2.051387
1.850000, 1.950000, 2.596681
1.900000, 1.950000, 3.348838
1.950000, 1.950000, 3.978371
2.000000, 1.950000, 4.258238
0.000000, 2.000000, -1.606267
0.050000, 2.000000, -1.736287
0.100000, 2.000000, -1.557708
0.150000, 2.000000, -1.019348
0.200000, 2.000000, -0.372915
0.250000, 2.000000, 0.031721
0.300000, 2.000000, 0.032468
0.350000, 2.000000, -0.213529
0.400000, 2.000000, -0.361231
0.450000, 2.000000, -0.163515
0.500000, 2.000000, 0.324205
0.550000, 2.000000, 0.789260
0.600000, 2.000000, 0.919602
0.650000, 2.000000, 0.661656
0.700000, 2.000000, 0.265565
0.750000, 2.000000, 0.080491
0.800000, 2.000000, 0.268701
0.850000, 2.000000, 0.674100
0.900000, 2.000000, 0.953547
0.950000, 2.000000, 0.862619
1.000000, 2.000000, 0.460171
1.050000, 2.000000, 0.062959
1.100000, 2.000000, -0.012328
1.150000, 2.000000, 0.292962
1.200000, 2.000000, 0.734072
1.250000, 2.000000, 0.967410
1.300000, 2.000000, 0.836317
1.350000, 2.000000, 0.502399
1.400000, 2.000000, 0.314080
1.450000, 2.000000, 0.520699
1.500000, 2.000000, 1.067840
1.550000, 2.000000, 1.642587
1.600000, 2.000000, 1.931408
1.650000, 2.000000, 1.878044
1.700000, 2.000000, 1.728817
1.750000, 2.000000, 1.828026
1.800000, 2.000000, 2.332157
1.850000, 2.000000, 3.078551
1.900000, 2.000000, 3.716889
1.950000, 2.000000, 3.995129
2.000000, 2.000000, 3.964249
