0.000000, 0.000000, -1.984419
0.050000, 0.000000, -1.520329
0.100000, 0.000000, -1.033358
0.150000, 0.000000, -0.533139
0.200000, 0.000000, -0.030414
0.250000, 0.000000, 0.463349
0.300000, 0.000000, 0.936395
0.350000, 0.000000, 1.377161
0.400000, 0.000000, 1.774766
0.450000, 0.000000, 2.119494
0.500000, 0.000000, 2.403245
0.550000, 0.000000, 2.619929
0.600000, 0.000000, 2.765783
0.650000, 0.000000, 2.839601
0.700000, 0.000000, 2.842848
0.750000, 0.000000, 2.779672
0.800000, 0.000000, 2.656789
0.850000, 0.000000, 2.483259
0.900000, 0.000000, 2.270162
0.950000, 0.000000, 2.030175
1.000000, 0.000000, 1.777085
1.050000, 0.000000, 1.525243
1.100000, 0.000000, 1.289003
1.150000, 0.000000, 1.082150
1.200000, 0.000000, 0.917361
1.250000, 0.000000, 0.805716
1.300000, 0.000000, 0.756276
1.350000, 0.000000, 0.775758
1.400000, 0.000000, 0.868307
1.450000, 0.000000, 1.035390
1.500000, 0.000000, 1.275800
1.550000, 0.000000, 1.585775
1.600000, 0.000000, 1.959224
1.650000, 0.000000, 2.388048
1.700000, 0.000000, 2.862530
1.750000, 0.000000, 3.371790
1.800000, 0.000000, 3.904264
1.850000, 0.000000, 4.448199
1.900000, 0.000000, 4.992124
1.950000, 0.000000, 5.525299
2.000000, 0.000000, 6.038090
0.000000, 0.050000, -1.889889
0.050000, 0.050000, -1.378509
0.100000, 0.050000, -0.846688
0.150000, 0.050000, -0.305542
0.200000, 0.050000, 0.232922
0.250000, 0.050000, 0.756252
0.300000, 0.050000, 1.252052
0.350000, 0.050000, 1.708486
0.400000, 0.050000, 2.114792
0.450000, 0.050000, 2.461750
0.500000, 0.050000, 2.742110
0.550000, 0.050000, 2.950936
0.600000, 0.050000, 3.085859
0.650000, 0.050000, 3.147228
0.700000, 0.050000, 3.138143
0.750000, 0.050000, 3.064365
0.800000, 0.050000, 2.934124
0.850000, 0.050000, 2.757803
0.900000, 0.050000, 2.547539
0.950000, 0.050000, 2.316749
1.000000, 0.050000, 2.079592
1.050000, 0.050000, 1.850409
1.100000, 0.050000, 1.643155
1.150000, 0.050000, 1.470859
1.200000, 0.050000, 1.345114
1.250000, 0.050000, 1.275656
1.300000, 0.050000, 1.270012
1.350000, 0.050000, 1.333258
1.400000, 0.050000, 1.467888
1.450000, 0.050000, 1.673789
1.500000, 0.050000, 1.948337
1.550000, 0.050000, 2.286596
1.600000, 0.050000, 2.681604
1.650000, 0.050000, 3.124742
1.700000, 0.050000, 3.606155
1.750000, 0.050000, 4.115212
1.800000, 0.050000, 4.640973
1.850000, 0.050000, 5.172642
1.900000, 0.050000, 5.699999
1.950000, 0.050000, 6.213761
2.000000, 0.050000, 6.705893
0.000000, 0.100000, -1.460617
0.050000, 0.100000, -0.904387
0.100000, 0.100000, -0.331702
0.150000, 0.100000, 0.244983
0.200000, 0.100000, 0.812601
0.250000, 0.100000, 1.357987
0.300000, 0.100000, 1.868397
0.350000, 0.100000, 2.332044
0.400000, 0.100000, 2.738589
0.450000, 0.100000, 3.079594
0.500000, 0.100000, 3.348895
0.550000, 0.100000, 3.542882
0.600000, 0.100000, 3.660681
0.650000, 0.100000, 3.704210
0.700000, 0.100000, 3.678125
0.750000, 0.100000, 3.589645
0.800000, 0.100000, 3.448266
0.850000, 0.100000, 3.265379
0.900000, 0.100000, 3.053811
0.950000, 0.100000, 2.827307
1.000000, 0.100000, 2.599972
1.050000, 0.100000, 2.385712
1.100000, 0.100000, 2.197691
1.150000, 0.100000, 2.047820
1.200000, 0.100000, 1.946324
1.250000, 0.100000, 1.901378
1.300000, 0.100000, 1.918852
1.350000, 0.100000, 2.002153
1.400000, 0.100000, 2.152182
1.450000, 0.100000, 2.367405
1.500000, 0.100000, 2.644020
1.550000, 0.100000, 2.976218
1.600000, 0.100000, 3.356526
1.650000, 0.100000, 3.776194
1.700000, 0.100000, 4.225633
1.750000, 0.100000, 4.694850
1.800000, 0.100000, 5.173889
1.850000, 0.100000, 5.653229
1.900000, 0.100000, 6.124138
1.950000, 0.100000, 6.578969
2.000000, 0.100000, 7.011364
0.000000, 0.150000, -0.804367
0.050000, 0.150000, -0.207210
0.100000, 0.150000, 0.401013
0.150000, 0.150000, 1.006641
0.200000, 0.150000, 1.595744
0.250000, 0.150000, 2.154667
0.300000, 0.150000, 2.670576
0.350000, 0.150000, 3.131973
0.400000, 0.150000, 3.529178
0.450000, 0.150000, 3.854718
0.500000, 0.150000, 4.103649
0.550000, 0.150000, 4.273757
0.600000, 0.150000, 4.365648
0.650000, 0.150000, 4.382723
0.700000, 0.150000, 4.331033
0.750000, 0.150000, 4.219013
0.800000, 0.150000, 4.057133
0.850000, 0.150000, 3.857453
0.900000, 0.150000, 3.633124
0.950000, 0.150000, 3.397847
1.000000, 0.150000, 3.165320
1.050000, 0.150000, 2.948695
1.100000, 0.150000, 2.760082
1.150000, 0.150000, 2.610093
1.200000, 0.150000, 2.507484
1.250000, 0.150000, 2.458880
1.300000, 0.150000, 2.468598
1.350000, 0.150000, 2.538592
1.400000, 0.150000, 2.668490
1.450000, 0.150000, 2.855741
1.500000, 0.150000, 3.095849
1.550000, 0.150000, 3.382682
1.600000, 0.150000, 3.708836
1.650000, 0.150000, 4.066034
1.700000, 0.150000, 4.445547
1.750000, 0.150000, 4.838592
1.800000, 0.150000, 5.236720
1.850000, 0.150000, 5.632141
1.900000, 0.150000, 6.018001
1.950000, 0.150000, 6.388575
2.000000, 0.150000, 6.739399
0.000000, 0.200000, -0.074883
0.050000, 0.200000, 0.558012
0.100000, 0.200000, 1.195391
0.150000, 0.200000, 1.822503
0.200000, 0.200000, 2.424714
0.250000, 0.200000, 2.988070
0.300000, 0.200000, 3.499836
0.350000, 0.200000, 3.948995
0.400000, 0.200000, 4.326676
0.450000, 0.200000, 4.626500
0.500000, 0.200000, 4.844810
0.550000, 0.200000, 4.980798
0.600000, 0.200000, 5.036512
0.650000, 0.200000, 5.016733
0.700000, 0.200000, 4.928751
0.750000, 0.200000, 4.782036
0.800000, 0.200000, 4.587818
0.850000, 0.200000, 4.358609
0.900000, 0.200000, 4.107680
0.950000, 0.200000, 3.848521
1.000000, 0.200000, 3.594306
1.050000, 0.200000, 3.357395
1.100000, 0.200000, 3.148885
1.150000, 0.200000, 2.978236
1.200000, 0.200000, 2.852987
1.250000, 0.200000, 2.778569
1.300000, 0.200000, 2.758216
1.350000, 0.200000, 2.792990
1.400000, 0.200000, 2.881894
1.450000, 0.200000, 3.022075
1.500000, 0.200000, 3.209102
1.550000, 0.200000, 3.437296
1.600000, 0.200000, 3.700096
1.650000, 0.200000, 3.990443
1.700000, 0.200000, 4.301147
1.750000, 0.200000, 4.625241
1.800000, 0.200000, 4.956282
1.850000, 0.200000, 5.288597
1.900000, 0.200000, 5.617458
1.950000, 0.200000, 5.939189
2.000000, 0.200000, 6.251192
0.000000, 0.250000, 0.560990
0.050000, 0.250000, 1.223453
0.100000, 0.250000, 1.882887
0.150000, 0.250000, 2.523536
0.200000, 0.250000, 3.130181
0.250000, 0.250000, 3.688700
0.300000, 0.250000, 4.186601
0.350000, 0.250000, 4.613482
0.400000, 0.250000, 4.961408
0.450000, 0.250000, 5.225183
0.500000, 0.250000, 5.402510
0.550000, 0.250000, 5.494029
0.600000, 0.250000, 5.503237
0.650000, 0.250000, 5.436291
0.700000, 0.250000, 5.301704
0.750000, 0.250000, 5.109960
0.800000, 0.250000, 4.873053
0.850000, 0.250000, 4.603977
0.900000, 0.250000, 4.316200
0.950000, 0.250000, 4.023138
1.000000, 0.250000, 3.737651
1.050000, 0.250000, 3.471591
1.100000, 0.250000, 3.235418
1.150000, 0.250000, 3.037894
1.200000, 0.250000, 2.885875
1.250000, 0.250000, 2.784197
1.300000, 0.250000, 2.735664
1.350000, 0.250000, 2.741127
1.400000, 0.250000, 2.799651
1.450000, 0.250000, 2.908746
1.500000, 0.250000, 3.064660
1.550000, 0.250000, 3.262701
1.600000, 0.250000, 3.497572
1.650000, 0.250000, 3.763711
1.700000, 0.250000, 4.055594
1.750000, 0.250000, 4.368004
1.800000, 0.250000, 4.696251
1.850000, 0.250000, 5.036315
1.900000, 0.250000, 5.384935
1.950000, 0.250000, 5.739616
2.000000, 0.250000, 6.098582
0.000000, 0.300000, 0.958840
0.050000, 0.300000, 1.644057
0.100000, 0.300000, 2.318101
0.150000, 0.300000, 2.964249
0.200000, 0.300000, 3.566751
0.250000, 0.300000, 4.111405
0.300000, 0.300000, 4.586061
0.350000, 0.300000, 4.981048
0.400000, 0.300000, 5.289486
0.450000, 0.300000, 5.507497
0.500000, 0.300000, 5.634281
0.550000, 0.300000, 5.672075
0.600000, 0.300000, 5.625989
0.650000, 0.300000, 5.503734
0.700000, 0.300000, 5.315253
0.750000, 0.300000, 5.072278
0.800000, 0.300000, 4.787834
0.850000, 0.300000, 4.475705
0.900000, 0.300000, 4.149904
0.950000, 0.300000, 3.824160
1.000000, 0.300000, 3.511440
1.050000, 0.300000, 3.223535
1.100000, 0.300000, 2.970729
1.150000, 0.300000, 2.761543
1.200000, 0.300000, 2.602584
1.250000, 0.300000, 2.498481
1.300000, 0.300000, 2.451920
1.350000, 0.300000, 2.463759
1.400000, 0.300000, 2.533209
1.450000, 0.300000, 2.658079
1.500000, 0.300000, 2.835051
1.550000, 0.300000, 3.059979
1.600000, 0.300000, 3.328183
1.650000, 0.300000, 3.634727
1.700000, 0.300000, 3.974667
1.750000, 0.300000, 4.343242
1.800000, 0.300000, 4.736023
1.850000, 0.300000, 5.148989
1.900000, 0.300000, 5.578552
1.950000, 0.300000, 6.021518
2.000000, 0.300000, 6.475003
0.000000, 0.350000, 1.027170
0.050000, 0.350000, 1.728055
0.100000, 0.350000, 2.409312
0.150000, 0.350000, 3.053211
0.200000, 0.350000, 3.643474
0.250000, 0.350000, 4.165850
0.300000, 0.350000, 4.608612
0.350000, 0.350000, 4.962940
0.400000, 0.350000, 5.223190
0.450000, 0.350000, 5.387026
0.500000, 0.350000, 5.455428
0.550000, 0.350000, 5.432558
0.600000, 0.350000, 5.325518
0.650000, 0.350000, 5.143990
0.700000, 0.350000, 4.899797
0.750000, 0.350000, 4.606388
0.800000, 0.350000, 4.278291
0.850000, 0.350000, 3.930544
0.900000, 0.350000, 3.578138
0.950000, 0.350000, 3.235490
1.000000, 0.350000, 2.915975
1.050000, 0.350000, 2.631528
1.100000, 0.350000, 2.392326
1.150000, 0.350000, 2.206577
1.200000, 0.350000, 2.080390
1.250000, 0.350000, 2.017753
1.300000, 0.350000, 2.020594
1.350000, 0.350000, 2.088922
1.400000, 0.350000, 2.221036
1.450000, 0.350000, 2.413771
1.500000, 0.350000, 2.662787
1.550000, 0.350000, 2.962860
1.600000, 0.350000, 3.308171
1.650000, 0.350000, 3.692574
1.700000, 0.350000, 4.109821
1.750000, 0.350000, 4.553756
1.800000, 0.350000, 5.018443
1.850000, 0.350000, 5.498246
1.900000, 0.350000, 5.987864
1.950000, 0.350000, 6.482309
2.000000, 0.350000, 6.976855
0.000000, 0.400000, 0.746245
0.050000, 0.400000, 1.455831
0.100000, 0.400000, 2.137326
0.150000, 0.400000, 2.771885
0.200000, 0.400000, 3.342625
0.250000, 0.400000, 3.835246
0.300000, 0.400000, 4.238520
0.350000, 0.400000, 4.544659
0.400000, 0.400000, 4.749533
0.450000, 0.400000, 4.852734
0.500000, 0.400000, 4.857496
0.550000, 0.400000, 4.770464
0.600000, 0.400000, 4.601337
0.650000, 0.400000, 4.362403
0.700000, 0.400000, 4.067981
0.750000, 0.400000, 3.733807
0.800000, 0.400000, 3.376388
0.850000, 0.400000, 3.012356
0.900000, 0.400000, 2.657839
0.950000, 0.400000, 2.327896
1.000000, 0.400000, 2.036019
1.050000, 0.400000, 1.793722
1.100000, 0.400000, 1.610247
1.150000, 0.400000, 1.492370
1.200000, 0.400000, 1.444328
1.250000, 0.400000, 1.467848
1.300000, 0.400000, 1.562286
1.350000, 0.400000, 1.724842
1.400000, 0.400000, 1.950854
1.450000, 0.400000, 2.234134
1.500000, 0.400000, 2.567347
1.550000, 0.400000, 2.942383
1.600000, 0.400000, 3.350735
1.650000, 0.400000, 3.783838
1.700000, 0.400000, 4.233372
1.750000, 0.400000, 4.691508
1.800000, 0.400000, 5.151097
1.850000, 0.400000, 5.605795
1.900000, 0.400000, 6.050122
1.950000, 0.400000, 6.479466
2.000000, 0.400000, 6.890043
0.000000, 0.450000, 0.171252
0.050000, 0.450000, 0.883068
0.100000, 0.450000, 1.558611
0.150000, 0.450000, 2.177704
0.200000, 0.450000, 2.722727
0.250000, 0.450000, 3.179300
0.300000, 0.450000, 3.536810
0.350000, 0.450000, 3.788774
0.400000, 0.450000, 3.933013
0.450000, 0.450000, 3.971631
0.500000, 0.450000, 3.910817
0.550000, 0.450000, 3.760473
0.600000, 0.450000, 3.533686
0.650000, 0.450000, 3.246084
0.700000, 0.450000, 2.915096
0.750000, 0.450000, 2.559161
0.800000, 0.450000, 2.196918
0.850000, 0.450000, 1.846416
0.900000, 0.450000, 1.524389
0.950000, 0.450000, 1.245609
1.000000, 0.450000, 1.022360
1.050000, 0.450000, 0.864050
1.100000, 0.450000, 0.776966
1.150000, 0.450000, 0.764190
1.200000, 0.450000, 0.825660
1.250000, 0.450000, 0.958381
1.300000, 0.450000, 1.156758
1.350000, 0.450000, 1.413032
1.400000, 0.450000, 1.717796
1.450000, 0.450000, 2.060561
1.500000, 0.450000, 2.430331
1.550000, 0.450000, 2.816180
1.600000, 0.450000, 3.207769
1.650000, 0.450000, 3.595814
1.700000, 0.450000, 3.972455
1.750000, 0.450000, 4.331524
1.800000, 0.450000, 4.668706
1.850000, 0.450000, 4.981579
1.900000, 0.450000, 5.269546
1.950000, 0.450000, 5.533660
2.000000, 0.450000, 5.776373
0.000000, 0.500000, -0.580848
0.050000, 0.500000, 0.127578
0.100000, 0.500000, 0.792061
0.150000, 0.500000, 1.390785
0.200000, 0.500000, 1.905186
0.250000, 0.500000, 2.320776
0.300000, 0.500000, 2.627743
0.350000, 0.500000, 2.821325
0.400000, 0.500000, 2.901925
0.450000, 0.500000, 2.874967
0.500000, 0.500000, 2.750514
0.550000, 0.500000, 2.542658
0.600000, 0.500000, 2.268721
0.650000, 0.500000, 1.948315
0.700000, 0.500000, 1.602317
0.750000, 0.500000, 1.251795
0.800000, 0.500000, 0.916969
0.850000, 0.500000, 0.616235
0.900000, 0.500000, 0.365325
0.950000, 0.500000, 0.176630
1.000000, 0.500000, 0.058725
1.050000, 0.500000, 0.016116
1.100000, 0.500000, 0.049217
1.150000, 0.500000, 0.154553
1.200000, 0.500000, 0.325174
1.250000, 0.500000, 0.551248
1.300000, 0.500000, 0.820798
1.350000, 0.500000, 1.120535
1.400000, 0.500000, 1.436743
1.450000, 0.500000, 1.756153
1.500000, 0.500000, 2.066763
1.550000, 0.500000, 2.358556
1.600000, 0.500000, 2.624070
1.650000, 0.500000, 2.858792
1.700000, 0.500000, 3.061358
1.750000, 0.500000, 3.233535
1.800000, 0.500000, 3.380011
1.850000, 0.500000, 3.507985
1.900000, 0.500000, 3.626600
1.950000, 0.500000, 3.746238
2.000000, 0.500000, 3.877744
0.000000, 0.550000, -1.357851
0.050000, 0.550000, -0.657283
0.100000, 0.550000, -0.007638
0.150000, 0.550000, 0.567205
0.200000, 0.550000, 1.047489
0.250000, 0.550000, 1.418609
0.300000, 0.550000, 1.671851
0.350000, 0.550000, 1.804769
0.400000, 0.550000, 1.821206
0.450000, 0.550000, 1.730936
0.500000, 0.550000, 1.548972
0.550000, 0.550000, 1.294568
0.600000, 0.550000, 0.989990
0.650000, 0.550000, 0.659127
0.700000, 0.550000, 0.326040
0.750000, 0.550000, 0.013522
0.800000, 0.550000, -0.258212
0.850000, 0.550000, -0.472662
0.900000, 0.550000, -0.617893
0.950000, 0.550000, -0.687090
1.000000, 0.550000, -0.678754
1.050000, 0.550000, -0.596552
1.100000, 0.550000, -0.448818
1.150000, 0.550000, -0.247766
1.200000, 0.550000, -0.008444
1.250000, 0.550000, 0.252478
1.300000, 0.550000, 0.518007
1.350000, 0.550000, 0.772133
1.400000, 0.550000, 1.001040
1.450000, 0.550000, 1.194147
1.500000, 0.550000, 1.344907
1.550000, 0.550000, 1.451309
1.600000, 0.550000, 1.516042
1.650000, 0.550000, 1.546326
1.700000, 0.550000, 1.553393
1.750000, 0.550000, 1.551685
1.800000, 0.550000, 1.557791
1.850000, 0.550000, 1.589216
1.900000, 0.550000, 1.663055
1.950000, 0.550000, 1.794663
2.000000, 0.550000, 1.996415
0.000000, 0.600000, -2.006389
0.050000, 0.600000, -1.316753
0.100000, 0.600000, -0.684232
0.150000, 0.600000, -0.135296
0.200000, 0.600000, 0.308809
0.250000, 0.600000, 0.633424
0.300000, 0.600000, 0.831372
0.350000, 0.600000, 0.903336
0.400000, 0.600000, 0.857686
0.450000, 0.600000, 0.709756
0.500000, 0.600000, 0.480641
0.550000, 0.600000, 0.195597
0.600000, 0.600000, -0.117841
0.650000, 0.600000, -0.431869
0.700000, 0.600000, -0.720414
0.750000, 0.600000, -0.960969
0.800000, 0.600000, -1.136118
0.850000, 0.600000, -1.234649
0.900000, 0.600000, -1.252174
0.950000, 0.600000, -1.191195
1.000000, 0.600000, -1.060641
1.050000, 0.600000, -0.874894
1.100000, 0.600000, -0.652397
1.150000, 0.600000, -0.413953
1.200000, 0.600000, -0.180843
1.250000, 0.600000, 0.027073
1.300000, 0.600000, 0.193129
1.350000, 0.600000, 0.305367
1.400000, 0.600000, 0.357651
1.450000, 0.600000, 0.350309
1.500000, 0.600000, 0.290243
1.550000, 0.600000, 0.190496
1.600000, 0.600000, 0.069304
1.650000, 0.600000, -0.051285
1.700000, 0.600000, -0.147137
1.750000, 0.600000, -0.193955
1.800000, 0.600000, -0.169254
1.850000, 0.600000, -0.054246
1.900000, 0.600000, 0.164528
1.950000, 0.600000, 0.493939
2.000000, 0.600000, 0.933478
0.000000, 0.650000, -2.406067
0.050000, 0.650000, -1.728880
0.100000, 0.650000, -1.114199
0.150000, 0.650000, -0.591717
0.200000, 0.650000, -0.184466
0.250000, 0.650000, 0.092981
0.300000, 0.650000, 0.235620
0.350000, 0.650000, 0.248313
0.400000, 0.650000, 0.145256
0.450000, 0.650000, -0.051342
0.500000, 0.650000, -0.313261
0.550000, 0.650000, -0.608762
0.600000, 0.650000, -0.905365
0.650000, 0.650000, -1.172650
0.700000, 0.650000, -1.384840
0.750000, 0.650000, -1.522939
0.800000, 0.650000, -1.576220
0.850000, 0.650000, -1.542946
0.900000, 0.650000, -1.430262
0.950000, 0.650000, -1.253257
1.000000, 0.650000, -1.033301
1.050000, 0.650000, -0.795801
1.100000, 0.650000, -0.567596
1.150000, 0.650000, -0.374211
1.200000, 0.650000, -0.237249
1.250000, 0.650000, -0.172137
1.300000, 0.650000, -0.186459
1.350000, 0.650000, -0.279006
1.400000, 0.650000, -0.439655
1.450000, 0.650000, -0.650072
1.500000, 0.650000, -0.885202
1.550000, 0.650000, -1.115381
1.600000, 0.650000, -1.308921
1.650000, 0.650000, -1.434894
1.700000, 0.650000, -1.465907
1.750000, 0.650000, -1.380585
1.800000, 0.650000, -1.165564
1.850000, 0.650000, -0.816801
1.900000, 0.650000, -0.340098
1.950000, 0.650000, 0.249213
2.000000, 0.650000, 0.927399
0.000000, 0.700000, -2.496186
0.050000, 0.700000, -1.831332
0.100000, 0.700000, -1.233650
0.150000, 0.700000, -0.736774
0.200000, 0.700000, -0.365814
0.250000, 0.700000, -0.134972
0.300000, 0.700000, -0.046227
0.350000, 0.700000, -0.089247
0.400000, 0.700000, -0.242532
0.450000, 0.700000, -0.475696
0.500000, 0.700000, -0.752625
0.550000, 0.700000, -1.035216
0.600000, 0.700000, -1.287277
0.650000, 0.700000, -1.478207
0.700000, 0.700000, -1.586046
0.750000, 0.700000, -1.599599
0.800000, 0.700000, -1.519386
0.850000, 0.700000, -1.357345
0.900000, 0.700000, -1.135302
0.950000, 0.700000, -0.882383
1.000000, 0.700000, -0.631637
1.050000, 0.700000, -0.416236
1.100000, 0.700000, -0.265651
1.150000, 0.700000, -0.202216
1.200000, 0.700000, -0.238441
1.250000, 0.700000, -0.375363
1.300000, 0.700000, -0.602116
1.350000, 0.700000, -0.896761
1.400000, 0.700000, -1.228295
1.450000, 0.700000, -1.559624
1.500000, 0.700000, -1.851206
1.550000, 0.700000, -2.064964
1.600000, 0.700000, -2.168068
1.650000, 0.700000, -2.136209
1.700000, 0.700000, -1.956002
1.750000, 0.700000, -1.626303
1.800000, 0.700000, -1.158289
1.850000, 0.700000, -0.574319
1.900000, 0.700000, 0.094298
1.950000, 0.700000, 0.810381
2.000000, 0.700000, 1.534471
0.000000, 0.750000, -2.289195
0.050000, 0.750000, -1.634942
0.100000, 0.750000, -1.051963
0.150000, 0.750000, -0.578626
0.200000, 0.750000, -0.242362
0.250000, 0.750000, -0.056548
0.300000, 0.750000, -0.019034
0.350000, 0.750000, -0.112489
0.400000, 0.750000, -0.306539
0.450000, 0.750000, -0.561464
0.500000, 0.750000, -0.832979
0.550000, 0.750000, -1.077566
0.600000, 0.750000, -1.257665
0.650000, 0.750000, -1.346139
0.700000, 0.750000, -1.329432
0.750000, 0.750000, -1.209063
0.800000, 0.750000, -1.001250
0.850000, 0.750000, -0.734731
0.900000, 0.750000, -0.447028
0.950000, 0.750000, -0.179617
1.000000, 0.750000, 0.027403
1.050000, 0.750000, 0.140502
1.100000, 0.750000, 0.137135
1.150000, 0.750000, 0.008841
1.200000, 0.750000, -0.237352
1.250000, 0.750000, -0.579380
1.300000, 0.750000, -0.982418
1.350000, 0.750000, -1.402677
1.400000, 0.750000, -1.792287
1.450000, 0.750000, -2.104667
1.500000, 0.750000, -2.299734
1.550000, 0.750000, -2.348333
1.600000, 0.750000, -2.235372
1.650000, 0.750000, -1.961274
1.700000, 0.750000, -1.541625
1.750000, 0.750000, -1.005054
1.800000, 0.750000, -0.389639
1.850000, 0.750000, 0.261693
1.900000, 0.750000, 0.906218
1.950000, 0.750000, 1.506271
2.000000, 0.750000, 2.033315
0.000000, 0.800000, -1.867935
0.050000, 0.800000, -1.221040
0.100000, 0.800000, -0.649199
0.150000, 0.800000, -0.196363
0.200000, 0.800000, 0.107563
0.250000, 0.800000, 0.250688
0.300000, 0.800000, 0.240665
0.350000, 0.800000, 0.103558
0.400000, 0.800000, -0.119815
0.450000, 0.800000, -0.379564
0.500000, 0.800000, -0.623663
0.550000, 0.800000, -0.805157
0.600000, 0.800000, -0.888670
0.650000, 0.800000, -0.855276
0.700000, 0.800000, -0.705076
0.750000, 0.800000, -0.457107
0.800000, 0.800000, -0.146588
0.850000, 0.800000, 0.180115
0.900000, 0.800000, 0.472107
0.950000, 0.800000, 0.681263
1.000000, 0.800000, 0.769178
1.050000, 0.800000, 0.712824
1.100000, 0.800000, 0.508113
1.150000, 0.800000, 0.170895
1.200000, 0.800000, -0.264773
1.250000, 0.800000, -0.750818
1.300000, 0.800000, -1.231247
1.350000, 0.800000, -1.649283
1.400000, 0.800000, -1.954579
1.450000, 0.800000, -2.109507
1.500000, 0.800000, -2.093675
1.550000, 0.800000, -1.906069
1.600000, 0.800000, -1.564558
1.650000, 0.800000, -1.102845
1.700000, 0.800000, -0.565358
1.750000, 0.800000, -0.000787
1.800000, 0.800000, 0.544769
1.850000, 0.800000, 1.034090
1.900000, 0.800000, 1.443666
1.950000, 0.800000, 1.766375
2.000000, 0.800000, 2.011674
0.000000, 0.850000, -1.367272
0.050000, 0.850000, -0.723168
0.100000, 0.850000, -0.157893
0.150000, 0.850000, 0.278151
0.200000, 0.850000, 0.552548
0.250000, 0.850000, 0.655805
0.300000, 0.850000, 0.602729
0.350000, 0.850000, 0.430004
0.400000, 0.850000, 0.190346
0.450000, 0.850000, -0.055872
0.500000, 0.850000, -0.250203
0.550000, 0.850000, -0.345413
0.600000, 0.850000, -0.313008
0.650000, 0.850000, -0.147809
0.700000, 0.850000, 0.131159
0.750000, 0.850000, 0.483605
0.800000, 0.850000, 0.854308
0.850000, 0.850000, 1.181839
0.900000, 0.850000, 1.408333
0.950000, 0.850000, 1.488771
1.000000, 0.850000, 1.398327
1.050000, 0.850000, 1.136629
1.100000, 0.850000, 0.728276
1.150000, 0.850000, 0.219529
1.200000, 0.850000, -0.328301
1.250000, 0.850000, -0.847726
1.300000, 0.850000, -1.274839
1.350000, 0.850000, -1.558425
1.400000, 0.850000, -1.667026
1.450000, 0.850000, -1.592869
1.500000, 0.850000, -1.352092
1.550000, 0.850000, -0.981260
1.600000, 0.850000, -0.530773
1.650000, 0.850000, -0.056262
1.700000, 0.850000, 0.390648
1.750000, 0.850000, 0.770696
1.800000, 0.850000, 1.063135
1.850000, 0.850000, 1.268670
1.900000, 0.850000, 1.408738
1.950000, 0.850000, 1.521241
2.000000, 0.850000, 1.653434
0.000000, 0.900000, -0.944135
0.050000, 0.900000, -0.297197
0.100000, 0.900000, 0.266774
0.150000, 0.900000, 0.690056
0.200000, 0.900000, 0.937853
0.250000, 0.900000, 1.004262
0.300000, 0.900000, 0.913163
0.350000, 0.900000, 0.713832
0.400000, 0.900000, 0.472063
0.450000, 0.900000, 0.258335
0.500000, 0.900000, 0.135121
0.550000, 0.900000, 0.145590
0.600000, 0.900000, 0.305702
0.650000, 0.900000, 0.601109
0.700000, 0.900000, 0.989435
0.750000, 0.900000, 1.407543
0.800000, 0.900000, 1.782534
0.850000, 0.900000, 2.044567
0.900000, 0.900000, 2.139230
0.950000, 0.900000, 2.037328
1.000000, 0.900000, 1.740353
1.050000, 0.900000, 1.280689
1.100000, 0.900000, 0.716528
1.150000, 0.900000, 0.122387
1.200000, 0.900000, -0.423097
1.250000, 0.900000, -0.849953
1.300000, 0.900000, -1.108020
1.350000, 0.900000, -1.174494
1.400000, 0.900000, -1.056612
1.450000, 0.900000, -0.789030
1.500000, 0.900000, -0.426427
1.550000, 0.900000, -0.032697
1.600000, 0.900000, 0.331300
1.650000, 0.900000, 0.619209
1.700000, 0.900000, 0.807802
1.750000, 0.900000, 0.901193
1.800000, 0.900000, 0.929874
1.850000, 0.900000, 0.944746
1.900000, 0.900000, 1.007206
1.950000, 0.900000, 1.177072
2.000000, 0.900000, 1.500521
0.000000, 0.950000, -0.742538
0.050000, 0.950000, -0.086404
0.100000, 0.950000, 0.481852
0.150000, 0.950000, 0.896362
0.200000, 0.950000, 1.120277
0.250000, 0.950000, 1.152784
0.300000, 0.950000, 1.029002
0.350000, 0.950000, 0.812767
0.400000, 0.950000, 0.583704
0.450000, 0.950000, 0.421138
0.500000, 0.950000, 0.388009
0.550000, 0.950000, 0.517976
0.600000, 0.950000, 0.808264
0.650000, 0.950000, 1.219697
0.700000, 0.950000, 1.683938
0.750000, 0.950000, 2.116537
0.800000, 0.950000, 2.433274
0.850000, 0.950000, 2.566588
0.900000, 0.950000, 2.478911
0.950000, 0.950000, 2.170290
1.000000, 0.950000, 1.678829
1.050000, 0.950000, 1.073871
1.100000, 0.950000, 0.443256
1.150000, 0.950000, -0.122830
1.200000, 0.950000, -0.548273
1.250000, 0.950000, -0.784506
1.300000, 0.950000, -0.818440
1.350000, 0.950000, -0.673341
1.400000, 0.950000, -0.402545
1.450000, 0.950000, -0.077325
1.500000, 0.950000, 0.228646
1.550000, 0.950000, 0.455082
1.600000, 0.950000, 0.567976
1.650000, 0.950000, 0.566977
1.700000, 0.950000, 0.485784
1.750000, 0.950000, 0.385427
1.800000, 0.950000, 0.341765
1.850000, 0.950000, 0.429670
1.900000, 0.950000, 0.707024
1.950000, 0.950000, 1.201739
2.000000, 0.950000, 1.904398
0.000000, 1.000000, -0.861236
0.050000, 1.000000, -0.189169
0.100000, 1.000000, 0.388909
0.150000, 1.000000, 0.798227
0.200000, 1.000000, 1.000455
0.250000, 1.000000, 1.001689
0.300000, 1.000000, 0.850673
0.350000, 1.000000, 0.627644
0.400000, 1.000000, 0.426218
0.450000, 1.000000, 0.332282
0.500000, 1.000000, 0.404497
0.550000, 1.000000, 0.660704
0.600000, 1.000000, 1.073210
0.650000, 1.000000, 1.574046
0.700000, 1.000000, 2.069076
0.750000, 1.000000, 2.457949
0.800000, 1.000000, 2.655581
0.850000, 1.000000, 2.610536
0.900000, 1.000000, 2.316328
0.950000, 1.000000, 1.813221
1.000000, 1.000000, 1.180141
1.050000, 1.000000, 0.518467
1.100000, 1.000000, -0.068771
1.150000, 1.000000, -0.497793
1.200000, 1.000000, -0.720539
1.250000, 1.000000, -0.733191
1.300000, 1.000000, -0.574946
1.350000, 1.000000, -0.317384
1.400000, 1.000000, -0.046835
1.450000, 1.000000, 0.156326
1.500000, 1.000000, 0.236870
1.550000, 1.000000, 0.178123
1.600000, 1.000000, 0.006611
1.650000, 1.000000, -0.213129
1.700000, 1.000000, -0.392473
1.750000, 1.000000, -0.438357
1.800000, 1.000000, -0.274352
1.850000, 1.000000, 0.141430
1.900000, 1.000000, 0.805561
1.950000, 1.000000, 1.668047
2.000000, 1.000000, 2.640952
0.000000, 1.050000, -1.331125
0.050000, 1.050000, -0.636400
0.100000, 1.050000, -0.043398
0.150000, 1.050000, 0.363555
0.200000, 1.050000, 0.545496
0.250000, 1.050000, 0.517581
0.300000, 1.050000, 0.344721
0.350000, 1.050000, 0.125149
0.400000, 1.050000, -0.034126
0.450000, 1.050000, -0.044076
0.500000, 1.050000, 0.143840
0.550000, 1.050000, 0.524858
0.600000, 1.050000, 1.040910
0.650000, 1.050000, 1.593498
0.700000, 1.050000, 2.066429
0.750000, 1.050000, 2.353000
0.800000, 1.050000, 2.381179
0.850000, 1.050000, 2.130791
0.900000, 1.050000, 1.638617
0.950000, 1.050000, 0.990216
1.000000, 1.050000, 0.300420
1.050000, 1.050000, -0.312807
1.100000, 1.050000, -0.754924
1.150000, 1.050000, -0.975458
1.200000, 1.050000, -0.977834
1.250000, 1.050000, -0.816134
1.300000, 1.050000, -0.579630
1.350000, 1.050000, -0.368917
1.400000, 1.050000, -0.269447
1.450000, 1.050000, -0.328932
1.500000, 1.050000, -0.544111
1.550000, 1.050000, -0.860142
1.600000, 1.050000, -1.182833
1.650000, 1.050000, -1.400816
1.700000, 1.050000, -1.412383
1.750000, 1.050000, -1.150545
1.800000, 1.050000, -0.600280
1.850000, 1.050000, 0.196186
1.900000, 1.050000, 1.147425
1.950000, 1.050000, 2.132295
2.000000, 1.050000, 3.026315
0.000000, 1.100000, -2.107376
0.050000, 1.100000, -1.383664
0.100000, 1.100000, -0.771430
0.150000, 1.100000, -0.365070
0.200000, 1.100000, -0.203025
0.250000, 1.100000, -0.258602
0.300000, 1.100000, -0.448095
0.350000, 1.100000, -0.654062
0.400000, 1.100000, -0.757611
0.450000, 1.100000, -0.671170
0.500000, 1.100000, -0.363069
0.550000, 1.100000, 0.132582
0.600000, 1.100000, 0.723396
0.650000, 1.100000, 1.281693
0.700000, 1.100000, 1.677004
0.750000, 1.100000, 1.809623
0.800000, 1.100000, 1.636458
0.850000, 1.100000, 1.182427
0.900000, 1.100000, 0.534446
0.950000, 1.100000, -0.180410
1.000000, 1.100000, -0.826829
1.050000, 1.100000, -1.294935
1.100000, 1.100000, -1.526887
1.150000, 1.100000, -1.529514
1.200000, 1.100000, -1.369733
1.250000, 1.100000, -1.154070
1.300000, 1.100000, -0.997763
1.350000, 1.100000, -0.991696
1.400000, 1.100000, -1.175939
1.450000, 1.100000, -1.526981
1.500000, 1.100000, -1.962089
1.550000, 1.100000, -2.359732
1.600000, 1.100000, -2.590762
1.650000, 1.100000, -2.552202
1.700000, 1.100000, -2.194771
1.750000, 1.100000, -1.536903
1.800000, 1.100000, -0.661533
1.850000, 1.100000, 0.303556
1.900000, 1.100000, 1.216755
1.950000, 1.100000, 1.956966
2.000000, 1.100000, 2.452345
0.000000, 1.150000, -3.078071
0.050000, 1.150000, -2.319802
0.100000, 1.150000, -1.685142
0.150000, 1.150000, -1.278900
0.200000, 1.150000, -1.137515
0.250000, 1.150000, -1.219968
0.300000, 1.150000, -1.421123
0.350000, 1.150000, -1.603653
0.400000, 1.150000, -1.639330
0.450000, 1.150000, -1.447788
0.500000, 1.150000, -1.021575
0.550000, 1.150000, -0.430208
0.600000, 1.150000, 0.197998
0.650000, 1.150000, 0.711236
0.700000, 1.150000, 0.976597
0.750000, 1.150000, 0.917487
0.800000, 1.150000, 0.535398
0.850000, 1.150000, -0.090161
0.900000, 1.150000, -0.823537
0.950000, 1.150000, -1.510337
1.000000, 1.150000, -2.019692
1.050000, 1.150000, -2.279310
1.100000, 1.150000, -2.293356
1.150000, 1.150000, -2.138131
1.200000, 1.150000, -1.936906
1.250000, 1.150000, -1.821241
1.300000, 1.150000, -1.890009
1.350000, 1.150000, -2.177995
1.400000, 1.150000, -2.643192
1.450000, 1.150000, -3.176556
1.500000, 1.150000, -3.631499
1.550000, 1.150000, -3.864771
1.600000, 1.150000, -3.777037
1.650000, 1.150000, -3.341561
1.700000, 1.150000, -2.612759
1.750000, 1.150000, -1.712145
1.800000, 1.150000, -0.795619
1.850000, 1.150000, -0.011406
1.900000, 1.150000, 0.539424
1.950000, 1.150000, 0.828654
2.000000, 1.150000, 0.905600
0.000000, 1.200000, -4.087530
0.050000, 1.200000, -3.290217
0.100000, 1.200000, -2.631309
0.150000, 1.200000, -2.226179
0.200000, 1.200000, -2.107435
0.250000, 1.200000, -2.216658
0.300000, 1.200000, -2.424753
0.350000, 1.200000, -2.574511
0.400000, 1.200000, -2.532043
0.450000, 1.200000, -2.230989
0.500000, 1.200000, -1.695625
0.550000, 1.200000, -1.035556
0.600000, 1.200000, -0.413562
0.650000, 1.200000, 0.003528
0.700000, 1.200000, 0.095702
0.750000, 1.200000, -0.173376
0.800000, 1.200000, -0.744940
0.850000, 1.200000, -1.482662
0.900000, 1.200000, -2.213692
0.950000, 1.200000, -2.780451
1.000000, 1.200000, -3.087109
1.050000, 1.200000, -3.126357
1.100000, 1.200000, -2.978246
1.150000, 1.200000, -2.781576
1.200000, 1.200000, -2.686893
1.250000, 1.200000, -2.805852
1.300000, 1.200000, -3.172886
1.350000, 1.200000, -3.731237
1.400000, 1.200000, -4.347837
1.450000, 1.200000, -4.852516
1.500000, 1.200000, -5.089417
1.550000, 1.200000, -4.964678
1.600000, 1.200000, -4.475556
1.650000, 1.200000, -3.711936
1.700000, 1.200000, -2.829722
1.750000, 1.200000, -2.004327
1.800000, 1.200000, -1.378661
1.850000, 1.200000, -1.021709
1.900000, 1.200000, -0.910443
1.950000, 1.200000, -0.940595
2.000000, 1.200000, -0.962763
0.000000, 1.250000, -4.969300
0.050000, 1.250000, -4.129800
0.100000, 1.250000, -3.446379
0.150000, 1.250000, -3.044908
0.200000, 1.250000, -2.951978
0.250000, 1.250000, -3.088460
0.300000, 1.250000, -3.298981
0.350000, 1.250000, -3.407273
0.400000, 1.250000, -3.278647
0.450000, 1.250000, -2.868392
0.500000, 1.250000, -2.239675
0.550000, 1.250000, -1.544759
0.600000, 1.250000, -0.975771
0.650000, 1.250000, -0.701485
0.700000, 1.250000, -0.811344
0.750000, 1.250000, -1.285529
0.800000, 1.250000, -2.001110
0.850000, 1.250000, -2.772212
0.900000, 1.250000, -3.410673
0.950000, 1.250000, -3.786809
1.000000, 1.250000, -3.869886
1.050000, 1.250000, -3.734781
1.100000, 1.250000, -3.532706
1.150000, 1.250000, -3.436036
1.200000, 1.250000, -3.575977
1.250000, 1.250000, -3.994265
1.300000, 1.250000, -4.625334
1.350000, 1.250000, -5.315096
1.400000, 1.250000, -5.870156
1.450000, 1.250000, -6.120959
1.500000, 1.250000, -5.977669
1.550000, 1.250000, -5.459986
1.600000, 1.250000, -4.690861
1.650000, 1.250000, -3.856203
1.700000, 1.250000, -3.144096
1.750000, 1.250000, -2.683936
1.800000, 1.250000, -2.505877
1.850000, 1.250000, -2.534139
1.900000, 1.250000, -2.616267
1.950000, 1.250000, -2.578354
2.000000, 1.250000, -2.287433
0.000000, 1.300000, -5.581659
0.050000, 1.300000, -4.698364
0.100000, 1.300000, -3.991825
0.150000, 1.300000, -3.598109
0.200000, 1.300000, -3.535251
0.250000, 1.300000, -3.699913
0.300000, 1.300000, -3.908461
0.350000, 1.300000, -3.967352
0.400000, 1.300000, -3.747128
0.450000, 1.300000, -3.232935
0.500000, 1.300000, -2.533045
0.550000, 1.300000, -1.842150
0.600000, 1.300000, -1.372635
0.650000, 1.300000, -1.278727
0.700000, 1.300000, -1.601017
0.750000, 1.300000, -2.251487
0.800000, 1.300000, -3.044459
0.850000, 1.300000, -3.762245
0.900000, 1.300000, -4.231659
0.950000, 1.300000, -4.383663
1.000000, 1.300000, -4.274561
1.050000, 1.300000, -4.061197
1.100000, 1.300000, -3.939320
1.150000, 1.300000, -4.067724
1.200000, 1.300000, -4.505930
1.250000, 1.300000, -5.188253
1.300000, 1.300000, -5.943849
1.350000, 1.300000, -6.555601
1.400000, 1.300000, -6.836550
1.450000, 1.300000, -6.696154
1.500000, 1.300000, -6.172344
1.550000, 1.300000, -5.417727
1.600000, 1.300000, -4.644946
1.650000, 1.300000, -4.051006
1.700000, 1.300000, -3.748007
1.750000, 1.300000, -3.725368
1.800000, 1.300000, -3.857134
1.850000, 1.300000, -3.951567
1.900000, 1.300000, -3.824822
1.950000, 1.300000, -3.371752
2.000000, 1.300000, -2.607939
0.000000, 1.350000, -5.837959
0.050000, 1.350000, -4.910898
0.100000, 1.350000, -4.184305
0.150000, 1.350000, -3.803897
0.200000, 1.350000, -3.776258
0.250000, 1.350000, -3.970231
0.300000, 1.350000, -4.172403
0.350000, 1.350000, -4.174804
0.400000, 1.350000, -3.860353
0.450000, 1.350000, -3.252442
0.500000, 1.350000, -2.509089
0.550000, 1.350000, -1.863805
0.600000, 1.350000, -1.536178
0.650000, 1.350000, -1.647055
0.700000, 1.350000, -2.171444
0.750000, 1.350000, -2.947527
0.800000, 1.350000, -3.738276
0.850000, 1.350000, -4.321612
0.900000, 1.350000, -4.573915
0.950000, 1.350000, -4.514345
1.000000, 1.350000, -4.292780
1.050000, 1.350000, -4.126265
1.100000, 1.350000, -4.209034
1.150000, 1.350000, -4.631491
1.200000, 1.350000, -5.340063
1.250000, 1.350000, -6.153796
1.300000, 1.350000, -6.831382
1.350000, 1.350000, -7.162514
1.400000, 1.350000, -7.047946
1.450000, 1.350000, -6.536998
1.500000, 1.350000, -5.807857
1.550000, 1.350000, -5.098380
1.600000, 1.350000, -4.614422
1.650000, 1.350000, -4.451465
1.700000, 1.350000, -4.560108
1.750000, 1.350000, -4.768775
1.800000, 1.350000, -4.854603
1.850000, 1.350000, -4.634615
1.900000, 1.350000, -4.041330
1.950000, 1.350000, -3.153086
2.000000, 1.350000, -2.167048
0.000000, 1.400000, -5.725198
0.050000, 1.400000, -4.756057
0.100000, 1.400000, -4.014064
0.150000, 1.400000, -3.653787
0.200000, 1.400000, -3.667142
0.250000, 1.400000, -3.891496
0.300000, 1.400000, -4.082741
0.350000, 1.400000, -4.022478
0.400000, 1.400000, -3.614130
0.450000, 1.400000, -2.927466
0.500000, 1.400000, -2.172669
0.550000, 1.400000, -1.614686
0.600000, 1.400000, -1.463682
0.650000, 1.400000, -1.787492
0.700000, 1.400000, -2.482765
0.750000, 1.400000, -3.316925
0.800000, 1.400000, -4.023360
0.850000, 1.400000, -4.410000
0.900000, 1.400000, -4.435821
0.950000, 1.400000, -4.223337
1.000000, 1.400000, -4.002019
1.050000, 1.400000, -4.006584
1.100000, 1.400000, -4.373065
1.150000, 1.400000, -5.076477
1.200000, 1.400000, -5.936451
1.250000, 1.400000, -6.688645
1.300000, 1.400000, -7.092119
1.350000, 1.400000, -7.027734
1.400000, 1.400000, -6.546349
1.450000, 1.400000, -5.846642
1.500000, 1.400000, -5.191857
1.550000, 1.400000, -4.800373
1.600000, 1.400000, -4.755952
1.650000, 1.400000, -4.975210
1.700000, 1.400000, -5.245834
1.750000, 1.400000, -5.319351
1.800000, 1.400000, -5.019332
1.850000, 1.400000, -4.319468
1.900000, 1.400000, -3.358571
1.950000, 1.400000, -2.386062
2.000000, 1.400000, -1.660688
0.000000, 1.450000, -5.306814
0.050000, 1.450000, -4.298855
0.100000, 1.450000, -3.547540
0.150000, 1.450000, -3.215235
0.200000, 1.450000, -3.275660
0.250000, 1.450000, -3.531099
0.300000, 1.450000, -3.706570
0.350000, 1.450000, -3.578442
0.400000, 1.450000, -3.079549
0.450000, 1.450000, -2.333401
0.500000, 1.450000, -1.601958
0.550000, 1.450000, -1.170278
0.600000, 1.450000, -1.219723
0.650000, 1.450000, -1.746608
0.700000, 1.450000, -2.562793
0.750000, 1.450000, -3.378004
0.800000, 1.450000, -3.926987
0.850000, 1.450000, -4.084542
0.900000, 1.450000, -3.916938
0.950000, 1.450000, -3.646815
1.000000, 1.450000, -3.547557
1.050000, 1.450000, -3.814768
1.100000, 1.450000, -4.472805
1.150000, 1.450000, -5.358539
1.200000, 1.450000, -6.189828
1.250000, 1.450000, -6.688147
1.300000, 1.450000, -6.700422
1.350000, 1.450000, -6.265485
1.400000, 1.450000, -5.595341
1.450000, 1.450000, -4.979685
1.500000, 1.450000, -4.656499
1.550000, 1.450000, -4.706756
1.600000, 1.450000, -5.020412
1.650000, 1.450000, -5.348800
1.700000, 1.450000, -5.419766
1.750000, 1.450000, -5.063661
1.800000, 1.450000, -4.293455
1.850000, 1.450000, -3.302830
1.900000, 1.450000, -2.382954
1.950000, 1.450000, -1.795180
2.000000, 1.450000, -1.656702
0.000000, 1.500000, -4.709075
0.050000, 1.500000, -3.666978
0.100000, 1.500000, -2.913597
0.150000, 1.500000, -2.617798
0.200000, 1.500000, -2.731304
0.250000, 1.500000, -3.017856
0.300000, 1.500000, -3.172269
0.350000, 1.500000, -2.972098
0.400000, 1.500000, -2.389008
0.450000, 1.500000, -1.606302
0.500000, 1.500000, -0.934020
0.550000, 1.500000, -0.662189
0.600000, 1.500000, -0.922461
0.650000, 1.500000, -1.624409
0.700000, 1.500000, -2.497048
0.750000, 1.500000, -3.215742
0.800000, 1.500000, -3.553826
0.850000, 1.500000, -3.486437
0.900000, 1.500000, -3.197006
0.950000, 1.500000, -2.983516
1.000000, 1.500000, -3.109684
1.050000, 1.500000, -3.672618
1.100000, 1.500000, -4.550585
1.150000, 1.500000, -5.456154
1.200000, 1.500000, -6.069401
1.250000, 1.500000, -6.187528
1.300000, 1.500000, -5.819283
1.350000, 1.500000, -5.179015
1.400000, 1.500000, -4.583227
1.450000, 1.500000, -4.299170
1.500000, 1.500000, -4.417965
1.550000, 1.500000, -4.812940
1.600000, 1.500000, -5.203021
1.650000, 1.500000, -5.290637
1.700000, 1.500000, -4.907887
1.750000, 1.500000, -4.100759
1.800000, 1.500000, -3.110872
1.850000, 1.500000, -2.263333
1.900000, 1.500000, -1.814321
1.950000, 1.500000, -1.831315
2.000000, 1.500000, -2.163290
0.000000, 1.550000, -4.094037
0.050000, 1.550000, -3.023656
0.100000, 1.550000, -2.276335
0.150000, 1.550000, -2.025902
0.200000, 1.550000, -2.198047
0.250000, 1.550000, -2.514752
0.300000, 1.550000, -2.642278
0.350000, 1.550000, -2.366961
0.400000, 1.550000, -1.708908
0.450000, 1.550000, -0.915390
0.500000, 1.550000, -0.337163
0.550000, 1.550000, -0.250724
0.600000, 1.550000, -0.717145
0.650000, 1.550000, -1.549526
0.700000, 1.550000, -2.405742
0.750000, 1.550000, -2.959278
0.800000, 1.550000, -3.061157
0.850000, 1.550000, -2.810541
0.900000, 1.550000, -2.498212
0.950000, 1.550000, -2.452016
1.000000, 1.550000, -2.863368
1.050000, 1.550000, -3.683585
1.100000, 1.550000, -4.643165
1.150000, 1.550000, -5.384363
1.200000, 1.550000, -5.639599
1.250000, 1.550000, -5.364782
1.300000, 1.550000, -4.759603
1.350000, 1.550000, -4.164475
1.400000, 1.550000, -3.886680
1.450000, 1.550000, -4.044365
1.500000, 1.550000, -4.507877
1.550000, 1.550000, -4.968246
1.600000, 1.550000, -5.097711
1.650000, 1.550000, -4.720224
1.700000, 1.550000, -3.904765
1.750000, 1.550000, -2.933692
1.800000, 1.550000, -2.162118
1.850000, 1.550000, -1.839927
1.900000, 1.550000, -1.987148
1.950000, 1.550000, -2.386175
2.000000, 1.550000, -2.694782
0.000000, 1.600000, -3.624920
0.050000, 1.600000, -2.532980
0.100000, 1.600000, -1.800360
0.150000, 1.600000, -1.604081
0.200000, 1.600000, -1.839578
0.250000, 1.600000, -2.184213
0.300000, 1.600000, -2.278407
0.350000, 1.600000, -1.925982
0.400000, 1.600000, -1.204888
0.450000, 1.600000, -0.428133
0.500000, 1.600000, 0.024018
0.550000, 1.600000, -0.090323
0.600000, 1.600000, -0.742668
0.650000, 1.600000, -1.647397
0.700000, 1.600000, -2.413178
0.750000, 1.600000, -2.750649
0.800000, 1.600000, -2.623978
0.850000, 1.600000, -2.264387
0.900000, 1.600000, -2.038548
0.950000, 1.600000, -2.243455
1.000000, 1.600000, -2.939212
1.050000, 1.600000, -3.910608
1.100000, 1.600000, -4.778527
1.150000, 1.600000, -5.200961
1.200000, 1.600000, -5.054809
1.250000, 1.600000, -4.499990
1.300000, 1.600000, -3.891155
1.350000, 1.600000, -3.584849
1.400000, 1.600000, -3.746592
1.450000, 1.600000, -4.262352
1.500000, 1.600000, -4.802290
1.550000, 1.600000, -5.002043
1.600000, 1.600000, -4.663138
1.650000, 1.600000, -3.863717
1.700000, 1.600000, -2.919390
1.750000, 1.600000, -2.215294
1.800000, 1.600000, -2.000251
1.850000, 1.600000, -2.254517
1.900000, 1.600000, -2.702732
1.950000, 1.600000, -2.965021
2.000000, 1.600000, -2.764341
0.000000, 1.650000, -3.431427
0.050000, 1.650000, -2.325173
0.100000, 1.650000, -1.616022
0.150000, 1.650000, -1.482212
0.200000, 1.650000, -1.784563
0.250000, 1.650000, -2.153405
0.300000, 1.650000, -2.207193
0.350000, 1.650000, -1.776911
0.400000, 1.650000, -1.007116
0.450000, 1.650000, -0.275418
0.500000, 1.650000, 0.023410
0.550000, 1.650000, -0.295370
0.600000, 1.650000, -1.098588
0.650000, 1.650000, -2.008701
0.700000, 1.650000, -2.616649
0.750000, 1.650000, -2.711882
0.800000, 1.650000, -2.397596
0.850000, 1.650000, -2.025206
0.900000, 1.650000, -1.985969
0.950000, 1.650000, -2.479784
1.000000, 1.650000, -3.394282
1.050000, 1.650000, -4.363922
1.100000, 1.650000, -4.975297
1.150000, 1.650000, -5.000815
1.200000, 1.650000, -4.526520
1.250000, 1.650000, -3.900662
1.300000, 1.650000, -3.532545
1.350000, 1.650000, -3.657223
1.400000, 1.650000, -4.201179
1.450000, 1.650000, -4.826071
1.500000, 1.650000, -5.125236
1.550000, 1.650000, -4.859886
1.600000, 1.650000, -4.099047
1.650000, 1.650000, -3.182685
1.700000, 1.650000, -2.529053
1.750000, 1.650000, -2.396857
1.800000, 1.650000, -2.738847
1.850000, 1.650000, -3.230907
1.900000, 1.650000, -3.459905
1.950000, 1.650000, -3.162352
2.000000, 1.650000, -2.376734
0.000000, 1.700000, -3.582506
0.050000, 1.700000, -2.469321
0.100000, 1.700000, -1.792145
0.150000, 1.700000, -1.728262
0.200000, 1.700000, -2.099420
0.250000, 1.700000, -2.487084
0.300000, 1.700000, -2.492815
0.350000, 1.700000, -1.985225
0.400000, 1.700000, -1.183144
0.450000, 1.700000, -0.524339
0.500000, 1.700000, -0.399586
0.550000, 1.700000, -0.913864
0.600000, 1.700000, -1.820002
0.650000, 1.700000, -2.665276
0.700000, 1.700000, -3.062004
0.750000, 1.700000, -2.917794
0.800000, 1.700000, -2.485670
0.850000, 1.700000, -2.203858
0.900000, 1.700000, -2.422938
0.950000, 1.700000, -3.186539
1.000000, 1.700000, -4.199189
1.050000, 1.700000, -5.001051
1.100000, 1.700000, -5.243429
1.150000, 1.700000, -4.897575
1.200000, 1.700000, -4.269867
1.250000, 1.700000, -3.814117
1.300000, 1.700000, -3.855108
1.350000, 1.700000, -4.391427
1.400000, 1.700000, -5.097366
1.450000, 1.700000, -5.522598
1.500000, 1.700000, -5.368048
1.550000, 1.700000, -4.669989
1.600000, 1.700000, -3.780282
1.650000, 1.700000, -3.154615
1.700000, 1.700000, -3.077427
1.750000, 1.700000, -3.490728
1.800000, 1.700000, -4.030867
1.850000, 1.700000, -4.250882
1.900000, 1.700000, -3.893214
1.950000, 1.700000, -3.046991
2.000000, 1.700000, -2.094291
0.000000, 1.750000, -4.072443
0.050000, 1.750000, -2.959461
0.100000, 1.750000, -2.322124
0.150000, 1.750000, -2.334413
0.200000, 1.750000, -2.774523
0.250000, 1.750000, -3.173870
0.300000, 1.750000, -3.123436
0.350000, 1.750000, -2.540486
0.400000, 1.750000, -1.724204
0.450000, 1.750000, -1.164466
0.500000, 1.750000, -1.226606
0.550000, 1.750000, -1.914769
0.600000, 1.750000, -2.866016
0.650000, 1.750000, -3.579150
0.700000, 1.750000, -3.731502
0.750000, 1.750000, -3.380419
0.800000, 1.750000, -2.920296
0.850000, 1.750000, -2.823006
0.900000, 1.750000, -3.328743
0.950000, 1.750000, -4.286093
1.000000, 1.750000, -5.244269
1.050000, 1.750000, -5.738409
1.100000, 1.750000, -5.584757
1.150000, 1.750000, -4.996157
1.200000, 1.750000, -4.443668
1.250000, 1.750000, -4.353153
1.300000, 1.750000, -4.831666
1.350000, 1.750000, -5.599291
1.400000, 1.750000, -6.170079
1.450000, 1.750000, -6.165690
1.500000, 1.750000, -5.560117
1.550000, 1.750000, -4.698113
1.600000, 1.750000, -4.075383
1.650000, 1.750000, -4.021616
1.700000, 1.750000, -4.489924
1.750000, 1.750000, -5.087915
1.800000, 1.750000, -5.330425
1.850000, 1.750000, -4.951616
1.900000, 1.750000, -4.075992
1.950000, 1.750000, -3.138579
2.000000, 1.750000, -2.605657
0.000000, 1.800000, -4.823243
0.050000, 1.800000, -3.716975
0.100000, 1.800000, -3.126359
0.150000, 1.800000, -3.219559
0.200000, 1.800000, -3.726756
0.250000, 1.800000, -4.128898
0.300000, 1.800000, -4.013930
0.350000, 1.800000, -3.359074
0.400000, 1.800000, -2.547889
0.450000, 1.800000, -2.110559
0.500000, 1.800000, -2.363404
0.550000, 1.800000, -3.191937
0.600000, 1.800000, -4.124590
0.650000, 1.800000, -4.647403
0.700000, 1.800000, -4.546762
0.750000, 1.800000, -4.048279
0.800000, 1.800000, -3.658015
0.850000, 1.800000, -3.813842
0.900000, 1.800000, -4.583336
0.950000, 1.800000, -5.613029
1.000000, 1.800000, -6.363538
1.050000, 1.800000, -6.471419
1.100000, 1.800000, -5.992661
1.150000, 1.800000, -5.362905
1.200000, 1.800000, -5.101277
1.250000, 1.800000, -5.458369
1.300000, 1.800000, -6.246706
1.350000, 1.800000, -6.968394
1.400000, 1.800000, -7.153334
1.450000, 1.800000, -6.678759
1.500000, 1.800000, -5.853504
1.550000, 1.800000, -5.209813
1.600000, 1.800000, -5.143615
1.650000, 1.800000, -5.646880
1.700000, 1.800000, -6.313338
1.750000, 1.800000, -6.613700
1.800000, 1.800000, -6.254008
1.850000, 1.800000, -5.374473
1.900000, 1.800000, -4.454211
1.950000, 1.800000, -3.986543
2.000000, 1.800000, -4.144941
0.000000, 1.850000, -5.702735
0.050000, 1.850000, -4.608731
0.100000, 1.850000, -4.070446
0.150000, 1.850000, -4.247564
0.200000, 1.850000, -4.817867
0.250000, 1.850000, -5.212260
0.300000, 1.850000, -5.024390
0.350000, 1.850000, -4.302697
0.400000, 1.850000, -3.516617
0.450000, 1.850000, -3.221112
0.500000, 1.850000, -3.658856
0.550000, 1.850000, -4.583938
0.600000, 1.850000, -5.433008
0.650000, 1.850000, -5.722066
0.700000, 1.850000, -5.386218
0.750000, 1.850000, -4.820374
0.800000, 1.850000, -4.592119
0.850000, 1.850000, -5.031733
0.900000, 1.850000, -5.991891
0.950000, 1.850000, -6.948551
1.000000, 1.850000, -7.371183
1.050000, 1.850000, -7.098379
1.100000, 1.850000, -6.450999
1.150000, 1.850000, -6.002119
1.200000, 1.850000, -6.167751
1.250000, 1.850000, -6.910056
1.300000, 1.850000, -7.764565
1.350000, 1.850000, -8.171832
1.400000, 1.850000, -7.876896
1.450000, 1.850000, -7.111560
1.500000, 1.850000, -6.429391
1.550000, 1.850000, -6.311049
1.600000, 1.850000, -6.821306
1.650000, 1.850000, -7.562366
1.700000, 1.850000, -7.956779
1.750000, 1.850000, -7.658317
1.800000, 1.850000, -6.797900
1.850000, 1.850000, -5.889363
1.900000, 1.850000, -5.462399
1.950000, 1.850000, -5.684577
2.000000, 1.850000, -6.242124
0.000000, 1.900000, -6.554378
0.050000, 1.900000, -5.476943
0.100000, 1.900000, -4.995105
0.150000, 1.900000, -5.257273
0.200000, 1.900000, -5.884574
0.250000, 1.900000, -6.259209
0.300000, 1.900000, -5.990396
0.350000, 1.900000, -5.208647
0.400000, 1.900000, -4.467859
0.450000, 1.900000, -4.328714
0.500000, 1.900000, -4.935810
0.550000, 1.900000, -5.905668
0.600000, 1.900000, -6.609802
0.650000, 1.900000, -6.640932
0.700000, 1.900000, -6.113169
0.750000, 1.900000, -5.571417
0.800000, 1.900000, -5.578112
0.850000, 1.900000, -6.287234
0.900000, 1.900000, -7.324999
0.950000, 1.900000, -8.066765
1.000000, 1.900000, -8.102620
1.050000, 1.900000, -7.542709
1.100000, 1.900000, -6.933368
1.150000, 1.900000, -6.846857
1.200000, 1.900000, -7.452053
1.250000, 1.900000, -8.387753
1.300000, 1.900000, -9.033388
1.350000, 1.900000, -8.974115
1.400000, 1.900000, -8.311568
1.450000, 1.900000, -7.587253
1.500000, 1.900000, -7.375948
1.550000, 1.900000, -7.853838
1.600000, 1.900000, -8.665089
1.650000, 1.900000, -9.186933
1.700000, 1.900000, -8.994680
1.750000, 1.900000, -8.178261
1.800000, 1.900000, -7.273206
1.850000, 1.900000, -6.857967
1.900000, 1.900000, -7.119578
1.950000, 1.900000, -7.713362
2.000000, 1.900000, -8.021982
0.000000, 1.950000, -7.232222
0.050000, 1.950000, -6.174200
0.100000, 1.950000, -5.751294
0.150000, 1.950000, -6.097718
0.200000, 1.950000, -6.773862
0.250000, 1.950000, -7.115546
0.300000, 1.950000, -6.758448
0.350000, 1.950000, -5.925221
0.400000, 1.950000, -5.249534
0.450000, 1.950000, -5.275618
0.500000, 1.950000, -6.027190
0.550000, 1.950000, -6.985079
0.600000, 1.950000, -7.491410
0.650000, 1.950000, -7.262640
0.700000, 1.950000, -6.608105
0.750000, 1.950000, -6.182383
0.800000, 1.950000, -6.466422
0.850000, 1.950000, -7.385749
0.900000, 1.950000, -8.366153
0.950000, 1.950000, -8.783069
1.000000, 1.950000, -8.451153
1.050000, 1.950000, -7.768857
1.100000, 1.950000, -7.404176
1.150000, 1.950000, -7.768646
1.200000, 1.950000, -8.693224
1.250000, 1.950000, -9.560859
1.300000, 1.950000, -9.791337
1.350000, 1.950000, -9.296890
1.400000, 1.950000, -8.550078
1.450000, 1.950000, -8.210497
1.500000, 1.950000, -8.603960
1.550000, 1.950000, -9.463884
1.600000, 1.950000, -10.138398
1.650000, 1.950000, -10.100399
1.700000, 1.950000, -9.359475
1.750000, 1.950000, -8.451867
1.800000, 1.950000, -8.016557
1.850000, 1.950000, -8.291164
1.900000, 1.950000, -8.924381
1.950000, 1.950000, -9.252658
2.000000, 1.950000, -8.823627
0.000000, 2.000000, -7.633361
0.050000, 2.000000, -6.595998
0.100000, 2.000000, -6.232828
0.150000, 2.000000, -6.660824
0.200000, 2.000000, -7.375789
0.250000, 2.000000, -7.670510
0.300000, 2.000000, -7.218894
0.350000, 2.000000, -6.344605
0.400000, 2.000000, -5.752886
0.450000, 2.000000, -5.946835
0.500000, 2.000000, -6.809614
0.550000, 2.000000, -7.697257
0.600000, 2.000000, -7.965801
0.650000, 2.000000, -7.498384
0.700000, 2.000000, -6.797945
0.750000, 2.000000, -6.569268
0.800000, 2.000000, -7.135053
0.850000, 2.000000, -8.167486
0.900000, 2.000000, -8.956633
0.950000, 2.000000, -8.994339
1.000000, 2.000000, -8.392177
1.050000, 2.000000, -7.788767
1.100000, 2.000000, -7.822727
1.150000, 2.000000, -8.605630
1.200000, 2.000000, -9.629322
1.250000, 2.000000, -10.183867
1.300000, 2.000000, -9.941454
1.350000, 2.000000, -9.224782
1.400000, 2.000000, -8.738633
1.450000, 2.000000, -8.985949
1.500000, 2.000000, -9.849865
1.550000, 2.000000, -10.686420
1.600000, 2.000000, -10.851648
1.650000, 2.000000, -10.228710
1.700000, 2.000000, -9.320705
1.750000, 2.000000, -8.832875
1.800000, 2.000000, -9.088885
1.850000, 2.000000, -9.762641
1.900000, 2.000000, -10.146931
1.950000, 2.000000, -9.737557
2.000000, 2.000000, -8.651493
