0.000000, 0.000000, -0.167790
0.050000, 0.000000, 0.122472
0.100000, 0.000000, 0.315163
0.150000, 0.000000, 0.352564
0.200000, 0.000000, 0.207779
0.250000, 0.000000, -0.108887
0.300000, 0.000000, -0.551504
0.350000, 0.000000, -1.047723
0.400000, 0.000000, -1.513666
0.450000, 0.000000, -1.871292
0.500000, 0.000000, -2.064503
0.550000, 0.000000, -2.070546
0.600000, 0.000000, -1.904246
0.650000, 0.000000, -1.614205
0.700000, 0.000000, -1.271826
0.750000, 0.000000, -0.955568
0.800000, 0.000000, -0.733875
0.850000, 0.000000, -0.650513
0.900000, 0.000000, -0.715471
0.950000, 0.000000, -0.903412
1.000000, 0.000000, -1.159958
1.050000, 0.000000, -1.414408
1.100000, 0.000000, -1.596058
1.150000, 0.000000, -1.650532
1.200000, 0.000000, -1.552492
1.250000, 0.000000, -1.311929
1.300000, 0.000000, -0.972605
1.350000, 0.000000, -0.602969
1.400000, 0.000000, -0.281476
1.450000, 0.000000, -0.079530
1.500000, 0.000000, -0.045734
1.550000, 0.000000, -0.194913
1.600000, 0.000000, -0.504312
1.650000, 0.000000, -0.917835
1.700000, 0.000000, -1.357441
1.750000, 0.000000, -1.739251
1.800000, 0.000000, -1.990917
1.850000, 0.000000, -2.066508
1.900000, 0.000000, -1.955719
1.950000, 0.000000, -1.685446
2.000000, 0.000000, -1.313410
0.000000, 0.050000, -0.319511
0.050000, 0.050000, -0.055736
0.100000, 0.050000, 0.112425
0.150000, 0.050000, 0.128432
0.200000, 0.050000, -0.033598
0.250000, 0.050000, -0.362583
0.300000, 0.050000, -0.812081
0.350000, 0.050000, -1.309538
0.400000, 0.050000, -1.771178
0.450000, 0.050000, -2.119370
0.500000, 0.050000, -2.298710
0.550000, 0.050000, -2.287383
0.600000, 0.050000, -2.101345
0.650000, 0.050000, -1.790460
0.700000, 0.050000, -1.427455
0.750000, 0.050000, -1.092098
0.800000, 0.050000, -0.854061
0.850000, 0.050000, -0.758182
0.900000, 0.050000, -0.815312
0.950000, 0.050000, -1.000717
1.000000, 0.050000, -1.260328
1.050000, 0.050000, -1.523443
1.100000, 0.050000, -1.719050
1.150000, 0.050000, -1.792167
1.200000, 0.050000, -1.716596
1.250000, 0.050000, -1.501253
1.300000, 0.050000, -1.188673
1.350000, 0.050000, -0.845994
1.400000, 0.050000, -0.550347
1.450000, 0.050000, -0.371874
1.500000, 0.050000, -0.358046
1.550000, 0.050000, -0.522748
1.600000, 0.050000, -0.842531
1.650000, 0.050000, -1.260890
1.700000, 0.050000, -1.699679
1.750000, 0.050000, -2.075225
1.800000, 0.050000, -2.315689
1.850000, 0.050000, -2.375919
1.900000, 0.050000, -2.246621
1.950000, 0.050000, -1.955871
2.000000, 0.050000, -1.562681
0.000000, 0.100000, -0.611102
0.050000, 0.100000, -0.371858
0.100000, 0.100000, -0.225090
0.150000, 0.100000, -0.226323
0.200000, 0.100000, -0.400660
0.250000, 0.100000, -0.736507
0.300000, 0.100000, -1.187214
0.350000, 0.100000, -1.680327
0.400000, 0.100000, -2.132480
0.450000, 0.100000, -2.466729
0.500000, 0.100000, -2.628611
0.550000, 0.100000, -2.597438
0.600000, 0.100000, -2.390426
0.650000, 0.100000, -2.058761
0.700000, 0.100000, -1.676477
0.750000, 0.100000, -1.324568
0.800000, 0.100000, -1.073777
0.850000, 0.100000, -0.969801
0.900000, 0.100000, -1.024092
0.950000, 0.100000, -1.212223
1.000000, 0.100000, -1.480123
1.050000, 0.100000, -1.756778
1.100000, 0.100000, -1.970571
1.150000, 0.100000, -2.065657
1.200000, 0.100000, -2.014760
1.250000, 0.100000, -1.825568
1.300000, 0.100000, -1.539304
1.350000, 0.100000, -1.221778
1.400000, 0.100000, -0.948860
1.450000, 0.100000, -0.789555
1.500000, 0.100000, -0.790394
1.550000, 0.100000, -0.964567
1.600000, 0.100000, -1.288213
1.650000, 0.100000, -1.704720
1.700000, 0.100000, -2.136147
1.750000, 0.100000, -2.499329
1.800000, 0.100000, -2.723204
1.850000, 0.100000, -2.763628
1.900000, 0.100000, -2.612485
1.950000, 0.100000, -2.299144
2.000000, 0.100000, -1.883940
0.000000, 0.150000, -1.000991
0.050000, 0.150000, -0.783140
0.100000, 0.150000, -0.653613
0.150000, 0.150000, -0.667147
0.200000, 0.150000, -0.848331
0.250000, 0.150000, -1.185357
0.300000, 0.150000, -1.631674
0.350000, 0.150000, -2.115229
0.400000, 0.150000, -2.553345
0.450000, 0.150000, -2.870011
0.500000, 0.150000, -3.011888
0.550000, 0.150000, -2.959544
0.600000, 0.150000, -2.731513
0.650000, 0.150000, -2.380287
0.700000, 0.150000, -1.981118
0.750000, 0.150000, -1.616069
0.800000, 0.150000, -1.356739
0.850000, 0.150000, -1.249421
0.900000, 0.150000, -1.305871
0.950000, 0.150000, -1.501658
1.000000, 0.150000, -1.782394
1.050000, 0.150000, -2.076457
1.100000, 0.150000, -2.311362
1.150000, 0.150000, -2.430185
1.200000, 0.150000, -2.404418
1.250000, 0.150000, -2.240433
1.300000, 0.150000, -1.978126
1.350000, 0.150000, -1.682037
1.400000, 0.150000, -1.426900
1.450000, 0.150000, -1.280778
1.500000, 0.150000, -1.289503
1.550000, 0.150000, -1.465849
1.600000, 0.150000, -1.785848
1.650000, 0.150000, -2.193091
1.700000, 0.150000, -2.610141
1.750000, 0.150000, -2.954607
1.800000, 0.150000, -3.156434
1.850000, 0.150000, -3.172656
1.900000, 0.150000, -2.996447
1.950000, 0.150000, -2.658496
2.000000, 0.150000, -2.220427
0.000000, 0.200000, -1.429681
0.050000, 0.200000, -1.229077
0.100000, 0.200000, -1.111856
0.150000, 0.200000, -1.132237
0.200000, 0.200000, -1.314589
0.250000, 0.200000, -1.647195
0.300000, 0.200000, -2.083900
0.350000, 0.200000, -2.553335
0.400000, 0.200000, -2.973748
0.450000, 0.200000, -3.270248
0.500000, 0.200000, -3.390747
0.550000, 0.200000, -3.317124
0.600000, 0.200000, -3.069212
0.650000, 0.200000, -2.700718
0.700000, 0.200000, -2.287958
0.750000, 0.200000, -1.913843
0.800000, 0.200000, -1.650566
0.850000, 0.200000, -1.544719
0.900000, 0.200000, -1.608048
0.950000, 0.200000, -1.815801
1.000000, 0.200000, -2.112977
1.050000, 0.200000, -2.427085
1.100000, 0.200000, -2.684554
1.150000, 0.200000, -2.827226
1.200000, 0.200000, -2.825275
1.250000, 0.200000, -2.683738
1.300000, 0.200000, -2.441243
1.350000, 0.200000, -2.161190
1.400000, 0.200000, -1.917368
1.450000, 0.200000, -1.777139
1.500000, 0.200000, -1.785917
1.550000, 0.200000, -1.956369
1.600000, 0.200000, -2.264727
1.650000, 0.200000, -2.655085
1.700000, 0.200000, -3.050781
1.750000, 0.200000, -3.370431
1.800000, 0.200000, -3.545157
1.850000, 0.200000, -3.533281
1.900000, 0.200000, -3.329300
1.950000, 0.200000, -2.965194
2.000000, 0.200000, -2.503765
0.000000, 0.250000, -1.832213
0.050000, 0.250000, -1.643926
0.100000, 0.250000, -1.533568
0.150000, 0.250000, -1.555128
0.200000, 0.250000, -1.733060
0.250000, 0.250000, -2.056034
0.300000, 0.250000, -2.478571
0.350000, 0.250000, -2.930221
0.400000, 0.250000, -3.330341
0.450000, 0.250000, -3.605286
0.500000, 0.250000, -3.704270
0.550000, 0.250000, -3.610466
0.600000, 0.250000, -3.344914
0.650000, 0.250000, -2.962376
0.700000, 0.250000, -2.540015
0.750000, 0.250000, -2.161327
0.800000, 0.250000, -1.898799
0.850000, 0.250000, -1.799006
0.900000, 0.250000, -1.873370
0.950000, 0.250000, -2.096522
1.000000, 0.250000, -2.412588
1.050000, 0.250000, -2.747985
1.100000, 0.250000, -3.027908
1.150000, 0.250000, -3.192876
1.200000, 0.250000, -3.211727
1.250000, 0.250000, -3.088230
1.300000, 0.250000, -2.859868
1.350000, 0.250000, -2.589099
1.400000, 0.250000, -2.349009
1.450000, 0.250000, -2.206543
1.500000, 0.250000, -2.207010
1.550000, 0.250000, -2.363277
1.600000, 0.250000, -2.652082
1.650000, 0.250000, -3.018298
1.700000, 0.250000, -3.386270
1.750000, 0.250000, -3.675798
1.800000, 0.250000, -3.819296
1.850000, 0.250000, -3.776414
1.900000, 0.250000, -3.542944
1.950000, 0.250000, -3.152052
2.000000, 0.250000, -2.667556
0.000000, 0.300000, -2.151645
0.050000, 0.300000, -1.970240
0.100000, 0.300000, -1.861090
0.150000, 0.300000, -1.878260
0.200000, 0.300000, -2.046580
0.250000, 0.300000, -2.355387
0.300000, 0.300000, -2.760108
0.350000, 0.300000, -3.191396
0.400000, 0.300000, -3.569843
0.450000, 0.300000, -3.823098
0.500000, 0.300000, -3.901659
0.550000, 0.300000, -3.789898
0.600000, 0.300000, -3.509904
0.650000, 0.300000, -3.117276
0.700000, 0.300000, -2.689757
0.750000, 0.300000, -2.311130
0.800000, 0.300000, -2.053860
0.850000, 0.300000, -1.964194
0.900000, 0.300000, -2.052933
0.950000, 0.300000, -2.293827
1.000000, 0.300000, -2.629914
1.050000, 0.300000, -2.986371
1.100000, 0.300000, -3.287070
1.150000, 0.300000, -3.471194
1.200000, 0.300000, -3.506313
1.250000, 0.300000, -3.395054
1.300000, 0.300000, -3.173958
1.350000, 0.300000, -2.904784
1.400000, 0.300000, -2.660208
1.450000, 0.300000, -2.507072
1.500000, 0.300000, -2.490891
1.550000, 0.300000, -2.625046
1.600000, 0.300000, -2.887061
1.650000, 0.300000, -3.222824
1.700000, 0.300000, -3.557876
1.750000, 0.300000, -3.813315
1.800000, 0.300000, -3.922896
1.850000, 0.300000, -3.847578
1.900000, 0.300000, -3.584349
1.950000, 0.300000, -3.167404
2.000000, 0.300000, -2.661361
0.000000, 0.350000, -2.350670
0.050000, 0.350000, -2.170502
0.100000, 0.350000, -2.057009
0.150000, 0.350000, -2.064621
0.200000, 0.350000, -2.218821
0.250000, 0.350000, -2.509842
0.300000, 0.350000, -2.894202
0.350000, 0.350000, -3.303776
0.400000, 0.350000, -3.660439
0.450000, 0.350000, -3.893115
0.500000, 0.350000, -3.953491
0.550000, 0.350000, -3.826978
0.600000, 0.350000, -3.536495
0.650000, 0.350000, -3.138213
0.700000, 0.350000, -2.710154
0.750000, 0.350000, -2.336075
0.800000, 0.350000, -2.088107
0.850000, 0.350000, -2.011872
0.900000, 0.350000, -2.117289
0.950000, 0.350000, -2.377020
1.000000, 0.350000, -2.732859
1.050000, 0.350000, -3.108663
1.100000, 0.350000, -3.426972
1.150000, 0.350000, -3.625701
1.200000, 0.350000, -3.671286
1.250000, 0.350000, -3.565417
1.300000, 0.350000, -3.343944
1.350000, 0.350000, -3.068224
1.400000, 0.350000, -2.810837
1.450000, 0.350000, -2.638846
1.500000, 0.350000, -2.598292
1.550000, 0.350000, -2.703354
1.600000, 0.350000, -2.932587
1.650000, 0.350000, -3.233088
1.700000, 0.350000, -3.531713
1.750000, 0.350000, -3.750923
1.800000, 0.350000, -3.825794
1.850000, 0.350000, -3.718502
1.900000, 0.350000, -3.427086
1.950000, 0.350000, -2.986560
2.000000, 0.350000, -2.462092
0.000000, 0.400000, -2.418859
0.050000, 0.400000, -2.234388
0.100000, 0.400000, -2.111407
0.150000, 0.400000, -2.104982
0.200000, 0.400000, -2.241479
0.250000, 0.400000, -2.512208
0.300000, 0.400000, -2.874895
0.350000, 0.400000, -3.262685
0.400000, 0.400000, -3.598716
0.450000, 0.400000, -3.813088
0.500000, 0.400000, -3.858517
0.550000, 0.400000, -3.721234
0.600000, 0.400000, -3.424721
0.650000, 0.400000, -3.025421
0.700000, 0.400000, -2.601324
0.750000, 0.400000, -2.235849
0.800000, 0.400000, -2.000498
0.850000, 0.400000, -1.940011
0.900000, 0.400000, -2.063216
0.950000, 0.400000, -2.341535
1.000000, 0.400000, -2.715445
1.050000, 0.400000, -3.107477
1.100000, 0.400000, -3.438907
1.150000, 0.400000, -3.646529
1.200000, 0.400000, -3.695847
1.250000, 0.400000, -3.587875
1.300000, 0.400000, -3.358073
1.350000, 0.400000, -3.067720
1.400000, 0.400000, -2.789631
1.450000, 0.400000, -2.591413
1.500000, 0.400000, -2.519924
1.550000, 0.400000, -2.590395
1.600000, 0.400000, -2.782612
1.650000, 0.400000, -3.045010
1.700000, 0.400000, -3.305830
1.750000, 0.400000, -3.488876
1.800000, 0.400000, -3.530471
1.850000, 0.400000, -3.393863
1.900000, 0.400000, -3.077935
1.950000, 0.400000, -2.618278
2.000000, 0.400000, -2.080338
0.000000, 0.450000, -2.374018
0.050000, 0.450000, -2.180114
0.100000, 0.450000, -2.043191
0.150000, 0.450000, -2.019183
0.200000, 0.450000, -2.135515
0.250000, 0.450000, -2.384687
0.300000, 0.450000, -2.725684
0.350000, 0.450000, -3.092895
0.400000, 0.450000, -3.410622
0.450000, 0.450000, -3.609981
0.500000, 0.450000, -3.644495
0.550000, 0.450000, -3.500949
0.600000, 0.450000, -3.203088
0.650000, 0.450000, -2.807317
0.700000, 0.450000, -2.391281
0.750000, 0.450000, -2.037769
0.800000, 0.450000, -1.817398
0.850000, 0.450000, -1.773820
0.900000, 0.450000, -1.914627
0.950000, 0.450000, -2.209928
1.000000, 0.450000, -2.598882
1.050000, 0.450000, -3.002767
1.100000, 0.450000, -3.341749
1.150000, 0.450000, -3.551706
1.200000, 0.450000, -3.597481
1.250000, 0.450000, -3.479717
1.300000, 0.450000, -3.233815
1.350000, 0.450000, -2.921312
1.400000, 0.450000, -2.615589
1.450000, 0.450000, -2.385096
1.500000, 0.450000, -2.277768
1.550000, 0.450000, -2.310093
1.600000, 0.450000, -2.463222
1.650000, 0.450000, -2.687004
1.700000, 0.450000, -2.911053
1.750000, 0.450000, -3.060445
1.800000, 0.450000, -3.072603
1.850000, 0.450000, -2.911647
1.900000, 0.450000, -2.577064
1.950000, 0.450000, -2.104747
2.000000, 0.450000, -1.560134
0.000000, 0.500000, -2.257408
0.050000, 0.500000, -2.049632
0.100000, 0.500000, -1.895251
0.150000, 0.500000, -1.851237
0.200000, 0.500000, -1.946191
0.250000, 0.500000, -2.173849
0.300000, 0.500000, -2.494422
0.350000, 0.500000, -2.843449
0.400000, 0.500000, -3.146229
0.450000, 0.500000, -3.334673
0.500000, 0.500000, -3.362845
0.550000, 0.500000, -3.217782
0.600000, 0.500000, -2.923183
0.650000, 0.500000, -2.535103
0.700000, 0.500000, -2.130553
0.750000, 0.500000, -1.791436
0.800000, 0.500000, -1.587284
0.850000, 0.500000, -1.560515
0.900000, 0.500000, -1.717418
0.950000, 0.500000, -2.026793
1.000000, 0.500000, -2.426559
1.050000, 0.500000, -2.836900
1.100000, 0.500000, -3.177083
1.150000, 0.500000, -3.382346
1.200000, 0.500000, -3.417184
1.250000, 0.500000, -3.282205
1.300000, 0.500000, -3.013096
1.350000, 0.500000, -2.671984
1.400000, 0.500000, -2.333127
1.450000, 0.500000, -2.066079
1.500000, 0.500000, -1.920062
1.550000, 0.500000, -1.912963
1.600000, 0.500000, -2.027375
1.650000, 0.500000, -2.214551
1.700000, 0.500000, -2.405405
1.750000, 0.500000, -2.526142
1.800000, 0.500000, -2.515084
1.850000, 0.500000, -2.336979
1.900000, 0.500000, -1.991638
1.950000, 0.500000, -1.514962
2.000000, 0.500000, -0.972093
0.000000, 0.550000, -2.123909
0.050000, 0.550000, -1.898763
0.100000, 0.550000, -1.724536
0.150000, 0.550000, -1.659352
0.200000, 0.550000, -1.733026
0.250000, 0.550000, -1.940503
0.300000, 0.550000, -2.243119
0.350000, 0.550000, -2.577394
0.400000, 0.550000, -2.869405
0.450000, 0.550000, -3.051585
0.500000, 0.550000, -3.078240
0.550000, 0.550000, -2.936350
0.600000, 0.550000, -2.649255
0.650000, 0.550000, -2.272371
0.700000, 0.550000, -1.881824
0.750000, 0.550000, -1.558430
0.800000, 0.550000, -1.370495
0.850000, 0.550000, -1.359141
0.900000, 0.550000, -1.529360
0.950000, 0.550000, -1.848728
1.000000, 0.550000, -2.254087
1.050000, 0.550000, -2.664744
1.100000, 0.550000, -2.999352
1.150000, 0.550000, -3.192823
1.200000, 0.550000, -3.209649
1.250000, 0.550000, -3.050752
1.300000, 0.550000, -2.752443
1.350000, 0.550000, -2.377757
1.400000, 0.550000, -2.002089
1.450000, 0.550000, -1.696314
1.500000, 0.550000, -1.511087
1.550000, 0.550000, -1.465765
1.600000, 0.550000, -1.544377
1.650000, 0.550000, -1.699504
1.700000, 0.550000, -1.863214
1.750000, 0.550000, -1.962635
1.800000, 0.550000, -1.936732
1.850000, 0.550000, -1.750594
1.900000, 0.550000, -1.404052
1.950000, 0.550000, -0.932714
2.000000, 0.550000, -0.401134
0.000000, 0.600000, -2.029343
0.050000, 0.600000, -1.784460
0.100000, 0.600000, -1.589258
0.150000, 0.600000, -1.503056
0.200000, 0.600000, -1.556849
0.250000, 0.600000, -1.746685
0.300000, 0.600000, -2.034860
0.350000, 0.600000, -2.358646
0.400000, 0.600000, -2.644626
0.450000, 0.600000, -2.825458
0.500000, 0.600000, -2.855376
0.550000, 0.600000, -2.720990
0.600000, 0.600000, -2.444994
0.650000, 0.600000, -2.081916
0.700000, 0.600000, -1.706794
0.750000, 0.600000, -1.399225
0.800000, 0.600000, -1.226225
0.850000, 0.600000, -1.227634
0.900000, 0.600000, -1.407235
0.950000, 0.600000, -1.731547
1.000000, 0.600000, -2.136560
1.050000, 0.600000, -2.540992
1.100000, 0.600000, -2.863201
1.150000, 0.600000, -3.038128
1.200000, 0.600000, -3.030611
1.250000, 0.600000, -2.842232
1.300000, 0.600000, -2.510244
1.350000, 0.600000, -2.098856
1.400000, 0.600000, -1.684817
1.450000, 0.600000, -1.340468
1.500000, 0.600000, -1.117964
1.550000, 0.600000, -1.038127
1.600000, 0.600000, -1.086340
1.650000, 0.600000, -1.216358
1.700000, 0.600000, -1.361185
1.750000, 0.600000, -1.448607
1.800000, 0.600000, -1.417933
1.850000, 0.600000, -1.234271
1.900000, 0.600000, -0.897149
1.950000, 0.600000, -0.441575
2.000000, 0.600000, 0.068762
0.000000, 0.650000, -2.017734
0.050000, 0.650000, -1.752007
0.100000, 0.650000, -1.536025
0.150000, 0.650000, -1.430261
0.200000, 0.650000, -1.466786
0.250000, 0.650000, -1.642579
0.300000, 0.650000, -1.920664
0.350000, 0.650000, -2.238795
0.400000, 0.650000, -2.523758
0.450000, 0.650000, -2.708119
0.500000, 0.650000, -2.745727
0.550000, 0.650000, -2.622538
0.600000, 0.650000, -2.360347
0.650000, 0.650000, -2.012595
0.700000, 0.650000, -1.653102
0.750000, 0.650000, -1.360185
0.800000, 0.650000, -1.199586
0.850000, 0.650000, -1.209957
0.900000, 0.650000, -1.394043
0.950000, 0.650000, -1.717537
1.000000, 0.650000, -2.115869
1.050000, 0.650000, -2.507493
1.100000, 0.650000, -2.810830
1.150000, 0.650000, -2.961205
1.200000, 0.650000, -2.924152
1.250000, 0.650000, -2.702232
1.300000, 0.650000, -2.333907
1.350000, 0.650000, -1.884777
1.400000, 0.650000, -1.433087
1.450000, 0.650000, -1.052709
1.500000, 0.650000, -0.797288
1.550000, 0.650000, -0.689020
1.600000, 0.650000, -0.714474
1.650000, 0.650000, -0.828351
1.700000, 0.650000, -0.964315
1.750000, 0.650000, -1.050485
1.800000, 0.650000, -1.026178
1.850000, 0.650000, -0.856176
1.900000, 0.650000, -0.539376
1.950000, 0.650000, -0.109880
2.000000, 0.650000, 0.369748
0.000000, 0.700000, -2.111323
0.050000, 0.700000, -1.824969
0.100000, 0.700000, -1.589709
0.150000, 0.700000, -1.467060
0.200000, 0.700000, -1.489994
0.250000, 0.700000, -1.656186
0.300000, 0.700000, -1.929113
0.350000, 0.700000, -2.246704
0.400000, 0.700000, -2.535629
0.450000, 0.700000, -2.728051
0.500000, 0.700000, -2.777145
0.550000, 0.700000, -2.667958
0.600000, 0.700000, -2.421193
0.650000, 0.700000, -2.089070
0.700000, 0.700000, -1.744135
0.750000, 0.700000, -1.463441
0.800000, 0.700000, -1.311559
0.850000, 0.700000, -1.326123
0.900000, 0.700000, -1.509079
0.950000, 0.700000, -1.825588
1.000000, 0.700000, -2.210853
1.050000, 0.700000, -2.583425
1.100000, 0.700000, -2.862147
1.150000, 0.700000, -2.983079
1.200000, 0.700000, -2.912771
1.250000, 0.700000, -2.655033
1.300000, 0.700000, -2.249751
1.350000, 0.700000, -1.764052
1.400000, 0.700000, -1.277741
1.450000, 0.700000, -0.866199
1.500000, 0.700000, -0.584459
1.550000, 0.700000, -0.455912
1.600000, 0.700000, -0.468072
1.650000, 0.700000, -0.576289
1.700000, 0.700000, -0.714543
1.750000, 0.700000, -0.810932
1.800000, 0.700000, -0.804409
1.850000, 0.700000, -0.659077
1.900000, 0.700000, -0.372871
1.950000, 0.700000, 0.021297
2.000000, 0.700000, 0.462221
0.000000, 0.750000, -2.305547
0.050000, 0.750000, -2.000095
0.100000, 0.750000, -1.748282
0.150000, 0.750000, -1.612493
0.200000, 0.750000, -1.626361
0.250000, 0.750000, -1.787981
0.300000, 0.750000, -2.060968
0.350000, 0.750000, -2.383107
0.400000, 0.750000, -2.680636
0.450000, 0.750000, -2.885021
0.500000, 0.750000, -2.948511
0.550000, 0.750000, -2.855046
0.600000, 0.750000, -2.624106
0.650000, 0.750000, -2.306635
0.700000, 0.750000, -1.973923
0.750000, 0.750000, -1.701865
0.800000, 0.750000, -1.554035
0.850000, 0.750000, -1.567292
0.900000, 0.750000, -1.743082
0.950000, 0.750000, -2.046372
1.000000, 0.750000, -2.412498
1.050000, 0.750000, -2.760476
1.100000, 0.750000, -3.009922
1.150000, 0.750000, -3.097952
1.200000, 0.750000, -2.992404
1.250000, 0.750000, -2.698545
1.300000, 0.750000, -2.257820
1.350000, 0.750000, -1.738940
1.400000, 0.750000, -1.223235
1.450000, 0.750000, -0.787485
1.500000, 0.750000, -0.487919
1.550000, 0.750000, -0.348863
1.600000, 0.750000, -0.358459
1.650000, 0.750000, -0.472344
1.700000, 0.750000, -0.624435
1.750000, 0.750000, -0.742416
1.800000, 0.750000, -0.764496
1.850000, 0.750000, -0.653745
1.900000, 0.750000, -0.406827
1.950000, 0.750000, -0.055207
2.000000, 0.750000, 0.341461
0.000000, 0.800000, -2.570064
0.050000, 0.800000, -2.248268
0.100000, 0.800000, -1.983701
0.150000, 0.800000, -1.839372
0.200000, 0.800000, -1.849294
0.250000, 0.800000, -2.011661
0.300000, 0.800000, -2.289908
0.350000, 0.800000, -2.621349
0.400000, 0.800000, -2.931495
0.450000, 0.800000, -3.150860
0.500000, 0.800000, -3.230567
0.550000, 0.800000, -3.153321
0.600000, 0.800000, -2.937316
0.650000, 0.800000, -2.632246
0.700000, 0.800000, -2.308251
0.750000, 0.800000, -2.040245
0.800000, 0.800000, -1.891051
0.850000, 0.800000, -1.897057
0.900000, 0.800000, -2.059549
0.950000, 0.800000, -2.343668
1.000000, 0.800000, -2.685252
1.050000, 0.800000, -3.004134
1.100000, 0.800000, -3.221027
1.150000, 0.800000, -3.274373
1.200000, 0.800000, -3.133504
1.250000, 0.800000, -2.805275
1.300000, 0.800000, -2.332737
1.350000, 0.800000, -1.786141
1.400000, 0.800000, -1.248223
1.450000, 0.800000, -0.796950
1.500000, 0.800000, -0.489472
1.550000, 0.800000, -0.350713
1.600000, 0.800000, -0.369062
1.650000, 0.800000, -0.500040
1.700000, 0.800000, -0.677085
1.750000, 0.800000, -0.827063
1.800000, 0.800000, -0.887066
1.850000, 0.800000, -0.818799
1.900000, 0.800000, -0.617378
1.950000, 0.800000, -0.312616
2.000000, 0.800000, 0.037520
0.000000, 0.850000, -2.855620
0.050000, 0.850000, -2.521307
0.100000, 0.850000, -2.248643
0.150000, 0.850000, -2.100973
0.200000, 0.850000, -2.112366
0.250000, 0.850000, -2.280787
0.300000, 0.850000, -2.569160
0.350000, 0.850000, -2.914033
0.400000, 0.850000, -3.239926
0.450000, 0.850000, -3.476200
0.500000, 0.850000, -3.572718
0.550000, 0.850000, -3.510886
0.600000, 0.850000, -3.307644
0.650000, 0.850000, -3.011536
0.700000, 0.850000, -2.691734
0.750000, 0.850000, -2.422420
0.800000, 0.850000, -2.265975
0.850000, 0.850000, -2.258660
0.900000, 0.850000, -2.401972
0.950000, 0.850000, -2.661596
1.000000, 0.850000, -2.974231
1.050000, 0.850000, -3.260848
1.100000, 0.850000, -3.443529
1.150000, 0.850000, -3.462246
1.200000, 0.850000, -3.287949
1.250000, 0.850000, -2.929120
1.300000, 0.850000, -2.430368
1.350000, 0.850000, -1.863347
1.400000, 0.850000, -1.311972
1.450000, 0.850000, -0.855110
1.500000, 0.850000, -0.550470
1.550000, 0.850000, -0.423177
1.600000, 0.850000, -0.461441
1.650000, 0.850000, -0.620230
1.700000, 0.850000, -0.832078
1.750000, 0.850000, -1.022640
1.800000, 0.850000, -1.127543
1.850000, 0.850000, -1.106838
1.900000, 0.850000, -0.953878
1.950000, 0.850000, -0.696683
2.000000, 0.850000, -0.391476
0.000000, 0.900000, -3.105235
0.050000, 0.900000, -2.763094
0.100000, 0.900000, -2.487591
0.150000, 0.900000, -2.342080
0.200000, 0.900000, -2.360351
0.250000, 0.900000, -2.539808
0.300000, 0.900000, -2.842556
0.350000, 0.900000, -3.204107
0.400000, 0.900000, -3.547788
0.450000, 0.900000, -3.801664
0.500000, 0.900000, -3.914277
0.550000, 0.900000, -3.865761
0.600000, 0.900000, -3.671901
0.650000, 0.900000, -3.380278
0.700000, 0.900000, -3.059346
0.750000, 0.900000, -2.782866
0.800000, 0.900000, -2.613124
0.850000, 0.900000, -2.586628
0.900000, 0.900000, -2.705463
0.950000, 0.900000, -2.936218
1.000000, 0.900000, -3.216779
1.050000, 0.900000, -3.469525
1.100000, 0.900000, -3.618107
1.150000, 0.900000, -3.604148
1.200000, 0.900000, -3.400251
1.250000, 0.900000, -3.016468
1.300000, 0.900000, -2.498811
1.350000, 0.900000, -1.920105
1.400000, 0.900000, -1.365134
1.450000, 0.900000, -0.913287
1.500000, 0.900000, -0.622417
1.550000, 0.900000, -0.517401
1.600000, 0.900000, -0.585816
1.650000, 0.900000, -0.781634
1.700000, 0.900000, -1.036077
1.750000, 0.900000, -1.273229
1.800000, 0.900000, -1.426952
1.850000, 0.900000, -1.455426
1.900000, 0.900000, -1.350108
1.950000, 0.900000, -1.137173
2.000000, 0.900000, -0.871150
0.000000, 0.950000, -3.267243
0.050000, 0.950000, -2.922566
0.100000, 0.950000, -2.649789
0.150000, 0.950000, -2.511934
0.200000, 0.950000, -2.542171
0.250000, 0.950000, -2.737027
0.300000, 0.950000, -3.057517
0.350000, 0.950000, -3.437904
0.400000, 0.950000, -3.800174
0.450000, 0.950000, -4.071032
0.500000, 0.950000, -4.197719
0.550000, 0.950000, -4.159197
0.600000, 0.950000, -3.970280
0.650000, 0.950000, -3.677839
0.700000, 0.950000, -3.349922
0.750000, 0.950000, -3.060224
0.800000, 0.950000, -2.871310
0.850000, 0.950000, -2.820319
0.900000, 0.950000, -2.910286
0.950000, 0.950000, -3.109032
1.000000, 0.950000, -3.355898
1.050000, 0.950000, -3.574878
1.100000, 0.950000, -3.691308
1.150000, 0.950000, -3.648491
1.200000, 0.950000, -3.420616
1.250000, 0.950000, -3.019141
1.300000, 0.950000, -2.491237
1.350000, 0.950000, -1.910572
1.400000, 0.950000, -1.362409
1.450000, 0.950000, -0.926221
1.500000, 0.950000, -0.659543
1.550000, 0.950000, -0.586530
1.600000, 0.950000, -0.693668
1.650000, 0.950000, -0.933513
1.700000, 0.950000, -1.235607
1.750000, 0.950000, -1.522159
1.800000, 0.950000, -1.725056
1.850000, 0.950000, -1.800479
1.900000, 0.950000, -1.737958
1.950000, 0.950000, -1.561900
2.000000, 0.950000, -1.325293
0.000000, 1.000000, -3.307324
0.050000, 1.000000, -2.965712
0.100000, 1.000000, -2.701224
0.150000, 1.000000, -2.576205
0.200000, 1.000000, -2.622883
0.250000, 1.000000, -2.836628
0.300000, 1.000000, -3.177139
0.350000, 1.000000, -3.577278
0.400000, 1.000000, -3.957619
0.450000, 1.000000, -4.243521
0.500000, 1.000000, -4.381021
0.550000, 1.000000, -4.348091
0.600000, 1.000000, -4.158829
0.650000, 1.000000, -3.859706
0.700000, 1.000000, -3.518723
0.750000, 1.000000, -3.209886
0.800000, 1.000000, -2.996430
0.850000, 1.000000, -2.916490
0.900000, 1.000000, -2.974381
0.950000, 1.000000, -3.139433
1.000000, 1.000000, -3.352646
1.050000, 1.000000, -3.539742
1.100000, 1.000000, -3.627770
1.150000, 1.000000, -3.561639
1.200000, 1.000000, -3.316951
1.250000, 1.000000, -2.906317
1.300000, 1.000000, -2.377724
1.350000, 1.000000, -1.805275
1.400000, 1.000000, -1.274263
1.450000, 1.000000, -0.863763
1.500000, 1.000000, -0.630503
1.550000, 1.000000, -0.597450
1.600000, 1.000000, -0.749566
1.650000, 1.000000, -1.037618
1.700000, 1.000000, -1.389168
1.750000, 1.000000, -1.724344
1.800000, 1.000000, -1.972946
1.850000, 1.000000, -2.089152
1.900000, 1.000000, -2.060668
1.950000, 1.000000, -1.910332
2.000000, 1.000000, -1.689893
0.000000, 1.050000, -3.216846
0.050000, 1.050000, -2.883899
0.100000, 1.050000, -2.632952
0.150000, 1.050000, -2.525340
0.200000, 1.050000, -2.592062
0.250000, 1.050000, -2.827098
0.300000, 1.050000, -3.188668
0.350000, 1.050000, -3.608155
0.400000, 1.050000, -4.004723
0.450000, 1.050000, -4.302479
0.500000, 1.050000, -4.446434
0.550000, 1.050000, -4.413820
0.600000, 1.050000, -4.218333
0.650000, 1.050000, -3.906403
0.700000, 1.050000, -3.546367
0.750000, 1.050000, -3.212935
0.800000, 1.050000, -2.970384
0.850000, 1.050000, -2.858179
0.900000, 1.050000, -2.882200
0.950000, 1.050000, -3.013485
1.000000, 1.050000, -3.194814
1.050000, 1.050000, -3.353661
1.100000, 1.050000, -3.418710
1.150000, 1.050000, -3.336300
1.200000, 1.050000, -3.083180
1.250000, 1.050000, -2.672758
1.300000, 1.050000, -2.153420
1.350000, 1.050000, -1.599239
1.400000, 1.050000, -1.095038
1.450000, 1.050000, -0.718999
1.500000, 1.050000, -0.526561
1.550000, 1.050000, -0.539063
1.600000, 1.050000, -0.739570
1.650000, 1.050000, -1.076762
1.700000, 1.050000, -1.476026
1.750000, 1.050000, -1.855319
1.800000, 1.050000, -2.142374
1.850000, 1.050000, -2.289506
1.900000, 1.050000, -2.282842
1.950000, 1.050000, -2.144003
2.000000, 1.050000, -1.923933
0.000000, 1.100000, -3.015656
0.050000, 1.100000, -2.696666
0.100000, 1.100000, -2.463905
0.150000, 1.100000, -2.377405
0.200000, 1.100000, -2.466692
0.250000, 1.100000, -2.724181
0.300000, 1.100000, -3.106527
0.350000, 1.100000, -3.543623
0.400000, 1.100000, -3.953313
0.450000, 1.100000, -4.258621
0.500000, 1.100000, -4.403777
0.550000, 1.100000, -4.365587
0.600000, 1.100000, -4.157702
0.650000, 1.100000, -3.826900
0.700000, 1.100000, -3.442249
0.750000, 1.100000, -3.079541
0.800000, 1.100000, -2.804437
0.850000, 1.100000, -2.658020
0.900000, 1.100000, -2.647941
0.950000, 1.100000, -2.747075
1.000000, 1.100000, -2.900002
1.050000, 1.100000, -3.035869
1.100000, 1.100000, -3.084818
1.150000, 1.100000, -2.994339
1.200000, 1.100000, -2.741970
1.250000, 1.100000, -2.341484
1.300000, 1.100000, -1.841185
1.350000, 1.100000, -1.314610
1.400000, 1.100000, -0.845602
1.450000, 1.100000, -0.510958
1.500000, 1.100000, -0.364384
1.550000, 1.100000, -0.425215
1.600000, 1.100000, -0.674328
1.650000, 1.100000, -1.058134
1.700000, 1.100000, -1.499773
1.750000, 1.100000, -1.915084
1.800000, 1.100000, -2.229908
1.850000, 1.100000, -2.394989
1.900000, 1.100000, -2.395277
1.950000, 1.100000, -2.251669
2.000000, 1.100000, -2.014878
0.000000, 1.150000, -2.748670
0.050000, 1.150000, -2.448323
0.100000, 1.150000, -2.237531
0.150000, 1.150000, -2.174768
0.200000, 1.150000, -2.287904
0.250000, 1.150000, -2.567689
0.300000, 1.150000, -2.969192
0.350000, 1.150000, -3.420893
0.400000, 1.150000, -3.839475
0.450000, 1.150000, -4.147117
0.500000, 1.150000, -4.287580
0.550000, 1.150000, -4.237599
0.600000, 1.150000, -4.011169
0.650000, 1.150000, -3.655815
0.700000, 1.150000, -3.241721
0.750000, 1.150000, -2.846111
0.800000, 1.150000, -2.536323
0.850000, 1.150000, -2.355277
0.900000, 1.150000, -2.312523
0.950000, 1.150000, -2.382799
1.000000, 1.150000, -2.512411
1.050000, 1.150000, -2.632000
1.100000, 1.150000, -2.672880
1.150000, 1.150000, -2.583330
1.200000, 1.150000, -2.341233
1.250000, 1.150000, -1.960239
1.300000, 1.150000, -1.488052
1.350000, 1.150000, -0.997148
1.400000, 1.150000, -0.569892
1.450000, 1.150000, -0.281246
1.500000, 1.150000, -0.182808
1.550000, 1.150000, -0.291623
1.600000, 1.150000, -0.586210
1.650000, 1.150000, -1.010663
1.700000, 1.150000, -1.485954
1.750000, 1.150000, -1.926015
1.800000, 1.150000, -2.255136
1.850000, 1.150000, -2.422939
1.900000, 1.150000, -2.413749
1.950000, 1.150000, -2.248366
2.000000, 1.150000, -1.977952
0.000000, 1.200000, -2.476942
0.050000, 1.200000, -2.199064
0.100000, 1.200000, -2.012946
0.150000, 1.200000, -1.975314
0.200000, 1.200000, -2.112264
0.250000, 1.200000, -2.412852
0.300000, 1.200000, -2.830622
0.350000, 1.200000, -3.292790
0.400000, 1.200000, -3.715105
0.450000, 1.200000, -4.019204
0.500000, 1.200000, -4.148730
0.550000, 1.200000, -4.080737
0.600000, 1.200000, -3.829963
0.650000, 1.200000, -3.445074
0.700000, 1.200000, -2.997725
0.750000, 1.200000, -2.566875
0.800000, 1.200000, -2.221766
0.850000, 1.200000, -2.007292
0.900000, 1.200000, -1.934938
0.950000, 1.200000, -1.981235
1.000000, 1.200000, -2.094035
1.050000, 1.200000, -2.205192
1.100000, 1.200000, -2.246822
1.150000, 1.200000, -2.167545
1.200000, 1.200000, -1.945089
1.250000, 1.200000, -1.592452
1.300000, 1.200000, -1.156204
1.350000, 1.200000, -0.707256
1.400000, 1.200000, -0.326036
1.450000, 1.200000, -0.085295
1.500000, 1.200000, -0.034242
1.550000, 1.200000, -0.187476
1.600000, 1.200000, -0.521126
1.650000, 1.200000, -0.977077
1.700000, 1.200000, -1.474382
1.750000, 1.200000, -1.925446
1.800000, 1.200000, -2.253506
1.850000, 1.200000, -2.407665
1.900000, 1.200000, -2.372301
1.950000, 1.200000, -2.168848
2.000000, 1.200000, -1.849663
0.000000, 1.250000, -2.265120
0.050000, 1.250000, -2.012461
0.100000, 1.250000, -1.852494
0.150000, 1.250000, -1.840069
0.200000, 1.250000, -1.999469
0.250000, 1.250000, -2.318095
0.300000, 1.250000, -2.748103
0.350000, 1.250000, -3.215661
0.400000, 1.250000, -3.635873
0.450000, 1.250000, -3.930181
0.500000, 1.250000, -4.042491
0.550000, 1.250000, -3.950580
0.600000, 1.250000, -3.670326
0.650000, 1.250000, -3.251894
0.700000, 1.250000, -2.768727
0.750000, 1.250000, -2.301756
0.800000, 1.250000, -1.922277
0.850000, 1.250000, -1.677204
0.900000, 1.250000, -1.579895
0.950000, 1.250000, -1.608501
1.000000, 1.250000, -1.712142
1.050000, 1.250000, -1.823511
1.100000, 1.250000, -1.875076
1.150000, 1.250000, -1.815291
1.200000, 1.250000, -1.621192
1.250000, 1.250000, -1.304581
1.300000, 1.250000, -0.910379
1.350000, 1.250000, -0.507466
1.400000, 1.250000, -0.173957
1.450000, 1.250000, 0.019887
1.500000, 1.250000, 0.027396
1.550000, 1.250000, -0.163569
1.600000, 1.250000, -0.526882
1.650000, 1.250000, -1.002498
1.700000, 1.250000, -1.507970
1.750000, 1.250000, -1.954719
1.800000, 1.250000, -2.265575
1.850000, 1.250000, -2.389850
1.900000, 1.250000, -2.312746
1.950000, 1.250000, -2.057113
2.000000, 1.250000, -1.677264
0.000000, 1.300000, -2.167974
0.050000, 1.300000, -1.942060
0.100000, 1.300000, -1.808408
0.150000, 1.300000, -1.819940
0.200000, 1.300000, -1.999151
0.250000, 1.300000, -2.331911
0.300000, 1.300000, -2.769186
0.350000, 1.300000, -3.236366
0.400000, 1.300000, -3.648250
0.450000, 1.300000, -3.926457
0.500000, 1.300000, -4.015560
0.550000, 1.300000, -3.894450
0.600000, 1.300000, -3.580516
0.650000, 1.300000, -3.125747
0.700000, 1.300000, -2.605623
0.750000, 1.300000, -2.103210
0.800000, 1.300000, -1.691917
0.850000, 1.300000, -1.420629
0.900000, 1.300000, -1.304416
0.950000, 1.300000, -1.322775
1.000000, 1.300000, -1.425727
1.050000, 1.300000, -1.546350
1.100000, 1.300000, -1.616956
1.150000, 1.300000, -1.585282
1.200000, 1.300000, -1.427123
1.250000, 1.300000, -1.152557
1.300000, 1.300000, -0.804387
1.350000, 1.300000, -0.449075
1.400000, 1.300000, -0.162145
1.450000, 1.300000, -0.011224
1.500000, 1.300000, -0.040443
1.550000, 1.300000, -0.259634
1.600000, 1.300000, -0.640724
1.650000, 1.300000, -1.122190
1.700000, 1.300000, -1.620667
1.750000, 1.300000, -2.047282
1.800000, 1.300000, -2.325225
1.850000, 1.300000, -2.404823
1.900000, 1.300000, -2.272912
1.950000, 1.300000, -1.954535
2.000000, 1.300000, -1.506655
0.000000, 1.350000, -2.218913
0.050000, 1.350000, -2.019956
0.100000, 1.350000, -1.911458
0.150000, 1.350000, -1.944427
0.200000, 1.350000, -2.139674
0.250000, 1.350000, -2.481718
0.300000, 1.350000, -2.920588
0.350000, 1.350000, -3.381222
0.400000, 1.350000, -3.778472
0.450000, 1.350000, -4.034529
0.500000, 1.350000, -4.095024
0.550000, 1.350000, -3.940339
0.600000, 1.350000, -3.589703
0.650000, 1.350000, -3.097192
0.700000, 1.350000, -2.540500
0.750000, 1.350000, -2.004905
0.800000, 1.350000, -1.565897
0.850000, 1.350000, -1.274184
0.900000, 1.350000, -1.146285
0.950000, 1.350000, -1.162685
1.000000, 1.350000, -1.273854
1.050000, 1.350000, -1.412744
1.100000, 1.350000, -1.510956
1.150000, 1.350000, -1.514954
1.200000, 1.350000, -1.398750
1.250000, 1.350000, -1.170220
1.300000, 1.350000, -0.869651
1.350000, 1.350000, -0.560808
1.400000, 1.350000, -0.316478
1.450000, 1.350000, -0.201663
1.500000, 1.350000, -0.258123
1.550000, 1.350000, -0.493714
1.600000, 1.350000, -0.878895
1.650000, 1.350000, -1.351282
1.700000, 1.350000, -1.827319
1.750000, 1.350000, -2.218639
1.800000, 1.350000, -2.449629
1.850000, 1.350000, -2.472466
1.900000, 1.350000, -2.276406
1.950000, 1.350000, -1.889372
2.000000, 1.350000, -1.371531
0.000000, 1.400000, -2.422943
0.050000, 1.400000, -2.249833
0.100000, 1.400000, -2.164062
0.150000, 1.400000, -2.214813
0.200000, 1.400000, -2.421375
0.250000, 1.400000, -2.767150
0.300000, 1.400000, -3.201535
0.350000, 1.400000, -3.649358
0.400000, 1.400000, -4.025907
0.450000, 1.400000, -4.254330
0.500000, 1.400000, -4.281690
0.550000, 1.400000, -4.090194
0.600000, 1.400000, -3.701187
0.650000, 1.400000, -3.171026
0.700000, 1.400000, -2.579712
0.750000, 1.400000, -2.014724
0.800000, 1.400000, -1.553502
0.850000, 1.400000, -1.248333
0.900000, 1.400000, -1.116838
0.950000, 1.400000, -1.140046
1.000000, 1.400000, -1.268364
1.050000, 1.400000, -1.434067
1.100000, 1.400000, -1.567471
1.150000, 1.400000, -1.613221
1.200000, 1.400000, -1.543053
1.250000, 1.400000, -1.362234
1.300000, 1.400000, -1.108244
1.350000, 1.400000, -0.842002
1.400000, 1.400000, -0.633567
1.450000, 1.400000, -0.545492
1.500000, 1.400000, -0.617515
1.550000, 1.400000, -0.856016
1.600000, 1.400000, -1.230635
1.650000, 1.400000, -1.678882
1.700000, 1.400000, -2.117840
1.750000, 1.400000, -2.460514
1.800000, 1.400000, -2.633343
1.850000, 1.400000, -2.591142
1.900000, 1.400000, -2.326265
1.950000, 1.400000, -1.870044
2.000000, 1.400000, -1.286186
0.000000, 1.450000, -2.755619
0.050000, 1.450000, -2.605981
0.100000, 1.450000, -2.539379
0.150000, 1.450000, -2.603313
0.200000, 1.450000, -2.815767
0.250000, 1.450000, -3.159307
0.300000, 1.450000, -3.583020
0.350000, 1.450000, -4.011989
0.400000, 1.450000, -4.362311
0.450000, 1.450000, -4.558459
0.500000, 1.450000, -4.549264
0.550000, 1.450000, -4.319041
0.600000, 1.450000, -3.891460
0.650000, 1.450000, -3.325270
0.700000, 1.450000, -2.702792
0.750000, 1.450000, -2.113596
0.800000, 1.450000, -1.636852
0.850000, 1.450000, -1.326092
0.900000, 1.450000, -1.199613
0.950000, 1.450000, -1.238480
1.000000, 1.450000, -1.392487
1.050000, 1.450000, -1.592650
1.100000, 1.450000, -1.767449
1.150000, 1.450000, -1.859198
1.200000, 1.450000, -1.836934
1.250000, 1.450000, -1.703012
1.300000, 1.450000, -1.491944
1.350000, 1.450000, -1.261808
1.400000, 1.450000, -1.080114
1.450000, 1.450000, -1.007321
1.500000, 1.450000, -1.081662
1.550000, 1.450000, -1.308713
1.600000, 1.450000, -1.658075
1.650000, 1.450000, -2.068010
1.700000, 1.450000, -2.457133
1.750000, 1.450000, -2.740687
1.800000, 1.450000, -2.847960
1.850000, 1.450000, -2.737073
1.900000, 1.450000, -2.403980
1.950000, 1.450000, -1.883704
2.000000, 1.450000, -1.243532
0.000000, 1.500000, -3.168190
0.050000, 1.500000, -3.038520
0.100000, 1.500000, -2.986585
0.150000, 1.500000, -3.058404
0.200000, 1.500000, -3.270913
0.250000, 1.500000, -3.606140
0.300000, 1.500000, -4.013206
0.350000, 1.500000, -4.417802
0.400000, 1.500000, -4.737188
0.450000, 1.500000, -4.897497
0.500000, 1.500000, -4.849613
0.550000, 1.500000, -4.580181
0.600000, 1.500000, -4.115322
0.650000, 1.500000, -3.516216
0.700000, 1.500000, -2.867418
0.750000, 1.500000, -2.260396
0.800000, 1.500000, -1.775740
0.850000, 1.500000, -1.467819
0.900000, 1.500000, -1.355110
0.950000, 1.500000, -1.418168
1.000000, 1.500000, -1.605593
1.050000, 1.500000, -1.846579
1.100000, 1.500000, -2.067242
1.150000, 1.500000, -2.207126
1.200000, 1.500000, -2.232248
1.250000, 1.500000, -2.141869
1.300000, 1.500000, -1.967530
1.350000, 1.500000, -1.764635
1.400000, 1.500000, -1.598504
1.450000, 1.500000, -1.528029
1.500000, 1.500000, -1.590625
1.550000, 1.500000, -1.791865
1.600000, 1.500000, -2.102194
1.650000, 1.500000, -2.461541
1.700000, 1.500000, -2.790933
1.750000, 1.500000, -3.008658
1.800000, 1.500000, -3.047510
1.850000, 1.500000, -2.869395
1.900000, 1.500000, -2.474105
1.950000, 1.500000, -1.900331
2.000000, 1.500000, -1.218642
0.000000, 1.550000, -3.597843
0.050000, 1.550000, -3.483696
0.100000, 1.550000, -3.441232
0.150000, 1.550000, -3.515225
0.200000, 1.550000, -3.721839
0.250000, 1.550000, -4.042882
0.300000, 1.550000, -4.427835
0.350000, 1.550000, -4.803338
0.400000, 1.550000, -5.088133
0.450000, 1.550000, -5.210296
0.500000, 1.550000, -5.122989
0.550000, 1.550000, -4.815333
0.600000, 1.550000, -4.315960
0.650000, 1.550000, -3.688422
0.700000, 1.550000, -3.019345
0.750000, 1.550000, -2.401814
0.800000, 1.550000, -1.917454
0.850000, 1.550000, -1.621000
0.900000, 1.550000, -1.530568
0.950000, 1.550000, -1.625629
1.000000, 1.550000, -1.853014
1.050000, 1.550000, -2.139555
1.100000, 1.550000, -2.408547
1.150000, 1.550000, -2.596415
1.200000, 1.550000, -2.665955
1.250000, 1.550000, -2.613308
1.300000, 1.550000, -2.467195
1.350000, 1.550000, -2.280699
1.400000, 1.550000, -2.117479
1.450000, 1.550000, -2.035554
1.500000, 1.550000, -2.072339
1.550000, 1.550000, -2.234310
1.600000, 1.550000, -2.493686
1.650000, 1.550000, -2.792966
1.700000, 1.550000, -3.056401
1.750000, 1.550000, -3.205984
1.800000, 1.550000, -3.178472
1.850000, 1.550000, -2.939757
1.900000, 1.550000, -2.493391
1.950000, 1.550000, -1.881366
2.000000, 1.550000, -1.176864
0.000000, 1.600000, -3.980827
0.050000, 1.600000, -3.877064
0.100000, 1.600000, -3.838463
0.150000, 1.600000, -3.908809
0.200000, 1.600000, -4.103781
0.250000, 1.600000, -4.405272
0.300000, 1.600000, -4.763435
0.350000, 1.600000, -5.106155
0.400000, 1.600000, -5.353934
0.450000, 1.600000, -5.437010
0.500000, 1.600000, -5.310986
0.550000, 1.600000, -4.967530
0.600000, 1.600000, -4.437758
0.650000, 1.600000, -3.787460
0.700000, 1.600000, -3.105091
0.750000, 1.600000, -2.484995
0.800000, 1.600000, -2.009389
0.850000, 1.600000, -1.732849
0.900000, 1.600000, -1.672567
0.950000, 1.600000, -1.806352
1.000000, 1.600000, -2.078715
1.050000, 1.600000, -2.413647
1.100000, 1.600000, -2.731245
1.150000, 1.600000, -2.964587
1.200000, 1.600000, -3.073191
1.250000, 1.600000, -3.050206
1.300000, 1.600000, -2.921870
1.350000, 1.600000, -2.739466
1.400000, 1.600000, -2.565682
1.450000, 1.600000, -2.458500
1.500000, 1.600000, -2.456253
1.550000, 1.600000, -2.567271
1.600000, 1.600000, -2.766473
1.650000, 1.600000, -2.999750
1.700000, 1.600000, -3.195246
1.750000, 1.600000, -3.279099
1.800000, 1.600000, -3.192206
1.850000, 1.600000, -2.904325
1.900000, 1.600000, -2.422339
1.950000, 1.600000, -1.790797
2.000000, 1.600000, -1.084485
0.000000, 1.650000, -4.265627
0.050000, 1.650000, -4.166699
0.100000, 1.650000, -4.126246
0.150000, 1.650000, -4.187328
0.200000, 1.650000, -4.365416
0.250000, 1.650000, -4.642763
0.300000, 1.650000, -4.970475
0.350000, 1.650000, -5.277932
0.400000, 1.650000, -5.487609
0.450000, 1.650000, -5.532069
0.500000, 1.650000, -5.369438
0.550000, 1.650000, -4.993933
0.600000, 1.650000, -4.439051
0.650000, 1.650000, -3.772614
0.700000, 1.650000, -3.084583
0.750000, 1.650000, -2.470157
0.800000, 1.650000, -2.011643
0.850000, 1.650000, -1.762914
0.900000, 1.650000, -1.739661
0.950000, 1.650000, -1.917473
1.000000, 1.650000, -2.238043
1.050000, 1.650000, -2.622115
1.100000, 1.650000, -2.986328
1.150000, 1.650000, -3.260316
1.200000, 1.650000, -3.400418
1.250000, 1.650000, -3.397098
1.300000, 1.650000, -3.274612
1.350000, 1.650000, -3.083129
1.400000, 1.650000, -2.885205
1.450000, 1.650000, -2.739712
1.500000, 1.650000, -2.686876
1.550000, 1.650000, -2.737827
1.600000, 1.650000, -2.871026
1.650000, 1.650000, -3.036438
1.700000, 1.650000, -3.166538
1.750000, 1.650000, -3.191773
1.800000, 1.650000, -3.057031
1.850000, 1.650000, -2.735452
1.900000, 1.650000, -2.236450
1.950000, 1.650000, -1.606053
2.000000, 1.650000, -0.919341
0.000000, 1.700000, -4.423360
0.050000, 1.700000, -4.323615
0.100000, 1.700000, -4.275801
0.150000, 1.700000, -4.322504
0.200000, 1.700000, -4.479239
0.250000, 1.700000, -4.728863
0.300000, 1.700000, -5.023653
0.350000, 1.700000, -5.294685
0.400000, 1.700000, -5.466556
0.450000, 1.700000, -5.474244
0.500000, 1.700000, -5.278419
0.550000, 1.700000, -4.875770
0.600000, 1.700000, -4.302006
0.650000, 1.700000, -3.626705
0.700000, 1.700000, -2.940965
0.750000, 1.700000, -2.340375
0.800000, 1.700000, -1.906816
0.850000, 1.700000, -1.692889
0.900000, 1.700000, -1.712232
0.950000, 1.700000, -1.937694
1.000000, 1.700000, -2.307720
1.050000, 1.700000, -2.739506
1.100000, 1.700000, -3.146094
1.150000, 1.700000, -3.453734
1.200000, 1.700000, -3.615850
1.250000, 1.700000, -3.620697
1.300000, 1.700000, -3.491217
1.350000, 1.700000, -3.277293
1.400000, 1.700000, -3.042291
1.450000, 1.700000, -2.846962
1.500000, 1.700000, -2.734395
1.550000, 1.700000, -2.719390
1.600000, 1.700000, -2.784650
1.650000, 1.700000, -2.884665
1.700000, 1.700000, -2.956407
1.750000, 1.700000, -2.934462
1.800000, 1.700000, -2.767193
1.850000, 1.700000, -2.430277
1.900000, 1.700000, -1.934521
1.950000, 1.700000, -1.326066
2.000000, 1.700000, -0.678781
0.000000, 1.750000, -4.453171
0.050000, 1.750000, -4.347162
0.100000, 1.750000, -4.286984
0.150000, 1.750000, -4.314972
0.200000, 1.750000, -4.446889
0.250000, 1.750000, -4.666392
0.300000, 1.750000, -4.927093
0.350000, 1.750000, -5.161895
0.400000, 1.750000, -5.297603
0.450000, 1.750000, -5.271637
0.500000, 1.750000, -5.047157
0.550000, 1.750000, -4.623191
0.600000, 1.750000, -4.037429
0.650000, 1.750000, -3.360876
0.700000, 1.750000, -2.685355
0.750000, 1.750000, -2.106356
0.800000, 1.750000, -1.704794
0.850000, 1.750000, -1.531453
0.900000, 1.750000, -1.597384
0.950000, 1.750000, -1.872248
1.000000, 1.750000, -2.290897
1.050000, 1.750000, -2.766800
1.100000, 1.750000, -3.209405
1.150000, 1.750000, -3.541796
1.200000, 1.750000, -3.714915
1.250000, 1.750000, -3.715447
1.300000, 1.750000, -3.565833
1.350000, 1.750000, -3.316614
1.400000, 1.750000, -3.032965
1.450000, 1.750000, -2.778517
1.500000, 1.750000, -2.600121
1.550000, 1.750000, -2.516973
1.600000, 1.750000, -2.516503
1.650000, 1.750000, -2.557901
1.700000, 1.750000, -2.582463
1.750000, 1.750000, -2.528384
1.800000, 1.750000, -2.346619
1.850000, 1.750000, -2.014204
1.900000, 1.750000, -1.541922
1.950000, 1.750000, -0.974480
2.000000, 1.750000, -0.382964
0.000000, 1.800000, -4.381498
0.050000, 1.800000, -4.264288
0.100000, 1.800000, -4.187520
0.150000, 1.800000, -4.193460
0.200000, 1.800000, -4.298277
0.250000, 1.800000, -4.486551
0.300000, 1.800000, -4.713336
0.350000, 1.800000, -4.913428
0.400000, 1.800000, -5.015860
0.450000, 1.800000, -4.960456
0.500000, 1.800000, -4.712761
0.550000, 1.800000, -4.273950
0.600000, 1.800000, -3.683416
0.650000, 1.800000, -3.013230
0.700000, 1.800000, -2.355493
0.750000, 1.800000, -1.805098
0.800000, 1.800000, -1.441458
0.850000, 1.800000, -1.313017
0.900000, 1.800000, -1.427769
0.950000, 1.800000, -1.751806
1.000000, 1.800000, -2.216160
1.050000, 1.800000, -2.730516
1.100000, 1.800000, -3.200890
1.150000, 1.800000, -3.547578
1.200000, 1.800000, -3.719636
1.250000, 1.800000, -3.702965
1.300000, 1.800000, -3.520437
1.350000, 1.800000, -3.224265
1.400000, 1.800000, -2.882456
1.450000, 1.800000, -2.562451
1.500000, 1.800000, -2.315635
1.550000, 1.800000, -2.166123
1.600000, 1.800000, -2.106272
1.650000, 1.800000, -2.099820
1.700000, 1.800000, -2.091855
1.750000, 1.800000, -2.023280
1.800000, 1.800000, -1.846433
1.850000, 1.800000, -1.538250
1.900000, 1.800000, -1.107903
1.950000, 1.800000, -0.597061
2.000000, 1.800000, -0.072551
0.000000, 1.850000, -4.255428
0.050000, 1.850000, -4.122857
0.100000, 1.850000, -4.026283
0.150000, 1.850000, -4.008022
0.200000, 1.850000, -4.084740
0.250000, 1.850000, -4.242008
0.300000, 1.850000, -4.436357
0.350000, 1.850000, -4.604476
0.400000, 1.850000, -4.677591
0.450000, 1.850000, -4.597840
0.500000, 1.850000, -4.332995
0.550000, 1.850000, -3.886152
0.600000, 1.850000, -3.298093
0.650000, 1.850000, -2.641568
0.700000, 1.850000, -2.008500
0.750000, 1.850000, -1.492686
0.800000, 1.850000, -1.171530
0.850000, 1.850000, -1.090651
0.900000, 1.850000, -1.254583
0.950000, 1.850000, -1.625569
1.000000, 1.850000, -2.130706
1.050000, 1.850000, -2.675988
1.100000, 1.850000, -3.164311
1.150000, 1.850000, -3.513721
1.200000, 1.850000, -3.672135
1.250000, 1.850000, -3.625580
1.300000, 1.850000, -3.398374
1.350000, 1.850000, -3.045442
1.400000, 1.850000, -2.638594
1.450000, 1.850000, -2.249904
1.500000, 1.850000, -1.935859
1.550000, 1.850000, -1.725747
1.600000, 1.850000, -1.616731
1.650000, 1.850000, -1.576581
1.700000, 1.850000, -1.553279
1.750000, 1.850000, -1.489205
1.800000, 1.850000, -1.336589
1.850000, 1.850000, -1.070643
1.900000, 1.850000, -0.697293
1.950000, 1.850000, -0.253671
2.000000, 1.850000, 0.198872
0.000000, 1.900000, -4.131629
0.050000, 1.900000, -3.980549
0.100000, 1.900000, -3.862131
0.150000, 1.900000, -3.818802
0.200000, 1.900000, -3.867750
0.250000, 1.900000, -3.995529
0.300000, 1.900000, -4.160118
0.350000, 1.900000, -4.300050
0.400000, 1.900000, -4.348653
0.450000, 1.900000, -4.250248
0.500000, 1.900000, -3.974643
0.550000, 1.900000, -3.526600
0.600000, 1.900000, -2.947961
0.650000, 1.900000, -2.311757
0.700000, 1.900000, -1.709284
0.750000, 1.900000, -1.232758
0.800000, 1.900000, -0.957100
0.850000, 1.900000, -0.924681
0.900000, 1.900000, -1.136254
0.950000, 1.900000, -1.550038
1.000000, 1.900000, -2.089212
1.050000, 1.900000, -2.656314
1.100000, 1.900000, -3.151589
1.150000, 1.900000, -3.491521
1.200000, 1.900000, -3.623761
1.250000, 1.900000, -3.535465
1.300000, 1.900000, -3.253453
1.350000, 1.900000, -2.836372
1.400000, 1.900000, -2.360708
1.450000, 1.900000, -1.903801
1.500000, 1.900000, -1.527559
1.550000, 1.900000, -1.266371
1.600000, 1.900000, -1.121734
1.650000, 1.900000, -1.064569
1.700000, 1.900000, -1.044513
1.750000, 1.900000, -1.003913
1.800000, 1.900000, -0.893233
1.850000, 1.900000, -0.684283
1.900000, 1.900000, -0.378217
1.950000, 1.900000, -0.006403
2.000000, 1.900000, 0.376072
0.000000, 1.950000, -4.063323
0.050000, 1.950000, -3.891766
0.100000, 1.950000, -3.750756
0.150000, 1.950000, -3.682818
0.200000, 1.950000, -3.705610
0.250000, 1.950000, -3.806603
0.300000, 1.950000, -3.945139
0.350000, 1.950000, -4.061490
0.400000, 1.950000, -4.090962
0.450000, 1.950000, -3.979897
0.500000, 1.950000, -3.699935
0.550000, 1.950000, -3.257228
0.600000, 1.950000, -2.694354
0.650000, 1.950000, -2.084228
0.700000, 1.950000, -1.517083
0.750000, 1.950000, -1.083105
0.800000, 1.950000, -0.854304
0.850000, 1.950000, -0.869452
0.900000, 1.950000, -1.125287
0.950000, 1.950000, -1.575946
1.000000, 1.950000, -2.140843
1.050000, 1.950000, -2.719441
1.100000, 1.950000, -3.209948
1.150000, 1.950000, -3.528104
1.200000, 1.950000, -3.622274
1.250000, 1.950000, -3.481799
1.300000, 1.950000, -3.137043
1.350000, 1.950000, -2.651304
1.400000, 1.950000, -2.106454
1.450000, 1.950000, -1.585491
1.500000, 1.950000, -1.155752
1.550000, 1.950000, -0.856312
1.600000, 1.950000, -0.692159
1.650000, 1.950000, -0.636139
1.700000, 1.950000, -0.638024
1.750000, 1.950000, -0.638437
1.800000, 1.950000, -0.584357
1.850000, 1.950000, -0.442627
1.900000, 1.950000, -0.208370
1.950000, 1.950000, 0.093607
2.000000, 1.950000, 0.414711
0.000000, 2.000000, -4.088174
0.050000, 2.000000, -3.895463
0.100000, 2.000000, -3.732439
0.150000, 2.000000, -3.641636
0.200000, 2.000000, -3.641068
0.250000, 2.000000, -3.718994
0.300000, 2.000000, -3.835983
0.350000, 2.000000, -3.933909
0.400000, 2.000000, -3.949909
0.450000, 2.000000, -3.832171
0.500000, 2.000000, -3.553952
0.550000, 2.000000, -3.122534
0.600000, 2.000000, -2.580904
0.650000, 2.000000, -2.001487
0.700000, 2.000000, -1.473045
0.750000, 2.000000, -1.083324
0.800000, 2.000000, -0.901055
0.850000, 2.000000, -0.961132
0.900000, 2.000000, -1.256150
0.950000, 2.000000, -1.736225
1.000000, 2.000000, -2.317290
1.050000, 2.000000, -2.896258
1.100000, 2.000000, -3.370043
1.150000, 2.000000, -3.654576
1.200000, 2.000000, -3.699976
1.250000, 2.000000, -3.498836
1.300000, 2.000000, -3.086050
1.350000, 2.000000, -2.530350
1.400000, 2.000000, -1.919482
1.450000, 2.000000, -1.342205
1.500000, 2.000000, -0.870949
1.550000, 2.000000, -0.548698
1.600000, 2.000000, -0.382733
1.650000, 2.000000, -0.346313
1.700000, 2.000000, -0.387626
1.750000, 2.000000, -0.443808
1.800000, 2.000000, -0.456733
1.850000, 2.000000, -0.386971
1.900000, 2.000000, -0.222781
1.950000, 2.000000, 0.017824
2.000000, 2.000000, 0.292310
