0.000000, 0.000000, 0.258041
0.050000, 0.000000, 0.239262
0.100000, 0.000000, 0.216849
0.150000, 0.000000, 0.193826
0.200000, 0.000000, 0.173026
0.250000, 0.000000, 0.157031
0.300000, 0.000000, 0.148105
0.350000, 0.000000, 0.148147
0.400000, 0.000000, 0.158650
0.450000, 0.000000, 0.180664
0.500000, 0.000000, 0.214781
0.550000, 0.000000, 0.261121
0.600000, 0.000000, 0.319335
0.650000, 0.000000, 0.388614
0.700000, 0.000000, 0.467715
0.750000, 0.000000, 0.554990
0.800000, 0.000000, 0.648427
0.850000, 0.000000, 0.745697
0.900000, 0.000000, 0.844212
0.950000, 0.000000, 0.941182
1.000000, 0.000000, 1.033681
1.050000, 0.000000, 1.118714
1.100000, 0.000000, 1.193286
1.150000, 0.000000, 1.254472
1.200000, 0.000000, 1.299482
1.250000, 0.000000, 1.325726
1.300000, 0.000000, 1.330877
1.350000, 0.000000, 1.312923
1.400000, 0.000000, 1.270215
1.450000, 0.000000, 1.201509
1.500000, 0.000000, 1.105999
1.550000, 0.000000, 0.983334
1.600000, 0.000000, 0.833635
1.650000, 0.000000, 0.657492
1.700000, 0.000000, 0.455958
1.750000, 0.000000, 0.230523
1.800000, 0.000000, -0.016912
1.850000, 0.000000, -0.284084
1.900000, 0.000000, -0.568411
1.950000, 0.000000, -0.867058
2.000000, 0.000000, -1.177004
0.000000, 0.050000, -0.147952
0.050000, 0.050000, -0.170287
0.100000, 0.050000, -0.196313
0.150000, 0.050000, -0.223040
0.200000, 0.050000, -0.247664
0.250000, 0.050000, -0.267626
0.300000, 0.050000, -0.280675
0.350000, 0.050000, -0.284920
0.400000, 0.050000, -0.278864
0.450000, 0.050000, -0.261446
0.500000, 0.050000, -0.232053
0.550000, 0.050000, -0.190538
0.600000, 0.050000, -0.137219
0.650000, 0.050000, -0.072866
0.700000, 0.050000, 0.001315
0.750000, 0.050000, 0.083714
0.800000, 0.050000, 0.172355
0.850000, 0.050000, 0.264939
0.900000, 0.050000, 0.358903
0.950000, 0.050000, 0.451475
1.000000, 0.050000, 0.539738
1.050000, 0.050000, 0.620696
1.100000, 0.050000, 0.691347
1.150000, 0.050000, 0.748747
1.200000, 0.050000, 0.790081
1.250000, 0.050000, 0.812729
1.300000, 0.050000, 0.814327
1.350000, 0.050000, 0.792826
1.400000, 0.050000, 0.746539
1.450000, 0.050000, 0.674185
1.500000, 0.050000, 0.574925
1.550000, 0.050000, 0.448381
1.600000, 0.050000, 0.294654
1.650000, 0.050000, 0.114322
1.700000, 0.050000, -0.091564
1.750000, 0.050000, -0.321509
1.800000, 0.050000, -0.573599
1.850000, 0.050000, -0.845544
1.900000, 0.050000, -1.134737
1.950000, 0.050000, -1.438308
2.000000, 0.050000, -1.753196
0.000000, 0.100000, -1.005169
0.050000, 0.100000, -1.031118
0.100000, 0.100000, -1.060847
0.150000, 0.100000, -1.091399
0.200000, 0.100000, -1.119989
0.250000, 0.100000, -1.144076
0.300000, 0.100000, -1.161414
0.350000, 0.100000, -1.170109
0.400000, 0.100000, -1.168652
0.450000, 0.100000, -1.155962
0.500000, 0.100000, -1.131400
0.550000, 0.100000, -1.094786
0.600000, 0.100000, -1.046402
0.650000, 0.100000, -0.986978
0.700000, 0.100000, -0.917685
0.750000, 0.100000, -0.840095
0.800000, 0.100000, -0.756156
0.850000, 0.100000, -0.668139
0.900000, 0.100000, -0.578591
0.950000, 0.100000, -0.490276
1.000000, 0.100000, -0.406112
1.050000, 0.100000, -0.329101
1.100000, 0.100000, -0.262265
1.150000, 0.100000, -0.208572
1.200000, 0.100000, -0.170869
1.250000, 0.100000, -0.151811
1.300000, 0.100000, -0.153799
1.350000, 0.100000, -0.178923
1.400000, 0.100000, -0.228906
1.450000, 0.100000, -0.305060
1.500000, 0.100000, -0.408252
1.550000, 0.100000, -0.538881
1.600000, 0.100000, -0.696858
1.650000, 0.100000, -0.881606
1.700000, 0.100000, -1.092072
1.750000, 0.100000, -1.326744
1.800000, 0.100000, -1.583684
1.850000, 0.100000, -1.860577
1.900000, 0.100000, -2.154778
1.950000, 0.100000, -2.463382
2.000000, 0.100000, -2.783290
0.000000, 0.150000, -2.036790
0.050000, 0.150000, -2.066442
0.100000, 0.150000, -2.099996
0.150000, 0.150000, -2.134515
0.200000, 0.150000, -2.167231
0.250000, 0.150000, -2.195608
0.300000, 0.150000, -2.217400
0.350000, 0.150000, -2.230698
0.400000, 0.150000, -2.233976
0.450000, 0.150000, -2.226124
0.500000, 0.150000, -2.206473
0.550000, 0.150000, -2.174806
0.600000, 0.150000, -2.131366
0.650000, 0.150000, -2.076848
0.700000, 0.150000, -2.012384
0.750000, 0.150000, -1.939520
0.800000, 0.150000, -1.860176
0.850000, 0.150000, -1.776607
0.900000, 0.150000, -1.691352
0.950000, 0.150000, -1.607175
1.000000, 0.150000, -1.527002
1.050000, 0.150000, -1.453855
1.100000, 0.150000, -1.390780
1.150000, 0.150000, -1.340776
1.200000, 0.150000, -1.306727
1.250000, 0.150000, -1.291325
1.300000, 0.150000, -1.297012
1.350000, 0.150000, -1.325911
1.400000, 0.150000, -1.379781
1.450000, 0.150000, -1.459960
1.500000, 0.150000, -1.567337
1.550000, 0.150000, -1.702321
1.600000, 0.150000, -1.864828
1.650000, 0.150000, -2.054274
1.700000, 0.150000, -2.269593
1.750000, 0.150000, -2.509249
1.800000, 0.150000, -2.771277
1.850000, 0.150000, -3.053326
1.900000, 0.150000, -3.352715
1.950000, 0.150000, -3.666501
2.000000, 0.150000, -3.991548
0.000000, 0.200000, -2.900666
0.050000, 0.200000, -2.934142
0.100000, 0.200000, -2.971663
0.150000, 0.200000, -3.010308
0.200000, 0.200000, -3.047315
0.250000, 0.200000, -3.080147
0.300000, 0.200000, -3.106546
0.350000, 0.200000, -3.124583
0.400000, 0.200000, -3.132708
0.450000, 0.200000, -3.129777
0.500000, 0.200000, -3.115086
0.550000, 0.200000, -3.088380
0.600000, 0.200000, -3.049864
0.650000, 0.200000, -3.000201
0.700000, 0.200000, -2.940490
0.750000, 0.200000, -2.872254
0.800000, 0.200000, -2.797396
0.850000, 0.200000, -2.718163
0.900000, 0.200000, -2.637095
0.950000, 0.200000, -2.556964
1.000000, 0.200000, -2.480715
1.050000, 0.200000, -2.411395
1.100000, 0.200000, -2.352083
1.150000, 0.200000, -2.305814
1.200000, 0.200000, -2.275508
1.250000, 0.200000, -2.263898
1.300000, 0.200000, -2.273462
1.350000, 0.200000, -2.306358
1.400000, 0.200000, -2.364370
1.450000, 0.200000, -2.448858
1.500000, 0.200000, -2.560723
1.550000, 0.200000, -2.700378
1.600000, 0.200000, -2.867732
1.650000, 0.200000, -3.062188
1.700000, 0.200000, -3.282656
1.750000, 0.200000, -3.527573
1.800000, 0.200000, -3.794939
1.850000, 0.200000, -4.082366
1.900000, 0.200000, -4.387135
1.950000, 0.200000, -4.706266
2.000000, 0.200000, -5.036588
0.000000, 0.250000, -3.320040
0.050000, 0.250000, -3.357483
0.100000, 0.250000, -3.399128
0.150000, 0.250000, -3.442064
0.200000, 0.250000, -3.483526
0.250000, 0.250000, -3.520966
0.300000, 0.250000, -3.552107
0.350000, 0.250000, -3.574996
0.400000, 0.250000, -3.588049
0.450000, 0.250000, -3.590089
0.500000, 0.250000, -3.580374
0.550000, 0.250000, -3.558611
0.600000, 0.250000, -3.524974
0.650000, 0.250000, -3.480092
0.700000, 0.250000, -3.425043
0.750000, 0.250000, -3.361332
0.800000, 0.250000, -3.290856
0.850000, 0.250000, -3.215860
0.900000, 0.250000, -3.138896
0.950000, 0.250000, -3.062755
1.000000, 0.250000, -2.990406
1.050000, 0.250000, -2.924929
1.100000, 0.250000, -2.869438
1.150000, 0.250000, -2.827008
1.200000, 0.250000, -2.800597
1.250000, 0.250000, -2.792976
1.300000, 0.250000, -2.806656
1.350000, 0.250000, -2.843821
1.400000, 0.250000, -2.906277
1.450000, 0.250000, -2.995397
1.500000, 0.250000, -3.112084
1.550000, 0.250000, -3.256745
1.600000, 0.250000, -3.429276
1.650000, 0.250000, -3.629056
1.700000, 0.250000, -3.854967
1.750000, 0.250000, -4.105411
1.800000, 0.250000, -4.378351
1.850000, 0.250000, -4.671361
1.900000, 0.250000, -4.981683
1.950000, 0.250000, -5.306304
2.000000, 0.250000, -5.642022
0.000000, 0.300000, -3.189297
0.050000, 0.300000, -3.230863
0.100000, 0.300000, -3.276797
0.150000, 0.300000, -3.324185
0.200000, 0.300000, -3.370254
0.250000, 0.300000, -3.412437
0.300000, 0.300000, -3.448432
0.350000, 0.300000, -3.476254
0.400000, 0.300000, -3.494285
0.450000, 0.300000, -3.501312
0.500000, 0.300000, -3.496555
0.550000, 0.300000, -3.479691
0.600000, 0.300000, -3.450860
0.650000, 0.300000, -3.410670
0.700000, 0.300000, -3.360184
0.750000, 0.300000, -3.300897
0.800000, 0.300000, -3.234707
0.850000, 0.300000, -3.163874
0.900000, 0.300000, -3.090963
0.950000, 0.300000, -3.018793
1.000000, 0.300000, -2.950367
1.050000, 0.300000, -2.888798
1.100000, 0.300000, -2.837242
1.150000, 0.300000, -2.798810
1.200000, 0.300000, -2.776499
1.250000, 0.300000, -2.773112
1.300000, 0.300000, -2.791187
1.350000, 0.300000, -2.832931
1.400000, 0.300000, -2.900159
1.450000, 0.300000, -2.994249
1.500000, 0.300000, -3.116097
1.550000, 0.300000, -3.266095
1.600000, 0.300000, -3.444115
1.650000, 0.300000, -3.649510
1.700000, 0.300000, -3.881123
1.750000, 0.300000, -4.137320
1.800000, 0.300000, -4.416025
1.850000, 0.300000, -4.714772
1.900000, 0.300000, -5.030771
1.950000, 0.300000, -5.360975
2.000000, 0.300000, -5.702161
0.000000, 0.350000, -2.614351
0.050000, 0.350000, -2.660204
0.100000, 0.350000, -2.710588
0.150000, 0.350000, -2.762580
0.200000, 0.350000, -2.813388
0.250000, 0.350000, -2.860423
0.300000, 0.350000, -2.901350
0.350000, 0.350000, -2.934153
0.400000, 0.350000, -2.957177
0.450000, 0.350000, -2.969173
0.500000, 0.350000, -2.969328
0.550000, 0.350000, -2.957289
0.600000, 0.350000, -2.933176
0.650000, 0.350000, -2.897579
0.700000, 0.350000, -2.851554
0.750000, 0.350000, -2.796600
0.800000, 0.350000, -2.734623
0.850000, 0.350000, -2.667902
0.900000, 0.350000, -2.599030
0.950000, 0.350000, -2.530857
1.000000, 0.350000, -2.466421
1.050000, 0.350000, -2.408876
1.100000, 0.350000, -2.361414
1.150000, 0.350000, -2.327186
1.200000, 0.350000, -2.309220
1.250000, 0.350000, -2.310347
1.300000, 0.350000, -2.333124
1.350000, 0.350000, -2.379769
1.400000, 0.350000, -2.452101
1.450000, 0.350000, -2.551490
1.500000, 0.350000, -2.678816
1.550000, 0.350000, -2.834449
1.600000, 0.350000, -3.018228
1.650000, 0.350000, -3.229472
1.700000, 0.350000, -3.466985
1.750000, 0.350000, -3.729092
1.800000, 0.350000, -4.013677
1.850000, 0.350000, -4.318239
1.900000, 0.350000, -4.639955
1.950000, 0.350000, -4.975754
2.000000, 0.350000, -5.322396
0.000000, 0.400000, -1.872243
0.050000, 0.400000, -1.922543
0.100000, 0.400000, -1.977527
0.150000, 0.400000, -2.034253
0.200000, 0.400000, -2.089908
0.250000, 0.400000, -2.141871
0.300000, 0.400000, -2.187777
0.350000, 0.400000, -2.225572
0.400000, 0.400000, -2.253568
0.450000, 0.400000, -2.270483
0.500000, 0.400000, -2.275476
0.550000, 0.400000, -2.268173
0.600000, 0.400000, -2.248675
0.650000, 0.400000, -2.217570
0.700000, 0.400000, -2.175915
0.750000, 0.400000, -2.125217
0.800000, 0.400000, -2.067404
0.850000, 0.400000, -2.004780
0.900000, 0.400000, -1.939970
0.950000, 0.400000, -1.875860
1.000000, 0.400000, -1.815527
1.050000, 0.400000, -1.762164
1.100000, 0.400000, -1.718999
1.150000, 0.400000, -1.689215
1.200000, 0.400000, -1.675866
1.250000, 0.400000, -1.681802
1.300000, 0.400000, -1.709592
1.350000, 0.400000, -1.761456
1.400000, 0.400000, -1.839202
1.450000, 0.400000, -1.944185
1.500000, 0.400000, -2.077262
1.550000, 0.400000, -2.238767
1.600000, 0.400000, -2.428506
1.650000, 0.400000, -2.645754
1.700000, 0.400000, -2.889275
1.750000, 0.400000, -3.157353
1.800000, 0.400000, -3.447835
1.850000, 0.400000, -3.758185
1.900000, 0.400000, -4.085555
1.950000, 0.400000, -4.426853
2.000000, 0.400000, -4.778830
0.000000, 0.450000, -1.305372
0.050000, 0.450000, -1.360269
0.100000, 0.450000, -1.419980
0.150000, 0.450000, -1.481545
0.200000, 0.450000, -1.542121
0.250000, 0.450000, -1.599055
0.300000, 0.450000, -1.649947
0.350000, 0.450000, -1.692712
0.400000, 0.450000, -1.725627
0.450000, 0.450000, -1.747384
0.500000, 0.450000, -1.757122
0.550000, 0.450000, -1.754449
0.600000, 0.450000, -1.739464
0.650000, 0.450000, -1.712755
0.700000, 0.450000, -1.675390
0.750000, 0.450000, -1.628897
0.800000, 0.450000, -1.575229
0.850000, 0.450000, -1.516722
0.900000, 0.450000, -1.456037
0.950000, 0.450000, -1.396099
1.000000, 0.450000, -1.340022
1.050000, 0.450000, -1.291035
1.100000, 0.450000, -1.252398
1.150000, 0.450000, -1.227318
1.200000, 0.450000, -1.218869
1.250000, 0.450000, -1.229910
1.300000, 0.450000, -1.263010
1.350000, 0.450000, -1.320379
1.400000, 0.450000, -1.403808
1.450000, 0.450000, -1.514625
1.500000, 0.450000, -1.653652
1.550000, 0.450000, -1.821187
1.600000, 0.450000, -2.016992
1.650000, 0.450000, -2.240300
1.700000, 0.450000, -2.489830
1.750000, 0.450000, -2.763829
1.800000, 0.450000, -3.060106
1.850000, 0.450000, -3.376099
1.900000, 0.450000, -3.708938
1.950000, 0.450000, -4.055521
2.000000, 0.450000, -4.412594
0.000000, 0.500000, -1.190765
0.050000, 0.500000, -1.250385
0.100000, 0.500000, -1.314928
0.150000, 0.500000, -1.381404
0.200000, 0.500000, -1.446939
0.250000, 0.500000, -1.508849
0.300000, 0.500000, -1.564700
0.350000, 0.500000, -1.612376
0.400000, 0.500000, -1.650130
0.450000, 0.500000, -1.676631
0.500000, 0.500000, -1.691005
0.550000, 0.500000, -1.692855
0.600000, 0.500000, -1.682283
0.650000, 0.500000, -1.659888
0.700000, 0.500000, -1.626757
0.750000, 0.500000, -1.584446
0.800000, 0.500000, -1.534938
0.850000, 0.500000, -1.480606
0.900000, 0.500000, -1.424148
0.950000, 0.500000, -1.368526
1.000000, 0.500000, -1.316891
1.050000, 0.500000, -1.272500
1.100000, 0.500000, -1.238638
1.150000, 0.500000, -1.218531
1.200000, 0.500000, -1.215258
1.250000, 0.500000, -1.231679
1.300000, 0.500000, -1.270351
1.350000, 0.500000, -1.333463
1.400000, 0.500000, -1.422780
1.450000, 0.500000, -1.539592
1.500000, 0.500000, -1.684683
1.550000, 0.500000, -1.858306
1.600000, 0.500000, -2.060176
1.650000, 0.500000, -2.289483
1.700000, 0.500000, -2.544905
1.750000, 0.500000, -2.824650
1.800000, 0.500000, -3.126499
1.850000, 0.500000, -3.447867
1.900000, 0.500000, -3.785872
1.950000, 0.500000, -4.137406
2.000000, 0.500000, -4.499221
0.000000, 0.550000, -1.634306
0.050000, 0.550000, -1.698752
0.100000, 0.550000, -1.768196
0.150000, 0.550000, -1.839618
0.200000, 0.550000, -1.910115
0.250000, 0.550000, -1.976968
0.300000, 0.550000, -2.037717
0.350000, 0.550000, -2.090219
0.400000, 0.550000, -2.132707
0.450000, 0.550000, -2.163840
0.500000, 0.550000, -2.182736
0.550000, 0.550000, -2.189005
0.600000, 0.550000, -2.182759
0.650000, 0.550000, -2.164616
0.700000, 0.550000, -2.135692
0.750000, 0.550000, -2.097571
0.800000, 0.550000, -2.052276
0.850000, 0.550000, -2.002213
0.900000, 0.550000, -1.950120
0.950000, 0.550000, -1.898991
1.000000, 0.550000, -1.852005
1.050000, 0.550000, -1.812446
1.100000, 0.550000, -1.783611
1.150000, 0.550000, -1.768734
1.200000, 0.550000, -1.770891
1.250000, 0.550000, -1.792928
1.300000, 0.550000, -1.837380
1.350000, 0.550000, -1.906407
1.400000, 0.550000, -2.001736
1.450000, 0.550000, -2.124615
1.500000, 0.550000, -2.275780
1.550000, 0.550000, -2.455436
1.600000, 0.550000, -2.663256
1.650000, 0.550000, -2.898382
1.700000, 0.550000, -3.159456
1.750000, 0.550000, -3.444654
1.800000, 0.550000, -3.751734
1.850000, 0.550000, -4.078097
1.900000, 0.550000, -4.420855
1.950000, 0.550000, -4.776906
2.000000, 0.550000, -5.143014
0.000000, 0.600000, -2.530340
0.050000, 0.600000, -2.599680
0.100000, 0.600000, -2.674058
0.150000, 0.600000, -2.750425
0.200000, 0.600000, -2.825847
0.250000, 0.600000, -2.897578
0.300000, 0.600000, -2.963133
0.350000, 0.600000, -3.020352
0.400000, 0.600000, -3.067457
0.450000, 0.600000, -3.103103
0.500000, 0.600000, -3.126412
0.550000, 0.600000, -3.137006
0.600000, 0.600000, -3.135018
0.650000, 0.600000, -3.121094
0.700000, 0.600000, -3.096380
0.750000, 0.600000, -3.062496
0.800000, 0.600000, -3.021500
0.850000, 0.600000, -2.975836
0.900000, 0.600000, -2.928273
0.950000, 0.600000, -2.881835
1.000000, 0.600000, -2.839723
1.050000, 0.600000, -2.805231
1.100000, 0.600000, -2.781665
1.150000, 0.600000, -2.772250
1.200000, 0.600000, -2.780050
1.250000, 0.600000, -2.807885
1.300000, 0.600000, -2.858259
1.350000, 0.600000, -2.933291
1.400000, 0.600000, -3.034664
1.450000, 0.600000, -3.163577
1.500000, 0.600000, -3.320717
1.550000, 0.600000, -3.506242
1.600000, 0.600000, -3.719777
1.650000, 0.600000, -3.960428
1.700000, 0.600000, -4.226803
1.750000, 0.600000, -4.517053
1.800000, 0.600000, -4.828924
1.850000, 0.600000, -5.159810
1.900000, 0.600000, -5.506829
1.950000, 0.600000, -5.866893
2.000000, 0.600000, -6.236789
0.000000, 0.650000, -3.602057
0.050000, 0.650000, -3.676323
0.100000, 0.650000, -3.755631
0.150000, 0.650000, -3.836903
0.200000, 0.650000, -3.917179
0.250000, 0.650000, -3.993692
0.300000, 0.650000, -4.063939
0.350000, 0.650000, -4.125752
0.400000, 0.650000, -4.177349
0.450000, 0.650000, -4.217390
0.500000, 0.650000, -4.245013
0.550000, 0.650000, -4.259860
0.600000, 0.650000, -4.262090
0.650000, 0.650000, -4.252382
0.700000, 0.650000, -4.231917
0.750000, 0.650000, -4.202351
0.800000, 0.650000, -4.165776
0.850000, 0.650000, -4.124670
0.900000, 0.650000, -4.081826
0.950000, 0.650000, -4.040290
1.000000, 0.650000, -4.003274
1.050000, 0.650000, -3.974076
1.100000, 0.650000, -3.955993
1.150000, 0.650000, -3.952234
1.200000, 0.650000, -3.965836
1.250000, 0.650000, -3.999584
1.300000, 0.650000, -4.055940
1.350000, 0.650000, -4.136977
1.400000, 0.650000, -4.244326
1.450000, 0.650000, -4.379136
1.500000, 0.650000, -4.542044
1.550000, 0.650000, -4.733162
1.600000, 0.650000, -4.952075
1.650000, 0.650000, -5.197854
1.700000, 0.650000, -5.469086
1.750000, 0.650000, -5.763906
1.800000, 0.650000, -6.080056
1.850000, 0.650000, -6.414938
1.900000, 0.650000, -6.765685
1.950000, 0.650000, -7.129234
2.000000, 0.650000, -7.502405
0.000000, 0.700000, -4.507250
0.050000, 0.700000, -4.586436
0.100000, 0.700000, -4.670632
0.150000, 0.700000, -4.756734
0.200000, 0.700000, -4.841763
0.250000, 0.700000, -4.922938
0.300000, 0.700000, -4.997747
0.350000, 0.700000, -5.064022
0.400000, 0.700000, -5.119987
0.450000, 0.700000, -5.164319
0.500000, 0.700000, -5.196176
0.550000, 0.700000, -5.215229
0.600000, 0.700000, -5.221670
0.650000, 0.700000, -5.216211
0.700000, 0.700000, -5.200069
0.750000, 0.700000, -5.174935
0.800000, 0.700000, -5.142933
0.850000, 0.700000, -5.106565
0.900000, 0.700000, -5.068643
0.950000, 0.700000, -5.032223
1.000000, 0.700000, -5.000517
1.050000, 0.700000, -4.976813
1.100000, 0.700000, -4.964390
1.150000, 0.700000, -4.966427
1.200000, 0.700000, -4.985924
1.250000, 0.700000, -5.025622
1.300000, 0.700000, -5.087933
1.350000, 0.700000, -5.174878
1.400000, 0.700000, -5.288036
1.450000, 0.700000, -5.428504
1.500000, 0.700000, -5.596873
1.550000, 0.700000, -5.793213
1.600000, 0.700000, -6.017077
1.650000, 0.700000, -6.267512
1.700000, 0.700000, -6.543091
1.750000, 0.700000, -6.841950
1.800000, 0.700000, -7.161837
1.850000, 0.700000, -7.500175
1.900000, 0.700000, -7.854124
1.950000, 0.700000, -8.220658
2.000000, 0.700000, -8.596640
0.000000, 0.750000, -4.969036
0.050000, 0.750000, -5.053098
0.100000, 0.750000, -5.142103
0.150000, 0.750000, -5.232930
0.200000, 0.750000, -5.322588
0.250000, 0.750000, -5.408287
0.300000, 0.750000, -5.487521
0.350000, 0.750000, -5.558128
0.400000, 0.750000, -5.618350
0.450000, 0.750000, -5.666886
0.500000, 0.750000, -5.702925
0.550000, 0.750000, -5.726170
0.600000, 0.750000, -5.736847
0.650000, 0.750000, -5.735705
0.700000, 0.750000, -5.723996
0.750000, 0.750000, -5.703440
0.800000, 0.750000, -5.676184
0.850000, 0.750000, -5.644749
0.900000, 0.750000, -5.611954
0.950000, 0.750000, -5.580853
1.000000, 0.750000, -5.554647
1.050000, 0.750000, -5.536602
1.100000, 0.750000, -5.529964
1.150000, 0.750000, -5.537874
1.200000, 0.750000, -5.563284
1.250000, 0.750000, -5.608885
1.300000, 0.750000, -5.677034
1.350000, 0.750000, -5.769699
1.400000, 0.750000, -5.888404
1.450000, 0.750000, -6.034201
1.500000, 0.750000, -6.207638
1.550000, 0.750000, -6.408754
1.600000, 0.750000, -6.637080
1.650000, 0.750000, -6.891651
1.700000, 0.750000, -7.171042
1.750000, 0.750000, -7.473400
1.800000, 0.750000, -7.796496
1.850000, 0.750000, -8.137786
1.900000, 0.750000, -8.494473
1.950000, 0.750000, -8.863578
2.000000, 0.750000, -9.242016
0.000000, 0.800000, -4.881611
0.050000, 0.800000, -4.970470
0.100000, 0.800000, -5.064176
0.150000, 0.800000, -5.159598
0.200000, 0.800000, -5.253742
0.250000, 0.800000, -5.343823
0.300000, 0.800000, -5.427344
0.350000, 0.800000, -5.502164
0.400000, 0.800000, -5.566550
0.450000, 0.800000, -5.619231
0.500000, 0.800000, -5.659430
0.550000, 0.800000, -5.686887
0.600000, 0.800000, -5.701864
0.650000, 0.800000, -5.705144
0.700000, 0.800000, -5.698006
0.750000, 0.800000, -5.682197
0.800000, 0.800000, -5.659878
0.850000, 0.800000, -5.633575
0.900000, 0.800000, -5.606105
0.950000, 0.800000, -5.580506
1.000000, 0.800000, -5.559955
1.050000, 0.800000, -5.547684
1.100000, 0.800000, -5.546897
1.150000, 0.800000, -5.560686
1.200000, 0.800000, -5.591949
1.250000, 0.800000, -5.643321
1.300000, 0.800000, -5.717103
1.350000, 0.800000, -5.815209
1.400000, 0.800000, -5.939118
1.450000, 0.800000, -6.089839
1.500000, 0.800000, -6.267890
1.550000, 0.800000, -6.473289
1.600000, 0.800000, -6.705558
1.650000, 0.800000, -6.963737
1.700000, 0.800000, -7.246416
1.750000, 0.800000, -7.551771
1.800000, 0.800000, -7.877610
1.850000, 0.800000, -8.221438
1.900000, 0.800000, -8.580510
1.950000, 0.800000, -8.951908
2.000000, 0.800000, -9.332608
0.000000, 0.850000, -4.350655
0.050000, 0.850000, -4.444200
0.100000, 0.850000, -4.542473
0.150000, 0.850000, -4.642344
0.200000, 0.850000, -4.740823
0.250000, 0.850000, -4.835142
0.300000, 0.850000, -4.922825
0.350000, 0.850000, -5.001757
0.400000, 0.850000, -5.070240
0.450000, 0.850000, -5.127038
0.500000, 0.850000, -5.171412
0.550000, 0.850000, -5.203138
0.600000, 0.850000, -5.222514
0.650000, 0.850000, -5.230351
0.700000, 0.850000, -5.227952
0.750000, 0.850000, -5.217075
0.800000, 0.850000, -5.199889
0.850000, 0.850000, -5.178911
0.900000, 0.850000, -5.156944
0.950000, 0.850000, -5.136997
1.000000, 0.850000, -5.122211
1.050000, 0.850000, -5.115773
1.100000, 0.850000, -5.120836
1.150000, 0.850000, -5.140434
1.200000, 0.850000, -5.177409
1.250000, 0.850000, -5.234337
1.300000, 0.850000, -5.313468
1.350000, 0.850000, -5.416666
1.400000, 0.850000, -5.545370
1.450000, 0.850000, -5.700559
1.500000, 0.850000, -5.882733
1.550000, 0.850000, -6.091906
1.600000, 0.850000, -6.327605
1.650000, 0.850000, -6.588894
1.700000, 0.850000, -6.874394
1.750000, 0.850000, -7.182325
1.800000, 0.850000, -7.510551
1.850000, 0.850000, -7.856634
1.900000, 0.850000, -8.217899
1.950000, 0.850000, -8.591494
2.000000, 0.850000, -8.974463
0.000000, 0.900000, -3.652934
0.050000, 0.900000, -3.751029
0.100000, 0.900000, -3.853719
0.150000, 0.900000, -3.957883
0.200000, 0.900000, -4.060548
0.250000, 0.900000, -4.158971
0.300000, 0.900000, -4.250708
0.350000, 0.900000, -4.333678
0.400000, 0.900000, -4.406223
0.450000, 0.900000, -4.467147
0.500000, 0.900000, -4.515748
0.550000, 0.900000, -4.551838
0.600000, 0.900000, -4.575745
0.650000, 0.900000, -4.588302
0.700000, 0.900000, -4.590824
0.750000, 0.900000, -4.585074
0.800000, 0.900000, -4.573212
0.850000, 0.900000, -4.557737
0.900000, 0.900000, -4.541421
0.950000, 0.900000, -4.527234
1.000000, 0.900000, -4.518269
1.050000, 0.900000, -4.517659
1.100000, 0.900000, -4.528498
1.150000, 0.900000, -4.553761
1.200000, 0.900000, -4.596230
1.250000, 0.900000, -4.658428
1.300000, 0.900000, -4.742555
1.350000, 0.900000, -4.850437
1.400000, 0.900000, -4.983484
1.450000, 0.900000, -5.142660
1.500000, 0.900000, -5.328464
1.550000, 0.900000, -5.540919
1.600000, 0.900000, -5.779582
1.650000, 0.900000, -6.043552
1.700000, 0.900000, -6.331503
1.750000, 0.900000, -6.641714
1.800000, 0.900000, -6.972117
1.850000, 0.900000, -7.320348
1.900000, 0.900000, -7.683806
1.950000, 0.900000, -8.059712
2.000000, 0.900000, -8.445180
0.000000, 0.950000, -3.130550
0.050000, 0.950000, -3.233043
0.100000, 0.950000, -3.339991
0.150000, 0.950000, -3.448292
0.200000, 0.950000, -3.555004
0.250000, 0.950000, -3.657416
0.300000, 0.950000, -3.753125
0.350000, 0.950000, -3.840091
0.400000, 0.950000, -3.916700
0.450000, 0.950000, -3.981795
0.500000, 0.950000, -4.034713
0.550000, 0.950000, -4.075295
0.600000, 0.950000, -4.103893
0.650000, 0.950000, -4.121352
0.700000, 0.950000, -4.128990
0.750000, 0.950000, -4.128560
0.800000, 0.950000, -4.122200
0.850000, 0.950000, -4.112377
0.900000, 0.950000, -4.101820
0.950000, 0.950000, -4.093451
1.000000, 0.950000, -4.090303
1.050000, 0.950000, -4.095448
1.100000, 0.950000, -4.111919
1.150000, 0.950000, -4.142629
1.200000, 0.950000, -4.190307
1.250000, 0.950000, -4.257425
1.300000, 0.950000, -4.346146
1.350000, 0.950000, -4.458269
1.400000, 0.950000, -4.595191
1.450000, 0.950000, -4.757878
1.500000, 0.950000, -4.946845
1.550000, 0.950000, -5.162147
1.600000, 0.950000, -5.403384
1.650000, 0.950000, -5.669716
1.700000, 0.950000, -5.959880
1.750000, 0.950000, -6.272232
1.800000, 0.950000, -6.604784
1.850000, 0.950000, -6.955251
1.900000, 0.950000, -7.321111
1.950000, 0.950000, -7.699661
2.000000, 0.950000, -8.088083
0.000000, 1.000000, -3.060229
0.050000, 1.000000, -3.166958
0.100000, 1.000000, -3.278003
0.150000, 1.000000, -3.390296
0.200000, 1.000000, -3.500932
0.250000, 1.000000, -3.607245
0.300000, 1.000000, -3.706875
0.350000, 1.000000, -3.797833
0.400000, 1.000000, -3.878544
0.450000, 1.000000, -3.947895
0.500000, 1.000000, -4.005255
0.550000, 1.000000, -4.050487
0.600000, 1.000000, -4.083958
0.650000, 1.000000, -4.106513
0.700000, 1.000000, -4.119461
0.750000, 1.000000, -4.124531
0.800000, 1.000000, -4.123826
0.850000, 1.000000, -4.119768
0.900000, 1.000000, -4.115033
0.950000, 1.000000, -4.112480
1.000000, 1.000000, -4.115080
1.050000, 1.000000, -4.125841
1.100000, 1.000000, -4.147731
1.150000, 1.000000, -4.183608
1.200000, 1.000000, -4.236151
1.250000, 1.000000, -4.307795
1.300000, 1.000000, -4.400677
1.350000, 1.000000, -4.516587
1.400000, 1.000000, -4.656926
1.450000, 1.000000, -4.822682
1.500000, 1.000000, -5.014407
1.550000, 1.000000, -5.232207
1.600000, 1.000000, -5.475746
1.650000, 1.000000, -5.744257
1.700000, 1.000000, -6.036559
1.750000, 1.000000, -6.351093
1.800000, 1.000000, -6.685958
1.850000, 1.000000, -7.038954
1.900000, 1.000000, -7.407636
1.950000, 1.000000, -7.789371
2.000000, 1.000000, -8.181398
0.000000, 1.050000, -3.547566
0.050000, 1.050000, -3.658369
0.100000, 1.050000, -3.773362
0.150000, 1.050000, -3.889518
0.200000, 1.050000, -4.003982
0.250000, 1.050000, -4.114137
0.300000, 1.050000, -4.217676
0.350000, 1.050000, -4.312657
0.400000, 1.050000, -4.397551
0.450000, 1.050000, -4.471278
0.500000, 1.050000, -4.533233
0.550000, 1.050000, -4.583297
0.600000, 1.050000, -4.621836
0.650000, 1.050000, -4.649685
0.700000, 1.050000, -4.668127
0.750000, 1.050000, -4.678855
0.800000, 1.050000, -4.683925
0.850000, 1.050000, -4.685700
0.900000, 1.050000, -4.686792
0.950000, 1.050000, -4.689995
1.000000, 1.050000, -4.698210
1.050000, 1.050000, -4.714381
1.100000, 1.050000, -4.741417
1.150000, 1.050000, -4.782126
1.200000, 1.050000, -4.839149
1.250000, 1.050000, -4.914898
1.300000, 1.050000, -5.011501
1.350000, 1.050000, -5.130758
1.400000, 1.050000, -5.274097
1.450000, 1.050000, -5.442546
1.500000, 1.050000, -5.636714
1.550000, 1.050000, -5.856780
1.600000, 1.050000, -6.102486
1.650000, 1.050000, -6.373154
1.700000, 1.050000, -6.667696
1.750000, 1.050000, -6.984643
1.800000, 1.050000, -7.322183
1.850000, 1.050000, -7.678196
1.900000, 1.050000, -8.050307
1.950000, 1.050000, -8.435939
2.000000, 1.050000, -8.832371
0.000000, 1.100000, -4.486640
0.050000, 1.100000, -4.601365
0.100000, 1.100000, -4.720172
0.150000, 1.100000, -4.840090
0.200000, 1.100000, -4.958316
0.250000, 1.100000, -5.072293
0.300000, 1.100000, -5.179766
0.350000, 1.100000, -5.278842
0.400000, 1.100000, -5.368032
0.450000, 1.100000, -5.446287
0.500000, 1.100000, -5.513018
0.550000, 1.100000, -5.568110
0.600000, 1.100000, -5.611916
0.650000, 1.100000, -5.645248
0.700000, 1.100000, -5.669351
0.750000, 1.100000, -5.685864
0.800000, 1.100000, -5.696785
0.850000, 1.100000, -5.704409
0.900000, 1.100000, -5.711278
0.950000, 1.100000, -5.720112
1.000000, 1.100000, -5.733747
1.050000, 1.100000, -5.755063
1.100000, 1.100000, -5.786920
1.150000, 1.100000, -5.832086
1.200000, 1.100000, -5.893180
1.250000, 1.100000, -5.972608
1.300000, 1.100000, -6.072511
1.350000, 1.100000, -6.194717
1.400000, 1.100000, -6.340702
1.450000, 1.100000, -6.511560
1.500000, 1.100000, -6.707974
1.550000, 1.100000, -6.930211
1.600000, 1.100000, -7.178109
1.650000, 1.100000, -7.451085
1.700000, 1.100000, -7.748148
1.750000, 1.100000, -8.067923
1.800000, 1.100000, -8.408678
1.850000, 1.100000, -8.768362
1.900000, 1.100000, -9.144655
1.950000, 1.100000, -9.535013
2.000000, 1.100000, -9.936731
0.000000, 1.150000, -5.600422
0.050000, 1.150000, -5.718933
0.100000, 1.150000, -5.841447
0.150000, 1.150000, -5.965054
0.200000, 1.150000, -6.087015
0.250000, 1.150000, -6.204830
0.300000, 1.150000, -6.316302
0.350000, 1.150000, -6.419582
0.400000, 1.150000, -6.513215
0.450000, 1.150000, -6.596175
0.500000, 1.150000, -6.667878
0.550000, 1.150000, -6.728200
0.600000, 1.150000, -6.777469
0.650000, 1.150000, -6.816457
0.700000, 1.150000, -6.846355
0.750000, 1.150000, -6.868742
0.800000, 1.150000, -6.885541
0.850000, 1.150000, -6.898975
0.900000, 1.150000, -6.911508
0.950000, 1.150000, -6.925790
1.000000, 1.150000, -6.944592
1.050000, 1.150000, -6.970740
1.100000, 1.150000, -7.007054
1.150000, 1.150000, -7.056280
1.200000, 1.150000, -7.121032
1.250000, 1.150000, -7.203731
1.300000, 1.150000, -7.306551
1.350000, 1.150000, -7.431374
1.400000, 1.150000, -7.579745
1.450000, 1.150000, -7.752840
1.500000, 1.150000, -7.951438
1.550000, 1.150000, -8.175905
1.600000, 1.150000, -8.426182
1.650000, 1.150000, -8.701789
1.700000, 1.150000, -9.001828
1.750000, 1.150000, -9.325007
1.800000, 1.150000, -9.669661
1.850000, 1.150000, -10.033792
1.900000, 1.150000, -10.415106
1.950000, 1.150000, -10.811068
2.000000, 1.150000, -11.218951
0.000000, 1.200000, -6.546536
0.050000, 1.200000, -6.668723
0.100000, 1.200000, -6.794868
0.150000, 1.200000, -6.922129
0.200000, 1.200000, -7.047833
0.250000, 1.200000, -7.169544
0.300000, 1.200000, -7.285115
0.350000, 1.200000, -7.392740
0.400000, 1.200000, -7.490990
0.450000, 1.200000, -7.578850
0.500000, 1.200000, -7.655730
0.550000, 1.200000, -7.721481
0.600000, 1.200000, -7.776392
0.650000, 1.200000, -7.821182
0.700000, 1.200000, -7.856976
0.750000, 1.200000, -7.885276
0.800000, 1.200000, -7.907928
0.850000, 1.200000, -7.927074
0.900000, 1.200000, -7.945101
0.950000, 1.200000, -7.964592
1.000000, 1.200000, -7.988259
1.050000, 1.200000, -8.018887
1.100000, 1.200000, -8.059272
1.150000, 1.200000, -8.112156
1.200000, 1.200000, -8.180170
1.250000, 1.200000, -8.265771
1.300000, 1.200000, -8.371191
1.350000, 1.200000, -8.498387
1.400000, 1.200000, -8.648993
1.450000, 1.200000, -8.824286
1.500000, 1.200000, -9.025151
1.550000, 1.200000, -9.252064
1.600000, 1.200000, -9.505071
1.650000, 1.200000, -9.783788
1.700000, 1.200000, -10.087402
1.750000, 1.200000, -10.414687
1.800000, 1.200000, -10.764025
1.850000, 1.200000, -11.133439
1.900000, 1.200000, -11.520631
1.950000, 1.200000, -11.923037
2.000000, 1.200000, -12.337877
0.000000, 1.250000, -7.047994
0.050000, 1.250000, -7.173778
0.100000, 1.250000, -7.303513
0.150000, 1.250000, -7.434430
0.200000, 1.250000, -7.563926
0.250000, 1.250000, -7.689626
0.300000, 1.250000, -7.809431
0.350000, 1.250000, -7.921569
0.400000, 1.250000, -8.024630
0.450000, 1.250000, -8.117594
0.500000, 1.250000, -8.199853
0.550000, 1.250000, -8.271220
0.600000, 1.250000, -8.331930
0.650000, 1.250000, -8.382633
0.700000, 1.250000, -8.424377
0.750000, 1.250000, -8.458580
0.800000, 1.250000, -8.487002
0.850000, 1.250000, -8.511705
0.900000, 1.250000, -8.535002
0.950000, 1.250000, -8.559413
1.000000, 1.250000, -8.587606
1.050000, 1.250000, -8.622339
1.100000, 1.250000, -8.666403
1.150000, 1.250000, -8.722558
1.200000, 1.250000, -8.793474
1.250000, 1.250000, -8.881669
1.300000, 1.250000, -8.989457
1.350000, 1.250000, -9.118888
1.400000, 1.250000, -9.271704
1.450000, 1.250000, -9.449295
1.500000, 1.250000, -9.652661
1.550000, 1.250000, -9.882387
1.600000, 1.250000, -10.138619
1.650000, 1.250000, -10.421058
1.700000, 1.250000, -10.728956
1.750000, 1.250000, -11.061129
1.800000, 1.250000, -11.415972
1.850000, 1.250000, -11.791496
1.900000, 1.250000, -12.185363
1.950000, 1.250000, -12.594939
2.000000, 1.250000, -13.017352
0.000000, 1.300000, -6.998959
0.050000, 1.300000, -7.128295
0.100000, 1.300000, -7.261617
0.150000, 1.300000, -7.396232
0.200000, 1.300000, -7.529606
0.250000, 1.300000, -7.659421
0.300000, 1.300000, -7.783622
0.350000, 1.300000, -7.900462
0.400000, 1.300000, -8.008536
0.450000, 1.300000, -8.106810
0.500000, 1.300000, -8.194641
0.550000, 1.300000, -8.271788
0.600000, 1.300000, -8.338420
0.650000, 1.300000, -8.395105
0.700000, 1.300000, -8.442804
0.750000, 1.300000, -8.482845
0.800000, 1.300000, -8.516901
0.850000, 1.300000, -8.546952
0.900000, 1.300000, -8.575245
0.950000, 1.300000, -8.604250
1.000000, 1.300000, -8.636604
1.050000, 1.300000, -8.675058
1.100000, 1.300000, -8.722421
1.150000, 1.300000, -8.781494
1.200000, 1.300000, -8.855010
1.250000, 1.300000, -8.945573
1.300000, 1.300000, -9.055596
1.350000, 1.300000, -9.187244
1.400000, 1.300000, -9.342378
1.450000, 1.300000, -9.522509
1.500000, 1.300000, -9.728751
1.550000, 1.300000, -9.961791
1.600000, 1.300000, -10.221864
1.650000, 1.300000, -10.508732
1.700000, 1.300000, -10.821686
1.750000, 1.300000, -11.159547
1.800000, 1.300000, -11.520691
1.850000, 1.300000, -11.903073
1.900000, 1.300000, -12.304275
1.950000, 1.300000, -12.721553
2.000000, 1.300000, -13.151906
0.000000, 1.350000, -6.505144
0.050000, 1.350000, -6.638027
0.100000, 1.350000, -6.774972
0.150000, 1.350000, -6.913362
0.200000, 1.350000, -7.050732
0.250000, 1.350000, -7.184817
0.300000, 1.350000, -7.313596
0.350000, 1.350000, -7.435338
0.400000, 1.350000, -7.548630
0.450000, 1.350000, -7.652409
0.500000, 1.350000, -7.745983
0.550000, 1.350000, -7.829046
0.600000, 1.350000, -7.901683
0.650000, 1.350000, -7.964373
0.700000, 1.350000, -8.017980
0.750000, 1.350000, -8.063739
0.800000, 1.350000, -8.103238
0.850000, 1.350000, -8.138380
0.900000, 1.350000, -8.171357
0.950000, 1.350000, -8.204603
1.000000, 1.350000, -8.240743
1.050000, 1.350000, -8.282546
1.100000, 1.350000, -8.332858
1.150000, 1.350000, -8.394548
1.200000, 1.350000, -8.470436
1.250000, 1.350000, -8.563235
1.300000, 1.350000, -8.675475
1.350000, 1.350000, -8.809448
1.400000, 1.350000, -8.967141
1.450000, 1.350000, -9.150186
1.500000, 1.350000, -9.359805
1.550000, 1.350000, -9.596773
1.600000, 1.350000, -9.861385
1.650000, 1.350000, -10.153438
1.700000, 1.350000, -10.472225
1.750000, 1.350000, -10.816536
1.800000, 1.350000, -11.184681
1.850000, 1.350000, -11.574520
1.900000, 1.350000, -11.983512
1.950000, 1.350000, -12.408771
2.000000, 1.350000, -12.847134
0.000000, 1.400000, -5.843419
0.050000, 1.400000, -5.979882
0.100000, 1.400000, -6.120522
0.150000, 1.400000, -6.262799
0.200000, 1.400000, -6.404312
0.250000, 1.400000, -6.542841
0.300000, 1.400000, -6.676392
0.350000, 1.400000, -6.803238
0.400000, 1.400000, -6.921944
0.450000, 1.400000, -7.031406
0.500000, 1.400000, -7.130868
0.550000, 1.400000, -7.219943
0.600000, 1.400000, -7.298624
0.650000, 1.400000, -7.367289
0.700000, 1.400000, -7.426705
0.750000, 1.400000, -7.478013
0.800000, 1.400000, -7.522714
0.850000, 1.400000, -7.562651
0.900000, 1.400000, -7.599972
0.950000, 1.400000, -7.637093
1.000000, 1.400000, -7.676651
1.050000, 1.400000, -7.721452
1.100000, 1.400000, -7.774411
1.150000, 1.400000, -7.838486
1.200000, 1.400000, -7.916610
1.250000, 1.400000, -8.011619
1.300000, 1.400000, -8.126177
1.350000, 1.400000, -8.262709
1.400000, 1.400000, -8.423331
1.450000, 1.400000, -8.609784
1.500000, 1.400000, -8.823382
1.550000, 1.400000, -9.064963
1.600000, 1.400000, -9.334853
1.650000, 1.400000, -9.632847
1.700000, 1.400000, -9.958195
1.750000, 1.400000, -10.309613
1.800000, 1.400000, -10.685303
1.850000, 1.400000, -11.082988
1.900000, 1.400000, -11.499970
1.950000, 1.400000, -11.933190
2.000000, 1.400000, -12.379308
0.000000, 1.450000, -5.356057
0.050000, 1.450000, -5.496168
0.100000, 1.450000, -5.640608
0.150000, 1.450000, -5.786911
0.200000, 1.450000, -5.932733
0.250000, 1.450000, -6.075893
0.300000, 1.450000, -6.214414
0.350000, 1.450000, -6.346558
0.400000, 1.450000, -6.470860
0.450000, 1.450000, -6.586155
0.500000, 1.450000, -6.691613
0.550000, 1.450000, -6.786754
0.600000, 1.450000, -6.871469
0.650000, 1.450000, -6.946032
0.700000, 1.450000, -7.011106
0.750000, 1.450000, -7.067742
0.800000, 1.450000, -7.117367
0.850000, 1.450000, -7.161773
0.900000, 1.450000, -7.203081
0.950000, 1.450000, -7.243712
1.000000, 1.450000, -7.286339
1.050000, 1.450000, -7.333833
1.100000, 1.450000, -7.389201
1.150000, 1.450000, -7.455514
1.200000, 1.450000, -7.535835
1.250000, 1.450000, -7.633142
1.300000, 1.450000, -7.750239
1.350000, 1.450000, -7.889686
1.400000, 1.450000, -8.053717
1.450000, 1.450000, -8.244167
1.500000, 1.450000, -8.462415
1.550000, 1.450000, -8.709330
1.600000, 1.450000, -8.985230
1.650000, 1.450000, -9.289862
1.700000, 1.450000, -9.622392
1.750000, 1.450000, -9.981414
1.800000, 1.450000, -10.364982
1.850000, 1.450000, -10.770650
1.900000, 1.450000, -11.195532
1.950000, 1.450000, -11.636384
2.000000, 1.450000, -12.089687
0.000000, 1.500000, -5.320003
0.050000, 1.500000, -5.463864
0.100000, 1.500000, -5.612236
0.150000, 1.500000, -5.762723
0.200000, 1.500000, -5.913033
0.250000, 1.500000, -6.061015
0.300000, 1.500000, -6.204697
0.350000, 1.500000, -6.342320
0.400000, 1.500000, -6.472371
0.450000, 1.500000, -6.593618
0.500000, 1.500000, -6.705139
0.550000, 1.500000, -6.806354
0.600000, 1.500000, -6.897044
0.650000, 1.500000, -6.977375
0.700000, 1.500000, -7.047910
0.750000, 1.500000, -7.109614
0.800000, 1.500000, -7.163854
0.850000, 1.500000, -7.212383
0.900000, 1.500000, -7.257320
0.950000, 1.500000, -7.301114
1.000000, 1.500000, -7.346499
1.050000, 1.500000, -7.396437
1.100000, 1.500000, -7.454050
1.150000, 1.500000, -7.522547
1.200000, 1.500000, -7.605136
1.250000, 1.500000, -7.704943
1.300000, 1.500000, -7.824916
1.350000, 1.500000, -7.967741
1.400000, 1.500000, -8.135750
1.450000, 1.500000, -8.330850
1.500000, 1.500000, -8.554451
1.550000, 1.500000, -8.807411
1.600000, 1.500000, -9.089994
1.650000, 1.500000, -9.401855
1.700000, 1.500000, -9.742028
1.750000, 1.500000, -10.108946
1.800000, 1.500000, -10.500479
1.850000, 1.500000, -10.913985
1.900000, 1.500000, -11.346383
1.950000, 1.500000, -11.794244
2.000000, 1.500000, -12.253885
0.000000, 1.550000, -5.841115
0.050000, 1.550000, -5.988855
0.100000, 1.550000, -6.141312
0.150000, 1.550000, -6.296155
0.200000, 1.550000, -6.451135
0.250000, 1.550000, -6.604124
0.300000, 1.550000, -6.753143
0.350000, 1.550000, -6.896400
0.400000, 1.550000, -7.032323
0.450000, 1.550000, -7.159600
0.500000, 1.550000, -7.277209
0.550000, 1.550000, -7.384458
0.600000, 1.550000, -7.481016
0.650000, 1.550000, -7.566940
0.700000, 1.550000, -7.642697
0.750000, 1.550000, -7.709178
0.800000, 1.550000, -7.767700
0.850000, 1.550000, -7.820002
0.900000, 1.550000, -7.868222
0.950000, 1.550000, -7.914863
1.000000, 1.550000, -7.962747
1.050000, 1.550000, -8.014950
1.100000, 1.550000, -8.074734
1.150000, 1.550000, -8.145461
1.200000, 1.550000, -8.230496
1.250000, 1.550000, -8.333116
1.300000, 1.550000, -8.456404
1.350000, 1.550000, -8.603155
1.400000, 1.550000, -8.775778
1.450000, 1.550000, -8.976212
1.500000, 1.550000, -9.205858
1.550000, 1.550000, -9.465515
1.600000, 1.550000, -9.755351
1.650000, 1.550000, -10.074875
1.700000, 1.550000, -10.422952
1.750000, 1.550000, -10.797818
1.800000, 1.550000, -11.197135
1.850000, 1.550000, -11.618057
1.900000, 1.550000, -12.057313
1.950000, 1.550000, -12.511306
2.000000, 1.550000, -12.976231
0.000000, 1.600000, -6.813764
0.050000, 1.600000, -6.965532
0.100000, 1.600000, -7.122239
0.150000, 1.600000, -7.281611
0.200000, 1.600000, -7.441438
0.250000, 1.600000, -7.599604
0.300000, 1.600000, -7.754113
0.350000, 1.600000, -7.903130
0.400000, 1.600000, -8.045012
0.450000, 1.600000, -8.178355
0.500000, 1.600000, -8.302029
0.550000, 1.600000, -8.415227
0.600000, 1.600000, -8.517502
0.650000, 1.600000, -8.608803
0.700000, 1.600000, -8.689511
0.750000, 1.600000, -8.760453
0.800000, 1.600000, -8.822919
0.850000, 1.600000, -8.878652
0.900000, 1.600000, -8.929835
0.950000, 1.600000, -8.979051
1.000000, 1.600000, -9.029236
1.050000, 1.600000, -9.083606
1.100000, 1.600000, -9.145582
1.150000, 1.600000, -9.218688
1.200000, 1.600000, -9.306453
1.250000, 1.600000, -9.412298
1.300000, 1.600000, -9.539427
1.350000, 1.600000, -9.690717
1.400000, 1.600000, -9.868618
1.450000, 1.600000, -10.075063
1.500000, 1.600000, -10.311392
1.550000, 1.600000, -10.578301
1.600000, 1.600000, -10.875807
1.650000, 1.600000, -11.203238
1.700000, 1.600000, -11.559249
1.750000, 1.600000, -11.941860
1.800000, 1.600000, -12.348517
1.850000, 1.600000, -12.776176
1.900000, 1.600000, -13.221400
1.950000, 1.600000, -13.680472
2.000000, 1.600000, -14.149515
0.000000, 1.650000, -7.961221
0.050000, 1.650000, -8.117178
0.100000, 1.650000, -8.278302
0.150000, 1.650000, -8.442372
0.200000, 1.650000, -8.607209
0.250000, 1.650000, -8.770699
0.300000, 1.650000, -8.930822
0.350000, 1.650000, -9.085688
0.400000, 1.650000, -9.233575
0.450000, 1.650000, -9.372977
0.500000, 1.650000, -9.502650
0.550000, 1.650000, -9.621668
0.600000, 1.650000, -9.729467
0.650000, 1.650000, -9.825897
0.700000, 1.650000, -9.911261
0.750000, 1.650000, -9.986339
0.800000, 1.650000, -10.052413
0.850000, 1.650000, -10.111255
0.900000, 1.650000, -10.165120
0.950000, 1.650000, -10.216697
1.000000, 1.650000, -10.269061
1.050000, 1.650000, -10.325589
1.100000, 1.650000, -10.389872
1.150000, 1.650000, -10.465609
1.200000, 1.650000, -10.556484
1.250000, 1.650000, -10.666051
1.300000, 1.650000, -10.797610
1.350000, 1.650000, -10.954086
1.400000, 1.650000, -11.137927
1.450000, 1.650000, -11.351009
1.500000, 1.650000, -11.594567
1.550000, 1.650000, -11.869140
1.600000, 1.650000, -12.174553
1.650000, 1.650000, -12.509914
1.700000, 1.650000, -12.873649
1.750000, 1.650000, -13.263552
1.800000, 1.650000, -13.676864
1.850000, 1.650000, -14.110371
1.900000, 1.650000, -14.560516
1.950000, 1.650000, -15.023521
2.000000, 1.650000, -15.495514
0.000000, 1.700000, -8.941408
0.050000, 1.700000, -9.101716
0.100000, 1.700000, -9.267420
0.150000, 1.700000, -9.436343
0.200000, 1.700000, -9.606329
0.250000, 1.700000, -9.775262
0.300000, 1.700000, -9.941087
0.350000, 1.700000, -10.101853
0.400000, 1.700000, -10.255748
0.450000, 1.700000, -10.401160
0.500000, 1.700000, -10.536724
0.550000, 1.700000, -10.661394
0.600000, 1.700000, -10.774494
0.650000, 1.700000, -10.875780
0.700000, 1.700000, -10.965492
0.750000, 1.700000, -11.044382
0.800000, 1.700000, -11.113744
0.850000, 1.700000, -11.175407
0.900000, 1.700000, -11.231722
0.950000, 1.700000, -11.285513
1.000000, 1.700000, -11.340015
1.050000, 1.700000, -11.398782
1.100000, 1.700000, -11.465588
1.150000, 1.700000, -11.544300
1.200000, 1.700000, -11.638750
1.250000, 1.700000, -11.752602
1.300000, 1.700000, -11.889215
1.350000, 1.700000, -12.051524
1.400000, 1.700000, -12.241926
1.450000, 1.700000, -12.462191
1.500000, 1.700000, -12.713391
1.550000, 1.700000, -12.995868
1.600000, 1.700000, -13.309216
1.650000, 1.700000, -13.652301
1.700000, 1.700000, -14.023312
1.750000, 1.700000, -14.419828
1.800000, 1.700000, -14.838914
1.850000, 1.700000, -15.277237
1.900000, 1.700000, -15.731184
1.950000, 1.700000, -16.196992
2.000000, 1.700000, -16.670881
0.000000, 1.750000, -9.477609
0.050000, 1.750000, -9.642428
0.100000, 1.750000, -9.812858
0.150000, 1.750000, -9.986765
0.200000, 1.750000, -10.162013
0.250000, 1.750000, -10.336472
0.300000, 1.750000, -10.508051
0.350000, 1.750000, -10.674726
0.400000, 1.750000, -10.834593
0.450000, 1.750000, -10.985924
0.500000, 1.750000, -11.127236
0.550000, 1.750000, -11.257358
0.600000, 1.750000, -11.375511
0.650000, 1.750000, -11.481367
0.700000, 1.750000, -11.575117
0.750000, 1.750000, -11.657506
0.800000, 1.750000, -11.729864
0.850000, 1.750000, -11.794104
0.900000, 1.750000, -11.852699
0.950000, 1.750000, -11.908632
1.000000, 1.750000, -11.965316
1.050000, 1.750000, -12.026496
1.100000, 1.750000, -12.096130
1.150000, 1.750000, -12.178245
1.200000, 1.750000, -12.276802
1.250000, 1.750000, -12.395541
1.300000, 1.750000, -12.537843
1.350000, 1.750000, -12.706602
1.400000, 1.750000, -12.904111
1.450000, 1.750000, -13.131980
1.500000, 1.750000, -13.391076
1.550000, 1.750000, -13.681501
1.600000, 1.750000, -14.002593
1.650000, 1.750000, -14.352970
1.700000, 1.750000, -14.730594
1.750000, 1.750000, -15.132860
1.800000, 1.750000, -15.556709
1.850000, 1.750000, -15.998756
1.900000, 1.750000, -16.455410
1.950000, 1.750000, -16.923014
2.000000, 1.750000, -17.397965
0.000000, 1.800000, -9.464224
0.050000, 1.800000, -9.633697
0.100000, 1.800000, -9.808978
0.150000, 1.800000, -9.987973
0.200000, 1.800000, -10.168558
0.250000, 1.800000, -10.348592
0.300000, 1.800000, -10.525935
0.350000, 1.800000, -10.698491
0.400000, 1.800000, -10.864254
0.450000, 1.800000, -11.021381
0.500000, 1.800000, -11.168264
0.550000, 1.800000, -11.303618
0.600000, 1.800000, -11.426561
0.650000, 1.800000, -11.536697
0.700000, 1.800000, -11.634184
0.750000, 1.800000, -11.719782
0.800000, 1.800000, -11.794884
0.850000, 1.800000, -11.861510
0.900000, 1.800000, -11.922282
0.950000, 1.800000, -11.980363
1.000000, 1.800000, -12.039360
1.050000, 1.800000, -12.103216
1.100000, 1.800000, -12.176064
1.150000, 1.800000, -12.262079
1.200000, 1.800000, -12.365319
1.250000, 1.800000, -12.489564
1.300000, 1.800000, -12.638166
1.350000, 1.800000, -12.813926
1.400000, 1.800000, -13.018980
1.450000, 1.800000, -13.254727
1.500000, 1.800000, -13.521789
1.550000, 1.800000, -13.819998
1.600000, 1.800000, -14.148430
1.650000, 1.800000, -14.505462
1.700000, 1.800000, -14.888860
1.750000, 1.800000, -15.295889
1.800000, 1.800000, -15.723436
1.850000, 1.800000, -16.168142
1.900000, 1.800000, -16.626534
1.950000, 1.800000, -17.095149
2.000000, 1.800000, -17.570641
0.000000, 1.850000, -9.007154
0.050000, 1.850000, -9.181401
0.100000, 1.850000, -9.361629
0.150000, 1.850000, -9.545780
0.200000, 1.850000, -9.731744
0.250000, 1.850000, -9.917360
0.300000, 1.850000, -10.100441
0.350000, 1.850000, -10.278811
0.400000, 1.850000, -10.450363
0.450000, 1.850000, -10.613133
0.500000, 1.850000, -10.765391
0.550000, 1.850000, -10.905740
0.600000, 1.850000, -11.033206
0.650000, 1.850000, -11.147337
0.700000, 1.850000, -11.248280
0.750000, 1.850000, -11.336831
0.800000, 1.850000, -11.414469
0.850000, 1.850000, -11.483352
0.900000, 1.850000, -11.546272
0.950000, 1.850000, -11.606588
1.000000, 1.850000, -11.668115
1.050000, 1.850000, -11.734987
1.100000, 1.850000, -11.811506
1.150000, 1.850000, -11.901969
1.200000, 1.850000, -12.010491
1.250000, 1.850000, -12.140846
1.300000, 1.850000, -12.296307
1.350000, 1.850000, -12.479524
1.400000, 1.850000, -12.692424
1.450000, 1.850000, -12.936153
1.500000, 1.850000, -13.211053
1.550000, 1.850000, -13.516678
1.600000, 1.850000, -13.851847
1.650000, 1.850000, -14.214728
1.700000, 1.850000, -14.602942
1.750000, 1.850000, -15.013694
1.800000, 1.850000, -15.443901
1.850000, 1.850000, -15.890326
1.900000, 1.850000, -16.349703
1.950000, 1.850000, -16.818845
2.000000, 1.850000, -17.294734
0.000000, 1.900000, -8.383395
0.050000, 1.900000, -8.562508
0.100000, 1.900000, -8.747745
0.150000, 1.900000, -8.937084
0.200000, 1.900000, -9.128428
0.250000, 1.900000, -9.319597
0.300000, 1.900000, -9.508355
0.350000, 1.900000, -9.692442
0.400000, 1.900000, -9.869647
0.450000, 1.900000, -10.037886
0.500000, 1.900000, -10.195311
0.550000, 1.900000, -10.340412
0.600000, 1.900000, -10.472139
0.650000, 1.900000, -10.589999
0.700000, 1.900000, -10.694143
0.750000, 1.900000, -10.785432
0.800000, 1.900000, -10.865456
0.850000, 1.900000, -10.936531
0.900000, 1.900000, -11.001644
0.950000, 1.900000, -11.064363
1.000000, 1.900000, -11.128711
1.050000, 1.900000, -11.199013
1.100000, 1.900000, -11.279714
1.150000, 1.900000, -11.375198
1.200000, 1.900000, -11.489598
1.250000, 1.900000, -11.626628
1.300000, 1.900000, -11.789423
1.350000, 1.900000, -11.980431
1.400000, 1.900000, -12.201320
1.450000, 1.900000, -12.452950
1.500000, 1.900000, -12.735366
1.550000, 1.900000, -13.047848
1.600000, 1.900000, -13.388986
1.650000, 1.900000, -13.756787
1.700000, 1.900000, -14.148803
1.750000, 1.900000, -14.562262
1.800000, 1.900000, -14.994208
1.850000, 1.900000, -15.441618
1.900000, 1.900000, -15.901519
1.950000, 1.900000, -16.371068
2.000000, 1.900000, -16.847612
0.000000, 1.950000, -7.935279
0.050000, 1.950000, -8.119314
0.100000, 1.950000, -8.309584
0.150000, 1.950000, -8.504106
0.200000, 1.950000, -8.700794
0.250000, 1.950000, -8.897453
0.300000, 1.950000, -9.091794
0.350000, 1.950000, -9.281477
0.400000, 1.950000, -9.464181
0.450000, 1.950000, -9.637705
0.500000, 1.950000, -9.800080
0.550000, 1.950000, -9.949699
0.600000, 1.950000, -10.085439
0.650000, 1.950000, -10.206784
0.700000, 1.950000, -10.313914
0.750000, 1.950000, -10.407773
0.800000, 1.950000, -10.490090
0.850000, 1.950000, -10.563362
0.900000, 1.950000, -10.630786
0.950000, 1.950000, -10.696149
1.000000, 1.950000, -10.763682
1.050000, 1.950000, -10.837880
1.100000, 1.950000, -10.923308
1.150000, 1.950000, -11.024395
1.200000, 1.950000, -11.145240
1.250000, 1.950000, -11.289439
1.300000, 1.950000, -11.459938
1.350000, 1.950000, -11.658925
1.400000, 1.950000, -11.887776
1.450000, 1.950000, -12.147038
1.500000, 1.950000, -12.436463
1.550000, 1.950000, -12.755078
1.600000, 1.950000, -13.101293
1.650000, 1.950000, -13.473028
1.700000, 1.950000, -13.867847
1.750000, 1.950000, -14.283102
1.800000, 1.950000, -14.716057
1.850000, 1.950000, -15.163996
1.900000, 1.950000, -15.624304
1.950000, 1.950000, -16.094522
2.000000, 1.950000, -16.572372
0.000000, 2.000000, -7.939737
0.050000, 2.000000, -8.128716
0.100000, 2.000000, -8.324006
0.150000, 2.000000, -8.523665
0.200000, 2.000000, -8.725629
0.250000, 2.000000, -8.927685
0.300000, 2.000000, -9.127494
0.350000, 2.000000, -9.322631
0.400000, 2.000000, -9.510671
0.450000, 2.000000, -9.689291
0.500000, 2.000000, -9.856408
0.550000, 2.000000, -10.010320
0.600000, 2.000000, -10.149848
0.650000, 2.000000, -10.274467
0.700000, 2.000000, -10.384409
0.750000, 2.000000, -10.480724
0.800000, 2.000000, -10.565303
0.850000, 2.000000, -10.640844
0.900000, 2.000000, -10.710768
0.950000, 2.000000, -10.779084
1.000000, 2.000000, -10.850222
1.050000, 2.000000, -10.928825
1.100000, 2.000000, -11.019539
1.150000, 2.000000, -11.126791
1.200000, 2.000000, -11.254593
1.250000, 2.000000, -11.406365
1.300000, 2.000000, -11.584804
1.350000, 2.000000, -11.791801
1.400000, 2.000000, -12.028407
1.450000, 2.000000, -12.294854
1.500000, 2.000000, -12.590617
1.550000, 2.000000, -12.914516
1.600000, 2.000000, -13.264850
1.650000, 2.000000, -13.639534
1.700000, 2.000000, -14.036249
1.750000, 2.000000, -14.452566
1.800000, 2.000000, -14.886062
1.850000, 2.000000, -15.334398
1.900000, 2.000000, -15.795361
1.950000, 2.000000, -16.266885
2.000000, 2.000000, -16.747031
