0.000000, 0.000000, -0.286421
0.050000, 0.000000, -0.107250
0.100000, 0.000000, -0.043717
0.150000, 0.000000, -0.165668
0.200000, 0.000000, -0.472770
0.250000, 0.000000, -0.894526
0.300000, 0.000000, -1.317036
0.350000, 0.000000, -1.626303
0.400000, 0.000000, -1.751544
0.450000, 0.000000, -1.691958
0.500000, 0.000000, -1.516751
0.550000, 0.000000, -1.338397
0.600000, 0.000000, -1.269371
0.650000, 0.000000, -1.378878
0.700000, 0.000000, -1.666118
0.750000, 0.000000, -2.060307
0.800000, 0.000000, -2.447448
0.850000, 0.000000, -2.713643
0.900000, 0.000000, -2.788393
0.950000, 0.000000, -2.671365
1.000000, 0.000000, -2.432406
1.050000, 0.000000, -2.184783
1.100000, 0.000000, -2.041904
1.150000, 0.000000, -2.074016
1.200000, 0.000000, -2.281451
1.250000, 0.000000, -2.594614
1.300000, 0.000000, -2.900730
1.350000, 0.000000, -3.087120
1.400000, 0.000000, -3.084475
1.450000, 0.000000, -2.893594
1.500000, 0.000000, -2.585366
1.550000, 0.000000, -2.273991
1.600000, 0.000000, -2.073670
1.650000, 0.000000, -2.055291
1.700000, 0.000000, -2.219653
1.750000, 0.000000, -2.497449
1.800000, 0.000000, -2.775998
1.850000, 0.000000, -2.942525
1.900000, 0.000000, -2.927436
1.950000, 0.000000, -2.731062
2.000000, 0.000000, -2.423651
0.000000, 0.050000, -0.284898
0.050000, 0.050000, -0.122767
0.100000, 0.050000, -0.076070
0.150000, 0.050000, -0.214518
0.200000, 0.050000, -0.537656
0.250000, 0.050000, -0.974873
0.300000, 0.050000, -1.412169
0.350000, 0.050000, -1.735465
0.400000, 0.050000, -1.873913
0.450000, 0.050000, -1.826667
0.500000, 0.050000, -1.662908
0.550000, 0.050000, -1.495107
0.600000, 0.050000, -1.435758
0.650000, 0.050000, -1.554103
0.700000, 0.050000, -1.849402
0.750000, 0.050000, -2.250947
0.800000, 0.050000, -2.644835
0.850000, 0.050000, -2.917274
0.900000, 0.050000, -2.997881
0.950000, 0.050000, -2.886453
1.000000, 0.050000, -2.652964
1.050000, 0.050000, -2.410817
1.100000, 0.050000, -2.273549
1.150000, 0.050000, -2.311534
1.200000, 0.050000, -2.525223
1.250000, 0.050000, -2.845126
1.300000, 0.050000, -3.158562
1.350000, 0.050000, -3.352929
1.400000, 0.050000, -3.358975
1.450000, 0.050000, -3.177541
1.500000, 0.050000, -2.879533
1.550000, 0.050000, -2.579148
1.600000, 0.050000, -2.390563
1.650000, 0.050000, -2.384620
1.700000, 0.050000, -2.562056
1.750000, 0.050000, -2.853479
1.800000, 0.050000, -3.146111
1.850000, 0.050000, -3.327063
1.900000, 0.050000, -3.326618
1.950000, 0.050000, -3.144975
2.000000, 0.050000, -2.852246
0.000000, 0.100000, -0.100124
0.050000, 0.100000, 0.045172
0.100000, 0.100000, 0.075388
0.150000, 0.100000, -0.079044
0.200000, 0.100000, -0.417537
0.250000, 0.100000, -0.869361
0.300000, 0.100000, -1.320414
0.350000, 0.100000, -1.656533
0.400000, 0.100000, -1.806807
0.450000, 0.100000, -1.770346
0.500000, 0.100000, -1.616309
0.550000, 0.100000, -1.457169
0.600000, 0.100000, -1.405438
0.650000, 0.100000, -1.530401
0.700000, 0.100000, -1.831376
0.750000, 0.100000, -2.237731
0.800000, 0.100000, -2.635654
0.850000, 0.100000, -2.911452
0.900000, 0.100000, -2.994855
0.950000, 0.100000, -2.885773
1.000000, 0.100000, -2.654298
1.050000, 0.100000, -2.413950
1.100000, 0.100000, -2.278377
1.150000, 0.100000, -2.318057
1.200000, 0.100000, -2.533534
1.250000, 0.100000, -2.855399
1.300000, 0.100000, -3.171034
1.350000, 0.100000, -3.367885
1.400000, 0.100000, -3.376728
1.450000, 0.100000, -3.198409
1.500000, 0.100000, -2.903823
1.550000, 0.100000, -2.607133
1.600000, 0.100000, -2.422461
1.650000, 0.100000, -2.420578
1.700000, 0.100000, -2.602128
1.750000, 0.100000, -2.897615
1.800000, 0.100000, -3.194140
1.850000, 0.100000, -3.378687
1.900000, 0.100000, -3.381401
1.950000, 0.100000, -3.202338
2.000000, 0.100000, -2.911469
0.000000, 0.150000, 0.154795
0.050000, 0.150000, 0.283593
0.100000, 0.150000, 0.297825
0.150000, 0.150000, 0.128092
0.200000, 0.150000, -0.224860
0.250000, 0.150000, -0.690163
0.300000, 0.150000, -1.153595
0.350000, 0.150000, -1.500891
0.400000, 0.150000, -1.661060
0.450000, 0.150000, -1.633157
0.500000, 0.150000, -1.486309
0.550000, 0.150000, -1.332973
0.600000, 0.150000, -1.285675
0.650000, 0.150000, -1.413728
0.700000, 0.150000, -1.716497
0.750000, 0.150000, -2.123414
0.800000, 0.150000, -2.520743
0.850000, 0.150000, -2.794880
0.900000, 0.150000, -2.875649
0.950000, 0.150000, -2.763058
1.000000, 0.150000, -2.527300
1.050000, 0.150000, -2.281992
1.100000, 0.150000, -2.140874
1.150000, 0.150000, -2.174509
1.200000, 0.150000, -2.383512
1.250000, 0.150000, -2.698537
1.300000, 0.150000, -3.007010
1.350000, 0.150000, -3.196404
1.400000, 0.150000, -3.197508
1.450000, 0.150000, -3.011161
1.500000, 0.150000, -2.708232
1.550000, 0.150000, -2.402842
1.600000, 0.150000, -2.209056
1.650000, 0.150000, -2.197571
1.700000, 0.150000, -2.368945
1.750000, 0.150000, -2.653585
1.800000, 0.150000, -2.938490
1.850000, 0.150000, -3.110532
1.900000, 0.150000, -3.099745
1.950000, 0.150000, -2.906080
2.000000, 0.150000, -2.599401
0.000000, 0.200000, 0.340129
0.050000, 0.200000, 0.452892
0.100000, 0.200000, 0.451769
0.150000, 0.200000, 0.267576
0.200000, 0.200000, -0.098745
0.250000, 0.200000, -0.576147
0.300000, 0.200000, -1.050255
0.350000, 0.200000, -1.406674
0.400000, 0.200000, -1.574307
0.450000, 0.200000, -1.552127
0.500000, 0.200000, -1.409206
0.550000, 0.200000, -1.257974
0.600000, 0.200000, -1.210946
0.650000, 0.200000, -1.337454
0.700000, 0.200000, -1.636900
0.750000, 0.200000, -2.038769
0.800000, 0.200000, -2.429397
0.850000, 0.200000, -2.695263
0.900000, 0.200000, -2.766283
0.950000, 0.200000, -2.642566
1.000000, 0.200000, -2.394407
1.050000, 0.200000, -2.135528
1.100000, 0.200000, -1.979771
1.150000, 0.200000, -1.997796
1.200000, 0.200000, -2.190307
1.250000, 0.200000, -2.488040
1.300000, 0.200000, -2.778492
1.350000, 0.200000, -2.949194
1.400000, 0.200000, -2.930982
1.450000, 0.200000, -2.724730
1.500000, 0.200000, -2.401329
1.550000, 0.200000, -2.074912
1.600000, 0.200000, -1.859545
1.650000, 0.200000, -1.825916
1.700000, 0.200000, -1.974573
1.750000, 0.200000, -2.235905
1.800000, 0.200000, -2.496890
1.850000, 0.200000, -2.644387
1.900000, 0.200000, -2.608415
1.950000, 0.200000, -2.388919
2.000000, 0.200000, -2.055768
0.000000, 0.250000, 0.343020
0.050000, 0.250000, 0.440322
0.100000, 0.250000, 0.424593
0.150000, 0.250000, 0.226921
0.200000, 0.250000, -0.151500
0.250000, 0.250000, -0.639395
0.300000, 0.250000, -1.122187
0.350000, 0.250000, -1.485312
0.400000, 0.250000, -1.657531
0.450000, 0.250000, -1.637710
0.500000, 0.250000, -1.494844
0.550000, 0.250000, -1.341317
0.600000, 0.250000, -1.289631
0.650000, 0.250000, -1.409134
0.700000, 0.250000, -1.699270
0.750000, 0.250000, -2.089595
0.800000, 0.250000, -2.466536
0.850000, 0.250000, -2.716683
0.900000, 0.250000, -2.770084
0.950000, 0.250000, -2.626991
1.000000, 0.250000, -2.357857
1.050000, 0.250000, -2.076564
1.100000, 0.250000, -1.897124
1.150000, 0.250000, -1.890370
1.200000, 0.250000, -2.057179
1.250000, 0.250000, -2.328455
1.300000, 0.250000, -2.591862
1.350000, 0.250000, -2.735094
1.400000, 0.250000, -2.689142
1.450000, 0.250000, -2.455028
1.500000, 0.250000, -2.103785
1.550000, 0.250000, -1.749682
1.600000, 0.250000, -1.506913
1.650000, 0.250000, -1.446291
1.700000, 0.250000, -1.568483
1.750000, 0.250000, -1.803993
1.800000, 0.250000, -2.039916
1.850000, 0.250000, -2.163224
1.900000, 0.250000, -2.104053
1.950000, 0.250000, -1.862467
2.000000, 0.250000, -1.508457
0.000000, 0.300000, 0.120750
0.050000, 0.300000, 0.203266
0.100000, 0.300000, 0.173779
0.150000, 0.300000, -0.036270
0.200000, 0.300000, -0.425368
0.250000, 0.300000, -0.921947
0.300000, 0.300000, -1.411177
0.350000, 0.300000, -1.778274
0.400000, 0.300000, -1.951827
0.450000, 0.300000, -1.930570
0.500000, 0.300000, -1.783408
0.550000, 0.300000, -1.622685
0.600000, 0.300000, -1.560904
0.650000, 0.300000, -1.667457
0.700000, 0.300000, -1.941876
0.750000, 0.300000, -2.313843
0.800000, 0.300000, -2.669948
0.850000, 0.300000, -2.896979
0.900000, 0.300000, -2.925210
0.950000, 0.300000, -2.755147
1.000000, 0.300000, -2.457519
1.050000, 0.300000, -2.146504
1.100000, 0.300000, -1.936422
1.150000, 0.300000, -1.898425
1.200000, 0.300000, -2.033717
1.250000, 0.300000, -2.273531
1.300000, 0.300000, -2.505857
1.350000, 0.300000, -2.618714
1.400000, 0.300000, -2.543407
1.450000, 0.300000, -2.281267
1.500000, 0.300000, -1.903621
1.550000, 0.300000, -1.525017
1.600000, 0.300000, -1.259913
1.650000, 0.300000, -1.179370
1.700000, 0.300000, -1.284281
1.750000, 0.300000, -1.505361
1.800000, 0.300000, -1.729893
1.850000, 0.300000, -1.845017
1.900000, 0.300000, -1.781017
1.950000, 0.300000, -1.538082
2.000000, 0.300000, -1.186308
0.000000, 0.350000, -0.282741
0.050000, 0.350000, -0.214255
0.100000, 0.350000, -0.256565
0.150000, 0.350000, -0.477791
0.200000, 0.350000, -0.876011
0.250000, 0.350000, -1.379296
0.300000, 0.350000, -1.872499
0.350000, 0.350000, -2.240576
0.400000, 0.350000, -2.411912
0.450000, 0.350000, -2.385102
0.500000, 0.350000, -2.228976
0.550000, 0.350000, -2.055868
0.600000, 0.350000, -1.978339
0.650000, 0.350000, -2.065900
0.700000, 0.350000, -2.318271
0.750000, 0.350000, -2.665377
0.800000, 0.350000, -2.994109
0.850000, 0.350000, -3.191606
0.900000, 0.350000, -3.188540
0.950000, 0.350000, -2.985854
1.000000, 0.350000, -2.654743
1.050000, 0.350000, -2.309882
1.100000, 0.350000, -2.066101
1.150000, 0.350000, -1.995073
1.200000, 0.350000, -2.098526
1.250000, 0.350000, -2.308208
1.300000, 0.350000, -2.512617
1.350000, 0.350000, -2.600252
1.400000, 0.350000, -2.502877
1.450000, 0.350000, -2.222242
1.500000, 0.350000, -1.830057
1.550000, 0.350000, -1.441207
1.600000, 0.350000, -1.170435
1.650000, 0.350000, -1.089034
1.700000, 0.350000, -1.198072
1.750000, 0.350000, -1.428377
1.800000, 0.350000, -1.667284
1.850000, 0.350000, -1.801919
1.900000, 0.350000, -1.762494
1.950000, 0.350000, -1.549056
2.000000, 0.350000, -1.231501
0.000000, 0.400000, -0.753407
0.050000, 0.400000, -0.698128
0.100000, 0.400000, -0.752263
0.150000, 0.400000, -0.983385
0.200000, 0.400000, -1.389069
0.250000, 0.400000, -1.896940
0.300000, 0.400000, -2.391477
0.350000, 0.400000, -2.757337
0.400000, 0.400000, -2.922692
0.450000, 0.400000, -2.886016
0.500000, 0.400000, -2.716111
0.550000, 0.400000, -2.525380
0.600000, 0.400000, -2.426550
0.650000, 0.400000, -2.489393
0.700000, 0.400000, -2.713978
0.750000, 0.400000, -3.030666
0.800000, 0.400000, -3.326859
0.850000, 0.400000, -3.490275
0.900000, 0.400000, -3.452221
0.950000, 0.400000, -3.214322
1.000000, 0.400000, -2.848484
1.050000, 0.400000, -2.470110
1.100000, 0.400000, -2.194766
1.150000, 0.400000, -2.094847
1.200000, 0.400000, -2.172776
1.250000, 0.400000, -2.360963
1.300000, 0.400000, -2.548507
1.350000, 0.400000, -2.624447
1.400000, 0.400000, -2.521008
1.450000, 0.400000, -2.240313
1.500000, 0.400000, -1.854347
1.550000, 0.400000, -1.478164
1.600000, 0.400000, -1.226570
1.650000, 0.400000, -1.170803
1.700000, 0.400000, -1.311759
1.750000, 0.400000, -1.579982
1.800000, 0.400000, -1.862406
1.850000, 0.400000, -2.045651
1.900000, 0.400000, -2.059312
1.950000, 0.400000, -1.902733
2.000000, 0.400000, -1.645016
0.000000, 0.450000, -1.150388
0.050000, 0.450000, -1.107448
0.100000, 0.450000, -1.172369
0.150000, 0.450000, -1.412049
0.200000, 0.450000, -1.823456
0.250000, 0.450000, -2.333686
0.300000, 0.450000, -2.826786
0.350000, 0.450000, -3.187093
0.400000, 0.450000, -3.342583
0.450000, 0.450000, -3.291660
0.500000, 0.450000, -3.103198
0.550000, 0.450000, -2.889804
0.600000, 0.450000, -2.764547
0.650000, 0.450000, -2.797668
0.700000, 0.450000, -2.989827
0.750000, 0.450000, -3.272083
0.800000, 0.450000, -3.532625
0.850000, 0.450000, -3.660038
0.900000, 0.450000, -3.586547
0.950000, 0.450000, -3.314723
1.000000, 0.450000, -2.917433
1.050000, 0.450000, -2.511022
1.100000, 0.450000, -2.211959
1.150000, 0.450000, -2.093476
1.200000, 0.450000, -2.158750
1.250000, 0.450000, -2.340832
1.300000, 0.450000, -2.529340
1.350000, 0.450000, -2.613684
1.400000, 0.450000, -2.526301
1.450000, 0.450000, -2.269359
1.500000, 0.450000, -1.914711
1.550000, 0.450000, -1.577103
1.600000, 0.450000, -1.370850
1.650000, 0.450000, -1.366530
1.700000, 0.450000, -1.564215
1.750000, 0.450000, -1.893474
1.800000, 0.450000, -2.240131
1.850000, 0.450000, -2.489584
1.900000, 0.450000, -2.570115
1.950000, 0.450000, -2.479689
2.000000, 0.450000, -2.285995
0.000000, 0.500000, -1.359531
0.050000, 0.500000, -1.328040
0.100000, 0.500000, -1.402683
0.150000, 0.500000, -1.649552
0.200000, 0.500000, -2.064886
0.250000, 0.500000, -2.575171
0.300000, 0.500000, -3.063976
0.350000, 0.500000, -3.415319
0.400000, 0.500000, -3.557029
0.450000, 0.500000, -3.487549
0.500000, 0.500000, -3.275975
0.550000, 0.500000, -3.035327
0.600000, 0.500000, -2.879260
0.650000, 0.500000, -2.878771
0.700000, 0.500000, -3.035417
0.750000, 0.500000, -3.281277
0.800000, 0.500000, -3.505657
0.850000, 0.500000, -3.598312
0.900000, 0.500000, -3.492665
0.950000, 0.500000, -3.192474
1.000000, 0.500000, -2.771743
1.050000, 0.500000, -2.347866
1.100000, 0.500000, -2.038235
1.150000, 0.500000, -1.916854
1.200000, 0.500000, -1.987482
1.250000, 0.500000, -2.183541
1.300000, 0.500000, -2.394787
1.350000, 0.500000, -2.510526
1.400000, 0.500000, -2.462836
1.450000, 0.500000, -2.253274
1.500000, 0.500000, -1.952837
1.550000, 0.500000, -1.675182
1.600000, 0.500000, -1.533326
1.650000, 0.500000, -1.596368
1.700000, 0.500000, -1.862749
1.750000, 0.500000, -2.260297
1.800000, 0.500000, -2.673033
1.850000, 0.500000, -2.984525
1.900000, 0.500000, -3.121257
1.950000, 0.500000, -3.079471
2.000000, 0.500000, -2.925256
0.000000, 0.550000, -1.336695
0.050000, 0.550000, -1.315756
0.100000, 0.550000, -1.399060
0.150000, 0.550000, -1.651734
0.200000, 0.550000, -2.069171
0.250000, 0.550000, -2.577161
0.300000, 0.550000, -3.058769
0.350000, 0.550000, -3.397728
0.400000, 0.550000, -3.521815
0.450000, 0.550000, -3.429672
0.500000, 0.550000, -3.190844
0.550000, 0.550000, -2.919036
0.600000, 0.550000, -2.728816
0.650000, 0.550000, -2.692284
0.700000, 0.550000, -2.812259
0.750000, 0.550000, -3.022199
0.800000, 0.550000, -3.212849
0.850000, 0.550000, -3.275423
0.900000, 0.550000, -3.144754
0.950000, 0.550000, -2.825917
1.000000, 0.550000, -2.394074
1.050000, 0.550000, -1.967576
1.100000, 0.550000, -1.664525
1.150000, 0.550000, -1.559348
1.200000, 0.550000, -1.655912
1.250000, 0.550000, -1.887411
1.300000, 0.550000, -2.143035
1.350000, 0.550000, -2.311183
1.400000, 0.550000, -2.322708
1.450000, 0.550000, -2.177643
1.500000, 0.550000, -1.945207
1.550000, 0.550000, -1.737069
1.600000, 0.550000, -1.664112
1.650000, 0.550000, -1.793207
1.700000, 0.550000, -2.120556
1.750000, 0.550000, -2.571801
1.800000, 0.550000, -3.028905
1.850000, 0.550000, -3.373579
1.900000, 0.550000, -3.530718
1.950000, 0.550000, -3.495301
2.000000, 0.550000, -3.332537
0.000000, 0.600000, -1.124295
0.050000, 0.600000, -1.113033
0.100000, 0.600000, -1.203956
0.150000, 0.600000, -1.461062
0.200000, 0.600000, -1.878770
0.250000, 0.600000, -2.382103
0.300000, 0.600000, -2.853615
0.350000, 0.600000, -3.176825
0.400000, 0.600000, -3.279611
0.450000, 0.600000, -3.161042
0.500000, 0.600000, -2.891403
0.550000, 0.600000, -2.585443
0.600000, 0.600000, -2.359023
0.650000, 0.600000, -2.285751
0.700000, 0.600000, -2.370096
0.750000, 0.600000, -2.547242
0.800000, 0.600000, -2.709662
0.850000, 0.600000, -2.750213
0.900000, 0.600000, -2.605214
0.950000, 0.600000, -2.280987
1.000000, 0.600000, -1.853643
1.050000, 0.600000, -1.442118
1.100000, 0.600000, -1.164696
1.150000, 0.600000, -1.095550
1.200000, 0.600000, -1.237846
1.250000, 0.600000, -1.523643
1.300000, 0.600000, -1.840575
1.350000, 0.600000, -2.075116
1.400000, 0.600000, -2.155879
1.450000, 0.600000, -2.080423
1.500000, 0.600000, -1.915338
1.550000, 0.600000, -1.769614
1.600000, 0.600000, -1.751500
1.650000, 0.600000, -1.925389
1.700000, 0.600000, -2.285260
1.750000, 0.600000, -2.754882
1.800000, 0.600000, -3.214788
1.850000, 0.600000, -3.545765
1.900000, 0.600000, -3.672356
1.950000, 0.600000, -3.589787
2.000000, 0.600000, -3.364136
0.000000, 0.650000, -0.834802
0.050000, 0.650000, -0.832379
0.100000, 0.650000, -0.929918
0.150000, 0.650000, -1.190114
0.200000, 0.650000, -1.606277
0.250000, 0.650000, -2.102605
0.300000, 0.650000, -2.561168
0.350000, 0.650000, -2.865387
0.400000, 0.650000, -2.943455
0.450000, 0.650000, -2.795163
0.500000, 0.650000, -2.491914
0.550000, 0.650000, -2.149910
0.600000, 0.650000, -1.886751
0.650000, 0.650000, -1.777970
0.700000, 0.650000, -1.830065
0.750000, 0.650000, -1.980236
0.800000, 0.650000, -2.122853
0.850000, 0.650000, -2.152440
0.900000, 0.650000, -2.006655
0.950000, 0.650000, -1.692737
1.000000, 0.650000, -1.287224
1.050000, 0.650000, -0.908937
1.100000, 0.650000, -0.675479
1.150000, 0.650000, -0.659778
1.200000, 0.650000, -0.863220
1.250000, 0.650000, -1.215606
1.300000, 0.650000, -1.601917
1.350000, 0.650000, -1.905683
1.400000, 0.650000, -2.052407
1.450000, 0.650000, -2.036506
1.500000, 0.650000, -1.921544
1.550000, 0.650000, -1.813738
1.600000, 0.650000, -1.818963
1.650000, 0.650000, -1.999758
1.700000, 0.650000, -2.348878
1.750000, 0.650000, -2.789580
1.800000, 0.650000, -3.202644
1.850000, 0.650000, -3.469900
1.900000, 0.650000, -3.517700
1.950000, 0.650000, -3.343810
2.000000, 0.650000, -3.017492
0.000000, 0.700000, -0.607474
0.050000, 0.700000, -0.613110
0.100000, 0.700000, -0.716326
0.150000, 0.700000, -0.978315
0.200000, 0.700000, -1.391155
0.250000, 0.700000, -1.878173
0.300000, 0.700000, -2.321019
0.350000, 0.700000, -2.603190
0.400000, 0.700000, -2.653471
0.450000, 0.700000, -2.472754
0.500000, 0.700000, -2.133992
0.550000, 0.700000, -1.755318
0.600000, 0.700000, -1.456528
0.650000, 0.700000, -1.315497
0.700000, 0.700000, -1.341059
0.750000, 0.700000, -1.472601
0.800000, 0.700000, -1.606379
0.850000, 0.700000, -1.638372
0.900000, 0.700000, -1.507141
0.950000, 0.700000, -1.220190
1.000000, 0.700000, -0.853629
1.050000, 0.700000, -0.525138
1.100000, 0.700000, -0.350491
1.150000, 0.700000, -0.400158
1.200000, 0.700000, -0.672546
1.250000, 0.700000, -1.094085
1.300000, 0.700000, -1.546159
1.350000, 0.700000, -1.908660
1.400000, 0.700000, -2.103604
1.450000, 0.700000, -2.122267
1.500000, 0.700000, -2.025603
1.550000, 0.700000, -1.917916
1.600000, 0.700000, -1.903994
1.650000, 0.700000, -2.046218
1.700000, 0.700000, -2.338158
1.750000, 0.700000, -2.704869
1.800000, 0.700000, -3.029857
1.850000, 0.700000, -3.198511
1.900000, 0.700000, -3.141426
1.950000, 0.700000, -2.861116
2.000000, 0.700000, -2.431865
0.000000, 0.750000, -0.554884
0.050000, 0.750000, -0.567876
0.100000, 0.750000, -0.675902
0.150000, 0.750000, -0.938454
0.200000, 0.750000, -1.346246
0.250000, 0.750000, -1.821719
0.300000, 0.750000, -2.246207
0.350000, 0.750000, -2.503517
0.400000, 0.750000, -2.523380
0.450000, 0.750000, -2.308231
0.500000, 0.750000, -1.933074
0.550000, 0.750000, -1.518478
0.600000, 0.750000, -1.186895
0.650000, 0.750000, -1.018889
0.700000, 0.750000, -1.025822
0.750000, 0.750000, -1.149249
0.800000, 0.750000, -1.287060
0.850000, 0.750000, -1.336176
0.900000, 0.750000, -1.235300
0.950000, 0.750000, -0.991215
1.000000, 0.750000, -0.678432
1.050000, 0.750000, -0.412212
1.100000, 0.750000, -0.305190
1.150000, 0.750000, -0.424137
1.200000, 0.750000, -0.763402
1.250000, 0.750000, -1.245232
1.300000, 0.750000, -1.746962
1.350000, 0.750000, -2.144823
1.400000, 0.750000, -2.357803
1.450000, 0.750000, -2.375012
1.500000, 0.750000, -2.256263
1.550000, 0.750000, -2.105874
1.600000, 0.750000, -2.029859
1.650000, 0.750000, -2.093018
1.700000, 0.750000, -2.292450
1.750000, 0.750000, -2.557689
1.800000, 0.750000, -2.777458
1.850000, 0.750000, -2.842819
1.900000, 0.750000, -2.690193
1.950000, 0.750000, -2.327735
2.000000, 0.750000, -1.834856
0.000000, 0.800000, -0.719655
0.050000, 0.800000, -0.739393
0.100000, 0.800000, -0.851454
0.150000, 0.800000, -1.113412
0.200000, 0.800000, -1.514503
0.250000, 0.800000, -1.976289
0.300000, 0.800000, -2.379941
0.350000, 0.800000, -2.609877
0.400000, 0.800000, -2.597202
0.450000, 0.800000, -2.346402
0.500000, 0.800000, -1.935083
0.550000, 0.800000, -1.486757
0.600000, 0.800000, -1.126944
0.650000, 0.800000, -0.939135
0.700000, 0.800000, -0.937229
0.750000, 0.800000, -1.064689
0.800000, 0.800000, -1.220482
0.850000, 0.800000, -1.301630
0.900000, 0.800000, -1.245882
0.950000, 0.800000, -1.058012
1.000000, 0.800000, -0.809543
1.050000, 0.800000, -0.611929
1.100000, 0.800000, -0.573400
1.150000, 0.800000, -0.756011
1.200000, 0.800000, -1.149402
1.250000, 0.800000, -1.671454
1.300000, 0.800000, -2.195806
1.350000, 0.800000, -2.595967
1.400000, 0.800000, -2.789417
1.450000, 0.800000, -2.765142
1.500000, 0.800000, -2.584302
1.550000, 0.800000, -2.354020
1.600000, 0.800000, -2.184446
1.650000, 0.800000, -2.145648
1.700000, 0.800000, -2.240820
1.750000, 0.800000, -2.406048
1.800000, 0.800000, -2.536649
1.850000, 0.800000, -2.529886
1.900000, 0.800000, -2.327559
1.950000, 0.800000, -1.941988
2.000000, 0.800000, -1.455208
0.000000, 0.850000, -1.057943
0.050000, 0.850000, -1.083924
0.100000, 0.850000, -1.199345
0.150000, 0.850000, -1.459642
0.200000, 0.850000, -1.852462
0.250000, 0.850000, -2.298529
0.300000, 0.850000, -2.679065
0.350000, 0.850000, -2.879467
0.400000, 0.850000, -2.832711
0.450000, 0.850000, -2.545908
0.500000, 0.850000, -2.099831
0.550000, 0.850000, -1.621424
0.600000, 0.850000, -1.239588
0.650000, 0.850000, -1.040815
0.700000, 0.850000, -1.041315
0.750000, 0.850000, -1.185898
0.800000, 0.850000, -1.373723
0.850000, 0.850000, -1.500738
0.900000, 0.850000, -1.502352
0.950000, 0.850000, -1.379838
1.000000, 0.850000, -1.200272
1.050000, 0.850000, -1.070014
1.100000, 0.850000, -1.091934
1.150000, 0.850000, -1.322877
1.200000, 0.850000, -1.747853
1.250000, 0.850000, -2.281103
1.300000, 0.850000, -2.793965
1.350000, 0.850000, -3.159240
1.400000, 0.850000, -3.295455
1.450000, 0.850000, -3.194403
1.500000, 0.850000, -2.921700
1.550000, 0.850000, -2.590315
1.600000, 0.850000, -2.317269
1.650000, 0.850000, -2.180045
1.700000, 0.850000, -2.189269
1.750000, 0.850000, -2.287916
1.800000, 0.850000, -2.377101
1.850000, 0.850000, -2.358309
1.900000, 0.850000, -2.175596
1.950000, 0.850000, -1.841313
2.000000, 0.850000, -1.435197
0.000000, 0.900000, -1.455986
0.050000, 0.900000, -1.487826
0.100000, 0.900000, -1.606042
0.150000, 0.900000, -1.863704
0.200000, 0.900000, -2.246775
0.250000, 0.900000, -2.675224
0.300000, 0.900000, -3.030590
0.350000, 0.900000, -3.199695
0.400000, 0.900000, -3.117952
0.450000, 0.900000, -2.795710
0.500000, 0.900000, -2.317477
0.550000, 0.900000, -1.814050
0.600000, 0.900000, -1.417882
0.650000, 0.900000, -1.218324
0.700000, 0.900000, -1.233378
0.750000, 0.900000, -1.408316
0.800000, 0.900000, -1.641269
0.850000, 0.900000, -1.825646
0.900000, 0.900000, -1.892933
0.950000, 0.900000, -1.839360
1.000000, 0.900000, -1.726235
1.050000, 0.900000, -1.653905
1.100000, 0.900000, -1.719514
1.150000, 0.900000, -1.975009
1.200000, 0.900000, -2.401829
1.250000, 0.900000, -2.912371
1.300000, 0.900000, -3.378130
1.350000, 0.900000, -3.674178
1.400000, 0.900000, -3.723349
1.450000, 0.900000, -3.523528
1.500000, 0.900000, -3.147787
1.550000, 0.900000, -2.717344
1.600000, 0.900000, -2.357606
1.650000, 0.900000, -2.153871
1.700000, 0.900000, -2.123314
1.750000, 0.900000, -2.213580
1.800000, 0.900000, -2.328083
1.850000, 0.900000, -2.367924
1.900000, 0.900000, -2.273998
1.950000, 0.900000, -2.052844
2.000000, 0.900000, -1.776090
0.000000, 0.950000, -1.773394
0.050000, 0.950000, -1.810832
0.100000, 0.950000, -1.931395
0.150000, 0.950000, -2.185549
0.200000, 0.950000, -2.557493
0.250000, 0.950000, -2.966566
0.300000, 0.950000, -3.294962
0.350000, 0.950000, -3.431444
0.400000, 0.950000, -3.314487
0.450000, 0.950000, -2.958322
0.500000, 0.950000, -2.451722
0.550000, 0.950000, -1.929647
0.600000, 0.950000, -1.528091
0.650000, 0.950000, -1.338842
0.700000, 0.950000, -1.380862
0.750000, 0.950000, -1.598666
0.800000, 0.950000, -1.887834
0.850000, 0.950000, -2.137567
0.900000, 0.950000, -2.273795
0.950000, 0.950000, -2.286321
1.000000, 0.950000, -2.229752
1.050000, 0.950000, -2.198135
1.100000, 0.950000, -2.283375
1.150000, 0.950000, -2.533852
1.200000, 0.950000, -2.929572
1.250000, 0.950000, -3.383923
1.300000, 0.950000, -3.771875
1.350000, 0.950000, -3.974274
1.400000, 0.950000, -3.921612
1.450000, 0.950000, -3.620696
1.500000, 0.950000, -3.153993
1.550000, 0.950000, -2.651731
1.600000, 0.950000, -2.247059
1.650000, 0.950000, -2.030947
1.700000, 0.950000, -2.023530
1.750000, 0.950000, -2.172270
1.800000, 0.950000, -2.377115
1.850000, 0.950000, -2.532567
1.900000, 0.950000, -2.570239
1.950000, 0.950000, -2.485426
2.000000, 0.950000, -2.337495
0.000000, 1.000000, -1.896654
0.050000, 1.000000, -1.939563
0.100000, 1.000000, -2.062140
0.150000, 1.000000, -2.312011
0.200000, 1.000000, -2.671555
0.250000, 1.000000, -3.059651
0.300000, 1.000000, -3.359554
0.350000, 1.000000, -3.462554
0.400000, 1.000000, -3.310869
0.450000, 1.000000, -2.923252
0.500000, 1.000000, -2.393211
0.550000, 1.000000, -1.860024
0.600000, 1.000000, -1.462966
0.650000, 1.000000, -1.295548
0.700000, 1.000000, -1.376521
0.750000, 1.000000, -1.648102
0.800000, 1.000000, -2.001585
0.850000, 1.000000, -2.320221
0.900000, 1.000000, -2.522890
0.950000, 1.000000, -2.591972
1.000000, 1.000000, -2.575094
1.050000, 1.000000, -2.560584
1.100000, 1.000000, -2.636637
1.150000, 1.000000, -2.850477
1.200000, 1.000000, -3.183819
1.250000, 1.000000, -3.554638
1.300000, 1.000000, -3.845064
1.350000, 1.000000, -3.945072
1.400000, 1.000000, -3.795403
1.450000, 1.000000, -3.413211
1.500000, 1.000000, -2.890321
1.550000, 1.000000, -2.364284
1.600000, 1.000000, -1.972652
1.650000, 1.000000, -1.807249
1.700000, 1.000000, -1.885230
1.750000, 1.000000, -2.147335
1.800000, 1.000000, -2.483540
1.850000, 1.000000, -2.775974
1.900000, 1.000000, -2.942613
1.950000, 1.000000, -2.965171
2.000000, 1.000000, -2.890873
0.000000, 1.050000, -1.782417
0.050000, 1.050000, -1.830803
0.100000, 1.050000, -1.955178
0.150000, 1.050000, -2.200088
0.200000, 1.050000, -2.546062
0.250000, 1.050000, -2.911744
0.300000, 1.050000, -3.181924
0.350000, 1.050000, -3.251078
0.400000, 1.050000, -3.065881
0.450000, 1.050000, -2.650227
0.500000, 1.050000, -2.102719
0.550000, 1.050000, -1.566912
0.600000, 1.050000, -1.184828
0.650000, 1.050000, -1.050647
0.700000, 1.050000, -1.181416
0.750000, 1.050000, -1.515268
0.800000, 1.050000, -1.937356
0.850000, 1.050000, -2.323349
0.900000, 1.050000, -2.583946
0.950000, 1.050000, -2.693740
1.000000, 1.050000, -2.693970
1.050000, 1.050000, -2.668878
1.100000, 1.050000, -2.705551
1.150000, 1.050000, -2.853445
1.200000, 1.050000, -3.099817
1.250000, 1.050000, -3.371067
1.300000, 1.050000, -3.559827
1.350000, 1.050000, -3.567555
1.400000, 1.050000, -3.346168
1.450000, 1.050000, -2.922363
1.500000, 1.050000, -2.394669
1.550000, 1.050000, -1.903547
1.600000, 1.050000, -1.585104
1.650000, 1.050000, -1.525276
1.700000, 1.050000, -1.731294
1.750000, 1.050000, -2.130839
1.800000, 1.050000, -2.598991
1.850000, 1.050000, -3.002724
1.900000, 1.050000, -3.246276
1.950000, 1.050000, -3.300658
2.000000, 1.050000, -3.206755
0.000000, 1.100000, -1.474033
0.050000, 1.100000, -1.528030
0.100000, 1.100000, -1.654100
0.150000, 1.100000, -1.893466
0.200000, 1.100000, -2.224800
0.250000, 1.100000, -2.566800
0.300000, 1.100000, -2.806338
0.350000, 1.100000, -2.841793
0.400000, 1.100000, -2.625033
0.450000, 1.100000, -2.185659
0.500000, 1.100000, -1.627584
0.550000, 1.100000, -1.098357
0.600000, 1.100000, -0.741901
0.650000, 1.100000, -0.651685
0.700000, 1.100000, -0.841264
0.750000, 1.100000, -1.242742
0.800000, 1.100000, -1.733323
0.850000, 1.100000, -2.179764
0.900000, 1.100000, -2.484050
0.950000, 1.100000, -2.613476
1.000000, 1.100000, -2.604519
1.050000, 1.100000, -2.540047
1.100000, 1.100000, -2.509611
1.150000, 1.100000, -2.568936
1.200000, 1.100000, -2.714816
1.250000, 1.100000, -2.885438
1.300000, 1.100000, -2.986109
1.350000, 1.100000, -2.930265
1.400000, 1.100000, -2.679528
1.450000, 1.100000, -2.266637
1.500000, 1.100000, -1.791494
1.550000, 1.100000, -1.390798
1.600000, 1.100000, -1.191915
1.650000, 1.100000, -1.267853
1.700000, 1.100000, -1.610084
1.750000, 1.100000, -2.129497
1.800000, 1.100000, -2.685348
1.850000, 1.100000, -3.131753
1.900000, 1.100000, -3.364798
1.950000, 1.100000, -3.353274
2.000000, 1.100000, -3.142369
0.000000, 1.150000, -1.085014
0.050000, 1.150000, -1.144884
0.100000, 1.150000, -1.272649
0.150000, 1.150000, -1.505969
0.200000, 1.150000, -1.821693
0.250000, 1.150000, -2.138914
0.300000, 1.150000, -2.347210
0.350000, 1.150000, -2.349633
0.400000, 1.150000, -2.103982
0.450000, 1.150000, -1.646044
0.500000, 1.150000, -1.085072
0.550000, 1.150000, -0.572048
0.600000, 1.150000, -0.251623
0.650000, 1.150000, -0.214852
0.700000, 1.150000, -0.469799
0.750000, 1.150000, -0.940558
0.800000, 1.150000, -1.494803
0.850000, 1.150000, -1.989576
0.900000, 1.150000, -2.318414
0.950000, 1.150000, -2.442821
1.000000, 1.150000, -2.397226
1.050000, 1.150000, -2.266809
1.100000, 1.150000, -2.147805
1.150000, 1.150000, -2.106381
1.200000, 1.150000, -2.152319
1.250000, 1.150000, -2.237683
1.300000, 1.150000, -2.280645
1.350000, 1.150000, -2.204624
1.400000, 1.150000, -1.976741
1.450000, 1.150000, -1.629690
1.500000, 1.150000, -1.257422
1.550000, 1.150000, -0.985218
1.600000, 1.150000, -0.924771
1.650000, 1.150000, -1.131032
1.700000, 1.150000, -1.577332
1.750000, 1.150000, -2.158770
1.800000, 1.150000, -2.723417
1.850000, 1.150000, -3.120560
1.900000, 1.150000, -3.248793
1.950000, 1.150000, -3.086818
2.000000, 1.150000, -2.696199
0.000000, 1.200000, -0.755749
0.050000, 1.200000, -0.821873
0.100000, 1.200000, -0.951426
0.150000, 1.200000, -1.178273
0.200000, 1.200000, -1.477505
0.250000, 1.200000, -1.769024
0.300000, 1.200000, -1.945803
0.350000, 1.200000, -1.916386
0.400000, 1.200000, -1.645212
0.450000, 1.200000, -1.174619
0.500000, 1.200000, -0.619000
0.550000, 1.200000, -0.131912
0.600000, 1.200000, 0.142780
0.650000, 1.200000, 0.118405
0.700000, 1.200000, -0.205488
0.750000, 1.200000, -0.743123
0.800000, 1.200000, -1.351495
0.850000, 1.200000, -1.877852
0.900000, 1.200000, -2.208535
0.950000, 1.200000, -2.301842
1.000000, 1.200000, -2.193869
1.050000, 1.200000, -1.976481
1.100000, 1.200000, -1.756985
1.150000, 1.200000, -1.615620
1.200000, 1.200000, -1.577295
1.250000, 1.200000, -1.608005
1.300000, 1.200000, -1.636431
1.350000, 1.200000, -1.591234
1.400000, 1.200000, -1.438343
1.450000, 1.200000, -1.202566
1.500000, 1.200000, -0.964000
1.550000, 1.200000, -0.829775
1.600000, 1.200000, -0.891552
1.650000, 1.200000, -1.185194
1.700000, 1.200000, -1.668751
1.750000, 1.200000, -2.228298
1.800000, 1.200000, -2.710815
1.850000, 1.200000, -2.973027
1.900000, 1.200000, -2.928894
1.950000, 1.200000, -2.578616
2.000000, 1.200000, -2.008635
0.000000, 1.250000, -0.600003
0.050000, 1.250000, -0.672866
0.100000, 1.250000, -0.804381
0.150000, 1.250000, -1.024388
0.200000, 1.250000, -1.306328
0.250000, 1.250000, -1.571390
0.300000, 1.250000, -1.716706
0.350000, 1.250000, -1.657159
0.400000, 1.250000, -1.364489
0.450000, 1.250000, -0.887791
0.500000, 1.250000, -0.346149
0.550000, 1.250000, 0.105498
0.600000, 1.250000, 0.325893
0.650000, 1.250000, 0.234930
0.700000, 1.250000, -0.158117
0.750000, 1.250000, -0.756043
0.800000, 1.250000, -1.404636
0.850000, 1.250000, -1.942192
0.900000, 1.250000, -2.250167
0.950000, 1.250000, -2.287283
1.000000, 1.250000, -2.095779
1.050000, 1.250000, -1.778821
1.100000, 1.250000, -1.458697
1.150000, 1.250000, -1.232074
1.200000, 1.250000, -1.139095
1.250000, 1.250000, -1.157170
1.300000, 1.250000, -1.220395
1.350000, 1.250000, -1.255515
1.400000, 1.250000, -1.218998
1.450000, 1.250000, -1.119653
1.500000, 1.250000, -1.017180
1.550000, 1.250000, -0.996902
1.600000, 1.250000, -1.130649
1.650000, 1.250000, -1.439719
1.700000, 1.250000, -1.875484
1.750000, 1.250000, -2.326750
1.800000, 1.250000, -2.652754
1.850000, 1.250000, -2.730620
1.900000, 1.250000, -2.500109
1.950000, 1.250000, -1.988911
2.000000, 1.250000, -1.308470
0.000000, 1.300000, -0.661616
0.050000, 1.300000, -0.741799
0.100000, 1.300000, -0.875514
0.150000, 1.300000, -1.088358
0.200000, 1.300000, -1.352277
0.250000, 1.300000, -1.590295
0.300000, 1.300000, -1.704530
0.350000, 1.300000, -1.617065
0.400000, 1.300000, -1.307530
0.450000, 1.300000, -0.831797
0.500000, 1.300000, -0.312893
0.550000, 1.300000, 0.094377
0.600000, 1.300000, 0.253464
0.650000, 1.300000, 0.093121
0.700000, 1.300000, -0.365689
0.750000, 1.300000, -1.013271
0.800000, 1.300000, -1.684486
0.850000, 1.300000, -2.210551
0.900000, 1.300000, -2.471423
0.950000, 1.300000, -2.430733
1.000000, 1.300000, -2.141702
1.050000, 1.300000, -1.723079
1.100000, 1.300000, -1.314865
1.150000, 1.300000, -1.030533
1.200000, 1.300000, -0.923019
1.250000, 1.300000, -0.975893
1.300000, 1.300000, -1.121179
1.350000, 1.300000, -1.275062
1.400000, 1.300000, -1.376204
1.450000, 1.300000, -1.410957
1.500000, 1.300000, -1.415502
1.550000, 1.300000, -1.454576
1.600000, 1.300000, -1.586093
1.650000, 1.300000, -1.826909
1.700000, 1.300000, -2.134768
1.750000, 1.300000, -2.415225
1.800000, 1.300000, -2.552405
1.850000, 1.300000, -2.452721
1.900000, 1.300000, -2.084945
1.950000, 1.300000, -1.500624
2.000000, 1.300000, -0.825664
0.000000, 1.350000, -0.897968
0.050000, 1.350000, -0.986128
0.100000, 1.350000, -1.122326
0.150000, 1.350000, -1.327714
0.200000, 1.350000, -1.572941
0.250000, 1.350000, -1.783488
0.300000, 1.350000, -1.867348
0.350000, 1.350000, -1.754662
0.400000, 1.350000, -1.433432
0.450000, 1.350000, -0.966102
0.500000, 1.350000, -0.478593
0.550000, 1.350000, -0.123733
0.600000, 1.350000, -0.031039
0.650000, 1.350000, -0.260607
0.700000, 1.350000, -0.778151
0.750000, 1.350000, -1.461093
0.800000, 1.350000, -2.134608
0.850000, 1.350000, -2.625788
0.900000, 1.350000, -2.817433
0.950000, 1.350000, -2.683093
1.000000, 1.350000, -2.291671
1.050000, 1.350000, -1.780769
1.100000, 1.350000, -1.308983
1.150000, 1.350000, -1.004474
1.200000, 1.350000, -0.927783
1.250000, 1.350000, -1.060974
1.300000, 1.350000, -1.325024
1.350000, 1.350000, -1.616905
1.400000, 1.350000, -1.850926
1.450000, 1.350000, -1.988147
1.500000, 1.350000, -2.043183
1.550000, 1.350000, -2.067178
1.600000, 1.350000, -2.115472
1.650000, 1.350000, -2.214530
1.700000, 1.350000, -2.342883
1.750000, 1.350000, -2.434921
1.800000, 1.350000, -2.406868
1.850000, 1.350000, -2.194872
1.900000, 1.350000, -1.789577
1.950000, 1.350000, -1.252187
2.000000, 1.350000, -0.703717
0.000000, 1.400000, -1.196485
0.050000, 1.400000, -1.293337
0.100000, 1.400000, -1.432332
0.150000, 1.400000, -1.629980
0.200000, 1.400000, -1.855892
0.250000, 1.400000, -2.038699
0.300000, 1.400000, -2.093204
0.350000, 1.400000, -1.958449
0.400000, 1.400000, -1.631155
0.450000, 1.400000, -1.179881
0.500000, 1.400000, -0.732065
0.550000, 1.400000, -0.436420
0.600000, 1.400000, -0.412965
0.650000, 1.400000, -0.708493
0.700000, 1.400000, -1.274258
0.750000, 1.400000, -1.975236
0.800000, 1.400000, -2.629221
0.850000, 1.400000, -3.063166
0.900000, 1.400000, -3.167766
0.950000, 1.400000, -2.931594
1.000000, 1.400000, -2.443165
1.050000, 1.400000, -1.860544
1.100000, 1.400000, -1.359409
1.150000, 1.400000, -1.077754
1.200000, 1.400000, -1.076055
1.250000, 1.400000, -1.325620
1.300000, 1.400000, -1.727329
1.350000, 1.400000, -2.152088
1.400000, 1.400000, -2.486999
1.450000, 1.400000, -2.670158
1.500000, 1.400000, -2.702350
1.550000, 1.400000, -2.633400
1.600000, 1.400000, -2.530917
1.650000, 1.400000, -2.445671
1.700000, 1.400000, -2.388501
1.750000, 1.400000, -2.328257
1.800000, 1.400000, -2.211191
1.850000, 1.400000, -1.992955
1.900000, 1.400000, -1.668839
1.950000, 1.400000, -1.288180
2.000000, 1.400000, -0.945083
0.000000, 1.450000, -1.417908
0.050000, 1.450000, -1.524207
0.100000, 1.450000, -1.666317
0.150000, 1.450000, -1.855937
0.200000, 1.450000, -2.061944
0.250000, 1.450000, -2.216888
0.300000, 1.450000, -2.243368
0.350000, 1.450000, -2.090118
0.400000, 1.450000, -1.762764
0.450000, 1.450000, -1.335244
0.500000, 1.450000, -0.934807
0.550000, 1.450000, -0.703659
0.600000, 1.450000, -0.749812
0.650000, 1.450000, -1.104896
0.700000, 1.450000, -1.705225
0.750000, 1.450000, -2.404748
0.800000, 1.450000, -3.017250
0.850000, 1.450000, -3.374418
0.900000, 1.450000, -3.380249
0.950000, 1.450000, -3.042981
1.000000, 1.450000, -2.473277
1.050000, 1.450000, -1.849043
1.100000, 1.450000, -1.358822
1.150000, 1.450000, -1.143006
1.200000, 1.450000, -1.252582
1.250000, 1.450000, -1.638578
1.300000, 1.450000, -2.174385
1.350000, 1.450000, -2.701614
1.400000, 1.450000, -3.082462
1.450000, 1.450000, -3.240184
1.500000, 1.450000, -3.174664
1.550000, 1.450000, -2.949908
1.600000, 1.450000, -2.660780
1.650000, 1.450000, -2.393464
1.700000, 1.450000, -2.195430
1.750000, 1.450000, -2.065791
1.800000, 1.450000, -1.968012
1.850000, 1.450000, -1.857616
1.900000, 1.450000, -1.711536
1.950000, 1.450000, -1.545406
2.000000, 1.450000, -1.410505
0.000000, 1.500000, -1.449769
0.050000, 1.500000, -1.566287
0.100000, 1.500000, -1.711819
0.150000, 1.500000, -1.893097
0.200000, 1.500000, -2.078631
0.250000, 1.500000, -2.205734
0.300000, 1.500000, -2.205810
0.350000, 1.500000, -2.038022
0.400000, 1.500000, -1.716887
0.450000, 1.500000, -1.320685
0.500000, 1.500000, -0.974459
0.550000, 1.500000, -0.811312
0.600000, 1.500000, -0.924816
0.650000, 1.500000, -1.330022
0.700000, 1.500000, -1.948649
0.750000, 1.500000, -2.626088
0.800000, 1.500000, -3.176499
0.850000, 1.500000, -3.441803
0.900000, 1.500000, -3.344597
0.950000, 1.500000, -2.916367
1.000000, 1.500000, -2.290475
1.050000, 1.500000, -1.661437
1.100000, 1.500000, -1.223767
1.150000, 1.500000, -1.110827
1.200000, 1.500000, -1.354104
1.250000, 1.500000, -1.876194
1.300000, 1.500000, -2.519018
1.350000, 1.500000, -3.096738
1.400000, 1.500000, -3.454743
1.450000, 1.500000, -3.514753
1.500000, 1.500000, -3.291817
1.550000, 1.500000, -2.879510
1.600000, 1.500000, -2.410932
1.650000, 1.500000, -2.011128
1.700000, 1.500000, -1.758378
1.750000, 1.500000, -1.667198
1.800000, 1.500000, -1.696752
1.850000, 1.500000, -1.778444
1.900000, 1.500000, -1.849585
1.950000, 1.500000, -1.878687
2.000000, 1.500000, -1.872483
0.000000, 1.550000, -1.249648
0.050000, 1.550000, -1.377157
0.100000, 1.550000, -1.526384
0.150000, 1.550000, -1.698962
0.200000, 1.550000, -1.863469
0.250000, 1.550000, -1.962886
0.300000, 1.550000, -1.938460
0.350000, 1.550000, -1.760426
0.400000, 1.550000, -1.451959
0.450000, 1.550000, -1.094331
0.500000, 1.550000, -0.808058
0.550000, 1.550000, -0.714429
0.600000, 1.550000, -0.890347
0.650000, 1.550000, -1.333471
0.700000, 1.550000, -1.952217
0.750000, 1.550000, -2.586954
0.800000, 1.550000, -3.057471
0.850000, 1.550000, -3.221673
0.900000, 1.550000, -3.025408
0.950000, 1.550000, -2.525360
1.000000, 1.550000, -1.875694
1.050000, 1.550000, -1.281570
1.100000, 1.550000, -0.934326
1.150000, 1.550000, -0.949877
1.200000, 1.550000, -1.331134
1.250000, 1.550000, -1.967171
1.300000, 1.550000, -2.669347
1.350000, 1.550000, -3.231988
1.400000, 1.550000, -3.497048
1.450000, 1.550000, -3.401251
1.500000, 1.550000, -2.990764
1.550000, 1.550000, -2.399973
1.600000, 1.550000, -1.803315
1.650000, 1.550000, -1.357825
1.700000, 1.550000, -1.156231
1.750000, 1.550000, -1.205484
1.800000, 1.550000, -1.435739
1.850000, 1.550000, -1.733664
1.900000, 1.550000, -1.985892
1.950000, 1.550000, -2.116005
2.000000, 1.550000, -2.102481
0.000000, 1.600000, -0.861691
0.050000, 1.600000, -1.000935
0.100000, 1.600000, -1.154076
0.150000, 1.600000, -1.317540
0.200000, 1.600000, -1.460465
0.250000, 1.600000, -1.532481
0.300000, 1.600000, -1.485721
0.350000, 1.600000, -1.302018
0.400000, 1.600000, -1.012729
0.450000, 1.600000, -0.700442
0.500000, 1.600000, -0.478567
0.550000, 1.600000, -0.453835
0.600000, 1.600000, -0.684597
0.650000, 1.600000, -1.151060
0.700000, 1.600000, -1.750659
0.750000, 1.600000, -2.323303
0.800000, 1.600000, -2.700261
0.850000, 1.600000, -2.760991
0.900000, 1.600000, -2.478034
0.950000, 1.600000, -1.933052
1.000000, 1.600000, -1.296425
1.050000, 1.600000, -0.775491
1.100000, 1.600000, -0.547807
1.150000, 1.600000, -0.701794
1.200000, 1.600000, -1.205275
1.250000, 1.600000, -1.913282
1.300000, 1.600000, -2.613228
1.350000, 1.600000, -3.092645
1.400000, 1.600000, -3.206928
1.450000, 1.600000, -2.924487
1.500000, 1.600000, -2.334551
1.550000, 1.600000, -1.615679
1.600000, 1.600000, -0.976379
1.650000, 1.600000, -0.588350
1.700000, 1.600000, -0.534675
1.750000, 1.600000, -0.789398
1.800000, 1.600000, -1.233514
1.850000, 1.600000, -1.699828
1.900000, 1.600000, -2.029751
1.950000, 1.600000, -2.122141
2.000000, 1.600000, -1.958522
0.000000, 1.650000, -0.400050
0.050000, 1.650000, -0.551730
0.100000, 1.650000, -0.708930
0.150000, 1.650000, -0.862792
0.200000, 1.650000, -0.983574
0.250000, 1.650000, -1.028597
0.300000, 1.650000, -0.961915
0.350000, 1.650000, -0.777355
0.400000, 1.650000, -0.513698
0.450000, 1.650000, -0.252859
0.500000, 1.650000, -0.098346
0.550000, 1.650000, -0.139667
0.600000, 1.650000, -0.415223
0.650000, 1.650000, -0.888592
0.700000, 1.650000, -1.449620
0.750000, 1.650000, -1.943199
0.800000, 1.650000, -2.218201
0.850000, 1.650000, -2.180504
0.900000, 1.650000, -1.831036
0.950000, 1.650000, -1.273677
1.000000, 1.650000, -0.687760
1.050000, 1.650000, -0.272401
1.100000, 1.650000, -0.180482
1.150000, 1.650000, -0.464792
1.200000, 1.650000, -1.055654
1.250000, 1.650000, -1.779089
1.300000, 1.650000, -2.410782
1.350000, 1.650000, -2.748441
1.400000, 1.650000, -2.678419
1.450000, 1.650000, -2.213908
1.500000, 1.650000, -1.491484
1.550000, 1.650000, -0.726927
1.600000, 1.650000, -0.145087
1.650000, 1.650000, 0.092593
1.700000, 1.650000, -0.061285
1.750000, 1.650000, -0.527780
1.800000, 1.650000, -1.130878
1.850000, 1.650000, -1.657441
1.900000, 1.650000, -1.926922
1.950000, 1.650000, -1.847356
2.000000, 1.650000, -1.439729
0.000000, 1.700000, -0.005581
0.050000, 1.700000, -0.170335
0.100000, 1.700000, -0.331649
0.150000, 1.700000, -0.475335
0.200000, 1.700000, -0.573400
0.250000, 1.700000, -0.591958
0.300000, 1.700000, -0.507995
0.350000, 1.700000, -0.327562
0.400000, 1.700000, -0.095824
0.450000, 1.700000, 0.108286
0.500000, 1.700000, 0.194104
0.550000, 1.700000, 0.091814
0.600000, 1.700000, -0.216263
0.650000, 1.700000, -0.678882
0.700000, 1.700000, -1.182730
0.750000, 1.700000, -1.583800
0.800000, 1.700000, -1.754542
0.850000, 1.700000, -1.630897
0.900000, 1.700000, -1.241649
0.950000, 1.700000, -0.707430
1.000000, 1.700000, -0.206910
1.050000, 1.700000, 0.080412
1.100000, 1.700000, 0.036117
1.150000, 1.700000, -0.352262
1.200000, 1.700000, -0.980380
1.250000, 1.700000, -1.656023
1.300000, 1.700000, -2.159810
1.350000, 1.700000, -2.317963
1.400000, 1.700000, -2.062418
1.450000, 1.700000, -1.457044
1.500000, 1.700000, -0.679903
1.550000, 1.700000, 0.033498
1.600000, 1.700000, 0.467418
1.650000, 1.700000, 0.497546
1.700000, 1.700000, 0.132703
1.750000, 1.700000, -0.487800
1.800000, 1.700000, -1.140412
1.850000, 1.700000, -1.591544
1.900000, 1.700000, -1.674571
1.950000, 1.700000, -1.343706
2.000000, 1.700000, -0.686962
0.000000, 1.750000, 0.207664
0.050000, 1.750000, 0.029283
0.100000, 1.750000, -0.136095
0.150000, 1.750000, -0.268934
0.200000, 1.750000, -0.343690
0.250000, 1.750000, -0.336426
0.300000, 1.750000, -0.238034
0.350000, 1.750000, -0.066826
0.400000, 1.750000, 0.126995
0.450000, 1.750000, 0.270069
0.500000, 1.750000, 0.287597
0.550000, 1.750000, 0.131610
0.600000, 1.750000, -0.194845
0.650000, 1.750000, -0.628542
0.700000, 1.750000, -1.058399
0.750000, 1.750000, -1.357998
0.800000, 1.750000, -1.428728
0.850000, 1.750000, -1.238503
0.900000, 1.750000, -0.840874
0.950000, 1.750000, -0.365128
1.000000, 1.750000, 0.022027
1.050000, 1.750000, 0.171909
1.100000, 1.750000, 0.007746
1.150000, 1.750000, -0.442659
1.200000, 1.750000, -1.048886
1.250000, 1.750000, -1.616248
1.300000, 1.750000, -1.949226
1.350000, 1.750000, -1.918959
1.400000, 1.750000, -1.511134
1.450000, 1.750000, -0.836364
1.500000, 1.750000, -0.097682
1.550000, 1.750000, 0.475286
1.600000, 1.750000, 0.703737
1.650000, 1.750000, 0.522092
1.700000, 1.750000, 0.003241
1.750000, 1.750000, -0.663157
1.800000, 1.750000, -1.232912
1.850000, 1.750000, -1.489387
1.900000, 1.750000, -1.317468
1.950000, 1.750000, -0.743832
2.000000, 1.750000, 0.070703
0.000000, 1.800000, 0.195749
0.050000, 1.800000, 0.003285
0.100000, 1.800000, -0.165987
0.150000, 1.800000, -0.287205
0.200000, 1.800000, -0.338042
0.250000, 1.800000, -0.305716
0.300000, 1.800000, -0.195933
0.350000, 1.800000, -0.039098
0.400000, 1.800000, 0.111204
0.450000, 1.800000, 0.190046
0.500000, 1.800000, 0.141495
0.550000, 1.800000, -0.058860
0.600000, 1.800000, -0.388116
0.650000, 1.800000, -0.774973
0.700000, 1.800000, -1.116754
0.750000, 1.800000, -1.311133
0.800000, 1.800000, -1.292695
0.850000, 1.800000, -1.061054
0.900000, 1.800000, -0.688742
0.950000, 1.800000, -0.303339
1.000000, 1.800000, -0.047545
1.050000, 1.800000, -0.029610
1.100000, 1.800000, -0.281471
1.150000, 1.800000, -0.740672
1.200000, 1.800000, -1.264769
1.250000, 1.800000, -1.675618
1.300000, 1.800000, -1.819772
1.350000, 1.800000, -1.624273
1.400000, 1.800000, -1.127434
1.450000, 1.800000, -0.471950
1.500000, 1.800000, 0.139398
1.550000, 1.800000, 0.511666
1.600000, 1.800000, 0.526255
1.650000, 1.800000, 0.185628
1.700000, 1.800000, -0.382736
1.750000, 1.800000, -0.966278
1.800000, 1.800000, -1.338728
1.850000, 1.800000, -1.338806
1.900000, 1.800000, -0.928681
1.950000, 1.800000, -0.210926
2.000000, 1.800000, 0.603206
0.000000, 1.850000, 0.001392
0.050000, 1.850000, -0.205498
0.100000, 1.850000, -0.378364
0.150000, 1.850000, -0.487077
0.200000, 1.850000, -0.513369
0.250000, 1.850000, -0.456854
0.300000, 1.850000, -0.338887
0.350000, 1.850000, -0.201565
0.400000, 1.850000, -0.099871
0.450000, 1.850000, -0.087237
0.500000, 1.850000, -0.197828
0.550000, 1.850000, -0.431365
0.600000, 1.850000, -0.746924
0.650000, 1.850000, -1.070059
0.700000, 1.850000, -1.313237
0.750000, 1.850000, -1.404325
0.800000, 1.850000, -1.313763
0.850000, 1.850000, -1.070093
0.900000, 1.850000, -0.756414
0.950000, 1.850000, -0.486622
1.000000, 1.850000, -0.367809
1.050000, 1.850000, -0.461173
1.100000, 1.850000, -0.755707
1.150000, 1.850000, -1.165646
1.200000, 1.850000, -1.554812
1.250000, 1.850000, -1.781314
1.300000, 1.850000, -1.747918
1.350000, 1.850000, -1.440108
1.400000, 1.850000, -0.937028
1.450000, 1.850000, -0.389385
1.500000, 1.850000, 0.029876
1.550000, 1.850000, 0.185910
1.600000, 1.850000, 0.032110
1.650000, 1.850000, -0.368766
1.700000, 1.850000, -0.861699
1.750000, 1.850000, -1.250583
1.800000, 1.850000, -1.366637
1.850000, 1.850000, -1.130154
1.900000, 1.850000, -0.582999
1.950000, 1.850000, 0.121168
2.000000, 1.850000, 0.767148
0.000000, 1.900000, -0.262550
0.050000, 1.900000, -0.484084
0.100000, 1.900000, -0.660108
0.150000, 1.900000, -0.755322
0.200000, 1.900000, -0.756429
0.250000, 1.900000, -0.676714
0.300000, 1.900000, -0.553918
0.350000, 1.900000, -0.441170
0.400000, 1.900000, -0.392564
0.450000, 1.900000, -0.446800
0.500000, 1.900000, -0.613591
0.550000, 1.900000, -0.867534
0.600000, 1.900000, -1.152545
0.650000, 1.900000, -1.396890
0.700000, 1.900000, -1.535184
0.750000, 1.900000, -1.530730
0.800000, 1.900000, -1.390468
0.850000, 1.900000, -1.166411
0.900000, 1.900000, -0.941520
0.950000, 1.900000, -0.803325
1.000000, 1.900000, -0.813479
1.050000, 1.900000, -0.983756
1.100000, 1.900000, -1.267782
1.150000, 1.900000, -1.572910
1.200000, 1.900000, -1.789709
1.250000, 1.900000, -1.829835
1.300000, 1.900000, -1.659173
1.350000, 1.900000, -1.313843
1.400000, 1.900000, -0.891943
1.450000, 1.900000, -0.522336
1.500000, 1.900000, -0.320297
1.550000, 1.900000, -0.345349
1.600000, 1.900000, -0.576844
1.650000, 1.900000, -0.917278
1.700000, 1.900000, -1.223757
1.750000, 1.900000, -1.357696
1.800000, 1.900000, -1.235543
1.850000, 1.900000, -0.862030
1.900000, 1.900000, -0.332867
1.950000, 1.900000, 0.195616
2.000000, 1.900000, 0.560356
0.000000, 1.950000, -0.456349
0.050000, 1.950000, -0.692614
0.100000, 1.950000, -0.871219
0.150000, 1.950000, -0.951829
0.200000, 1.950000, -0.927105
0.250000, 1.950000, -0.825300
0.300000, 1.950000, -0.701155
0.350000, 1.950000, -0.617905
0.400000, 1.950000, -0.626157
0.450000, 1.950000, -0.746547
0.500000, 1.950000, -0.961977
0.550000, 1.950000, -1.222290
0.600000, 1.950000, -1.460149
0.650000, 1.950000, -1.613173
0.700000, 1.950000, -1.645046
0.750000, 1.950000, -1.558445
0.800000, 1.950000, -1.395069
0.850000, 1.950000, -1.222300
0.900000, 1.950000, -1.110537
0.950000, 1.950000, -1.108685
1.000000, 1.950000, -1.226210
1.050000, 1.950000, -1.428311
1.100000, 1.950000, -1.646432
1.150000, 1.950000, -1.801107
1.200000, 1.950000, -1.829605
1.250000, 1.950000, -1.708810
1.300000, 1.950000, -1.465025
1.350000, 1.950000, -1.166626
1.400000, 1.950000, -0.901457
1.450000, 1.950000, -0.746379
1.500000, 1.950000, -0.739572
1.550000, 1.950000, -0.865635
1.600000, 1.950000, -1.059407
1.650000, 1.950000, -1.227885
1.700000, 1.950000, -1.283065
1.750000, 1.950000, -1.174233
1.800000, 1.950000, -0.907961
1.850000, 1.950000, -0.548036
1.900000, 1.950000, -0.194556
1.950000, 1.950000, 0.051007
2.000000, 1.950000, 0.122560
0.000000, 2.000000, -0.466895
0.050000, 2.000000, -0.717842
0.100000, 2.000000, -0.898307
0.150000, 2.000000, -0.963107
0.200000, 2.000000, -0.911911
0.250000, 2.000000, -0.789248
0.300000, 2.000000, -0.667339
0.350000, 2.000000, -0.618307
0.400000, 2.000000, -0.686397
0.450000, 2.000000, -0.870809
0.500000, 2.000000, -1.125720
0.550000, 2.000000, -1.377484
0.600000, 2.000000, -1.552456
0.650000, 2.000000, -1.604812
0.700000, 2.000000, -1.533753
0.750000, 2.000000, -1.383523
0.800000, 2.000000, -1.226246
0.850000, 2.000000, -1.134142
0.900000, 2.000000, -1.151741
0.950000, 2.000000, -1.278711
1.000000, 2.000000, -1.469869
1.050000, 2.000000, -1.652365
1.100000, 2.000000, -1.753483
1.150000, 2.000000, -1.728445
1.200000, 2.000000, -1.577581
1.250000, 2.000000, -1.346325
1.300000, 2.000000, -1.108022
1.350000, 2.000000, -0.936113
1.400000, 2.000000, -0.876317
1.450000, 2.000000, -0.929435
1.500000, 2.000000, -1.051324
1.550000, 2.000000, -1.170068
1.600000, 2.000000, -1.213744
1.650000, 2.000000, -1.138215
1.700000, 2.000000, -0.944278
1.750000, 2.000000, -0.677655
1.800000, 2.000000, -0.411785
1.850000, 2.000000, -0.220013
1.900000, 2.000000, -0.147773
1.950000, 2.000000, -0.195397
2.000000, 2.000000, -0.318105
