0.000000, 0.000000, -0.504414
0.050000, 0.000000, 0.420209
0.100000, 0.000000, 1.010588
0.150000, 0.000000, 1.065892
0.200000, 0.000000, 0.586194
0.250000, 0.000000, -0.227530
0.300000, 0.000000, -1.050129
0.350000, 0.000000, -1.556425
0.400000, 0.000000, -1.545360
0.450000, 0.000000, -1.016729
0.500000, 0.000000, -0.171177
0.550000, 0.000000, 0.666524
0.600000, 0.000000, 1.171624
0.650000, 0.000000, 1.143540
0.700000, 0.000000, 0.582579
0.750000, 0.000000, -0.310060
0.800000, 0.000000, -1.209016
0.850000, 0.000000, -1.788918
0.900000, 0.000000, -1.848533
0.950000, 0.000000, -1.387499
1.000000, 0.000000, -0.606321
1.050000, 0.000000, 0.170348
1.100000, 0.000000, 0.617856
1.150000, 0.000000, 0.535695
1.200000, 0.000000, -0.075769
1.250000, 0.000000, -1.015305
1.300000, 0.000000, -1.957542
1.350000, 0.000000, -2.577120
1.400000, 0.000000, -2.672838
1.450000, 0.000000, -2.244390
1.500000, 0.000000, -1.492359
1.550000, 0.000000, -0.741494
1.600000, 0.000000, -0.316569
1.650000, 0.000000, -0.418228
1.700000, 0.000000, -1.046265
1.750000, 0.000000, -1.999623
1.800000, 0.000000, -2.953125
1.850000, 0.000000, -3.581618
1.900000, 0.000000, -3.684126
1.950000, 0.000000, -3.260578
2.000000, 0.000000, -2.511805
0.000000, 0.050000, -0.219938
0.050000, 0.050000, 0.701506
0.100000, 0.050000, 1.288751
0.150000, 0.050000, 1.340993
0.200000, 0.050000, 0.858333
0.250000, 0.050000, 0.041774
0.300000, 0.050000, -0.783506
0.350000, 0.050000, -1.292301
0.400000, 0.050000, -1.283532
0.450000, 0.050000, -0.756968
0.500000, 0.050000, 0.086766
0.550000, 0.050000, 0.922921
0.600000, 0.050000, 1.426764
0.650000, 0.050000, 1.397727
0.700000, 0.050000, 0.836136
0.750000, 0.050000, -0.056799
0.800000, 0.050000, -0.955706
0.850000, 0.050000, -1.535205
0.900000, 0.050000, -1.594057
0.950000, 0.050000, -1.131895
1.000000, 0.050000, -0.349222
1.050000, 0.050000, 0.429309
1.100000, 0.050000, 0.879043
1.150000, 0.050000, 0.799468
1.200000, 0.050000, 0.190942
1.250000, 0.050000, -0.745313
1.300000, 0.050000, -1.683937
1.350000, 0.050000, -2.299582
1.400000, 0.050000, -2.391066
1.450000, 0.050000, -1.958096
1.500000, 0.050000, -1.201277
1.550000, 0.050000, -0.445380
1.600000, 0.050000, -0.015197
1.650000, 0.050000, -0.111399
1.700000, 0.050000, -0.733805
1.750000, 0.050000, -1.681383
1.800000, 0.050000, -2.628983
1.850000, 0.050000, -3.251481
1.900000, 0.050000, -3.347930
1.950000, 0.050000, -2.918285
2.000000, 0.050000, -2.163409
0.000000, 0.100000, 0.321105
0.050000, 0.100000, 1.239416
0.100000, 0.100000, 1.823597
0.150000, 0.100000, 1.872874
0.200000, 0.100000, 1.387372
0.250000, 0.100000, 0.568122
0.300000, 0.100000, -0.259675
0.350000, 0.100000, -0.770790
0.400000, 0.100000, -0.764121
0.450000, 0.100000, -0.239416
0.500000, 0.100000, 0.602719
0.550000, 0.100000, 1.437552
0.600000, 0.100000, 1.940366
0.650000, 0.100000, 1.910608
0.700000, 0.100000, 1.348613
0.750000, 0.100000, 0.455604
0.800000, 0.100000, -0.443041
0.850000, 0.100000, -1.021937
0.900000, 0.100000, -1.079842
0.950000, 0.100000, -0.616385
1.000000, 0.100000, 0.167926
1.050000, 0.100000, 0.948436
1.100000, 0.100000, 1.400484
1.150000, 0.100000, 1.323550
1.200000, 0.100000, 0.717980
1.250000, 0.100000, -0.215013
1.300000, 0.100000, -1.150086
1.350000, 0.100000, -1.761908
1.400000, 0.100000, -1.849314
1.450000, 0.100000, -1.412032
1.500000, 0.100000, -0.650688
1.550000, 0.100000, 0.109924
1.600000, 0.100000, 0.544985
1.650000, 0.100000, 0.453799
1.700000, 0.100000, -0.163478
1.750000, 0.100000, -1.105846
1.800000, 0.100000, -2.048181
1.850000, 0.100000, -2.665390
1.900000, 0.100000, -2.756554
1.950000, 0.100000, -2.321661
2.000000, 0.100000, -1.561602
0.000000, 0.150000, 1.030218
0.050000, 0.150000, 1.945466
0.100000, 0.150000, 2.526682
0.150000, 0.150000, 2.573114
0.200000, 0.150000, 2.084912
0.250000, 0.150000, 1.263127
0.300000, 0.150000, 0.432982
0.350000, 0.150000, -0.080274
0.400000, 0.150000, -0.075520
0.450000, 0.150000, 0.447511
0.500000, 0.150000, 1.288230
0.550000, 0.150000, 2.121917
0.600000, 0.150000, 2.623868
0.650000, 0.150000, 2.593538
0.700000, 0.150000, 2.031271
0.750000, 0.150000, 1.138294
0.800000, 0.150000, 0.239989
0.850000, 0.150000, -0.338257
0.900000, 0.150000, -0.395204
0.950000, 0.150000, 0.069514
1.000000, 0.150000, 0.855385
1.050000, 0.150000, 1.637746
1.100000, 0.150000, 2.091926
1.150000, 0.150000, 2.017392
1.200000, 0.150000, 1.414477
1.250000, 0.150000, 0.484376
1.300000, 0.150000, -0.447585
1.350000, 0.150000, -1.056096
1.400000, 0.150000, -1.140013
1.450000, 0.150000, -0.699088
1.500000, 0.150000, 0.066028
1.550000, 0.150000, 0.830514
1.600000, 0.150000, 1.269525
1.650000, 0.150000, 1.182336
1.700000, 0.150000, 0.569073
1.750000, 0.150000, -0.369294
1.800000, 0.150000, -1.307671
1.850000, 0.150000, -1.920997
1.900000, 0.150000, -2.008384
1.950000, 0.150000, -1.569851
2.000000, 0.150000, -0.806320
0.000000, 0.200000, 1.781515
0.050000, 0.200000, 2.693800
0.100000, 0.200000, 3.272175
0.150000, 0.200000, 3.315906
0.200000, 0.200000, 2.825162
0.250000, 0.200000, 2.001012
0.300000, 0.200000, 1.168694
0.350000, 0.200000, 0.653473
0.400000, 0.200000, 0.656483
0.450000, 0.200000, 1.178002
0.500000, 0.200000, 2.017452
0.550000, 0.200000, 2.850120
0.600000, 0.200000, 3.351310
0.650000, 0.200000, 3.320480
0.700000, 0.200000, 2.757977
0.750000, 0.200000, 1.865028
0.800000, 0.200000, 0.967013
0.850000, 0.200000, 0.389314
0.900000, 0.200000, 0.333167
0.950000, 0.200000, 0.798929
1.000000, 0.200000, 1.586077
1.050000, 0.200000, 2.369935
1.100000, 0.200000, 2.825818
1.150000, 0.200000, 2.753177
1.200000, 0.200000, 2.152327
1.250000, 0.200000, 1.224442
1.300000, 0.200000, 0.294826
1.350000, 0.200000, -0.311233
1.400000, 0.200000, -0.392618
1.450000, 0.200000, 0.050894
1.500000, 0.200000, 0.818626
1.550000, 0.200000, 1.585726
1.600000, 0.200000, 2.027321
1.650000, 0.200000, 1.942657
1.700000, 0.200000, 1.331827
1.750000, 0.200000, 0.395773
1.800000, 0.200000, -0.540445
1.850000, 0.200000, -1.151795
1.900000, 0.200000, -1.237421
1.950000, 0.200000, -0.797371
2.000000, 0.200000, -0.032599
0.000000, 0.250000, 2.439179
0.050000, 0.250000, 3.348630
0.100000, 0.250000, 3.924313
0.150000, 0.250000, 3.965510
0.200000, 0.250000, 3.472400
0.250000, 0.250000, 2.646065
0.300000, 0.250000, 1.811754
0.350000, 0.250000, 1.294739
0.400000, 0.250000, 1.296162
0.450000, 0.250000, 1.816306
0.500000, 0.250000, 2.654598
0.550000, 0.250000, 3.486327
0.600000, 0.250000, 3.986795
0.650000, 0.250000, 3.955461
0.700000, 0.250000, 3.392668
0.750000, 0.250000, 2.499636
0.800000, 0.250000, 1.601740
0.850000, 0.250000, 1.024351
0.900000, 0.250000, 0.968694
0.950000, 0.250000, 1.435113
1.000000, 0.250000, 2.223072
1.050000, 0.250000, 3.007876
1.100000, 0.250000, 3.464823
1.150000, 0.250000, 3.393344
1.200000, 0.250000, 2.793732
1.250000, 0.250000, 1.867138
1.300000, 0.250000, 0.938843
1.350000, 0.250000, 0.334109
1.400000, 0.250000, 0.254029
1.450000, 0.250000, 0.698795
1.500000, 0.250000, 1.467704
1.550000, 0.250000, 2.235877
1.600000, 0.250000, 2.678411
1.650000, 0.250000, 2.594523
1.700000, 0.250000, 1.984278
1.750000, 0.250000, 1.048588
1.800000, 0.250000, 0.112486
1.850000, 0.250000, -0.499024
1.900000, 0.250000, -0.585115
1.950000, 0.250000, -0.145860
2.000000, 0.250000, 0.617763
0.000000, 0.300000, 2.887094
0.050000, 0.300000, 3.793865
0.100000, 0.300000, 4.367031
0.150000, 0.300000, 4.405879
0.200000, 0.300000, 3.910597
0.250000, 0.300000, 3.082269
0.300000, 0.300000, 2.246146
0.350000, 0.300000, 1.727503
0.400000, 0.300000, 1.727481
0.450000, 0.300000, 2.246363
0.500000, 0.300000, 3.083571
0.550000, 0.300000, 3.914391
0.600000, 0.300000, 4.414117
0.650000, 0.300000, 4.382203
0.700000, 0.300000, 3.818979
0.750000, 0.300000, 2.925658
0.800000, 0.300000, 2.027598
0.850000, 0.300000, 1.450160
0.900000, 0.300000, 1.394552
0.950000, 0.300000, 1.861100
1.000000, 0.300000, 2.649251
1.050000, 0.300000, 3.434291
1.100000, 0.300000, 3.891496
1.150000, 0.300000, 3.820277
1.200000, 0.300000, 3.220904
1.250000, 0.300000, 2.294504
1.300000, 0.300000, 1.366336
1.350000, 0.300000, 0.761636
1.400000, 0.300000, 0.681473
1.450000, 0.300000, 1.126015
1.500000, 0.300000, 1.894533
1.550000, 0.300000, 2.662124
1.600000, 0.300000, 3.103861
1.650000, 0.300000, 3.018936
1.700000, 0.300000, 2.407392
1.750000, 0.300000, 1.470118
1.800000, 0.300000, 0.532126
1.850000, 0.300000, -0.081601
1.900000, 0.300000, -0.170253
1.950000, 0.300000, 0.266078
2.000000, 0.300000, 1.026398
0.000000, 0.350000, 3.054180
0.050000, 0.350000, 3.958450
0.100000, 0.350000, 4.529297
0.150000, 0.350000, 4.566004
0.200000, 0.350000, 4.068757
0.250000, 0.350000, 3.238635
0.300000, 0.350000, 2.400884
0.350000, 0.350000, 1.880772
0.400000, 0.350000, 1.879432
0.450000, 0.350000, 2.397138
0.500000, 0.350000, 3.233301
0.550000, 0.350000, 4.063196
0.600000, 0.350000, 4.562104
0.650000, 0.350000, 4.529464
0.700000, 0.350000, 3.965594
0.750000, 0.350000, 3.071687
0.800000, 0.350000, 2.173088
0.850000, 0.350000, 1.595138
0.900000, 0.350000, 1.539027
0.950000, 0.350000, 2.005063
1.000000, 0.350000, 2.792672
1.050000, 0.350000, 3.577122
1.100000, 0.350000, 4.033668
1.150000, 0.350000, 3.961699
1.200000, 0.350000, 3.361467
1.250000, 0.350000, 2.434079
1.300000, 0.350000, 1.504773
1.350000, 0.350000, 0.898766
1.400000, 0.350000, 0.817106
1.450000, 0.350000, 1.259947
1.500000, 0.350000, 2.026539
1.550000, 0.350000, 2.791964
1.600000, 0.350000, 3.231279
1.650000, 0.350000, 3.143664
1.700000, 0.350000, 2.529147
1.750000, 0.350000, 1.588608
1.800000, 0.350000, 0.647048
1.850000, 0.350000, 0.029445
1.900000, 0.350000, -0.063400
1.950000, 0.350000, 0.368420
2.000000, 0.350000, 1.123908
0.000000, 0.400000, 2.929920
0.050000, 0.400000, 3.831896
0.100000, 0.400000, 4.400642
0.150000, 0.400000, 4.435435
0.200000, 0.400000, 3.936443
0.250000, 0.400000, 3.104733
0.300000, 0.400000, 2.265538
0.350000, 0.400000, 1.744108
0.400000, 0.400000, 1.741560
0.450000, 0.400000, 2.258151
0.500000, 0.400000, 3.093273
0.550000, 0.400000, 3.922182
0.600000, 0.400000, 4.420142
0.650000, 0.400000, 4.386571
0.700000, 0.400000, 3.821768
0.750000, 0.400000, 2.926906
0.800000, 0.400000, 2.027312
0.850000, 0.400000, 1.448305
0.900000, 0.400000, 1.391059
0.950000, 0.400000, 1.855862
1.000000, 0.400000, 2.642123
1.050000, 0.400000, 3.425091
1.100000, 0.400000, 3.880006
1.150000, 0.400000, 3.806244
1.200000, 0.400000, 3.204039
1.250000, 0.400000, 2.274487
1.300000, 0.400000, 1.342814
1.350000, 0.400000, 0.734228
1.400000, 0.400000, 0.649769
1.450000, 0.400000, 1.089581
1.500000, 0.400000, 1.852913
1.550000, 0.400000, 2.614843
1.600000, 0.400000, 3.050425
1.650000, 0.400000, 2.958841
1.700000, 0.400000, 2.340121
1.750000, 0.400000, 1.395152
1.800000, 0.400000, 0.448941
1.850000, 0.400000, -0.173527
1.900000, 0.400000, -0.271435
1.950000, 0.400000, 0.155133
2.000000, 0.400000, 0.905198
0.000000, 0.450000, 2.566696
0.050000, 0.450000, 3.466604
0.100000, 0.450000, 4.033492
0.150000, 0.450000, 4.066610
0.200000, 0.450000, 3.566107
0.250000, 0.450000, 2.733023
0.300000, 0.450000, 1.892565
0.350000, 0.450000, 1.369959
0.400000, 0.450000, 1.366295
0.450000, 0.450000, 1.881805
0.500000, 0.450000, 2.715856
0.550000, 0.450000, 3.543678
0.600000, 0.450000, 4.040511
0.650000, 0.450000, 4.005749
0.700000, 0.450000, 3.439668
0.750000, 0.450000, 2.543423
0.800000, 0.450000, 1.642316
0.850000, 0.450000, 1.061652
0.900000, 0.450000, 1.002586
0.950000, 0.450000, 1.465394
1.000000, 0.450000, 2.249470
1.050000, 0.450000, 3.030054
1.100000, 0.450000, 3.482379
1.150000, 0.450000, 3.405813
1.200000, 0.450000, 2.800588
1.250000, 0.450000, 1.867800
1.300000, 0.450000, 0.932677
1.350000, 0.450000, 0.320430
1.400000, 0.450000, 0.232107
1.450000, 0.450000, 0.667863
1.500000, 0.450000, 1.426957
1.550000, 0.450000, 2.184482
1.600000, 0.450000, 2.615510
1.650000, 0.450000, 2.519242
1.700000, 0.450000, 1.895731
1.750000, 0.450000, 0.945885
1.800000, 0.450000, -0.005261
1.850000, 0.450000, -0.632695
1.900000, 0.450000, -0.735572
1.950000, 0.450000, -0.313945
2.000000, 0.450000, 0.431241
0.000000, 0.500000, 2.068408
0.050000, 0.500000, 2.966498
0.100000, 0.500000, 3.531787
0.150000, 0.500000, 3.563489
0.200000, 0.500000, 3.061716
0.250000, 0.500000, 2.227474
0.300000, 0.500000, 1.385933
0.350000, 0.500000, 0.862281
0.400000, 0.500000, 0.857577
0.450000, 0.500000, 1.372015
0.500000, 0.500000, 2.204932
0.550000, 0.500000, 3.031527
0.600000, 0.500000, 3.527011
0.650000, 0.500000, 3.490752
0.700000, 0.500000, 2.923003
0.750000, 0.500000, 2.024898
0.800000, 0.500000, 1.121723
0.850000, 0.500000, 0.538769
0.900000, 0.500000, 0.477181
0.950000, 0.500000, 0.937227
1.000000, 0.500000, 1.718301
1.050000, 0.500000, 2.495642
1.100000, 0.500000, 2.944490
1.150000, 0.500000, 2.864220
1.200000, 0.500000, 2.255079
1.250000, 0.500000, 1.318178
1.300000, 0.500000, 0.378765
1.350000, 0.500000, -0.237924
1.400000, 0.500000, -0.330814
1.450000, 0.500000, 0.100278
1.500000, 0.500000, 0.854645
1.550000, 0.500000, 1.607416
1.600000, 0.500000, 2.033701
1.650000, 0.500000, 1.932739
1.700000, 0.500000, 1.304624
1.750000, 0.500000, 0.350308
1.800000, 0.500000, -0.605132
1.850000, 0.500000, -1.236640
1.900000, 0.500000, -1.343328
1.950000, 0.500000, -0.925204
2.000000, 0.500000, -0.183174
0.000000, 0.550000, 1.567875
0.050000, 0.550000, 2.464419
0.100000, 0.550000, 3.028386
0.150000, 0.550000, 3.058942
0.200000, 0.550000, 2.556151
0.250000, 0.550000, 1.720969
0.300000, 0.550000, 0.878519
0.350000, 0.550000, 0.353942
0.400000, 0.550000, 0.348252
0.450000, 0.550000, 0.861604
0.500000, 0.550000, 1.693293
0.550000, 0.550000, 2.518486
0.600000, 0.550000, 3.012361
0.650000, 0.550000, 2.974263
0.700000, 0.550000, 2.404420
0.750000, 0.550000, 1.503953
0.800000, 0.550000, 0.598136
0.850000, 0.550000, 0.012255
0.900000, 0.550000, -0.052545
0.950000, 0.550000, 0.404012
1.000000, 0.550000, 1.181330
1.050000, 0.550000, 1.954669
1.100000, 0.550000, 2.399288
1.150000, 0.550000, 2.314595
1.200000, 0.550000, 1.700867
1.250000, 0.550000, 0.759254
1.300000, 0.550000, -0.184952
1.350000, 0.550000, -0.806470
1.400000, 0.550000, -0.904176
1.450000, 0.550000, -0.477833
1.500000, 0.550000, 0.271907
1.550000, 0.550000, 1.020228
1.600000, 0.550000, 1.442297
1.650000, 0.550000, 1.337413
1.700000, 0.550000, 0.705726
1.750000, 0.550000, -0.251755
1.800000, 0.550000, -1.209900
1.850000, 0.550000, -1.843599
1.900000, 0.550000, -1.951914
1.950000, 0.550000, -1.534810
2.000000, 0.550000, -0.793150
0.000000, 0.600000, 1.197941
0.050000, 0.600000, 2.093228
0.100000, 0.600000, 2.656165
0.150000, 0.600000, 2.685858
0.200000, 0.600000, 2.182306
0.250000, 0.600000, 1.346403
0.300000, 0.600000, 0.503211
0.350000, 0.600000, -0.022184
0.400000, 0.600000, -0.028822
0.450000, 0.600000, 0.483402
0.500000, 0.600000, 1.313743
0.550000, 0.600000, 2.137327
0.600000, 0.600000, 2.629305
0.650000, 0.600000, 2.588996
0.700000, 0.600000, 2.016615
0.750000, 0.600000, 1.113271
0.800000, 0.600000, 0.204242
0.850000, 0.600000, -0.385179
0.900000, 0.600000, -0.453831
0.950000, 0.600000, -0.001415
1.000000, 0.600000, 0.771507
1.050000, 0.600000, 1.540232
1.100000, 0.600000, 1.980066
1.150000, 0.600000, 1.890469
1.200000, 0.600000, 1.271777
1.250000, 0.600000, 0.325204
1.300000, 0.600000, -0.623894
1.350000, 0.600000, -1.250163
1.400000, 0.600000, -1.352407
1.450000, 0.600000, -0.930314
1.500000, 0.600000, -0.184461
1.550000, 0.600000, 0.560409
1.600000, 0.600000, 0.979537
1.650000, 0.600000, 0.872289
1.700000, 0.600000, 0.238884
1.750000, 0.600000, -0.719611
1.800000, 0.600000, -1.678009
1.850000, 0.600000, -2.311151
1.900000, 0.600000, -2.418059
1.950000, 0.600000, -1.998665
2.000000, 0.600000, -1.253809
0.000000, 0.650000, 1.062568
0.050000, 0.650000, 1.956902
0.100000, 0.650000, 2.519118
0.150000, 0.650000, 2.548240
0.200000, 0.650000, 2.044188
0.250000, 0.650000, 1.207780
0.300000, 0.650000, 0.364008
0.350000, 0.650000, -0.162112
0.400000, 0.650000, -0.169682
0.450000, 0.650000, 0.341352
0.500000, 0.650000, 1.170195
0.550000, 0.650000, 1.991939
0.600000, 0.650000, 2.481707
0.650000, 0.650000, 2.438800
0.700000, 0.650000, 1.863427
0.750000, 0.650000, 0.956703
0.800000, 0.650000, 0.043919
0.850000, 0.650000, -0.549605
0.900000, 0.650000, -0.622670
0.950000, 0.650000, -0.174931
1.000000, 0.650000, 0.593105
1.050000, 0.650000, 1.356802
1.100000, 0.650000, 1.791539
1.150000, 0.650000, 1.696854
1.200000, 0.650000, 1.073168
1.250000, 0.650000, 0.121785
1.300000, 0.650000, -0.831847
1.350000, 0.650000, -1.462280
1.400000, 0.650000, -1.568224
1.450000, 0.650000, -1.149276
1.500000, 0.650000, -0.405925
1.550000, 0.650000, 0.337172
1.600000, 0.650000, 0.755333
1.650000, 0.650000, 0.647996
1.700000, 0.650000, 0.015440
1.750000, 0.650000, -0.941215
1.800000, 0.650000, -1.896743
1.850000, 0.650000, -2.525958
1.900000, 0.650000, -2.627869
1.950000, 0.650000, -2.202406
2.000000, 0.650000, -1.450425
0.000000, 0.700000, 1.214237
0.050000, 0.700000, 2.107941
0.100000, 0.700000, 2.669754
0.150000, 0.700000, 2.698603
0.200000, 0.700000, 2.194315
0.250000, 0.700000, 1.357616
0.300000, 0.700000, 0.513414
0.350000, 0.700000, -0.013353
0.400000, 0.700000, -0.021855
0.450000, 0.700000, 0.487901
0.500000, 0.700000, 1.315076
0.550000, 0.700000, 2.134727
0.600000, 0.700000, 2.621956
0.650000, 0.700000, 2.576057
0.700000, 0.700000, 1.997248
0.750000, 0.700000, 1.086663
0.800000, 0.700000, 0.169631
0.850000, 0.700000, -0.428480
0.900000, 0.700000, -0.506408
0.950000, 0.700000, -0.063734
1.000000, 0.700000, 0.699120
1.050000, 0.700000, 1.457613
1.100000, 0.700000, 1.887224
1.150000, 0.700000, 1.787600
1.200000, 0.700000, 1.159275
1.250000, 0.700000, 0.203666
1.300000, 0.700000, -0.753663
1.350000, 0.700000, -1.387153
1.400000, 0.700000, -1.495407
1.450000, 0.700000, -1.077919
1.500000, 0.700000, -0.335086
1.550000, 0.700000, 0.408519
1.600000, 0.700000, 0.828282
1.650000, 0.700000, 0.723699
1.700000, 0.700000, 0.095087
1.750000, 0.700000, -0.856410
1.800000, 0.700000, -1.805561
1.850000, 0.700000, -2.427194
1.900000, 0.700000, -2.520352
1.950000, 0.700000, -2.085019
2.000000, 0.700000, -1.322125
0.000000, 0.750000, 1.642575
0.050000, 0.750000, 2.535983
0.100000, 0.750000, 3.097721
0.150000, 0.750000, 3.126603
0.200000, 0.750000, 2.622343
0.250000, 0.750000, 1.785562
0.300000, 0.750000, 0.941069
0.350000, 0.750000, 0.413717
0.400000, 0.750000, 0.404261
0.450000, 0.750000, 0.912632
0.500000, 0.750000, 1.737948
0.550000, 0.750000, 2.555236
0.600000, 0.750000, 3.039589
0.650000, 0.750000, 2.990310
0.700000, 0.750000, 2.407640
0.750000, 0.750000, 1.492759
0.800000, 0.750000, 0.571057
0.850000, 0.750000, -0.032022
0.900000, 0.750000, -0.115123
0.950000, 0.750000, 0.322278
1.000000, 0.750000, 1.079876
1.050000, 0.750000, 1.833255
1.100000, 0.750000, 2.258027
1.150000, 0.750000, 2.153974
1.200000, 0.750000, 1.521767
1.250000, 0.750000, 0.562958
1.300000, 0.750000, -0.396760
1.350000, 0.750000, -1.031704
1.400000, 0.750000, -1.140366
1.450000, 0.750000, -0.722141
1.500000, 0.750000, 0.022658
1.550000, 0.750000, 0.769519
1.600000, 0.750000, 1.193877
1.650000, 0.750000, 1.095245
1.700000, 0.750000, 0.473942
1.750000, 0.750000, -0.468916
1.800000, 0.750000, -1.408147
1.850000, 0.750000, -2.018658
1.900000, 0.750000, -2.099593
1.950000, 0.750000, -1.651063
2.000000, 0.750000, -0.874149
0.000000, 0.800000, 2.276685
0.050000, 0.800000, 3.170142
0.100000, 0.800000, 3.732141
0.150000, 0.800000, 3.761363
0.200000, 0.800000, 3.257393
0.250000, 0.800000, 2.420731
0.300000, 0.800000, 1.576075
0.350000, 0.800000, 1.048184
0.400000, 0.800000, 1.037731
0.450000, 0.800000, 1.544591
0.500000, 0.800000, 2.367838
0.550000, 0.800000, 3.182485
0.600000, 0.800000, 3.663626
0.650000, 0.800000, 3.610592
0.700000, 0.800000, 3.023673
0.750000, 0.800000, 2.104122
0.800000, 0.800000, 1.177417
0.850000, 0.800000, 0.569116
0.900000, 0.800000, 0.480695
0.950000, 0.800000, 0.912821
1.000000, 0.800000, 1.665337
1.050000, 0.800000, 2.413983
1.100000, 0.800000, 2.834533
1.150000, 0.800000, 2.726928
1.200000, 0.800000, 2.091996
1.250000, 0.800000, 1.131436
1.300000, 0.800000, 0.171078
1.350000, 0.800000, -0.463277
1.400000, 0.800000, -0.570016
1.450000, 0.800000, -0.148457
1.500000, 0.800000, 0.601141
1.550000, 0.800000, 1.354297
1.600000, 0.800000, 1.786439
1.650000, 0.800000, 1.697050
1.700000, 0.800000, 1.086385
1.750000, 0.800000, 0.155464
1.800000, 0.800000, -0.770659
1.850000, 0.800000, -1.367048
1.900000, 0.800000, -1.433033
1.950000, 0.800000, -0.968937
2.000000, 0.800000, -0.176076
0.000000, 0.850000, 3.000667
0.050000, 0.850000, 3.894527
0.100000, 0.850000, 4.457130
0.150000, 0.850000, 4.487002
0.200000, 0.850000, 3.983579
0.250000, 0.850000, 3.147227
0.300000, 0.850000, 2.302522
0.350000, 0.850000, 1.774118
0.400000, 0.850000, 1.762610
0.450000, 0.850000, 2.267812
0.500000, 0.850000, 3.088769
0.550000, 0.850000, 3.900489
0.600000, 0.850000, 4.378089
0.650000, 0.850000, 4.320953
0.700000, 0.850000, 3.729448
0.750000, 0.850000, 2.804928
0.800000, 0.850000, 1.873000
0.850000, 0.850000, 1.259365
0.900000, 0.850000, 1.165664
0.950000, 0.850000, 1.592735
1.000000, 0.850000, 2.340606
1.050000, 0.850000, 3.085202
1.100000, 0.850000, 3.502481
1.150000, 0.850000, 3.392562
1.200000, 0.850000, 2.756439
1.250000, 0.850000, 1.795959
1.300000, 0.850000, 0.837082
1.350000, 0.850000, 0.205712
1.400000, 0.850000, 0.103535
1.450000, 0.850000, 0.531274
1.500000, 0.850000, 1.288677
1.550000, 0.850000, 2.051230
1.600000, 0.850000, 2.494292
1.650000, 0.850000, 2.417239
1.700000, 0.850000, 1.820178
1.750000, 0.850000, 0.903947
1.800000, 0.850000, -0.006618
1.850000, 0.850000, -0.586830
1.900000, 0.850000, -0.636296
1.950000, 0.850000, -0.155639
2.000000, 0.850000, 0.653508
0.000000, 0.900000, 3.678965
0.050000, 0.900000, 4.573588
0.100000, 0.900000, 5.137139
0.150000, 0.900000, 5.167968
0.200000, 0.900000, 4.665345
0.250000, 0.900000, 3.829483
0.300000, 0.900000, 2.984827
0.350000, 0.900000, 2.455920
0.400000, 0.900000, 2.443276
0.450000, 0.900000, 2.946659
0.500000, 0.900000, 3.765094
0.550000, 0.900000, 4.573602
0.600000, 0.900000, 5.047350
0.650000, 0.900000, 4.985800
0.700000, 0.900000, 4.389432
0.750000, 0.900000, 3.459740
0.800000, 0.900000, 2.522493
0.850000, 0.900000, 1.903577
0.900000, 0.900000, 1.804832
0.950000, 0.900000, 2.227306
1.000000, 0.900000, 2.971239
1.050000, 0.900000, 3.712766
1.100000, 0.900000, 4.128046
1.150000, 0.900000, 4.017383
1.200000, 0.900000, 3.381935
1.250000, 0.900000, 2.423685
1.300000, 0.900000, 1.468697
1.350000, 0.900000, 0.842942
1.400000, 0.900000, 0.748130
1.450000, 0.900000, 1.184966
1.500000, 0.900000, 1.953136
1.550000, 0.900000, 2.728012
1.600000, 0.900000, 3.184801
1.650000, 0.900000, 3.122675
1.700000, 0.900000, 2.541499
1.750000, 0.900000, 1.641829
1.800000, 0.900000, 0.748189
1.850000, 0.900000, 0.184923
1.900000, 0.900000, 0.152062
1.950000, 0.900000, 0.648609
2.000000, 0.900000, 1.472547
0.000000, 0.950000, 4.185983
0.050000, 0.950000, 5.081734
0.100000, 0.950000, 5.646579
0.150000, 0.950000, 5.678669
0.200000, 0.950000, 5.177090
0.250000, 0.950000, 4.341886
0.300000, 0.950000, 3.497359
0.350000, 0.950000, 2.967940
0.400000, 0.950000, 2.954063
0.450000, 0.950000, 3.455450
0.500000, 0.950000, 4.271124
0.550000, 0.950000, 5.076143
0.600000, 0.950000, 5.545750
0.650000, 0.950000, 5.479523
0.700000, 0.950000, 4.878090
0.750000, 0.950000, 3.943125
0.800000, 0.950000, 3.000602
0.850000, 0.950000, 2.376632
0.900000, 0.950000, 2.273289
0.950000, 0.950000, 2.691865
1.000000, 0.950000, 3.432835
1.050000, 0.950000, 4.172560
1.100000, 0.950000, 4.587407
1.150000, 0.950000, 4.477860
1.200000, 0.950000, 3.845222
1.250000, 0.950000, 2.891582
1.300000, 0.950000, 1.943063
1.350000, 0.950000, 1.325646
1.400000, 0.950000, 1.240996
1.450000, 0.950000, 1.689722
1.500000, 0.950000, 2.471353
1.550000, 0.950000, 3.261057
1.600000, 0.950000, 3.733779
1.650000, 0.950000, 3.688388
1.700000, 0.950000, 3.124405
1.750000, 0.950000, 2.242005
1.800000, 0.950000, 1.365307
1.850000, 0.950000, 0.818236
1.900000, 0.950000, 0.800394
1.950000, 0.950000, 1.310361
2.000000, 0.950000, 2.145712
0.000000, 1.000000, 4.433546
0.050000, 1.000000, 5.330792
0.100000, 1.000000, 5.897275
0.150000, 1.000000, 5.930926
0.200000, 1.000000, 5.430623
0.250000, 1.000000, 4.596230
0.300000, 1.000000, 3.751895
0.350000, 1.000000, 3.221935
0.400000, 1.000000, 3.206709
0.450000, 1.000000, 3.705911
0.500000, 1.000000, 4.518583
0.550000, 1.000000, 5.319846
0.600000, 1.000000, 5.785057
0.650000, 1.000000, 5.713944
0.700000, 1.000000, 5.107330
0.750000, 1.000000, 4.167109
0.800000, 1.000000, 3.219504
0.850000, 1.000000, 2.590888
0.900000, 1.000000, 2.483608
0.950000, 1.000000, 2.899220
1.000000, 1.000000, 3.638456
1.050000, 1.000000, 4.377908
1.100000, 1.000000, 4.794141
1.150000, 1.000000, 4.687799
1.200000, 1.000000, 4.060293
1.250000, 1.000000, 3.113769
1.300000, 1.000000, 2.174342
1.350000, 1.000000, 1.567925
1.400000, 1.000000, 1.496051
1.450000, 1.000000, 1.959128
1.500000, 1.000000, 2.756427
1.550000, 1.000000, 3.562799
1.600000, 1.000000, 4.052822
1.650000, 1.000000, 4.024955
1.700000, 1.000000, 3.478273
1.750000, 1.000000, 2.612489
1.800000, 1.000000, 1.751246
1.850000, 1.000000, 1.217996
1.900000, 1.000000, 1.211888
1.950000, 1.000000, 1.731073
2.000000, 1.000000, 2.572745
0.000000, 1.050000, 4.390199
0.050000, 1.050000, 5.289307
0.100000, 1.050000, 5.857769
0.150000, 1.050000, 5.893271
0.200000, 1.050000, 5.394465
0.250000, 1.050000, 4.561018
0.300000, 1.050000, 3.716918
0.350000, 1.050000, 3.186368
0.400000, 1.050000, 3.169661
0.450000, 1.050000, 3.666480
0.500000, 1.050000, 4.475908
0.550000, 1.050000, 5.273169
0.600000, 1.050000, 5.733766
0.650000, 1.050000, 5.657625
0.700000, 1.050000, 5.045806
0.750000, 1.050000, 4.100471
0.800000, 1.050000, 3.148134
0.850000, 1.050000, 2.515468
0.900000, 1.050000, 2.405119
0.950000, 1.050000, 2.818930
1.000000, 1.050000, 3.557892
1.050000, 1.050000, 4.298821
1.100000, 1.050000, 4.718459
1.150000, 1.050000, 4.617566
1.200000, 1.050000, 3.997607
1.250000, 1.050000, 3.060711
1.300000, 1.050000, 2.132902
1.350000, 1.050000, 1.539924
1.400000, 1.050000, 1.483068
1.450000, 1.050000, 1.962433
1.500000, 1.050000, 2.776913
1.550000, 1.050000, 3.600929
1.600000, 1.050000, 4.108584
1.650000, 1.050000, 4.097832
1.700000, 1.050000, 3.567225
1.750000, 1.050000, 2.715952
1.800000, 1.050000, 1.867147
1.850000, 1.050000, 1.343781
1.900000, 1.050000, 1.344573
1.950000, 1.050000, 1.867302
2.000000, 1.050000, 2.708867
0.000000, 1.100000, 4.088139
0.050000, 1.100000, 4.989473
0.100000, 1.100000, 5.560249
0.150000, 1.100000, 5.597882
0.200000, 1.100000, 5.100780
0.250000, 1.100000, 4.268397
0.300000, 1.100000, 3.424556
0.350000, 1.100000, 2.893346
0.400000, 1.100000, 2.875009
0.450000, 1.100000, 3.369236
0.500000, 1.100000, 4.175188
0.550000, 1.100000, 4.968220
0.600000, 1.100000, 5.424032
0.650000, 1.100000, 5.342794
0.700000, 1.100000, 4.725849
0.750000, 1.100000, 3.775675
0.800000, 1.100000, 2.819116
0.850000, 1.100000, 2.183179
0.900000, 1.100000, 2.070831
0.950000, 1.100000, 2.484209
1.000000, 1.100000, 3.224557
1.050000, 1.100000, 3.968891
1.100000, 1.100000, 4.394083
1.150000, 1.100000, 4.300954
1.200000, 1.100000, 3.690944
1.250000, 1.100000, 2.766069
1.300000, 1.100000, 1.852158
1.350000, 1.100000, 1.274671
1.400000, 1.100000, 1.234538
1.450000, 1.100000, 1.731424
1.500000, 1.100000, 2.563731
1.550000, 1.100000, 3.405342
1.600000, 1.100000, 3.929795
1.650000, 1.100000, 3.934464
1.700000, 1.100000, 3.417334
1.750000, 1.100000, 2.577051
1.800000, 1.100000, 1.736254
1.850000, 1.100000, 1.217487
1.900000, 1.100000, 1.219122
1.950000, 1.100000, 1.738691
2.000000, 1.100000, 2.572955
0.000000, 1.150000, 3.616277
0.050000, 1.150000, 4.520197
0.100000, 1.150000, 5.093614
0.150000, 1.150000, 5.133647
0.200000, 1.150000, 4.638439
0.250000, 1.150000, 3.807217
0.300000, 1.150000, 2.963636
0.350000, 1.150000, 2.431677
0.400000, 1.150000, 2.411545
0.450000, 1.150000, 2.902969
0.500000, 1.150000, 3.705217
0.550000, 1.150000, 4.493825
0.600000, 1.150000, 4.944734
0.650000, 1.150000, 4.858408
0.700000, 1.150000, 4.236524
0.750000, 1.150000, 3.281921
0.800000, 1.150000, 2.321810
0.850000, 1.150000, 1.683559
0.900000, 1.150000, 1.570467
0.950000, 1.150000, 1.984960
1.000000, 1.150000, 2.728513
1.050000, 1.150000, 3.478297
1.100000, 1.150000, 3.911253
1.150000, 1.150000, 3.828178
1.200000, 1.150000, 3.230389
1.250000, 1.150000, 2.319682
1.300000, 1.150000, 1.421562
1.350000, 1.150000, 0.861081
1.400000, 1.150000, 0.838682
1.450000, 1.150000, 1.353475
1.500000, 1.150000, 2.203263
1.550000, 1.150000, 3.061302
1.600000, 1.150000, 3.600499
1.650000, 1.150000, 3.617616
1.700000, 1.150000, 3.110070
1.750000, 1.150000, 2.276003
1.800000, 1.150000, 1.437634
1.850000, 1.150000, 0.917197
1.900000, 1.150000, 0.912873
1.950000, 1.150000, 1.422137
2.000000, 1.150000, 2.241835
0.000000, 1.200000, 3.100937
0.050000, 1.200000, 4.007795
0.100000, 1.200000, 4.584169
0.150000, 1.200000, 4.626857
0.200000, 1.200000, 4.133713
0.250000, 1.200000, 3.303729
0.300000, 1.200000, 2.460386
0.350000, 1.200000, 1.927569
0.400000, 1.200000, 1.905464
0.450000, 1.200000, 2.393869
0.500000, 1.200000, 3.192200
0.550000, 1.200000, 3.976222
0.600000, 1.200000, 4.422166
0.650000, 1.200000, 4.330847
0.700000, 1.200000, 3.704323
0.750000, 1.200000, 2.745838
0.800000, 1.200000, 1.783002
0.850000, 1.200000, 1.143560
0.900000, 1.200000, 1.031143
0.950000, 1.200000, 1.448446
1.000000, 1.200000, 2.197132
1.050000, 1.200000, 2.954463
1.100000, 1.200000, 3.397367
1.150000, 1.200000, 3.326514
1.200000, 1.200000, 2.742980
1.250000, 1.200000, 1.848210
1.300000, 1.200000, 0.967256
1.350000, 1.200000, 0.424630
1.400000, 1.200000, 0.420160
1.450000, 1.200000, 0.952297
1.500000, 1.200000, 1.818157
1.550000, 1.200000, 2.690312
1.600000, 1.200000, 3.241017
1.650000, 1.200000, 3.266439
1.700000, 1.200000, 2.763482
1.750000, 1.200000, 1.929885
1.800000, 1.200000, 1.087598
1.850000, 1.200000, 0.558727
1.900000, 1.200000, 0.541484
1.950000, 1.200000, 1.033539
2.000000, 1.200000, 1.832095
0.000000, 1.250000, 2.678391
0.050000, 1.250000, 3.588530
0.100000, 1.250000, 4.168165
0.150000, 1.250000, 4.213745
0.200000, 1.250000, 3.722817
0.250000, 1.250000, 2.894125
0.300000, 1.250000, 2.050977
0.350000, 1.250000, 1.517171
0.400000, 1.250000, 1.492902
0.450000, 1.250000, 1.978071
0.500000, 1.250000, 2.772289
0.550000, 1.250000, 3.551599
0.600000, 1.250000, 3.992583
0.650000, 1.250000, 3.896453
0.700000, 1.250000, 3.265704
0.750000, 1.250000, 2.304019
0.800000, 1.250000, 1.339432
0.850000, 1.250000, 0.700070
0.900000, 1.250000, 0.589883
0.950000, 1.250000, 1.011796
1.000000, 1.250000, 1.767598
1.050000, 1.250000, 2.534556
1.100000, 1.250000, 2.989482
1.150000, 1.250000, 2.932796
1.200000, 1.250000, 2.365199
1.250000, 1.250000, 1.487647
1.300000, 1.250000, 0.624601
1.350000, 1.250000, 0.099904
1.400000, 1.250000, 0.112663
1.450000, 1.250000, 0.660581
1.500000, 1.250000, 1.540038
1.550000, 1.250000, 2.422910
1.600000, 1.250000, 2.980828
1.650000, 1.250000, 3.009443
1.700000, 1.250000, 2.505271
1.750000, 1.250000, 1.665822
1.800000, 1.250000, 0.812985
1.850000, 1.250000, 0.268990
1.900000, 1.250000, 0.232357
1.950000, 1.250000, 0.701245
2.000000, 1.250000, 1.473512
0.000000, 1.300000, 2.465232
0.050000, 1.300000, 3.378985
0.100000, 1.300000, 3.962170
0.150000, 1.300000, 4.010863
0.200000, 1.300000, 3.522280
0.250000, 1.300000, 2.694908
0.300000, 1.300000, 1.851887
0.350000, 1.300000, 1.316943
0.400000, 1.300000, 1.290308
0.450000, 1.300000, 1.772026
0.500000, 1.300000, 2.561955
0.550000, 1.300000, 3.336471
0.600000, 1.300000, 3.772563
0.650000, 1.300000, 3.671900
0.700000, 1.300000, 3.037454
0.750000, 1.300000, 2.073380
0.800000, 1.300000, 1.108152
0.850000, 1.300000, 0.470271
0.900000, 1.300000, 0.363973
0.950000, 1.300000, 0.792356
1.000000, 1.300000, 1.557249
1.050000, 1.300000, 2.335825
1.100000, 1.300000, 2.804649
1.150000, 1.300000, 2.763754
1.200000, 1.300000, 2.213324
1.250000, 1.300000, 1.353679
1.300000, 1.300000, 0.508560
1.350000, 1.300000, 0.001027
1.400000, 1.300000, 0.029378
1.450000, 1.300000, 0.590524
1.500000, 1.300000, 1.480101
1.550000, 1.300000, 2.369333
1.600000, 1.300000, 2.929322
1.650000, 1.300000, 2.955345
1.700000, 1.300000, 2.443729
1.750000, 1.300000, 1.591989
1.800000, 1.300000, 0.722228
1.850000, 1.300000, 0.157098
1.900000, 1.300000, 0.095737
1.950000, 1.300000, 0.537100
2.000000, 1.300000, 1.279991
0.000000, 1.350000, 2.533034
0.050000, 1.350000, 3.450718
0.100000, 1.350000, 4.037727
0.150000, 1.350000, 4.089731
0.200000, 1.350000, 3.603599
0.250000, 1.350000, 2.777554
0.300000, 1.350000, 1.934566
0.350000, 1.350000, 1.398314
0.400000, 1.350000, 1.369101
0.450000, 1.350000, 1.847158
0.500000, 1.350000, 2.632645
0.550000, 1.350000, 3.402332
0.600000, 1.350000, 3.833673
0.650000, 1.350000, 3.728846
0.700000, 1.350000, 3.091342
0.750000, 1.350000, 2.125814
0.800000, 1.350000, 1.161176
0.850000, 1.350000, 0.526280
0.900000, 1.350000, 0.425597
0.950000, 1.350000, 0.862317
1.000000, 1.350000, 1.638211
1.050000, 1.350000, 2.430226
1.100000, 1.350000, 2.914541
1.150000, 1.350000, 2.890653
1.200000, 1.350000, 2.358077
1.250000, 1.350000, 1.516361
1.300000, 1.350000, 0.688406
1.350000, 1.350000, 0.196399
1.400000, 1.350000, 0.237787
1.450000, 1.350000, 0.808684
1.500000, 1.350000, 1.704035
1.550000, 1.350000, 2.594519
1.600000, 1.350000, 3.150871
1.650000, 1.350000, 3.168212
1.700000, 1.350000, 2.642934
1.750000, 1.350000, 1.772854
1.800000, 1.350000, 0.880606
1.850000, 1.350000, 0.289586
1.900000, 1.350000, 0.199864
1.950000, 1.350000, 0.611480
2.000000, 1.350000, 1.324424
0.000000, 1.400000, 2.892816
0.050000, 1.400000, 3.814736
0.100000, 1.400000, 4.405823
0.150000, 1.400000, 4.461315
0.200000, 1.400000, 3.977716
0.250000, 1.400000, 3.152974
0.300000, 1.400000, 2.309904
0.350000, 1.400000, 1.772156
0.400000, 1.400000, 1.740143
0.450000, 1.400000, 2.214336
0.500000, 1.400000, 2.995255
0.550000, 1.400000, 3.760127
0.600000, 1.400000, 4.186931
0.650000, 1.400000, 4.078402
0.700000, 1.400000, 3.438589
0.750000, 1.400000, 2.472654
0.800000, 1.400000, 1.509938
0.850000, 1.400000, 0.879604
0.900000, 1.400000, 0.786286
0.950000, 1.400000, 1.233169
1.000000, 1.400000, 2.021838
1.050000, 1.400000, 2.828872
1.100000, 1.400000, 3.329909
1.150000, 1.400000, 3.323755
1.200000, 1.400000, 2.809108
1.250000, 1.400000, 1.984621
1.300000, 1.400000, 1.172258
1.350000, 1.400000, 0.693288
1.400000, 1.400000, 0.744301
1.450000, 1.400000, 1.320675
1.500000, 1.400000, 2.216781
1.550000, 1.400000, 3.102927
1.600000, 1.400000, 3.649714
1.650000, 1.400000, 3.652383
1.700000, 1.400000, 3.107705
1.750000, 1.400000, 2.214132
1.800000, 1.400000, 1.295161
1.850000, 1.400000, 0.675253
1.900000, 1.400000, 0.555690
1.950000, 1.400000, 0.937817
2.000000, 1.400000, 1.622964
0.000000, 1.450000, 3.492714
0.050000, 1.450000, 4.419155
0.100000, 1.450000, 5.014554
0.150000, 1.450000, 5.073690
0.200000, 1.450000, 4.592678
0.250000, 1.450000, 3.769190
0.300000, 1.450000, 2.925896
0.350000, 1.450000, 2.386446
0.400000, 1.450000, 2.351405
0.450000, 1.450000, 2.821541
0.500000, 1.450000, 3.597797
0.550000, 1.450000, 4.357920
0.600000, 1.450000, 4.780473
0.650000, 1.450000, 4.668800
0.700000, 1.450000, 4.027527
0.750000, 1.450000, 3.062328
0.800000, 1.450000, 2.102947
0.850000, 1.450000, 1.478793
0.900000, 1.450000, 1.394572
0.950000, 1.450000, 1.853345
1.000000, 1.450000, 2.656365
1.050000, 1.450000, 3.479686
1.100000, 1.450000, 3.998245
1.150000, 1.450000, 4.009997
1.200000, 1.450000, 3.512695
1.250000, 1.450000, 2.703989
1.300000, 1.450000, 1.904854
1.350000, 1.450000, 1.435635
1.400000, 1.450000, 1.492125
1.450000, 1.450000, 2.069086
1.500000, 1.450000, 2.960502
1.550000, 1.450000, 3.836556
1.600000, 1.450000, 4.368008
1.650000, 1.450000, 4.350544
1.700000, 1.450000, 3.781666
1.750000, 1.450000, 2.860801
1.800000, 1.450000, 1.912634
1.850000, 1.450000, 1.262962
1.900000, 1.450000, 1.114487
1.950000, 1.450000, 1.469984
2.000000, 1.450000, 2.132137
0.000000, 1.500000, 4.229348
0.050000, 1.500000, 5.160577
0.100000, 1.500000, 5.760501
0.150000, 1.500000, 5.823408
0.200000, 1.500000, 5.345012
0.250000, 1.500000, 4.522702
0.300000, 1.500000, 3.679016
0.350000, 1.500000, 3.137641
0.400000, 1.500000, 3.099339
0.450000, 1.500000, 3.565238
0.500000, 1.500000, 4.336767
0.550000, 1.500000, 5.092262
0.600000, 1.500000, 5.510929
0.650000, 1.500000, 5.396754
0.700000, 1.500000, 4.754963
0.750000, 1.500000, 3.791730
0.800000, 1.500000, 2.837148
0.850000, 1.500000, 2.220799
0.900000, 1.500000, 2.147344
0.950000, 1.500000, 2.619579
1.000000, 1.500000, 3.438267
1.050000, 1.500000, 4.278769
1.100000, 1.500000, 4.815155
1.150000, 1.500000, 4.844388
1.200000, 1.500000, 4.363157
1.250000, 1.500000, 3.568049
1.300000, 1.500000, 2.779034
1.350000, 1.500000, 2.315589
1.400000, 1.500000, 2.372833
1.450000, 1.500000, 2.945105
1.500000, 1.500000, 3.826253
1.550000, 1.500000, 4.686642
1.600000, 1.500000, 5.197534
1.650000, 1.500000, 5.155422
1.700000, 1.500000, 4.558889
1.750000, 1.500000, 3.608666
1.800000, 1.500000, 2.630892
1.850000, 1.500000, 1.952896
1.900000, 1.500000, 1.778894
1.950000, 1.500000, 2.113071
2.000000, 1.500000, 2.759328
0.000000, 1.550000, 4.970422
0.050000, 1.550000, 5.906684
0.100000, 1.550000, 6.511323
0.150000, 1.550000, 6.578105
0.200000, 1.550000, 6.102323
0.250000, 1.550000, 5.281085
0.300000, 1.550000, 4.436818
0.350000, 1.550000, 3.893276
0.400000, 1.550000, 3.851479
0.450000, 1.550000, 4.312973
0.500000, 1.550000, 5.079748
0.550000, 1.550000, 5.830793
0.600000, 1.550000, 6.246009
0.650000, 1.550000, 6.130061
0.700000, 1.550000, 5.488777
0.750000, 1.550000, 4.528801
0.800000, 1.550000, 3.580513
0.850000, 1.550000, 2.973561
0.900000, 1.550000, 2.912431
0.950000, 1.550000, 3.399492
1.000000, 1.550000, 4.234849
1.050000, 1.550000, 5.092995
1.100000, 1.550000, 5.646976
1.150000, 1.550000, 5.692636
1.200000, 1.550000, 5.225523
1.250000, 1.550000, 4.441131
1.300000, 1.550000, 3.658476
1.350000, 1.550000, 3.196282
1.400000, 1.550000, 3.249189
1.450000, 1.550000, 3.811368
1.500000, 1.550000, 4.676852
1.550000, 1.550000, 5.516540
1.600000, 1.550000, 6.002567
1.650000, 1.550000, 5.932600
1.700000, 1.550000, 5.306634
1.750000, 1.550000, 4.326969
1.800000, 1.550000, 3.321385
1.850000, 1.550000, 2.618810
1.900000, 1.550000, 2.424928
1.950000, 1.550000, 2.745149
2.000000, 1.550000, 3.384275
0.000000, 1.600000, 5.583618
0.050000, 1.600000, 6.525137
0.100000, 1.600000, 7.134654
0.150000, 1.600000, 7.205386
0.200000, 1.600000, 6.732188
0.250000, 1.600000, 5.911890
0.300000, 1.600000, 5.066825
0.350000, 1.600000, 4.520862
0.400000, 1.600000, 4.475332
0.450000, 1.600000, 4.932272
0.500000, 1.600000, 5.694303
0.550000, 1.600000, 6.441133
0.600000, 1.600000, 6.853407
0.650000, 1.600000, 6.736493
0.700000, 1.600000, 6.096812
0.750000, 1.600000, 5.141429
0.800000, 1.600000, 4.200926
0.850000, 1.600000, 3.604895
0.900000, 1.600000, 3.557490
0.950000, 1.600000, 4.060485
1.000000, 1.600000, 4.913142
1.050000, 1.600000, 5.788921
1.100000, 1.600000, 6.359699
1.150000, 1.600000, 6.420104
1.200000, 1.600000, 5.964499
1.250000, 1.600000, 5.187320
1.300000, 1.600000, 4.406735
1.350000, 1.600000, 3.940906
1.400000, 1.600000, 3.984248
1.450000, 1.600000, 4.531091
1.500000, 1.600000, 5.376014
1.550000, 1.600000, 6.190837
1.600000, 1.600000, 6.648946
1.650000, 1.600000, 6.549518
1.700000, 1.600000, 5.894231
1.750000, 1.600000, 4.887132
1.800000, 1.600000, 3.857695
1.850000, 1.600000, 3.136375
1.900000, 1.600000, 2.930101
1.950000, 1.600000, 3.245149
2.000000, 1.600000, 3.886738
0.000000, 1.650000, 5.965496
0.050000, 1.650000, 6.912471
0.100000, 1.650000, 7.527005
0.150000, 1.650000, 7.601733
0.200000, 1.650000, 7.131060
0.250000, 1.650000, 6.311538
0.300000, 1.650000, 5.465436
0.350000, 1.650000, 4.916783
0.400000, 1.650000, 4.867283
0.450000, 1.650000, 5.319540
0.500000, 1.650000, 6.076877
0.550000, 1.650000, 6.819785
0.600000, 1.650000, 7.229695
0.650000, 1.650000, 7.112692
0.700000, 1.650000, 6.475764
0.750000, 1.650000, 5.526333
0.800000, 1.650000, 4.595073
0.850000, 1.650000, 4.011377
0.900000, 1.650000, 3.978900
0.950000, 1.650000, 4.498630
1.000000, 1.650000, 5.368811
1.050000, 1.650000, 6.261704
1.100000, 1.650000, 6.847905
1.150000, 1.650000, 6.920758
1.200000, 1.650000, 6.473456
1.250000, 1.650000, 5.699470
1.300000, 1.650000, 4.916295
1.350000, 1.650000, 4.441782
1.400000, 1.650000, 4.470452
1.450000, 1.650000, 4.997163
1.500000, 1.650000, 5.817439
1.550000, 1.650000, 6.604407
1.600000, 1.650000, 7.033054
1.650000, 1.650000, 6.904349
1.700000, 1.650000, 6.221826
1.750000, 1.650000, 5.191328
1.800000, 1.650000, 4.143928
1.850000, 1.650000, 3.411358
1.900000, 1.650000, 3.201398
1.950000, 1.650000, 3.520666
2.000000, 1.650000, 4.174164
0.000000, 1.700000, 6.064086
0.050000, 1.700000, 7.016693
0.100000, 1.700000, 7.636355
0.150000, 1.700000, 7.715097
0.200000, 1.700000, 7.246858
0.250000, 1.700000, 6.427920
0.300000, 1.700000, 5.580519
0.350000, 1.700000, 5.028894
0.400000, 1.700000, 4.975192
0.450000, 1.700000, 5.422657
0.500000, 1.700000, 6.175391
0.550000, 1.700000, 6.914726
0.600000, 1.700000, 7.322918
0.650000, 1.700000, 7.206764
0.700000, 1.700000, 6.573780
0.750000, 1.700000, 5.631658
0.800000, 1.700000, 4.711036
0.850000, 1.700000, 4.140944
0.900000, 1.700000, 4.124351
0.950000, 1.700000, 4.661274
1.000000, 1.700000, 5.548757
1.050000, 1.700000, 6.457726
1.100000, 1.700000, 7.057402
1.150000, 1.700000, 7.139840
1.200000, 1.700000, 6.697127
1.250000, 1.700000, 5.921926
1.300000, 1.700000, 5.131306
1.350000, 1.700000, 4.643132
1.400000, 1.700000, 4.652402
1.450000, 1.700000, 5.154913
1.500000, 1.700000, 5.947534
1.550000, 1.700000, 6.705068
1.600000, 1.700000, 7.104395
1.650000, 1.700000, 6.948454
1.700000, 1.700000, 6.242686
1.750000, 1.700000, 5.194622
1.800000, 1.700000, 4.136668
1.850000, 1.700000, 3.401410
1.900000, 1.700000, 3.196918
1.950000, 1.700000, 3.529487
2.000000, 1.700000, 4.203180
0.000000, 1.750000, 5.890269
0.050000, 1.750000, 6.848656
0.100000, 1.750000, 7.473528
0.150000, 1.750000, 7.556272
0.200000, 1.750000, 7.090344
0.250000, 1.750000, 6.271771
0.300000, 1.750000, 5.422787
0.350000, 1.750000, 4.867896
0.400000, 1.750000, 4.809763
0.450000, 1.750000, 5.252352
0.500000, 1.750000, 6.000616
0.550000, 1.750000, 6.736786
0.600000, 1.750000, 7.143964
0.650000, 1.750000, 7.029649
0.700000, 1.750000, 6.401824
0.750000, 1.750000, 5.468341
0.800000, 1.750000, 4.559656
0.850000, 1.750000, 4.004254
0.900000, 1.750000, 4.004223
0.950000, 1.750000, 4.558416
1.000000, 1.750000, 5.462514
1.050000, 1.750000, 6.385994
1.100000, 1.750000, 6.996660
1.150000, 1.750000, 7.085313
1.200000, 1.750000, 6.643071
1.250000, 1.750000, 5.862018
1.300000, 1.750000, 5.059107
1.350000, 1.750000, 4.552593
1.400000, 1.750000, 4.538370
1.450000, 1.750000, 5.013589
1.500000, 1.750000, 5.776851
1.550000, 1.750000, 6.504944
1.600000, 1.750000, 6.876836
1.650000, 1.750000, 6.697497
1.700000, 1.750000, 5.974163
1.750000, 1.750000, 4.915779
1.800000, 1.750000, 3.855636
1.850000, 1.750000, 3.126592
1.900000, 1.750000, 2.936311
1.950000, 1.750000, 3.290017
2.000000, 1.750000, 3.990082
0.000000, 1.800000, 5.515434
0.050000, 1.800000, 6.479722
0.100000, 1.800000, 7.109860
0.150000, 1.800000, 7.196561
0.200000, 1.800000, 6.732793
0.250000, 1.800000, 5.914336
0.300000, 1.800000, 5.063461
0.350000, 1.800000, 4.505003
0.400000, 1.800000, 4.442219
0.450000, 1.800000, 4.879872
0.500000, 1.800000, 5.623842
0.550000, 1.800000, 6.357308
0.600000, 1.800000, 6.764233
0.650000, 1.800000, 6.652788
0.700000, 1.800000, 6.031340
0.750000, 1.800000, 5.107777
0.800000, 1.800000, 4.212200
0.850000, 1.800000, 3.672355
0.900000, 1.800000, 3.689249
0.950000, 1.800000, 4.260384
1.000000, 1.800000, 5.179938
1.050000, 1.800000, 6.115855
1.100000, 1.800000, 6.734530
1.150000, 1.800000, 6.825610
1.200000, 1.800000, 6.379450
1.250000, 1.800000, 5.587848
1.300000, 1.800000, 4.768012
1.350000, 1.800000, 4.239011
1.400000, 1.800000, 4.198066
1.450000, 1.800000, 4.644089
1.500000, 1.800000, 5.377744
1.550000, 1.800000, 6.078027
1.600000, 1.800000, 6.426066
1.650000, 1.800000, 6.228763
1.700000, 1.800000, 5.494876
1.750000, 1.800000, 4.434303
1.800000, 1.800000, 3.380622
1.850000, 1.800000, 2.666239
1.900000, 1.800000, 2.497643
1.950000, 1.800000, 2.878215
2.000000, 1.800000, 3.607945
0.000000, 1.850000, 5.055956
0.050000, 1.850000, 6.026239
0.100000, 1.850000, 6.661666
0.150000, 1.850000, 6.752250
0.200000, 1.850000, 6.290458
0.250000, 1.850000, 5.471840
0.300000, 1.850000, 4.618749
0.350000, 1.850000, 4.056414
0.400000, 1.850000, 3.988766
0.450000, 1.850000, 4.421453
0.500000, 1.850000, 5.161349
0.550000, 1.850000, 5.892624
0.600000, 1.850000, 6.300106
0.650000, 1.850000, 6.192588
0.700000, 1.850000, 5.578722
0.750000, 1.850000, 4.666281
0.800000, 1.850000, 3.784826
0.850000, 1.850000, 3.261158
0.900000, 1.850000, 3.294998
0.950000, 1.850000, 3.882328
1.000000, 1.850000, 4.815703
1.050000, 1.850000, 5.761504
1.100000, 1.850000, 6.384778
1.150000, 1.850000, 6.474189
1.200000, 1.850000, 6.019594
1.250000, 1.850000, 5.212868
1.300000, 1.850000, 4.371897
1.350000, 1.850000, 3.817006
1.400000, 1.850000, 3.747173
1.450000, 1.850000, 4.163431
1.500000, 1.850000, 4.868762
1.550000, 1.850000, 5.544467
1.600000, 1.850000, 5.873761
1.650000, 1.850000, 5.665209
1.700000, 1.850000, 4.928633
1.750000, 1.850000, 3.874273
1.800000, 1.850000, 2.835254
1.850000, 1.850000, 2.142736
1.900000, 1.850000, 2.001242
1.950000, 1.850000, 2.411605
2.000000, 1.850000, 3.170892
0.000000, 1.900000, 4.647851
0.050000, 1.900000, 5.624194
0.100000, 1.900000, 6.264905
0.150000, 1.900000, 6.359267
0.200000, 1.900000, 5.899236
0.250000, 1.900000, 5.080154
0.300000, 1.900000, 4.224501
0.350000, 1.900000, 3.657973
0.400000, 1.900000, 3.585261
0.450000, 1.900000, 4.012979
0.500000, 1.900000, 4.749065
0.550000, 1.900000, 5.478712
0.600000, 1.900000, 5.887601
0.650000, 1.900000, 5.785080
0.700000, 1.900000, 5.179968
0.750000, 1.900000, 4.279749
0.800000, 1.900000, 3.413244
0.850000, 1.900000, 2.906096
0.900000, 1.900000, 2.956541
0.950000, 1.900000, 3.558890
1.000000, 1.900000, 4.503998
1.050000, 1.900000, 5.456699
1.100000, 1.900000, 6.080817
1.150000, 1.900000, 6.164268
1.200000, 1.900000, 5.696755
1.250000, 1.900000, 4.870639
1.300000, 1.900000, 4.004940
1.350000, 1.900000, 3.421689
1.400000, 1.900000, 3.322013
1.450000, 1.900000, 3.709360
1.500000, 1.900000, 4.389164
1.550000, 1.900000, 5.044989
1.600000, 1.900000, 5.361891
1.650000, 1.900000, 5.149652
1.700000, 1.900000, 4.418544
1.750000, 1.900000, 3.378396
1.800000, 1.900000, 2.361062
1.850000, 1.900000, 1.695645
1.900000, 1.900000, 1.583981
1.950000, 1.900000, 2.023807
2.000000, 1.900000, 2.808956
0.000000, 1.950000, 4.417150
0.050000, 1.950000, 5.399589
0.100000, 1.950000, 6.045549
0.150000, 1.950000, 6.143551
0.200000, 1.950000, 5.685036
0.250000, 1.950000, 4.865159
0.300000, 1.950000, 4.006583
0.350000, 1.950000, 3.435543
0.400000, 1.950000, 3.357580
0.450000, 1.950000, 3.780358
0.500000, 1.950000, 4.512939
0.550000, 1.950000, 5.241567
0.600000, 1.950000, 5.652746
0.650000, 1.950000, 5.556294
0.700000, 1.950000, 4.961051
0.750000, 1.950000, 4.074029
0.800000, 1.950000, 3.223091
0.850000, 1.950000, 2.732504
0.900000, 1.950000, 2.798838
0.950000, 1.950000, 3.414607
1.000000, 1.950000, 4.368934
1.050000, 1.950000, 5.325179
1.100000, 1.950000, 5.946136
1.150000, 1.950000, 6.019283
1.200000, 1.950000, 5.534561
1.250000, 1.950000, 4.685277
1.300000, 1.950000, 3.792053
1.350000, 1.950000, 3.179055
1.400000, 1.950000, 3.049891
1.450000, 1.950000, 3.410607
1.500000, 1.950000, 4.069092
1.550000, 1.950000, 4.710961
1.600000, 1.950000, 5.022690
1.650000, 1.950000, 4.814671
1.700000, 1.950000, 4.096863
1.750000, 1.950000, 3.077853
1.800000, 1.950000, 2.087384
1.850000, 1.950000, 1.451759
1.900000, 1.950000, 1.369558
1.950000, 1.950000, 1.835110
2.000000, 1.950000, 2.639018
0.000000, 2.000000, 4.452439
0.050000, 2.000000, 5.440982
0.100000, 2.000000, 6.092124
0.150000, 2.000000, 6.193598
0.200000, 2.000000, 5.736325
0.250000, 2.000000, 4.915298
0.300000, 2.000000, 4.053419
0.350000, 2.000000, 3.477548
0.400000, 2.000000, 3.394161
0.450000, 2.000000, 3.812059
0.500000, 2.000000, 4.541485
0.550000, 2.000000, 5.269743
0.600000, 2.000000, 5.684118
0.650000, 2.000000, 5.594792
0.700000, 2.000000, 5.010461
0.750000, 2.000000, 4.137460
0.800000, 2.000000, 3.302468
0.850000, 2.000000, 2.828167
0.900000, 2.000000, 2.909292
0.950000, 2.000000, 3.536475
1.000000, 2.000000, 4.497122
1.050000, 2.000000, 5.453260
1.100000, 2.000000, 6.066916
1.150000, 2.000000, 6.125497
1.200000, 2.000000, 5.619633
1.250000, 2.000000, 4.744060
1.300000, 2.000000, 3.821461
1.350000, 2.000000, 3.178515
1.400000, 2.000000, 3.021554
1.450000, 2.000000, 3.359277
1.500000, 2.000000, 4.001865
1.550000, 2.000000, 4.636603
1.600000, 2.000000, 4.950795
1.650000, 2.000000, 4.754685
1.700000, 2.000000, 4.057073
1.750000, 2.000000, 3.064434
1.800000, 2.000000, 2.103630
1.850000, 2.000000, 1.497562
1.900000, 2.000000, 1.441223
1.950000, 2.000000, 1.925534
2.000000, 2.000000, 2.738228
