0.000000, 0.000000, 0.874715
0.050000, 0.000000, 0.534194
0.100000, 0.000000, 0.263283
0.150000, 0.000000, 0.121126
0.200000, 0.000000, 0.109030
0.250000, 0.000000, 0.170436
0.300000, 0.000000, 0.213160
0.350000, 0.000000, 0.145396
0.400000, 0.000000, -0.088286
0.450000, 0.000000, -0.484728
0.500000, 0.000000, -0.982263
0.550000, 0.000000, -1.483076
0.600000, 0.000000, -1.889358
0.650000, 0.000000, -2.139438
0.700000, 0.000000, -2.230159
0.750000, 0.000000, -2.216952
0.800000, 0.000000, -2.191621
0.850000, 0.000000, -2.246352
0.900000, 0.000000, -2.437703
0.950000, 0.000000, -2.764367
1.000000, 0.000000, -3.167200
1.050000, 0.000000, -3.551530
1.100000, 0.000000, -3.823221
1.150000, 0.000000, -3.924725
1.200000, 0.000000, -3.857350
1.250000, 0.000000, -3.681228
1.300000, 0.000000, -3.492983
1.350000, 0.000000, -3.389618
1.400000, 0.000000, -3.432393
1.450000, 0.000000, -3.624466
1.500000, 0.000000, -3.910815
1.550000, 0.000000, -4.200444
1.600000, 0.000000, -4.402356
1.650000, 0.000000, -4.461529
1.700000, 0.000000, -4.381122
1.750000, 0.000000, -4.222393
1.800000, 0.000000, -4.082346
1.850000, 0.000000, -4.057607
1.900000, 0.000000, -4.208305
1.950000, 0.000000, -4.535749
2.000000, 0.000000, -4.982391
0.000000, 0.050000, 0.618779
0.050000, 0.050000, 0.231961
0.100000, 0.050000, -0.084434
0.150000, 0.050000, -0.270737
0.200000, 0.050000, -0.325150
0.250000, 0.050000, -0.303781
0.300000, 0.050000, -0.298421
0.350000, 0.050000, -0.400547
0.400000, 0.050000, -0.665330
0.450000, 0.050000, -1.089431
0.500000, 0.050000, -1.611085
0.550000, 0.050000, -2.132464
0.600000, 0.050000, -2.555827
0.650000, 0.050000, -2.819655
0.700000, 0.050000, -2.921020
0.750000, 0.050000, -2.915655
0.800000, 0.050000, -2.895729
0.850000, 0.050000, -2.953847
0.900000, 0.050000, -3.147033
0.950000, 0.050000, -3.474476
1.000000, 0.050000, -3.877547
1.050000, 0.050000, -4.262099
1.100000, 0.050000, -4.534511
1.150000, 0.050000, -4.637734
1.200000, 0.050000, -4.573541
1.250000, 0.050000, -4.402483
1.300000, 0.050000, -4.221553
1.350000, 0.050000, -4.128057
1.400000, 0.050000, -4.183485
1.450000, 0.050000, -4.391151
1.500000, 0.050000, -4.696104
1.550000, 0.050000, -5.007337
1.600000, 0.050000, -5.233757
1.650000, 0.050000, -5.320167
1.700000, 0.050000, -5.269471
1.750000, 0.050000, -5.142601
1.800000, 0.050000, -5.036174
1.850000, 0.050000, -5.046367
1.900000, 0.050000, -5.232827
1.950000, 0.050000, -5.596340
2.000000, 0.050000, -6.078821
0.000000, 0.100000, -0.018719
0.050000, 0.100000, -0.451021
0.100000, 0.100000, -0.811488
0.150000, 0.100000, -1.039872
0.200000, 0.100000, -1.133835
0.250000, 0.100000, -1.149007
0.300000, 0.100000, -1.176761
0.350000, 0.100000, -1.308230
0.400000, 0.100000, -1.598323
0.450000, 0.100000, -2.043521
0.500000, 0.100000, -2.581962
0.550000, 0.100000, -3.115812
0.600000, 0.100000, -3.547404
0.650000, 0.100000, -3.815377
0.700000, 0.100000, -3.917035
0.750000, 0.100000, -3.908406
0.800000, 0.100000, -3.882018
0.850000, 0.100000, -3.930879
0.900000, 0.100000, -4.112451
0.950000, 0.100000, -4.426387
1.000000, 0.100000, -4.814533
1.050000, 0.100000, -5.183211
1.100000, 0.100000, -5.439258
1.150000, 0.100000, -5.526051
1.200000, 0.100000, -5.445753
1.250000, 0.100000, -5.259255
1.300000, 0.100000, -5.063828
1.350000, 0.100000, -4.956992
1.400000, 0.100000, -5.000378
1.450000, 0.100000, -5.197362
1.500000, 0.100000, -5.492980
1.550000, 0.100000, -5.796128
1.600000, 0.100000, -6.015546
1.650000, 0.100000, -6.095793
1.700000, 0.100000, -6.039462
1.750000, 0.100000, -5.907120
1.800000, 0.100000, -5.794964
1.850000, 0.100000, -5.798717
1.900000, 0.100000, -5.977542
1.950000, 0.100000, -6.331729
2.000000, 0.100000, -6.802693
0.000000, 0.150000, -0.916940
0.050000, 0.150000, -1.393389
0.100000, 0.150000, -1.795936
0.150000, 0.150000, -2.063621
0.200000, 0.150000, -2.193451
0.250000, 0.150000, -2.240469
0.300000, 0.150000, -2.295545
0.350000, 0.150000, -2.449388
0.400000, 0.150000, -2.756578
0.450000, 0.150000, -3.213365
0.500000, 0.150000, -3.757749
0.550000, 0.150000, -4.291856
0.600000, 0.150000, -4.718073
0.650000, 0.150000, -4.975182
0.700000, 0.150000, -5.060709
0.750000, 0.150000, -5.030983
0.800000, 0.150000, -4.978893
0.850000, 0.150000, -4.997863
0.900000, 0.150000, -5.145813
0.950000, 0.150000, -5.422879
1.000000, 0.150000, -5.771412
1.050000, 0.150000, -6.098239
1.100000, 0.150000, -6.310692
1.150000, 0.150000, -6.352626
1.200000, 0.150000, -6.226649
1.250000, 0.150000, -5.994055
1.300000, 0.150000, -5.752470
1.350000, 0.150000, -5.599716
1.400000, 0.150000, -5.597662
1.450000, 0.150000, -5.749863
1.500000, 0.150000, -6.001468
1.550000, 0.150000, -6.261427
1.600000, 0.150000, -6.438471
1.650000, 0.150000, -6.477096
1.700000, 0.150000, -6.379788
1.750000, 0.150000, -6.206963
1.800000, 0.150000, -6.054639
1.850000, 0.150000, -6.018339
1.900000, 0.150000, -6.157015
1.950000, 0.150000, -6.470751
2.000000, 0.150000, -6.900767
0.000000, 0.200000, -1.903812
0.050000, 0.200000, -2.422576
0.100000, 0.200000, -2.864675
0.150000, 0.200000, -3.168226
0.200000, 0.200000, -3.329397
0.250000, 0.200000, -3.402480
0.300000, 0.200000, -3.477694
0.350000, 0.200000, -3.645214
0.400000, 0.200000, -3.959206
0.450000, 0.200000, -4.415625
0.500000, 0.200000, -4.952311
0.550000, 0.200000, -5.471353
0.600000, 0.200000, -5.875230
0.650000, 0.200000, -6.102934
0.700000, 0.200000, -6.152317
0.750000, 0.200000, -6.080138
0.800000, 0.200000, -5.979812
0.850000, 0.200000, -5.945371
0.900000, 0.200000, -6.035413
0.950000, 0.200000, -6.250812
1.000000, 0.200000, -6.534691
1.050000, 0.200000, -6.794683
1.100000, 0.200000, -6.938938
1.150000, 0.200000, -6.912124
1.200000, 0.200000, -6.717651
1.250000, 0.200000, -6.417589
1.300000, 0.200000, -6.110302
1.350000, 0.200000, -5.894303
1.400000, 0.200000, -5.832100
1.450000, 0.200000, -5.927822
1.500000, 0.200000, -6.127131
1.550000, 0.200000, -6.339423
1.600000, 0.200000, -6.473803
1.650000, 0.200000, -6.475079
1.700000, 0.200000, -6.345977
1.750000, 0.200000, -6.147098
1.800000, 0.200000, -5.974583
1.850000, 0.200000, -5.924031
1.900000, 0.200000, -6.054422
1.950000, 0.200000, -6.365832
2.000000, 0.200000, -6.799443
0.000000, 0.250000, -2.793282
0.050000, 0.250000, -3.352084
0.100000, 0.250000, -3.830723
0.150000, 0.250000, -4.166122
0.200000, 0.250000, -4.353357
0.250000, 0.250000, -4.445758
0.300000, 0.250000, -4.532732
0.350000, 0.250000, -4.703802
0.400000, 0.250000, -5.012659
0.450000, 0.250000, -5.454976
0.500000, 0.250000, -5.968498
0.550000, 0.250000, -6.455415
0.600000, 0.250000, -6.818499
0.650000, 0.250000, -6.997223
0.700000, 0.250000, -6.990098
0.750000, 0.250000, -6.854707
0.800000, 0.250000, -6.685441
0.850000, 0.250000, -6.577436
0.900000, 0.250000, -6.590509
0.950000, 0.250000, -6.726839
1.000000, 0.250000, -6.930920
1.050000, 0.250000, -7.111795
1.100000, 0.250000, -7.179037
1.150000, 0.250000, -7.078730
1.200000, 0.250000, -6.815660
1.250000, 0.250000, -6.453214
1.300000, 0.250000, -6.090990
1.350000, 0.250000, -5.828628
1.400000, 0.250000, -5.729641
1.450000, 0.250000, -5.799025
1.500000, 0.250000, -5.983151
1.550000, 0.250000, -6.191957
1.600000, 0.250000, -6.334920
1.650000, 0.250000, -6.357036
1.700000, 0.250000, -6.261037
1.750000, 0.250000, -6.107348
1.800000, 0.250000, -5.991753
1.850000, 0.250000, -6.009323
1.900000, 0.250000, -6.218345
1.950000, 0.250000, -6.618046
2.000000, 0.250000, -7.148618
0.000000, 0.300000, -3.425535
0.050000, 0.300000, -4.021701
0.100000, 0.300000, -4.533454
0.150000, 0.300000, -4.896173
0.200000, 0.300000, -5.103547
0.250000, 0.300000, -5.207708
0.300000, 0.300000, -5.297090
0.350000, 0.300000, -5.460502
0.400000, 0.300000, -5.751199
0.450000, 0.300000, -6.164708
0.500000, 0.300000, -6.638937
0.550000, 0.300000, -7.076541
0.600000, 0.300000, -7.381055
0.650000, 0.300000, -7.493000
0.700000, 0.300000, -7.412201
0.750000, 0.300000, -7.197790
0.800000, 0.300000, -6.945909
0.850000, 0.300000, -6.753613
0.900000, 0.300000, -6.682754
0.950000, 0.300000, -6.737622
1.000000, 0.300000, -6.864846
1.050000, 0.300000, -6.975574
1.100000, 0.300000, -6.981410
1.150000, 0.300000, -6.830336
1.200000, 0.300000, -6.528861
1.250000, 0.300000, -6.141870
1.300000, 0.300000, -5.770201
1.350000, 0.300000, -5.514430
1.400000, 0.300000, -5.438682
1.450000, 0.300000, -5.548213
1.500000, 0.300000, -5.789288
1.550000, 0.300000, -6.071365
1.600000, 0.300000, -6.303070
1.650000, 0.300000, -6.428181
1.700000, 0.300000, -6.447872
1.750000, 0.300000, -6.420680
1.800000, 0.300000, -6.440219
1.850000, 0.300000, -6.599133
1.900000, 0.300000, -6.953082
1.950000, 0.300000, -7.498507
2.000000, 0.300000, -8.172719
0.000000, 0.350000, -3.701394
0.050000, 0.350000, -4.331922
0.100000, 0.350000, -4.873018
0.150000, 0.350000, -5.258111
0.200000, 0.350000, -5.479163
0.250000, 0.350000, -5.586873
0.300000, 0.350000, -5.668597
0.350000, 0.350000, -5.812467
0.400000, 0.350000, -6.071496
0.450000, 0.350000, -6.441427
0.500000, 0.350000, -6.860846
0.550000, 0.350000, -7.233544
0.600000, 0.350000, -7.464617
0.650000, 0.350000, -7.496542
0.700000, 0.350000, -7.331434
0.750000, 0.350000, -7.030989
0.800000, 0.350000, -6.694109
0.850000, 0.350000, -6.420720
0.900000, 0.350000, -6.275569
0.950000, 0.350000, -6.265769
1.000000, 0.350000, -6.340608
1.050000, 0.350000, -6.413638
1.100000, 0.350000, -6.398524
1.150000, 0.350000, -6.244893
1.200000, 0.350000, -5.960408
1.250000, 0.350000, -5.610577
1.300000, 0.350000, -5.296273
1.350000, 0.350000, -5.117511
1.400000, 0.350000, -5.137243
1.450000, 0.350000, -5.358960
1.500000, 0.350000, -5.726594
1.550000, 0.350000, -6.146756
1.600000, 0.350000, -6.524768
1.650000, 0.350000, -6.800735
1.700000, 0.350000, -6.971875
1.750000, 0.350000, -7.092591
1.800000, 0.350000, -7.252298
1.850000, 0.350000, -7.539493
1.900000, 0.350000, -8.005853
1.950000, 0.350000, -8.644128
2.000000, 0.350000, -9.388327
0.000000, 0.400000, -3.603443
0.050000, 0.400000, -4.265072
0.100000, 0.400000, -4.831478
0.150000, 0.400000, -5.233669
0.200000, 0.400000, -5.461521
0.250000, 0.400000, -5.564098
0.300000, 0.400000, -5.627661
0.350000, 0.400000, -5.739863
0.400000, 0.400000, -5.953895
0.450000, 0.400000, -6.266359
0.500000, 0.400000, -6.617360
0.550000, 0.400000, -6.912831
0.600000, 0.400000, -7.060562
0.650000, 0.400000, -7.006179
0.700000, 0.400000, -6.755280
0.750000, 0.400000, -6.373243
0.800000, 0.400000, -5.962700
0.850000, 0.400000, -5.627198
0.900000, 0.400000, -5.434838
0.950000, 0.400000, -5.395664
1.000000, 0.400000, -5.461339
1.050000, 0.400000, -5.547105
1.100000, 0.400000, -5.567537
1.150000, 0.400000, -5.472318
1.200000, 0.400000, -5.268278
1.250000, 0.400000, -5.019189
1.300000, 0.400000, -4.823322
1.350000, 0.400000, -4.777287
1.400000, 0.400000, -4.939926
1.450000, 0.400000, -5.310035
1.500000, 0.400000, -5.826435
1.550000, 0.400000, -6.390374
1.600000, 0.400000, -6.901757
1.650000, 0.400000, -7.295415
1.700000, 0.400000, -7.563631
1.750000, 0.400000, -7.756420
1.800000, 0.400000, -7.959520
1.850000, 0.400000, -8.258630
1.900000, 0.400000, -8.703640
1.950000, 0.400000, -9.286622
2.000000, 0.400000, -9.942077
0.000000, 0.450000, -3.199258
0.050000, 0.450000, -3.888546
0.100000, 0.450000, -4.476048
0.150000, 0.450000, -4.889828
0.200000, 0.450000, -5.117313
0.250000, 0.450000, -5.205788
0.300000, 0.450000, -5.240543
0.350000, 0.450000, -5.309166
0.400000, 0.450000, -5.465732
0.450000, 0.450000, -5.708663
0.500000, 0.450000, -5.980770
0.550000, 0.450000, -6.191453
0.600000, 0.450000, -6.252576
0.650000, 0.450000, -6.114244
0.700000, 0.450000, -5.786709
0.750000, 0.450000, -5.339932
0.800000, 0.450000, -4.880801
0.850000, 0.450000, -4.516547
0.900000, 0.450000, -4.318161
0.950000, 0.450000, -4.297584
1.000000, 0.450000, -4.407242
1.050000, 0.450000, -4.561905
1.100000, 0.450000, -4.674404
1.150000, 0.450000, -4.691438
1.200000, 0.450000, -4.615700
1.250000, 0.450000, -4.505822
1.300000, 0.450000, -4.454144
1.350000, 0.450000, -4.550803
1.400000, 0.450000, -4.847919
1.450000, 0.450000, -5.337631
1.500000, 0.450000, -5.952486
1.550000, 0.450000, -6.588162
1.600000, 0.450000, -7.139982
1.650000, 0.450000, -7.539445
1.700000, 0.450000, -7.776956
1.750000, 0.450000, -7.902244
1.800000, 0.450000, -8.002434
1.850000, 0.450000, -8.166277
1.900000, 0.450000, -8.448301
1.950000, 0.450000, -8.846642
2.000000, 0.450000, -9.303071
0.000000, 0.500000, -2.626065
0.050000, 0.500000, -3.339472
0.100000, 0.500000, -3.943762
0.150000, 0.500000, -4.363485
0.200000, 0.500000, -4.583271
0.250000, 0.500000, -4.648581
0.300000, 0.500000, -4.644044
0.350000, 0.500000, -4.657858
0.400000, 0.500000, -4.746005
0.450000, 0.500000, -4.910042
0.500000, 0.500000, -5.096976
0.550000, 0.500000, -5.221226
0.600000, 0.500000, -5.200191
0.650000, 0.500000, -4.989662
0.700000, 0.500000, -4.605352
0.750000, 0.500000, -4.122069
0.800000, 0.500000, -3.650573
0.850000, 0.500000, -3.300682
0.900000, 0.500000, -3.144442
0.950000, 0.500000, -3.193169
1.000000, 0.500000, -3.396926
1.050000, 0.500000, -3.666443
1.100000, 0.500000, -3.908997
1.150000, 0.500000, -4.064482
1.200000, 0.500000, -4.127897
1.250000, 0.500000, -4.149715
1.300000, 0.500000, -4.214125
1.350000, 0.500000, -4.403617
1.400000, 0.500000, -4.763644
1.450000, 0.500000, -5.281109
1.500000, 0.500000, -5.885128
1.550000, 0.500000, -6.470028
1.600000, 0.500000, -6.932046
1.650000, 0.500000, -7.205888
1.700000, 0.500000, -7.287382
1.750000, 0.500000, -7.233663
1.800000, 0.500000, -7.140902
1.850000, 0.500000, -7.108081
1.900000, 0.500000, -7.200601
1.950000, 0.500000, -7.427516
2.000000, 0.500000, -7.740937
0.000000, 0.550000, -2.060183
0.050000, 0.550000, -2.794156
0.100000, 0.550000, -3.410916
0.150000, 0.550000, -3.830896
0.200000, 0.550000, -4.035618
0.250000, 0.550000, -4.068803
0.300000, 0.550000, -4.014953
0.350000, 0.550000, -3.963860
0.400000, 0.550000, -3.974780
0.450000, 0.550000, -4.054029
0.500000, 0.550000, -4.154530
0.550000, 0.550000, -4.197333
0.600000, 0.550000, -4.106655
0.650000, 0.550000, -3.844725
0.700000, 0.550000, -3.432757
0.750000, 0.550000, -2.949603
0.800000, 0.550000, -2.508192
0.850000, 0.550000, -2.218347
0.900000, 0.550000, -2.149811
0.950000, 0.550000, -2.309341
1.000000, 0.550000, -2.640389
1.050000, 0.550000, -3.045421
1.100000, 0.550000, -3.422319
1.150000, 0.550000, -3.701102
1.200000, 0.550000, -3.867122
1.250000, 0.550000, -3.962162
1.300000, 0.550000, -4.063370
1.350000, 0.550000, -4.248443
1.400000, 0.550000, -4.560761
1.450000, 0.550000, -4.988156
1.500000, 0.550000, -5.463756
1.550000, 0.550000, -5.888856
1.600000, 0.550000, -6.169250
1.650000, 0.550000, -6.251243
1.700000, 0.550000, -6.143574
1.750000, 0.550000, -5.916755
1.800000, 0.550000, -5.679877
1.850000, 0.550000, -5.543465
1.900000, 0.550000, -5.582214
1.950000, 0.550000, -5.811480
2.000000, 0.550000, -6.186114
0.000000, 0.600000, -1.677933
0.050000, 0.600000, -2.428987
0.100000, 0.600000, -3.053977
0.150000, 0.600000, -3.468582
0.200000, 0.600000, -3.650964
0.250000, 0.600000, -3.643355
0.300000, 0.600000, -3.530935
0.350000, 0.600000, -3.406402
0.400000, 0.600000, -3.333980
0.450000, 0.600000, -3.326621
0.500000, 0.600000, -3.344964
0.550000, 0.600000, -3.318123
0.600000, 0.600000, -3.177929
0.650000, 0.600000, -2.892971
0.700000, 0.600000, -2.488846
0.750000, 0.600000, -2.046246
0.800000, 0.600000, -1.677038
0.850000, 0.600000, -1.486981
0.900000, 0.600000, -1.538934
0.950000, 0.600000, -1.830400
1.000000, 0.600000, -2.293904
1.050000, 0.600000, -2.820195
1.100000, 0.600000, -3.295664
1.150000, 0.600000, -3.640106
1.200000, 0.600000, -3.830893
1.250000, 0.600000, -3.904923
1.300000, 0.600000, -3.938151
1.350000, 0.600000, -4.011098
1.400000, 0.600000, -4.173963
1.450000, 0.600000, -4.425029
1.500000, 0.600000, -4.710814
1.550000, 0.600000, -4.947955
1.600000, 0.600000, -5.058348
1.650000, 0.600000, -5.003840
1.700000, 0.600000, -4.806816
1.750000, 0.600000, -4.548295
1.800000, 0.600000, -4.343706
1.850000, 0.600000, -4.304996
1.900000, 0.600000, -4.503008
1.950000, 0.600000, -4.944015
2.000000, 0.600000, -5.569043
0.000000, 0.650000, -1.616540
0.050000, 0.650000, -2.381342
0.100000, 0.650000, -3.010477
0.150000, 0.650000, -3.414218
0.200000, 0.650000, -3.567195
0.250000, 0.650000, -3.510606
0.300000, 0.650000, -3.331408
0.350000, 0.650000, -3.126854
0.400000, 0.650000, -2.968124
0.450000, 0.650000, -2.876817
0.500000, 0.650000, -2.822962
0.550000, 0.650000, -2.744721
0.600000, 0.650000, -2.581498
0.650000, 0.650000, -2.306982
0.700000, 0.650000, -1.948596
0.750000, 0.650000, -1.585124
0.800000, 0.650000, -1.322726
0.850000, 0.650000, -1.257994
0.900000, 0.650000, -1.441922
0.950000, 0.650000, -1.858534
1.000000, 0.650000, -2.426608
1.050000, 0.650000, -3.024317
1.100000, 0.650000, -3.528055
1.150000, 0.650000, -3.851421
1.200000, 0.650000, -3.970288
1.250000, 0.650000, -3.925204
1.300000, 0.650000, -3.800884
1.350000, 0.650000, -3.691144
1.400000, 0.650000, -3.662949
1.450000, 0.650000, -3.733346
1.500000, 0.650000, -3.867855
1.550000, 0.650000, -4.000481
1.600000, 0.650000, -4.067039
1.650000, 0.650000, -4.038276
1.700000, 0.650000, -3.939300
1.750000, 0.650000, -3.847060
1.800000, 0.650000, -3.866134
1.850000, 0.650000, -4.091502
1.900000, 0.650000, -4.572207
1.950000, 0.650000, -5.289705
2.000000, 0.650000, -6.159351
0.000000, 0.700000, -1.943581
0.050000, 0.700000, -2.719027
0.100000, 0.700000, -3.348454
0.150000, 0.700000, -3.736065
0.200000, 0.700000, -3.852897
0.250000, 0.700000, -3.739801
0.300000, 0.700000, -3.486928
0.350000, 0.700000, -3.198066
0.400000, 0.700000, -2.953544
0.450000, 0.700000, -2.785601
0.500000, 0.700000, -2.674972
0.550000, 0.700000, -2.569072
0.600000, 0.700000, -2.413693
0.650000, 0.700000, -2.184915
0.700000, 0.700000, -1.907894
0.750000, 0.700000, -1.654392
0.800000, 0.700000, -1.519312
0.850000, 0.700000, -1.584854
0.900000, 0.700000, -1.886061
0.950000, 0.700000, -2.391327
1.000000, 0.700000, -3.006080
1.050000, 0.700000, -3.599242
1.100000, 0.700000, -4.043481
1.150000, 0.700000, -4.255037
1.200000, 0.700000, -4.218935
1.250000, 0.700000, -3.990748
1.300000, 0.700000, -3.674718
1.350000, 0.700000, -3.386703
1.400000, 0.700000, -3.215827
1.450000, 0.700000, -3.198852
1.500000, 0.700000, -3.316148
1.550000, 0.700000, -3.509695
1.600000, 0.700000, -3.715073
1.650000, 0.700000, -3.894099
1.700000, 0.700000, -4.054725
1.750000, 0.700000, -4.249938
1.800000, 0.700000, -4.555791
1.850000, 0.700000, -5.037041
1.900000, 0.700000, -5.714007
1.950000, 0.700000, -6.544101
2.000000, 0.700000, -7.426140
0.000000, 0.750000, -2.641638
0.050000, 0.750000, -3.424926
0.100000, 0.750000, -4.051090
0.150000, 0.750000, -4.417603
0.200000, 0.750000, -4.491982
0.250000, 0.750000, -4.315675
0.300000, 0.750000, -3.983781
0.350000, 0.750000, -3.608885
0.400000, 0.750000, -3.282772
0.450000, 0.750000, -3.050088
0.500000, 0.750000, -2.902953
0.550000, 0.750000, -2.797182
0.600000, 0.750000, -2.682357
0.650000, 0.750000, -2.532708
0.700000, 0.750000, -2.365657
0.750000, 0.750000, -2.239980
0.800000, 0.750000, -2.233795
0.850000, 0.750000, -2.410856
0.900000, 0.750000, -2.788616
0.950000, 0.750000, -3.321329
1.000000, 0.750000, -3.906013
1.050000, 0.750000, -4.410549
1.100000, 0.750000, -4.714653
1.150000, 0.750000, -4.749359
1.200000, 0.750000, -4.520790
1.250000, 0.750000, -4.109537
1.300000, 0.750000, -3.645695
1.350000, 0.750000, -3.268423
1.400000, 0.750000, -3.084325
1.450000, 0.750000, -3.139118
1.500000, 0.750000, -3.411853
1.550000, 0.750000, -3.832400
1.600000, 0.750000, -4.314286
1.650000, 0.750000, -4.789518
1.700000, 0.750000, -5.231774
1.750000, 0.750000, -5.659342
1.800000, 0.750000, -6.117457
1.850000, 0.750000, -6.647984
1.900000, 0.750000, -7.259514
1.950000, 0.750000, -7.910905
2.000000, 0.750000, -8.516046
0.000000, 0.800000, -3.611537
0.050000, 0.800000, -4.400229
0.100000, 0.800000, -5.019931
0.150000, 0.800000, -5.360742
0.200000, 0.800000, -5.386885
0.250000, 0.800000, -5.141637
0.300000, 0.800000, -4.727129
0.350000, 0.800000, -4.267234
0.400000, 0.800000, -3.867458
0.450000, 0.800000, -3.586186
0.500000, 0.800000, -3.426686
0.550000, 0.800000, -3.351001
0.600000, 0.800000, -3.308378
0.650000, 0.800000, -3.265539
0.700000, 0.800000, -3.225806
0.750000, 0.800000, -3.229024
0.800000, 0.800000, -3.332269
0.850000, 0.800000, -3.579419
0.900000, 0.800000, -3.972586
0.950000, 0.800000, -4.458084
1.000000, 0.800000, -4.934314
1.050000, 0.800000, -5.280422
1.100000, 0.800000, -5.396330
1.150000, 0.800000, -5.239801
1.200000, 0.800000, -4.846613
1.250000, 0.800000, -4.325626
1.300000, 0.800000, -3.829433
1.350000, 0.800000, -3.510098
1.400000, 0.800000, -3.474905
1.450000, 0.800000, -3.757047
1.500000, 0.800000, -4.310759
1.550000, 0.800000, -5.031580
1.600000, 0.800000, -5.793519
1.650000, 0.800000, -6.489222
1.700000, 0.800000, -7.058764
1.750000, 0.800000, -7.497690
1.800000, 0.800000, -7.843150
1.850000, 0.800000, -8.145486
1.900000, 0.800000, -8.437978
1.950000, 0.800000, -8.717711
2.000000, 0.800000, -8.945649
0.000000, 0.850000, -4.693459
0.050000, 0.850000, -5.485539
0.100000, 0.850000, -6.095983
0.150000, 0.850000, -6.406903
0.200000, 0.850000, -6.379636
0.250000, 0.850000, -6.060824
0.300000, 0.850000, -5.562025
0.350000, 0.850000, -5.021036
0.400000, 0.850000, -4.559148
0.450000, 0.850000, -4.249124
0.500000, 0.850000, -4.103987
0.550000, 0.850000, -4.088347
0.600000, 0.850000, -4.145513
0.650000, 0.850000, -4.227999
0.700000, 0.850000, -4.318540
0.750000, 0.850000, -4.433277
0.800000, 0.850000, -4.606611
0.850000, 0.850000, -4.865085
0.900000, 0.850000, -5.202489
0.950000, 0.850000, -5.568188
1.000000, 0.850000, -5.875480
1.050000, 0.850000, -6.028672
1.100000, 0.850000, -5.959578
1.150000, 0.850000, -5.659608
1.200000, 0.850000, -5.194278
1.250000, 0.850000, -4.692877
1.300000, 0.850000, -4.314915
1.350000, 0.850000, -4.203650
1.400000, 0.850000, -4.442116
1.450000, 0.850000, -5.026696
1.500000, 0.850000, -5.867394
1.550000, 0.850000, -6.814783
1.600000, 0.850000, -7.704391
1.650000, 0.850000, -8.403422
1.700000, 0.850000, -8.844392
1.750000, 0.850000, -9.035351
1.800000, 0.850000, -9.045107
1.850000, 0.850000, -8.970772
1.900000, 0.850000, -8.900854
1.950000, 0.850000, -8.887807
2.000000, 0.850000, -8.939376
0.000000, 0.900000, -5.701355
0.050000, 0.900000, -6.495269
0.100000, 0.900000, -7.094100
0.150000, 0.900000, -7.371397
0.200000, 0.900000, -7.286222
0.250000, 0.900000, -6.890442
0.300000, 0.900000, -6.307710
0.350000, 0.900000, -5.692430
0.400000, 0.900000, -5.183331
0.450000, 0.900000, -4.867282
0.500000, 0.900000, -4.764290
0.550000, 0.900000, -4.836356
0.600000, 0.900000, -5.014010
0.650000, 0.900000, -5.228471
0.700000, 0.900000, -5.436291
0.750000, 0.900000, -5.627581
0.800000, 0.900000, -5.816322
0.850000, 0.900000, -6.019034
0.900000, 0.900000, -6.232965
0.950000, 0.900000, -6.425029
1.000000, 0.900000, -6.538004
1.050000, 0.900000, -6.512893
1.100000, 0.900000, -6.318910
1.150000, 0.900000, -5.978385
1.200000, 0.900000, -5.574801
1.250000, 0.900000, -5.237953
1.300000, 0.900000, -5.108887
1.350000, 0.900000, -5.295374
1.400000, 0.900000, -5.833207
1.450000, 0.900000, -6.667577
1.500000, 0.900000, -7.662386
1.550000, 0.900000, -8.635865
1.600000, 0.900000, -9.411633
1.650000, 0.900000, -9.868775
1.700000, 0.900000, -9.974694
1.750000, 0.900000, -9.790368
1.800000, 0.900000, -9.447089
1.850000, 0.900000, -9.103388
1.900000, 0.900000, -8.897166
1.950000, 0.900000, -8.908917
2.000000, 0.900000, -9.147125
0.000000, 0.950000, -6.463150
0.050000, 0.950000, -7.257843
0.100000, 0.950000, -7.843167
0.150000, 0.950000, -8.083596
0.200000, 0.950000, -7.936752
0.250000, 0.950000, -7.461903
0.300000, 0.950000, -6.797709
0.350000, 0.950000, -6.117762
0.400000, 0.950000, -5.579289
0.450000, 0.950000, -5.281837
0.500000, 0.950000, -5.248149
0.550000, 0.950000, -5.431017
0.600000, 0.950000, -5.740608
0.650000, 0.950000, -6.080215
0.700000, 0.950000, -6.376688
0.750000, 0.950000, -6.595425
0.800000, 0.950000, -6.736952
0.850000, 0.950000, -6.819864
0.900000, 0.950000, -6.860160
0.950000, 0.950000, -6.857684
1.000000, 0.950000, -6.796464
1.050000, 0.950000, -6.658870
1.100000, 0.950000, -6.446684
1.150000, 0.950000, -6.198245
1.200000, 0.950000, -5.991632
1.250000, 0.950000, -5.929143
1.300000, 0.950000, -6.106115
1.350000, 0.950000, -6.574375
1.400000, 0.950000, -7.314191
1.450000, 0.950000, -8.226925
1.500000, 0.950000, -9.153971
1.550000, 0.950000, -9.918255
1.600000, 0.950000, -10.376016
1.650000, 0.950000, -10.462008
1.700000, 0.950000, -10.212551
1.750000, 0.950000, -9.757806
1.800000, 0.950000, -9.284789
1.850000, 0.950000, -8.982554
1.900000, 0.950000, -8.987032
1.950000, 0.950000, -9.343072
2.000000, 0.950000, -9.995294
0.000000, 1.000000, -6.858007
0.050000, 1.000000, -7.652938
0.100000, 1.000000, -8.223337
0.150000, 1.000000, -8.424152
0.200000, 1.000000, -8.212656
0.250000, 1.000000, -7.658007
0.300000, 1.000000, -6.916957
0.350000, 1.000000, -6.184624
0.400000, 1.000000, -5.636987
0.450000, 1.000000, -5.383519
0.500000, 1.000000, -5.443930
0.550000, 1.000000, -5.754089
0.600000, 1.000000, -6.196135
0.650000, 1.000000, -6.640312
0.700000, 1.000000, -6.983465
0.750000, 1.000000, -7.172133
0.800000, 1.000000, -7.205205
0.850000, 1.000000, -7.119180
0.900000, 1.000000, -6.965159
0.950000, 1.000000, -6.788487
1.000000, 1.000000, -6.619120
1.050000, 1.000000, -6.474816
1.100000, 1.000000, -6.372795
1.150000, 1.000000, -6.341417
1.200000, 1.000000, -6.423412
1.250000, 1.000000, -6.666308
1.300000, 1.000000, -7.102166
1.350000, 1.000000, -7.724675
1.400000, 1.000000, -8.474545
1.450000, 1.000000, -9.242306
1.500000, 1.000000, -9.891555
1.550000, 1.000000, -10.297615
1.600000, 1.000000, -10.389539
1.650000, 1.000000, -10.180392
1.700000, 1.000000, -9.773330
1.750000, 1.000000, -9.338501
1.800000, 1.000000, -9.065829
1.850000, 1.000000, -9.107622
1.900000, 1.000000, -9.529470
1.950000, 1.000000, -10.286026
2.000000, 1.000000, -11.230645
0.000000, 1.050000, -6.842508
0.050000, 1.050000, -7.637661
0.100000, 1.050000, -8.192186
0.150000, 1.050000, -8.351150
0.200000, 1.050000, -8.072819
0.250000, 1.050000, -7.439053
0.300000, 1.050000, -6.627857
0.350000, 1.050000, -5.857825
0.400000, 1.050000, -5.322925
0.450000, 1.050000, -5.138352
0.500000, 1.050000, -5.313618
0.550000, 1.050000, -5.759292
0.600000, 1.050000, -6.322597
0.650000, 1.050000, -6.838191
0.700000, 1.050000, -7.176798
0.750000, 1.050000, -7.276840
0.800000, 1.050000, -7.151484
0.850000, 1.050000, -6.872542
0.900000, 1.050000, -6.540219
0.950000, 1.050000, -6.251064
1.000000, 1.050000, -6.074987
1.050000, 1.050000, -6.046832
1.100000, 1.050000, -6.171380
1.150000, 1.050000, -6.435442
1.200000, 1.050000, -6.819034
1.250000, 1.050000, -7.299781
1.300000, 1.050000, -7.849522
1.350000, 1.050000, -8.427090
1.400000, 1.050000, -8.974140
1.450000, 1.050000, -9.420182
1.500000, 1.050000, -9.698770
1.550000, 1.050000, -9.770998
1.600000, 1.050000, -9.647513
1.650000, 1.050000, -9.398661
1.700000, 1.050000, -9.145223
1.750000, 1.050000, -9.028814
1.800000, 1.050000, -9.169066
1.850000, 1.050000, -9.621039
1.900000, 1.050000, -10.348212
1.950000, 1.050000, -11.222676
2.000000, 1.050000, -12.055640
0.000000, 1.100000, -6.460070
0.050000, 1.100000, -7.255945
0.100000, 1.100000, -7.794104
0.150000, 1.100000, -7.909475
0.200000, 1.100000, -7.562945
0.250000, 1.100000, -6.852167
0.300000, 1.100000, -5.979564
0.350000, 1.100000, -5.188583
0.400000, 1.100000, -4.689229
0.450000, 1.100000, -4.596723
0.500000, 1.100000, -4.902044
0.550000, 1.100000, -5.482061
0.600000, 1.100000, -6.143938
0.650000, 1.100000, -6.687802
0.700000, 1.100000, -6.966908
0.750000, 1.100000, -6.926816
0.800000, 1.100000, -6.613264
0.850000, 1.100000, -6.149321
0.900000, 1.100000, -5.692107
0.950000, 1.100000, -5.384750
1.000000, 1.100000, -5.318838
1.050000, 1.100000, -5.517252
1.100000, 1.100000, -5.939220
1.150000, 1.100000, -6.501972
1.200000, 1.100000, -7.109022
1.250000, 1.100000, -7.674981
1.300000, 1.100000, -8.140429
1.350000, 1.100000, -8.475564
1.400000, 1.100000, -8.676036
1.450000, 1.100000, -8.756333
1.500000, 1.100000, -8.745170
1.550000, 1.100000, -8.684084
1.600000, 1.100000, -8.626989
1.650000, 1.100000, -8.636512
1.700000, 1.100000, -8.773803
1.750000, 1.100000, -9.081849
1.800000, 1.100000, -9.566693
1.850000, 1.100000, -10.184169
1.900000, 1.100000, -10.839936
1.950000, 1.100000, -11.407117
2.000000, 1.100000, -11.759576
0.000000, 1.150000, -5.831532
0.050000, 1.150000, -6.629126
0.100000, 1.150000, -7.150855
0.150000, 1.150000, -7.221367
0.200000, 1.150000, -6.806089
0.250000, 1.150000, -6.021819
0.300000, 1.150000, -5.098449
0.350000, 1.150000, -4.304909
0.400000, 1.150000, -3.863968
0.450000, 1.150000, -3.883716
0.500000, 1.150000, -4.327487
0.550000, 1.150000, -5.030803
0.600000, 1.150000, -5.758338
0.650000, 1.150000, -6.281126
0.700000, 1.150000, -6.448422
0.750000, 1.150000, -6.231480
0.800000, 1.150000, -5.726693
0.850000, 1.150000, -5.119308
0.900000, 1.150000, -4.621541
0.950000, 1.150000, -4.406269
1.000000, 1.150000, -4.557418
1.050000, 1.150000, -5.051272
1.100000, 1.150000, -5.771931
1.150000, 1.150000, -6.553061
1.200000, 1.150000, -7.230550
1.250000, 1.150000, -7.688848
1.300000, 1.150000, -7.887756
1.350000, 1.150000, -7.864110
1.400000, 1.150000, -7.711348
1.450000, 1.150000, -7.546275
1.500000, 1.150000, -7.474700
1.550000, 1.150000, -7.565807
1.600000, 1.150000, -7.840513
1.650000, 1.150000, -8.273712
1.700000, 1.150000, -8.806359
1.750000, 1.150000, -9.361805
1.800000, 1.150000, -9.861731
1.850000, 1.150000, -10.239242
1.900000, 1.150000, -10.448818
1.950000, 1.150000, -10.473729
2.000000, 1.150000, -10.330891
0.000000, 1.200000, -5.128967
0.050000, 1.200000, -5.929742
0.100000, 1.200000, -6.435367
0.150000, 1.200000, -6.460199
0.200000, 1.200000, -5.976426
0.250000, 1.200000, -5.123559
0.300000, 1.200000, -4.161783
0.350000, 1.200000, -3.385235
0.400000, 1.200000, -3.024737
0.450000, 1.200000, -3.172787
0.500000, 1.200000, -3.755711
0.550000, 1.200000, -4.561632
0.600000, 1.200000, -5.313935
0.650000, 1.200000, -5.764803
0.700000, 1.200000, -5.777130
0.750000, 1.200000, -5.367721
0.800000, 1.200000, -4.698315
0.850000, 1.200000, -4.018788
0.900000, 1.200000, -3.582766
0.950000, 1.200000, -3.564467
1.000000, 1.200000, -4.004222
1.050000, 1.200000, -4.799673
1.100000, 1.200000, -5.743790
1.150000, 1.200000, -6.595359
1.200000, 1.200000, -7.157465
1.250000, 1.200000, -7.337955
1.300000, 1.200000, -7.173110
1.350000, 1.200000, -6.808727
1.400000, 1.200000, -6.447081
1.450000, 1.200000, -6.278854
1.500000, 1.200000, -6.422809
1.550000, 1.200000, -6.892033
1.600000, 1.200000, -7.595691
1.650000, 1.200000, -8.373233
1.700000, 1.200000, -9.047859
1.750000, 1.200000, -9.481055
1.800000, 1.200000, -9.611225
1.850000, 1.200000, -9.465968
1.900000, 1.200000, -9.146746
1.950000, 1.200000, -8.793249
2.000000, 1.200000, -8.540131
0.000000, 1.250000, -4.538426
0.050000, 1.250000, -5.344266
0.100000, 1.250000, -5.834450
0.150000, 1.250000, -5.813186
0.200000, 1.250000, -5.261945
0.250000, 1.250000, -4.346694
0.300000, 1.250000, -3.360374
0.350000, 1.250000, -2.620985
0.400000, 1.250000, -2.361229
0.450000, 1.250000, -2.648490
0.500000, 1.250000, -3.363111
0.550000, 1.250000, -4.242254
0.600000, 1.250000, -4.973546
0.650000, 1.250000, -5.305300
0.700000, 1.250000, -5.134524
0.750000, 1.250000, -4.542049
0.800000, 1.250000, -3.762909
0.850000, 1.250000, -3.102968
0.900000, 1.250000, -2.831500
0.950000, 1.250000, -3.087559
1.000000, 1.250000, -3.832700
1.050000, 1.250000, -4.866002
1.100000, 1.250000, -5.895331
1.150000, 1.250000, -6.639239
1.200000, 1.250000, -6.923536
1.250000, 1.250000, -6.739018
1.300000, 1.250000, -6.240907
1.350000, 1.250000, -5.691232
1.400000, 1.250000, -5.365204
1.450000, 1.250000, -5.454793
1.500000, 1.250000, -6.003039
1.550000, 1.250000, -6.891251
1.600000, 1.250000, -7.882442
1.650000, 1.250000, -8.704755
1.700000, 1.250000, -9.145154
1.750000, 1.250000, -9.120825
1.800000, 1.250000, -8.704216
1.850000, 1.250000, -8.094299
1.900000, 1.250000, -7.545346
1.950000, 1.250000, -7.278854
2.000000, 1.250000, -7.409295
0.000000, 1.300000, -4.219727
0.050000, 1.300000, -5.032882
0.100000, 1.300000, -5.508570
0.150000, 1.300000, -5.441148
0.200000, 1.300000, -4.824205
0.250000, 1.300000, -3.854016
0.300000, 1.300000, -2.858250
0.350000, 1.300000, -2.176227
0.400000, 1.300000, -2.034909
0.450000, 1.300000, -2.466358
0.500000, 1.300000, -3.297067
0.550000, 1.300000, -4.213007
0.600000, 1.300000, -4.876320
0.650000, 1.300000, -5.050526
0.700000, 1.300000, -4.688040
0.750000, 1.300000, -3.947753
0.800000, 1.300000, -3.136262
0.850000, 1.300000, -2.594553
0.900000, 1.300000, -2.571980
0.950000, 1.300000, -3.134076
1.000000, 1.300000, -4.138104
1.050000, 1.300000, -5.285289
1.100000, 1.300000, -6.230324
1.150000, 1.300000, -6.707693
1.200000, 1.300000, -6.628237
1.250000, 1.300000, -6.110453
1.300000, 1.300000, -5.435174
1.350000, 1.300000, -4.940552
1.400000, 1.300000, -4.896221
1.450000, 1.300000, -5.403091
1.500000, 1.300000, -6.355664
1.550000, 1.300000, -7.480584
1.600000, 1.300000, -8.437029
1.650000, 1.300000, -8.941788
1.700000, 1.300000, -8.872888
1.750000, 1.300000, -8.313682
1.800000, 1.300000, -7.521380
1.850000, 1.300000, -6.831866
1.900000, 1.300000, -6.536084
1.950000, 1.300000, -6.773599
2.000000, 1.300000, -7.482444
0.000000, 1.350000, -4.272044
0.050000, 1.350000, -5.095068
0.100000, 1.350000, -5.557416
0.150000, 1.350000, -5.444076
0.200000, 1.350000, -4.763887
0.250000, 1.350000, -3.747335
0.300000, 1.350000, -2.758161
0.350000, 1.350000, -2.153146
0.400000, 1.350000, -2.144556
0.450000, 1.350000, -2.718700
0.500000, 1.350000, -3.642241
0.550000, 1.350000, -4.553762
0.600000, 1.350000, -5.104949
0.650000, 1.350000, -5.096468
0.700000, 1.350000, -4.555708
0.750000, 1.350000, -3.726163
0.800000, 1.350000, -2.972609
0.850000, 1.350000, -2.638969
0.900000, 1.350000, -2.914149
0.950000, 1.350000, -3.758018
1.000000, 1.350000, -4.916295
1.050000, 1.350000, -6.018539
1.100000, 1.350000, -6.721141
1.150000, 1.350000, -6.839729
1.200000, 1.350000, -6.419536
1.250000, 1.350000, -5.716460
1.300000, 1.350000, -5.096234
1.350000, 1.350000, -4.890991
1.400000, 1.350000, -5.269036
1.450000, 1.350000, -6.168470
1.500000, 1.350000, -7.320457
1.550000, 1.350000, -8.353047
1.600000, 1.350000, -8.935170
1.650000, 1.350000, -8.904816
1.700000, 1.350000, -8.331580
1.750000, 1.350000, -7.489339
1.800000, 1.350000, -6.749737
1.850000, 1.350000, -6.437949
1.900000, 1.350000, -6.706810
1.950000, 1.350000, -7.478220
2.000000, 1.350000, -8.474510
0.000000, 1.400000, -4.712794
0.050000, 1.400000, -5.548471
0.100000, 1.400000, -5.998777
0.150000, 1.400000, -5.839997
0.200000, 1.400000, -5.099659
0.250000, 1.400000, -4.046323
0.300000, 1.400000, -3.080389
0.350000, 1.400000, -2.570854
0.400000, 1.400000, -2.705170
0.450000, 1.400000, -3.413790
0.500000, 1.400000, -4.400243
0.550000, 1.400000, -5.264056
0.600000, 1.400000, -5.665789
0.650000, 1.400000, -5.466248
0.700000, 1.400000, -4.782807
0.750000, 1.400000, -3.940040
0.800000, 1.400000, -3.335391
0.850000, 1.400000, -3.275410
0.900000, 1.400000, -3.849957
0.950000, 1.400000, -4.895810
1.000000, 1.400000, -6.064140
1.050000, 1.400000, -6.963564
1.100000, 1.400000, -7.319588
1.150000, 1.400000, -7.084942
1.200000, 1.400000, -6.455866
1.250000, 1.400000, -5.788407
1.300000, 1.400000, -5.449878
1.350000, 1.400000, -5.667011
1.400000, 1.400000, -6.433212
1.450000, 1.400000, -7.512504
1.500000, 1.400000, -8.537684
1.550000, 1.400000, -9.161528
1.600000, 1.400000, -9.198444
1.650000, 1.400000, -8.698480
1.700000, 1.400000, -7.924018
1.750000, 1.400000, -7.239757
1.800000, 1.400000, -6.962170
1.850000, 1.400000, -7.230763
1.900000, 1.400000, -7.953790
1.950000, 1.400000, -8.849839
2.000000, 1.400000, -9.566960
0.000000, 1.450000, -5.474402
0.050000, 1.450000, -6.325672
0.100000, 1.450000, -6.765296
0.150000, 1.450000, -6.561733
0.200000, 1.450000, -5.764916
0.250000, 1.450000, -4.685242
0.300000, 1.450000, -3.759454
0.350000, 1.450000, -3.362106
0.400000, 1.450000, -3.644814
0.450000, 1.450000, -4.473037
0.500000, 1.450000, -5.487243
0.550000, 1.450000, -6.260985
0.600000, 1.450000, -6.486390
0.650000, 1.450000, -6.106180
0.700000, 1.450000, -5.335366
0.750000, 1.450000, -4.564368
0.800000, 1.450000, -4.187068
0.850000, 1.450000, -4.429525
0.900000, 1.450000, -5.253862
0.950000, 1.450000, -6.378079
1.000000, 1.450000, -7.401436
1.050000, 1.450000, -7.979141
1.100000, 1.450000, -7.969421
1.150000, 1.450000, -7.489404
1.200000, 1.450000, -6.857173
1.250000, 1.450000, -6.447531
1.300000, 1.450000, -6.526283
1.350000, 1.450000, -7.135980
1.400000, 1.450000, -8.082039
1.450000, 1.450000, -9.023082
1.500000, 1.450000, -9.623461
1.550000, 1.450000, -9.699497
1.600000, 1.450000, -9.295288
1.650000, 1.450000, -8.656467
1.700000, 1.450000, -8.116109
1.750000, 1.450000, -7.945519
1.800000, 1.450000, -8.236880
1.850000, 1.450000, -8.868949
1.900000, 1.450000, -9.568766
1.950000, 1.450000, -10.039233
2.000000, 1.450000, -10.093747
0.000000, 1.500000, -6.419642
0.050000, 1.500000, -7.289515
0.100000, 1.500000, -7.719803
0.150000, 1.500000, -7.472228
0.200000, 1.500000, -6.623116
0.250000, 1.500000, -5.528258
0.300000, 1.500000, -4.659419
0.350000, 1.500000, -4.388630
0.400000, 1.500000, -4.820104
0.450000, 1.500000, -5.746783
0.500000, 1.500000, -6.750152
0.550000, 1.500000, -7.395476
0.600000, 1.500000, -7.431065
0.650000, 1.500000, -6.899579
0.700000, 1.500000, -6.111552
0.750000, 1.500000, -5.495994
0.800000, 1.500000, -5.399671
0.850000, 1.500000, -5.929113
0.900000, 1.500000, -6.907561
0.950000, 1.500000, -7.964015
1.000000, 1.500000, -8.709575
1.050000, 1.500000, -8.916620
1.100000, 1.500000, -8.617147
1.150000, 1.500000, -8.076719
1.200000, 1.500000, -7.660018
1.250000, 1.500000, -7.654667
1.300000, 1.500000, -8.137747
1.350000, 1.500000, -8.946857
1.400000, 1.500000, -9.766109
1.450000, 1.500000, -10.282351
1.500000, 1.500000, -10.334638
1.550000, 1.500000, -9.985314
1.600000, 1.500000, -9.480842
1.650000, 1.500000, -9.124643
1.700000, 1.500000, -9.126391
1.750000, 1.500000, -9.502134
1.800000, 1.500000, -10.073090
1.850000, 1.500000, -10.561503
1.900000, 1.500000, -10.734099
1.950000, 1.500000, -10.520868
2.000000, 1.500000, -10.050046
0.000000, 1.550000, -7.372193
0.050000, 1.550000, -8.263670
0.100000, 1.550000, -8.685875
0.150000, 1.550000, -8.395109
0.200000, 1.550000, -7.498330
0.250000, 1.550000, -6.399987
0.300000, 1.550000, -5.604419
0.350000, 1.550000, -5.471714
0.400000, 1.550000, -6.046965
0.450000, 1.550000, -7.045381
0.500000, 1.550000, -7.997975
0.550000, 1.550000, -8.483499
0.600000, 1.550000, -8.331128
0.650000, 1.550000, -7.695127
0.700000, 1.550000, -6.968022
0.750000, 1.550000, -6.579462
0.800000, 1.550000, -6.783413
0.850000, 1.550000, -7.539425
0.900000, 1.550000, -8.543963
0.950000, 1.550000, -9.391221
1.000000, 1.550000, -9.778558
1.050000, 1.550000, -9.651770
1.100000, 1.550000, -9.218984
1.150000, 1.550000, -8.830749
1.200000, 1.550000, -8.792164
1.250000, 1.550000, -9.205801
1.300000, 1.550000, -9.925588
1.350000, 1.550000, -10.642369
1.400000, 1.550000, -11.052876
1.450000, 1.550000, -11.021309
1.500000, 1.550000, -10.648236
1.550000, 1.550000, -10.211668
1.600000, 1.550000, -10.013236
1.650000, 1.550000, -10.212580
1.700000, 1.550000, -10.739048
1.750000, 1.550000, -11.328612
1.800000, 1.550000, -11.667139
1.850000, 1.550000, -11.564034
1.900000, 1.550000, -11.063005
1.950000, 1.550000, -10.428781
2.000000, 1.550000, -10.013657
0.000000, 1.600000, -8.155736
0.050000, 1.600000, -9.071722
0.100000, 1.600000, -9.486923
0.150000, 1.600000, -9.153784
0.200000, 1.600000, -8.214341
0.250000, 1.600000, -7.124581
0.300000, 1.600000, -6.417754
0.350000, 1.600000, -6.431357
0.400000, 1.600000, -7.139979
0.450000, 1.600000, -8.178832
0.500000, 1.600000, -9.041623
0.550000, 1.600000, -9.345523
0.600000, 1.600000, -9.023152
0.650000, 1.600000, -8.343316
0.700000, 1.600000, -7.755031
0.750000, 1.600000, -7.642979
0.800000, 1.600000, -8.126984
0.850000, 1.600000, -9.010663
0.900000, 1.600000, -9.901362
0.950000, 1.600000, -10.430613
1.000000, 1.600000, -10.452112
1.050000, 1.600000, -10.109915
1.100000, 1.600000, -9.743519
1.150000, 1.600000, -9.687085
1.200000, 1.600000, -10.077454
1.250000, 1.600000, -10.778624
1.300000, 1.600000, -11.463664
1.350000, 1.600000, -11.806124
1.400000, 1.600000, -11.671422
1.450000, 1.600000, -11.198732
1.500000, 1.600000, -10.725395
1.550000, 1.600000, -10.594867
1.600000, 1.600000, -10.955833
1.650000, 1.600000, -11.667183
1.700000, 1.600000, -12.366078
1.750000, 1.600000, -12.665786
1.800000, 1.600000, -12.375996
1.850000, 1.600000, -11.622604
1.900000, 1.600000, -10.796215
1.950000, 1.600000, -10.351474
2.000000, 1.600000, -10.562379
0.000000, 1.650000, -8.633044
0.050000, 1.650000, -9.576267
0.100000, 1.650000, -9.985305
0.150000, 1.650000, -9.610544
0.200000, 1.650000, -8.633751
0.250000, 1.650000, -7.564832
0.300000, 1.650000, -6.961001
0.350000, 1.650000, -7.125460
0.400000, 1.650000, -7.951772
0.450000, 1.650000, -8.996429
0.500000, 1.650000, -9.733601
0.550000, 1.650000, -9.845652
0.600000, 1.650000, -9.386780
0.650000, 1.650000, -8.732688
0.700000, 1.650000, -8.352191
0.750000, 1.650000, -8.536347
0.800000, 1.650000, -9.240821
0.850000, 1.650000, -10.127830
0.900000, 1.650000, -10.776639
0.950000, 1.650000, -10.934740
1.000000, 1.650000, -10.661100
1.050000, 1.650000, -10.279198
1.100000, 1.650000, -10.171177
1.150000, 1.650000, -10.538420
1.200000, 1.650000, -11.273131
1.250000, 1.650000, -12.019072
1.300000, 1.650000, -12.386559
1.350000, 1.650000, -12.193905
1.400000, 1.650000, -11.589594
1.450000, 1.650000, -10.978046
1.500000, 1.650000, -10.787331
1.550000, 1.650000, -11.212346
1.600000, 1.650000, -12.085318
1.650000, 1.650000, -12.955020
1.700000, 1.650000, -13.336069
1.750000, 1.650000, -12.989324
1.800000, 1.650000, -12.072168
1.850000, 1.650000, -11.067998
1.900000, 1.650000, -10.528423
1.950000, 1.650000, -10.769372
2.000000, 1.650000, -11.691387
0.000000, 1.700000, -8.736543
0.050000, 1.700000, -9.709476
0.100000, 1.700000, -10.112880
0.150000, 1.700000, -9.697142
0.200000, 1.700000, -8.688556
0.250000, 1.700000, -7.652739
0.300000, 1.700000, -7.164598
0.350000, 1.700000, -7.480505
0.400000, 1.700000, -8.403895
0.450000, 1.700000, -9.417846
0.500000, 1.700000, -9.999000
0.550000, 1.700000, -9.921889
0.600000, 1.700000, -9.373662
0.650000, 1.700000, -8.817618
0.700000, 1.700000, -8.696724
0.750000, 1.700000, -9.162509
0.800000, 1.700000, -9.994269
0.850000, 1.700000, -10.752706
0.900000, 1.700000, -11.066464
0.950000, 1.700000, -10.869189
1.000000, 1.700000, -10.437944
1.050000, 1.700000, -10.209666
1.100000, 1.700000, -10.492375
1.150000, 1.700000, -11.254973
1.200000, 1.700000, -12.131663
1.250000, 1.700000, -12.643377
1.300000, 1.700000, -12.501565
1.350000, 1.700000, -11.804575
1.400000, 1.700000, -10.999038
1.450000, 1.700000, -10.621593
1.500000, 1.700000, -10.972985
1.550000, 1.700000, -11.922720
1.600000, 1.700000, -12.968120
1.650000, 1.700000, -13.519975
1.700000, 1.700000, -13.249210
1.750000, 1.700000, -12.288712
1.800000, 1.700000, -11.167562
1.850000, 1.700000, -10.512548
1.900000, 1.700000, -10.690318
1.950000, 1.700000, -11.599578
2.000000, 1.700000, -12.734634
0.000000, 1.750000, -8.483648
0.050000, 1.750000, -9.488441
0.100000, 1.750000, -9.886372
0.150000, 1.750000, -9.430152
0.200000, 1.750000, -8.395511
0.250000, 1.750000, -7.404884
0.300000, 1.750000, -7.043240
0.350000, 1.750000, -7.507056
0.400000, 1.750000, -8.502517
0.450000, 1.750000, -9.448969
0.500000, 1.750000, -9.851115
0.550000, 1.750000, -9.600903
0.600000, 1.750000, -9.020975
0.650000, 1.750000, -8.631213
0.700000, 1.750000, -8.797771
0.750000, 1.750000, -9.495911
0.800000, 1.750000, -10.339030
0.850000, 1.750000, -10.849499
0.900000, 1.750000, -10.787971
0.950000, 1.750000, -10.320278
1.000000, 1.750000, -9.908950
1.050000, 1.750000, -9.999091
1.100000, 1.750000, -10.706255
1.150000, 1.750000, -11.716253
1.200000, 1.750000, -12.470693
1.250000, 1.750000, -12.524881
1.300000, 1.750000, -11.848193
1.350000, 1.750000, -10.868168
1.400000, 1.750000, -10.220610
1.450000, 1.750000, -10.356838
1.500000, 1.750000, -11.254563
1.550000, 1.750000, -12.418119
1.600000, 1.750000, -13.173661
1.650000, 1.750000, -13.079064
1.700000, 1.750000, -12.194546
1.750000, 1.750000, -11.045938
1.800000, 1.750000, -10.304136
1.850000, 1.750000, -10.380813
1.900000, 1.750000, -11.190649
1.950000, 1.750000, -12.223391
2.000000, 1.750000, -12.873588
0.000000, 1.800000, -7.973535
0.050000, 1.800000, -9.011947
0.100000, 1.800000, -9.404149
0.150000, 1.800000, -8.907761
0.200000, 1.800000, -7.852930
0.250000, 1.800000, -6.919223
0.300000, 1.800000, -6.692712
0.350000, 1.800000, -7.296696
0.400000, 1.800000, -8.335550
0.450000, 1.800000, -9.179092
0.500000, 1.800000, -9.388288
0.550000, 1.800000, -8.993959
0.600000, 1.800000, -8.446319
0.650000, 1.800000, -8.280220
0.700000, 1.800000, -8.733557
0.750000, 1.800000, -9.583959
0.800000, 1.800000, -10.314423
0.850000, 1.800000, -10.489188
0.900000, 1.800000, -10.074626
0.950000, 1.800000, -9.477195
1.000000, 1.800000, -9.266211
1.050000, 1.800000, -9.769277
1.100000, 1.800000, -10.821033
1.150000, 1.800000, -11.846112
1.200000, 1.800000, -12.230796
1.250000, 1.800000, -11.738206
1.300000, 1.800000, -10.685824
1.350000, 1.800000, -9.758499
1.400000, 1.800000, -9.572957
1.450000, 1.800000, -10.278132
1.500000, 1.800000, -11.455452
1.550000, 1.800000, -12.386579
1.600000, 1.800000, -12.513804
1.650000, 1.800000, -11.791842
1.700000, 1.800000, -10.703329
1.750000, 1.800000, -9.934069
1.800000, 1.800000, -9.927945
1.850000, 1.800000, -10.616354
1.900000, 1.800000, -11.494738
1.950000, 1.800000, -11.983655
2.000000, 1.800000, -11.823180
0.000000, 1.850000, -7.366021
0.050000, 1.850000, -8.439367
0.100000, 1.850000, -8.825129
0.150000, 1.850000, -8.288687
0.200000, 1.850000, -7.219603
0.250000, 1.850000, -6.354019
0.300000, 1.850000, -6.268853
0.350000, 1.850000, -7.001117
0.400000, 1.850000, -8.051886
0.450000, 1.850000, -8.760161
0.500000, 1.850000, -8.772693
0.550000, 1.850000, -8.274773
0.600000, 1.850000, -7.824835
0.650000, 1.850000, -7.922813
0.700000, 1.850000, -8.632033
0.750000, 1.850000, -9.531712
0.800000, 1.850000, -10.033985
0.850000, 1.850000, -9.832079
0.900000, 1.850000, -9.148151
0.950000, 1.850000, -8.592185
1.000000, 1.850000, -8.725231
1.050000, 1.850000, -9.638476
1.100000, 1.850000, -10.855735
1.150000, 1.850000, -11.640849
1.200000, 1.850000, -11.502765
1.250000, 1.850000, -10.545515
1.300000, 1.850000, -9.413536
1.350000, 1.850000, -8.863937
1.400000, 1.850000, -9.258776
1.450000, 1.850000, -10.327427
1.500000, 1.850000, -11.361091
1.550000, 1.850000, -11.700700
1.600000, 1.850000, -11.177638
1.650000, 1.850000, -10.204897
1.700000, 1.850000, -9.465542
1.750000, 1.850000, -9.427972
1.800000, 1.850000, -10.033580
1.850000, 1.850000, -10.772086
1.900000, 1.850000, -11.078849
1.950000, 1.850000, -10.758833
2.000000, 1.850000, -10.127471
0.000000, 1.900000, -6.847158
0.050000, 1.900000, -7.956264
0.100000, 1.900000, -8.334392
0.150000, 1.900000, -7.757801
0.200000, 1.900000, -6.680433
0.250000, 1.900000, -5.893479
0.300000, 1.900000, -5.953239
0.350000, 1.900000, -6.797916
0.400000, 1.900000, -7.827336
0.450000, 1.900000, -8.372623
0.500000, 1.900000, -8.195651
0.550000, 1.900000, -7.643960
0.600000, 1.900000, -7.353285
0.650000, 1.900000, -7.733958
0.700000, 1.900000, -8.639438
0.750000, 1.900000, -9.473681
0.800000, 1.900000, -9.656915
0.850000, 1.900000, -9.092600
0.900000, 1.900000, -8.272368
0.950000, 1.900000, -7.927102
1.000000, 1.900000, -8.477516
1.050000, 1.900000, -9.696088
1.100000, 1.900000, -10.841939
1.150000, 1.900000, -11.180864
1.200000, 1.900000, -10.513982
1.250000, 1.900000, -9.327001
1.300000, 1.900000, -8.448192
1.350000, 1.900000, -8.463237
1.400000, 1.900000, -9.312242
1.450000, 1.900000, -10.357683
1.500000, 1.900000, -10.864126
1.550000, 1.900000, -10.530109
1.600000, 1.900000, -9.681688
1.650000, 1.900000, -8.995761
1.700000, 1.900000, -8.973750
1.750000, 1.900000, -9.568247
1.800000, 1.900000, -10.242403
1.850000, 1.900000, -10.409288
1.900000, 1.900000, -9.908618
1.950000, 1.900000, -9.150218
2.000000, 1.900000, -8.808460
0.000000, 1.950000, -6.589017
0.050000, 1.950000, -7.734193
0.100000, 1.950000, -8.102995
0.150000, 1.950000, -7.485953
0.200000, 1.950000, -6.406259
0.250000, 1.950000, -5.707596
0.300000, 1.950000, -5.913081
0.350000, 1.950000, -6.850606
0.400000, 1.950000, -7.824733
0.450000, 1.950000, -8.185381
0.500000, 1.950000, -7.836982
0.550000, 1.950000, -7.287642
0.600000, 1.950000, -7.208709
0.650000, 1.950000, -7.865871
0.700000, 1.950000, -8.883948
0.750000, 1.950000, -9.539487
0.800000, 1.950000, -9.351065
0.850000, 1.950000, -8.493969
0.900000, 1.950000, -7.698535
0.950000, 1.950000, -7.697558
1.000000, 1.950000, -8.648488
1.050000, 1.950000, -9.984967
1.100000, 1.950000, -10.823537
1.150000, 1.950000, -10.620190
1.200000, 1.950000, -9.574901
1.250000, 1.950000, -8.474924
1.300000, 1.950000, -8.100124
1.350000, 1.950000, -8.649063
1.400000, 1.950000, -9.622706
1.450000, 1.950000, -10.242566
1.500000, 1.950000, -10.065311
1.550000, 1.950000, -9.310301
1.600000, 1.950000, -8.651363
1.650000, 1.950000, -8.651126
1.700000, 1.950000, -9.297425
1.750000, 1.950000, -10.015405
1.800000, 1.950000, -10.145735
1.850000, 1.950000, -9.503688
1.900000, 1.950000, -8.564634
1.950000, 1.950000, -8.115403
2.000000, 1.950000, -8.636694
0.000000, 2.000000, -6.712439
0.050000, 2.000000, -7.893454
0.100000, 2.000000, -8.250738
0.150000, 2.000000, -7.592748
0.200000, 2.000000, -6.516649
0.250000, 2.000000, -5.914948
0.300000, 2.000000, -6.264072
0.350000, 2.000000, -7.271585
0.400000, 2.000000, -8.156967
0.450000, 2.000000, -8.318589
0.500000, 2.000000, -7.827183
0.550000, 2.000000, -7.339056
0.600000, 2.000000, -7.510516
0.650000, 2.000000, -8.412297
0.700000, 2.000000, -9.442767
0.750000, 2.000000, -9.821408
0.800000, 2.000000, -9.255782
0.850000, 2.000000, -8.222318
0.900000, 2.000000, -7.613522
0.950000, 2.000000, -8.026560
1.000000, 2.000000, -9.269887
1.050000, 2.000000, -10.494711
1.100000, 2.000000, -10.852775
1.150000, 2.000000, -10.154132
1.200000, 2.000000, -8.998562
1.250000, 2.000000, -8.282145
1.300000, 2.000000, -8.485748
1.350000, 2.000000, -9.322131
1.400000, 2.000000, -10.016607
1.450000, 2.000000, -9.973859
1.500000, 2.000000, -9.271268
1.550000, 2.000000, -8.571956
1.600000, 2.000000, -8.539047
1.650000, 2.000000, -9.249921
1.700000, 2.000000, -10.109261
1.750000, 2.000000, -10.342381
1.800000, 2.000000, -9.662040
1.850000, 2.000000, -8.549105
1.900000, 2.000000, -7.899655
1.950000, 2.000000, -8.313473
2.000000, 2.000000, -9.600610
