0.000000, 0.000000, -1.528066
0.050000, 0.000000, -2.140611
0.100000, 0.000000, -2.587326
0.150000, 0.000000, -2.741867
0.200000, 0.000000, -2.540737
0.250000, 0.000000, -1.997152
0.300000, 0.000000, -1.198198
0.350000, 0.000000, -0.285895
0.400000, 0.000000, 0.573708
0.450000, 0.000000, 1.226661
0.500000, 0.000000, 1.564600
0.550000, 0.000000, 1.548282
0.600000, 0.000000, 1.216049
0.650000, 0.000000, 0.675375
0.700000, 0.000000, 0.079326
0.750000, 0.000000, -0.406915
0.800000, 0.000000, -0.642173
0.850000, 0.000000, -0.540178
0.900000, 0.000000, -0.088499
0.950000, 0.000000, 0.648618
1.000000, 0.000000, 1.544123
1.050000, 0.000000, 2.435723
1.100000, 0.000000, 3.161125
1.150000, 0.000000, 3.593277
1.200000, 0.000000, 3.667936
1.250000, 0.000000, 3.397531
1.300000, 0.000000, 2.868333
1.350000, 0.000000, 2.221515
1.400000, 0.000000, 1.622262
1.450000, 0.000000, 1.223641
1.500000, 0.000000, 1.133123
1.550000, 0.000000, 1.389052
1.600000, 0.000000, 1.952186
1.650000, 0.000000, 2.714158
1.700000, 0.000000, 3.521020
1.750000, 0.000000, 4.206721
1.800000, 0.000000, 4.629244
1.850000, 0.000000, 4.701502
1.900000, 0.000000, 4.410278
1.950000, 0.000000, 3.819069
2.000000, 0.000000, 3.054220
0.000000, 0.050000, -1.382016
0.050000, 0.050000, -1.975881
0.100000, 0.050000, -2.403995
0.150000, 0.050000, -2.540071
0.200000, 0.050000, -2.320664
0.250000, 0.050000, -1.759044
0.300000, 0.050000, -0.942348
0.350000, 0.050000, -0.012645
0.400000, 0.050000, 0.863968
0.450000, 0.050000, 1.533495
0.500000, 0.050000, 1.887528
0.550000, 0.050000, 1.886784
0.600000, 0.050000, 1.569568
0.650000, 0.050000, 1.043319
0.700000, 0.050000, 0.461072
0.750000, 0.050000, -0.012017
0.800000, 0.050000, -0.234798
0.850000, 0.050000, -0.121022
0.900000, 0.050000, 0.341726
0.950000, 0.050000, 1.089188
1.000000, 0.050000, 1.994305
1.050000, 0.050000, 2.894779
1.100000, 0.050000, 3.628316
1.150000, 0.050000, 4.067868
1.200000, 0.050000, 4.149197
1.250000, 0.050000, 3.884746
1.300000, 0.050000, 3.360798
1.350000, 0.050000, 2.718547
1.400000, 0.050000, 2.123197
1.450000, 0.050000, 1.727841
1.500000, 0.050000, 1.639980
1.550000, 0.050000, 1.897987
1.600000, 0.050000, 2.462654
1.650000, 0.050000, 3.225652
1.700000, 0.050000, 4.033072
1.750000, 0.050000, 4.718903
1.800000, 0.050000, 5.141169
1.850000, 0.050000, 5.212829
1.900000, 0.050000, 4.920711
1.950000, 0.050000, 4.328357
2.000000, 0.050000, 3.562159
0.000000, 0.100000, -1.189624
0.050000, 0.100000, -1.764888
0.100000, 0.100000, -2.174564
0.150000, 0.100000, -2.292448
0.200000, 0.100000, -2.055180
0.250000, 0.100000, -1.476113
0.300000, 0.100000, -0.642464
0.350000, 0.100000, 0.303618
0.400000, 0.100000, 1.195961
0.450000, 0.100000, 1.880497
0.500000, 0.100000, 2.248749
0.550000, 0.100000, 2.261368
0.600000, 0.100000, 1.956598
0.650000, 0.100000, 1.441819
0.700000, 0.100000, 0.870015
0.750000, 0.100000, 0.406292
0.800000, 0.100000, 0.191759
0.850000, 0.100000, 0.312625
0.900000, 0.100000, 0.781272
0.950000, 0.100000, 1.533414
1.000000, 0.100000, 2.441971
1.050000, 0.100000, 3.344625
1.100000, 0.100000, 4.079073
1.150000, 0.100000, 4.518260
1.200000, 0.100000, 4.597948
1.250000, 0.100000, 4.330583
1.300000, 0.100000, 3.802460
1.350000, 0.100000, 3.154785
1.400000, 0.100000, 2.552786
1.450000, 0.100000, 2.149580
1.500000, 0.100000, 2.052695
1.550000, 0.100000, 2.300543
1.600000, 0.100000, 2.853952
1.650000, 0.100000, 3.604636
1.700000, 0.100000, 4.398733
1.750000, 0.100000, 5.070282
1.800000, 0.100000, 5.477362
1.850000, 0.100000, 5.532986
1.900000, 0.100000, 5.224043
1.950000, 0.100000, 4.614136
2.000000, 0.100000, 3.829721
0.000000, 0.150000, -0.952245
0.050000, 0.150000, -1.509044
0.100000, 0.150000, -1.900528
0.150000, 0.150000, -2.000640
0.200000, 0.150000, -1.746167
0.250000, 0.150000, -1.150602
0.300000, 0.150000, -0.301301
0.350000, 0.150000, 0.659458
0.400000, 0.150000, 1.565376
0.450000, 0.150000, 2.262266
0.500000, 0.150000, 2.641539
0.550000, 0.150000, 2.663743
0.600000, 0.150000, 2.367028
0.650000, 0.150000, 1.858689
0.700000, 0.150000, 1.291635
0.750000, 0.150000, 0.830909
0.800000, 0.150000, 0.617565
0.850000, 0.150000, 0.737773
0.900000, 0.150000, 1.203883
0.950000, 0.150000, 1.951592
1.000000, 0.150000, 2.853812
1.050000, 0.150000, 3.748234
1.100000, 0.150000, 4.472571
1.150000, 0.150000, 4.899800
1.200000, 0.150000, 4.965724
1.250000, 0.150000, 4.682846
1.300000, 0.150000, 4.137526
1.350000, 0.150000, 3.471048
1.400000, 0.150000, 2.848727
1.450000, 0.150000, 2.423780
1.500000, 0.150000, 2.303846
1.550000, 0.150000, 2.527451
1.600000, 0.150000, 3.055555
1.650000, 0.150000, 3.780005
1.700000, 0.150000, 4.547082
1.750000, 0.150000, 5.190975
1.800000, 0.150000, 5.569919
1.850000, 0.150000, 5.597087
1.900000, 0.150000, 5.259532
1.950000, 0.150000, 4.621026
2.000000, 0.150000, 3.808194
0.000000, 0.200000, -0.672104
0.050000, 0.200000, -1.210626
0.100000, 0.200000, -1.584249
0.150000, 0.200000, -1.667157
0.200000, 0.200000, -1.396367
0.250000, 0.200000, -0.785600
0.300000, 0.200000, 0.077577
0.350000, 0.200000, 1.050684
0.400000, 0.200000, 1.967237
0.450000, 0.200000, 2.672884
0.500000, 0.200000, 3.058888
0.550000, 0.200000, 3.085670
0.600000, 0.200000, 2.791277
0.650000, 0.200000, 2.282926
0.700000, 0.200000, 1.713470
0.750000, 0.200000, 1.247924
0.800000, 0.200000, 1.027340
0.850000, 0.200000, 1.137911
0.900000, 0.200000, 1.592039
0.950000, 0.200000, 2.325498
1.000000, 0.200000, 3.211305
1.050000, 0.200000, 4.087278
1.100000, 0.200000, 4.791282
1.150000, 0.200000, 5.196472
1.200000, 0.200000, 5.238847
1.250000, 0.200000, 4.931126
1.300000, 0.200000, 4.359904
1.350000, 0.200000, 3.666716
1.400000, 0.200000, 3.017142
1.450000, 0.200000, 2.564672
1.500000, 0.200000, 2.417229
1.550000, 0.200000, 2.613630
1.600000, 0.200000, 3.115125
1.650000, 0.200000, 3.813857
1.700000, 0.200000, 4.556396
1.750000, 0.200000, 5.177217
1.800000, 0.200000, 5.534830
1.850000, 0.200000, 5.542677
1.900000, 0.200000, 5.188064
1.950000, 0.200000, 4.534999
2.000000, 0.200000, 3.710325
0.000000, 0.250000, -0.352241
0.050000, 0.250000, -0.872728
0.100000, 0.250000, -1.228905
0.150000, 0.250000, -1.295314
0.200000, 0.250000, -1.009322
0.250000, 0.250000, -0.384974
0.300000, 0.250000, 0.489862
0.350000, 0.250000, 1.472439
0.400000, 0.250000, 2.396039
0.450000, 0.250000, 3.106119
0.500000, 0.250000, 3.493795
0.550000, 0.250000, 3.519389
0.600000, 0.250000, 3.220898
0.650000, 0.250000, 2.705540
0.700000, 0.250000, 2.126221
0.750000, 0.250000, 1.648061
0.800000, 0.250000, 1.412269
0.850000, 0.250000, 1.505241
0.900000, 0.250000, 1.939630
0.950000, 0.250000, 2.651504
1.000000, 0.250000, 3.514210
1.050000, 0.250000, 4.365933
1.100000, 0.250000, 5.044933
1.150000, 0.250000, 5.424780
1.200000, 0.250000, 5.441907
1.250000, 0.250000, 5.109475
1.300000, 0.250000, 4.514524
1.350000, 0.250000, 3.799029
1.400000, 0.250000, 3.128998
1.450000, 0.250000, 2.658332
1.500000, 0.250000, 2.495339
1.550000, 0.250000, 2.679189
1.600000, 0.250000, 3.171446
1.650000, 0.250000, 3.864523
1.700000, 0.250000, 4.605213
1.750000, 0.250000, 5.228162
1.800000, 0.250000, 5.591990
1.850000, 0.250000, 5.610193
1.900000, 0.250000, 5.270065
1.950000, 0.250000, 4.635546
2.000000, 0.250000, 3.833343
0.000000, 0.300000, 0.003559
0.050000, 0.300000, -0.499186
0.100000, 0.300000, -0.838410
0.150000, 0.300000, -0.889166
0.200000, 0.300000, -0.589299
0.250000, 0.300000, 0.046709
0.300000, 0.300000, 0.930605
0.350000, 0.300000, 1.919323
0.400000, 0.300000, 2.845900
0.450000, 0.300000, 3.555628
0.500000, 0.300000, 3.939544
0.550000, 0.300000, 3.957983
0.600000, 0.300000, 3.649044
0.650000, 0.300000, 3.120138
0.700000, 0.300000, 2.524452
0.750000, 0.300000, 2.027468
0.800000, 0.300000, 1.770829
0.850000, 0.300000, 1.841434
0.900000, 0.300000, 2.252493
0.950000, 0.300000, 2.940670
1.000000, 0.300000, 3.779937
1.050000, 0.300000, 4.609119
1.100000, 0.300000, 5.267113
1.150000, 0.300000, 5.628109
1.200000, 0.300000, 5.629128
1.250000, 0.300000, 5.283872
1.300000, 0.300000, 4.679858
1.350000, 0.300000, 3.959469
1.400000, 0.300000, 3.289030
1.450000, 0.300000, 2.822666
1.500000, 0.300000, 2.668804
1.550000, 0.300000, 2.866624
1.600000, 0.300000, 3.377588
1.650000, 0.300000, 4.093894
1.700000, 0.300000, 4.862005
1.750000, 0.300000, 5.516131
1.800000, 0.300000, 5.914357
1.850000, 0.300000, 5.969547
1.900000, 0.300000, 5.668285
1.950000, 0.300000, 5.073732
2.000000, 0.300000, 4.311762
0.000000, 0.350000, 0.390857
0.050000, 0.350000, -0.094488
0.100000, 0.350000, -0.417333
0.150000, 0.350000, -0.453412
0.200000, 0.350000, -0.141197
0.250000, 0.350000, 0.504280
0.300000, 0.350000, 1.394318
0.350000, 0.350000, 2.385516
0.400000, 0.350000, 3.310715
0.450000, 0.350000, 4.015145
0.500000, 0.350000, 4.389934
0.550000, 0.350000, 4.395652
0.600000, 0.350000, 4.070776
0.650000, 0.350000, 3.523225
0.700000, 0.350000, 2.906817
0.750000, 0.350000, 2.387760
0.800000, 0.350000, 2.108501
0.850000, 0.350000, 2.156794
0.900000, 0.350000, 2.546729
0.950000, 0.350000, 3.215840
1.000000, 0.350000, 4.038938
1.050000, 0.350000, 4.855620
1.100000, 0.350000, 5.505461
1.150000, 0.350000, 5.863211
1.200000, 0.350000, 5.866307
1.250000, 0.350000, 5.528710
1.300000, 0.350000, 4.938018
1.350000, 0.350000, 4.236513
1.400000, 0.350000, 3.590228
1.450000, 0.350000, 3.152813
1.500000, 0.350000, 3.032040
1.550000, 0.350000, 3.266270
1.600000, 0.350000, 3.816002
1.650000, 0.350000, 4.572347
1.700000, 0.350000, 5.380588
1.750000, 0.350000, 6.073695
1.800000, 0.350000, 6.508486
1.850000, 0.350000, 6.596569
1.900000, 0.350000, 6.323321
1.950000, 0.350000, 5.750778
2.000000, 0.350000, 5.003817
0.000000, 0.400000, 0.804663
0.050000, 0.400000, 0.336327
0.100000, 0.400000, 0.029213
0.150000, 0.400000, 0.006709
0.200000, 0.400000, 0.329560
0.250000, 0.400000, 0.982084
0.300000, 0.400000, 1.875098
0.350000, 0.400000, 2.864918
0.400000, 0.400000, 3.784311
0.450000, 0.400000, 4.478660
0.500000, 0.400000, 4.839468
0.550000, 0.400000, 4.827889
0.600000, 0.400000, 4.483177
0.650000, 0.400000, 3.914187
0.700000, 0.400000, 3.275793
0.750000, 0.400000, 2.735338
0.800000, 0.400000, 2.436433
0.850000, 0.400000, 2.467971
0.900000, 0.400000, 2.845104
0.950000, 0.400000, 3.506302
1.000000, 0.400000, 4.327138
1.050000, 0.400000, 5.147753
1.100000, 0.400000, 5.808018
1.150000, 0.400000, 6.182707
1.200000, 0.400000, 6.208992
1.250000, 0.400000, 5.900279
1.300000, 0.400000, 5.343336
1.350000, 0.400000, 4.679348
1.400000, 0.400000, 4.073034
1.450000, 0.400000, 3.676542
1.500000, 0.400000, 3.596012
1.550000, 0.400000, 3.868102
1.600000, 0.400000, 4.451599
1.650000, 0.400000, 5.235962
1.700000, 0.400000, 6.064947
1.750000, 0.400000, 6.770187
1.800000, 0.400000, 7.207415
1.850000, 0.400000, 7.287455
1.900000, 0.400000, 6.995246
1.950000, 0.400000, 6.392763
2.000000, 0.400000, 5.605215
0.000000, 0.450000, 1.239553
0.050000, 0.450000, 0.787791
0.100000, 0.450000, 0.495686
0.150000, 0.450000, 0.485535
0.200000, 0.450000, 0.817143
0.250000, 0.450000, 1.474100
0.300000, 0.450000, 2.366762
0.350000, 0.450000, 3.351284
0.400000, 0.450000, 4.260597
0.450000, 0.450000, 4.940565
0.500000, 0.450000, 5.283478
0.550000, 0.450000, 5.251545
0.600000, 0.450000, 4.885286
0.650000, 0.450000, 4.294971
0.700000, 0.450000, 3.636957
0.750000, 0.450000, 3.080057
0.800000, 0.450000, 2.769249
0.850000, 0.450000, 2.794609
0.900000, 0.450000, 3.172205
0.950000, 0.450000, 3.841101
1.000000, 0.450000, 4.677081
1.050000, 0.450000, 5.520086
1.100000, 0.450000, 6.209365
1.150000, 0.450000, 6.618654
1.200000, 0.450000, 6.683713
1.250000, 0.450000, 6.416201
1.300000, 0.450000, 5.900887
1.350000, 0.450000, 5.276794
1.400000, 0.450000, 4.706410
1.450000, 0.450000, 4.339697
1.500000, 0.450000, 4.280767
1.550000, 0.450000, 4.564509
1.600000, 0.450000, 5.148307
1.650000, 0.450000, 5.920666
1.700000, 0.450000, 6.724910
1.750000, 0.450000, 7.392801
1.800000, 0.450000, 7.780789
1.850000, 0.450000, 7.800996
1.900000, 0.450000, 7.440208
1.950000, 0.450000, 6.762733
2.000000, 0.450000, 5.896519
0.000000, 0.500000, 1.689796
0.050000, 0.500000, 1.254129
0.100000, 0.500000, 0.976243
0.150000, 0.500000, 0.977113
0.200000, 0.500000, 1.315451
0.250000, 0.500000, 1.974080
0.300000, 0.500000, 2.862983
0.350000, 0.500000, 3.838378
0.400000, 0.500000, 4.733709
0.450000, 0.500000, 5.395783
0.500000, 0.500000, 5.718204
0.550000, 0.500000, 5.664786
0.600000, 0.500000, 5.277844
0.650000, 0.500000, 4.669502
0.700000, 0.500000, 3.997901
0.750000, 0.500000, 3.433434
0.800000, 0.500000, 3.122326
0.850000, 0.500000, 3.155464
0.900000, 0.500000, 3.549207
0.950000, 0.500000, 4.242332
1.000000, 0.500000, 5.109744
1.050000, 0.500000, 5.989938
1.100000, 0.500000, 6.720205
1.150000, 0.500000, 7.171909
1.200000, 0.500000, 7.278147
1.250000, 0.500000, 7.047783
1.300000, 0.500000, 6.562818
1.350000, 0.500000, 5.959714
1.400000, 0.500000, 5.398770
1.450000, 0.500000, 5.028290
1.500000, 0.500000, 4.951385
1.550000, 0.500000, 5.202703
1.600000, 0.500000, 5.740196
1.650000, 0.500000, 6.453760
1.700000, 0.500000, 7.188896
1.750000, 0.500000, 7.780244
1.800000, 0.500000, 8.087704
1.850000, 0.500000, 8.027249
1.900000, 0.500000, 7.589724
1.950000, 0.500000, 6.843486
2.000000, 0.500000, 5.920290
0.000000, 0.550000, 2.149491
0.050000, 0.550000, 1.729398
0.100000, 0.550000, 1.464874
0.150000, 0.550000, 1.475330
0.200000, 0.550000, 1.818246
0.250000, 0.550000, 2.475688
0.300000, 0.550000, 3.357435
0.350000, 0.550000, 4.320109
0.400000, 0.550000, 5.198143
0.450000, 0.550000, 5.839863
0.500000, 0.550000, 6.140799
0.550000, 0.550000, 6.066954
0.600000, 0.550000, 5.662901
0.650000, 0.550000, 5.042900
0.700000, 0.550000, 4.366906
0.750000, 0.550000, 3.806621
0.800000, 0.550000, 3.508934
0.850000, 0.550000, 3.564641
0.900000, 0.550000, 3.989214
0.950000, 0.550000, 4.719763
1.000000, 0.550000, 5.628827
1.050000, 0.550000, 6.551968
1.100000, 0.550000, 7.323176
1.150000, 0.550000, 7.810371
1.200000, 0.550000, 7.943320
1.250000, 0.550000, 7.727925
1.300000, 0.550000, 7.243844
1.350000, 0.550000, 6.626023
1.400000, 0.550000, 6.034237
1.450000, 0.550000, 5.617356
1.500000, 0.550000, 5.480170
1.550000, 0.550000, 5.660069
1.600000, 0.550000, 6.118673
1.650000, 0.550000, 6.750274
1.700000, 0.550000, 7.405223
1.750000, 0.550000, 7.923165
1.800000, 0.550000, 8.168816
1.850000, 0.550000, 8.062448
1.900000, 0.550000, 7.598372
1.950000, 0.550000, 6.847304
2.000000, 0.550000, 5.942052
0.000000, 0.600000, 2.612698
0.050000, 0.600000, 2.207622
0.100000, 0.600000, 1.955544
0.150000, 0.600000, 1.974054
0.200000, 0.600000, 2.319293
0.250000, 0.600000, 2.972636
0.300000, 0.600000, 3.843936
0.350000, 0.600000, 4.790672
0.400000, 0.600000, 5.648871
0.450000, 0.600000, 6.269043
0.500000, 0.600000, 6.549296
0.550000, 0.600000, 6.458340
0.600000, 0.600000, 6.043305
0.650000, 0.600000, 5.420572
0.700000, 0.600000, 4.751528
0.750000, 0.600000, 4.208419
0.800000, 0.600000, 3.937662
0.850000, 0.600000, 4.028535
0.900000, 0.600000, 4.494008
0.950000, 0.600000, 5.267876
1.000000, 0.600000, 6.218788
1.050000, 0.600000, 7.178176
1.100000, 0.600000, 7.976004
1.150000, 0.600000, 8.476653
1.200000, 0.600000, 8.607187
1.250000, 0.600000, 8.371936
1.300000, 0.600000, 7.850334
1.350000, 0.600000, 7.178560
1.400000, 0.600000, 6.519067
1.450000, 0.600000, 6.024714
1.500000, 0.600000, 5.805340
1.550000, 0.600000, 5.904078
1.600000, 0.600000, 6.288557
1.650000, 0.600000, 6.858866
1.700000, 0.600000, 7.470456
1.750000, 0.600000, 7.966921
1.800000, 0.600000, 8.215410
1.850000, 0.600000, 8.136837
1.900000, 0.600000, 7.724229
1.950000, 0.600000, 7.045111
2.000000, 0.600000, 6.227367
0.000000, 0.650000, 3.073582
0.050000, 0.650000, 2.682931
0.100000, 0.650000, 2.442323
0.150000, 0.650000, 2.467274
0.200000, 0.650000, 2.812500
0.250000, 0.650000, 3.458836
0.300000, 0.650000, 4.316588
0.350000, 0.650000, 5.244680
0.400000, 0.650000, 6.081439
0.450000, 0.650000, 6.680286
0.500000, 0.650000, 6.942513
0.550000, 0.650000, 6.839898
0.600000, 0.650000, 6.422130
0.650000, 0.650000, 5.807280
0.700000, 0.650000, 5.157272
0.750000, 0.650000, 4.643579
0.800000, 0.650000, 4.410506
0.850000, 0.650000, 4.544014
0.900000, 0.650000, 5.052820
0.950000, 0.650000, 5.865914
1.000000, 0.650000, 6.847085
1.050000, 0.650000, 7.823350
1.100000, 0.650000, 8.621218
1.150000, 0.650000, 9.103005
1.200000, 0.650000, 9.195417
1.250000, 0.650000, 8.904299
1.300000, 0.650000, 8.312447
1.350000, 0.650000, 7.561041
1.400000, 0.650000, 6.818793
1.450000, 0.650000, 6.245534
1.500000, 0.650000, 5.958160
1.550000, 0.650000, 6.006267
1.600000, 0.650000, 6.362702
1.650000, 0.650000, 6.930946
1.700000, 0.650000, 7.567611
1.750000, 0.650000, 8.114989
1.800000, 0.650000, 8.436465
1.850000, 0.650000, 8.446966
1.900000, 0.650000, 8.131764
1.950000, 0.650000, 7.549517
2.000000, 0.650000, 6.818901
0.000000, 0.700000, 3.526543
0.050000, 0.700000, 3.149694
0.100000, 0.700000, 2.919529
0.150000, 0.700000, 2.949230
0.200000, 0.700000, 3.292054
0.250000, 0.700000, 3.928528
0.300000, 0.700000, 4.769912
0.350000, 0.700000, 5.677282
0.400000, 0.700000, 6.492055
0.450000, 0.700000, 7.071283
0.500000, 0.700000, 7.319922
0.550000, 0.700000, 7.212914
0.600000, 0.700000, 6.802097
0.650000, 0.700000, 6.206283
0.700000, 0.700000, 5.586493
0.750000, 0.700000, 5.111617
0.800000, 0.700000, 4.921896
0.850000, 0.700000, 5.098125
0.900000, 0.700000, 5.643335
0.950000, 0.700000, 6.480978
1.000000, 0.700000, 7.470151
1.050000, 0.700000, 8.434682
1.100000, 0.700000, 9.199901
1.150000, 0.700000, 9.629255
1.200000, 0.700000, 9.652935
1.250000, 0.700000, 9.282398
1.300000, 0.700000, 8.607678
1.350000, 0.700000, 7.778104
1.400000, 0.700000, 6.970577
1.450000, 0.700000, 6.352246
1.500000, 0.700000, 6.045565
1.550000, 0.700000, 6.103212
1.600000, 0.700000, 6.498151
1.650000, 0.700000, 7.130844
1.700000, 0.700000, 7.851904
1.750000, 0.700000, 8.495156
1.800000, 0.700000, 8.913850
1.850000, 0.700000, 9.012138
1.900000, 0.700000, 8.765022
1.950000, 0.700000, 8.222536
2.000000, 0.700000, 7.497392
0.000000, 0.750000, 3.966347
0.050000, 0.750000, 3.602649
0.100000, 0.750000, 3.381851
0.150000, 0.750000, 3.414549
0.200000, 0.750000, 3.752553
0.250000, 0.750000, 4.376413
0.300000, 0.750000, 5.198972
0.350000, 0.750000, 6.084269
0.400000, 0.750000, 6.877645
0.450000, 0.750000, 7.440428
0.500000, 0.750000, 7.681499
0.550000, 0.750000, 7.578674
0.600000, 0.750000, 7.185032
0.650000, 0.750000, 6.618634
0.700000, 0.750000, 6.037662
0.750000, 0.750000, 5.606319
0.800000, 0.750000, 5.458824
0.850000, 0.750000, 5.669392
0.900000, 0.750000, 6.234808
0.950000, 0.750000, 7.073552
1.000000, 0.750000, 8.041835
1.050000, 0.750000, 8.963267
1.100000, 0.750000, 9.665891
1.150000, 0.750000, 10.018662
1.200000, 0.750000, 9.959564
1.250000, 0.750000, 9.509260
1.300000, 0.750000, 8.767301
1.350000, 0.750000, 7.891617
1.400000, 0.750000, 7.065622
1.450000, 0.750000, 6.459908
1.500000, 0.750000, 6.196678
1.550000, 0.750000, 6.324467
1.600000, 0.750000, 6.808510
1.650000, 0.750000, 7.538730
1.700000, 0.750000, 8.353575
1.750000, 0.750000, 9.074518
1.800000, 0.750000, 9.543823
1.850000, 0.750000, 9.657461
1.900000, 0.750000, 9.386232
1.950000, 0.750000, 8.780656
2.000000, 0.750000, 7.958791
0.000000, 0.800000, 4.388243
0.050000, 0.800000, 4.037022
0.100000, 0.800000, 3.824471
0.150000, 0.800000, 3.858358
0.200000, 0.800000, 4.189122
0.250000, 0.800000, 4.797774
0.300000, 0.800000, 5.599487
0.350000, 0.800000, 6.462164
0.400000, 0.800000, 7.235893
0.450000, 0.800000, 7.786773
0.500000, 0.800000, 8.027545
0.550000, 0.800000, 7.938140
0.600000, 0.800000, 7.571429
0.650000, 0.800000, 7.042715
0.700000, 0.800000, 6.505094
0.750000, 0.800000, 6.115978
0.800000, 0.800000, 6.002071
0.850000, 0.800000, 6.230526
0.900000, 0.800000, 6.792724
0.950000, 0.800000, 7.604426
1.000000, 0.800000, 8.522496
1.050000, 0.800000, 9.374769
1.100000, 0.800000, 9.996740
1.150000, 0.800000, 10.267175
1.200000, 0.800000, 10.134929
1.250000, 0.800000, 9.631047
1.300000, 0.800000, 8.863395
1.350000, 0.800000, 7.994773
1.400000, 0.800000, 7.209071
1.450000, 0.800000, 6.672608
1.500000, 0.800000, 6.498886
1.550000, 0.800000, 6.724305
1.600000, 0.800000, 7.300081
1.650000, 0.800000, 8.102142
1.700000, 0.800000, 8.956982
1.750000, 0.800000, 9.677982
1.800000, 0.800000, 10.104539
1.850000, 0.800000, 10.135670
1.900000, 0.800000, 9.751000
1.950000, 0.800000, 9.014706
2.000000, 0.800000, 8.061645
0.000000, 0.850000, 4.788070
0.050000, 0.850000, 4.448630
0.100000, 0.850000, 4.243169
0.150000, 0.850000, 4.276398
0.200000, 0.850000, 4.597525
0.250000, 0.850000, 5.188578
0.300000, 0.850000, 5.967924
0.350000, 0.850000, 6.808290
0.400000, 0.850000, 7.565264
0.450000, 0.850000, 8.109965
0.500000, 0.850000, 8.358516
0.550000, 0.850000, 8.291679
0.600000, 0.850000, 7.960133
0.650000, 0.850000, 7.474055
0.700000, 0.850000, 6.979156
0.750000, 0.850000, 6.624377
0.800000, 0.850000, 6.528358
0.850000, 0.850000, 6.752130
0.900000, 0.850000, 7.284219
0.950000, 0.850000, 8.041638
1.000000, 0.850000, 8.886778
1.050000, 0.850000, 9.656705
1.100000, 0.850000, 10.198575
1.150000, 0.850000, 10.403460
1.200000, 0.850000, 10.231123
1.250000, 0.850000, 9.720183
1.300000, 0.850000, 8.981226
1.350000, 0.850000, 8.174123
1.400000, 0.850000, 7.474288
1.450000, 0.850000, 7.035033
1.500000, 0.850000, 6.954174
1.550000, 0.850000, 7.252136
1.600000, 0.850000, 7.866457
1.650000, 0.850000, 8.664040
1.700000, 0.850000, 9.468732
1.750000, 0.850000, 10.098437
1.800000, 0.850000, 10.403912
1.850000, 0.850000, 10.300926
1.900000, 0.850000, 9.788856
1.950000, 0.850000, 8.951655
2.000000, 0.850000, 7.940845
0.000000, 0.900000, 5.162348
0.050000, 0.900000, 4.833978
0.100000, 0.900000, 4.634416
0.150000, 0.900000, 4.665107
0.200000, 0.900000, 4.974253
0.250000, 0.900000, 5.545566
0.300000, 0.900000, 6.301583
0.350000, 0.900000, 7.120823
0.400000, 0.900000, 7.864995
0.450000, 0.900000, 8.410160
0.500000, 0.900000, 8.674858
0.550000, 0.900000, 8.638851
0.600000, 0.900000, 8.348206
0.650000, 0.900000, 7.905459
0.700000, 0.900000, 7.446965
0.750000, 0.900000, 7.112393
0.800000, 0.900000, 7.013156
0.850000, 0.900000, 7.206818
0.900000, 0.900000, 7.683306
0.950000, 0.900000, 8.366110
1.000000, 0.900000, 9.128401
1.050000, 0.900000, 9.820632
1.100000, 0.900000, 10.303608
1.150000, 0.900000, 10.479736
1.200000, 0.900000, 10.315466
1.250000, 0.900000, 9.849840
1.300000, 0.900000, 9.187050
1.350000, 0.900000, 8.474458
1.400000, 0.900000, 7.870729
1.450000, 0.900000, 7.510992
1.500000, 0.900000, 7.476679
1.550000, 0.900000, 7.776743
1.600000, 0.900000, 8.344547
1.650000, 0.900000, 9.051326
1.700000, 0.900000, 9.733478
1.750000, 0.900000, 10.227901
1.800000, 0.900000, 10.407739
1.850000, 0.900000, 10.210735
1.900000, 0.900000, 9.653899
1.950000, 0.900000, 8.831124
2.000000, 0.900000, 7.894059
0.000000, 0.950000, 5.508353
0.050000, 0.950000, 5.190328
0.100000, 0.950000, 4.995446
0.150000, 0.950000, 5.021704
0.200000, 0.950000, 5.316600
0.250000, 0.950000, 5.866328
0.300000, 0.950000, 6.598647
0.350000, 0.950000, 7.398822
0.400000, 0.950000, 8.135082
0.450000, 0.950000, 8.687945
0.500000, 0.950000, 8.976870
0.550000, 0.950000, 8.978289
0.600000, 0.950000, 8.730962
0.650000, 0.950000, 8.327442
0.700000, 0.950000, 7.893495
0.750000, 0.950000, 7.560025
0.800000, 0.950000, 7.433745
0.850000, 0.950000, 7.573125
0.900000, 0.950000, 7.974998
0.950000, 0.950000, 8.574873
1.000000, 0.950000, 9.260941
1.050000, 0.950000, 9.898729
1.100000, 0.950000, 10.360967
1.150000, 0.950000, 10.556047
1.200000, 0.950000, 10.448723
1.250000, 0.950000, 10.068400
1.300000, 0.950000, 9.503093
1.350000, 0.950000, 8.880295
1.400000, 0.950000, 8.338931
1.450000, 0.950000, 7.998564
1.500000, 0.950000, 7.932680
1.550000, 0.950000, 8.152015
1.600000, 0.950000, 8.601706
1.650000, 0.950000, 9.172994
1.700000, 0.950000, 9.727006
1.750000, 0.950000, 10.125434
1.800000, 0.950000, 10.261350
1.850000, 0.950000, 10.083360
1.900000, 0.950000, 9.607648
1.950000, 0.950000, 8.915181
2.000000, 0.950000, 8.134533
0.000000, 1.000000, 5.824172
0.050000, 1.000000, 5.515758
0.100000, 1.000000, 5.324316
0.150000, 1.000000, 5.344238
0.200000, 1.000000, 5.622720
0.250000, 1.000000, 6.149347
0.300000, 1.000000, 6.858228
0.350000, 1.000000, 7.642234
0.400000, 1.000000, 8.376231
0.450000, 1.000000, 8.944238
0.500000, 1.000000, 9.264596
0.550000, 1.000000, 9.307666
0.600000, 1.000000, 9.102188
0.650000, 1.000000, 8.728927
0.700000, 1.000000, 8.302982
0.750000, 1.000000, 7.948621
0.800000, 1.000000, 7.772129
0.850000, 1.000000, 7.838579
0.900000, 1.000000, 8.157603
0.950000, 1.000000, 8.681255
1.000000, 1.000000, 9.314435
1.050000, 1.000000, 9.935608
1.100000, 1.000000, 10.423286
1.150000, 1.000000, 10.682520
1.200000, 1.000000, 10.665611
1.250000, 1.000000, 10.382537
1.300000, 1.000000, 9.898812
1.350000, 1.000000, 9.321254
1.400000, 1.000000, 8.774751
1.450000, 1.000000, 8.375111
1.500000, 1.000000, 8.203885
1.550000, 1.000000, 8.290677
1.600000, 1.000000, 8.606783
1.650000, 1.000000, 9.071544
1.700000, 1.000000, 9.570036
1.750000, 1.000000, 9.978235
1.800000, 1.000000, 10.190168
1.850000, 1.000000, 10.141139
1.900000, 1.000000, 9.821954
1.950000, 1.000000, 9.281061
2.000000, 1.000000, 8.614115
0.000000, 1.050000, 6.108738
0.050000, 1.050000, 5.809199
0.100000, 1.050000, 5.619938
0.150000, 1.050000, 5.631626
0.200000, 1.050000, 5.891660
0.250000, 1.050000, 6.394037
0.300000, 1.050000, 7.080377
0.350000, 1.050000, 7.851883
0.400000, 1.050000, 8.589813
0.450000, 1.050000, 9.180209
0.500000, 1.050000, 9.537756
0.550000, 1.050000, 9.623773
0.600000, 1.050000, 9.454542
0.650000, 1.050000, 9.098158
0.700000, 1.050000, 8.660480
0.750000, 1.050000, 8.263020
0.800000, 1.050000, 8.017369
0.850000, 1.050000, 8.001472
0.900000, 1.050000, 8.242800
0.950000, 1.050000, 8.712009
1.000000, 1.050000, 9.328575
1.050000, 1.050000, 9.977334
1.100000, 1.050000, 10.532576
1.150000, 1.050000, 10.884677
1.200000, 1.050000, 10.963658
1.250000, 1.050000, 10.754619
1.300000, 1.050000, 10.301651
1.350000, 1.050000, 9.699223
1.400000, 1.050000, 9.072692
1.450000, 1.050000, 8.551952
1.500000, 1.050000, 8.243721
1.550000, 1.050000, 8.208412
1.600000, 1.050000, 8.446596
1.650000, 1.050000, 8.898137
1.700000, 1.050000, 9.454373
1.750000, 1.050000, 9.980951
1.800000, 1.050000, 10.346564
1.850000, 1.050000, 10.451482
1.900000, 1.050000, 10.249720
1.950000, 1.050000, 9.759924
2.000000, 1.050000, 9.062444
0.000000, 1.100000, 6.361847
0.050000, 1.100000, 6.070443
0.100000, 1.100000, 5.882093
0.150000, 1.100000, 5.883671
0.200000, 1.100000, 6.123372
0.250000, 1.100000, 6.600745
0.300000, 1.100000, 7.266079
0.350000, 1.100000, 8.029432
0.400000, 1.100000, 8.777786
0.450000, 1.100000, 9.397196
0.500000, 1.100000, 9.795731
0.550000, 1.100000, 9.922689
0.600000, 1.100000, 9.780077
0.650000, 1.100000, 9.423734
0.700000, 1.100000, 8.953406
0.750000, 1.100000, 8.493351
0.800000, 1.100000, 8.167047
0.850000, 1.100000, 8.071051
0.900000, 1.100000, 8.253484
0.950000, 1.100000, 8.701955
1.000000, 1.100000, 9.343961
1.050000, 1.100000, 10.060284
1.100000, 1.100000, 10.709103
1.150000, 1.100000, 11.156051
1.200000, 1.100000, 11.303903
1.250000, 1.100000, 11.115335
1.300000, 1.100000, 10.623378
1.350000, 1.100000, 9.926710
1.400000, 1.100000, 9.170160
1.450000, 1.100000, 8.514179
1.500000, 1.100000, 8.099661
1.550000, 1.100000, 8.015884
1.600000, 1.100000, 8.278914
1.650000, 1.100000, 8.825781
1.700000, 1.100000, 9.526340
1.750000, 1.100000, 10.210734
1.800000, 1.100000, 10.706764
1.850000, 1.100000, 10.878938
1.900000, 1.100000, 10.660350
1.950000, 1.100000, 10.069833
2.000000, 1.100000, 9.210022
0.000000, 1.150000, 6.584148
0.050000, 1.150000, 6.300144
0.100000, 1.150000, 6.111429
0.150000, 1.150000, 6.101048
0.200000, 1.150000, 6.318710
0.250000, 1.150000, 6.770741
0.300000, 1.150000, 7.417223
0.350000, 1.150000, 8.177329
0.400000, 1.150000, 8.942623
0.450000, 1.150000, 9.596634
0.500000, 1.150000, 10.037583
0.550000, 1.150000, 10.200033
0.600000, 1.150000, 10.070876
0.650000, 1.150000, 9.695669
0.700000, 1.150000, 9.172908
0.750000, 1.150000, 8.636271
0.800000, 1.150000, 8.227631
0.850000, 1.150000, 8.066084
0.900000, 1.150000, 8.219760
0.950000, 1.150000, 8.687184
1.000000, 1.150000, 9.393342
1.050000, 1.150000, 10.202533
1.100000, 1.150000, 10.946199
1.150000, 1.150000, 11.460195
1.200000, 1.150000, 11.623217
1.250000, 1.150000, 11.387276
1.300000, 1.150000, 10.792431
1.350000, 1.150000, 9.961365
1.400000, 1.150000, 9.074063
1.450000, 1.150000, 8.327718
1.500000, 1.150000, 7.890889
1.550000, 1.150000, 7.862742
1.600000, 1.150000, 8.247442
1.650000, 1.150000, 8.950453
1.700000, 1.150000, 9.798388
1.750000, 1.150000, 10.578328
1.800000, 1.150000, 11.087645
1.850000, 1.150000, 11.182518
1.900000, 1.150000, 10.813371
1.950000, 1.150000, 10.038363
2.000000, 1.150000, 9.011260
0.000000, 1.200000, 6.777117
0.050000, 1.200000, 6.499784
0.100000, 1.200000, 6.309427
0.150000, 1.200000, 6.285284
0.200000, 1.200000, 6.479396
0.250000, 1.200000, 6.906178
0.300000, 1.200000, 7.536553
0.350000, 1.200000, 8.298737
0.400000, 1.200000, 9.087219
0.450000, 1.200000, 9.780003
0.500000, 1.200000, 10.262132
0.550000, 1.200000, 10.451292
0.600000, 1.200000, 10.319720
0.650000, 1.200000, 9.906392
0.700000, 1.200000, 9.314899
0.750000, 1.200000, 8.695484
0.800000, 1.200000, 8.213695
0.850000, 1.200000, 8.012058
0.900000, 1.200000, 8.173801
0.950000, 1.200000, 8.698170
1.000000, 1.200000, 9.494744
1.050000, 1.200000, 10.399825
1.100000, 1.200000, 11.212362
1.150000, 1.200000, 11.741528
1.200000, 1.200000, 11.854407
1.250000, 1.200000, 11.511534
1.300000, 1.200000, 10.780507
1.350000, 1.200000, 9.823172
1.400000, 1.200000, 8.858598
1.450000, 1.200000, 8.110485
1.500000, 1.200000, 7.752010
1.550000, 1.200000, 7.862150
1.600000, 1.200000, 8.404886
1.650000, 1.200000, 9.236971
1.700000, 1.200000, 10.142629
1.750000, 1.200000, 10.886584
1.800000, 1.200000, 11.272033
1.850000, 1.200000, 11.188873
1.900000, 1.200000, 10.640069
1.950000, 1.200000, 9.739706
2.000000, 1.200000, 8.683602
0.000000, 1.250000, 6.943009
0.050000, 1.250000, 6.671629
0.100000, 1.250000, 6.478359
0.150000, 1.250000, 6.438703
0.200000, 1.250000, 6.607972
0.250000, 1.250000, 7.010043
0.300000, 1.250000, 7.627593
0.350000, 1.250000, 8.397436
0.400000, 1.250000, 9.214803
0.450000, 1.250000, 9.948788
0.500000, 1.250000, 10.468065
0.550000, 1.250000, 10.672194
0.600000, 1.250000, 10.520766
0.650000, 1.250000, 10.051570
0.700000, 1.250000, 9.380659
0.750000, 1.250000, 8.681477
0.800000, 1.250000, 8.146110
0.850000, 1.250000, 7.937414
0.900000, 1.250000, 8.144472
0.950000, 1.250000, 8.754144
1.000000, 1.250000, 9.647967
1.050000, 1.250000, 10.627083
1.100000, 1.250000, 11.460091
1.150000, 1.250000, 11.941884
1.200000, 1.250000, 11.947831
1.250000, 1.250000, 11.468326
1.300000, 1.250000, 10.613711
1.350000, 1.250000, 9.587568
1.400000, 1.250000, 8.635136
1.450000, 1.250000, 7.980548
1.500000, 1.250000, 7.769751
1.550000, 1.250000, 8.034353
1.600000, 1.250000, 8.685781
1.650000, 1.250000, 9.540712
1.700000, 1.250000, 10.370209
1.750000, 1.250000, 10.958807
1.800000, 1.250000, 11.157607
1.850000, 1.250000, 10.917801
1.900000, 1.250000, 10.296985
1.950000, 1.250000, 9.438404
2.000000, 1.250000, 8.530452
0.000000, 1.300000, 7.084792
0.050000, 1.300000, 6.818662
0.100000, 1.300000, 6.621216
0.150000, 1.300000, 6.564363
0.200000, 1.300000, 6.707730
0.250000, 1.300000, 7.086073
0.300000, 1.300000, 7.694560
0.350000, 1.300000, 8.477725
0.400000, 1.300000, 9.328840
0.450000, 1.300000, 10.104455
0.500000, 1.300000, 10.654081
0.550000, 1.300000, 10.859095
0.600000, 1.300000, 10.670145
0.650000, 1.300000, 10.130699
0.700000, 1.300000, 9.376920
0.750000, 1.300000, 8.610498
0.800000, 1.300000, 8.049439
0.850000, 1.300000, 7.869437
0.900000, 1.300000, 8.152663
0.950000, 1.300000, 8.859818
1.000000, 1.300000, 9.835224
1.050000, 1.300000, 10.845096
1.100000, 1.300000, 11.639115
1.150000, 1.300000, 12.018019
1.200000, 1.300000, 11.887785
1.250000, 1.300000, 11.284692
1.300000, 1.300000, 10.364183
1.350000, 1.300000, 9.357156
1.400000, 1.300000, 8.506816
1.450000, 1.300000, 8.004567
1.500000, 1.300000, 7.942973
1.550000, 1.300000, 8.298031
1.600000, 1.300000, 8.943775
1.650000, 1.300000, 9.692649
1.700000, 1.300000, 10.348214
1.750000, 1.300000, 10.754434
1.800000, 1.300000, 10.828508
1.850000, 1.300000, 10.570555
1.900000, 1.300000, 10.051138
1.950000, 1.300000, 9.383923
2.000000, 1.300000, 8.693830
0.000000, 1.350000, 7.206060
0.050000, 1.350000, 6.944497
0.100000, 1.350000, 6.741628
0.150000, 1.350000, 6.665971
0.200000, 1.350000, 6.782629
0.250000, 1.350000, 7.138664
0.300000, 1.350000, 7.742257
0.350000, 1.350000, 8.544305
0.400000, 1.350000, 9.432938
0.450000, 1.350000, 10.248448
0.500000, 1.350000, 10.819062
0.550000, 1.350000, 11.009359
0.600000, 1.350000, 10.766456
0.650000, 1.350000, 10.147379
0.700000, 1.350000, 9.315431
0.750000, 1.350000, 8.502900
0.800000, 1.350000, 7.948902
0.850000, 1.350000, 7.830421
0.900000, 1.350000, 8.208157
0.950000, 1.350000, 9.005106
1.000000, 1.350000, 10.025750
1.050000, 1.350000, 11.010753
1.100000, 1.350000, 11.710532
1.150000, 1.350000, 11.955039
1.200000, 1.350000, 11.698536
1.250000, 1.350000, 11.026635
1.300000, 1.350000, 10.125241
1.350000, 1.350000, 9.223063
1.400000, 1.350000, 8.526891
1.450000, 1.350000, 8.169623
1.500000, 1.350000, 8.185104
1.550000, 1.350000, 8.513819
1.600000, 1.350000, 9.033140
1.650000, 1.350000, 9.598819
1.700000, 1.350000, 10.082963
1.750000, 1.350000, 10.397700
1.800000, 1.350000, 10.501094
1.850000, 1.350000, 10.389228
1.900000, 1.350000, 10.082933
1.950000, 1.350000, 9.617608
2.000000, 1.350000, 9.040627
0.000000, 1.400000, 7.310939
0.050000, 1.400000, 7.053278
0.100000, 1.400000, 6.843760
0.150000, 1.400000, 6.747781
0.200000, 1.400000, 6.837185
0.250000, 1.400000, 7.172764
0.300000, 1.400000, 7.775949
0.350000, 1.400000, 8.602152
0.400000, 1.400000, 9.530755
0.450000, 1.400000, 10.382195
0.500000, 1.400000, 10.962250
0.550000, 1.400000, 11.121704
0.600000, 1.400000, 10.811094
0.650000, 1.400000, 10.109262
0.700000, 1.400000, 9.212036
0.750000, 1.400000, 8.381036
0.800000, 1.400000, 7.867331
0.850000, 1.400000, 7.834716
0.900000, 1.400000, 8.308558
0.950000, 1.400000, 9.167873
1.000000, 1.400000, 10.183379
1.050000, 1.400000, 11.088354
1.100000, 1.400000, 11.658114
1.150000, 1.400000, 11.771868
1.200000, 1.400000, 11.438092
1.250000, 1.400000, 10.778333
1.300000, 1.400000, 9.979033
1.350000, 1.400000, 9.231022
1.400000, 1.400000, 8.678250
1.450000, 1.400000, 8.391042
1.500000, 1.400000, 8.367809
1.550000, 1.400000, 8.557750
1.600000, 1.400000, 8.890254
1.650000, 1.400000, 9.296972
1.700000, 1.400000, 9.718985
1.750000, 1.400000, 10.100814
1.800000, 1.400000, 10.380537
1.850000, 1.400000, 10.487439
1.900000, 1.400000, 10.354428
1.950000, 1.400000, 9.943804
2.000000, 1.400000, 9.276156
0.000000, 1.450000, 7.403968
0.050000, 1.450000, 7.149573
0.100000, 1.450000, 6.932204
0.150000, 1.450000, 6.814485
0.200000, 1.450000, 6.876366
0.250000, 1.450000, 7.193749
0.300000, 1.450000, 7.801236
0.350000, 1.450000, 8.656387
0.400000, 1.450000, 9.625913
0.450000, 1.450000, 10.507133
0.500000, 1.450000, 11.083420
0.550000, 1.450000, 11.196473
0.600000, 1.450000, 10.808393
0.650000, 1.450000, 10.027654
0.700000, 1.450000, 9.085356
0.750000, 1.450000, 8.266973
0.800000, 1.450000, 7.822519
0.850000, 1.450000, 7.887112
0.900000, 1.450000, 8.440472
0.950000, 1.450000, 9.319156
1.000000, 1.450000, 10.275389
1.050000, 1.450000, 11.059264
1.100000, 1.450000, 11.493783
1.150000, 1.450000, 11.517174
1.200000, 1.450000, 11.181630
1.250000, 1.450000, 10.615396
1.300000, 1.450000, 9.968435
1.350000, 1.450000, 9.365405
1.400000, 1.450000, 8.882692
1.450000, 1.450000, 8.552666
1.500000, 1.450000, 8.384898
1.550000, 1.450000, 8.387089
1.600000, 1.450000, 8.570852
1.650000, 1.450000, 8.937816
1.700000, 1.450000, 9.454233
1.750000, 1.450000, 10.030925
1.800000, 1.450000, 10.525313
1.850000, 1.450000, 10.772961
1.900000, 1.450000, 10.641606
1.950000, 1.450000, 10.087784
2.000000, 1.450000, 9.191293
0.000000, 1.500000, 7.489985
0.050000, 1.500000, 7.238247
0.100000, 1.500000, 7.011855
0.150000, 1.500000, 6.871086
0.200000, 1.500000, 6.905458
0.250000, 1.500000, 7.207291
0.300000, 1.500000, 7.823909
0.350000, 1.500000, 8.712150
0.400000, 1.500000, 9.721919
0.450000, 1.500000, 10.624738
0.500000, 1.500000, 11.183051
0.550000, 1.500000, 11.235823
0.600000, 1.500000, 10.765554
0.650000, 1.500000, 9.916815
0.700000, 1.500000, 8.955210
0.750000, 1.500000, 8.180278
0.800000, 1.500000, 7.825333
0.850000, 1.500000, 7.982788
0.900000, 1.500000, 8.582694
0.950000, 1.500000, 9.429807
1.000000, 1.500000, 10.280698
1.050000, 1.500000, 10.927568
1.100000, 1.500000, 11.255801
1.150000, 1.500000, 11.256880
1.200000, 1.500000, 10.999690
1.250000, 1.500000, 10.581135
1.300000, 1.500000, 10.083375
1.350000, 1.500000, 9.557421
1.400000, 1.500000, 9.035995
1.450000, 1.500000, 8.561434
1.500000, 1.500000, 8.205815
1.550000, 1.500000, 8.064921
1.600000, 1.500000, 8.222777
1.650000, 1.500000, 8.701552
1.700000, 1.500000, 9.423033
1.750000, 1.500000, 10.206276
1.800000, 1.500000, 10.811316
1.850000, 1.500000, 11.017407
1.900000, 1.500000, 10.706387
1.950000, 1.500000, 9.916155
2.000000, 1.500000, 8.839378
0.000000, 1.550000, 7.573995
0.050000, 1.550000, 7.324334
0.100000, 1.550000, 7.087782
0.150000, 1.550000, 6.922771
0.200000, 1.550000, 6.929940
0.250000, 1.550000, 7.219221
0.300000, 1.550000, 7.849809
0.350000, 1.550000, 8.774460
0.400000, 1.550000, 9.822089
0.450000, 1.550000, 10.736560
0.500000, 1.550000, 11.262449
0.550000, 1.550000, 11.243802
0.600000, 1.550000, 10.692371
0.650000, 1.550000, 9.793003
0.700000, 1.550000, 8.840937
0.750000, 1.550000, 8.136147
0.800000, 1.550000, 7.878832
0.850000, 1.550000, 8.108831
0.900000, 1.550000, 8.710838
0.950000, 1.550000, 9.477223
1.000000, 1.550000, 10.195571
1.050000, 1.550000, 10.720339
1.100000, 1.550000, 11.000104
1.150000, 1.550000, 11.056813
1.200000, 1.550000, 10.937911
1.250000, 1.550000, 10.673817
1.300000, 1.550000, 10.266514
1.350000, 1.550000, 9.714216
1.400000, 1.550000, 9.054016
1.450000, 1.550000, 8.391705
1.500000, 1.550000, 7.893001
1.550000, 1.550000, 7.730871
1.600000, 1.550000, 8.008940
1.650000, 1.550000, 8.697600
1.700000, 1.550000, 9.617878
1.750000, 1.550000, 10.488175
1.800000, 1.550000, 11.019806
1.850000, 1.550000, 11.023164
1.900000, 1.550000, 10.479348
1.950000, 1.550000, 9.546267
2.000000, 1.550000, 8.496914
0.000000, 1.600000, 7.661035
0.050000, 1.600000, 7.412908
0.100000, 1.600000, 7.165098
0.150000, 1.600000, 6.974782
0.200000, 1.600000, 6.955342
0.250000, 1.600000, 7.235384
0.300000, 1.600000, 7.884680
0.350000, 1.600000, 8.848099
0.400000, 1.600000, 9.929493
0.450000, 1.600000, 10.844265
0.500000, 1.600000, 11.323849
0.550000, 1.600000, 11.226313
0.600000, 1.600000, 10.600758
0.650000, 1.600000, 9.673344
0.700000, 1.600000, 8.759783
0.750000, 1.600000, 8.144097
0.800000, 1.600000, 7.978515
0.850000, 1.600000, 8.247059
0.900000, 1.600000, 8.802550
0.950000, 1.600000, 9.450820
1.000000, 1.600000, 10.035584
1.050000, 1.600000, 10.482431
1.100000, 1.600000, 10.787040
1.150000, 1.600000, 10.965420
1.200000, 1.600000, 11.004554
1.250000, 1.600000, 10.849152
1.300000, 1.600000, 10.436165
1.350000, 1.600000, 9.757444
1.400000, 1.600000, 8.910427
1.450000, 1.600000, 8.099375
1.500000, 1.600000, 7.574764
1.550000, 1.600000, 7.532847
1.600000, 1.600000, 8.022184
1.650000, 1.600000, 8.905080
1.700000, 1.600000, 9.897560
1.750000, 1.600000, 10.673844
1.800000, 1.600000, 10.989539
1.850000, 1.600000, 10.768474
1.900000, 1.600000, 10.116121
1.950000, 1.600000, 9.258464
2.000000, 1.600000, 8.440369
0.000000, 1.650000, 7.756049
0.050000, 1.650000, 7.508948
0.100000, 1.650000, 7.248825
0.150000, 1.650000, 7.032274
0.200000, 1.650000, 6.987115
0.250000, 1.650000, 7.261503
0.300000, 1.650000, 7.934027
0.350000, 1.650000, 8.937485
0.400000, 1.650000, 10.046897
0.450000, 1.650000, 10.949666
0.500000, 1.650000, 11.370454
0.550000, 1.650000, 11.190955
0.600000, 1.650000, 10.504108
0.650000, 1.650000, 9.574630
0.700000, 1.650000, 8.725517
0.750000, 1.650000, 8.207359
0.800000, 1.650000, 8.113618
0.850000, 1.650000, 8.377684
0.900000, 1.650000, 8.842370
0.950000, 1.650000, 9.355150
1.000000, 1.650000, 9.833386
1.050000, 1.650000, 10.267013
1.100000, 1.650000, 10.666949
1.150000, 1.650000, 11.001472
1.200000, 1.650000, 11.169680
1.250000, 1.650000, 11.037124
1.300000, 1.650000, 10.518081
1.350000, 1.650000, 9.656165
1.400000, 1.650000, 8.650187
1.450000, 1.650000, 7.799380
1.500000, 1.650000, 7.386581
1.550000, 1.650000, 7.554548
1.600000, 1.650000, 8.238121
1.650000, 1.650000, 9.188169
1.700000, 1.650000, 10.076595
1.750000, 1.650000, 10.630436
1.800000, 1.650000, 10.729933
1.850000, 1.650000, 10.427089
1.900000, 1.650000, 9.885080
1.950000, 1.650000, 9.280085
2.000000, 1.650000, 8.722975
0.000000, 1.700000, 7.863753
0.050000, 1.700000, 7.617209
0.100000, 1.700000, 7.343763
0.150000, 1.700000, 7.100193
0.200000, 1.700000, 7.030496
0.250000, 1.700000, 7.303036
0.300000, 1.700000, 8.002981
0.350000, 1.700000, 9.046569
0.400000, 1.700000, 10.176725
0.450000, 1.700000, 11.054752
0.500000, 1.700000, 11.406433
0.550000, 1.700000, 11.146747
0.600000, 1.700000, 10.416540
0.650000, 1.700000, 9.512137
0.700000, 1.700000, 8.747420
0.750000, 1.700000, 8.323046
0.800000, 1.700000, 8.269299
0.850000, 1.700000, 8.483217
0.900000, 1.700000, 8.825364
0.950000, 1.700000, 9.210005
1.000000, 1.700000, 9.632721
1.050000, 1.700000, 10.124091
1.100000, 1.700000, 10.668350
1.150000, 1.700000, 11.150250
1.200000, 1.700000, 11.376180
1.250000, 1.700000, 11.167463
1.300000, 1.700000, 10.474487
1.350000, 1.700000, 9.441151
1.400000, 1.700000, 8.373042
1.450000, 1.700000, 7.616639
1.500000, 1.700000, 7.408904
1.550000, 1.700000, 7.775669
1.600000, 1.700000, 8.531444
1.650000, 1.700000, 9.377437
1.700000, 1.700000, 10.041496
1.750000, 1.700000, 10.384023
1.800000, 1.700000, 10.418526
1.850000, 1.700000, 10.248393
1.900000, 1.700000, 9.970404
1.950000, 1.700000, 9.611039
2.000000, 1.700000, 9.135436
0.000000, 1.750000, 7.988515
0.050000, 1.750000, 7.742102
0.100000, 1.750000, 7.454374
0.150000, 1.750000, 7.183147
0.200000, 1.750000, 7.090378
0.250000, 1.750000, 7.365045
0.300000, 1.750000, 8.096168
0.350000, 1.750000, 9.178737
0.400000, 1.750000, 10.321026
0.450000, 1.750000, 11.161704
0.500000, 1.750000, 11.436842
0.550000, 1.750000, 11.103750
0.600000, 1.750000, 10.352067
0.650000, 1.750000, 9.498577
0.700000, 1.750000, 8.829733
0.750000, 1.750000, 8.483051
0.800000, 1.750000, 8.429361
0.850000, 1.750000, 8.551984
0.900000, 1.750000, 8.758849
0.950000, 1.750000, 9.047493
1.000000, 1.750000, 9.479981
1.050000, 1.750000, 10.089730
1.100000, 1.750000, 10.791806
1.150000, 1.750000, 11.369251
1.200000, 1.750000, 11.559197
1.250000, 1.750000, 11.195122
1.300000, 1.750000, 10.319768
1.350000, 1.750000, 9.194950
1.400000, 1.750000, 8.193932
1.450000, 1.750000, 7.632392
1.500000, 1.750000, 7.631208
1.550000, 1.750000, 8.085027
1.600000, 1.750000, 8.746789
1.650000, 1.750000, 9.370340
1.700000, 1.750000, 9.823084
1.750000, 1.750000, 10.106316
1.800000, 1.750000, 10.284363
1.850000, 1.750000, 10.383397
1.900000, 1.750000, 10.338033
1.950000, 1.750000, 10.028043
2.000000, 1.750000, 9.382818
0.000000, 1.800000, 8.134244
0.050000, 1.800000, 7.887574
0.100000, 1.800000, 7.584659
0.150000, 1.800000, 7.285296
0.200000, 1.800000, 7.171197
0.250000, 1.800000, 7.452079
0.300000, 1.800000, 8.217600
0.350000, 1.800000, 9.336734
0.400000, 1.800000, 10.481460
0.450000, 1.800000, 11.272897
0.500000, 1.800000, 11.467507
0.550000, 1.800000, 11.072606
0.600000, 1.800000, 10.323761
0.650000, 1.800000, 9.543258
0.700000, 1.800000, 8.971633
0.750000, 1.800000, 8.675561
0.800000, 1.800000, 8.579123
0.850000, 1.800000, 8.580665
0.900000, 1.800000, 8.661893
0.950000, 1.800000, 8.906616
1.000000, 1.800000, 9.415120
1.050000, 1.800000, 10.178549
1.100000, 1.800000, 11.011041
1.150000, 1.800000, 11.601774
1.200000, 1.800000, 11.667851
1.250000, 1.800000, 11.117129
1.300000, 1.800000, 10.117048
1.350000, 1.800000, 9.021549
1.400000, 1.800000, 8.196860
1.450000, 1.800000, 7.849986
1.500000, 1.800000, 7.959453
1.550000, 1.800000, 8.339864
1.600000, 1.800000, 8.785690
1.650000, 1.800000, 9.193042
1.700000, 1.800000, 9.580792
1.750000, 1.800000, 10.007568
1.800000, 1.800000, 10.456212
1.850000, 1.800000, 10.780577
1.900000, 1.800000, 10.764878
1.950000, 1.800000, 10.264110
2.000000, 1.800000, 9.331701
0.000000, 1.850000, 8.304281
0.050000, 1.850000, 8.057014
0.100000, 1.850000, 7.738064
0.150000, 1.850000, 7.410244
0.200000, 1.850000, 7.276825
0.250000, 1.850000, 7.568062
0.300000, 1.850000, 8.370569
0.350000, 1.850000, 9.522597
0.400000, 1.850000, 10.659280
0.450000, 1.850000, 11.390884
0.500000, 1.850000, 11.504832
0.550000, 1.850000, 11.064019
0.600000, 1.850000, 10.342969
0.650000, 1.850000, 9.651539
0.700000, 1.850000, 9.167700
0.750000, 1.850000, 8.886979
0.800000, 1.850000, 8.708035
0.850000, 1.850000, 8.575458
0.900000, 1.850000, 8.562669
0.950000, 1.850000, 8.826405
1.000000, 1.850000, 9.463870
1.050000, 1.850000, 10.381247
1.100000, 1.850000, 11.280995
1.150000, 1.850000, 11.794427
1.200000, 1.850000, 11.682471
1.250000, 1.850000, 10.975103
1.300000, 1.850000, 9.956875
1.350000, 1.850000, 9.007463
1.400000, 1.850000, 8.401542
1.450000, 1.850000, 8.195414
1.500000, 1.850000, 8.263324
1.550000, 1.850000, 8.441001
1.600000, 1.850000, 8.662405
1.650000, 1.850000, 8.987978
1.700000, 1.850000, 9.508440
1.750000, 1.850000, 10.204383
1.800000, 1.850000, 10.878357
1.850000, 1.850000, 11.225767
1.900000, 1.850000, 11.009318
1.950000, 1.850000, 10.221990
2.000000, 1.850000, 9.123729
0.000000, 1.900000, 8.501323
0.050000, 1.900000, 8.253161
0.100000, 1.900000, 7.917386
0.150000, 1.900000, 7.560955
0.200000, 1.900000, 7.410477
0.250000, 1.900000, 7.716201
0.300000, 1.900000, 8.557574
0.350000, 1.900000, 9.737615
0.400000, 1.900000, 10.855336
0.450000, 1.900000, 11.518362
0.500000, 1.900000, 11.555574
0.550000, 1.900000, 11.088209
0.600000, 1.900000, 10.418626
0.650000, 1.900000, 9.824603
0.700000, 1.900000, 9.408850
0.750000, 1.900000, 9.104016
0.800000, 1.900000, 8.811631
0.850000, 1.900000, 8.551655
0.900000, 1.900000, 8.494098
0.950000, 1.900000, 8.838959
1.000000, 1.900000, 9.632952
1.050000, 1.900000, 10.667751
1.100000, 1.900000, 11.550673
1.150000, 1.900000, 11.913546
1.200000, 1.900000, 11.621933
1.250000, 1.900000, 10.842552
1.300000, 1.900000, 9.925724
1.350000, 1.900000, 9.189433
1.400000, 1.900000, 8.756797
1.450000, 1.900000, 8.552325
1.500000, 1.900000, 8.440570
1.550000, 1.900000, 8.385451
1.600000, 1.900000, 8.498317
1.650000, 1.900000, 8.934235
1.700000, 1.900000, 9.718717
1.750000, 1.900000, 10.647285
1.800000, 1.900000, 11.350924
1.850000, 1.900000, 11.497584
1.900000, 1.900000, 10.995113
1.950000, 1.900000, 10.053595
2.000000, 1.900000, 9.061866
0.000000, 1.950000, 8.727346
0.050000, 1.950000, 8.478038
0.100000, 1.950000, 8.124710
0.150000, 1.950000, 7.739680
0.200000, 1.950000, 7.574643
0.250000, 1.950000, 7.898912
0.300000, 1.950000, 8.780251
0.350000, 1.950000, 9.982303
0.400000, 1.950000, 11.070084
0.450000, 1.950000, 11.658118
0.500000, 1.950000, 11.626566
0.550000, 1.950000, 11.154371
0.600000, 1.950000, 10.556739
0.650000, 1.950000, 10.059587
0.700000, 1.950000, 9.683595
0.750000, 1.950000, 9.315670
0.800000, 1.950000, 8.892568
0.850000, 1.950000, 8.531684
0.900000, 1.950000, 8.488554
0.950000, 1.950000, 8.963723
1.000000, 1.950000, 9.909289
1.050000, 1.950000, 10.995186
1.100000, 1.950000, 11.777387
1.150000, 1.950000, 11.955768
1.200000, 1.950000, 11.538800
1.250000, 1.950000, 10.801202
1.300000, 1.950000, 10.075740
1.350000, 1.950000, 9.541339
1.400000, 1.950000, 9.163404
1.450000, 1.950000, 8.815734
1.500000, 1.950000, 8.467569
1.550000, 1.950000, 8.269601
1.600000, 1.950000, 8.457891
1.650000, 1.950000, 9.146471
1.700000, 1.950000, 10.176582
1.750000, 1.950000, 11.154525
1.800000, 1.950000, 11.667387
1.850000, 1.950000, 11.527486
1.900000, 1.950000, 10.870826
1.950000, 1.950000, 10.042858
2.000000, 1.950000, 9.363057
0.000000, 2.000000, 8.983555
0.050000, 2.000000, 8.732898
0.100000, 2.000000, 8.361352
0.150000, 2.000000, 7.947906
0.200000, 2.000000, 7.771027
0.250000, 2.000000, 8.117766
0.300000, 2.000000, 9.039339
0.350000, 2.000000, 10.256399
0.400000, 2.000000, 11.303594
0.450000, 2.000000, 11.812962
0.500000, 2.000000, 11.724428
0.550000, 2.000000, 11.270177
0.600000, 2.000000, 10.760053
0.650000, 2.000000, 10.350029
0.700000, 2.000000, 9.979509
0.750000, 2.000000, 9.514864
0.800000, 2.000000, 8.960564
0.850000, 2.000000, 8.541932
0.900000, 2.000000, 8.572547
0.950000, 2.000000, 9.204133
1.000000, 2.000000, 10.263401
1.050000, 2.000000, 11.318763
1.100000, 2.000000, 11.938634
1.150000, 2.000000, 11.949723
1.200000, 2.000000, 11.503754
1.250000, 2.000000, 10.914307
1.300000, 2.000000, 10.406705
1.350000, 2.000000, 9.985417
1.400000, 2.000000, 9.516814
1.450000, 2.000000, 8.940301
1.500000, 2.000000, 8.411851
1.550000, 2.000000, 8.241306
1.600000, 2.000000, 8.660854
1.650000, 2.000000, 9.610419
1.700000, 2.000000, 10.722037
1.750000, 2.000000, 11.530358
1.800000, 2.000000, 11.756036
1.850000, 2.000000, 11.450284
1.900000, 2.000000, 10.900154
1.950000, 2.000000, 10.384114
2.000000, 2.000000, 9.981154
