0.000000, 0.000000, -0.918377
0.050000, 0.000000, -0.366716
0.100000, 0.000000, 0.068189
0.150000, 0.000000, 0.300966
0.200000, 0.000000, 0.288668
0.250000, 0.000000, 0.040149
0.300000, 0.000000, -0.385864
0.350000, 0.000000, -0.893556
0.400000, 0.000000, -1.370901
0.450000, 0.000000, -1.714062
0.500000, 0.000000, -1.850014
0.550000, 0.000000, -1.752438
0.600000, 0.000000, -1.447436
0.650000, 0.000000, -1.007822
0.700000, 0.000000, -0.537219
0.750000, 0.000000, -0.147446
0.800000, 0.000000, 0.065885
0.850000, 0.000000, 0.044242
0.900000, 0.000000, -0.221040
0.950000, 0.000000, -0.686836
1.000000, 0.000000, -1.267603
1.050000, 0.000000, -1.853991
1.100000, 0.000000, -2.336654
1.150000, 0.000000, -2.630046
1.200000, 0.000000, -2.691044
1.250000, 0.000000, -2.528311
1.300000, 0.000000, -2.200380
1.350000, 0.000000, -1.802864
1.400000, 0.000000, -1.447580
1.450000, 0.000000, -1.238154
1.500000, 0.000000, -1.247396
1.550000, 0.000000, -1.501411
1.600000, 0.000000, -1.973880
1.650000, 0.000000, -2.591775
1.700000, 0.000000, -3.251262
1.750000, 0.000000, -3.840314
1.800000, 0.000000, -4.263117
1.850000, 0.000000, -4.460942
1.900000, 0.000000, -4.424937
1.950000, 0.000000, -4.198047
2.000000, 0.000000, -3.865647
0.000000, 0.050000, -0.973768
0.050000, 0.050000, -0.433347
0.100000, 0.050000, -0.009659
0.150000, 0.050000, 0.211934
0.200000, 0.050000, 0.188505
0.250000, 0.050000, -0.071082
0.300000, 0.050000, -0.508084
0.350000, 0.050000, -1.026671
0.400000, 0.050000, -1.514805
0.450000, 0.050000, -1.868638
0.500000, 0.050000, -2.015131
0.550000, 0.050000, -1.927953
0.600000, 0.050000, -1.633197
0.650000, 0.050000, -1.203665
0.700000, 0.050000, -0.742973
0.750000, 0.050000, -0.362930
0.800000, 0.050000, -0.159140
0.850000, 0.050000, -0.190131
0.900000, 0.050000, -0.464560
0.950000, 0.050000, -0.939298
1.000000, 0.050000, -1.528797
1.050000, 0.050000, -2.123706
1.100000, 0.050000, -2.614675
1.150000, 0.050000, -2.916159
1.200000, 0.050000, -2.985034
1.250000, 0.050000, -2.829964
1.300000, 0.050000, -2.509485
1.350000, 0.050000, -2.119209
1.400000, 0.050000, -1.770961
1.450000, 0.050000, -1.568368
1.500000, 0.050000, -1.584247
1.550000, 0.050000, -1.844708
1.600000, 0.050000, -2.323438
1.650000, 0.050000, -2.947417
1.700000, 0.050000, -3.612818
1.750000, 0.050000, -4.207622
1.800000, 0.050000, -4.636024
1.850000, 0.050000, -4.839303
1.900000, 0.050000, -4.808617
1.950000, 0.050000, -4.586919
2.000000, 0.050000, -4.259595
0.000000, 0.100000, -1.164081
0.050000, 0.100000, -0.634878
0.100000, 0.100000, -0.222359
0.150000, 0.100000, -0.011849
0.200000, 0.100000, -0.046246
0.250000, 0.100000, -0.316653
0.300000, 0.100000, -0.764293
0.350000, 0.100000, -1.293310
0.400000, 0.100000, -1.791631
0.450000, 0.100000, -2.155380
0.500000, 0.100000, -2.311489
0.550000, 0.100000, -2.233600
0.600000, 0.100000, -1.947779
0.650000, 0.100000, -1.526801
0.700000, 0.100000, -1.074257
0.750000, 0.100000, -0.701934
0.800000, 0.100000, -0.505413
0.850000, 0.100000, -0.543199
0.900000, 0.100000, -0.823930
0.950000, 0.100000, -1.304460
1.000000, 0.100000, -1.899222
1.050000, 0.100000, -2.498849
1.100000, 0.100000, -2.993977
1.150000, 0.100000, -3.299048
1.200000, 0.100000, -3.370925
1.250000, 0.100000, -3.218263
1.300000, 0.100000, -2.899587
1.350000, 0.100000, -2.510504
1.400000, 0.100000, -2.162830
1.450000, 0.100000, -1.960187
1.500000, 0.100000, -1.975389
1.550000, 0.100000, -2.234543
1.600000, 0.100000, -2.711335
1.650000, 0.100000, -3.332744
1.700000, 0.100000, -3.994943
1.750000, 0.100000, -4.585916
1.800000, 0.100000, -5.009860
1.850000, 0.100000, -5.208058
1.900000, 0.100000, -5.171671
1.950000, 0.100000, -4.943659
2.000000, 0.100000, -4.609413
0.000000, 0.150000, -1.407989
0.050000, 0.150000, -0.889969
0.100000, 0.150000, -0.488533
0.150000, 0.150000, -0.288939
0.200000, 0.150000, -0.334018
0.250000, 0.150000, -0.614802
0.300000, 0.150000, -1.072453
0.350000, 0.150000, -1.611045
0.400000, 0.150000, -2.118446
0.450000, 0.150000, -2.490716
0.500000, 0.150000, -2.654728
0.550000, 0.150000, -2.584067
0.600000, 0.150000, -2.304743
0.650000, 0.150000, -1.889479
0.700000, 0.150000, -1.441816
0.750000, 0.150000, -1.073492
0.800000, 0.150000, -0.880046
0.850000, 0.150000, -0.919940
0.900000, 0.150000, -1.201776
0.950000, 0.150000, -1.682370
1.000000, 0.150000, -2.276125
1.050000, 0.150000, -2.873648
1.100000, 0.150000, -3.365549
1.150000, 0.150000, -3.666249
1.200000, 0.150000, -3.732595
1.250000, 0.150000, -3.573228
1.300000, 0.150000, -3.246664
1.350000, 0.150000, -2.848505
1.400000, 0.150000, -2.490565
1.450000, 0.150000, -2.276467
1.500000, 0.150000, -2.279033
1.550000, 0.150000, -2.524378
1.600000, 0.150000, -2.986200
1.650000, 0.150000, -3.591497
1.700000, 0.150000, -4.236463
1.750000, 0.150000, -4.809104
1.800000, 0.150000, -5.213644
1.850000, 0.150000, -5.391399
1.900000, 0.150000, -5.333564
1.950000, 0.150000, -5.083135
2.000000, 0.150000, -4.725543
0.000000, 0.200000, -1.604956
0.050000, 0.200000, -1.098069
0.100000, 0.200000, -0.707601
0.150000, 0.200000, -0.518688
0.200000, 0.200000, -0.574040
0.250000, 0.200000, -0.864572
0.300000, 0.200000, -1.331328
0.350000, 0.200000, -1.878272
0.400000, 0.200000, -2.393163
0.450000, 0.200000, -2.771958
0.500000, 0.200000, -2.941431
0.550000, 0.200000, -2.875074
0.600000, 0.200000, -2.598811
0.650000, 0.200000, -2.185285
0.700000, 0.200000, -1.737964
0.750000, 0.200000, -1.368523
0.800000, 0.200000, -1.172441
0.850000, 0.200000, -1.208134
0.900000, 0.200000, -1.484161
0.950000, 0.200000, -1.957308
1.000000, 0.200000, -2.541956
1.050000, 0.200000, -3.128697
1.100000, 0.200000, -3.608138
1.150000, 0.200000, -3.894707
1.200000, 0.200000, -3.945264
1.250000, 0.200000, -3.768476
1.300000, 0.200000, -3.422893
1.350000, 0.200000, -3.004159
1.400000, 0.200000, -2.624140
1.450000, 0.200000, -2.386524
1.500000, 0.200000, -2.364199
1.550000, 0.200000, -2.583362
1.600000, 0.200000, -3.017797
1.650000, 0.200000, -3.594596
1.700000, 0.200000, -4.210057
1.750000, 0.200000, -4.752295
1.800000, 0.200000, -5.125650
1.850000, 0.200000, -5.271560
1.900000, 0.200000, -5.181347
1.950000, 0.200000, -4.898141
2.000000, 0.200000, -4.507510
0.000000, 0.250000, -1.673632
0.050000, 0.250000, -1.177812
0.100000, 0.250000, -0.798163
0.150000, 0.250000, -0.619629
0.200000, 0.250000, -0.684728
0.250000, 0.250000, -0.984192
0.300000, 0.250000, -1.458888
0.350000, 0.250000, -2.012609
0.400000, 0.250000, -2.532955
0.450000, 0.250000, -2.915733
0.500000, 0.250000, -3.087583
0.550000, 0.250000, -3.021873
0.600000, 0.250000, -2.744418
0.650000, 0.250000, -2.327770
0.700000, 0.250000, -1.875320
0.750000, 0.250000, -1.498685
0.800000, 0.250000, -1.293303
0.850000, 0.250000, -1.317569
0.900000, 0.250000, -1.580037
0.950000, 0.250000, -2.037512
1.000000, 0.250000, -2.604408
1.050000, 0.250000, -3.171372
1.100000, 0.250000, -3.629085
1.150000, 0.250000, -3.892065
1.200000, 0.250000, -3.917284
1.250000, 0.250000, -3.713537
1.300000, 0.250000, -3.339517
1.350000, 0.250000, -2.891029
1.400000, 0.250000, -2.480117
1.450000, 0.250000, -2.210655
1.500000, 0.250000, -2.155734
1.550000, 0.250000, -2.341764
1.600000, 0.250000, -2.742752
1.650000, 0.250000, -3.286023
1.700000, 0.250000, -3.868109
1.750000, 0.250000, -4.377371
1.800000, 0.250000, -4.718394
1.850000, 0.250000, -4.832864
1.900000, 0.250000, -4.712351
1.950000, 0.250000, -4.400231
2.000000, 0.250000, -3.982311
0.000000, 0.300000, -1.582906
0.050000, 0.300000, -1.098074
0.100000, 0.300000, -0.729065
0.150000, 0.300000, -0.560540
0.200000, 0.300000, -0.634745
0.250000, 0.300000, -0.942149
0.300000, 0.300000, -1.423368
0.350000, 0.300000, -1.981967
0.400000, 0.300000, -2.505332
0.450000, 0.300000, -2.889083
0.500000, 0.300000, -3.059697
0.550000, 0.300000, -2.990405
0.600000, 0.300000, -2.706919
0.650000, 0.300000, -2.281716
0.700000, 0.300000, -1.818145
0.750000, 0.300000, -1.427814
0.800000, 0.300000, -1.206189
0.850000, 0.300000, -1.211722
0.900000, 0.300000, -1.453064
0.950000, 0.300000, -1.887146
1.000000, 0.300000, -2.428542
1.050000, 0.300000, -2.968093
1.100000, 0.300000, -3.396698
1.150000, 0.300000, -3.629126
1.200000, 0.300000, -3.622624
1.250000, 0.300000, -3.386281
1.300000, 0.300000, -2.979110
1.350000, 0.300000, -2.497248
1.400000, 0.300000, -2.053086
1.450000, 0.300000, -1.750854
1.500000, 0.300000, -1.664008
1.550000, 0.300000, -1.819321
1.600000, 0.300000, -2.191164
1.650000, 0.300000, -2.707219
1.700000, 0.300000, -3.264369
1.750000, 0.300000, -3.751306
1.800000, 0.300000, -4.072935
1.850000, 0.300000, -4.171238
1.900000, 0.300000, -4.038057
1.950000, 0.300000, -3.717011
2.000000, 0.300000, -3.294121
0.000000, 0.350000, -1.363771
0.050000, 0.350000, -0.889835
0.100000, 0.350000, -0.531254
0.150000, 0.350000, -0.372305
0.200000, 0.350000, -0.454863
0.250000, 0.350000, -0.769043
0.300000, 0.350000, -1.255140
0.350000, 0.350000, -1.816425
0.400000, 0.350000, -2.340028
0.450000, 0.350000, -2.721360
0.500000, 0.350000, -2.886728
0.550000, 0.350000, -2.809251
0.600000, 0.350000, -2.514575
0.650000, 0.350000, -2.075169
0.700000, 0.350000, -1.594429
0.750000, 0.350000, -1.184065
0.800000, 0.350000, -0.939701
0.850000, 0.350000, -0.920001
0.900000, 0.350000, -1.133877
0.950000, 0.350000, -1.538572
1.000000, 0.350000, -2.049017
1.050000, 0.350000, -2.556444
1.100000, 0.350000, -2.952185
1.150000, 0.350000, -3.151467
1.200000, 0.350000, -3.112014
1.250000, 0.350000, -2.843414
1.300000, 0.350000, -2.405182
1.350000, 0.350000, -1.893960
1.400000, 0.350000, -1.422635
1.450000, 0.350000, -1.095922
1.500000, 0.350000, -0.987736
1.550000, 0.350000, -1.125281
1.600000, 0.350000, -1.483326
1.650000, 0.350000, -1.989901
1.700000, 0.350000, -2.542191
1.750000, 0.350000, -3.029138
1.800000, 0.350000, -3.355832
1.850000, 0.350000, -3.464377
1.900000, 0.350000, -3.346669
1.950000, 0.350000, -3.046312
2.000000, 0.350000, -2.649239
0.000000, 0.400000, -1.097464
0.050000, 0.400000, -0.634317
0.100000, 0.400000, -0.285924
0.150000, 0.400000, -0.136054
0.200000, 0.400000, -0.226102
0.250000, 0.400000, -0.545737
0.300000, 0.400000, -1.034854
0.350000, 0.400000, -1.596377
0.400000, 0.400000, -2.117158
0.450000, 0.400000, -2.492395
0.500000, 0.400000, -2.648265
0.550000, 0.400000, -2.557834
0.600000, 0.400000, -2.246781
0.650000, 0.400000, -1.787693
0.700000, 0.400000, -1.284168
0.750000, 0.400000, -0.848199
0.800000, 0.400000, -0.575773
0.850000, 0.400000, -0.525986
0.900000, 0.400000, -0.708252
0.950000, 0.400000, -1.080365
1.000000, 0.400000, -1.557857
1.050000, 0.400000, -2.032596
1.100000, 0.400000, -2.396572
1.150000, 0.400000, -2.565678
1.200000, 0.400000, -2.498305
1.250000, 0.400000, -2.204689
1.300000, 0.400000, -1.744961
1.350000, 0.400000, -1.216341
1.400000, 0.400000, -0.732234
1.450000, 0.400000, -0.397809
1.500000, 0.400000, -0.287352
1.550000, 0.400000, -0.428357
1.600000, 0.400000, -0.795778
1.650000, 0.400000, -1.317737
1.700000, 0.400000, -1.891397
1.750000, 0.400000, -2.405567
1.800000, 0.400000, -2.765098
1.850000, 0.400000, -2.911737
1.900000, 0.400000, -2.836922
1.950000, 0.400000, -2.583690
2.000000, 0.400000, -2.237315
0.000000, 0.450000, -0.884404
0.050000, 0.450000, -0.431929
0.100000, 0.450000, -0.093451
0.150000, 0.450000, 0.047897
0.200000, 0.450000, -0.048675
0.250000, 0.450000, -0.372294
0.300000, 0.450000, -0.862383
0.350000, 0.450000, -1.421486
0.400000, 0.450000, -1.936173
0.450000, 0.450000, -2.301473
0.500000, 0.450000, -2.443509
0.550000, 0.450000, -2.335419
0.600000, 0.450000, -2.003077
0.650000, 0.450000, -1.519381
0.700000, 0.450000, -0.988362
0.750000, 0.450000, -0.522548
0.800000, 0.450000, -0.218559
0.850000, 0.450000, -0.136206
0.900000, 0.450000, -0.285677
0.950000, 0.450000, -0.625594
1.000000, 0.450000, -1.072337
1.050000, 0.450000, -1.518629
1.100000, 0.450000, -1.857298
1.150000, 0.450000, -2.005034
1.200000, 0.450000, -1.920965
1.250000, 0.450000, -1.615982
1.300000, 0.450000, -1.150771
1.350000, 0.450000, -0.622986
1.400000, 0.450000, -0.146335
1.450000, 0.450000, 0.173857
1.500000, 0.450000, 0.263300
1.550000, 0.450000, 0.094663
1.600000, 0.450000, -0.306692
1.650000, 0.450000, -0.868401
1.700000, 0.450000, -1.486990
1.750000, 0.450000, -2.050485
1.800000, 0.450000, -2.462817
1.850000, 0.450000, -2.664698
1.900000, 0.450000, -2.646430
1.950000, 0.450000, -2.449841
2.000000, 0.450000, -2.158940
0.000000, 0.500000, -0.805807
0.050000, 0.500000, -0.363872
0.100000, 0.500000, -0.035012
0.150000, 0.500000, 0.098434
0.200000, 0.500000, -0.003599
0.250000, 0.500000, -0.329595
0.300000, 0.500000, -0.818448
0.350000, 0.500000, -1.372305
0.400000, 0.500000, -1.877494
0.450000, 0.500000, -2.228960
0.500000, 0.500000, -2.352916
0.550000, 0.500000, -2.222757
0.600000, 0.500000, -1.864782
0.650000, 0.500000, -1.352477
0.700000, 0.500000, -0.790596
0.750000, 0.500000, -0.292520
0.800000, 0.500000, 0.044187
0.850000, 0.500000, 0.158695
0.900000, 0.500000, 0.039755
0.950000, 0.500000, -0.272317
1.000000, 0.500000, -0.694939
1.050000, 0.500000, -1.121810
1.100000, 0.500000, -1.446635
1.150000, 0.500000, -1.586858
1.200000, 0.500000, -1.502207
1.250000, 0.500000, -1.203988
1.300000, 0.500000, -0.753104
1.350000, 0.500000, -0.247212
1.400000, 0.500000, 0.200202
1.450000, 0.500000, 0.484265
1.500000, 0.500000, 0.531357
1.550000, 0.500000, 0.315033
1.600000, 0.500000, -0.138260
1.650000, 0.500000, -0.754906
1.700000, 0.500000, -1.430029
1.750000, 0.500000, -2.050144
1.800000, 0.500000, -2.517595
1.850000, 0.500000, -2.771478
1.900000, 0.500000, -2.800485
1.950000, 0.500000, -2.644892
2.000000, 0.500000, -2.387252
0.000000, 0.550000, -0.892627
0.050000, 0.550000, -0.461091
0.100000, 0.550000, -0.141519
0.150000, 0.550000, -0.015302
0.200000, 0.550000, -0.121638
0.250000, 0.550000, -0.448281
0.300000, 0.550000, -0.933553
0.350000, 0.550000, -1.479225
0.400000, 0.550000, -1.971460
0.450000, 0.550000, -2.305267
0.500000, 0.550000, -2.407153
0.550000, 0.550000, -2.251034
0.600000, 0.550000, -1.863939
0.650000, 0.550000, -1.320274
0.700000, 0.550000, -0.725870
0.750000, 0.550000, -0.195303
0.800000, 0.550000, 0.172589
0.850000, 0.550000, 0.315676
0.900000, 0.550000, 0.221432
0.950000, 0.550000, -0.071030
1.000000, 0.550000, -0.480211
1.050000, 0.550000, -0.900718
1.100000, 0.550000, -1.226952
1.150000, 0.550000, -1.376805
1.200000, 0.550000, -1.310174
1.250000, 0.550000, -1.038237
1.300000, 0.550000, -0.621466
1.350000, 0.550000, -0.156780
1.400000, 0.550000, 0.243365
1.450000, 0.550000, 0.475395
1.500000, 0.550000, 0.467227
1.550000, 0.550000, 0.194145
1.600000, 0.550000, -0.315531
1.650000, 0.550000, -0.986224
1.700000, 0.550000, -1.711075
1.750000, 0.550000, -2.374656
1.800000, 0.550000, -2.877476
1.850000, 0.550000, -3.156968
1.900000, 0.550000, -3.200398
1.950000, 0.550000, -3.046901
2.000000, 0.550000, -2.778234
0.000000, 0.600000, -1.113694
0.050000, 0.600000, -0.692404
0.100000, 0.600000, -0.381767
0.150000, 0.600000, -0.262047
0.200000, 0.600000, -0.371444
0.250000, 0.600000, -0.696895
0.300000, 0.600000, -1.176136
0.350000, 0.600000, -1.710618
0.400000, 0.600000, -2.186476
0.450000, 0.600000, -2.498993
0.500000, 0.600000, -2.575248
0.550000, 0.600000, -2.390008
0.600000, 0.600000, -1.971407
0.650000, 0.600000, -1.395152
0.700000, 0.600000, -0.768531
0.750000, 0.600000, -0.207660
0.800000, 0.600000, 0.187069
0.850000, 0.600000, 0.352030
0.900000, 0.600000, 0.273332
0.950000, 0.600000, -0.011076
1.000000, 0.600000, -0.420594
1.050000, 0.600000, -0.850409
1.100000, 0.600000, -1.195143
1.150000, 0.600000, -1.372518
1.200000, 0.600000, -1.341857
1.250000, 0.600000, -1.113369
1.300000, 0.600000, -0.746179
1.350000, 0.600000, -0.335518
1.400000, 0.600000, 0.008132
1.450000, 0.600000, 0.183388
1.500000, 0.600000, 0.120501
1.550000, 0.600000, -0.202861
1.600000, 0.600000, -0.756034
1.650000, 0.600000, -1.461231
1.700000, 0.600000, -2.209618
1.750000, 0.600000, -2.884105
1.800000, 0.600000, -3.383939
1.850000, 0.600000, -3.645756
1.900000, 0.600000, -3.656536
1.950000, 0.600000, -3.455677
2.000000, 0.600000, -3.125762
0.000000, 0.650000, -1.387579
0.050000, 0.650000, -0.976371
0.100000, 0.650000, -0.674288
0.150000, 0.650000, -0.560282
0.200000, 0.650000, -0.671418
0.250000, 0.650000, -0.993746
0.300000, 0.650000, -1.464432
0.350000, 0.650000, -1.984711
0.400000, 0.650000, -2.440887
0.450000, 0.650000, -2.728797
0.500000, 0.650000, -2.776442
0.550000, 0.650000, -2.559842
0.600000, 0.650000, -2.108652
0.650000, 0.650000, -1.500296
0.700000, 0.650000, -0.843882
0.750000, 0.650000, -0.257355
0.800000, 0.650000, 0.157159
0.850000, 0.650000, 0.334497
0.900000, 0.650000, 0.259521
0.950000, 0.650000, -0.030692
1.000000, 0.650000, -0.455973
1.050000, 0.650000, -0.911450
1.100000, 0.650000, -1.291173
1.150000, 0.650000, -1.511777
1.200000, 0.650000, -1.531011
1.250000, 0.650000, -1.357075
1.300000, 0.650000, -1.046721
1.350000, 0.650000, -0.692542
1.400000, 0.650000, -0.402232
1.450000, 0.650000, -0.274358
1.500000, 0.650000, -0.375956
1.550000, 0.650000, -0.726884
1.600000, 0.650000, -1.294367
1.650000, 0.650000, -1.998991
1.700000, 0.650000, -2.730868
1.750000, 0.650000, -3.372512
1.800000, 0.650000, -3.823475
1.850000, 0.650000, -4.021418
1.900000, 0.650000, -3.955057
1.950000, 0.650000, -3.666189
2.000000, 0.650000, -3.240378
0.000000, 0.700000, -1.613650
0.050000, 0.700000, -1.212353
0.100000, 0.700000, -0.918418
0.150000, 0.700000, -0.809293
0.200000, 0.700000, -0.920771
0.250000, 0.700000, -1.237971
0.300000, 0.700000, -1.697535
0.350000, 0.700000, -2.200645
0.400000, 0.700000, -2.634036
0.450000, 0.700000, -2.894451
0.500000, 0.700000, -2.911235
0.550000, 0.700000, -2.662112
0.600000, 0.700000, -2.178705
0.650000, 0.700000, -1.540556
0.700000, 0.700000, -0.858902
0.750000, 0.700000, -0.253695
0.800000, 0.700000, 0.171196
0.850000, 0.700000, 0.349252
0.900000, 0.700000, 0.264475
0.950000, 0.700000, -0.046336
1.000000, 0.700000, -0.502657
1.050000, 0.700000, -0.998612
1.100000, 0.700000, -1.426613
1.150000, 0.700000, -1.701087
1.200000, 0.700000, -1.777091
1.250000, 0.700000, -1.659777
1.300000, 0.700000, -1.402648
1.350000, 0.700000, -1.095008
1.400000, 0.700000, -0.841411
1.450000, 0.700000, -0.737604
1.500000, 0.700000, -0.848302
1.550000, 0.700000, -1.191685
1.600000, 0.700000, -1.734073
1.650000, 0.700000, -2.396002
1.700000, 0.700000, -3.068439
1.750000, 0.700000, -3.635658
1.800000, 0.700000, -3.999825
1.850000, 0.700000, -4.101980
1.900000, 0.700000, -3.934843
1.950000, 0.700000, -3.544664
2.000000, 0.700000, -3.021705
0.000000, 0.750000, -1.710464
0.050000, 0.750000, -1.318896
0.100000, 0.750000, -1.032682
0.150000, 0.750000, -0.927556
0.200000, 0.750000, -1.037917
0.250000, 0.750000, -1.347922
0.300000, 0.750000, -1.793790
0.350000, 0.750000, -2.276868
0.400000, 0.750000, -2.684654
0.450000, 0.750000, -2.915225
0.500000, 0.750000, -2.899745
0.550000, 0.750000, -2.618131
0.600000, 0.750000, -2.104420
0.650000, 0.750000, -1.440616
0.700000, 0.750000, -0.740282
0.750000, 0.750000, -0.125379
0.800000, 0.750000, 0.298698
0.850000, 0.750000, 0.464535
0.900000, 0.750000, 0.355972
0.950000, 0.750000, 0.010438
1.000000, 0.750000, -0.490109
1.050000, 0.750000, -1.037600
1.100000, 0.750000, -1.521596
1.150000, 0.750000, -1.853153
1.200000, 0.750000, -1.983638
1.250000, 0.750000, -1.914399
1.300000, 0.750000, -1.695263
1.350000, 0.750000, -1.412231
1.400000, 0.750000, -1.167146
1.450000, 0.750000, -1.053847
1.500000, 0.750000, -1.136102
1.550000, 0.750000, -1.432220
1.600000, 0.750000, -1.909774
1.650000, 0.750000, -2.491664
1.700000, 0.750000, -3.072246
1.750000, 0.750000, -3.540061
1.800000, 0.750000, -3.802212
1.850000, 0.750000, -3.805089
1.900000, 0.750000, -3.546881
1.950000, 0.750000, -3.079117
2.000000, 0.750000, -2.496832
0.000000, 0.800000, -1.646824
0.050000, 0.800000, -1.264798
0.100000, 0.800000, -0.985852
0.150000, 0.800000, -0.883800
0.200000, 0.800000, -0.991526
0.250000, 0.800000, -1.292232
0.300000, 0.800000, -1.721856
0.350000, 0.800000, -2.182195
0.400000, 0.800000, -2.561919
0.450000, 0.800000, -2.760927
0.500000, 0.800000, -2.712729
0.550000, 0.800000, -2.399931
0.600000, 0.800000, -1.859382
0.650000, 0.800000, -1.175793
0.700000, 0.800000, -0.465082
0.750000, 0.800000, 0.149007
0.800000, 0.800000, 0.560057
0.850000, 0.800000, 0.700530
0.900000, 0.800000, 0.555114
0.950000, 0.800000, 0.163060
1.000000, 0.800000, -0.390946
1.050000, 0.800000, -0.995354
1.100000, 0.800000, -1.535693
1.150000, 0.800000, -1.918707
1.200000, 0.800000, -2.091463
1.250000, 0.800000, -2.051338
1.300000, 0.800000, -1.844822
1.350000, 0.800000, -1.555491
1.400000, 0.800000, -1.283900
1.450000, 0.800000, -1.123899
1.500000, 0.800000, -1.140640
1.550000, 0.800000, -1.355170
1.600000, 0.800000, -1.739044
1.650000, 0.800000, -2.220187
1.700000, 0.800000, -2.698740
1.750000, 0.800000, -3.069441
1.800000, 0.800000, -3.245608
1.850000, 0.800000, -3.179455
1.900000, 0.800000, -2.874202
1.950000, 0.800000, -2.385245
2.000000, 0.800000, -1.810019
0.000000, 0.850000, -1.453645
0.050000, 0.850000, -1.080966
0.100000, 0.850000, -0.808815
0.150000, 0.850000, -0.708872
0.200000, 0.850000, -0.812396
0.250000, 0.850000, -1.101674
0.300000, 0.850000, -1.512567
0.350000, 0.850000, -1.947672
0.400000, 0.850000, -2.297310
0.450000, 0.850000, -2.463751
0.500000, 0.850000, -2.383399
0.550000, 0.850000, -2.042021
0.600000, 0.850000, -1.479598
0.650000, 0.850000, -0.783632
0.700000, 0.850000, -0.072203
0.750000, 0.850000, 0.529666
0.800000, 0.850000, 0.915353
0.850000, 0.850000, 1.018276
0.900000, 0.850000, 0.825261
0.950000, 0.850000, 0.378767
1.000000, 0.850000, -0.232435
1.050000, 0.850000, -0.892116
1.100000, 0.850000, -1.480885
1.150000, 0.850000, -1.900717
1.200000, 0.850000, -2.094459
1.250000, 0.850000, -2.056201
1.300000, 0.850000, -1.830405
1.350000, 0.850000, -1.500116
1.400000, 0.850000, -1.166999
1.450000, 0.850000, -0.927660
1.500000, 0.850000, -0.851547
1.550000, 0.850000, -0.965296
1.600000, 0.850000, -1.246996
1.650000, 0.850000, -1.631601
1.700000, 0.850000, -2.026278
1.750000, 0.850000, -2.332254
1.800000, 0.850000, -2.468294
1.850000, 0.850000, -2.390553
1.900000, 0.850000, -2.104321
1.950000, 0.850000, -1.664956
2.000000, 0.850000, -1.167644
0.000000, 0.900000, -1.212090
0.050000, 0.900000, -0.848558
0.100000, 0.900000, -0.582710
0.150000, 0.900000, -0.483871
0.200000, 0.900000, -0.581586
0.250000, 0.900000, -0.857306
0.300000, 0.900000, -1.247072
0.350000, 0.900000, -1.654712
0.400000, 0.900000, -1.972738
0.450000, 0.900000, -2.106385
0.500000, 0.900000, -1.995503
0.550000, 0.900000, -1.629428
0.600000, 0.900000, -1.051459
0.650000, 0.900000, -0.351771
0.700000, 0.900000, 0.349857
0.750000, 0.900000, 0.927940
0.800000, 0.900000, 1.276773
0.850000, 0.900000, 1.332098
0.900000, 0.900000, 1.084345
0.950000, 0.900000, 0.580619
1.000000, 0.900000, -0.084996
1.050000, 0.900000, -0.790734
1.100000, 0.900000, -1.411951
1.150000, 0.900000, -1.846150
1.200000, 0.900000, -2.032954
1.250000, 0.900000, -1.964858
1.300000, 0.900000, -1.686606
1.350000, 0.900000, -1.283503
1.400000, 0.900000, -0.861384
1.450000, 0.900000, -0.522693
1.500000, 0.900000, -0.343977
1.550000, 0.900000, -0.359707
1.600000, 0.900000, -0.555914
1.650000, 0.900000, -0.874935
1.700000, 0.900000, -1.230112
1.750000, 0.900000, -1.527054
1.800000, 0.900000, -1.686657
1.850000, 0.900000, -1.664663
1.900000, 0.900000, -1.463318
1.950000, 0.900000, -1.132423
2.000000, 0.900000, -0.759431
0.000000, 0.950000, -1.022515
0.050000, 0.950000, -0.667925
0.100000, 0.950000, -0.407868
0.150000, 0.950000, -0.309093
0.200000, 0.950000, -0.399361
0.250000, 0.950000, -0.659409
0.300000, 0.950000, -1.025782
0.350000, 0.950000, -1.404035
0.400000, 0.950000, -1.689480
0.450000, 0.950000, -1.790930
0.500000, 0.950000, -1.652203
0.550000, 0.950000, -1.266519
0.600000, 0.950000, -0.680496
0.650000, 0.950000, 0.013387
0.700000, 0.950000, 0.694418
0.750000, 0.950000, 1.237778
0.800000, 0.950000, 1.540091
0.850000, 0.950000, 1.540975
0.900000, 0.950000, 1.235990
0.950000, 0.950000, 0.678175
1.000000, 0.950000, -0.032207
1.050000, 0.950000, -0.767591
1.100000, 0.950000, -1.398543
1.150000, 0.950000, -1.819345
1.200000, 0.950000, -1.968413
1.250000, 0.950000, -1.839307
1.300000, 0.950000, -1.480165
1.350000, 0.950000, -0.981844
1.400000, 0.950000, -0.457489
1.450000, 0.950000, -0.018023
1.500000, 0.950000, 0.251092
1.550000, 0.950000, 0.306856
1.600000, 0.950000, 0.155924
1.650000, 0.950000, -0.149391
1.700000, 0.950000, -0.525201
1.750000, 0.950000, -0.876913
1.800000, 0.950000, -1.122108
1.850000, 0.950000, -1.210248
1.900000, 0.950000, -1.134756
1.950000, 0.950000, -0.934751
2.000000, 0.950000, -0.686035
0.000000, 1.000000, -0.966077
0.050000, 1.000000, -0.620220
0.100000, 1.000000, -0.365426
0.150000, 1.000000, -0.265645
0.200000, 1.000000, -0.346806
0.250000, 1.000000, -0.589102
0.300000, 1.000000, -0.929975
0.350000, 1.000000, -1.277276
0.400000, 1.000000, -1.529768
0.450000, 1.000000, -1.600470
0.500000, 1.000000, -1.437621
0.550000, 1.000000, -1.038497
0.600000, 1.000000, -0.452810
0.650000, 1.000000, 0.225310
0.700000, 1.000000, 0.875300
0.750000, 1.000000, 1.374435
0.800000, 1.000000, 1.623288
0.850000, 1.000000, 1.566977
0.900000, 1.000000, 1.207579
0.950000, 1.000000, 0.604997
1.000000, 1.000000, -0.134068
1.050000, 1.000000, -0.876812
1.100000, 1.000000, -1.490445
1.150000, 1.000000, -1.868298
1.200000, 1.000000, -1.950532
1.250000, 1.000000, -1.735149
1.300000, 1.000000, -1.277139
1.350000, 1.000000, -0.676056
1.400000, 1.000000, -0.054775
1.450000, 1.000000, 0.465973
1.500000, 1.000000, 0.791869
1.550000, 1.000000, 0.872993
1.600000, 1.000000, 0.711846
1.650000, 1.000000, 0.359948
1.700000, 1.000000, -0.095972
1.750000, 1.000000, -0.554946
1.800000, 1.000000, -0.925098
1.850000, 1.000000, -1.144159
1.900000, 1.000000, -1.192616
1.950000, 1.000000, -1.096695
2.000000, 1.000000, -0.920651
0.000000, 1.050000, -1.073684
0.050000, 1.050000, -0.736347
0.100000, 1.050000, -0.486271
0.150000, 1.050000, -0.384386
0.200000, 1.050000, -0.454765
0.250000, 1.050000, -0.677283
0.300000, 1.050000, -0.990743
0.350000, 1.050000, -1.305921
0.400000, 1.050000, -1.525725
0.450000, 1.050000, -1.567980
0.500000, 1.050000, -1.385709
0.550000, 1.050000, -0.980221
0.600000, 1.050000, -0.403843
0.650000, 1.050000, 0.248615
0.700000, 1.050000, 0.858128
0.750000, 1.050000, 1.305726
0.800000, 1.050000, 1.497663
0.850000, 1.050000, 1.386079
0.900000, 1.050000, 0.980623
0.950000, 1.050000, 0.348395
1.000000, 1.050000, -0.398030
1.050000, 1.050000, -1.122141
1.100000, 1.050000, -1.690244
1.150000, 1.050000, -1.997905
1.200000, 1.050000, -1.990625
1.250000, 1.050000, -1.674452
1.300000, 1.050000, -1.114363
1.350000, 1.050000, -0.420803
1.400000, 1.050000, 0.272765
1.450000, 1.050000, 0.836577
1.500000, 1.050000, 1.169977
1.550000, 1.050000, 1.220297
1.600000, 1.050000, 0.991408
1.650000, 1.050000, 0.540409
1.700000, 1.050000, -0.036583
1.750000, 1.050000, -0.626236
1.800000, 1.050000, -1.122570
1.850000, 1.050000, -1.448950
1.900000, 1.050000, -1.572825
1.950000, 1.050000, -1.510224
2.000000, 1.050000, -1.319310
0.000000, 1.100000, -1.314123
0.050000, 1.100000, -0.985093
0.100000, 1.100000, -0.739177
0.150000, 1.100000, -0.634064
0.200000, 1.100000, -0.691983
0.250000, 1.100000, -0.892773
0.300000, 1.100000, -1.177126
0.350000, 1.100000, -1.459440
0.400000, 1.100000, -1.647478
0.450000, 1.100000, -1.664425
0.500000, 1.100000, -1.468311
0.550000, 1.100000, -1.064232
0.600000, 1.100000, -0.506354
0.650000, 1.100000, 0.111115
0.700000, 1.100000, 0.672349
0.750000, 1.100000, 1.063953
0.800000, 1.100000, 1.199547
0.850000, 1.100000, 1.039532
0.900000, 1.100000, 0.601629
0.950000, 1.100000, -0.040334
1.000000, 1.100000, -0.769439
1.050000, 1.100000, -1.448021
1.100000, 1.100000, -1.944837
1.150000, 1.100000, -2.161481
1.200000, 1.100000, -2.052541
1.250000, 1.100000, -1.635265
1.300000, 1.100000, -0.986643
1.350000, 1.100000, -0.228464
1.400000, 1.100000, 0.496625
1.450000, 1.100000, 1.053147
1.500000, 1.100000, 1.339144
1.550000, 1.100000, 1.305499
1.600000, 1.100000, 0.964346
1.650000, 1.100000, 0.385002
1.700000, 1.100000, -0.321516
1.750000, 1.100000, -1.025981
1.800000, 1.100000, -1.607422
1.850000, 1.100000, -1.976992
1.900000, 1.100000, -2.094343
1.950000, 1.100000, -1.973295
2.000000, 1.100000, -1.675928
0.000000, 1.150000, -1.605934
0.050000, 1.150000, -1.284996
0.100000, 1.150000, -1.042666
0.150000, 1.150000, -0.933182
0.200000, 1.150000, -0.976971
0.250000, 1.150000, -1.154172
0.300000, 1.150000, -1.407973
0.350000, 1.150000, -1.657140
0.400000, 1.150000, -1.815003
0.450000, 1.150000, -1.810580
0.500000, 1.150000, -1.606954
0.550000, 1.150000, -1.212505
0.600000, 1.150000, -0.682148
0.650000, 1.150000, -0.107908
0.700000, 1.150000, 0.399456
0.750000, 1.150000, 0.733976
0.800000, 1.150000, 0.818113
0.850000, 1.150000, 0.621281
0.900000, 1.150000, 0.169012
0.950000, 1.150000, -0.459555
1.000000, 1.150000, -1.145712
1.050000, 1.150000, -1.754101
1.100000, 1.150000, -2.159899
1.150000, 1.150000, -2.274643
1.200000, 1.150000, -2.065247
1.250000, 1.150000, -1.562103
1.300000, 1.150000, -0.854380
1.350000, 1.150000, -0.073313
1.400000, 1.150000, 0.633249
1.450000, 1.150000, 1.129859
1.500000, 1.150000, 1.320175
1.550000, 1.150000, 1.165858
1.600000, 1.150000, 0.693846
1.650000, 1.150000, -0.009479
1.700000, 1.150000, -0.815939
1.750000, 1.150000, -1.581348
1.800000, 1.150000, -2.174093
1.850000, 1.150000, -2.500663
1.900000, 1.150000, -2.522948
1.950000, 1.150000, -2.263964
2.000000, 1.150000, -1.801082
0.000000, 1.200000, -1.848463
0.050000, 1.200000, -1.535402
0.100000, 1.200000, -1.296074
0.150000, 1.200000, -1.181059
0.200000, 1.200000, -1.209059
0.250000, 1.200000, -1.360922
0.300000, 1.200000, -1.583001
0.350000, 1.200000, -1.799218
0.400000, 1.200000, -1.929161
0.450000, 1.200000, -1.908043
0.500000, 1.200000, -1.703834
0.550000, 1.200000, -1.327404
0.600000, 1.200000, -0.833018
0.650000, 1.200000, -0.308673
0.700000, 1.200000, 0.141922
0.750000, 1.200000, 0.421961
0.800000, 1.200000, 0.463827
0.850000, 1.200000, 0.246009
0.900000, 1.200000, -0.199323
0.950000, 1.200000, -0.790154
1.000000, 1.200000, -1.409476
1.050000, 1.200000, -1.928352
1.100000, 1.200000, -2.232491
1.150000, 1.200000, -2.246778
1.200000, 1.200000, -1.952451
1.250000, 1.200000, -1.393081
1.300000, 1.200000, -0.667780
1.350000, 1.200000, 0.087259
1.400000, 1.200000, 0.725294
1.450000, 1.200000, 1.118318
1.500000, 1.200000, 1.183058
1.550000, 1.200000, 0.898312
1.600000, 1.200000, 0.309942
1.650000, 1.200000, -0.477618
1.700000, 1.200000, -1.321709
1.750000, 1.200000, -2.069538
1.800000, 1.200000, -2.588349
1.850000, 1.200000, -2.791504
1.900000, 1.200000, -2.655227
1.950000, 1.200000, -2.222643
2.000000, 1.200000, -1.594415
0.000000, 1.250000, -1.960251
0.050000, 1.250000, -1.654854
0.100000, 1.250000, -1.417934
0.150000, 1.250000, -1.296214
0.200000, 1.250000, -1.306792
0.250000, 1.250000, -1.431696
0.300000, 1.250000, -1.621180
0.350000, 1.250000, -1.805140
0.400000, 1.250000, -1.910066
0.450000, 1.250000, -1.877581
0.500000, 1.250000, -1.680136
0.550000, 1.250000, -1.329988
0.600000, 1.250000, -0.879052
0.650000, 1.250000, -0.409258
0.700000, 1.250000, -0.015286
0.750000, 1.250000, 0.216679
0.800000, 1.250000, 0.229431
0.850000, 1.250000, 0.009745
0.900000, 1.250000, -0.405749
0.950000, 1.250000, -0.935569
1.000000, 1.250000, -1.468615
1.050000, 1.250000, -1.886700
1.100000, 1.250000, -2.089736
1.150000, 1.250000, -2.018155
1.200000, 1.250000, -1.667602
1.250000, 1.250000, -1.092443
1.300000, 1.250000, -0.396913
1.350000, 1.250000, 0.284588
1.400000, 1.250000, 0.814237
1.450000, 1.250000, 1.079116
1.500000, 1.250000, 1.015202
1.550000, 1.250000, 0.621889
1.600000, 1.250000, -0.036212
1.650000, 1.250000, -0.840858
1.700000, 1.250000, -1.642991
1.750000, 1.250000, -2.292272
1.800000, 1.250000, -2.667354
1.850000, 1.250000, -2.700671
1.900000, 1.250000, -2.392606
1.950000, 1.250000, -1.812034
2.000000, 1.250000, -1.083030
0.000000, 1.300000, -1.910100
0.050000, 1.300000, -1.612153
0.100000, 1.300000, -1.377036
0.150000, 1.300000, -1.247429
0.200000, 1.300000, -1.238988
0.250000, 1.300000, -1.335455
0.300000, 1.300000, -1.491788
0.350000, 1.300000, -1.644686
0.400000, 1.300000, -1.728117
0.450000, 1.300000, -1.690148
0.500000, 1.300000, -1.507031
0.550000, 1.300000, -1.190996
0.600000, 1.300000, -0.789640
0.650000, 1.300000, -0.376683
0.700000, 1.300000, -0.035935
0.750000, 1.300000, 0.158036
0.800000, 1.300000, 0.158168
0.850000, 1.300000, -0.042237
0.900000, 1.300000, -0.405275
0.950000, 1.300000, -0.854206
1.000000, 1.300000, -1.288384
1.050000, 1.300000, -1.604390
1.100000, 1.300000, -1.718893
1.150000, 1.300000, -1.588211
1.200000, 1.300000, -1.220080
1.250000, 1.300000, -0.674691
1.300000, 1.300000, -0.054341
1.350000, 1.300000, 0.516524
1.400000, 1.300000, 0.916874
1.450000, 1.300000, 1.054977
1.500000, 1.300000, 0.889017
1.550000, 1.300000, 0.437850
1.600000, 1.300000, -0.220716
1.650000, 1.300000, -0.964146
1.700000, 1.300000, -1.649259
1.750000, 1.300000, -2.141356
1.800000, 1.300000, -2.342386
1.850000, 1.300000, -2.212224
1.900000, 1.300000, -1.778434
1.950000, 1.300000, -1.132230
2.000000, 1.300000, -0.411192
0.000000, 1.350000, -1.728926
0.050000, 1.350000, -1.438221
0.100000, 1.350000, -1.204296
0.150000, 1.350000, -1.065613
0.200000, 1.350000, -1.036597
0.250000, 1.350000, -1.103311
0.300000, 1.350000, -1.226269
0.350000, 1.350000, -1.349808
0.400000, 1.350000, -1.415840
0.450000, 1.350000, -1.378706
0.500000, 1.350000, -1.217482
0.550000, 1.350000, -0.942654
0.600000, 1.350000, -0.595322
0.650000, 1.350000, -0.238847
0.700000, 1.350000, 0.055361
0.750000, 1.350000, 0.224724
0.800000, 1.350000, 0.231156
0.850000, 1.350000, 0.071708
0.900000, 1.350000, -0.218516
0.950000, 1.350000, -0.572229
1.000000, 1.350000, -0.903644
1.050000, 1.350000, -1.127174
1.100000, 1.350000, -1.177058
1.150000, 1.350000, -1.023487
1.200000, 1.350000, -0.681385
1.250000, 1.350000, -0.209534
1.300000, 1.350000, 0.300181
1.350000, 1.350000, 0.741427
1.400000, 1.350000, 1.016148
1.450000, 1.350000, 1.056487
1.500000, 1.350000, 0.841013
1.550000, 1.350000, 0.401474
1.600000, 1.350000, -0.181786
1.650000, 1.350000, -0.795158
1.700000, 1.350000, -1.314902
1.750000, 1.350000, -1.633327
1.800000, 1.350000, -1.682471
1.850000, 1.350000, -1.450072
1.900000, 1.350000, -0.984160
1.950000, 1.350000, -0.384934
2.000000, 1.350000, 0.214725
0.000000, 1.400000, -1.497909
0.050000, 1.400000, -1.214238
0.100000, 1.400000, -0.980888
0.150000, 1.400000, -0.831938
0.200000, 1.400000, -0.780844
0.250000, 1.400000, -0.816664
0.300000, 1.400000, -0.906372
0.350000, 1.400000, -1.002748
0.400000, 1.400000, -1.055999
0.450000, 1.400000, -1.026322
0.500000, 1.400000, -0.894333
0.550000, 1.400000, -0.666774
0.600000, 1.400000, -0.375938
0.650000, 1.400000, -0.072804
0.700000, 1.400000, 0.184692
0.750000, 1.400000, 0.345544
0.800000, 1.400000, 0.378481
0.850000, 1.400000, 0.280560
0.900000, 1.400000, 0.079337
0.950000, 1.400000, -0.172139
1.000000, 1.400000, -0.406628
1.050000, 1.400000, -0.557871
1.100000, 1.400000, -0.576234
1.150000, 1.400000, -0.441191
1.200000, 1.400000, -0.167615
1.250000, 1.400000, 0.195850
1.300000, 1.400000, 0.576265
1.350000, 1.400000, 0.891883
1.400000, 1.400000, 1.070326
1.450000, 1.400000, 1.065436
1.500000, 1.400000, 0.868899
1.550000, 1.400000, 0.513816
1.600000, 1.400000, 0.069102
1.650000, 1.400000, -0.374384
1.700000, 1.400000, -0.723182
1.750000, 1.400000, -0.901912
1.800000, 1.400000, -0.870747
1.850000, 1.400000, -0.635666
1.900000, 1.400000, -0.248968
1.950000, 1.400000, 0.200416
2.000000, 1.400000, 0.605012
0.000000, 1.450000, -1.317425
0.050000, 1.450000, -1.040588
0.100000, 1.450000, -0.807188
0.150000, 1.450000, -0.646784
0.200000, 1.450000, -0.572170
0.250000, 1.450000, -0.576145
0.300000, 1.450000, -0.633084
0.350000, 1.450000, -0.704978
0.400000, 1.450000, -0.750516
0.450000, 1.450000, -0.735072
0.500000, 1.450000, -0.639214
0.550000, 1.450000, -0.463687
0.600000, 1.450000, -0.229625
0.650000, 1.450000, 0.026128
0.700000, 1.450000, 0.259556
0.750000, 1.450000, 0.429901
0.800000, 1.450000, 0.509539
0.850000, 1.450000, 0.490955
0.900000, 1.450000, 0.389086
0.950000, 1.450000, 0.238384
1.000000, 1.450000, 0.085177
1.050000, 1.450000, -0.023002
1.100000, 1.450000, -0.048655
1.150000, 1.450000, 0.026477
1.200000, 1.450000, 0.196466
1.250000, 1.450000, 0.431786
1.300000, 1.450000, 0.685425
1.350000, 1.450000, 0.903278
1.400000, 1.450000, 1.036494
1.450000, 1.450000, 1.052981
1.500000, 1.450000, 0.945387
1.550000, 1.450000, 0.733584
1.600000, 1.450000, 0.460959
1.650000, 1.450000, 0.185168
1.700000, 1.450000, -0.034681
1.750000, 1.450000, -0.151566
1.800000, 1.450000, -0.141746
1.850000, 1.450000, -0.010971
1.900000, 1.450000, 0.205831
1.950000, 1.450000, 0.451534
2.000000, 1.450000, 0.659036
0.000000, 1.500000, -1.268665
0.050000, 1.500000, -0.998465
0.100000, 1.500000, -0.764388
0.150000, 1.500000, -0.591347
0.200000, 1.500000, -0.491844
0.250000, 1.500000, -0.463222
0.300000, 1.500000, -0.488235
0.350000, 1.500000, -0.538790
0.400000, 1.500000, -0.582058
0.450000, 1.500000, -0.587626
0.500000, 1.500000, -0.534119
0.550000, 1.500000, -0.413852
0.600000, 1.500000, -0.234510
0.650000, 1.500000, -0.017468
0.700000, 1.500000, 0.206861
0.750000, 1.500000, 0.405648
0.800000, 1.500000, 0.550800
0.850000, 1.500000, 0.625071
0.900000, 1.500000, 0.625804
0.950000, 1.500000, 0.565501
1.000000, 1.500000, 0.469075
1.050000, 1.500000, 0.368401
1.100000, 1.500000, 0.295345
1.150000, 1.500000, 0.274794
1.200000, 1.500000, 0.319208
1.250000, 1.500000, 0.425873
1.300000, 1.500000, 0.577468
1.350000, 1.500000, 0.745807
1.400000, 1.500000, 0.897958
1.450000, 1.500000, 1.003389
1.500000, 1.500000, 1.040589
1.550000, 1.500000, 1.001728
1.600000, 1.500000, 0.894332
1.650000, 1.500000, 0.739607
1.700000, 1.500000, 0.567787
1.750000, 1.500000, 0.411511
1.800000, 1.500000, 0.298678
1.850000, 1.500000, 0.246332
1.900000, 1.500000, 0.256920
1.950000, 1.500000, 0.317730
2.000000, 1.500000, 0.403634
0.000000, 1.550000, -1.382574
0.050000, 1.550000, -1.118820
0.100000, 1.550000, -0.883436
0.150000, 1.550000, -0.696586
0.200000, 1.550000, -0.570900
0.250000, 1.550000, -0.509146
0.300000, 1.550000, -0.503442
0.350000, 1.550000, -0.536230
0.400000, 1.550000, -0.582957
0.450000, 1.550000, -0.616159
0.500000, 1.550000, -0.610338
0.550000, 1.550000, -0.546829
0.600000, 1.550000, -0.417766
0.650000, 1.550000, -0.228290
0.700000, 1.550000, 0.003583
0.750000, 1.550000, 0.249635
0.800000, 1.550000, 0.476376
0.850000, 1.550000, 0.651427
0.900000, 1.550000, 0.750179
0.950000, 1.550000, 0.761371
1.000000, 1.550000, 0.690304
1.050000, 1.550000, 0.558826
1.100000, 1.550000, 0.401805
1.150000, 1.550000, 0.260583
1.200000, 1.550000, 0.174568
1.250000, 1.550000, 0.172666
1.300000, 1.550000, 0.266406
1.350000, 1.550000, 0.446373
1.400000, 1.550000, 0.682981
1.450000, 1.550000, 0.931691
1.500000, 1.550000, 1.141834
1.550000, 1.550000, 1.267293
1.600000, 1.550000, 1.276815
1.650000, 1.550000, 1.161618
1.700000, 1.550000, 0.938457
1.750000, 1.550000, 0.647198
1.800000, 1.550000, 0.343138
1.850000, 1.550000, 0.085506
1.900000, 1.550000, -0.075485
1.950000, 1.550000, -0.110213
2.000000, 1.550000, -0.017185
0.000000, 1.600000, -1.627993
0.050000, 1.600000, -1.370500
0.100000, 1.600000, -1.133178
0.150000, 1.600000, -0.931358
0.200000, 1.600000, -0.778285
0.250000, 1.600000, -0.683084
0.300000, 1.600000, -0.648236
0.350000, 1.600000, -0.667224
0.400000, 1.600000, -0.723328
0.450000, 1.600000, -0.790463
0.500000, 1.600000, -0.836581
0.550000, 1.600000, -0.829455
0.600000, 1.600000, -0.743888
0.650000, 1.600000, -0.568723
0.700000, 1.600000, -0.311755
0.750000, 1.600000, -0.000869
0.800000, 1.600000, 0.319553
0.850000, 1.600000, 0.596778
0.900000, 1.600000, 0.781023
0.950000, 1.600000, 0.837489
1.000000, 1.600000, 0.756207
1.050000, 1.600000, 0.556987
1.100000, 1.600000, 0.287702
1.150000, 1.600000, 0.015621
1.200000, 1.600000, -0.186752
1.250000, 1.600000, -0.258384
1.300000, 1.600000, -0.165110
1.350000, 1.600000, 0.090164
1.400000, 1.600000, 0.465318
1.450000, 1.600000, 0.886117
1.500000, 1.600000, 1.261487
1.550000, 1.600000, 1.503865
1.600000, 1.600000, 1.550050
1.650000, 1.600000, 1.377580
1.700000, 1.600000, 1.012389
1.750000, 1.600000, 0.525414
1.800000, 1.600000, 0.018301
1.850000, 1.600000, -0.398959
1.900000, 1.600000, -0.633543
1.950000, 1.600000, -0.632531
2.000000, 1.600000, -0.397288
0.000000, 1.650000, -1.923514
0.050000, 1.650000, -1.672105
0.100000, 1.650000, -1.432213
0.150000, 1.650000, -1.214282
0.200000, 1.650000, -1.032711
0.250000, 1.650000, -0.903981
0.300000, 1.650000, -0.841917
0.350000, 1.650000, -0.851425
0.400000, 1.650000, -0.922913
0.450000, 1.650000, -1.029799
0.500000, 1.650000, -1.130853
0.550000, 1.650000, -1.177775
0.600000, 1.650000, -1.126712
0.650000, 1.650000, -0.950973
0.700000, 1.650000, -0.651310
0.750000, 1.650000, -0.260385
0.800000, 1.650000, 0.160783
0.850000, 1.650000, 0.534546
0.900000, 1.650000, 0.784375
0.950000, 1.650000, 0.854548
1.000000, 1.650000, 0.726683
1.050000, 1.650000, 0.428362
1.100000, 1.650000, 0.030732
1.150000, 1.650000, -0.365331
1.200000, 1.650000, -0.651939
1.250000, 1.650000, -0.740657
1.300000, 1.650000, -0.586166
1.350000, 1.650000, -0.200835
1.400000, 1.650000, 0.344205
1.450000, 1.650000, 0.932699
1.500000, 1.650000, 1.429136
1.550000, 1.650000, 1.711042
1.600000, 1.650000, 1.699953
1.650000, 1.650000, 1.383166
1.700000, 1.650000, 0.820298
1.750000, 1.650000, 0.132237
1.800000, 1.650000, -0.525650
1.850000, 1.650000, -1.000082
1.900000, 1.650000, -1.177543
1.950000, 1.650000, -1.013741
2.000000, 1.650000, -0.547194
0.000000, 1.700000, -2.168551
0.050000, 1.700000, -1.923056
0.100000, 1.700000, -1.679962
0.150000, 1.700000, -1.444797
0.200000, 1.700000, -1.233721
0.250000, 1.700000, -1.071617
0.300000, 1.700000, -0.984615
0.350000, 1.700000, -0.989265
0.400000, 1.700000, -1.082122
0.450000, 1.700000, -1.233937
0.500000, 1.700000, -1.391525
0.550000, 1.700000, -1.488175
0.600000, 1.700000, -1.460648
0.650000, 1.700000, -1.268399
0.700000, 1.700000, -0.909296
0.750000, 1.700000, -0.426517
0.800000, 1.700000, 0.096680
0.850000, 1.700000, 0.554320
0.900000, 1.700000, 0.843649
0.950000, 1.700000, 0.893189
1.000000, 1.700000, 0.685214
1.050000, 1.700000, 0.265821
1.100000, 1.700000, -0.261335
1.150000, 1.700000, -0.757340
1.200000, 1.700000, -1.081578
1.250000, 1.700000, -1.128339
1.300000, 1.700000, -0.856828
1.350000, 1.700000, -0.306128
1.400000, 1.700000, 0.409857
1.450000, 1.700000, 1.127302
1.500000, 1.700000, 1.671767
1.550000, 1.700000, 1.902332
1.600000, 1.700000, 1.749213
1.650000, 1.700000, 1.234749
1.700000, 1.700000, 0.471555
1.750000, 1.700000, -0.362598
1.800000, 1.700000, -1.067553
1.850000, 1.700000, -1.470754
1.900000, 1.700000, -1.471779
1.950000, 1.700000, -1.069810
2.000000, 1.700000, -0.366482
0.000000, 1.750000, -2.281717
0.050000, 1.750000, -2.041973
0.100000, 1.750000, -1.795048
0.150000, 1.750000, -1.541551
0.200000, 1.750000, -1.300072
0.250000, 1.750000, -1.104992
0.300000, 1.750000, -0.995666
0.350000, 1.750000, -1.000325
0.400000, 1.750000, -1.120406
0.450000, 1.750000, -1.321546
0.500000, 1.750000, -1.535754
0.550000, 1.750000, -1.675869
0.600000, 1.750000, -1.659249
0.650000, 1.750000, -1.434157
0.700000, 1.750000, -1.000628
0.750000, 1.750000, -0.418445
0.800000, 1.750000, 0.201866
0.850000, 1.750000, 0.724230
0.900000, 1.750000, 1.022594
0.950000, 1.750000, 1.017363
1.000000, 1.750000, 0.702126
1.050000, 1.750000, 0.152054
1.100000, 1.750000, -0.489914
1.150000, 1.750000, -1.046861
1.200000, 1.750000, -1.353521
1.250000, 1.750000, -1.301733
1.300000, 1.750000, -0.873039
1.350000, 1.750000, -0.148667
1.400000, 1.750000, 0.707014
1.450000, 1.750000, 1.486303
1.500000, 1.750000, 1.991378
1.550000, 1.750000, 2.086959
1.600000, 1.750000, 1.738125
1.650000, 1.750000, 1.022574
1.700000, 1.750000, 0.113289
1.750000, 1.750000, -0.764528
1.800000, 1.750000, -1.391263
1.850000, 1.750000, -1.610306
1.900000, 1.750000, -1.369732
1.950000, 1.750000, -0.736956
2.000000, 1.750000, 0.117816
0.000000, 1.800000, -2.231890
0.050000, 1.800000, -1.997746
0.100000, 1.800000, -1.746363
0.150000, 1.800000, -1.473463
0.200000, 1.800000, -1.200799
0.250000, 1.800000, -0.973386
0.300000, 1.800000, -0.844667
0.350000, 1.800000, -0.854390
0.400000, 1.800000, -1.007308
0.450000, 1.800000, -1.261248
0.500000, 1.800000, -1.530576
0.550000, 1.800000, -1.706060
0.600000, 1.800000, -1.686454
0.650000, 1.800000, -1.412491
0.700000, 1.800000, -0.892166
0.750000, 1.800000, -0.207967
0.800000, 1.800000, 0.498328
0.850000, 1.800000, 1.060819
0.900000, 1.800000, 1.335620
0.950000, 1.800000, 1.244797
1.000000, 1.800000, 0.804603
1.050000, 1.800000, 0.128349
1.100000, 1.800000, -0.598726
1.150000, 1.800000, -1.166978
1.200000, 1.800000, -1.399703
1.250000, 1.800000, -1.204186
1.300000, 1.800000, -0.601440
1.350000, 1.800000, 0.274818
1.400000, 1.800000, 1.210808
1.450000, 1.800000, 1.968752
1.500000, 1.800000, 2.351174
1.550000, 1.800000, 2.255528
1.600000, 1.800000, 1.703641
1.650000, 1.800000, 0.837317
1.700000, 1.800000, -0.119038
1.750000, 1.800000, -0.918634
1.800000, 1.800000, -1.358720
1.850000, 1.800000, -1.334799
1.900000, 1.800000, -0.867713
1.950000, 1.800000, -0.096361
2.000000, 1.800000, 0.761516
0.000000, 1.850000, -2.050077
0.050000, 1.850000, -1.821387
0.100000, 1.850000, -1.564922
0.150000, 1.850000, -1.271580
0.200000, 1.850000, -0.967070
0.250000, 1.850000, -0.708218
0.300000, 1.850000, -0.563331
0.350000, 1.850000, -0.583297
0.400000, 1.850000, -0.774309
0.450000, 1.850000, -1.083491
0.500000, 1.850000, -1.404820
0.550000, 1.850000, -1.605914
0.600000, 1.850000, -1.568633
0.650000, 1.850000, -1.230796
0.700000, 1.850000, -0.614683
0.750000, 1.850000, 0.168794
0.800000, 1.850000, 0.944119
0.850000, 1.850000, 1.518199
0.900000, 1.850000, 1.737252
0.950000, 1.850000, 1.536295
1.000000, 1.850000, 0.965181
1.050000, 1.850000, 0.181607
1.100000, 1.850000, -0.588657
1.150000, 1.850000, -1.113910
1.200000, 1.850000, -1.223220
1.250000, 1.850000, -0.857865
1.300000, 1.850000, -0.091640
1.350000, 1.850000, 0.886856
1.400000, 1.850000, 1.825528
1.450000, 1.850000, 2.479165
1.500000, 1.850000, 2.678466
1.550000, 1.850000, 2.377535
1.600000, 1.850000, 1.666019
1.650000, 1.850000, 0.742523
1.700000, 1.850000, -0.142600
1.750000, 1.850000, -0.758039
1.800000, 1.850000, -0.955160
1.850000, 1.850000, -0.706277
1.900000, 1.850000, -0.107288
1.950000, 1.850000, 0.654760
2.000000, 1.850000, 1.358330
0.000000, 1.900000, -1.817546
0.050000, 1.900000, -1.594174
0.100000, 1.900000, -1.332009
0.150000, 1.900000, -1.017218
0.200000, 1.900000, -0.680331
0.250000, 1.900000, -0.391179
0.300000, 1.900000, -0.233623
0.350000, 1.900000, -0.269062
0.400000, 1.900000, -0.502967
0.450000, 1.900000, -0.868696
0.500000, 1.900000, -1.237301
0.550000, 1.900000, -1.452817
0.600000, 1.900000, -1.382885
0.650000, 1.900000, -0.967908
0.700000, 1.900000, -0.251019
0.750000, 1.900000, 0.623529
0.800000, 1.900000, 1.445899
0.850000, 1.900000, 2.000957
0.900000, 1.900000, 2.135123
0.950000, 1.900000, 1.808314
1.000000, 1.900000, 1.113251
1.050000, 1.900000, 0.254259
1.100000, 1.900000, -0.509482
1.150000, 1.900000, -0.939668
1.200000, 1.900000, -0.890416
1.250000, 1.900000, -0.353274
1.300000, 1.900000, 0.538677
1.350000, 1.900000, 1.549294
1.400000, 1.900000, 2.408753
1.450000, 1.900000, 2.892494
1.500000, 1.900000, 2.885580
1.550000, 1.900000, 2.413070
1.600000, 1.900000, 1.627962
1.650000, 1.900000, 0.761588
1.700000, 1.900000, 0.052901
1.750000, 1.900000, -0.320938
1.800000, 1.900000, -0.291548
1.850000, 1.900000, 0.089239
1.900000, 1.900000, 0.674778
1.950000, 1.900000, 1.275430
2.000000, 1.900000, 1.718639
0.000000, 1.950000, -1.634771
0.050000, 1.950000, -1.416591
0.100000, 1.950000, -1.148112
0.150000, 1.950000, -0.810904
0.200000, 1.950000, -0.441240
0.250000, 1.950000, -0.123173
0.300000, 1.950000, 0.043308
0.350000, 1.950000, -0.012820
0.400000, 1.950000, -0.293850
0.450000, 1.950000, -0.716222
0.500000, 1.950000, -1.125822
0.550000, 1.950000, -1.343435
0.600000, 1.950000, -1.226142
0.650000, 1.950000, -0.723155
0.700000, 1.950000, 0.095045
0.750000, 1.950000, 1.047177
0.800000, 1.950000, 1.890741
0.850000, 1.950000, 2.396207
0.900000, 1.950000, 2.421904
0.950000, 1.950000, 1.964204
1.000000, 1.950000, 1.165056
1.050000, 1.950000, 0.272745
1.100000, 1.950000, -0.432549
1.150000, 1.950000, -0.724799
1.200000, 1.950000, -0.501948
1.250000, 1.950000, 0.183183
1.300000, 1.950000, 1.140766
1.350000, 1.950000, 2.104405
1.400000, 1.950000, 2.814021
1.450000, 1.950000, 3.094082
1.500000, 1.950000, 2.902275
1.550000, 1.950000, 2.334227
1.600000, 1.950000, 1.584859
1.650000, 1.950000, 0.881275
1.700000, 1.950000, 0.410755
1.750000, 1.950000, 0.267723
1.800000, 1.950000, 0.435689
1.850000, 1.950000, 0.807171
1.900000, 1.950000, 1.231315
1.950000, 1.950000, 1.570025
2.000000, 1.950000, 1.741910
0.000000, 2.000000, -1.583045
0.050000, 2.000000, -1.369941
0.100000, 2.000000, -1.094540
0.150000, 2.000000, -0.733986
0.200000, 2.000000, -0.331283
0.250000, 2.000000, 0.014071
0.300000, 2.000000, 0.185523
0.350000, 2.000000, 0.103578
0.400000, 2.000000, -0.228150
0.450000, 2.000000, -0.705997
0.500000, 2.000000, -1.148858
0.550000, 2.000000, -1.355443
0.600000, 2.000000, -1.176901
0.650000, 2.000000, -0.578018
0.700000, 2.000000, 0.337329
0.750000, 2.000000, 1.348788
0.800000, 2.000000, 2.185293
0.850000, 2.000000, 2.612845
0.900000, 2.000000, 2.514220
0.950000, 2.000000, 1.932245
1.000000, 2.000000, 1.060426
1.050000, 2.000000, 0.182985
1.100000, 2.000000, -0.415857
1.150000, 2.000000, -0.542591
1.200000, 2.000000, -0.154394
1.250000, 2.000000, 0.631512
1.300000, 2.000000, 1.581129
1.350000, 2.000000, 2.423390
1.400000, 2.000000, 2.937942
1.450000, 2.000000, 3.020909
1.500000, 2.000000, 2.707505
1.550000, 2.000000, 2.146581
1.600000, 2.000000, 1.539427
1.650000, 2.000000, 1.067148
1.700000, 2.000000, 0.833408
1.750000, 2.000000, 0.841820
1.800000, 2.000000, 1.012892
1.850000, 2.000000, 1.230067
1.900000, 2.000000, 1.393850
1.950000, 2.000000, 1.461235
2.000000, 2.000000, 1.455079
