0.000000, 0.000000, 1.852022
0.050000, 0.000000, 2.188234
0.100000, 0.000000, 2.393427
0.150000, 0.000000, 2.402269
0.200000, 0.000000, 2.185275
0.250000, 0.000000, 1.756041
0.300000, 0.000000, 1.169342
0.350000, 0.000000, 0.510457
0.400000, 0.000000, -0.122027
0.450000, 0.000000, -0.636259
0.500000, 0.000000, -0.965724
0.550000, 0.000000, -1.082429
0.600000, 0.000000, -1.001866
0.650000, 0.000000, -0.778739
0.700000, 0.000000, -0.494434
0.750000, 0.000000, -0.238991
0.800000, 0.000000, -0.091539
0.850000, 0.000000, -0.103437
0.900000, 0.000000, -0.287785
0.950000, 0.000000, -0.617554
1.000000, 0.000000, -1.032683
1.050000, 0.000000, -1.454527
1.100000, 0.000000, -1.804441
1.150000, 0.000000, -2.022364
1.200000, 0.000000, -2.081265
1.250000, 0.000000, -1.994248
1.300000, 0.000000, -1.812670
1.350000, 0.000000, -1.615658
1.400000, 0.000000, -1.493255
1.450000, 0.000000, -1.526846
1.500000, 0.000000, -1.771135
1.550000, 0.000000, -2.241614
1.600000, 0.000000, -2.910289
1.650000, 0.000000, -3.710646
1.700000, 0.000000, -4.550834
1.750000, 0.000000, -5.332266
1.800000, 0.000000, -5.969663
1.850000, 0.000000, -6.408249
1.900000, 0.000000, -6.634430
1.950000, 0.000000, -6.677689
2.000000, 0.000000, -6.603360
0.000000, 0.050000, 1.949407
0.050000, 0.050000, 2.235084
0.100000, 0.050000, 2.392830
0.150000, 0.050000, 2.359181
0.200000, 0.050000, 2.106250
0.250000, 0.050000, 1.648868
0.300000, 0.050000, 1.042617
0.350000, 0.050000, 0.373109
0.400000, 0.050000, -0.261229
0.450000, 0.050000, -0.769184
0.500000, 0.050000, -1.085331
0.550000, 0.050000, -1.183150
0.600000, 0.050000, -1.079913
0.650000, 0.050000, -0.832307
0.700000, 0.050000, -0.523798
0.750000, 0.050000, -0.246488
0.800000, 0.050000, -0.081435
0.850000, 0.050000, -0.081684
0.900000, 0.050000, -0.261689
0.950000, 0.050000, -0.595366
1.000000, 0.050000, -1.023136
1.050000, 0.050000, -1.466351
1.100000, 0.050000, -1.845871
1.150000, 0.050000, -2.100680
1.200000, 0.050000, -2.202384
1.250000, 0.050000, -2.162388
1.300000, 0.050000, -2.030112
1.350000, 0.050000, -1.882611
1.400000, 0.050000, -1.807838
1.450000, 0.050000, -1.885183
1.500000, 0.050000, -2.167560
1.550000, 0.050000, -2.668979
1.600000, 0.050000, -3.360347
1.650000, 0.050000, -4.174501
1.700000, 0.050000, -5.019420
1.750000, 0.050000, -5.796840
1.800000, 0.050000, -6.422280
1.850000, 0.050000, -6.842190
1.900000, 0.050000, -7.044563
1.950000, 0.050000, -7.060742
2.000000, 0.050000, -6.958094
0.000000, 0.100000, 2.251895
0.050000, 0.100000, 2.490125
0.100000, 0.100000, 2.605408
0.150000, 0.100000, 2.535913
0.200000, 0.100000, 2.255024
0.250000, 0.100000, 1.778410
0.300000, 0.100000, 1.162020
0.350000, 0.100000, 0.491342
0.400000, 0.100000, -0.135806
0.450000, 0.100000, -0.629268
0.500000, 0.100000, -0.925061
0.550000, 0.100000, -0.998414
0.600000, 0.100000, -0.868553
0.650000, 0.100000, -0.594218
0.700000, 0.100000, -0.260908
0.750000, 0.100000, 0.037371
0.800000, 0.100000, 0.217901
0.850000, 0.100000, 0.226306
0.900000, 0.100000, 0.047210
0.950000, 0.100000, -0.293768
1.000000, 0.100000, -0.737022
1.050000, 0.100000, -1.203393
1.100000, 0.100000, -1.612771
1.150000, 0.100000, -1.902761
1.200000, 0.100000, -2.043260
1.250000, 0.100000, -2.043722
1.300000, 0.100000, -1.951488
1.350000, 0.100000, -1.841516
1.400000, 0.100000, -1.799756
1.450000, 0.100000, -1.903808
1.500000, 0.100000, -2.205102
1.550000, 0.100000, -2.716547
1.600000, 0.100000, -3.408406
1.650000, 0.100000, -4.213349
1.700000, 0.100000, -5.039685
1.750000, 0.100000, -5.789957
1.800000, 0.100000, -6.380918
1.850000, 0.100000, -6.760619
1.900000, 0.100000, -6.918927
1.950000, 0.100000, -6.889235
2.000000, 0.100000, -6.741013
0.000000, 0.150000, 2.612741
0.050000, 0.150000, 2.808480
0.100000, 0.150000, 2.887917
0.150000, 0.150000, 2.790561
0.200000, 0.150000, 2.490702
0.250000, 0.150000, 2.004441
0.300000, 0.150000, 1.387668
0.350000, 0.150000, 0.725320
0.400000, 0.150000, 0.114219
0.450000, 0.150000, -0.356869
0.500000, 0.150000, -0.625659
0.550000, 0.150000, -0.669290
0.600000, 0.150000, -0.508999
0.650000, 0.150000, -0.205528
0.700000, 0.150000, 0.153752
0.750000, 0.150000, 0.473196
0.800000, 0.150000, 0.668770
0.850000, 0.150000, 0.685187
0.900000, 0.150000, 0.506608
0.950000, 0.150000, 0.158674
1.000000, 0.150000, -0.298511
1.050000, 0.150000, -0.784835
1.100000, 0.150000, -1.218838
1.150000, 0.150000, -1.536448
1.200000, 0.150000, -1.705653
1.250000, 0.150000, -1.733877
1.300000, 0.150000, -1.666417
1.350000, 0.150000, -1.576293
1.400000, 0.150000, -1.547733
1.450000, 0.150000, -1.656926
1.500000, 0.150000, -1.954283
1.550000, 0.150000, -2.452156
1.600000, 0.150000, -3.120731
1.650000, 0.150000, -3.893105
1.700000, 0.150000, -4.678495
1.750000, 0.150000, -5.380781
1.800000, 0.150000, -5.918426
1.850000, 0.150000, -6.241464
1.900000, 0.150000, -6.341922
1.950000, 0.150000, -6.255412
2.000000, 0.150000, -6.053570
0.000000, 0.200000, 2.851696
0.050000, 0.200000, 3.011497
0.100000, 0.200000, 3.062976
0.150000, 0.200000, 2.946650
0.200000, 0.200000, 2.637341
0.250000, 0.200000, 2.151185
0.300000, 0.200000, 1.543610
0.350000, 0.200000, 0.898638
0.400000, 0.200000, 0.311772
0.450000, 0.200000, -0.129860
0.500000, 0.200000, -0.365836
0.550000, 0.200000, -0.375272
0.600000, 0.200000, -0.181385
0.650000, 0.200000, 0.153215
0.700000, 0.200000, 0.539507
0.750000, 0.200000, 0.880505
0.800000, 0.200000, 1.091221
0.850000, 0.200000, 1.115845
0.900000, 0.200000, 0.938486
0.950000, 0.200000, 0.585193
1.000000, 0.200000, 0.116916
1.050000, 0.200000, -0.385001
1.100000, 0.200000, -0.837553
1.150000, 0.200000, -1.174904
1.200000, 0.200000, -1.363167
1.250000, 0.200000, -1.407883
1.300000, 0.200000, -1.352582
1.350000, 0.200000, -1.268739
1.400000, 0.200000, -1.239347
1.450000, 0.200000, -1.339759
1.500000, 0.200000, -1.620005
1.550000, 0.200000, -2.092536
1.600000, 0.200000, -2.728138
1.650000, 0.200000, -3.460976
1.700000, 0.200000, -4.201757
1.750000, 0.200000, -4.856212
1.800000, 0.200000, -5.344913
1.850000, 0.200000, -5.620164
1.900000, 0.200000, -5.676305
1.950000, 0.200000, -5.551185
2.000000, 0.200000, -5.318489
0.000000, 0.250000, 2.825470
0.050000, 0.250000, 2.957124
0.100000, 0.250000, 2.989371
0.150000, 0.250000, 2.863398
0.200000, 0.250000, 2.554193
0.250000, 0.250000, 2.077555
0.300000, 0.250000, 1.488102
0.350000, 0.250000, 0.868629
0.400000, 0.250000, 0.313071
0.450000, 0.250000, -0.093259
0.500000, 0.250000, -0.291892
0.550000, 0.250000, -0.263929
0.600000, 0.250000, -0.034488
0.650000, 0.250000, 0.332113
0.700000, 0.250000, 0.745422
0.750000, 0.250000, 1.107380
0.800000, 0.250000, 1.332339
0.850000, 0.250000, 1.364268
0.900000, 0.250000, 1.187496
0.950000, 0.250000, 0.828713
1.000000, 0.250000, 0.349881
1.050000, 0.250000, -0.166341
1.100000, 0.250000, -0.635424
1.150000, 0.250000, -0.989889
1.200000, 0.250000, -1.194205
1.250000, 0.250000, -1.252371
1.300000, 0.250000, -1.206579
1.350000, 0.250000, -1.127261
1.400000, 0.250000, -1.096744
1.450000, 0.250000, -1.190131
1.500000, 0.250000, -1.457660
1.550000, 0.250000, -1.912445
1.600000, 0.250000, -2.526360
1.650000, 0.250000, -3.235044
1.700000, 0.250000, -3.950984
1.750000, 0.250000, -4.581903
1.800000, 0.250000, -5.050478
1.850000, 0.250000, -5.311106
1.900000, 0.250000, -5.360099
1.950000, 0.250000, -5.237039
2.000000, 0.250000, -5.017002
0.000000, 0.300000, 2.484603
0.050000, 0.300000, 2.596704
0.100000, 0.300000, 2.618812
0.150000, 0.300000, 2.492456
0.200000, 0.300000, 2.192450
0.250000, 0.300000, 1.733933
0.300000, 0.300000, 1.170422
0.350000, 0.300000, 0.583238
0.400000, 0.300000, 0.064560
0.450000, 0.300000, -0.302235
0.500000, 0.300000, -0.460684
0.550000, 0.300000, -0.393855
0.600000, 0.300000, -0.128686
0.650000, 0.300000, 0.268924
0.700000, 0.300000, 0.707259
0.750000, 0.300000, 1.087378
0.800000, 0.300000, 1.323158
0.850000, 0.300000, 1.358520
0.900000, 0.300000, 1.178148
0.950000, 0.300000, 0.809457
1.000000, 0.300000, 0.315441
1.050000, 0.300000, -0.219980
1.100000, 0.300000, -0.710874
1.150000, 0.300000, -1.088322
1.200000, 0.300000, -1.315406
1.250000, 0.300000, -1.394892
1.300000, 0.300000, -1.367973
1.350000, 0.300000, -1.304386
1.400000, 0.300000, -1.286112
1.450000, 0.300000, -1.388285
1.500000, 0.300000, -1.661553
1.550000, 0.300000, -2.119791
1.600000, 0.300000, -2.735941
1.650000, 0.300000, -3.446946
1.700000, 0.300000, -4.166749
1.750000, 0.300000, -4.804581
1.800000, 0.300000, -5.284575
1.850000, 0.300000, -5.562428
1.900000, 0.300000, -5.635491
1.950000, 0.300000, -5.544042
2.000000, 0.300000, -5.363434
0.000000, 0.350000, 1.894888
0.050000, 0.350000, 1.996366
0.100000, 0.350000, 2.017304
0.150000, 0.350000, 1.899278
0.200000, 0.350000, 1.616648
0.250000, 0.350000, 1.183630
0.300000, 0.350000, 0.652408
0.350000, 0.350000, 0.102640
0.400000, 0.350000, -0.375390
0.450000, 0.350000, -0.700335
0.500000, 0.350000, -0.817782
0.550000, 0.350000, -0.712763
0.600000, 0.350000, -0.413997
0.650000, 0.350000, 0.011105
0.700000, 0.350000, 0.469656
0.750000, 0.350000, 0.861926
0.800000, 0.350000, 1.101414
0.850000, 0.350000, 1.132072
0.900000, 0.350000, 0.939006
0.950000, 0.350000, 0.550394
1.000000, 0.350000, 0.030277
1.050000, 0.350000, -0.536169
1.100000, 0.350000, -1.061633
1.150000, 0.350000, -1.475781
1.200000, 0.350000, -1.740328
1.250000, 0.350000, -1.856799
1.300000, 0.350000, -1.865343
1.350000, 0.350000, -1.834895
1.400000, 0.350000, -1.846910
1.450000, 0.350000, -1.976290
1.500000, 0.350000, -2.273720
1.550000, 0.350000, -2.753369
1.600000, 0.350000, -3.388672
1.650000, 0.350000, -4.117207
1.700000, 0.350000, -4.853619
1.750000, 0.350000, -5.507836
1.800000, 0.350000, -6.004597
1.850000, 0.350000, -6.300051
1.900000, 0.350000, -6.391778
1.950000, 0.350000, -6.320019
2.000000, 0.350000, -6.159795
0.000000, 0.400000, 1.215046
0.050000, 0.400000, 1.314671
0.100000, 0.400000, 1.342799
0.150000, 0.400000, 1.240820
0.200000, 0.400000, 0.982425
0.250000, 0.400000, 0.580714
0.300000, 0.400000, 0.086372
0.350000, 0.400000, -0.422748
0.400000, 0.400000, -0.858378
0.450000, 0.400000, -1.141287
0.500000, 0.400000, -1.219179
0.550000, 0.400000, -1.079092
0.600000, 0.400000, -0.751542
0.650000, 0.400000, -0.305447
0.700000, 0.400000, 0.165160
0.750000, 0.400000, 0.559813
0.800000, 0.400000, 0.791710
0.850000, 0.400000, 0.804941
0.900000, 0.400000, 0.585169
0.950000, 0.400000, 0.161513
1.000000, 0.400000, -0.400718
1.050000, 0.400000, -1.014826
1.100000, 0.400000, -1.591798
1.150000, 0.400000, -2.059506
1.200000, 0.400000, -2.377859
1.250000, 0.400000, -2.546650
1.300000, 0.400000, -2.604433
1.350000, 0.400000, -2.618751
1.400000, 0.400000, -2.669911
1.450000, 0.400000, -2.831938
1.500000, 0.400000, -3.154931
1.550000, 0.400000, -3.652749
1.600000, 0.400000, -4.298787
1.650000, 0.400000, -5.030812
1.700000, 0.400000, -5.763854
1.750000, 0.400000, -6.408374
1.800000, 0.400000, -6.889745
1.850000, 0.400000, -7.164808
1.900000, 0.400000, -7.231845
1.950000, 0.400000, -7.131782
2.000000, 0.400000, -6.940281
0.000000, 0.450000, 0.639003
0.050000, 0.450000, 0.744904
0.100000, 0.450000, 0.787525
0.150000, 0.450000, 0.707920
0.200000, 0.450000, 0.478980
0.250000, 0.450000, 0.112573
0.300000, 0.450000, -0.342234
0.350000, 0.450000, -0.809504
0.400000, 0.450000, -1.203099
0.450000, 0.450000, -1.446021
0.500000, 0.450000, -1.488196
0.550000, 0.450000, -1.318763
0.600000, 0.450000, -0.970104
0.650000, 0.450000, -0.512669
0.700000, 0.450000, -0.041604
0.750000, 0.450000, 0.341991
0.800000, 0.450000, 0.551204
0.850000, 0.450000, 0.530556
0.900000, 0.450000, 0.266666
0.950000, 0.450000, -0.209893
1.000000, 0.450000, -0.831929
1.050000, 0.450000, -1.510506
1.100000, 0.450000, -2.154117
1.150000, 0.450000, -2.687993
1.200000, 0.450000, -3.069377
1.250000, 0.450000, -3.295481
1.300000, 0.450000, -3.402484
1.350000, 0.450000, -3.455864
1.400000, 0.450000, -3.534263
1.450000, 0.450000, -3.710519
1.500000, 0.450000, -4.034068
1.550000, 0.450000, -4.518668
1.600000, 0.450000, -5.138173
1.650000, 0.450000, -5.831357
1.700000, 0.450000, -6.514759
1.750000, 0.450000, -7.100794
1.800000, 0.450000, -7.517151
1.850000, 0.450000, -7.723252
1.900000, 0.450000, -7.720132
1.950000, 0.450000, -7.551524
2.000000, 0.450000, -7.295845
0.000000, 0.500000, 0.324666
0.050000, 0.500000, 0.443885
0.100000, 0.500000, 0.506860
0.150000, 0.500000, 0.454258
0.200000, 0.500000, 0.258133
0.250000, 0.500000, -0.070932
0.300000, 0.500000, -0.485554
0.350000, 0.500000, -0.911823
0.400000, 0.500000, -1.265863
0.450000, 0.500000, -1.473068
0.500000, 0.500000, -1.485748
0.550000, 0.500000, -1.295274
0.600000, 0.500000, -0.935970
0.650000, 0.500000, -0.479803
0.700000, 0.500000, -0.022892
0.750000, 0.500000, 0.333324
0.800000, 0.500000, 0.502290
0.850000, 0.500000, 0.429600
0.900000, 0.500000, 0.103656
0.950000, 0.500000, -0.442548
1.000000, 0.500000, -1.138848
1.050000, 0.500000, -1.892919
1.100000, 0.500000, -2.609617
1.150000, 0.500000, -3.210468
1.200000, 0.500000, -3.649142
1.250000, 0.500000, -3.919611
1.300000, 0.500000, -4.055337
1.350000, 0.500000, -4.119771
1.400000, 0.500000, -4.190368
1.450000, 0.500000, -4.339703
1.500000, 0.500000, -4.617943
1.550000, 0.500000, -5.040563
1.600000, 0.500000, -5.584071
1.650000, 0.500000, -6.190729
1.700000, 0.500000, -6.781247
1.750000, 0.500000, -7.272692
1.800000, 0.500000, -7.597670
1.850000, 0.500000, -7.720526
1.900000, 0.500000, -7.646971
1.950000, 0.500000, -7.424911
2.000000, 0.500000, -7.136199
0.000000, 0.550000, 0.336256
0.050000, 0.550000, 0.474360
0.100000, 0.550000, 0.561802
0.150000, 0.550000, 0.538922
0.200000, 0.550000, 0.376991
0.250000, 0.550000, 0.085325
0.300000, 0.550000, -0.290431
0.350000, 0.550000, -0.678509
0.400000, 0.550000, -0.997481
0.450000, 0.550000, -1.175340
0.500000, 0.550000, -1.166979
0.550000, 0.550000, -0.966137
0.600000, 0.550000, -0.609093
0.650000, 0.550000, -0.169168
0.700000, 0.550000, 0.256925
0.750000, 0.550000, 0.568038
0.800000, 0.550000, 0.678852
0.850000, 0.550000, 0.537152
0.900000, 0.550000, 0.134411
0.950000, 0.550000, -0.492548
1.000000, 0.550000, -1.269176
1.050000, 0.550000, -2.098456
1.100000, 0.550000, -2.880532
1.150000, 0.550000, -3.532512
1.200000, 0.550000, -4.004245
1.250000, 0.550000, -4.286777
1.300000, 0.550000, -4.411781
1.350000, 0.550000, -4.442247
1.400000, 0.550000, -4.456596
1.450000, 0.550000, -4.529830
1.500000, 0.550000, -4.715916
1.550000, 0.550000, -5.035335
1.600000, 0.550000, -5.470554
1.650000, 0.550000, -5.970401
1.700000, 0.550000, -6.462383
1.750000, 0.550000, -6.870164
1.800000, 0.550000, -7.132318
1.850000, 0.550000, -7.218127
1.900000, 0.550000, -7.136844
1.950000, 0.550000, -6.938242
2.000000, 0.550000, -6.704177
0.000000, 0.600000, 0.622053
0.050000, 0.600000, 0.782833
0.100000, 0.600000, 0.896898
0.150000, 0.600000, 0.904448
0.200000, 0.600000, 0.776113
0.250000, 0.600000, 0.520002
0.300000, 0.600000, 0.179973
0.350000, 0.600000, -0.174509
0.400000, 0.600000, -0.464696
0.450000, 0.600000, -0.621447
0.500000, 0.600000, -0.602441
0.550000, 0.600000, -0.403858
0.600000, 0.600000, -0.063790
0.650000, 0.600000, 0.343518
0.700000, 0.600000, 0.721510
0.750000, 0.600000, 0.970404
0.800000, 0.600000, 1.007483
0.850000, 0.600000, 0.784290
0.900000, 0.600000, 0.297029
0.950000, 0.600000, -0.412063
1.000000, 0.600000, -1.262710
1.050000, 0.600000, -2.152284
1.100000, 0.600000, -2.975879
1.150000, 0.600000, -3.646560
1.200000, 0.600000, -4.111525
1.250000, 0.600000, -4.360870
1.300000, 0.600000, -4.427203
1.350000, 0.600000, -4.376387
1.400000, 0.600000, -4.291557
1.450000, 0.600000, -4.254018
1.500000, 0.600000, -4.325239
1.550000, 0.600000, -4.533906
1.600000, 0.600000, -4.870805
1.650000, 0.600000, -5.292582
1.700000, 0.600000, -5.733445
1.750000, 0.600000, -6.122090
1.800000, 0.600000, -6.400004
1.850000, 0.600000, -6.536952
1.900000, 0.600000, -6.540107
1.950000, 0.600000, -6.454652
2.000000, 0.600000, -6.355592
0.000000, 0.650000, 1.035960
0.050000, 0.650000, 1.221219
0.100000, 0.650000, 1.362013
0.150000, 0.650000, 1.398699
0.200000, 0.650000, 1.301494
0.250000, 0.650000, 1.077383
0.300000, 0.650000, 0.768362
0.350000, 0.650000, 0.441374
0.400000, 0.650000, 0.172179
0.450000, 0.650000, 0.026769
0.500000, 0.650000, 0.044507
0.550000, 0.650000, 0.226847
0.600000, 0.650000, 0.534299
0.650000, 0.650000, 0.892496
0.700000, 0.650000, 1.206254
0.750000, 0.650000, 1.378720
0.800000, 0.650000, 1.331577
0.850000, 0.650000, 1.021985
0.900000, 0.650000, 0.452577
0.950000, 0.650000, -0.327694
1.000000, 0.650000, -1.232149
1.050000, 0.650000, -2.152689
1.100000, 0.650000, -2.980455
1.150000, 0.650000, -3.626552
1.200000, 0.650000, -4.038545
1.250000, 0.650000, -4.209347
1.300000, 0.650000, -4.176746
1.350000, 0.650000, -4.013835
1.400000, 0.650000, -3.812507
1.450000, 0.650000, -3.663657
1.500000, 0.650000, -3.638382
1.550000, 0.650000, -3.774180
1.600000, 0.650000, -4.069021
1.650000, 0.650000, -4.484410
1.700000, 0.650000, -4.956562
1.750000, 0.650000, -5.413040
1.800000, 0.650000, -5.791044
1.850000, 0.650000, -6.053164
1.900000, 0.650000, -6.197040
1.950000, 0.650000, -6.256731
2.000000, 0.650000, -6.295448
0.000000, 0.700000, 1.394518
0.050000, 0.700000, 1.603981
0.100000, 0.700000, 1.769576
0.150000, 0.700000, 1.832232
0.200000, 0.700000, 1.762038
0.250000, 0.700000, 1.564944
0.300000, 0.700000, 1.280950
0.350000, 0.700000, 0.974177
0.400000, 0.700000, 0.717039
0.450000, 0.700000, 0.572087
0.500000, 0.700000, 0.575670
0.550000, 0.700000, 0.727193
0.600000, 0.700000, 0.986544
0.650000, 0.700000, 1.280507
0.700000, 0.700000, 1.516968
0.750000, 0.700000, 1.603984
0.800000, 0.700000, 1.469668
0.850000, 0.700000, 1.078590
0.900000, 0.700000, 0.441059
0.950000, 0.700000, -0.386834
1.000000, 0.700000, -1.312641
1.050000, 0.700000, -2.224599
1.100000, 0.700000, -3.012848
1.150000, 0.700000, -3.590471
1.200000, 0.700000, -3.909986
1.250000, 0.700000, -3.971923
1.300000, 0.700000, -3.823721
1.350000, 0.700000, -3.549280
1.400000, 0.700000, -3.251405
1.450000, 0.700000, -3.030894
1.500000, 0.700000, -2.966677
1.550000, 0.700000, -3.101128
1.600000, 0.700000, -3.433525
1.650000, 0.700000, -3.922852
1.700000, 0.700000, -4.499103
1.750000, 0.700000, -5.080462
1.800000, 0.700000, -5.592461
1.850000, 0.700000, -5.984882
1.900000, 0.700000, -6.242725
1.950000, 0.700000, -6.388886
2.000000, 0.700000, -6.478095
0.000000, 0.750000, 1.547553
0.050000, 0.750000, 1.778882
0.100000, 0.750000, 1.965446
0.150000, 0.750000, 2.049267
0.200000, 0.750000, 2.000628
0.250000, 0.750000, 1.824495
0.300000, 0.750000, 1.558661
0.350000, 0.750000, 1.264039
0.400000, 0.750000, 1.009284
0.450000, 0.750000, 0.853273
0.500000, 0.750000, 0.829478
0.550000, 0.750000, 0.935897
0.600000, 0.750000, 1.133028
0.650000, 0.750000, 1.350564
0.700000, 0.750000, 1.501576
0.750000, 0.750000, 1.501222
0.800000, 0.750000, 1.285955
0.850000, 0.750000, 0.828993
0.900000, 0.750000, 0.148543
0.950000, 0.750000, -0.693228
1.000000, 0.750000, -1.600534
1.050000, 0.750000, -2.461656
1.100000, 0.750000, -3.170423
1.150000, 0.750000, -3.647065
1.200000, 0.750000, -3.854076
1.250000, 0.750000, -3.803771
1.300000, 0.750000, -3.555877
1.350000, 0.750000, -3.205652
1.400000, 0.750000, -2.864932
1.450000, 0.750000, -2.640059
1.500000, 0.750000, -2.611228
1.550000, 0.750000, -2.817505
1.600000, 0.750000, -3.250545
1.650000, 0.750000, -3.858197
1.700000, 0.750000, -4.557067
1.750000, 0.750000, -5.251269
1.800000, 0.750000, -5.853300
1.850000, 0.750000, -6.302565
1.900000, 0.750000, -6.577690
1.950000, 0.750000, -6.700078
2.000000, 0.750000, -6.728136
0.000000, 0.800000, 1.435419
0.050000, 0.800000, 1.684349
0.100000, 0.800000, 1.886391
0.150000, 0.800000, 1.985256
0.200000, 0.800000, 1.951758
0.250000, 0.800000, 1.789867
0.300000, 0.800000, 1.534856
0.350000, 0.800000, 1.243941
0.400000, 0.800000, 0.981595
0.450000, 0.800000, 0.802901
0.500000, 0.800000, 0.738858
0.550000, 0.800000, 0.787126
0.600000, 0.800000, 0.910522
0.650000, 0.800000, 1.043836
0.700000, 0.800000, 1.107674
0.750000, 0.800000, 1.026369
0.800000, 0.800000, 0.746031
0.850000, 0.800000, 0.248662
0.900000, 0.800000, -0.440987
0.950000, 0.800000, -1.257594
1.000000, 0.800000, -2.106358
1.050000, 0.800000, -2.880889
1.100000, 0.800000, -3.484265
1.150000, 0.800000, -3.848881
1.200000, 0.800000, -3.950820
1.250000, 0.800000, -3.815621
1.300000, 0.800000, -3.514059
1.350000, 0.800000, -3.148643
1.400000, 0.800000, -2.833539
1.450000, 0.800000, -2.671998
1.500000, 0.800000, -2.735970
1.550000, 0.800000, -3.052125
1.600000, 0.800000, -3.597214
1.650000, 0.800000, -4.303715
1.700000, 0.800000, -5.074596
1.750000, 0.800000, -5.804072
1.800000, 0.800000, -6.400015
1.850000, 0.800000, -6.803312
1.900000, 0.800000, -7.000125
1.950000, 0.800000, -7.024536
2.000000, 0.800000, -6.951055
0.000000, 0.850000, 1.110996
0.050000, 0.850000, 1.371575
0.100000, 0.850000, 1.582271
0.150000, 0.850000, 1.689147
0.200000, 0.850000, 1.663857
0.250000, 0.850000, 1.509271
0.300000, 0.850000, 1.257692
0.350000, 0.850000, 0.962074
0.400000, 0.850000, 0.682300
0.450000, 0.850000, 0.469727
0.500000, 0.850000, 0.353643
0.550000, 0.850000, 0.332900
0.600000, 0.850000, 0.374803
0.650000, 0.850000, 0.421718
0.700000, 0.850000, 0.404070
0.750000, 0.850000, 0.256882
0.800000, 0.850000, -0.063864
0.850000, 0.850000, -0.568846
0.900000, 0.850000, -1.230008
0.950000, 0.850000, -1.983664
1.000000, 0.850000, -2.741753
1.050000, 0.850000, -3.409058
1.100000, 0.850000, -3.902832
1.150000, 0.850000, -4.170605
1.200000, 0.850000, -4.202260
1.250000, 0.850000, -4.033576
1.300000, 0.850000, -3.740255
1.350000, 0.850000, -3.423448
1.400000, 0.850000, -3.189674
1.450000, 0.850000, -3.129277
1.500000, 0.850000, -3.297963
1.550000, 0.850000, -3.705381
1.600000, 0.850000, -4.313254
1.650000, 0.850000, -5.043593
1.700000, 0.850000, -5.795366
1.750000, 0.850000, -6.466168
1.800000, 0.850000, -6.974360
1.850000, 0.850000, -7.276947
1.900000, 0.850000, -7.379377
1.950000, 0.850000, -7.335058
2.000000, 0.850000, -7.234602
0.000000, 0.900000, 0.718067
0.050000, 0.900000, 0.982989
0.100000, 0.900000, 1.194593
0.150000, 0.900000, 1.301987
0.200000, 0.900000, 1.277916
0.250000, 0.900000, 1.123917
0.300000, 0.900000, 0.868738
0.350000, 0.900000, 0.560426
0.400000, 0.900000, 0.253947
0.450000, 0.900000, -0.002744
0.500000, 0.900000, -0.180883
0.550000, 0.900000, -0.278422
0.600000, 0.900000, -0.321039
0.650000, 0.900000, -0.356271
0.700000, 0.900000, -0.442041
0.750000, 0.900000, -0.632149
0.800000, 0.900000, -0.962094
0.850000, 0.900000, -1.438589
0.900000, 0.900000, -2.035373
0.950000, 0.900000, -2.696528
1.000000, 0.900000, -3.346847
1.050000, 0.900000, -3.907153
1.100000, 0.900000, -4.311294
1.150000, 0.900000, -4.521059
1.200000, 0.900000, -4.535613
1.250000, 0.900000, -4.393173
1.300000, 0.900000, -4.164327
1.350000, 0.900000, -3.938213
1.400000, 0.900000, -3.804389
1.450000, 0.900000, -3.834251
1.500000, 0.900000, -4.066040
1.550000, 0.900000, -4.496766
1.600000, 0.900000, -5.082942
1.650000, 0.900000, -5.750135
1.700000, 0.900000, -6.409391
1.750000, 0.900000, -6.977060
1.800000, 0.900000, -7.393728
1.850000, 0.900000, -7.638091
1.900000, 0.900000, -7.732603
1.950000, 0.900000, -7.739487
2.000000, 0.900000, -7.747782
0.000000, 0.950000, 0.434425
0.050000, 0.950000, 0.695440
0.100000, 0.950000, 0.899743
0.150000, 0.950000, 1.000181
0.200000, 0.950000, 0.970752
0.250000, 0.950000, 0.811263
0.300000, 0.950000, 0.546176
0.350000, 0.950000, 0.217942
0.400000, 0.950000, -0.123581
0.450000, 0.950000, -0.433175
0.500000, 0.950000, -0.680959
0.550000, 0.950000, -0.859253
0.600000, 0.950000, -0.984002
0.650000, 0.950000, -1.090414
0.700000, 0.950000, -1.223807
0.750000, 0.950000, -1.427793
0.800000, 0.950000, -1.732573
0.850000, 0.950000, -2.146117
0.900000, 0.950000, -2.650400
0.950000, 0.950000, -3.203699
1.000000, 0.950000, -3.748615
1.050000, 0.950000, -4.224109
1.100000, 0.950000, -4.578929
1.150000, 0.950000, -4.783384
1.200000, 0.950000, -4.836780
1.250000, 0.950000, -4.768711
1.300000, 0.950000, -4.633778
1.350000, 0.950000, -4.500776
1.400000, 0.950000, -4.438632
1.450000, 0.950000, -4.502160
1.500000, 0.950000, -4.720784
1.550000, 0.950000, -5.092755
1.600000, 0.950000, -5.586203
1.650000, 0.950000, -6.146850
1.700000, 0.950000, -6.710710
1.750000, 0.950000, -7.218962
1.800000, 0.950000, -7.631669
1.850000, 0.950000, -7.937200
1.900000, 0.950000, -8.155162
1.950000, 0.950000, -8.332065
2.000000, 0.950000, -8.530583
0.000000, 1.000000, 0.401546
0.050000, 1.000000, 0.649919
0.100000, 1.000000, 0.838738
0.150000, 1.000000, 0.925246
0.200000, 1.000000, 0.884724
0.250000, 1.000000, 0.714681
0.300000, 1.000000, 0.434409
0.350000, 1.000000, 0.080075
0.400000, 1.000000, -0.303562
0.450000, 1.000000, -0.672962
0.500000, 1.000000, -0.995009
0.550000, 1.000000, -1.253631
0.600000, 1.000000, -1.452400
0.650000, 1.000000, -1.612620
0.700000, 1.000000, -1.767365
0.750000, 1.000000, -1.952849
0.800000, 1.000000, -2.199088
0.850000, 1.000000, -2.521957
0.900000, 1.000000, -2.918470
0.950000, 1.000000, -3.366365
1.000000, 1.000000, -3.828155
1.050000, 1.000000, -4.258794
1.100000, 1.000000, -4.615330
1.150000, 1.000000, -4.866435
1.200000, 1.000000, -4.999740
1.250000, 1.000000, -5.025330
1.300000, 1.000000, -4.974615
1.350000, 1.000000, -4.894742
1.400000, 1.000000, -4.839716
1.450000, 1.000000, -4.860073
1.500000, 1.000000, -4.993281
1.550000, 1.000000, -5.256895
1.600000, 1.000000, -5.645862
1.650000, 1.000000, -6.134523
1.700000, 1.000000, -6.682808
1.750000, 1.000000, -7.245260
1.800000, 1.000000, -7.780879
1.850000, 1.000000, -8.261676
1.900000, 1.000000, -8.678057
1.950000, 1.000000, -9.039937
2.000000, 1.000000, -9.373373
0.000000, 1.050000, 0.667817
0.050000, 1.050000, 0.894819
0.100000, 1.050000, 1.060482
0.150000, 1.050000, 1.127036
0.200000, 1.050000, 1.070922
0.250000, 1.050000, 0.886573
0.300000, 1.050000, 0.587103
0.350000, 1.050000, 0.201743
0.400000, 1.050000, -0.229556
0.450000, 1.050000, -0.663424
0.500000, 1.050000, -1.060966
0.550000, 1.050000, -1.394796
0.600000, 1.050000, -1.653859
0.650000, 1.050000, -1.845045
0.700000, 1.050000, -1.991207
0.750000, 1.050000, -2.125856
0.800000, 1.050000, -2.285503
0.850000, 1.050000, -2.501147
0.900000, 1.050000, -2.790661
0.950000, 1.050000, -3.153745
1.000000, 1.050000, -3.570679
1.050000, 1.050000, -4.005360
1.100000, 1.050000, -4.412241
1.150000, 1.050000, -4.745910
1.200000, 1.050000, -4.971401
1.250000, 1.050000, -5.073034
1.300000, 1.050000, -5.059761
1.350000, 1.050000, -4.965635
1.400000, 1.050000, -4.844956
1.450000, 1.050000, -4.762828
1.500000, 1.050000, -4.782846
1.550000, 1.050000, -4.954417
1.600000, 1.050000, -5.302383
1.650000, 1.050000, -5.821288
1.700000, 1.050000, -6.475735
1.750000, 1.050000, -7.206986
1.800000, 1.050000, -7.944647
1.850000, 1.050000, -8.621069
1.900000, 1.050000, -9.185433
1.950000, 1.050000, -9.614420
2.000000, 1.050000, -9.917013
0.000000, 1.100000, 1.167171
0.050000, 1.100000, 1.364567
0.100000, 1.100000, 1.500372
0.150000, 1.100000, 1.542301
0.200000, 1.100000, 1.467638
0.250000, 1.100000, 1.266759
0.300000, 1.100000, 0.945478
0.350000, 1.100000, 0.525548
0.400000, 1.100000, 0.042740
0.450000, 1.100000, -0.457766
0.500000, 1.100000, -0.928395
0.550000, 1.100000, -1.327605
0.600000, 1.100000, -1.628187
0.650000, 1.100000, -1.823543
0.700000, 1.100000, -1.930188
0.750000, 1.100000, -1.985355
0.800000, 1.100000, -2.039612
0.850000, 1.100000, -2.145653
0.900000, 1.100000, -2.345533
0.950000, 1.100000, -2.659296
1.000000, 1.100000, -3.077947
1.050000, 1.100000, -3.562972
1.100000, 1.100000, -4.053186
1.150000, 1.100000, -4.477913
1.200000, 1.100000, -4.773853
1.250000, 1.100000, -4.901786
1.300000, 1.100000, -4.858965
1.350000, 1.100000, -4.683792
1.400000, 1.100000, -4.450968
1.450000, 1.100000, -4.257559
1.500000, 1.100000, -4.202666
1.550000, 1.100000, -4.365139
1.600000, 1.100000, -4.784582
1.650000, 1.100000, -5.450359
1.700000, 1.100000, -6.301707
1.750000, 1.100000, -7.239479
1.800000, 1.100000, -8.147276
1.850000, 1.100000, -8.917342
1.900000, 1.100000, -9.475241
1.950000, 1.100000, -9.797358
2.000000, 1.100000, -9.916818
0.000000, 1.150000, 1.741431
0.050000, 1.150000, 1.901941
0.100000, 1.150000, 2.002565
0.150000, 1.150000, 2.016874
0.200000, 1.150000, 1.922469
0.250000, 1.150000, 1.704475
0.300000, 1.150000, 1.360212
0.350000, 1.150000, 0.903582
0.400000, 1.150000, 0.367215
0.450000, 1.150000, -0.199460
0.500000, 1.150000, -0.737064
0.550000, 1.150000, -1.187402
0.600000, 1.150000, -1.506685
0.650000, 1.150000, -1.677457
0.700000, 1.150000, -1.715629
0.750000, 1.150000, -1.669814
0.800000, 1.150000, -1.612045
0.850000, 1.150000, -1.621244
0.900000, 1.150000, -1.763117
0.950000, 1.150000, -2.071569
1.000000, 1.150000, -2.536870
1.050000, 1.150000, -3.104459
1.100000, 1.150000, -3.685730
1.150000, 1.150000, -4.178931
1.200000, 1.150000, -4.495431
1.250000, 1.150000, -4.584734
1.300000, 1.150000, -4.451498
1.350000, 1.150000, -4.159437
1.400000, 1.150000, -3.820194
1.450000, 1.150000, -3.569122
1.500000, 1.150000, -3.533463
1.550000, 1.150000, -3.800759
1.600000, 1.150000, -4.395608
1.650000, 1.150000, -5.271090
1.700000, 1.150000, -6.317651
1.750000, 1.150000, -7.387788
1.800000, 1.150000, -8.330771
1.850000, 1.150000, -9.028865
1.900000, 1.150000, -9.425911
1.950000, 1.150000, -9.540891
2.000000, 1.150000, -9.462810
0.000000, 1.200000, 2.198001
0.050000, 1.200000, 2.315709
0.100000, 1.200000, 2.377538
0.150000, 1.200000, 2.363141
0.200000, 1.200000, 2.249679
0.250000, 1.200000, 2.015632
0.300000, 1.200000, 1.648600
0.350000, 1.200000, 1.154508
0.400000, 1.200000, 0.564335
0.450000, 1.200000, -0.065371
0.500000, 1.200000, -0.660265
0.550000, 1.200000, -1.143663
0.600000, 1.200000, -1.456178
0.650000, 1.200000, -1.573978
0.700000, 1.200000, -1.519672
0.750000, 1.200000, -1.361353
0.800000, 1.200000, -1.198512
0.850000, 1.200000, -1.137426
0.900000, 1.200000, -1.262198
0.950000, 1.200000, -1.609493
1.000000, 1.200000, -2.154702
1.050000, 1.200000, -2.814478
1.100000, 1.200000, -3.466198
1.150000, 1.200000, -3.979958
1.200000, 1.200000, -4.254828
1.250000, 1.200000, -4.249337
1.300000, 1.200000, -3.997280
1.350000, 1.200000, -3.603657
1.400000, 1.200000, -3.220931
1.450000, 1.200000, -3.011345
1.500000, 1.200000, -3.105122
1.550000, 1.200000, -3.565824
1.600000, 1.200000, -4.372429
1.650000, 1.200000, -5.423299
1.700000, 1.200000, -6.561255
1.750000, 1.200000, -7.613208
1.800000, 1.200000, -8.433778
1.850000, 1.200000, -8.941258
1.900000, 1.200000, -9.136403
1.950000, 1.200000, -9.099269
2.000000, 1.200000, -8.965363
0.000000, 1.250000, 2.381014
0.050000, 1.250000, 2.451700
0.100000, 1.250000, 2.473071
0.150000, 1.250000, 2.430912
0.200000, 1.250000, 2.300958
0.250000, 1.250000, 2.053462
0.300000, 1.250000, 1.665109
0.350000, 1.250000, 1.134032
0.400000, 1.250000, 0.491539
0.450000, 1.250000, -0.195480
0.500000, 1.250000, -0.834739
0.550000, 1.250000, -1.330199
0.600000, 1.250000, -1.609527
0.650000, 1.250000, -1.648784
0.700000, 1.250000, -1.485613
0.750000, 1.250000, -1.215052
0.800000, 1.250000, -0.967318
0.850000, 1.250000, -0.872747
0.900000, 1.250000, -1.023762
0.950000, 1.250000, -1.445429
1.000000, 1.250000, -2.084297
1.050000, 1.250000, -2.820115
1.100000, 1.250000, -3.498136
1.150000, 1.250000, -3.973267
1.200000, 1.250000, -4.153341
1.250000, 1.250000, -4.028542
1.300000, 1.250000, -3.677827
1.350000, 1.250000, -3.249889
1.400000, 1.250000, -2.923717
1.450000, 1.250000, -2.860001
1.500000, 1.250000, -3.157356
1.550000, 1.250000, -3.825942
1.600000, 1.250000, -4.785856
1.650000, 1.250000, -5.890343
1.700000, 1.250000, -6.966598
1.750000, 1.250000, -7.862028
1.800000, 1.250000, -8.482653
1.850000, 1.250000, -8.813160
1.900000, 1.250000, -8.913969
1.950000, 1.250000, -8.897681
2.000000, 1.250000, -8.893135
0.000000, 1.300000, 2.228892
0.050000, 1.300000, 2.250276
0.100000, 1.300000, 2.231605
0.150000, 1.300000, 2.164672
0.200000, 1.300000, 2.022558
0.250000, 1.300000, 1.765553
0.300000, 1.300000, 1.358327
0.350000, 1.300000, 0.791788
0.400000, 1.300000, 0.100055
0.450000, 1.300000, -0.636184
0.500000, 1.300000, -1.304165
0.550000, 1.300000, -1.788904
0.600000, 1.300000, -2.009561
0.650000, 1.300000, -1.949884
0.700000, 1.300000, -1.671112
0.750000, 1.300000, -1.300860
0.800000, 1.300000, -0.999456
0.850000, 1.300000, -0.913126
0.900000, 1.300000, -1.128618
0.950000, 1.300000, -1.644196
1.000000, 1.300000, -2.367282
1.050000, 1.300000, -3.140543
1.100000, 1.300000, -3.789016
1.150000, 1.300000, -4.173731
1.200000, 1.300000, -4.234985
1.250000, 1.300000, -4.011528
1.300000, 1.300000, -3.629655
1.350000, 1.300000, -3.265824
1.400000, 1.300000, -3.094803
1.450000, 1.300000, -3.239713
1.500000, 1.300000, -3.739255
1.550000, 1.300000, -4.541398
1.600000, 1.300000, -5.524027
1.650000, 1.300000, -6.534429
1.700000, 1.300000, -7.434040
1.750000, 1.300000, -8.134151
1.800000, 1.300000, -8.612377
1.850000, 1.300000, -8.906894
1.900000, 1.300000, -9.093126
1.950000, 1.300000, -9.253008
2.000000, 1.300000, -9.448333
0.000000, 1.350000, 1.796447
0.050000, 1.350000, 1.768320
0.100000, 1.350000, 1.712121
0.150000, 1.350000, 1.625339
0.200000, 1.350000, 1.476945
0.250000, 1.350000, 1.215414
0.300000, 1.350000, 0.792458
0.350000, 1.350000, 0.192779
0.400000, 1.350000, -0.543720
0.450000, 1.350000, -1.319021
0.500000, 1.350000, -1.998057
0.550000, 1.350000, -2.448826
0.600000, 1.350000, -2.588201
0.650000, 1.350000, -2.416430
0.700000, 1.350000, -2.026128
0.750000, 1.350000, -1.580091
0.800000, 1.350000, -1.263496
0.850000, 1.350000, -1.225776
0.900000, 1.350000, -1.531960
0.950000, 1.350000, -2.140651
1.000000, 1.350000, -2.916866
1.050000, 1.350000, -3.675873
1.100000, 1.350000, -4.243299
1.150000, 1.350000, -4.511126
1.200000, 1.350000, -4.470819
1.250000, 1.350000, -4.213046
1.300000, 1.350000, -3.895280
1.350000, 1.350000, -3.689586
1.400000, 1.350000, -3.729171
1.450000, 1.350000, -4.071696
1.500000, 1.350000, -4.690301
1.550000, 1.350000, -5.492780
1.600000, 1.350000, -6.359263
1.650000, 1.350000, -7.182990
1.700000, 1.350000, -7.899151
1.750000, 1.350000, -8.492872
1.800000, 1.350000, -8.986523
1.850000, 1.350000, -9.414868
1.900000, 1.350000, -9.800836
1.950000, 1.350000, -10.143290
2.000000, 1.350000, -10.421983
0.000000, 1.400000, 1.233155
0.050000, 1.400000, 1.157398
0.100000, 1.400000, 1.068185
0.150000, 1.400000, 0.968204
0.200000, 1.400000, 0.820642
0.250000, 1.400000, 0.560237
0.300000, 1.400000, 0.125038
0.350000, 1.400000, -0.504931
0.400000, 1.400000, -1.280575
0.450000, 1.400000, -2.083115
0.500000, 1.400000, -2.754347
0.550000, 1.400000, -3.148870
0.600000, 1.400000, -3.189066
0.650000, 1.400000, -2.900797
0.700000, 1.400000, -2.413947
0.750000, 1.400000, -1.925066
0.800000, 1.400000, -1.634087
0.850000, 1.400000, -1.677697
0.900000, 1.400000, -2.083830
0.950000, 1.400000, -2.764201
1.000000, 1.400000, -3.547535
1.050000, 1.400000, -4.240890
1.100000, 1.400000, -4.696169
1.150000, 1.400000, -4.857579
1.200000, 1.400000, -4.773788
1.250000, 1.400000, -4.572569
1.300000, 1.400000, -4.409954
1.350000, 1.400000, -4.414865
1.400000, 1.400000, -4.650352
1.450000, 1.400000, -5.104341
1.500000, 1.400000, -5.709884
1.550000, 1.400000, -6.382838
1.600000, 1.400000, -7.058723
1.650000, 1.400000, -7.712495
1.700000, 1.400000, -8.354059
1.750000, 1.400000, -9.004119
1.800000, 1.400000, -9.664357
1.850000, 1.400000, -10.298553
1.900000, 1.400000, -10.836108
1.950000, 1.400000, -11.198660
2.000000, 1.400000, -11.339039
0.000000, 1.450000, 0.725947
0.050000, 1.450000, 0.606437
0.100000, 1.450000, 0.490516
0.150000, 1.450000, 0.385395
0.200000, 1.450000, 0.246613
0.250000, 1.450000, -0.006767
0.300000, 1.450000, -0.450753
0.350000, 1.450000, -1.107927
0.400000, 1.450000, -1.916218
0.450000, 1.450000, -2.732987
0.500000, 1.450000, -3.377299
0.550000, 1.450000, -3.695721
0.600000, 1.450000, -3.625143
0.650000, 1.450000, -3.225563
0.700000, 1.450000, -2.667052
0.750000, 1.450000, -2.173810
0.800000, 1.450000, -1.946163
0.850000, 1.450000, -2.090916
0.900000, 1.450000, -2.587309
0.950000, 1.450000, -3.301346
1.000000, 1.450000, -4.041508
1.050000, 1.450000, -4.632378
1.100000, 1.450000, -4.976378
1.150000, 1.450000, -5.080123
1.200000, 1.450000, -5.037818
1.250000, 1.450000, -4.982470
1.300000, 1.450000, -5.028481
1.350000, 1.450000, -5.231007
1.400000, 1.450000, -5.577958
1.450000, 1.450000, -6.014437
1.500000, 1.450000, -6.484216
1.550000, 1.450000, -6.965561
1.600000, 1.450000, -7.482561
1.650000, 1.450000, -8.085975
1.700000, 1.450000, -8.813463
1.750000, 1.450000, -9.650185
1.800000, 1.450000, -10.511829
1.850000, 1.450000, -11.262368
1.900000, 1.450000, -11.762563
1.950000, 1.450000, -11.929900
2.000000, 1.450000, -11.783458
0.000000, 1.500000, 0.428376
0.050000, 1.500000, 0.270777
0.100000, 1.500000, 0.135940
0.150000, 1.500000, 0.034755
0.200000, 1.500000, -0.086915
0.250000, 1.500000, -0.327579
0.300000, 1.500000, -0.777303
0.350000, 1.500000, -1.458641
0.400000, 1.500000, -2.292493
0.450000, 1.500000, -3.109819
0.500000, 1.500000, -3.708822
0.550000, 1.500000, -3.935089
0.600000, 1.500000, -3.749647
0.650000, 1.500000, -3.253571
0.700000, 1.500000, -2.656118
0.750000, 1.500000, -2.198262
0.800000, 1.500000, -2.063418
0.850000, 1.500000, -2.312885
0.900000, 1.500000, -2.872381
0.950000, 1.500000, -3.573253
1.000000, 1.500000, -4.227999
1.050000, 1.500000, -4.705679
1.100000, 1.500000, -4.974767
1.150000, 1.500000, -5.097746
1.200000, 1.500000, -5.184878
1.250000, 1.500000, -5.333108
1.300000, 1.500000, -5.581305
1.350000, 1.500000, -5.902895
1.400000, 1.500000, -6.236783
1.450000, 1.500000, -6.537499
1.500000, 1.500000, -6.815558
1.550000, 1.500000, -7.144146
1.600000, 1.500000, -7.625786
1.650000, 1.500000, -8.333979
1.700000, 1.500000, -9.259178
1.750000, 1.500000, -10.288518
1.800000, 1.500000, -11.233907
1.850000, 1.500000, -11.900278
1.900000, 1.500000, -12.165758
1.950000, 1.500000, -12.038078
2.000000, 1.500000, -11.660597
0.000000, 1.550000, 0.403180
0.050000, 1.550000, 0.214641
0.100000, 1.550000, 0.069777
0.150000, 1.550000, -0.017835
0.200000, 1.550000, -0.114164
0.250000, 1.550000, -0.337081
0.300000, 1.550000, -0.790258
0.350000, 1.550000, -1.493006
0.400000, 1.550000, -2.345029
0.450000, 1.550000, -3.149136
0.500000, 1.550000, -3.686159
0.550000, 1.550000, -3.809226
0.600000, 1.550000, -3.513032
0.650000, 1.550000, -2.944086
0.700000, 1.550000, -2.345287
0.750000, 1.550000, -1.959255
0.800000, 1.550000, -1.934290
0.850000, 1.550000, -2.275020
0.900000, 1.550000, -2.857824
0.950000, 1.550000, -3.499941
1.000000, 1.550000, -4.046330
1.050000, 1.550000, -4.431967
1.100000, 1.550000, -4.691958
1.150000, 1.550000, -4.919760
1.200000, 1.550000, -5.200298
1.250000, 1.550000, -5.556410
1.300000, 1.550000, -5.938166
1.350000, 1.550000, -6.260091
1.400000, 1.550000, -6.464455
1.450000, 1.550000, -6.573561
1.500000, 1.550000, -6.698863
1.550000, 1.550000, -6.997151
1.600000, 1.550000, -7.592670
1.650000, 1.550000, -8.503797
1.700000, 1.550000, -9.613216
1.750000, 1.550000, -10.700739
1.800000, 1.550000, -11.527459
1.850000, 1.550000, -11.934127
1.900000, 1.550000, -11.908504
1.950000, 1.550000, -11.590337
2.000000, 1.550000, -11.211811
0.000000, 1.600000, 0.600122
0.050000, 1.600000, 0.388889
0.100000, 1.600000, 0.243536
0.150000, 1.600000, 0.179207
0.200000, 1.600000, 0.115851
0.250000, 1.600000, -0.085379
0.300000, 1.600000, -0.540792
0.350000, 1.600000, -1.262693
0.400000, 1.600000, -2.125450
0.450000, 1.600000, -2.903024
0.500000, 1.600000, -3.364051
0.550000, 1.600000, -3.378828
0.600000, 1.600000, -2.984314
0.650000, 1.600000, -2.373310
0.700000, 1.600000, -1.812067
0.750000, 1.600000, -1.526679
0.800000, 1.600000, -1.613762
0.850000, 1.600000, -2.017276
0.900000, 1.600000, -2.578383
0.950000, 1.600000, -3.127772
1.000000, 1.600000, -3.569681
1.050000, 1.600000, -3.914316
1.100000, 1.600000, -4.245783
1.150000, 1.600000, -4.648992
1.200000, 1.600000, -5.141285
1.250000, 1.600000, -5.650708
1.300000, 1.600000, -6.055178
1.350000, 1.600000, -6.260957
1.400000, 1.600000, -6.274722
1.450000, 1.600000, -6.224944
1.500000, 1.600000, -6.314886
1.550000, 1.600000, -6.727053
1.600000, 1.600000, -7.527005
1.650000, 1.600000, -8.617410
1.700000, 1.600000, -9.768925
1.750000, 1.600000, -10.715462
1.800000, 1.600000, -11.268178
1.850000, 1.600000, -11.392814
1.900000, 1.600000, -11.213869
1.950000, 1.600000, -10.946648
2.000000, 1.600000, -10.794389
0.000000, 1.650000, 0.877459
0.050000, 1.650000, 0.652431
0.100000, 1.650000, 0.516288
0.150000, 1.650000, 0.484527
0.200000, 1.650000, 0.460708
0.250000, 1.650000, 0.283632
0.300000, 1.650000, -0.174102
0.350000, 1.650000, -0.913533
0.400000, 1.650000, -1.779780
0.450000, 1.650000, -2.518513
0.500000, 1.650000, -2.893014
0.550000, 1.650000, -2.800980
0.600000, 1.650000, -2.328396
0.650000, 1.650000, -1.711005
0.700000, 1.650000, -1.223699
0.750000, 1.650000, -1.056636
0.800000, 1.650000, -1.242569
0.850000, 1.650000, -1.669921
0.900000, 1.650000, -2.167881
0.950000, 1.650000, -2.610725
1.000000, 1.650000, -2.980646
1.050000, 1.650000, -3.355527
1.100000, 1.650000, -3.833865
1.150000, 1.650000, -4.446779
1.200000, 1.650000, -5.114460
1.250000, 1.650000, -5.677500
1.300000, 1.650000, -5.987885
1.350000, 1.650000, -6.006989
1.400000, 1.650000, -5.850800
1.450000, 1.650000, -5.750664
1.500000, 1.650000, -5.945384
1.550000, 1.650000, -6.560485
1.600000, 1.650000, -7.539715
1.650000, 1.650000, -8.666746
1.700000, 1.650000, -9.666397
1.750000, 1.650000, -10.331882
1.800000, 1.650000, -10.611474
1.850000, 1.650000, -10.611772
1.900000, 1.650000, -10.521600
1.950000, 1.650000, -10.503831
2.000000, 1.650000, -10.617696
0.000000, 1.700000, 1.058728
0.050000, 1.700000, 0.828968
0.100000, 1.700000, 0.711408
0.150000, 1.700000, 0.720595
0.200000, 1.700000, 0.741384
0.250000, 1.700000, 0.589149
0.300000, 1.700000, 0.127552
0.350000, 1.700000, -0.628488
0.400000, 1.700000, -1.491365
0.450000, 1.700000, -2.180459
0.500000, 1.700000, -2.462075
0.550000, 1.700000, -2.271505
0.600000, 1.700000, -1.747802
0.650000, 1.700000, -1.161699
0.700000, 1.700000, -0.778493
0.750000, 1.700000, -0.734049
0.800000, 1.700000, -0.991992
0.850000, 1.700000, -1.400236
0.900000, 1.700000, -1.805681
0.950000, 1.700000, -2.153127
1.000000, 1.700000, -2.507475
1.050000, 1.700000, -2.988517
1.100000, 1.700000, -3.663757
1.150000, 1.700000, -4.471883
1.200000, 1.700000, -5.230960
1.250000, 1.700000, -5.732298
1.300000, 1.700000, -5.866040
1.350000, 1.700000, -5.701694
1.400000, 1.700000, -5.470908
1.450000, 1.700000, -5.456694
1.500000, 1.700000, -5.849127
1.550000, 1.700000, -6.648447
1.600000, 1.700000, -7.669773
1.650000, 1.700000, -8.644940
1.700000, 1.700000, -9.361455
1.750000, 1.700000, -9.759106
1.800000, 1.700000, -9.932542
1.850000, 1.700000, -10.045841
1.900000, 1.700000, -10.217423
1.950000, 1.700000, -10.449146
2.000000, 1.700000, -10.643074
0.000000, 1.750000, 1.002997
0.050000, 1.750000, 0.777249
0.100000, 1.750000, 0.686838
0.150000, 1.750000, 0.744009
0.200000, 1.750000, 0.812630
0.250000, 1.750000, 0.683930
0.300000, 1.750000, 0.215421
0.350000, 1.750000, -0.557004
0.400000, 1.750000, -1.410184
0.450000, 1.750000, -2.040793
0.500000, 1.750000, -2.227820
0.550000, 1.750000, -1.953586
0.600000, 1.750000, -1.410747
0.650000, 1.750000, -0.892477
0.700000, 1.750000, -0.634152
0.750000, 1.750000, -0.702551
0.800000, 1.750000, -0.995767
0.850000, 1.750000, -1.345338
0.900000, 1.750000, -1.647648
0.950000, 1.750000, -1.935679
1.000000, 1.750000, -2.344226
1.050000, 1.750000, -2.994067
1.100000, 1.750000, -3.875828
1.150000, 1.750000, -4.816320
1.200000, 1.750000, -5.557212
1.250000, 1.750000, -5.902027
1.300000, 1.750000, -5.840450
1.350000, 1.750000, -5.569714
1.400000, 1.750000, -5.395267
1.450000, 1.750000, -5.567715
1.500000, 1.750000, -6.152767
1.550000, 1.750000, -7.010270
1.600000, 1.750000, -7.890609
1.650000, 1.750000, -8.584724
1.700000, 1.750000, -9.033405
1.750000, 1.750000, -9.331073
1.800000, 1.750000, -9.629243
1.850000, 1.750000, -10.009871
1.900000, 1.750000, -10.416859
1.950000, 1.750000, -10.693840
2.000000, 1.750000, -10.704369
0.000000, 1.800000, 0.661604
0.050000, 1.800000, 0.447813
0.100000, 1.800000, 0.391881
0.150000, 1.800000, 0.502369
0.200000, 1.800000, 0.619934
0.250000, 1.800000, 0.511360
0.300000, 1.800000, 0.031432
0.350000, 1.800000, -0.757760
0.400000, 1.800000, -1.595551
0.450000, 1.800000, -2.161145
0.500000, 1.800000, -2.256792
0.550000, 1.800000, -1.919735
0.600000, 1.800000, -1.392656
0.650000, 1.800000, -0.974476
0.700000, 1.800000, -0.850146
0.750000, 1.800000, -1.008576
0.800000, 1.800000, -1.295706
0.850000, 1.800000, -1.557525
0.900000, 1.800000, -1.768312
0.950000, 1.800000, -2.052382
1.000000, 1.800000, -2.583841
1.050000, 1.800000, -3.435723
1.100000, 1.800000, -4.487620
1.150000, 1.800000, -5.463298
1.200000, 1.800000, -6.081777
1.250000, 1.800000, -6.226648
1.300000, 1.800000, -6.022671
1.350000, 1.800000, -5.767360
1.400000, 1.800000, -5.759499
1.450000, 1.800000, -6.133355
1.500000, 1.800000, -6.802151
1.550000, 1.800000, -7.540986
1.600000, 1.800000, -8.147321
1.650000, 1.800000, -8.568312
1.700000, 1.800000, -8.910837
1.750000, 1.800000, -9.333238
1.800000, 1.800000, -9.900287
1.850000, 1.800000, -10.508418
1.900000, 1.800000, -10.939315
1.950000, 1.800000, -11.009981
2.000000, 1.800000, -10.718049
0.000000, 1.850000, 0.099546
0.050000, 1.850000, -0.095569
0.100000, 1.850000, -0.111292
0.150000, 1.850000, 0.055859
0.200000, 1.850000, 0.221210
0.250000, 1.850000, 0.127259
0.300000, 1.850000, -0.369894
0.350000, 1.850000, -1.176686
0.400000, 1.850000, -1.994086
0.450000, 1.850000, -2.490718
0.500000, 1.850000, -2.503121
0.550000, 1.850000, -2.129016
0.600000, 1.850000, -1.653076
0.650000, 1.850000, -1.360068
0.700000, 1.850000, -1.366039
0.750000, 1.850000, -1.581314
0.800000, 1.850000, -1.822475
0.850000, 1.850000, -1.983584
0.900000, 1.850000, -2.136148
0.950000, 1.850000, -2.481385
1.000000, 1.850000, -3.188110
1.050000, 1.850000, -4.235617
1.100000, 1.850000, -5.381159
1.150000, 1.850000, -6.284864
1.200000, 1.850000, -6.712730
1.250000, 1.850000, -6.680627
1.300000, 1.850000, -6.440660
1.350000, 1.850000, -6.319178
1.400000, 1.850000, -6.517168
1.450000, 1.850000, -7.007367
1.500000, 1.850000, -7.591993
1.550000, 1.850000, -8.071125
1.600000, 1.850000, -8.395429
1.650000, 1.850000, -8.692081
1.700000, 1.850000, -9.147607
1.750000, 1.850000, -9.837339
1.800000, 1.850000, -10.631890
1.850000, 1.850000, -11.256760
1.900000, 1.850000, -11.470540
1.950000, 1.850000, -11.239421
2.000000, 1.850000, -10.783981
0.000000, 1.900000, -0.526817
0.050000, 1.900000, -0.698124
0.100000, 1.900000, -0.669783
0.150000, 1.900000, -0.444781
0.200000, 1.900000, -0.235113
0.250000, 1.900000, -0.321916
0.300000, 1.900000, -0.843139
0.350000, 1.900000, -1.668596
0.400000, 1.900000, -2.461306
0.450000, 1.900000, -2.887781
0.500000, 1.900000, -2.829748
0.550000, 1.900000, -2.447915
0.600000, 1.900000, -2.056413
0.650000, 1.900000, -1.904127
0.700000, 1.900000, -2.024064
0.750000, 1.900000, -2.256621
0.800000, 1.900000, -2.419470
0.850000, 1.900000, -2.486197
0.900000, 1.900000, -2.630841
0.950000, 1.900000, -3.099529
1.000000, 1.900000, -4.004673
1.050000, 1.900000, -5.200164
1.100000, 1.900000, -6.339240
1.150000, 1.900000, -7.082092
1.200000, 1.900000, -7.308057
1.250000, 1.900000, -7.181618
1.300000, 1.900000, -7.027075
1.350000, 1.900000, -7.105328
1.400000, 1.900000, -7.454905
1.450000, 1.900000, -7.907744
1.500000, 1.900000, -8.257655
1.550000, 1.900000, -8.445685
1.600000, 1.900000, -8.616667
1.650000, 1.900000, -9.002092
1.700000, 1.900000, -9.719372
1.750000, 1.900000, -10.644509
1.800000, 1.900000, -11.462969
1.850000, 1.900000, -11.870722
1.900000, 1.900000, -11.783300
1.950000, 1.900000, -11.401305
2.000000, 1.900000, -11.083747
0.000000, 1.950000, -1.027345
0.050000, 1.950000, -1.171572
0.100000, 1.950000, -1.097359
0.150000, 1.950000, -0.815540
0.200000, 1.950000, -0.567262
0.250000, 1.950000, -0.656124
0.300000, 1.950000, -1.208958
0.350000, 1.950000, -2.054105
0.400000, 1.950000, -2.818511
0.450000, 1.950000, -3.176441
0.500000, 1.950000, -3.064957
0.550000, 1.950000, -2.706581
0.600000, 1.950000, -2.428227
0.650000, 1.950000, -2.421086
0.700000, 1.950000, -2.627493
0.750000, 1.950000, -2.836277
0.800000, 1.950000, -2.901149
0.850000, 1.950000, -2.899146
0.900000, 1.950000, -3.094994
0.950000, 1.950000, -3.733700
1.000000, 1.950000, -4.823821
1.050000, 1.950000, -6.086419
1.100000, 1.950000, -7.118625
1.150000, 1.950000, -7.654341
1.200000, 1.950000, -7.728191
1.250000, 1.950000, -7.622598
1.300000, 1.950000, -7.644225
1.350000, 1.950000, -7.905050
1.400000, 1.950000, -8.274726
1.450000, 1.950000, -8.532349
1.500000, 1.950000, -8.587244
1.550000, 1.950000, -8.584786
1.600000, 1.950000, -8.806714
1.650000, 1.950000, -9.441592
1.700000, 1.950000, -10.408363
1.750000, 1.950000, -11.378758
1.800000, 1.950000, -11.990904
1.850000, 1.950000, -12.096871
1.900000, 1.950000, -11.858573
1.950000, 1.950000, -11.622063
2.000000, 1.950000, -11.669682
0.000000, 2.000000, -1.249130
0.050000, 2.000000, -1.365037
0.100000, 2.000000, -1.245252
0.150000, 2.000000, -0.909813
0.200000, 2.000000, -0.630680
0.250000, 2.000000, -0.732202
0.300000, 2.000000, -1.324465
0.350000, 2.000000, -2.189996
0.400000, 2.000000, -2.923124
0.450000, 2.000000, -3.216876
0.500000, 2.000000, -3.072359
0.550000, 2.000000, -2.768632
0.600000, 2.000000, -2.625281
0.650000, 2.000000, -2.755918
0.700000, 2.000000, -3.012817
0.750000, 2.000000, -3.160450
0.800000, 2.000000, -3.123783
0.850000, 2.000000, -3.094805
0.900000, 2.000000, -3.399404
0.950000, 2.000000, -4.228333
1.000000, 2.000000, -5.453372
1.050000, 2.000000, -6.685126
1.100000, 2.000000, -7.534200
1.150000, 2.000000, -7.872374
1.200000, 2.000000, -7.890400
1.250000, 2.000000, -7.914168
1.300000, 2.000000, -8.135664
1.350000, 2.000000, -8.479858
1.400000, 2.000000, -8.711219
1.450000, 2.000000, -8.682022
1.500000, 2.000000, -8.505878
1.550000, 2.000000, -8.502374
1.600000, 2.000000, -8.950570
1.650000, 2.000000, -9.851571
1.700000, 2.000000, -10.898406
1.750000, 2.000000, -11.685401
1.800000, 2.000000, -11.995087
1.850000, 2.000000, -11.937546
1.900000, 2.000000, -11.837130
1.950000, 2.000000, -11.965796
2.000000, 2.000000, -12.343586
