0.000000, 0.000000, -0.170103
0.050000, 0.000000, 0.017557
0.100000, 0.000000, 0.210847
0.150000, 0.000000, 0.384941
0.200000, 0.000000, 0.517647
0.250000, 0.000000, 0.591368
0.300000, 0.000000, 0.594548
0.350000, 0.000000, 0.522475
0.400000, 0.000000, 0.377376
0.450000, 0.000000, 0.167821
0.500000, 0.000000, -0.092482
0.550000, 0.000000, -0.386380
0.600000, 0.000000, -0.695241
0.650000, 0.000000, -1.001020
0.700000, 0.000000, -1.288180
0.750000, 0.000000, -1.545287
0.800000, 0.000000, -1.766115
0.850000, 0.000000, -1.950151
0.900000, 0.000000, -2.102463
0.950000, 0.000000, -2.232946
1.000000, 0.000000, -2.355040
1.050000, 0.000000, -2.484059
1.100000, 0.000000, -2.635316
1.150000, 0.000000, -2.822251
1.200000, 0.000000, -3.054760
1.250000, 0.000000, -3.337910
1.300000, 0.000000, -3.671188
1.350000, 0.000000, -4.048369
1.400000, 0.000000, -4.458019
1.450000, 0.000000, -4.884600
1.500000, 0.000000, -5.310066
1.550000, 0.000000, -5.715788
1.600000, 0.000000, -6.084610
1.650000, 0.000000, -6.402827
1.700000, 0.000000, -6.661866
1.750000, 0.000000, -6.859501
1.800000, 0.000000, -7.000446
1.850000, 0.000000, -7.096255
1.900000, 0.000000, -7.164525
1.950000, 0.000000, -7.227448
2.000000, 0.000000, -7.309851
0.000000, 0.050000, -0.223732
0.050000, 0.050000, -0.020054
0.100000, 0.050000, 0.186197
0.150000, 0.050000, 0.368351
0.200000, 0.050000, 0.502645
0.250000, 0.050000, 0.570268
0.300000, 0.050000, 0.558880
0.350000, 0.050000, 0.463454
0.400000, 0.050000, 0.286394
0.450000, 0.050000, 0.036926
0.500000, 0.050000, -0.270141
0.550000, 0.050000, -0.616166
0.600000, 0.050000, -0.980731
0.650000, 0.050000, -1.343796
0.700000, 0.050000, -1.687733
0.750000, 0.050000, -1.999039
0.800000, 0.050000, -2.269548
0.850000, 0.050000, -2.497053
0.900000, 0.050000, -2.685254
0.950000, 0.050000, -2.843090
1.000000, 0.050000, -2.983502
1.050000, 0.050000, -3.121794
1.100000, 0.050000, -3.273753
1.150000, 0.050000, -3.453756
1.200000, 0.050000, -3.673040
1.250000, 0.050000, -3.938348
1.300000, 0.050000, -4.251083
1.350000, 0.050000, -4.607066
1.400000, 0.050000, -4.996933
1.450000, 0.050000, -5.407116
1.500000, 0.050000, -5.821338
1.550000, 0.050000, -6.222434
1.600000, 0.050000, -6.594326
1.650000, 0.050000, -6.923945
1.700000, 0.050000, -7.202872
1.750000, 0.050000, -7.428548
1.800000, 0.050000, -7.604877
1.850000, 0.050000, -7.742182
1.900000, 0.050000, -7.856468
1.950000, 0.050000, -7.968060
2.000000, 0.050000, -8.099752
0.000000, 0.100000, -0.226675
0.050000, 0.100000, -0.010037
0.100000, 0.100000, 0.204338
0.150000, 0.100000, 0.388280
0.200000, 0.100000, 0.516887
0.250000, 0.100000, 0.570640
0.300000, 0.100000, 0.536956
0.350000, 0.100000, 0.411057
0.400000, 0.100000, 0.196073
0.450000, 0.100000, -0.097598
0.500000, 0.100000, -0.453595
0.550000, 0.100000, -0.851421
0.600000, 0.100000, -1.268599
0.650000, 0.100000, -1.682938
0.700000, 0.100000, -2.074681
0.750000, 0.100000, -2.428330
0.800000, 0.100000, -2.733968
0.850000, 0.100000, -2.987970
0.900000, 0.100000, -3.193032
0.950000, 0.100000, -3.357548
1.000000, 0.100000, -3.494408
1.050000, 0.100000, -3.619350
1.100000, 0.100000, -3.749065
1.150000, 0.100000, -3.899238
1.200000, 0.100000, -4.082756
1.250000, 0.100000, -4.308253
1.300000, 0.100000, -4.579161
1.350000, 0.100000, -4.893353
1.400000, 0.100000, -5.243423
1.450000, 0.100000, -5.617567
1.500000, 0.100000, -6.000966
1.550000, 0.100000, -6.377535
1.600000, 0.100000, -6.731839
1.650000, 0.100000, -7.050971
1.700000, 0.100000, -7.326193
1.750000, 0.100000, -7.554154
1.800000, 0.100000, -7.737551
1.850000, 0.100000, -7.885141
1.900000, 0.100000, -8.011091
1.950000, 0.100000, -8.133732
2.000000, 0.100000, -8.273802
0.000000, 0.150000, -0.183325
0.050000, 0.150000, 0.041374
0.100000, 0.150000, 0.257536
0.150000, 0.150000, 0.436004
0.200000, 0.150000, 0.551311
0.250000, 0.150000, 0.583839
0.300000, 0.150000, 0.521395
0.350000, 0.150000, 0.360058
0.400000, 0.150000, 0.104256
0.450000, 0.150000, -0.233943
0.500000, 0.150000, -0.636213
0.550000, 0.150000, -1.079902
0.600000, 0.150000, -1.540294
0.650000, 0.150000, -1.992992
0.700000, 0.150000, -2.416184
0.750000, 0.150000, -2.792570
0.800000, 0.150000, -3.110782
0.850000, 0.150000, -3.366169
0.900000, 0.150000, -3.560879
0.950000, 0.150000, -3.703263
1.000000, 0.150000, -3.806673
1.050000, 0.150000, -3.887792
1.100000, 0.150000, -3.964678
1.150000, 0.150000, -4.054739
1.200000, 0.150000, -4.172843
1.250000, 0.150000, -4.329757
1.300000, 0.150000, -4.531087
1.350000, 0.150000, -4.776800
1.400000, 0.150000, -5.061400
1.450000, 0.150000, -5.374707
1.500000, 0.150000, -5.703160
1.550000, 0.150000, -6.031501
1.600000, 0.150000, -6.344659
1.650000, 0.150000, -6.629614
1.700000, 0.150000, -6.877060
1.750000, 0.150000, -7.082663
1.800000, 0.150000, -7.247787
1.850000, 0.150000, -7.379593
1.900000, 0.150000, -7.490494
1.950000, 0.150000, -7.597014
2.000000, 0.150000, -7.718150
0.000000, 0.200000, -0.100668
0.050000, 0.200000, 0.125618
0.100000, 0.200000, 0.336094
0.150000, 0.200000, 0.501262
0.200000, 0.200000, 0.595773
0.250000, 0.200000, 0.600605
0.300000, 0.200000, 0.504615
0.350000, 0.200000, 0.305356
0.400000, 0.200000, 0.009080
0.450000, 0.200000, -0.370048
0.500000, 0.200000, -0.811446
0.550000, 0.200000, -1.290144
0.600000, 0.200000, -1.779179
0.650000, 0.200000, -2.252086
0.700000, 0.200000, -2.685275
0.750000, 0.200000, -3.060052
0.800000, 0.200000, -3.364117
0.850000, 0.200000, -3.592397
0.900000, 0.200000, -3.747161
0.950000, 0.200000, -3.837422
1.000000, 0.200000, -3.877703
1.050000, 0.200000, -3.886314
1.100000, 0.200000, -3.883326
1.150000, 0.200000, -3.888441
1.200000, 0.200000, -3.918997
1.250000, 0.200000, -3.988289
1.300000, 0.200000, -4.104389
1.350000, 0.200000, -4.269556
1.400000, 0.200000, -4.480309
1.450000, 0.200000, -4.728115
1.500000, 0.200000, -5.000629
1.550000, 0.200000, -5.283342
1.600000, 0.200000, -5.561441
1.650000, 0.200000, -5.821693
1.700000, 0.200000, -6.054138
1.750000, 0.200000, -6.253418
1.800000, 0.200000, -6.419576
1.850000, 0.200000, -6.558258
1.900000, 0.200000, -6.680274
1.950000, 0.200000, -6.800561
2.000000, 0.200000, -6.936659
0.000000, 0.250000, 0.012186
0.050000, 0.250000, 0.232375
0.100000, 0.250000, 0.428980
0.150000, 0.250000, 0.572924
0.200000, 0.250000, 0.639739
0.250000, 0.250000, 0.611720
0.300000, 0.250000, 0.479432
0.350000, 0.250000, 0.242452
0.400000, 0.250000, -0.090719
0.450000, 0.250000, -0.503552
0.500000, 0.250000, -0.973101
0.550000, 0.250000, -1.472157
0.600000, 0.250000, -1.971758
0.650000, 0.250000, -2.443795
0.700000, 0.250000, -2.863474
0.750000, 0.250000, -3.211424
0.800000, 0.250000, -3.475233
0.850000, 0.250000, -3.650312
0.900000, 0.250000, -3.739998
0.950000, 0.250000, -3.754923
1.000000, 0.250000, -3.711720
1.050000, 0.250000, -3.631212
1.100000, 0.250000, -3.536281
1.150000, 0.250000, -3.449617
1.200000, 0.250000, -3.391594
1.250000, 0.250000, -3.378466
1.300000, 0.250000, -3.421054
1.350000, 0.250000, -3.524048
1.400000, 0.250000, -3.685975
1.450000, 0.250000, -3.899820
1.500000, 0.250000, -4.154211
1.550000, 0.250000, -4.435037
1.600000, 0.250000, -4.727324
1.650000, 0.250000, -5.017139
1.700000, 0.250000, -5.293349
1.750000, 0.250000, -5.549020
1.800000, 0.250000, -5.782317
1.850000, 0.250000, -5.996808
1.900000, 0.250000, -6.201137
1.950000, 0.250000, -6.408099
2.000000, 0.250000, -6.633214
0.000000, 0.300000, 0.144625
0.050000, 0.300000, 0.350245
0.100000, 0.300000, 0.524554
0.150000, 0.300000, 0.639737
0.200000, 0.300000, 0.673007
0.250000, 0.300000, 0.608690
0.300000, 0.300000, 0.439647
0.350000, 0.300000, 0.167910
0.400000, 0.300000, -0.195529
0.450000, 0.300000, -0.631737
0.500000, 0.300000, -1.115574
0.550000, 0.300000, -1.617983
0.600000, 0.300000, -2.108594
0.650000, 0.300000, -2.558425
0.700000, 0.300000, -2.942418
0.750000, 0.300000, -3.241577
0.800000, 0.300000, -3.444522
0.850000, 0.300000, -3.548322
0.900000, 0.300000, -3.558555
0.950000, 0.300000, -3.488588
1.000000, 0.300000, -3.358179
1.050000, 0.300000, -3.191542
1.100000, 0.300000, -3.015065
1.150000, 0.300000, -2.854919
1.200000, 0.300000, -2.734779
1.250000, 0.300000, -2.673873
1.300000, 0.300000, -2.685545
1.350000, 0.300000, -2.776439
1.400000, 0.300000, -2.946383
1.450000, 0.300000, -3.188953
1.500000, 0.300000, -3.492626
1.550000, 0.300000, -3.842411
1.600000, 0.300000, -4.221753
1.650000, 0.300000, -4.614512
1.700000, 0.300000, -5.006805
1.750000, 0.300000, -5.388526
1.800000, 0.300000, -5.754370
1.850000, 0.300000, -6.104274
1.900000, 0.300000, -6.443231
1.950000, 0.300000, -6.780498
2.000000, 0.300000, -7.128297
0.000000, 0.350000, 0.285235
0.050000, 0.350000, 0.467502
0.100000, 0.350000, 0.611338
0.150000, 0.350000, 0.691083
0.200000, 0.350000, 0.686431
0.250000, 0.350000, 0.584393
0.300000, 0.350000, 0.380592
0.350000, 0.350000, 0.079756
0.400000, 0.350000, -0.304634
0.450000, 0.350000, -0.751502
0.500000, 0.350000, -1.234039
0.550000, 0.350000, -1.722091
0.600000, 0.350000, -2.184856
0.650000, 0.350000, -2.593628
0.700000, 0.350000, -2.924353
0.750000, 0.350000, -3.159752
0.800000, 0.350000, -3.290819
0.850000, 0.350000, -3.317570
0.900000, 0.350000, -3.248981
0.950000, 0.350000, -3.102130
1.000000, 0.350000, -2.900630
1.050000, 0.350000, -2.672521
1.100000, 0.350000, -2.447808
1.150000, 0.350000, -2.255896
1.200000, 0.350000, -2.123147
1.250000, 0.350000, -2.070786
1.300000, 0.350000, -2.113348
1.350000, 0.350000, -2.257785
1.400000, 0.350000, -2.503304
1.450000, 0.350000, -2.841926
1.500000, 0.350000, -3.259677
1.550000, 0.350000, -3.738296
1.600000, 0.350000, -4.257254
1.650000, 0.350000, -4.795871
1.700000, 0.350000, -5.335341
1.750000, 0.350000, -5.860425
1.800000, 0.350000, -6.360686
1.850000, 0.350000, -6.831124
1.900000, 0.350000, -7.272180
1.950000, 0.350000, -7.689126
2.000000, 0.350000, -8.090915
0.000000, 0.400000, 0.422560
0.050000, 0.400000, 0.572866
0.100000, 0.400000, 0.678778
0.150000, 0.400000, 0.717705
0.200000, 0.400000, 0.672579
0.250000, 0.400000, 0.533646
0.300000, 0.400000, 0.299578
0.350000, 0.400000, -0.022209
0.400000, 0.400000, -0.416060
0.450000, 0.400000, -0.859377
0.500000, 0.400000, -1.324584
0.550000, 0.400000, -1.781585
0.600000, 0.400000, -2.200477
0.650000, 0.400000, -2.554288
0.700000, 0.400000, -2.821459
0.750000, 0.400000, -2.987865
0.800000, 0.400000, -3.048174
0.850000, 0.400000, -3.006416
0.900000, 0.400000, -2.875725
0.950000, 0.400000, -2.677265
1.000000, 0.400000, -2.438453
1.050000, 0.400000, -2.190630
1.100000, 0.400000, -1.966415
1.150000, 0.400000, -1.796965
1.200000, 0.400000, -1.709409
1.250000, 0.400000, -1.724665
1.300000, 0.400000, -1.855848
1.350000, 0.400000, -2.107398
1.400000, 0.400000, -2.474980
1.450000, 0.400000, -2.946166
1.500000, 0.400000, -3.501795
1.550000, 0.400000, -4.117888
1.600000, 0.400000, -4.767900
1.650000, 0.400000, -5.425110
1.700000, 0.400000, -6.064904
1.750000, 0.400000, -6.666749
1.800000, 0.400000, -7.215669
1.850000, 0.400000, -7.703115
1.900000, 0.400000, -8.127159
1.950000, 0.400000, -8.492020
2.000000, 0.400000, -8.807010
0.000000, 0.450000, 0.545842
0.050000, 0.450000, 0.656236
0.100000, 0.450000, 0.717944
0.150000, 0.450000, 0.712344
0.200000, 0.450000, 0.626288
0.250000, 0.450000, 0.453650
0.300000, 0.450000, 0.196208
0.350000, 0.450000, -0.136240
0.400000, 0.450000, -0.526539
0.450000, 0.450000, -0.951583
0.500000, 0.450000, -1.384327
0.550000, 0.450000, -1.796231
0.600000, 0.450000, -2.159909
0.650000, 0.450000, -2.451725
0.700000, 0.450000, -2.654100
0.750000, 0.450000, -2.757303
0.800000, 0.450000, -2.760553
0.850000, 0.450000, -2.672321
0.900000, 0.450000, -2.509790
0.950000, 0.450000, -2.297524
1.000000, 0.450000, -2.065455
1.050000, 0.450000, -1.846367
1.100000, 0.450000, -1.673109
1.150000, 0.450000, -1.575786
1.200000, 0.450000, -1.579182
1.250000, 0.450000, -1.700648
1.300000, 0.450000, -1.948648
1.350000, 0.450000, -2.322081
1.400000, 0.450000, -2.810445
1.450000, 0.450000, -3.394817
1.500000, 0.450000, -4.049545
1.550000, 0.450000, -4.744506
1.600000, 0.450000, -5.447701
1.650000, 0.450000, -6.127956
1.700000, 0.450000, -6.757488
1.750000, 0.450000, -7.314098
1.800000, 0.450000, -7.782805
1.850000, 0.450000, -8.156785
1.900000, 0.450000, -8.437560
1.950000, 0.450000, -8.634427
2.000000, 0.450000, -8.763221
0.000000, 0.500000, 0.645708
0.050000, 0.500000, 0.709338
0.100000, 0.500000, 0.722117
0.150000, 0.500000, 0.670243
0.200000, 0.500000, 0.545060
0.250000, 0.500000, 0.344271
0.300000, 0.500000, 0.072539
0.350000, 0.500000, -0.258608
0.400000, 0.500000, -0.631577
0.450000, 0.500000, -1.024157
0.500000, 0.500000, -1.411478
0.550000, 0.500000, -1.768317
0.600000, 0.500000, -2.071516
0.650000, 0.500000, -2.302294
0.700000, 0.500000, -2.448210
0.750000, 0.500000, -2.504584
0.800000, 0.500000, -2.475236
0.850000, 0.500000, -2.372427
0.900000, 0.500000, -2.216028
0.950000, 0.500000, -2.031944
1.000000, 0.500000, -1.849950
1.050000, 0.500000, -1.701113
1.100000, 0.500000, -1.615053
1.150000, 0.500000, -1.617275
1.200000, 0.500000, -1.726833
1.250000, 0.500000, -1.954538
1.300000, 0.500000, -2.301894
1.350000, 0.500000, -2.760848
1.400000, 0.500000, -3.314398
1.450000, 0.500000, -3.938005
1.500000, 0.500000, -4.601687
1.550000, 0.500000, -5.272602
1.600000, 0.500000, -5.917890
1.650000, 0.500000, -6.507519
1.700000, 0.500000, -7.016870
1.750000, 0.500000, -7.428835
1.800000, 0.500000, -7.735234
1.850000, 0.500000, -7.937430
1.900000, 0.500000, -8.046093
1.950000, 0.500000, -8.080132
2.000000, 0.500000, -8.064923
0.000000, 0.550000, 0.714738
0.050000, 0.550000, 0.726240
0.100000, 0.550000, 0.687219
0.150000, 0.550000, 0.589482
0.200000, 0.550000, 0.429289
0.250000, 0.550000, 0.208142
0.300000, 0.550000, -0.066942
0.350000, 0.550000, -0.383733
0.400000, 0.550000, -0.725650
0.450000, 0.550000, -1.073134
0.500000, 0.550000, -1.405389
0.550000, 0.550000, -1.702351
0.600000, 0.550000, -1.946674
0.650000, 0.550000, -2.125544
0.700000, 0.550000, -2.232122
0.750000, 0.550000, -2.266476
0.800000, 0.550000, -2.235864
0.850000, 0.550000, -2.154342
0.900000, 0.550000, -2.041706
0.950000, 0.550000, -1.921839
1.000000, 0.550000, -1.820626
1.050000, 0.550000, -1.763611
1.100000, 0.550000, -1.773619
1.150000, 0.550000, -1.868579
1.200000, 0.550000, -2.059743
1.250000, 0.550000, -2.350510
1.300000, 0.550000, -2.735943
1.350000, 0.550000, -3.203074
1.400000, 0.550000, -3.731965
1.450000, 0.550000, -4.297439
1.500000, 0.550000, -4.871334
1.550000, 0.550000, -5.425075
1.600000, 0.550000, -5.932319
1.650000, 0.550000, -6.371428
1.700000, 0.550000, -6.727535
1.750000, 0.550000, -6.994000
1.800000, 0.550000, -7.173108
1.850000, 0.550000, -7.275934
1.900000, 0.550000, -7.321387
1.950000, 0.550000, -7.334499
2.000000, 0.550000, -7.344123
0.000000, 0.600000, 0.747900
0.050000, 0.600000, 0.703698
0.100000, 0.600000, 0.612064
0.150000, 0.600000, 0.471113
0.200000, 0.600000, 0.282277
0.250000, 0.600000, 0.050564
0.300000, 0.600000, -0.215529
0.350000, 0.600000, -0.504474
0.400000, 0.600000, -0.802520
0.450000, 0.600000, -1.094789
0.500000, 0.600000, -1.366565
0.550000, 0.600000, -1.604651
0.600000, 0.600000, -1.798662
0.650000, 0.600000, -1.942115
0.700000, 0.600000, -2.033204
0.750000, 0.600000, -2.075158
0.800000, 0.600000, -2.076126
0.850000, 0.600000, -2.048598
0.900000, 0.600000, -2.008381
0.950000, 0.600000, -1.973228
1.000000, 0.600000, -1.961246
1.050000, 0.600000, -1.989220
1.100000, 0.600000, -2.071030
1.150000, 0.600000, -2.216313
1.200000, 0.600000, -2.429513
1.250000, 0.600000, -2.709411
1.300000, 0.600000, -3.049203
1.350000, 0.600000, -3.437134
1.400000, 0.600000, -3.857613
1.450000, 0.600000, -4.292733
1.500000, 0.600000, -4.724041
1.550000, 0.600000, -5.134374
1.600000, 0.600000, -5.509597
1.650000, 0.600000, -5.840050
1.700000, 0.600000, -6.121565
1.750000, 0.600000, -6.355921
1.800000, 0.600000, -6.550707
1.850000, 0.600000, -6.718577
1.900000, 0.600000, -6.875959
1.950000, 0.600000, -7.041357
2.000000, 0.600000, -7.233389
0.000000, 0.650000, 0.742806
0.050000, 0.650000, 0.641318
0.100000, 0.650000, 0.498409
0.150000, 0.650000, 0.319099
0.200000, 0.650000, 0.110054
0.250000, 0.650000, -0.120788
0.300000, 0.650000, -0.364676
0.350000, 0.650000, -0.612562
0.400000, 0.650000, -0.855646
0.450000, 0.650000, -1.085921
0.500000, 0.650000, -1.296659
0.550000, 0.650000, -1.482836
0.600000, 0.650000, -1.641430
0.650000, 0.650000, -1.771594
0.700000, 0.650000, -1.874673
0.750000, 0.650000, -1.954072
0.800000, 0.650000, -2.014979
0.850000, 0.650000, -2.063964
0.900000, 0.650000, -2.108493
0.950000, 0.650000, -2.156384
1.000000, 0.650000, -2.215260
1.050000, 0.650000, -2.292044
1.100000, 0.650000, -2.392520
1.150000, 0.650000, -2.521024
1.200000, 0.650000, -2.680249
1.250000, 0.650000, -2.871211
1.300000, 0.650000, -3.093344
1.350000, 0.650000, -3.344723
1.400000, 0.650000, -3.622377
1.450000, 0.650000, -3.922654
1.500000, 0.650000, -4.241614
1.550000, 0.650000, -4.575372
1.600000, 0.650000, -4.920400
1.650000, 0.650000, -5.273716
1.700000, 0.650000, -5.632979
1.750000, 0.650000, -5.996466
1.800000, 0.650000, -6.362946
1.850000, 0.650000, -6.731492
1.900000, 0.650000, -7.101235
1.950000, 0.650000, -7.471137
2.000000, 0.650000, -7.839791
0.000000, 0.700000, 0.699786
0.050000, 0.700000, 0.541521
0.100000, 0.700000, 0.350807
0.150000, 0.700000, 0.140048
0.200000, 0.700000, -0.078994
0.250000, 0.700000, -0.296327
0.300000, 0.700000, -0.504529
0.350000, 0.700000, -0.699146
0.400000, 0.700000, -0.878677
0.450000, 0.700000, -1.044155
0.500000, 0.700000, -1.198434
0.550000, 0.700000, -1.345274
0.600000, 0.700000, -1.488379
0.650000, 0.700000, -1.630532
0.700000, 0.700000, -1.772950
0.750000, 0.700000, -1.914963
0.800000, 0.700000, -2.054071
0.850000, 0.700000, -2.186363
0.900000, 0.700000, -2.307274
0.950000, 0.700000, -2.412546
1.000000, 0.700000, -2.499287
1.050000, 0.700000, -2.566953
1.100000, 0.700000, -2.618115
1.150000, 0.700000, -2.658869
1.200000, 0.700000, -2.698800
1.250000, 0.700000, -2.750466
1.300000, 0.700000, -2.828408
1.350000, 0.700000, -2.947787
1.400000, 0.700000, -3.122761
1.450000, 0.700000, -3.364797
1.500000, 0.700000, -3.681101
1.550000, 0.700000, -4.073361
1.600000, 0.700000, -4.536992
1.650000, 0.700000, -5.060974
1.700000, 0.700000, -5.628384
1.750000, 0.700000, -6.217576
1.800000, 0.700000, -6.803954
1.850000, 0.700000, -7.362158
1.900000, 0.700000, -7.868476
1.950000, 0.700000, -8.303216
2.000000, 0.700000, -8.652809
0.000000, 0.750000, 0.621787
0.050000, 0.750000, 0.409324
0.100000, 0.750000, 0.176266
0.150000, 0.750000, -0.057230
0.200000, 0.750000, -0.274663
0.250000, 0.750000, -0.465169
0.300000, 0.750000, -0.624580
0.350000, 0.750000, -0.755438
0.400000, 0.750000, -0.865975
0.450000, 0.750000, -0.968250
0.500000, 0.750000, -1.075701
0.550000, 0.750000, -1.200520
0.600000, 0.750000, -1.351225
0.650000, 0.750000, -1.530823
0.700000, 0.750000, -1.735855
0.750000, 0.750000, -1.956498
0.800000, 0.750000, -2.177746
0.850000, 0.750000, -2.381543
0.900000, 0.750000, -2.549590
0.950000, 0.750000, -2.666441
1.000000, 0.750000, -2.722454
1.050000, 0.750000, -2.716145
1.100000, 0.750000, -2.655576
1.150000, 0.750000, -2.558509
1.200000, 0.750000, -2.451216
1.250000, 0.750000, -2.366008
1.300000, 0.750000, -2.337742
1.350000, 0.750000, -2.399677
1.400000, 0.750000, -2.579192
1.450000, 0.750000, -2.893914
1.500000, 0.750000, -3.348747
1.550000, 0.750000, -3.934272
1.600000, 0.750000, -4.626754
1.650000, 0.750000, -5.389875
1.700000, 0.750000, -6.178060
1.750000, 0.750000, -6.941067
1.800000, 0.750000, -7.629370
1.850000, 0.750000, -8.199698
1.900000, 0.750000, -8.620114
1.950000, 0.750000, -8.873992
2.000000, 0.750000, -8.962399
0.000000, 0.800000, 0.514094
0.050000, 0.800000, 0.251949
0.100000, 0.800000, -0.016238
0.150000, 0.800000, -0.262308
0.200000, 0.800000, -0.465593
0.250000, 0.800000, -0.615843
0.300000, 0.800000, -0.714390
0.350000, 0.800000, -0.773370
0.400000, 0.800000, -0.813149
0.450000, 0.800000, -0.858365
0.500000, 0.800000, -0.933218
0.550000, 0.800000, -1.056773
0.600000, 0.800000, -1.239059
0.650000, 0.800000, -1.478595
0.700000, 0.800000, -1.761828
0.750000, 0.800000, -2.064611
0.800000, 0.800000, -2.355593
0.850000, 0.800000, -2.601054
0.900000, 0.800000, -2.770486
0.950000, 0.800000, -2.842094
1.000000, 0.800000, -2.807343
1.050000, 0.800000, -2.673812
1.100000, 0.800000, -2.465816
1.150000, 0.800000, -2.222568
1.200000, 0.800000, -1.994020
1.250000, 0.800000, -1.834846
1.300000, 0.800000, -1.797319
1.350000, 0.800000, -1.924044
1.400000, 0.800000, -2.241556
1.450000, 0.800000, -2.755694
1.500000, 0.800000, -3.449495
1.550000, 0.800000, -4.283994
1.600000, 0.800000, -5.201938
1.650000, 0.800000, -6.134049
1.700000, 0.800000, -7.007088
1.750000, 0.800000, -7.752717
1.800000, 0.800000, -8.316035
1.850000, 0.800000, -8.662657
1.900000, 0.800000, -8.783390
1.950000, 0.800000, -8.695849
2.000000, 0.800000, -8.442748
0.000000, 0.850000, 0.383918
0.050000, 0.850000, 0.078305
0.100000, 0.850000, -0.216379
0.150000, 0.850000, -0.463834
0.200000, 0.850000, -0.640012
0.250000, 0.850000, -0.737061
0.300000, 0.850000, -0.764330
0.350000, 0.850000, -0.746260
0.400000, 0.850000, -0.717530
0.450000, 0.850000, -0.716273
0.500000, 0.850000, -0.776548
0.550000, 0.850000, -0.921391
0.600000, 0.850000, -1.157670
0.650000, 0.850000, -1.473720
0.700000, 0.850000, -1.840260
0.750000, 0.850000, -2.214547
0.800000, 0.850000, -2.547193
0.850000, 0.850000, -2.790582
0.900000, 0.850000, -2.907532
0.950000, 0.850000, -2.878770
1.000000, 0.850000, -2.707899
1.050000, 0.850000, -2.422945
1.100000, 0.850000, -2.074045
1.150000, 0.850000, -1.727474
1.200000, 0.850000, -1.456788
1.250000, 0.850000, -1.332328
1.300000, 0.850000, -1.410643
1.350000, 0.850000, -1.725459
1.400000, 0.850000, -2.281599
1.450000, 0.850000, -3.052875
1.500000, 0.850000, -3.984399
1.550000, 0.850000, -4.999074
1.600000, 0.850000, -6.007433
1.650000, 0.850000, -6.919445
1.700000, 0.850000, -7.656626
1.750000, 0.850000, -8.162701
1.800000, 0.850000, -8.411281
1.850000, 0.850000, -8.409422
1.900000, 0.850000, -8.196566
1.950000, 0.850000, -7.838998
2.000000, 0.850000, -7.420648
0.000000, 0.900000, 0.239876
0.050000, 0.900000, -0.101626
0.100000, 0.900000, -0.413171
0.150000, 0.900000, -0.650274
0.200000, 0.900000, -0.786507
0.250000, 0.900000, -0.818477
0.300000, 0.900000, -0.766292
0.350000, 0.900000, -0.669402
0.400000, 0.900000, -0.578569
0.450000, 0.900000, -0.545472
0.500000, 0.900000, -0.611879
0.550000, 0.900000, -0.800485
0.600000, 0.900000, -1.109183
0.650000, 0.900000, -1.509980
0.700000, 0.900000, -1.952901
0.750000, 0.900000, -2.374324
0.800000, 0.900000, -2.708356
0.850000, 0.900000, -2.899262
0.900000, 0.900000, -2.912732
0.950000, 0.900000, -2.743873
1.000000, 0.900000, -2.420393
1.050000, 0.900000, -2.000207
1.100000, 0.900000, -1.563692
1.150000, 0.900000, -1.201729
1.200000, 0.900000, -1.001453
1.250000, 0.900000, -1.032055
1.300000, 0.900000, -1.333029
1.350000, 0.900000, -1.906873
1.400000, 0.900000, -2.717550
1.450000, 0.900000, -3.695055
1.500000, 0.900000, -4.745405
1.550000, 0.900000, -5.764489
1.600000, 0.900000, -6.653542
1.650000, 0.900000, -7.333750
1.700000, 0.900000, -7.757644
1.750000, 0.900000, -7.915468
1.800000, 0.900000, -7.835581
1.850000, 0.900000, -7.578913
1.900000, 0.900000, -7.228518
1.950000, 0.900000, -6.876029
2.000000, 0.900000, -6.607316
0.000000, 0.950000, 0.091401
0.050000, 0.950000, -0.277455
0.100000, 0.950000, -0.595680
0.150000, 0.950000, -0.810651
0.200000, 0.950000, -0.894760
0.250000, 0.950000, -0.851395
0.300000, 0.950000, -0.714318
0.350000, 0.950000, -0.540543
0.400000, 0.950000, -0.398102
0.450000, 0.950000, -0.351199
0.500000, 0.950000, -0.445788
0.550000, 0.950000, -0.698611
0.600000, 0.950000, -1.092023
0.650000, 0.950000, -1.575863
0.700000, 0.950000, -2.076165
0.750000, 0.950000, -2.509169
0.800000, 0.950000, -2.797956
0.850000, 0.950000, -2.888492
0.900000, 0.950000, -2.761866
0.950000, 0.950000, -2.440209
1.000000, 0.950000, -1.984973
1.050000, 0.950000, -1.487677
1.100000, 0.950000, -1.054695
1.150000, 0.950000, -0.788830
1.200000, 0.950000, -0.771067
1.250000, 0.950000, -1.045887
1.300000, 0.950000, -1.612902
1.350000, 0.950000, -2.426388
1.400000, 0.950000, -3.402816
1.450000, 0.950000, -4.435013
1.500000, 0.950000, -5.410306
1.550000, 0.950000, -6.229346
1.600000, 0.950000, -6.822147
1.650000, 0.950000, -7.158503
1.700000, 0.950000, -7.251002
1.750000, 0.950000, -7.150311
1.800000, 0.950000, -6.933837
1.850000, 0.950000, -6.690148
1.900000, 0.950000, -6.502234
1.950000, 0.950000, -6.432866
2.000000, 0.950000, -6.514791
0.000000, 1.000000, -0.051867
0.050000, 1.000000, -0.439041
0.100000, 1.000000, -0.753714
0.150000, 1.000000, -0.935235
0.200000, 1.000000, -0.956215
0.250000, 1.000000, -0.829366
0.300000, 1.000000, -0.605084
0.350000, 1.000000, -0.360217
0.400000, 1.000000, -0.180464
0.450000, 1.000000, -0.140304
0.500000, 1.000000, -0.284968
0.550000, 1.000000, -0.618572
0.600000, 1.000000, -1.101215
0.650000, 1.000000, -1.655913
0.700000, 1.000000, -2.184080
0.750000, 1.000000, -2.586356
0.800000, 1.000000, -2.784379
0.850000, 1.000000, -2.738796
0.900000, 1.000000, -2.459559
0.950000, 1.000000, -2.006147
1.000000, 1.000000, -1.477474
1.050000, 1.000000, -0.993441
1.100000, 1.000000, -0.671864
1.150000, 1.000000, -0.605522
1.200000, 1.000000, -0.844041
1.250000, 1.000000, -1.384351
1.300000, 1.000000, -2.171630
1.350000, 1.000000, -3.110449
1.400000, 1.000000, -4.083731
1.450000, 1.000000, -4.975498
1.500000, 1.000000, -5.692662
1.550000, 1.000000, -6.181399
1.600000, 1.000000, -6.434845
1.650000, 1.000000, -6.490810
1.700000, 1.000000, -6.420312
1.750000, 1.000000, -6.309746
1.800000, 1.000000, -6.240774
1.850000, 1.000000, -6.272456
1.900000, 1.000000, -6.429540
1.950000, 1.000000, -6.699380
2.000000, 1.000000, -7.037962
0.000000, 1.050000, -0.180667
0.050000, 1.050000, -0.577114
0.100000, 1.050000, -0.878437
0.150000, 1.050000, -1.016135
0.200000, 1.050000, -0.964608
0.250000, 1.050000, -0.748640
0.300000, 1.050000, -0.438228
0.350000, 1.050000, -0.131889
0.400000, 1.050000, 0.067578
0.450000, 1.050000, 0.079003
0.500000, 1.050000, -0.135912
0.550000, 1.050000, -0.561338
0.600000, 1.050000, -1.128970
0.650000, 1.050000, -1.732478
0.700000, 1.050000, -2.251527
0.750000, 1.050000, -2.579827
0.800000, 1.050000, -2.650629
0.850000, 1.050000, -2.453623
0.900000, 1.050000, -2.039155
0.950000, 1.050000, -1.508633
1.000000, 1.050000, -0.993222
1.050000, 1.050000, -0.625662
1.100000, 1.050000, -0.511658
1.150000, 1.050000, -0.707383
1.200000, 1.050000, -1.208184
1.250000, 1.050000, -1.950947
1.300000, 1.050000, -2.829383
1.350000, 1.050000, -3.718491
1.400000, 1.050000, -4.502363
1.450000, 1.050000, -5.098812
1.500000, 1.050000, -5.475143
1.550000, 1.050000, -5.651624
1.600000, 1.050000, -5.692186
1.650000, 1.050000, -5.684980
1.700000, 1.050000, -5.717818
1.750000, 1.050000, -5.854728
1.800000, 1.050000, -6.119461
1.850000, 1.050000, -6.490053
1.900000, 1.050000, -6.905748
1.950000, 1.050000, -7.284505
2.000000, 1.050000, -7.546665
0.000000, 1.100000, -0.286650
0.050000, 1.100000, -0.683799
0.100000, 1.100000, -0.962878
0.150000, 1.100000, -1.047747
0.200000, 1.100000, -0.916345
0.250000, 1.100000, -0.608434
0.300000, 1.100000, -0.216476
0.350000, 1.100000, 0.138098
0.400000, 1.100000, 0.337067
0.450000, 1.100000, 0.297535
0.500000, 1.100000, -0.004579
0.550000, 1.100000, -0.526072
0.600000, 1.100000, -1.165505
0.650000, 1.100000, -1.787681
0.700000, 1.100000, -2.257416
0.750000, 1.100000, -2.473984
0.800000, 1.100000, -2.397359
0.850000, 1.100000, -2.059449
0.900000, 1.100000, -1.557365
0.950000, 1.100000, -1.030376
1.000000, 1.100000, -0.626372
1.050000, 1.100000, -0.466384
1.100000, 1.100000, -0.616124
1.150000, 1.100000, -1.071670
1.200000, 1.100000, -1.762736
1.250000, 1.100000, -2.572381
1.300000, 1.100000, -3.367785
1.350000, 1.100000, -4.033945
1.400000, 1.100000, -4.501452
1.450000, 1.100000, -4.761229
1.500000, 1.100000, -4.862627
1.550000, 1.100000, -4.895734
1.600000, 1.100000, -4.962956
1.650000, 1.100000, -5.147778
1.700000, 1.100000, -5.489317
1.750000, 1.100000, -5.969694
1.800000, 1.100000, -6.517805
1.850000, 1.100000, -7.028620
1.900000, 1.100000, -7.392940
1.950000, 1.100000, -7.529638
2.000000, 1.100000, -7.411648
0.000000, 1.150000, -0.362822
0.050000, 1.150000, -0.753039
0.100000, 1.150000, -1.002288
0.150000, 1.150000, -1.027045
0.200000, 1.150000, -0.810697
0.250000, 1.150000, -0.411007
0.300000, 1.150000, 0.054433
0.350000, 1.150000, 0.440773
0.400000, 1.150000, 0.617280
0.450000, 1.150000, 0.505622
0.500000, 1.150000, 0.103963
0.550000, 1.150000, -0.510268
0.600000, 1.150000, -1.200026
0.650000, 1.150000, -1.805421
0.700000, 1.150000, -2.187406
0.750000, 1.150000, -2.266154
0.800000, 1.150000, -2.043348
0.850000, 1.150000, -1.602115
0.900000, 1.150000, -1.084639
0.950000, 1.150000, -0.653748
1.000000, 1.150000, -0.449266
1.050000, 1.150000, -0.551346
1.100000, 1.150000, -0.960907
1.150000, 1.150000, -1.602417
1.200000, 1.150000, -2.347857
1.250000, 1.150000, -3.054685
1.300000, 1.150000, -3.606729
1.350000, 1.150000, -3.946190
1.400000, 1.150000, -4.087618
1.450000, 1.150000, -4.110040
1.500000, 1.150000, -4.129791
1.550000, 1.150000, -4.262207
1.600000, 1.150000, -4.583627
1.650000, 1.150000, -5.105046
1.700000, 1.150000, -5.765414
1.750000, 1.150000, -6.446877
1.800000, 1.150000, -7.007849
1.850000, 1.150000, -7.324570
1.900000, 1.150000, -7.329217
1.950000, 1.150000, -7.033468
2.000000, 1.150000, -6.530447
0.000000, 1.200000, -0.403873
0.050000, 1.200000, -0.780865
0.100000, 1.200000, -0.994348
0.150000, 1.200000, -0.953690
0.200000, 1.200000, -0.649795
0.250000, 1.200000, -0.161526
0.300000, 1.200000, 0.366031
0.350000, 1.200000, 0.764980
0.400000, 1.200000, 0.896294
0.450000, 1.200000, 0.693684
0.500000, 1.200000, 0.185864
0.550000, 1.200000, -0.509975
0.600000, 1.200000, -1.221768
0.650000, 1.200000, -1.773188
0.700000, 1.200000, -2.035880
0.750000, 1.200000, -1.967403
0.800000, 1.200000, -1.623342
0.850000, 1.200000, -1.139971
0.900000, 1.200000, -0.692905
0.950000, 1.200000, -0.444527
1.000000, 1.200000, -0.496327
1.050000, 1.200000, -0.860689
1.100000, 1.200000, -1.460515
1.150000, 1.200000, -2.156399
1.200000, 1.200000, -2.792484
1.250000, 1.200000, -3.246411
1.300000, 1.200000, -3.467547
1.350000, 1.200000, -3.491510
1.400000, 1.200000, -3.426477
1.450000, 1.200000, -3.415731
1.500000, 1.200000, -3.588418
1.550000, 1.200000, -4.014248
1.600000, 1.200000, -4.676733
1.650000, 1.200000, -5.473788
1.700000, 1.200000, -6.245981
1.750000, 1.200000, -6.824027
1.800000, 1.200000, -7.081010
1.850000, 1.200000, -6.973221
1.900000, 1.200000, -6.556828
1.950000, 1.200000, -5.975017
2.000000, 1.200000, -5.419222
0.000000, 1.250000, -0.406382
0.050000, 1.250000, -0.765531
0.100000, 1.250000, -0.939204
0.150000, 1.250000, -0.829964
0.200000, 1.250000, -0.438446
0.250000, 1.250000, 0.132243
0.300000, 1.250000, 0.707578
0.350000, 1.250000, 1.097982
0.400000, 1.250000, 1.161679
0.450000, 1.250000, 0.852859
0.500000, 1.250000, 0.238799
0.550000, 1.250000, -0.520100
0.600000, 1.250000, -1.221024
0.650000, 1.250000, -1.683509
0.700000, 1.250000, -1.806904
0.750000, 1.250000, -1.601554
0.800000, 1.250000, -1.183527
0.850000, 1.250000, -0.734869
0.900000, 1.250000, -0.442867
0.950000, 1.250000, -0.438706
1.000000, 1.250000, -0.755996
1.050000, 1.250000, -1.322810
1.100000, 1.250000, -1.989518
1.150000, 1.250000, -2.582585
1.200000, 1.250000, -2.965770
1.250000, 1.250000, -3.087725
1.300000, 1.250000, -2.999689
1.350000, 1.250000, -2.837167
1.400000, 1.250000, -2.771793
1.450000, 1.250000, -2.949788
1.500000, 1.250000, -3.438050
1.550000, 1.250000, -4.196507
1.600000, 1.250000, -5.086527
1.650000, 1.250000, -5.913102
1.700000, 1.250000, -6.487067
1.750000, 1.250000, -6.686810
1.800000, 1.250000, -6.498953
1.850000, 1.250000, -6.024430
1.900000, 1.250000, -5.447860
1.950000, 1.250000, -4.980316
2.000000, 1.250000, -4.794386
0.000000, 1.300000, -0.368895
0.050000, 1.300000, -0.707501
0.100000, 1.300000, -0.839346
0.150000, 1.300000, -0.660528
0.200000, 1.300000, -0.183780
0.250000, 1.300000, 0.460420
0.300000, 1.300000, 1.066671
0.350000, 1.300000, 1.426186
0.400000, 1.300000, 1.401261
0.450000, 1.300000, 0.975624
0.500000, 1.300000, 0.262208
0.550000, 1.300000, -0.534768
0.600000, 1.300000, -1.190051
0.650000, 1.300000, -1.534877
0.700000, 1.300000, -1.514081
0.750000, 1.300000, -1.202523
0.800000, 1.300000, -0.775234
0.850000, 1.300000, -0.442419
0.900000, 1.300000, -0.373075
0.950000, 1.300000, -0.634956
1.000000, 1.300000, -1.172510
1.050000, 1.300000, -1.830481
1.100000, 1.300000, -2.414158
1.150000, 1.300000, -2.763865
1.200000, 1.300000, -2.816141
1.250000, 1.300000, -2.628924
1.300000, 1.300000, -2.361281
1.350000, 1.300000, -2.214874
1.400000, 1.300000, -2.358460
1.450000, 1.300000, -2.863029
1.500000, 1.300000, -3.671506
1.550000, 1.300000, -4.614465
1.600000, 1.300000, -5.466677
1.650000, 1.300000, -6.024471
1.700000, 1.300000, -6.176297
1.750000, 1.300000, -5.941276
1.800000, 1.300000, -5.462013
1.850000, 1.300000, -4.954431
1.900000, 1.300000, -4.632821
1.950000, 1.300000, -4.637127
2.000000, 1.300000, -4.988490
0.000000, 1.350000, -0.291886
0.050000, 1.350000, -0.609295
0.100000, 1.350000, -0.699348
0.150000, 1.350000, -0.452051
0.200000, 1.350000, 0.105242
0.250000, 1.350000, 0.811616
0.300000, 1.350000, 1.429968
0.350000, 1.350000, 1.735939
0.400000, 1.350000, 1.603901
0.450000, 1.350000, 1.056381
0.500000, 1.350000, 0.257444
0.550000, 1.350000, -0.547709
0.600000, 1.350000, -1.123792
0.650000, 1.350000, -1.332066
0.700000, 1.350000, -1.179269
0.750000, 1.350000, -0.810267
0.800000, 1.350000, -0.447770
0.850000, 1.350000, -0.303045
0.900000, 1.350000, -0.492729
0.950000, 1.350000, -0.994251
1.000000, 1.350000, -1.657139
1.050000, 1.350000, -2.265399
1.100000, 1.350000, -2.626128
1.150000, 1.350000, -2.649136
1.200000, 1.350000, -2.385914
1.250000, 1.350000, -2.012211
1.300000, 1.350000, -1.760684
1.350000, 1.350000, -1.829741
1.400000, 1.350000, -2.304216
1.450000, 1.350000, -3.119039
1.500000, 1.350000, -4.080440
1.550000, 1.350000, -4.936835
1.600000, 1.350000, -5.472201
1.650000, 1.350000, -5.585999
1.700000, 1.350000, -5.328921
1.750000, 1.350000, -4.880948
1.800000, 1.350000, -4.480643
1.850000, 1.350000, -4.333481
1.900000, 1.350000, -4.535061
1.950000, 1.350000, -5.038974
2.000000, 1.350000, -5.681480
0.000000, 1.400000, -0.177604
0.050000, 1.400000, -0.475230
0.100000, 1.400000, -0.525487
0.150000, 1.400000, -0.212720
0.200000, 1.400000, 0.418420
0.250000, 1.400000, 1.173620
0.300000, 1.400000, 1.783954
0.350000, 1.400000, 2.014351
0.400000, 1.400000, 1.760250
0.450000, 1.400000, 1.091948
0.500000, 1.400000, 0.227826
0.550000, 1.400000, -0.552668
0.600000, 1.400000, -1.020339
0.650000, 1.400000, -1.085788
0.700000, 1.400000, -0.830312
0.750000, 1.400000, -0.465852
0.800000, 1.400000, -0.241350
0.850000, 1.400000, -0.335253
0.900000, 1.400000, -0.779475
0.950000, 1.400000, -1.446748
1.000000, 1.400000, -2.106489
1.050000, 1.400000, -2.525340
1.100000, 1.400000, -2.569703
1.150000, 1.400000, -2.266632
1.200000, 1.400000, -1.796949
1.250000, 1.400000, -1.422906
1.300000, 1.400000, -1.380339
1.350000, 1.400000, -1.780284
1.400000, 1.400000, -2.561281
1.450000, 1.400000, -3.512471
1.500000, 1.400000, -4.358116
1.550000, 1.400000, -4.868519
1.600000, 1.400000, -4.951342
1.650000, 1.400000, -4.685638
1.700000, 1.400000, -4.284875
1.750000, 1.400000, -4.005000
1.800000, 1.400000, -4.036482
1.850000, 1.400000, -4.425835
1.900000, 1.400000, -5.059516
1.950000, 1.400000, -5.716725
2.000000, 1.400000, -6.168505
0.000000, 1.450000, -0.029840
0.050000, 1.450000, -0.311068
0.100000, 1.450000, -0.325286
0.150000, 1.450000, 0.048318
0.200000, 1.450000, 0.744960
0.250000, 1.450000, 1.534120
0.300000, 1.450000, 2.115729
0.350000, 1.450000, 2.250074
0.400000, 1.450000, 1.863410
0.450000, 1.450000, 1.081921
0.500000, 1.450000, 0.178564
0.550000, 1.450000, -0.543798
0.600000, 1.450000, -0.881115
0.650000, 1.450000, -0.811721
0.700000, 1.450000, -0.498004
0.750000, 1.450000, -0.206229
0.800000, 1.450000, -0.181143
0.850000, 1.450000, -0.532185
0.900000, 1.450000, -1.182635
0.950000, 1.450000, -1.904600
1.000000, 1.450000, -2.423911
1.050000, 1.450000, -2.547445
1.100000, 1.450000, -2.255135
1.150000, 1.450000, -1.714710
1.200000, 1.450000, -1.211859
1.250000, 1.450000, -1.026556
1.300000, 1.450000, -1.310563
1.350000, 1.450000, -2.020763
1.400000, 1.450000, -2.938126
1.450000, 1.450000, -3.763873
1.500000, 1.450000, -4.249931
1.550000, 1.450000, -4.305588
1.600000, 1.450000, -4.033028
1.650000, 1.450000, -3.676447
1.700000, 1.450000, -3.508236
1.750000, 1.450000, -3.703886
1.800000, 1.450000, -4.262203
1.850000, 1.450000, -5.006870
1.900000, 1.450000, -5.668664
1.950000, 1.450000, -6.011177
2.000000, 1.450000, -5.943170
0.000000, 1.500000, 0.146370
0.050000, 1.500000, -0.123614
0.100000, 1.500000, -0.107008
0.150000, 1.500000, 0.321542
0.200000, 1.500000, 1.074122
0.250000, 1.500000, 1.881407
0.300000, 1.500000, 2.413733
0.350000, 1.500000, 2.434000
0.400000, 1.500000, 1.909457
0.450000, 1.500000, 1.028870
0.500000, 1.500000, 0.116559
0.550000, 1.500000, -0.516016
0.600000, 1.500000, -0.710746
0.650000, 1.500000, -0.529003
0.700000, 1.500000, -0.212631
0.750000, 1.500000, -0.059385
0.800000, 1.500000, -0.273268
0.850000, 1.500000, -0.862032
0.900000, 1.500000, -1.631309
0.950000, 1.500000, -2.278217
1.000000, 1.500000, -2.539399
1.050000, 1.500000, -2.322098
1.100000, 1.500000, -1.754857
1.150000, 1.500000, -1.132784
1.200000, 1.500000, -0.782869
1.250000, 1.500000, -0.913142
1.300000, 1.500000, -1.517363
1.350000, 1.500000, -2.380487
1.400000, 1.500000, -3.182095
1.450000, 1.500000, -3.648254
1.500000, 1.500000, -3.679328
1.550000, 1.500000, -3.392950
1.600000, 1.500000, -3.062190
1.650000, 1.500000, -2.979241
1.700000, 1.500000, -3.310631
1.750000, 1.500000, -4.013968
1.800000, 1.500000, -4.856577
1.850000, 1.500000, -5.527374
1.900000, 1.500000, -5.788415
1.950000, 1.500000, -5.593283
2.000000, 1.500000, -5.115189
0.000000, 1.550000, 0.345083
0.050000, 1.550000, 0.079726
0.100000, 1.550000, 0.120857
0.150000, 1.550000, 0.597635
0.200000, 1.550000, 1.395843
0.250000, 1.550000, 2.205014
0.300000, 1.550000, 2.668383
0.350000, 1.550000, 2.559815
0.400000, 1.550000, 1.897799
0.450000, 1.550000, 0.938343
0.500000, 1.550000, 0.050078
0.550000, 1.550000, -0.465323
0.600000, 1.550000, -0.516644
0.650000, 1.550000, -0.258327
0.700000, 1.550000, -0.000457
0.750000, 1.550000, -0.040476
0.800000, 1.550000, -0.503332
0.850000, 1.550000, -1.272273
0.900000, 1.550000, -2.045958
0.950000, 1.550000, -2.492822
1.000000, 1.550000, -2.423701
1.050000, 1.550000, -1.894145
1.100000, 1.550000, -1.183529
1.150000, 1.550000, -0.660765
1.200000, 1.550000, -0.604264
1.250000, 1.550000, -1.067164
1.300000, 1.550000, -1.855887
1.350000, 1.550000, -2.632448
1.400000, 1.550000, -3.088062
1.450000, 1.550000, -3.099477
1.500000, 1.550000, -2.788515
1.550000, 1.550000, -2.454960
1.600000, 1.550000, -2.417660
1.650000, 1.550000, -2.845690
1.700000, 1.550000, -3.666467
1.750000, 1.550000, -4.598405
1.800000, 1.550000, -5.291980
1.850000, 1.550000, -5.507585
1.900000, 1.550000, -5.239508
1.950000, 1.550000, -4.722638
2.000000, 1.550000, -4.318044
0.000000, 1.600000, 0.559791
0.050000, 1.600000, 0.291363
0.100000, 1.600000, 0.350083
0.150000, 1.600000, 0.868008
0.200000, 1.600000, 1.701275
0.250000, 1.600000, 2.496258
0.300000, 1.600000, 2.872571
0.350000, 1.600000, 2.624388
0.400000, 1.600000, 1.831318
0.450000, 1.600000, 0.818679
0.500000, 1.600000, -0.011679
0.550000, 1.600000, -0.389036
0.600000, 1.600000, -0.308337
0.650000, 1.600000, -0.019824
0.700000, 1.600000, 0.119443
0.750000, 1.600000, -0.149427
0.800000, 1.600000, -0.837745
0.850000, 1.600000, -1.697101
0.900000, 1.600000, -2.351480
0.950000, 1.600000, -2.502093
1.000000, 1.600000, -2.093617
1.050000, 1.600000, -1.351177
1.100000, 1.600000, -0.667220
1.150000, 1.600000, -0.398655
1.200000, 1.600000, -0.683218
1.250000, 1.600000, -1.373654
1.300000, 1.600000, -2.124569
1.350000, 1.600000, -2.584283
1.400000, 1.600000, -2.587355
1.450000, 1.600000, -2.243386
1.500000, 1.600000, -1.874225
1.550000, 1.600000, -1.834130
1.600000, 1.600000, -2.311073
1.650000, 1.600000, -3.217724
1.700000, 1.600000, -4.232054
1.750000, 1.600000, -4.966334
1.800000, 1.600000, -5.173559
1.850000, 1.600000, -4.879807
1.900000, 1.600000, -4.370965
1.950000, 1.600000, -4.040870
2.000000, 1.600000, -4.182830
0.000000, 1.650000, 0.783766
0.050000, 1.650000, 0.503936
0.100000, 1.650000, 0.573143
0.150000, 1.650000, 1.125245
0.200000, 1.650000, 1.983215
0.250000, 1.650000, 2.748635
0.300000, 1.650000, 3.022004
0.350000, 1.650000, 2.627962
0.400000, 1.650000, 1.716299
0.450000, 1.650000, 0.680616
0.500000, 1.650000, -0.059117
0.550000, 1.650000, -0.285953
0.600000, 1.650000, -0.096599
0.650000, 1.650000, 0.169052
0.700000, 1.650000, 0.137652
0.750000, 1.650000, -0.370357
0.800000, 1.650000, -1.227665
0.850000, 1.650000, -2.066921
0.900000, 1.650000, -2.489497
0.950000, 1.650000, -2.296257
1.000000, 1.650000, -1.607390
1.050000, 1.650000, -0.801779
1.100000, 1.650000, -0.309851
1.150000, 1.650000, -0.377882
1.200000, 1.650000, -0.938082
1.250000, 1.650000, -1.658037
1.300000, 1.650000, -2.140171
1.350000, 1.650000, -2.155890
1.400000, 1.650000, -1.779460
1.450000, 1.650000, -1.344613
1.500000, 1.650000, -1.249084
1.550000, 1.650000, -1.719968
1.600000, 1.650000, -2.675532
1.650000, 1.650000, -3.763818
1.700000, 1.650000, -4.556793
1.750000, 1.650000, -4.789367
1.800000, 1.650000, -4.506643
1.850000, 1.650000, -4.035272
1.900000, 1.650000, -3.795617
1.950000, 1.650000, -4.062589
2.000000, 1.650000, -4.812274
0.000000, 1.700000, 1.010374
0.050000, 1.700000, 0.710657
0.100000, 1.700000, 0.783570
0.150000, 1.700000, 1.363446
0.200000, 1.700000, 2.236417
0.250000, 1.700000, 2.958073
0.300000, 1.700000, 3.115359
0.350000, 1.700000, 2.574140
0.400000, 1.700000, 1.562153
0.450000, 1.700000, 0.536731
0.500000, 1.700000, -0.082820
0.550000, 1.700000, -0.156413
0.600000, 1.700000, 0.107535
0.650000, 1.700000, 0.295436
0.700000, 1.700000, 0.055891
0.750000, 1.700000, -0.672893
0.800000, 1.700000, -1.615056
0.850000, 1.700000, -2.318454
0.900000, 1.700000, -2.427743
0.950000, 1.700000, -1.903109
1.000000, 1.700000, -1.051244
1.050000, 1.700000, -0.348969
1.100000, 1.700000, -0.165742
1.150000, 1.700000, -0.552602
1.200000, 1.700000, -1.224628
1.250000, 1.700000, -1.746354
1.300000, 1.700000, -1.806350
1.350000, 1.700000, -1.413163
1.400000, 1.700000, -0.893049
1.450000, 1.700000, -0.690755
1.500000, 1.700000, -1.094827
1.550000, 1.700000, -2.055097
1.600000, 1.700000, -3.204214
1.650000, 1.700000, -4.071145
1.700000, 1.700000, -4.357872
1.750000, 1.700000, -4.112024
1.800000, 1.700000, -3.691293
1.850000, 1.700000, -3.541896
1.900000, 1.700000, -3.926109
1.950000, 1.700000, -4.764569
2.000000, 1.700000, -5.688894
0.000000, 1.750000, 1.233354
0.050000, 1.750000, 0.905597
0.100000, 1.750000, 0.976223
0.150000, 1.750000, 1.578458
0.200000, 1.750000, 2.457753
0.250000, 1.750000, 3.123017
0.300000, 1.750000, 3.154253
0.350000, 1.750000, 2.469671
0.400000, 1.750000, 1.380923
0.450000, 1.750000, 0.400736
0.500000, 1.750000, -0.074170
0.550000, 1.750000, -0.002263
0.600000, 1.750000, 0.293794
0.650000, 1.750000, 0.352565
0.700000, 1.750000, -0.112686
0.750000, 1.750000, -1.015286
0.800000, 1.750000, -1.940070
0.850000, 1.750000, -2.403915
0.900000, 1.750000, -2.164952
0.950000, 1.750000, -1.381802
1.000000, 1.750000, -0.520063
1.050000, 1.750000, -0.065264
1.100000, 1.750000, -0.225504
1.150000, 1.750000, -0.813450
1.200000, 1.750000, -1.382057
1.250000, 1.750000, -1.525482
1.300000, 1.750000, -1.150714
1.350000, 1.750000, -0.544576
1.400000, 1.750000, -0.192558
1.450000, 1.750000, -0.465790
1.500000, 1.750000, -1.377548
1.550000, 1.750000, -2.566420
1.600000, 1.750000, -3.517880
1.650000, 1.750000, -3.883104
1.700000, 1.750000, -3.691409
1.750000, 1.750000, -3.321003
1.800000, 1.750000, -3.247808
1.850000, 1.750000, -3.734426
1.900000, 1.750000, -4.659438
1.950000, 1.750000, -5.596709
2.000000, 1.750000, -6.093435
0.000000, 1.800000, 1.447052
0.050000, 1.800000, 1.083909
0.100000, 1.800000, 1.147468
0.150000, 1.800000, 1.767976
0.200000, 1.800000, 2.646237
0.250000, 1.800000, 3.244362
0.300000, 1.800000, 3.143051
0.350000, 1.800000, 2.324052
0.400000, 1.800000, 1.186645
0.450000, 1.800000, 0.286672
0.500000, 1.800000, -0.025927
0.550000, 1.800000, 0.173272
0.600000, 1.800000, 0.453649
0.650000, 1.800000, 0.340726
0.700000, 1.800000, -0.344422
0.750000, 1.800000, -1.348946
0.800000, 1.800000, -2.148746
0.850000, 1.800000, -2.297852
0.900000, 1.800000, -1.730422
0.950000, 1.800000, -0.810686
1.000000, 1.800000, -0.096449
1.050000, 1.800000, 0.024646
1.100000, 1.800000, -0.418973
1.150000, 1.800000, -1.019780
1.200000, 1.800000, -1.284399
1.250000, 1.800000, -0.982983
1.300000, 1.800000, -0.316809
1.350000, 1.800000, 0.210372
1.400000, 1.800000, 0.130601
1.450000, 1.800000, -0.669465
1.500000, 1.800000, -1.865515
1.550000, 1.800000, -2.905353
1.600000, 1.800000, -3.370462
1.650000, 1.800000, -3.245738
1.700000, 1.800000, -2.916036
1.750000, 1.800000, -2.893166
1.800000, 1.800000, -3.459362
1.850000, 1.800000, -4.469562
1.900000, 1.800000, -5.446872
1.950000, 1.800000, -5.906618
2.000000, 1.800000, -5.689148
0.000000, 1.850000, 1.646611
0.050000, 1.850000, 1.241972
0.100000, 1.850000, 1.295246
0.150000, 1.850000, 1.931539
0.200000, 1.850000, 2.802923
0.250000, 1.850000, 3.325239
0.300000, 1.850000, 3.088515
0.350000, 1.850000, 2.148982
0.400000, 1.850000, 0.994567
0.450000, 1.850000, 0.208060
0.500000, 1.850000, 0.067245
0.550000, 1.850000, 0.365813
0.600000, 1.850000, 0.581147
0.650000, 1.850000, 0.267548
0.700000, 1.850000, -0.607259
0.750000, 1.850000, -1.623906
0.800000, 1.850000, -2.200000
0.850000, 1.850000, -2.000626
0.900000, 1.850000, -1.178387
0.950000, 1.850000, -0.271629
1.000000, 1.850000, 0.167237
1.050000, 1.850000, -0.050579
1.100000, 1.850000, -0.634420
1.150000, 1.850000, -1.041133
1.200000, 1.850000, -0.881242
1.250000, 1.850000, -0.213092
1.300000, 1.850000, 0.486141
1.350000, 1.850000, 0.652901
1.400000, 1.850000, 0.036616
1.450000, 1.850000, -1.118764
1.500000, 1.850000, -2.240945
1.550000, 1.850000, -2.825590
1.600000, 1.850000, -2.781343
1.650000, 1.850000, -2.479000
1.700000, 1.850000, -2.471271
1.750000, 1.850000, -3.084416
1.800000, 1.850000, -4.174194
1.850000, 1.850000, -5.221070
1.900000, 1.850000, -5.697321
1.950000, 1.850000, -5.444342
2.000000, 1.850000, -4.790754
0.000000, 1.900000, 1.828118
0.050000, 1.900000, 1.377463
0.100000, 1.900000, 1.419073
0.150000, 1.900000, 2.070414
0.200000, 1.900000, 2.930684
0.250000, 1.900000, 3.370687
0.300000, 1.900000, 2.999335
0.350000, 1.900000, 1.957703
0.400000, 1.900000, 0.820301
0.450000, 1.900000, 0.177062
0.500000, 1.900000, 0.208359
0.550000, 1.900000, 0.570137
0.600000, 1.900000, 0.673542
0.650000, 1.900000, 0.147582
0.700000, 1.900000, -0.863799
0.750000, 1.900000, -1.794545
0.800000, 1.900000, -2.070956
0.850000, 1.900000, -1.537993
0.900000, 1.900000, -0.578215
0.950000, 1.900000, 0.166062
1.000000, 1.900000, 0.259930
1.050000, 1.900000, -0.216497
1.100000, 1.900000, -0.748963
1.150000, 1.900000, -0.796003
1.200000, 1.900000, -0.215072
1.250000, 1.900000, 0.613255
1.300000, 1.900000, 1.057528
1.350000, 1.900000, 0.701099
1.400000, 1.900000, -0.347288
1.450000, 1.900000, -1.530780
1.500000, 1.900000, -2.252208
1.550000, 1.900000, -2.307736
1.600000, 1.900000, -2.022723
1.650000, 1.900000, -1.989567
1.700000, 1.900000, -2.605707
1.750000, 1.900000, -3.759651
1.800000, 1.900000, -4.901727
1.850000, 1.900000, -5.447544
1.900000, 1.900000, -5.212340
1.950000, 1.900000, -4.550765
2.000000, 1.900000, -4.096945
0.000000, 1.950000, 1.988710
0.050000, 1.950000, 1.489386
0.100000, 1.950000, 1.519947
0.150000, 1.950000, 2.187409
0.200000, 1.950000, 3.033911
0.250000, 1.950000, 3.387240
0.300000, 1.950000, 2.885583
0.350000, 1.950000, 1.764272
0.400000, 1.950000, 0.678954
0.450000, 1.950000, 0.203709
0.500000, 1.950000, 0.397834
0.550000, 1.950000, 0.780540
0.600000, 1.950000, 0.731660
0.650000, 1.950000, 0.001195
0.700000, 1.950000, -1.075024
0.750000, 1.950000, -1.824909
0.800000, 1.950000, -1.759900
0.850000, 1.950000, -0.956910
0.900000, 1.950000, -0.002211
0.950000, 1.950000, 0.458945
1.000000, 1.950000, 0.213605
1.050000, 1.950000, -0.371739
1.100000, 1.950000, -0.662146
1.150000, 1.950000, -0.276739
1.200000, 1.950000, 0.590254
1.250000, 1.950000, 1.304313
1.300000, 1.950000, 1.276738
1.350000, 1.950000, 0.420701
1.400000, 1.950000, -0.780982
1.450000, 1.950000, -1.649779
1.500000, 1.950000, -1.833562
1.550000, 1.950000, -1.567351
1.600000, 1.950000, -1.469114
1.650000, 1.950000, -2.033025
1.700000, 1.950000, -3.220652
1.750000, 1.950000, -4.473407
1.800000, 1.950000, -5.137958
1.850000, 1.950000, -4.971050
1.900000, 1.950000, -4.327250
1.950000, 1.950000, -3.882009
2.000000, 1.950000, -4.107460
0.000000, 2.000000, 2.126640
0.050000, 2.000000, 1.578027
0.100000, 2.000000, 1.600211
0.150000, 2.000000, 2.286607
0.200000, 2.000000, 3.118147
0.250000, 2.000000, 3.382458
0.300000, 2.000000, 2.758117
0.350000, 2.000000, 1.582816
0.400000, 2.000000, 0.584297
0.450000, 2.000000, 0.295249
0.500000, 2.000000, 0.633377
0.550000, 2.000000, 0.991250
0.600000, 2.000000, 0.759961
0.650000, 2.000000, -0.147125
0.700000, 2.000000, -1.204285
0.750000, 2.000000, -1.692982
0.800000, 2.000000, -1.286466
0.850000, 2.000000, -0.318226
0.900000, 2.000000, 0.486835
0.950000, 2.000000, 0.597353
1.000000, 2.000000, 0.095356
1.050000, 2.000000, -0.413566
1.100000, 2.000000, -0.323822
1.150000, 2.000000, 0.446616
1.200000, 2.000000, 1.366382
1.250000, 2.000000, 1.710577
1.300000, 2.000000, 1.145708
1.350000, 2.000000, -0.001473
1.400000, 2.000000, -1.012429
1.450000, 2.000000, -1.361438
1.500000, 2.000000, -1.135134
1.550000, 2.000000, -0.942424
1.600000, 2.000000, -1.390740
1.650000, 2.000000, -2.562376
1.700000, 2.000000, -3.924644
1.750000, 2.000000, -4.749800
1.800000, 2.000000, -4.700154
1.850000, 2.000000, -4.097129
1.900000, 2.000000, -3.653097
1.950000, 2.000000, -3.887127
2.000000, 2.000000, -4.705803
