0.000000, 0.000000, -4.498192
0.050000, 0.000000, -4.712103
0.100000, 0.000000, -4.905850
0.150000, 0.000000, -5.069192
0.200000, 0.000000, -5.194041
0.250000, 0.000000, -5.275257
0.300000, 0.000000, -5.311168
0.350000, 0.000000, -5.303739
0.400000, 0.000000, -5.258399
0.450000, 0.000000, -5.183524
0.500000, 0.000000, -5.089637
0.550000, 0.000000, -4.988401
0.600000, 0.000000, -4.891499
0.650000, 0.000000, -4.809518
0.700000, 0.000000, -4.750940
0.750000, 0.000000, -4.721340
0.800000, 0.000000, -4.722870
0.850000, 0.000000, -4.754084
0.900000, 0.000000, -4.810107
0.950000, 0.000000, -4.883152
1.000000, 0.000000, -4.963310
1.050000, 0.000000, -5.039562
1.100000, 0.000000, -5.100885
1.150000, 0.000000, -5.137373
1.200000, 0.000000, -5.141237
1.250000, 0.000000, -5.107603
1.300000, 0.000000, -5.035025
1.350000, 0.000000, -4.925654
1.400000, 0.000000, -4.785067
1.450000, 0.000000, -4.621744
1.500000, 0.000000, -4.446273
1.550000, 0.000000, -4.270337
1.600000, 0.000000, -4.105598
1.650000, 0.000000, -3.962581
1.700000, 0.000000, -3.849660
1.750000, 0.000000, -3.772265
1.800000, 0.000000, -3.732362
1.850000, 0.000000, -3.728275
1.900000, 0.000000, -3.754869
1.950000, 0.000000, -3.804053
2.000000, 0.000000, -3.865587
0.000000, 0.050000, -4.412233
0.050000, 0.050000, -4.651828
0.100000, 0.050000, -4.871289
0.150000, 0.050000, -5.060390
0.200000, 0.050000, -5.211054
0.250000, 0.050000, -5.318157
0.300000, 0.050000, -5.380039
0.350000, 0.050000, -5.398677
0.400000, 0.050000, -5.379509
0.450000, 0.050000, -5.330921
0.500000, 0.050000, -5.263444
0.550000, 0.050000, -5.188746
0.600000, 0.050000, -5.118517
0.650000, 0.050000, -5.063346
0.700000, 0.050000, -5.031715
0.750000, 0.050000, -5.029198
0.800000, 0.050000, -5.057947
0.850000, 0.050000, -5.116507
0.900000, 0.050000, -5.199999
0.950000, 0.050000, -5.300625
1.000000, 0.050000, -5.408466
1.050000, 0.050000, -5.512486
1.100000, 0.050000, -5.601650
1.150000, 0.050000, -5.666032
1.200000, 0.050000, -5.697823
1.250000, 0.050000, -5.692127
1.300000, 0.050000, -5.647472
1.350000, 0.050000, -5.565986
1.400000, 0.050000, -5.453215
1.450000, 0.050000, -5.317611
1.500000, 0.050000, -5.169729
1.550000, 0.050000, -5.021220
1.600000, 0.050000, -4.883713
1.650000, 0.050000, -4.767694
1.700000, 0.050000, -4.681504
1.750000, 0.050000, -4.630533
1.800000, 0.050000, -4.616708
1.850000, 0.050000, -4.638318
1.900000, 0.050000, -4.690186
1.950000, 0.050000, -4.764183
2.000000, 0.050000, -4.850027
0.000000, 0.100000, -4.152238
0.050000, 0.100000, -4.417547
0.100000, 0.100000, -4.662690
0.150000, 0.100000, -4.877362
0.200000, 0.100000, -5.053410
0.250000, 0.100000, -5.185632
0.300000, 0.100000, -5.272290
0.350000, 0.100000, -5.315282
0.400000, 0.100000, -5.319972
0.450000, 0.100000, -5.294666
0.500000, 0.100000, -5.249820
0.550000, 0.100000, -5.197027
0.600000, 0.100000, -5.147900
0.650000, 0.100000, -5.112954
0.700000, 0.100000, -5.100599
0.750000, 0.100000, -5.116335
0.800000, 0.100000, -5.162243
0.850000, 0.100000, -5.236799
0.900000, 0.100000, -5.335055
0.950000, 0.100000, -5.449146
1.000000, 0.100000, -5.569089
1.050000, 0.100000, -5.683785
1.100000, 0.100000, -5.782138
1.150000, 0.100000, -5.854163
1.200000, 0.100000, -5.891996
1.250000, 0.100000, -5.890688
1.300000, 0.100000, -5.848717
1.350000, 0.100000, -5.768163
1.400000, 0.100000, -5.654527
1.450000, 0.100000, -5.516223
1.500000, 0.100000, -5.363767
1.550000, 0.100000, -5.208779
1.600000, 0.100000, -5.062856
1.650000, 0.100000, -4.936462
1.700000, 0.100000, -4.837916
1.750000, 0.100000, -4.772592
1.800000, 0.100000, -4.742408
1.850000, 0.100000, -4.745643
1.900000, 0.100000, -4.777120
1.950000, 0.100000, -4.828713
2.000000, 0.100000, -4.890151
0.000000, 0.150000, -3.742637
0.050000, 0.150000, -4.033705
0.100000, 0.150000, -4.304419
0.150000, 0.150000, -4.544217
0.200000, 0.150000, -4.744687
0.250000, 0.150000, -4.900375
0.300000, 0.150000, -5.009295
0.350000, 0.150000, -5.073107
0.400000, 0.150000, -5.096944
0.450000, 0.150000, -5.088893
0.500000, 0.150000, -5.059200
0.550000, 0.150000, -5.019263
0.600000, 0.150000, -4.980514
0.650000, 0.150000, -4.953304
0.700000, 0.150000, -4.945893
0.750000, 0.150000, -4.963652
0.800000, 0.150000, -5.008547
0.850000, 0.150000, -5.078963
0.900000, 0.150000, -5.169878
0.950000, 0.150000, -5.273375
1.000000, 0.150000, -5.379440
1.050000, 0.150000, -5.476965
1.100000, 0.150000, -5.554866
1.150000, 0.150000, -5.603193
1.200000, 0.150000, -5.614138
1.250000, 0.150000, -5.582830
1.300000, 0.150000, -5.507846
1.350000, 0.150000, -5.391389
1.400000, 0.150000, -5.239103
1.450000, 0.150000, -5.059562
1.500000, 0.150000, -4.863466
1.550000, 0.150000, -4.662634
1.600000, 0.150000, -4.468883
1.650000, 0.150000, -4.292912
1.700000, 0.150000, -4.143291
1.750000, 0.150000, -4.025660
1.800000, 0.150000, -3.942216
1.850000, 0.150000, -3.891529
1.900000, 0.150000, -3.868723
1.950000, 0.150000, -3.865984
2.000000, 0.150000, -3.873356
0.000000, 0.200000, -3.221485
0.050000, 0.200000, -3.538368
0.100000, 0.200000, -3.834467
0.150000, 0.200000, -4.098686
0.200000, 0.200000, -4.322098
0.250000, 0.200000, -4.498749
0.300000, 0.200000, -4.626177
0.350000, 0.200000, -4.705600
0.400000, 0.200000, -4.741738
0.450000, 0.200000, -4.742313
0.500000, 0.200000, -4.717247
0.550000, 0.200000, -4.677667
0.600000, 0.200000, -4.634786
0.650000, 0.200000, -4.598790
0.700000, 0.200000, -4.577838
0.750000, 0.200000, -4.577259
0.800000, 0.200000, -4.599039
0.850000, 0.200000, -4.641647
0.900000, 0.200000, -4.700208
0.950000, 0.200000, -4.767016
1.000000, 0.200000, -4.832326
1.050000, 0.200000, -4.885361
1.100000, 0.200000, -4.915423
1.150000, 0.200000, -4.913001
1.200000, 0.200000, -4.870778
1.250000, 0.200000, -4.784417
1.300000, 0.200000, -4.653069
1.350000, 0.200000, -4.479545
1.400000, 0.200000, -4.270128
1.450000, 0.200000, -4.034052
1.500000, 0.200000, -3.782695
1.550000, 0.200000, -3.528560
1.600000, 0.200000, -3.284154
1.650000, 0.200000, -3.060860
1.700000, 0.200000, -2.867920
1.750000, 0.200000, -2.711627
1.800000, 0.200000, -2.594805
1.850000, 0.200000, -2.516620
1.900000, 0.200000, -2.472751
1.950000, 0.200000, -2.455892
2.000000, 0.200000, -2.456547
0.000000, 0.250000, -2.636741
0.050000, 0.250000, -2.979511
0.100000, 0.250000, -3.300729
0.150000, 0.250000, -3.588414
0.200000, 0.250000, -3.832788
0.250000, 0.250000, -4.027100
0.300000, 0.250000, -4.168154
0.350000, 0.250000, -4.256515
0.400000, 0.250000, -4.296350
0.450000, 0.250000, -4.294929
0.500000, 0.250000, -4.261843
0.550000, 0.250000, -4.208008
0.600000, 0.250000, -4.144562
0.650000, 0.250000, -4.081750
0.700000, 0.250000, -4.027923
0.750000, 0.250000, -3.988739
0.800000, 0.250000, -3.966649
0.850000, 0.250000, -3.960710
0.900000, 0.250000, -3.966756
0.950000, 0.250000, -3.977899
1.000000, 0.250000, -3.985309
1.050000, 0.250000, -3.979213
1.100000, 0.250000, -3.949979
1.150000, 0.250000, -3.889221
1.200000, 0.250000, -3.790777
1.250000, 0.250000, -3.651483
1.300000, 0.250000, -3.471661
1.350000, 0.250000, -3.255266
1.400000, 0.250000, -3.009685
1.450000, 0.250000, -2.745195
1.500000, 0.250000, -2.474133
1.550000, 0.250000, -2.209865
1.600000, 0.250000, -1.965645
1.650000, 0.250000, -1.753470
1.700000, 0.250000, -1.583054
1.750000, 0.250000, -1.461006
1.800000, 0.250000, -1.390301
1.850000, 0.250000, -1.370081
1.900000, 0.250000, -1.395825
1.950000, 0.250000, -1.459850
2.000000, 0.250000, -1.552100
0.000000, 0.300000, -2.041588
0.050000, 0.300000, -2.410329
0.100000, 0.300000, -2.756322
0.150000, 0.300000, -3.066270
0.200000, 0.300000, -3.329153
0.250000, 0.300000, -3.537090
0.300000, 0.300000, -3.685903
0.350000, 0.300000, -3.775350
0.400000, 0.300000, -3.808991
0.450000, 0.300000, -3.793713
0.500000, 0.300000, -3.738959
0.550000, 0.300000, -3.655748
0.600000, 0.300000, -3.555566
0.650000, 0.300000, -3.449255
0.700000, 0.300000, -3.346003
0.750000, 0.300000, -3.252524
0.800000, 0.300000, -3.172525
0.850000, 0.300000, -3.106497
0.900000, 0.300000, -3.051848
0.950000, 0.300000, -3.003371
1.000000, 0.300000, -2.953988
1.050000, 0.300000, -2.895697
1.100000, 0.300000, -2.820628
1.150000, 0.300000, -2.722090
1.200000, 0.300000, -2.595514
1.250000, 0.300000, -2.439181
1.300000, 0.300000, -2.254672
1.350000, 0.300000, -2.046976
1.400000, 0.300000, -1.824260
1.450000, 0.300000, -1.597293
1.500000, 0.300000, -1.378605
1.550000, 0.300000, -1.181429
1.600000, 0.300000, -1.018558
1.650000, 0.300000, -0.901199
1.700000, 0.300000, -0.837946
1.750000, 0.300000, -0.833978
1.800000, 0.300000, -0.890547
1.850000, 0.300000, -1.004806
1.900000, 0.300000, -1.170013
1.950000, 0.300000, -1.376069
2.000000, 0.300000, -1.610357
0.000000, 0.350000, -1.489235
0.050000, 0.350000, -1.884043
0.100000, 0.350000, -2.254391
0.150000, 0.350000, -2.585159
0.200000, 0.350000, -2.863652
0.250000, 0.350000, -3.080527
0.300000, 0.350000, -3.230426
0.350000, 0.350000, -3.312251
0.400000, 0.350000, -3.329075
0.450000, 0.350000, -3.287696
0.500000, 0.350000, -3.197882
0.550000, 0.350000, -3.071381
0.600000, 0.350000, -2.920810
0.650000, 0.350000, -2.758511
0.700000, 0.350000, -2.595492
0.750000, 0.350000, -2.440568
0.800000, 0.350000, -2.299749
0.850000, 0.350000, -2.175962
0.900000, 0.350000, -2.069110
0.950000, 0.350000, -1.976446
1.000000, 0.350000, -1.893239
1.050000, 0.350000, -1.813634
1.100000, 0.350000, -1.731625
1.150000, 0.350000, -1.642032
1.200000, 0.350000, -1.541378
1.250000, 0.350000, -1.428562
1.300000, 0.350000, -1.305267
1.350000, 0.350000, -1.176049
1.400000, 0.350000, -1.048088
1.450000, 0.350000, -0.930627
1.500000, 0.350000, -0.834147
1.550000, 0.350000, -0.769356
1.600000, 0.350000, -0.746098
1.650000, 0.350000, -0.772275
1.700000, 0.350000, -0.852909
1.750000, 0.350000, -0.989429
1.800000, 0.350000, -1.179260
1.850000, 0.350000, -1.415764
1.900000, 0.350000, -1.688546
1.950000, 0.350000, -1.984108
2.000000, 0.350000, -2.286784
0.000000, 0.400000, -1.027727
0.050000, 0.400000, -1.448707
0.100000, 0.400000, -1.842912
0.150000, 0.400000, -2.192827
0.200000, 0.400000, -2.483622
0.250000, 0.400000, -2.704194
0.300000, 0.400000, -2.847899
0.350000, 0.400000, -2.912907
0.400000, 0.400000, -2.902165
0.450000, 0.400000, -2.822976
0.500000, 0.400000, -2.686239
0.550000, 0.400000, -2.505433
0.600000, 0.400000, -2.295438
0.650000, 0.400000, -2.071304
0.700000, 0.400000, -1.847092
0.750000, 0.400000, -1.634871
0.800000, 0.400000, -1.443978
0.850000, 0.400000, -1.280585
0.900000, 0.400000, -1.147603
0.950000, 0.400000, -1.044916
1.000000, 0.400000, -0.969907
1.050000, 0.400000, -0.918204
1.100000, 0.400000, -0.884552
1.150000, 0.400000, -0.863723
1.200000, 0.400000, -0.851355
1.250000, 0.400000, -0.844617
1.300000, 0.400000, -0.842650
1.350000, 0.400000, -0.846713
1.400000, 0.400000, -0.860031
1.450000, 0.400000, -0.887361
1.500000, 0.400000, -0.934314
1.550000, 0.400000, -1.006519
1.600000, 0.400000, -1.108712
1.650000, 0.400000, -1.243858
1.700000, 0.400000, -1.412405
1.750000, 0.400000, -1.611756
1.800000, 0.400000, -1.836032
1.850000, 0.400000, -2.076168
1.900000, 0.400000, -2.320340
1.950000, 0.400000, -2.554712
2.000000, 0.400000, -2.764427
0.000000, 0.450000, -0.695255
0.050000, 0.450000, -1.142521
0.100000, 0.450000, -1.560009
0.150000, 0.450000, -1.927178
0.200000, 0.450000, -2.226599
0.250000, 0.450000, -2.445175
0.300000, 0.450000, -2.575023
0.350000, 0.450000, -2.613931
0.400000, 0.450000, -2.565379
0.450000, 0.450000, -2.438115
0.500000, 0.450000, -2.245349
0.550000, 0.450000, -2.003622
0.600000, 0.450000, -1.731484
0.650000, 0.450000, -1.448062
0.700000, 0.450000, -1.171679
0.750000, 0.450000, -0.918613
0.800000, 0.450000, -0.702102
0.850000, 0.450000, -0.531670
0.900000, 0.450000, -0.412813
0.950000, 0.450000, -0.347039
1.000000, 0.450000, -0.332251
1.050000, 0.450000, -0.363398
1.100000, 0.450000, -0.433318
1.150000, 0.450000, -0.533676
1.200000, 0.450000, -0.655892
1.250000, 0.450000, -0.791968
1.300000, 0.450000, -0.935136
1.350000, 0.450000, -1.080259
1.400000, 0.450000, -1.223975
1.450000, 0.450000, -1.364574
1.500000, 0.450000, -1.501646
1.550000, 0.450000, -1.635554
1.600000, 0.450000, -1.766814
1.650000, 0.450000, -1.895471
1.700000, 0.450000, -2.020545
1.750000, 0.450000, -2.139644
1.800000, 0.450000, -2.248788
1.850000, 0.450000, -2.342489
1.900000, 0.450000, -2.414084
1.950000, 0.450000, -2.456310
2.000000, 0.450000, -2.462054
0.000000, 0.500000, -0.516440
0.050000, 0.500000, -0.990116
0.100000, 0.500000, -1.430235
0.150000, 0.500000, -1.812557
0.200000, 0.500000, -2.116605
0.250000, 0.500000, -2.327161
0.300000, 0.500000, -2.435341
0.350000, 0.500000, -2.439188
0.400000, 0.500000, -2.343713
0.450000, 0.500000, -2.160420
0.500000, 0.500000, -1.906335
0.550000, 0.500000, -1.602647
0.600000, 0.500000, -1.273071
0.650000, 0.500000, -0.942069
0.700000, 0.500000, -0.633081
0.750000, 0.500000, -0.366893
0.800000, 0.500000, -0.160293
0.850000, 0.500000, -0.025074
0.900000, 0.500000, 0.032514
0.950000, 0.500000, 0.011879
1.000000, 0.500000, -0.082252
1.050000, 0.500000, -0.240540
1.100000, 0.500000, -0.450059
1.150000, 0.500000, -0.695498
1.200000, 0.500000, -0.960468
1.250000, 0.500000, -1.228757
1.300000, 0.500000, -1.485467
1.350000, 0.500000, -1.717914
1.400000, 0.500000, -1.916264
1.450000, 0.500000, -2.073855
1.500000, 0.500000, -2.187224
1.550000, 0.500000, -2.255858
1.600000, 0.500000, -2.281741
1.650000, 0.500000, -2.268755
1.700000, 0.500000, -2.222024
1.750000, 0.500000, -2.147284
1.800000, 0.500000, -2.050330
1.850000, 0.500000, -1.936621
1.900000, 0.500000, -1.811039
1.950000, 0.500000, -1.677840
2.000000, 0.500000, -1.540753
0.000000, 0.550000, -0.499943
0.050000, 0.550000, -1.000158
0.100000, 0.550000, -1.462181
0.150000, 0.550000, -1.857360
0.200000, 0.550000, -2.161765
0.250000, 0.550000, -2.358066
0.300000, 0.550000, -2.436870
0.350000, 0.550000, -2.397427
0.400000, 0.550000, -2.247647
0.450000, 0.550000, -2.003434
0.500000, 0.550000, -1.687386
0.550000, 0.550000, -1.326997
0.600000, 0.550000, -0.952483
0.650000, 0.550000, -0.594433
0.700000, 0.550000, -0.281474
0.750000, 0.550000, -0.038119
0.800000, 0.550000, 0.117005
0.850000, 0.550000, 0.172441
0.900000, 0.550000, 0.124588
0.950000, 0.550000, -0.022242
1.000000, 0.550000, -0.256377
1.050000, 0.550000, -0.559912
1.100000, 0.550000, -0.910264
1.150000, 0.550000, -1.282058
1.200000, 0.550000, -1.649152
1.250000, 0.550000, -1.986647
1.300000, 0.550000, -2.272724
1.350000, 0.550000, -2.490166
1.400000, 0.550000, -2.627456
1.450000, 0.550000, -2.679393
1.500000, 0.550000, -2.647182
1.550000, 0.550000, -2.538040
1.600000, 0.550000, -2.364356
1.650000, 0.550000, -2.142504
1.700000, 0.550000, -1.891430
1.750000, 0.550000, -1.631123
1.800000, 0.550000, -1.381110
1.850000, 0.550000, -1.159083
1.900000, 0.550000, -0.979767
1.950000, 0.550000, -0.854082
2.000000, 0.550000, -0.788656
0.000000, 0.600000, -0.637644
0.050000, 0.600000, -1.164532
0.100000, 0.600000, -1.647657
0.150000, 0.600000, -2.053214
0.200000, 0.600000, -2.353486
0.250000, 0.600000, -2.529223
0.300000, 0.600000, -2.571290
0.350000, 0.600000, -2.481459
0.400000, 0.600000, -2.272255
0.450000, 0.600000, -1.965898
0.500000, 0.600000, -1.592413
0.550000, 0.600000, -1.187085
0.600000, 0.600000, -0.787473
0.650000, 0.600000, -0.430242
0.700000, 0.600000, -0.148095
0.750000, 0.600000, 0.032957
0.800000, 0.600000, 0.095725
0.850000, 0.600000, 0.033222
0.900000, 0.600000, -0.150845
0.950000, 0.600000, -0.442484
1.000000, 0.600000, -0.818701
1.050000, 0.600000, -1.249535
1.100000, 0.600000, -1.700668
1.150000, 0.600000, -2.136372
1.200000, 0.600000, -2.522556
1.250000, 0.600000, -2.829627
1.300000, 0.600000, -3.034957
1.350000, 0.600000, -3.124712
1.400000, 0.600000, -3.094929
1.450000, 0.600000, -2.951732
1.500000, 0.600000, -2.710700
1.550000, 0.600000, -2.395438
1.600000, 0.600000, -2.035485
1.650000, 0.600000, -1.663759
1.700000, 0.600000, -1.313736
1.750000, 0.600000, -1.016641
1.800000, 0.600000, -0.798851
1.850000, 0.600000, -0.679760
1.900000, 0.600000, -0.670252
1.950000, 0.600000, -0.771919
2.000000, 0.600000, -0.977066
0.000000, 0.650000, -0.905457
0.050000, 0.650000, -1.459155
0.100000, 0.650000, -1.962506
0.150000, 0.650000, -2.375798
0.200000, 0.650000, -2.667285
0.250000, 0.650000, -2.816205
0.300000, 0.650000, -2.814774
0.350000, 0.650000, -2.668954
0.400000, 0.650000, -2.397916
0.450000, 0.650000, -2.032270
0.500000, 0.650000, -1.611206
0.550000, 0.650000, -1.178831
0.600000, 0.650000, -0.780037
0.650000, 0.650000, -0.456305
0.700000, 0.650000, -0.241823
0.750000, 0.650000, -0.160291
0.800000, 0.650000, -0.222725
0.850000, 0.650000, -0.426444
0.900000, 0.650000, -0.755360
0.950000, 0.650000, -1.181521
1.000000, 0.650000, -1.667776
1.050000, 0.650000, -2.171305
1.100000, 0.650000, -2.647676
1.150000, 0.650000, -3.055054
1.200000, 0.650000, -3.358158
1.250000, 0.650000, -3.531594
1.300000, 0.650000, -3.562258
1.350000, 0.650000, -3.450565
1.400000, 0.650000, -3.210412
1.450000, 0.650000, -2.867854
1.500000, 0.650000, -2.458644
1.550000, 0.650000, -2.024846
1.600000, 0.650000, -1.610863
1.650000, 0.650000, -1.259235
1.700000, 0.650000, -1.006624
1.750000, 0.650000, -0.880341
1.800000, 0.650000, -0.895767
1.850000, 0.650000, -1.054894
1.900000, 0.650000, -1.346125
1.950000, 0.650000, -1.745357
2.000000, 0.650000, -2.218243
0.000000, 0.700000, -1.265722
0.050000, 0.700000, -1.846367
0.100000, 0.700000, -2.368993
0.150000, 0.700000, -2.787231
0.200000, 0.700000, -3.065176
0.250000, 0.700000, -3.181221
0.300000, 0.700000, -3.130365
0.350000, 0.700000, -2.924779
0.400000, 0.700000, -2.592547
0.450000, 0.700000, -2.174731
0.500000, 0.700000, -1.721061
0.550000, 0.700000, -1.284714
0.600000, 0.700000, -0.916732
0.650000, 0.700000, -0.660666
0.700000, 0.700000, -0.548017
0.750000, 0.700000, -0.594956
0.800000, 0.700000, -0.800667
0.850000, 0.700000, -1.147476
0.900000, 0.700000, -1.602776
0.950000, 0.700000, -2.122512
1.000000, 0.700000, -2.655876
1.050000, 0.700000, -3.150703
1.100000, 0.700000, -3.559004
1.150000, 0.700000, -3.842045
1.200000, 0.700000, -3.974428
1.250000, 0.700000, -3.946767
1.300000, 0.700000, -3.766651
1.350000, 0.700000, -3.457812
1.400000, 0.700000, -3.057589
1.450000, 0.700000, -2.612948
1.500000, 0.700000, -2.175498
1.550000, 0.700000, -1.796020
1.600000, 0.700000, -1.519090
1.650000, 0.700000, -1.378378
1.700000, 0.700000, -1.393101
1.750000, 0.700000, -1.566013
1.800000, 0.700000, -1.883138
1.850000, 0.700000, -2.315272
1.900000, 0.700000, -2.821086
1.950000, 0.700000, -3.351506
2.000000, 0.700000, -3.854886
0.000000, 0.750000, -1.670916
0.050000, 0.750000, -2.278644
0.100000, 0.750000, -2.819523
0.150000, 0.750000, -3.239783
0.200000, 0.750000, -3.499390
0.250000, 0.750000, -3.576831
0.300000, 0.750000, -3.471679
0.350000, 0.750000, -3.204648
0.400000, 0.750000, -2.815119
0.450000, 0.750000, -2.356458
0.500000, 0.750000, -1.889667
0.550000, 0.750000, -1.476153
0.600000, 0.750000, -1.170474
0.650000, 0.750000, -1.013928
0.700000, 0.750000, -1.029750
0.750000, 0.750000, -1.220489
0.800000, 0.750000, -1.567864
0.850000, 0.750000, -2.035100
0.900000, 0.750000, -2.571461
0.950000, 0.750000, -3.118413
1.000000, 0.750000, -3.616676
1.050000, 0.750000, -4.013308
1.100000, 0.750000, -4.267977
1.150000, 0.750000, -4.357665
1.200000, 0.750000, -4.279266
1.250000, 0.750000, -4.049765
1.300000, 0.750000, -3.704009
1.350000, 0.750000, -3.290357
1.400000, 0.750000, -2.864744
1.450000, 0.750000, -2.483899
1.500000, 0.750000, -2.198528
1.550000, 0.750000, -2.047306
1.600000, 0.750000, -2.052369
1.650000, 0.750000, -2.216852
1.700000, 0.750000, -2.524747
1.750000, 0.750000, -2.943066
1.800000, 0.750000, -3.426023
1.850000, 0.750000, -3.920715
1.900000, 0.750000, -4.373579
1.950000, 0.750000, -4.736842
2.000000, 0.750000, -4.974184
0.000000, 0.800000, -2.068334
0.050000, 0.800000, -2.703281
0.100000, 0.800000, -3.261319
0.150000, 0.800000, -3.680566
0.200000, 0.800000, -3.917059
0.250000, 0.800000, -3.950629
0.300000, 0.800000, -3.787569
0.350000, 0.800000, -3.459716
0.400000, 0.800000, -3.020115
0.450000, 0.800000, -2.535835
0.500000, 0.800000, -2.078954
0.550000, 0.800000, -1.716917
0.600000, 0.800000, -1.503594
0.650000, 0.800000, -1.472250
0.700000, 0.800000, -1.631348
0.750000, 0.800000, -1.963752
0.800000, 0.800000, -2.429392
0.850000, 0.800000, -2.971003
0.900000, 0.800000, -3.522127
0.950000, 0.800000, -4.016245
1.000000, 0.800000, -4.395805
1.050000, 0.800000, -4.619883
1.100000, 0.800000, -4.669464
1.150000, 0.800000, -4.549644
1.200000, 0.800000, -4.288485
1.250000, 0.800000, -3.932729
1.300000, 0.800000, -3.541019
1.350000, 0.800000, -3.175577
1.400000, 0.800000, -2.893541
1.450000, 0.800000, -2.739150
1.500000, 0.800000, -2.737867
1.550000, 0.800000, -2.893219
1.600000, 0.800000, -3.186769
1.650000, 0.800000, -3.581166
1.700000, 0.800000, -4.025796
1.750000, 0.800000, -4.464210
1.800000, 0.800000, -4.842239
1.850000, 0.800000, -5.115642
1.900000, 0.800000, -5.256200
1.950000, 0.800000, -5.255416
2.000000, 0.800000, -5.125316
0.000000, 0.850000, -2.405287
0.050000, 0.850000, -3.067580
0.100000, 0.850000, -3.641614
0.150000, 0.850000, -4.056721
0.200000, 0.850000, -4.265406
0.250000, 0.850000, -4.250430
0.300000, 0.850000, -4.027280
0.350000, 0.850000, -3.641669
0.400000, 0.850000, -3.162461
0.450000, 0.850000, -2.671143
0.500000, 0.850000, -2.249475
0.550000, 0.850000, -1.967220
0.600000, 0.850000, -1.871837
0.650000, 0.850000, -1.981708
0.700000, 0.850000, -2.283897
0.750000, 0.850000, -2.736727
0.800000, 0.850000, -3.276742
0.850000, 0.850000, -3.828893
0.900000, 0.850000, -4.318341
0.950000, 0.850000, -4.682023
1.000000, 0.850000, -4.878158
1.050000, 0.850000, -4.892266
1.100000, 0.850000, -4.738786
1.150000, 0.850000, -4.458111
1.200000, 0.850000, -4.109577
1.250000, 0.850000, -3.761586
1.300000, 0.850000, -3.480448
1.350000, 0.850000, -3.319777
1.400000, 0.850000, -3.312096
1.450000, 0.850000, -3.463989
1.500000, 0.850000, -3.755534
1.550000, 0.850000, -4.144055
1.600000, 0.850000, -4.571534
1.650000, 0.850000, -4.974456
1.700000, 0.850000, -5.294451
1.750000, 0.850000, -5.487984
1.800000, 0.850000, -5.533522
1.850000, 0.850000, -5.435011
1.900000, 0.850000, -5.221086
1.950000, 0.850000, -4.940178
2.000000, 0.850000, -4.652297
0.000000, 0.900000, -2.634285
0.050000, 0.900000, -3.324047
0.100000, 0.900000, -3.912845
0.150000, 0.900000, -4.320611
0.200000, 0.900000, -4.496942
0.250000, 0.900000, -4.429450
0.300000, 0.900000, -4.145606
0.350000, 0.900000, -3.707791
0.400000, 0.900000, -3.202453
0.450000, 0.900000, -2.725260
0.500000, 0.900000, -2.364861
0.550000, 0.900000, -2.188048
0.600000, 0.900000, -2.228878
0.650000, 0.900000, -2.483599
0.700000, 0.900000, -2.912172
0.750000, 0.900000, -3.446063
0.800000, 0.900000, -4.000840
0.850000, 0.900000, -4.491316
0.900000, 0.900000, -4.846527
0.950000, 0.900000, -5.021926
1.000000, 0.900000, -5.006642
1.050000, 0.900000, -4.824619
1.100000, 0.900000, -4.529471
1.150000, 0.900000, -4.194093
1.200000, 0.900000, -3.896930
1.250000, 0.900000, -3.707422
1.300000, 0.900000, -3.673282
1.350000, 0.900000, -3.811885
1.400000, 0.900000, -4.107310
1.450000, 0.900000, -4.513561
1.500000, 0.900000, -4.963332
1.550000, 0.900000, -5.380718
1.600000, 0.900000, -5.695535
1.650000, 0.900000, -5.856619
1.700000, 0.900000, -5.841661
1.750000, 0.900000, -5.661764
1.800000, 0.900000, -5.359836
1.850000, 0.900000, -5.003077
1.900000, 0.900000, -4.670872
1.950000, 0.900000, -4.440250
2.000000, 0.900000, -4.371524
0.000000, 0.950000, -2.717723
0.050000, 0.950000, -3.435067
0.100000, 0.950000, -4.037330
0.150000, 0.950000, -4.434502
0.200000, 0.950000, -4.574143
0.250000, 0.950000, -4.450986
0.300000, 0.950000, -4.107523
0.350000, 0.950000, -3.625522
0.400000, 0.950000, -3.110160
0.450000, 0.950000, -2.669880
0.500000, 0.950000, -2.395891
0.550000, 0.950000, -2.345271
0.600000, 0.950000, -2.530911
0.650000, 0.950000, -2.920153
0.700000, 0.950000, -3.442302
0.750000, 0.950000, -4.003409
0.800000, 0.950000, -4.505353
0.850000, 0.950000, -4.865391
0.900000, 0.950000, -5.032320
0.950000, 0.950000, -4.996069
1.000000, 0.950000, -4.788901
1.050000, 0.950000, -4.478042
1.100000, 0.950000, -4.151310
1.150000, 0.950000, -3.898683
1.200000, 0.950000, -3.793534
1.250000, 0.950000, -3.877360
1.300000, 0.950000, -4.151063
1.350000, 0.950000, -4.574576
1.400000, 0.950000, -5.074913
1.450000, 0.950000, -5.561043
1.500000, 0.950000, -5.942608
1.550000, 0.950000, -6.148705
1.600000, 0.950000, -6.142956
1.650000, 0.950000, -5.931749
1.700000, 0.950000, -5.563954
1.750000, 0.950000, -5.122040
1.800000, 0.950000, -4.706281
1.850000, 0.950000, -4.415109
1.900000, 0.950000, -4.325468
1.950000, 0.950000, -4.477061
2.000000, 0.950000, -4.863645
0.000000, 1.000000, -2.631598
0.050000, 1.000000, -3.376624
0.100000, 1.000000, -3.990989
0.150000, 1.000000, -4.374283
0.200000, 1.000000, -4.473169
0.250000, 1.000000, -4.292113
0.300000, 1.000000, -3.891856
0.350000, 1.000000, -3.376031
0.400000, 1.000000, -2.868868
0.450000, 1.000000, -2.488808
0.500000, 1.000000, -2.323737
0.550000, 1.000000, -2.413123
0.600000, 1.000000, -2.740844
0.650000, 1.000000, -3.240125
0.700000, 1.000000, -3.809381
0.750000, 1.000000, -4.335388
0.800000, 1.000000, -4.718629
0.850000, 1.000000, -4.895242
0.900000, 1.000000, -4.850753
0.950000, 1.000000, -4.622618
1.000000, 1.000000, -4.291100
1.050000, 1.000000, -3.960543
1.100000, 1.000000, -3.735261
1.150000, 1.000000, -3.695426
1.200000, 1.000000, -3.878348
1.250000, 1.000000, -4.269343
1.300000, 1.000000, -4.804284
1.350000, 1.000000, -5.383336
1.400000, 1.000000, -5.892900
1.450000, 1.000000, -6.230966
1.500000, 1.000000, -6.330287
1.550000, 1.000000, -6.174221
1.600000, 1.000000, -5.801676
1.650000, 1.000000, -5.299936
1.700000, 1.000000, -4.786807
1.750000, 1.000000, -4.385850
1.800000, 1.000000, -4.200008
1.850000, 1.000000, -4.289302
1.900000, 1.000000, -4.657463
1.950000, 1.000000, -5.250404
2.000000, 1.000000, -5.966954
0.000000, 1.050000, -2.367889
0.050000, 1.050000, -3.140683
0.100000, 1.050000, -3.765724
0.150000, 1.050000, -4.131847
0.200000, 1.050000, -4.186243
0.250000, 1.050000, -3.946055
0.300000, 1.050000, -3.493604
0.350000, 1.050000, -2.956464
0.400000, 1.050000, -2.477203
0.450000, 1.050000, -2.179994
0.500000, 1.050000, -2.142065
0.550000, 1.050000, -2.376696
0.600000, 1.050000, -2.831717
0.650000, 1.050000, -3.403693
0.700000, 1.050000, -3.964247
0.750000, 1.050000, -4.392059
0.800000, 1.050000, -4.602745
0.850000, 1.050000, -4.569390
0.900000, 1.050000, -4.328768
0.950000, 1.050000, -3.971797
1.000000, 1.050000, -3.620582
1.050000, 1.050000, -3.397664
1.100000, 1.050000, -3.395009
1.150000, 1.050000, -3.650313
1.200000, 1.050000, -4.136485
1.250000, 1.050000, -4.766960
1.300000, 1.050000, -5.415691
1.350000, 1.050000, -5.947088
1.400000, 1.050000, -6.248756
1.450000, 1.050000, -6.259151
1.500000, 1.050000, -5.983445
1.550000, 1.050000, -5.493686
1.600000, 1.050000, -4.913072
1.650000, 1.050000, -4.387942
1.700000, 1.050000, -4.054064
1.750000, 1.050000, -4.005149
1.800000, 1.050000, -4.271032
1.850000, 1.050000, -4.810692
1.900000, 1.050000, -5.521745
1.950000, 1.050000, -6.264178
2.000000, 1.050000, -6.892679
0.000000, 1.100000, -1.935379
0.050000, 1.100000, -2.736014
0.100000, 1.100000, -3.370244
0.150000, 1.100000, -3.715915
0.200000, 1.100000, -3.722472
0.250000, 1.100000, -3.422989
0.300000, 1.100000, -2.924701
0.350000, 1.100000, -2.380622
0.400000, 1.100000, -1.949718
0.450000, 1.100000, -1.756082
0.500000, 1.100000, -1.857750
0.550000, 1.100000, -2.233215
0.600000, 1.100000, -2.789017
0.650000, 1.100000, -3.386231
0.700000, 1.100000, -3.878716
0.750000, 1.100000, -4.152895
0.800000, 1.100000, -4.158494
0.850000, 1.100000, -3.922077
0.900000, 1.100000, -3.539787
0.950000, 1.100000, -3.151233
1.000000, 1.100000, -2.901467
1.050000, 1.100000, -2.901176
1.100000, 1.100000, -3.195707
1.150000, 1.100000, -3.751254
1.200000, 1.100000, -4.462021
1.250000, 1.100000, -5.176632
1.300000, 1.100000, -5.737005
1.350000, 1.100000, -6.019536
1.400000, 1.100000, -5.967820
1.450000, 1.100000, -5.608271
1.500000, 1.100000, -5.044466
1.550000, 1.100000, -4.431549
1.600000, 1.100000, -3.937279
1.650000, 1.100000, -3.699745
1.700000, 1.100000, -3.792699
1.750000, 1.100000, -4.207435
1.800000, 1.100000, -4.855846
1.850000, 1.100000, -5.593780
1.900000, 1.100000, -6.258517
1.950000, 1.100000, -6.710563
2.000000, 1.100000, -6.868852
0.000000, 1.150000, -1.358833
0.050000, 1.150000, -2.187362
0.100000, 1.150000, -2.829236
0.150000, 1.150000, -3.151208
0.200000, 1.150000, -3.107017
0.250000, 1.150000, -2.749197
0.300000, 1.150000, -2.213130
0.350000, 1.150000, -1.677996
0.400000, 1.150000, -1.315856
0.450000, 1.150000, -1.243406
0.500000, 1.150000, -1.490156
0.550000, 1.150000, -1.991976
0.600000, 1.150000, -2.611688
0.650000, 1.150000, -3.180575
0.700000, 1.150000, -3.548722
0.750000, 1.150000, -3.629549
0.800000, 1.150000, -3.425640
0.850000, 1.150000, -3.028367
0.900000, 1.150000, -2.591376
0.950000, 1.150000, -2.285571
1.000000, 1.150000, -2.248598
1.050000, 1.150000, -2.543446
1.100000, 1.150000, -3.138221
1.150000, 1.150000, -3.913108
1.200000, 1.150000, -4.692730
1.250000, 1.150000, -5.294814
1.300000, 1.150000, -5.581387
1.350000, 1.150000, -5.497912
1.400000, 1.150000, -5.089193
1.450000, 1.150000, -4.487449
1.500000, 1.150000, -3.875888
1.550000, 1.150000, -3.438063
1.600000, 1.150000, -3.307333
1.650000, 1.150000, -3.530707
1.700000, 1.150000, -4.057215
1.750000, 1.150000, -4.753953
1.800000, 1.150000, -5.445057
1.850000, 1.150000, -5.962334
1.900000, 1.150000, -6.193012
1.950000, 1.150000, -6.110961
2.000000, 1.150000, -5.782535
0.000000, 1.200000, -0.676605
0.050000, 1.200000, -1.533061
0.100000, 1.200000, -2.180977
0.150000, 1.200000, -2.476061
0.200000, 1.200000, -2.378702
0.250000, 1.200000, -1.964662
0.300000, 1.200000, -1.400462
0.350000, 1.200000, -0.891251
0.400000, 1.200000, -0.617396
0.450000, 1.200000, -0.679530
0.500000, 1.200000, -1.069034
0.550000, 1.200000, -1.672979
0.600000, 1.200000, -2.311779
0.650000, 1.200000, -2.797587
0.700000, 1.200000, -2.995014
0.750000, 1.200000, -2.865059
0.800000, 1.200000, -2.478389
0.850000, 1.200000, -1.993743
0.900000, 1.200000, -1.608120
0.950000, 1.200000, -1.494331
1.000000, 1.200000, -1.745428
1.050000, 1.200000, -2.343526
1.100000, 1.200000, -3.162895
1.150000, 1.200000, -4.006639
1.200000, 1.200000, -4.665747
1.250000, 1.200000, -4.982375
1.300000, 1.200000, -4.897800
1.350000, 1.200000, -4.470247
1.400000, 1.200000, -3.857071
1.450000, 1.200000, -3.266793
1.500000, 1.200000, -2.895833
1.550000, 1.200000, -2.869452
1.600000, 1.200000, -3.205088
1.650000, 1.200000, -3.809253
1.700000, 1.200000, -4.508726
1.750000, 1.200000, -5.106115
1.800000, 1.200000, -5.442319
1.850000, 1.200000, -5.446332
1.900000, 1.200000, -5.156849
1.950000, 1.200000, -4.708981
2.000000, 1.200000, -4.290336
0.000000, 1.250000, 0.063079
0.050000, 1.250000, -0.821314
0.100000, 1.250000, -1.473618
0.150000, 1.250000, -1.738702
0.200000, 1.250000, -1.586290
0.250000, 1.250000, -1.119316
0.300000, 1.250000, -0.538078
0.350000, 1.250000, -0.072383
0.400000, 1.250000, 0.095393
0.450000, 1.250000, -0.109555
0.500000, 1.250000, -0.631272
0.550000, 1.250000, -1.304423
0.600000, 1.250000, -1.912800
0.650000, 1.250000, -2.264972
0.700000, 1.250000, -2.261302
0.750000, 1.250000, -1.929506
0.800000, 1.250000, -1.416583
0.850000, 1.250000, -0.939700
0.900000, 1.250000, -0.712561
0.950000, 1.250000, -0.872105
1.000000, 1.250000, -1.430372
1.050000, 1.250000, -2.267950
1.100000, 1.250000, -3.171455
1.150000, 1.250000, -3.902671
1.200000, 1.250000, -4.276324
1.250000, 1.250000, -4.220505
1.300000, 1.250000, -3.799580
1.350000, 1.250000, -3.191972
1.400000, 1.250000, -2.630363
1.450000, 1.250000, -2.324423
1.500000, 1.250000, -2.391979
1.550000, 1.250000, -2.821658
1.600000, 1.250000, -3.479326
1.650000, 1.250000, -4.155914
1.700000, 1.250000, -4.640220
1.750000, 1.250000, -4.791929
1.800000, 1.250000, -4.590034
1.850000, 1.250000, -4.140225
1.900000, 1.250000, -3.638701
1.950000, 1.250000, -3.304666
2.000000, 1.250000, -3.304364
0.000000, 1.300000, 0.806813
0.050000, 1.300000, -0.105505
0.100000, 1.300000, -0.760492
0.150000, 1.300000, -0.992564
0.200000, 1.300000, -0.783787
0.250000, 1.300000, -0.268339
0.300000, 1.300000, 0.317586
0.350000, 1.300000, 0.722067
0.400000, 1.300000, 0.768515
0.450000, 1.300000, 0.418432
0.500000, 1.300000, -0.216827
0.550000, 1.300000, -0.919345
0.600000, 1.300000, -1.446975
0.650000, 1.300000, -1.624481
0.700000, 1.300000, -1.410031
0.750000, 1.300000, -0.912596
0.800000, 1.300000, -0.353717
0.850000, 1.300000, 0.012593
0.900000, 1.300000, -0.007267
0.950000, 1.300000, -0.474653
1.000000, 1.300000, -1.294159
1.050000, 1.300000, -2.245527
1.100000, 1.300000, -3.060673
1.150000, 1.300000, -3.518089
1.200000, 1.300000, -3.520594
1.250000, 1.300000, -3.128425
1.300000, 1.300000, -2.535846
1.350000, 1.300000, -1.999908
1.400000, 1.300000, -1.747336
1.450000, 1.300000, -1.893348
1.500000, 1.300000, -2.401800
1.550000, 1.300000, -3.100943
1.600000, 1.300000, -3.748789
1.650000, 1.300000, -4.124024
1.700000, 1.300000, -4.109101
1.750000, 1.300000, -3.735022
1.800000, 1.300000, -3.171323
1.850000, 1.300000, -2.664756
1.900000, 1.300000, -2.448931
1.950000, 1.300000, -2.657820
2.000000, 1.300000, -3.274735
0.000000, 1.350000, 1.501198
0.050000, 1.350000, 0.560997
0.100000, 1.350000, -0.094922
0.150000, 1.350000, -0.291092
0.200000, 1.350000, -0.025249
0.250000, 1.350000, 0.533071
0.300000, 1.350000, 1.110297
0.350000, 1.350000, 1.436300
0.400000, 1.350000, 1.349468
0.450000, 1.350000, 0.858325
0.500000, 1.350000, 0.135741
0.550000, 1.350000, -0.551771
0.600000, 1.350000, -0.951715
0.650000, 1.350000, -0.927774
0.700000, 1.350000, -0.516177
0.750000, 1.350000, 0.086071
0.800000, 1.350000, 0.596739
0.850000, 1.350000, 0.758278
0.900000, 1.350000, 0.439145
0.950000, 1.350000, -0.313151
1.000000, 1.350000, -1.288196
1.050000, 1.350000, -2.191909
1.100000, 1.350000, -2.758190
1.150000, 1.350000, -2.849599
1.200000, 1.350000, -2.508026
1.250000, 1.350000, -1.935802
1.300000, 1.350000, -1.414893
1.350000, 1.350000, -1.195936
1.400000, 1.350000, -1.400587
1.450000, 1.350000, -1.975328
1.500000, 1.350000, -2.714671
1.550000, 1.350000, -3.344432
1.600000, 1.350000, -3.632211
1.650000, 1.350000, -3.481518
1.700000, 1.350000, -2.972394
1.750000, 1.350000, -2.332347
1.800000, 1.350000, -1.848727
1.850000, 1.350000, -1.756686
1.900000, 1.350000, -2.146501
1.950000, 1.350000, -2.926571
2.000000, 1.350000, -3.856729
0.000000, 1.400000, 2.098045
0.050000, 1.400000, 1.130027
0.100000, 1.400000, 0.474972
0.150000, 1.400000, 0.317453
0.200000, 1.400000, 0.640428
0.250000, 1.400000, 1.234910
0.300000, 1.400000, 1.789272
0.350000, 1.400000, 2.020520
0.400000, 1.400000, 1.792409
0.450000, 1.400000, 1.170868
0.500000, 1.400000, 0.393651
0.550000, 1.400000, -0.232802
0.600000, 1.400000, -0.465672
0.650000, 1.400000, -0.231361
0.700000, 1.400000, 0.340306
0.750000, 1.400000, 0.967943
0.800000, 1.400000, 1.335035
0.850000, 1.400000, 1.222219
0.900000, 1.400000, 0.599979
0.950000, 1.400000, -0.357229
1.000000, 1.400000, -1.341500
1.050000, 1.400000, -2.037318
1.100000, 1.400000, -2.250214
1.150000, 1.400000, -1.984621
1.200000, 1.400000, -1.438591
1.250000, 1.400000, -0.917934
1.300000, 1.400000, -0.706062
1.350000, 1.400000, -0.944328
1.400000, 1.400000, -1.573149
1.450000, 1.400000, -2.358553
1.500000, 1.400000, -2.992854
1.550000, 1.400000, -3.226945
1.600000, 1.400000, -2.978354
1.650000, 1.400000, -2.369378
1.700000, 1.400000, -1.678902
1.750000, 1.400000, -1.227824
1.800000, 1.400000, -1.245910
1.850000, 1.400000, -1.775787
1.900000, 1.400000, -2.654319
1.950000, 1.400000, -3.579241
2.000000, 1.400000, -4.233245
0.000000, 1.450000, 2.559056
0.050000, 1.450000, 1.563319
0.100000, 1.450000, 0.910965
0.150000, 1.450000, 0.794683
0.200000, 1.450000, 1.174192
0.250000, 1.450000, 1.797089
0.300000, 1.450000, 2.313927
0.350000, 1.450000, 2.435669
0.400000, 1.450000, 2.062767
0.450000, 1.450000, 1.327956
0.500000, 1.450000, 0.533747
0.550000, 1.450000, 0.012949
0.600000, 1.450000, -0.024787
0.650000, 1.450000, 0.408885
0.700000, 1.450000, 1.082634
0.750000, 1.450000, 1.646477
0.800000, 1.450000, 1.787114
0.850000, 1.450000, 1.368014
0.900000, 1.450000, 0.491416
0.950000, 1.450000, -0.545672
1.000000, 1.450000, -1.381878
1.050000, 1.450000, -1.750024
1.100000, 1.450000, -1.592977
1.150000, 1.450000, -1.085189
1.200000, 1.450000, -0.550625
1.250000, 1.450000, -0.314305
1.300000, 1.450000, -0.554386
1.350000, 1.450000, -1.221380
1.400000, 1.450000, -2.060865
1.450000, 1.450000, -2.729394
1.500000, 1.450000, -2.951418
1.550000, 1.450000, -2.646448
1.600000, 1.450000, -1.969037
1.650000, 1.450000, -1.243216
1.700000, 1.450000, -0.820445
1.750000, 1.450000, -0.924502
1.800000, 1.450000, -1.552680
1.850000, 1.450000, -2.477474
1.900000, 1.450000, -3.347937
1.950000, 1.450000, -3.845270
2.000000, 1.450000, -3.822944
0.000000, 1.500000, 2.859546
0.050000, 1.500000, 1.836220
0.100000, 1.500000, 1.188440
0.150000, 1.500000, 1.115798
0.200000, 1.500000, 1.550569
0.250000, 1.500000, 2.193170
0.300000, 1.500000, 2.657634
0.350000, 1.500000, 2.657168
0.400000, 1.500000, 2.140833
0.450000, 1.500000, 1.315903
0.500000, 1.500000, 0.545398
0.550000, 1.500000, 0.170179
0.600000, 1.500000, 0.341264
0.650000, 1.500000, 0.943114
0.700000, 1.500000, 1.645103
0.750000, 1.500000, 2.056867
0.800000, 1.500000, 1.913417
0.850000, 1.500000, 1.201488
0.900000, 1.500000, 0.166665
0.950000, 1.500000, -0.802217
1.000000, 1.500000, -1.356180
1.050000, 1.500000, -1.349299
1.100000, 1.500000, -0.904153
1.150000, 1.500000, -0.348608
1.200000, 1.500000, -0.054645
1.250000, 1.500000, -0.256843
1.300000, 1.500000, -0.937819
1.350000, 1.500000, -1.835704
1.400000, 1.500000, -2.570147
1.450000, 1.500000, -2.826398
1.500000, 1.500000, -2.509069
1.550000, 1.500000, -1.791585
1.600000, 1.500000, -1.037247
1.650000, 1.500000, -0.629314
1.700000, 1.500000, -0.791087
1.750000, 1.500000, -1.481845
1.800000, 1.500000, -2.418182
1.850000, 1.500000, -3.210330
1.900000, 1.500000, -3.548078
1.950000, 1.500000, -3.347267
2.000000, 1.500000, -2.786852
0.000000, 1.550000, 2.990834
0.050000, 1.550000, 1.940080
0.100000, 1.550000, 1.298779
0.150000, 1.550000, 1.271982
0.200000, 1.550000, 1.760055
0.250000, 1.550000, 2.412789
0.300000, 1.550000, 2.810161
0.350000, 1.550000, 2.677310
0.400000, 1.550000, 2.023979
0.450000, 1.550000, 1.137347
0.500000, 1.550000, 0.432114
0.550000, 1.550000, 0.234672
0.600000, 1.550000, 0.611877
0.650000, 1.550000, 1.332263
0.700000, 1.550000, 1.979933
0.750000, 1.550000, 2.163440
0.800000, 1.550000, 1.713416
0.850000, 1.550000, 0.768319
0.900000, 1.550000, -0.295370
0.950000, 1.550000, -1.052963
1.000000, 1.550000, -1.244763
1.050000, 1.550000, -0.904189
1.100000, 1.550000, -0.335885
1.150000, 1.550000, 0.044568
1.200000, 1.550000, -0.072913
1.250000, 1.550000, -0.731170
1.300000, 1.550000, -1.681610
1.350000, 1.550000, -2.510114
1.400000, 1.550000, -2.848886
1.450000, 1.550000, -2.566078
1.500000, 1.550000, -1.836234
1.550000, 1.550000, -1.055287
1.600000, 1.550000, -0.643058
1.650000, 1.550000, -0.833567
1.700000, 1.550000, -1.559687
1.750000, 1.550000, -2.490574
1.800000, 1.550000, -3.202447
1.850000, 1.550000, -3.395377
1.900000, 1.550000, -3.045400
1.950000, 1.550000, -2.414423
2.000000, 1.550000, -1.913080
0.000000, 1.600000, 2.961060
0.050000, 1.600000, 1.883076
0.100000, 1.600000, 1.250190
0.150000, 1.600000, 1.271221
0.200000, 1.600000, 1.809949
0.250000, 1.600000, 2.462498
0.300000, 1.600000, 2.778520
0.350000, 1.600000, 2.506057
0.400000, 1.600000, 1.727275
0.450000, 1.600000, 0.811575
0.500000, 1.600000, 0.211720
0.550000, 1.600000, 0.213845
0.600000, 1.600000, 0.777318
0.650000, 1.600000, 1.551735
0.700000, 1.600000, 2.062351
0.750000, 1.600000, 1.963866
0.800000, 1.600000, 1.225354
0.850000, 1.600000, 0.146328
0.900000, 1.600000, -0.804699
0.950000, 1.600000, -1.241725
1.000000, 1.600000, -1.066730
1.050000, 1.600000, -0.518087
1.100000, 1.600000, -0.036127
1.150000, 1.600000, -0.019215
1.200000, 1.600000, -0.603061
1.250000, 1.600000, -1.583350
1.300000, 1.600000, -2.523968
1.350000, 1.600000, -2.992405
1.400000, 1.600000, -2.794808
1.450000, 1.600000, -2.083179
1.500000, 1.600000, -1.276408
1.550000, 1.600000, -0.837570
1.600000, 1.600000, -1.027771
1.650000, 1.600000, -1.769477
1.700000, 1.600000, -2.692912
1.750000, 1.600000, -3.339937
1.800000, 1.600000, -3.414531
1.850000, 1.600000, -2.943874
1.900000, 1.600000, -2.262644
1.950000, 1.600000, -1.829112
2.000000, 1.600000, -1.972951
0.000000, 1.650000, 2.794374
0.050000, 1.650000, 1.689391
0.100000, 1.650000, 1.066881
0.150000, 1.650000, 1.137488
0.200000, 1.650000, 1.723539
0.250000, 1.650000, 2.364969
0.300000, 1.650000, 2.586176
0.350000, 1.650000, 2.170177
0.400000, 1.650000, 1.282425
0.450000, 1.650000, 0.373215
0.500000, 1.650000, -0.084998
0.550000, 1.650000, 0.125993
0.600000, 1.650000, 0.839341
0.650000, 1.650000, 1.593659
0.700000, 1.650000, 1.893359
0.750000, 1.650000, 1.489679
0.800000, 1.650000, 0.521253
0.850000, 1.650000, -0.566298
0.900000, 1.650000, -1.275486
0.950000, 1.650000, -1.340222
1.000000, 1.650000, -0.874693
1.050000, 1.650000, -0.302660
1.100000, 1.650000, -0.108296
1.150000, 1.650000, -0.552292
1.200000, 1.650000, -1.516930
1.250000, 1.650000, -2.569642
1.300000, 1.650000, -3.208907
1.350000, 1.650000, -3.151415
1.400000, 1.650000, -2.495535
1.450000, 1.650000, -1.667061
1.500000, 1.650000, -1.178178
1.550000, 1.650000, -1.337783
1.600000, 1.650000, -2.079180
1.650000, 1.650000, -3.003642
1.700000, 1.650000, -3.614267
1.750000, 1.650000, -3.605255
1.800000, 1.650000, -3.039970
1.850000, 1.650000, -2.315200
1.900000, 1.650000, -1.932086
1.950000, 1.650000, -2.205443
2.000000, 1.650000, -3.078789
0.000000, 1.700000, 2.528542
0.050000, 1.700000, 1.396829
0.100000, 1.700000, 0.786675
0.150000, 1.700000, 0.908357
0.200000, 1.700000, 1.537727
0.250000, 1.700000, 2.156633
0.300000, 1.700000, 2.270677
0.350000, 1.700000, 1.710790
0.400000, 1.700000, 0.735125
0.450000, 1.700000, -0.130611
0.500000, 1.700000, -0.417019
0.550000, 1.700000, -0.001685
0.600000, 1.700000, 0.810611
0.650000, 1.700000, 1.467518
0.700000, 1.700000, 1.499884
0.750000, 1.700000, 0.803031
0.800000, 1.700000, -0.302129
0.850000, 1.700000, -1.265045
0.900000, 1.700000, -1.639281
0.950000, 1.700000, -1.351179
1.000000, 1.700000, -0.740316
1.050000, 1.700000, -0.347535
1.100000, 1.700000, -0.580003
1.150000, 1.700000, -1.457552
1.200000, 1.700000, -2.595155
1.250000, 1.700000, -3.432700
1.300000, 1.700000, -3.572736
1.350000, 1.700000, -3.021044
1.400000, 1.700000, -2.183811
1.450000, 1.700000, -1.623042
1.500000, 1.700000, -1.718703
1.550000, 1.700000, -2.442655
1.600000, 1.700000, -3.381367
1.650000, 1.700000, -3.993019
1.700000, 1.700000, -3.942060
1.750000, 1.700000, -3.307250
1.800000, 1.700000, -2.536240
1.850000, 1.700000, -2.174067
1.900000, 1.700000, -2.530582
1.950000, 1.700000, -3.489179
2.000000, 1.700000, -4.573400
0.000000, 1.750000, 2.211235
0.050000, 1.750000, 1.053097
0.100000, 1.750000, 0.457296
0.150000, 1.750000, 0.631285
0.200000, 1.750000, 1.299317
0.250000, 1.750000, 1.883978
0.300000, 1.750000, 1.879942
0.350000, 1.750000, 1.179568
0.400000, 1.750000, 0.141072
0.450000, 1.750000, -0.644413
0.500000, 1.750000, -0.736981
0.550000, 1.750000, -0.136081
0.600000, 1.750000, 0.713004
0.650000, 1.750000, 1.199098
0.700000, 1.750000, 0.932269
0.750000, 1.750000, -0.009990
0.800000, 1.750000, -1.135245
0.850000, 1.750000, -1.853280
0.900000, 1.750000, -1.854086
0.950000, 1.750000, -1.303968
1.000000, 1.750000, -0.734062
1.050000, 1.750000, -0.693322
1.100000, 1.750000, -1.389441
1.150000, 1.750000, -2.548993
1.200000, 1.750000, -3.587246
1.250000, 1.750000, -3.979111
1.300000, 1.750000, -3.593359
1.350000, 1.750000, -2.775699
1.400000, 1.750000, -2.127436
1.450000, 1.750000, -2.121802
1.500000, 1.750000, -2.804164
1.550000, 1.750000, -3.768244
1.600000, 1.750000, -4.423095
1.650000, 1.750000, -4.378710
1.700000, 1.750000, -3.701952
1.750000, 1.750000, -2.877846
1.800000, 1.750000, -2.500660
1.850000, 1.750000, -2.892955
1.900000, 1.750000, -3.897222
1.950000, 1.750000, -4.974063
2.000000, 1.750000, -5.544118
0.000000, 1.800000, 1.895341
0.050000, 1.800000, 0.711125
0.100000, 1.800000, 0.131683
0.150000, 1.800000, 0.358932
0.200000, 1.800000, 1.060342
0.250000, 1.800000, 1.598886
0.300000, 1.800000, 1.467576
0.350000, 1.800000, 0.633939
0.400000, 1.800000, -0.439001
0.450000, 1.800000, -1.109355
0.500000, 1.800000, -0.995825
0.550000, 1.800000, -0.241865
0.600000, 1.800000, 0.574997
0.650000, 1.800000, 0.827875
0.700000, 1.800000, 0.259347
0.750000, 1.800000, -0.848744
0.800000, 1.800000, -1.869072
0.850000, 1.800000, -2.254616
0.900000, 1.800000, -1.907955
0.950000, 1.800000, -1.244007
1.000000, 1.800000, -0.904017
1.050000, 1.800000, -1.315002
1.100000, 1.800000, -2.393649
1.150000, 1.800000, -3.595894
1.200000, 1.800000, -4.279248
1.250000, 1.800000, -4.133014
1.300000, 1.800000, -3.385458
1.350000, 1.800000, -2.647877
1.400000, 1.800000, -2.501319
1.450000, 1.800000, -3.105777
1.500000, 1.800000, -4.096298
1.550000, 1.800000, -4.835915
1.600000, 1.800000, -4.853486
1.650000, 1.800000, -4.169222
1.700000, 1.800000, -3.286740
1.750000, 1.800000, -2.856457
1.800000, 1.800000, -3.237862
1.850000, 1.800000, -4.256877
1.900000, 1.800000, -5.322570
1.950000, 1.800000, -5.824256
2.000000, 1.800000, -5.540309
0.000000, 1.850000, 1.633780
0.050000, 1.850000, 0.423866
0.100000, 1.850000, -0.137200
0.150000, 1.850000, 0.143971
0.200000, 1.850000, 0.872879
0.250000, 1.850000, 1.353458
0.300000, 1.850000, 1.087669
0.350000, 1.850000, 0.131787
0.400000, 1.850000, -0.944785
0.450000, 1.850000, -1.468704
0.500000, 1.850000, -1.147764
0.550000, 1.850000, -0.285486
0.600000, 1.850000, 0.428440
0.650000, 1.850000, 0.403100
0.700000, 1.850000, -0.438435
0.750000, 1.850000, -1.609085
0.800000, 1.850000, -2.408123
0.850000, 1.850000, -2.421753
0.900000, 1.850000, -1.816844
0.950000, 1.850000, -1.218483
1.000000, 1.850000, -1.258960
1.050000, 1.850000, -2.120310
1.100000, 1.850000, -3.397231
1.150000, 1.850000, -4.378819
1.200000, 1.850000, -4.548909
1.250000, 1.850000, -3.948853
1.300000, 1.850000, -3.144539
1.350000, 1.850000, -2.821484
1.400000, 1.850000, -3.296844
1.450000, 1.850000, -4.296219
1.500000, 1.850000, -5.154094
1.550000, 1.850000, -5.294492
1.600000, 1.850000, -4.648477
1.650000, 1.850000, -3.710100
1.700000, 1.850000, -3.190215
1.750000, 1.850000, -3.514400
1.800000, 1.850000, -4.522526
1.850000, 1.850000, -5.583881
1.900000, 1.850000, -6.045671
1.950000, 1.850000, -5.695154
2.000000, 1.850000, -4.906214
0.000000, 1.900000, 1.474302
0.050000, 1.900000, 0.239115
0.100000, 1.900000, -0.301560
0.150000, 1.900000, 0.033893
0.200000, 1.900000, 0.783864
0.250000, 1.900000, 1.194830
0.300000, 1.900000, 0.789579
0.350000, 1.900000, -0.273879
0.400000, 1.900000, -1.321841
0.450000, 1.900000, -1.673182
0.500000, 1.900000, -1.155066
0.550000, 1.900000, -0.239054
0.600000, 1.900000, 0.305064
0.650000, 1.900000, -0.021015
0.700000, 1.900000, -1.077133
0.750000, 1.900000, -2.194831
0.800000, 1.900000, -2.681565
0.850000, 1.900000, -2.340712
0.900000, 1.900000, -1.617523
0.950000, 1.900000, -1.261726
1.000000, 1.900000, -1.760004
1.050000, 1.900000, -2.964247
1.100000, 1.900000, -4.194852
1.150000, 1.900000, -4.742381
1.200000, 1.900000, -4.392309
1.250000, 1.900000, -3.580213
1.300000, 1.900000, -3.061597
1.350000, 1.900000, -3.344182
1.400000, 1.900000, -4.308259
1.450000, 1.900000, -5.299566
1.500000, 1.900000, -5.624726
1.550000, 1.900000, -5.077399
1.600000, 1.900000, -4.100132
1.650000, 1.900000, -3.459870
1.700000, 1.900000, -3.679614
1.750000, 1.900000, -4.651551
1.800000, 1.900000, -5.721102
1.850000, 1.900000, -6.178554
1.900000, 1.900000, -5.789691
1.950000, 1.900000, -4.967800
2.000000, 1.900000, -4.458496
0.000000, 1.950000, 1.454815
0.050000, 1.950000, 0.194815
0.100000, 1.950000, -0.323457
0.150000, 1.950000, 0.066329
0.200000, 1.950000, 0.830420
0.250000, 1.950000, 1.160502
0.300000, 1.950000, 0.613219
0.350000, 1.950000, -0.539744
0.400000, 1.950000, -1.526517
0.450000, 1.950000, -1.685712
0.500000, 1.950000, -0.992170
0.550000, 1.950000, -0.083672
0.600000, 1.950000, 0.233094
0.650000, 1.950000, -0.390550
0.700000, 1.950000, -1.577855
0.750000, 1.950000, -2.528398
0.800000, 1.950000, -2.651084
0.850000, 1.950000, -2.030107
0.900000, 1.950000, -1.357204
0.950000, 1.950000, -1.383622
1.000000, 1.950000, -2.323248
1.050000, 1.950000, -3.676983
1.100000, 1.950000, -4.617201
1.150000, 1.950000, -4.630633
1.200000, 1.950000, -3.914745
1.250000, 1.950000, -3.216481
1.300000, 1.950000, -3.240789
1.350000, 1.950000, -4.094556
1.400000, 1.950000, -5.203485
1.450000, 1.950000, -5.767202
1.500000, 1.950000, -5.394218
1.550000, 1.950000, -4.416725
1.600000, 1.950000, -3.636903
1.650000, 1.950000, -3.703530
1.700000, 1.950000, -4.608514
1.750000, 1.950000, -5.698695
1.800000, 1.950000, -6.193091
1.850000, 1.950000, -5.798340
1.900000, 1.950000, -4.938104
1.950000, 1.950000, -4.416084
2.000000, 1.950000, -4.778103
0.000000, 2.000000, 1.599656
0.050000, 2.000000, 0.315345
0.100000, 2.000000, -0.178521
0.150000, 2.000000, 0.265332
0.200000, 2.000000, 1.036140
0.250000, 2.000000, 1.274626
0.300000, 2.000000, 0.585306
0.350000, 2.000000, -0.636045
0.400000, 2.000000, -1.529857
0.450000, 2.000000, -1.485080
0.500000, 2.000000, -0.648708
0.550000, 2.000000, 0.188129
0.600000, 2.000000, 0.234321
0.650000, 2.000000, -0.657061
0.700000, 2.000000, -1.874861
0.750000, 2.000000, -2.559365
0.800000, 2.000000, -2.314609
0.850000, 2.000000, -1.535851
0.900000, 2.000000, -1.082104
0.950000, 2.000000, -1.563831
1.000000, 2.000000, -2.833423
1.050000, 2.000000, -4.099109
1.100000, 2.000000, -4.569115
1.150000, 2.000000, -4.095832
1.200000, 2.000000, -3.289724
1.250000, 2.000000, -3.009804
1.300000, 2.000000, -3.651330
1.350000, 2.000000, -4.818338
1.400000, 2.000000, -5.651114
1.450000, 2.000000, -5.538501
1.500000, 2.000000, -4.627429
1.550000, 2.000000, -3.709007
1.600000, 2.000000, -3.574367
1.650000, 2.000000, -4.370502
1.700000, 2.000000, -5.486360
1.750000, 2.000000, -6.062375
1.800000, 2.000000, -5.702769
1.850000, 2.000000, -4.803026
1.900000, 2.000000, -4.222425
1.950000, 2.000000, -4.571728
2.000000, 2.000000, -5.703662
