0.000000, 0.000000, 2.060282
0.050000, 0.000000, 1.921432
0.100000, 0.000000, 1.835080
0.150000, 0.000000, 1.804788
0.200000, 0.000000, 1.831741
0.250000, 0.000000, 1.914883
0.300000, 0.000000, 2.051161
0.350000, 0.000000, 2.235857
0.400000, 0.000000, 2.462996
0.450000, 0.000000, 2.725786
0.500000, 0.000000, 3.017077
0.550000, 0.000000, 3.329807
0.600000, 0.000000, 3.657411
0.650000, 0.000000, 3.994166
0.700000, 0.000000, 4.335456
0.750000, 0.000000, 4.677942
0.800000, 0.000000, 5.019636
0.850000, 0.000000, 5.359868
0.900000, 0.000000, 5.699154
0.950000, 0.000000, 6.038987
1.000000, 0.000000, 6.381549
1.050000, 0.000000, 6.729380
1.100000, 0.000000, 7.085020
1.150000, 0.000000, 7.450652
1.200000, 0.000000, 7.827768
1.250000, 0.000000, 8.216884
1.300000, 0.000000, 8.617331
1.350000, 0.000000, 9.027119
1.400000, 0.000000, 9.442912
1.450000, 0.000000, 9.860091
1.500000, 0.000000, 10.272935
1.550000, 0.000000, 10.674877
1.600000, 0.000000, 11.058857
1.650000, 0.000000, 11.417725
1.700000, 0.000000, 11.744689
1.750000, 0.000000, 12.033771
1.800000, 0.000000, 12.280256
1.850000, 0.000000, 12.481091
1.900000, 0.000000, 12.635219
1.950000, 0.000000, 12.743825
2.000000, 0.000000, 12.810472
0.000000, 0.050000, 1.988989
0.050000, 0.050000, 1.877026
0.100000, 0.050000, 1.814209
0.150000, 0.050000, 1.802071
0.200000, 0.050000, 1.840070
0.250000, 0.050000, 1.925813
0.300000, 0.050000, 2.055379
0.350000, 0.050000, 2.223700
0.400000, 0.050000, 2.424984
0.450000, 0.050000, 2.653149
0.500000, 0.050000, 2.902241
0.550000, 0.050000, 3.166817
0.600000, 0.050000, 3.442262
0.650000, 0.050000, 3.725027
0.700000, 0.050000, 4.012773
0.750000, 0.050000, 4.304421
0.800000, 0.050000, 4.600095
0.850000, 0.050000, 4.900972
0.900000, 0.050000, 5.209058
0.950000, 0.050000, 5.526884
1.000000, 0.050000, 5.857170
1.050000, 0.050000, 6.202460
1.100000, 0.050000, 6.564766
1.150000, 0.050000, 6.945241
1.200000, 0.050000, 7.343899
1.250000, 0.050000, 7.759418
1.300000, 0.050000, 8.189022
1.350000, 0.050000, 8.628476
1.400000, 0.050000, 9.072172
1.450000, 0.050000, 9.513329
1.500000, 0.050000, 9.944281
1.550000, 0.050000, 10.356857
1.600000, 0.050000, 10.742805
1.650000, 0.050000, 11.094277
1.700000, 0.050000, 11.404303
1.750000, 0.050000, 11.667268
1.800000, 0.050000, 11.879333
1.850000, 0.050000, 12.038788
1.900000, 0.050000, 12.146315
1.950000, 0.050000, 12.205134
2.000000, 0.050000, 12.221027
0.000000, 0.100000, 1.790880
0.050000, 0.100000, 1.702452
0.100000, 0.100000, 1.657815
0.150000, 0.100000, 1.656806
0.200000, 0.100000, 1.697577
0.250000, 0.100000, 1.776897
0.300000, 0.100000, 1.890526
0.350000, 0.100000, 2.033609
0.400000, 0.100000, 2.201093
0.450000, 0.100000, 2.388121
0.500000, 0.100000, 2.590386
0.550000, 0.100000, 2.804422
0.600000, 0.100000, 3.027815
0.650000, 0.100000, 3.259319
0.700000, 0.100000, 3.498879
0.750000, 0.100000, 3.747550
0.800000, 0.100000, 4.007329
0.850000, 0.100000, 4.280902
0.900000, 0.100000, 4.571333
0.950000, 0.100000, 4.881710
1.000000, 0.100000, 5.214774
1.050000, 0.100000, 5.572560
1.100000, 0.100000, 5.956061
1.150000, 0.100000, 6.364966
1.200000, 0.100000, 6.797461
1.250000, 0.100000, 7.250129
1.300000, 0.100000, 7.717956
1.350000, 0.100000, 8.194443
1.400000, 0.100000, 8.671821
1.450000, 0.100000, 9.141372
1.500000, 0.100000, 9.593824
1.550000, 0.100000, 10.019814
1.600000, 0.100000, 10.410392
1.650000, 0.100000, 10.757526
1.700000, 0.100000, 11.054603
1.750000, 0.100000, 11.296878
1.800000, 0.100000, 11.481844
1.850000, 0.100000, 11.609519
1.900000, 0.100000, 11.682607
1.950000, 0.100000, 11.706536
2.000000, 0.100000, 11.689354
0.000000, 0.150000, 1.520947
0.050000, 0.150000, 1.450674
0.100000, 0.150000, 1.417165
0.150000, 0.150000, 1.419016
0.200000, 0.150000, 1.453601
0.250000, 0.150000, 1.517429
0.300000, 0.150000, 1.606530
0.350000, 0.150000, 1.716844
0.400000, 0.150000, 1.844596
0.450000, 0.150000, 1.986623
0.500000, 0.150000, 2.140641
0.550000, 0.150000, 2.305424
0.600000, 0.150000, 2.480900
0.650000, 0.150000, 2.668136
0.700000, 0.150000, 2.869238
0.750000, 0.150000, 3.087154
0.800000, 0.150000, 3.325404
0.850000, 0.150000, 3.587741
0.900000, 0.150000, 3.877788
0.950000, 0.150000, 4.198651
1.000000, 0.150000, 4.552548
1.050000, 0.150000, 4.940479
1.100000, 0.150000, 5.361950
1.150000, 0.150000, 5.814791
1.200000, 0.150000, 6.295055
1.250000, 0.150000, 6.797044
1.300000, 0.150000, 7.313431
1.350000, 0.150000, 7.835497
1.400000, 0.150000, 8.353477
1.450000, 0.150000, 8.856977
1.500000, 0.150000, 9.335462
1.550000, 0.150000, 9.778791
1.600000, 0.150000, 10.177749
1.650000, 0.150000, 10.524573
1.700000, 0.150000, 10.813429
1.750000, 0.150000, 11.040811
1.800000, 0.150000, 11.205842
1.850000, 0.150000, 11.310465
1.900000, 0.150000, 11.359488
1.950000, 0.150000, 11.360503
2.000000, 0.150000, 11.323662
0.000000, 0.200000, 1.256806
0.050000, 0.200000, 1.197579
0.100000, 0.200000, 1.166842
0.150000, 0.200000, 1.162507
0.200000, 0.200000, 1.181777
0.250000, 0.200000, 1.221519
0.300000, 0.200000, 1.278636
0.350000, 0.200000, 1.350419
0.400000, 0.200000, 1.434851
0.450000, 0.200000, 1.530847
0.500000, 0.200000, 1.638407
0.550000, 0.200000, 1.758676
0.600000, 0.200000, 1.893914
0.650000, 0.200000, 2.047354
0.700000, 0.200000, 2.222986
0.750000, 0.200000, 2.425257
0.800000, 0.200000, 2.658714
0.850000, 0.200000, 2.927617
0.900000, 0.200000, 3.235539
0.950000, 0.200000, 3.584980
1.000000, 0.200000, 3.977031
1.050000, 0.200000, 4.411094
1.100000, 0.200000, 4.884698
1.150000, 0.200000, 5.393411
1.200000, 0.200000, 5.930863
1.250000, 0.200000, 6.488895
1.300000, 0.200000, 7.057809
1.350000, 0.200000, 7.626731
1.400000, 0.200000, 8.184057
1.450000, 0.200000, 8.717969
1.500000, 0.200000, 9.216990
1.550000, 0.200000, 9.670558
1.600000, 0.200000, 10.069572
1.650000, 0.200000, 10.406901
1.700000, 0.200000, 10.677812
1.750000, 0.200000, 10.880302
1.800000, 0.200000, 11.015306
1.850000, 0.200000, 11.086768
1.900000, 0.200000, 11.101581
1.950000, 0.200000, 11.069372
2.000000, 0.200000, 11.002157
0.000000, 0.250000, 1.080902
0.050000, 0.250000, 1.024275
0.100000, 0.250000, 0.987116
0.150000, 0.250000, 0.967289
0.200000, 0.250000, 0.962473
0.250000, 0.250000, 0.970519
0.300000, 0.250000, 0.989778
0.350000, 0.250000, 1.019384
0.400000, 0.250000, 1.059459
0.450000, 0.250000, 1.111245
0.500000, 0.250000, 1.177135
0.550000, 0.250000, 1.260604
0.600000, 0.250000, 1.366046
0.650000, 0.250000, 1.498524
0.700000, 0.250000, 1.663446
0.750000, 0.250000, 1.866184
0.800000, 0.250000, 2.111661
0.850000, 0.250000, 2.403937
0.900000, 0.250000, 2.745811
0.950000, 0.250000, 3.138469
1.000000, 0.250000, 3.581205
1.050000, 0.250000, 4.071236
1.100000, 0.250000, 4.603614
1.150000, 0.250000, 5.171270
1.200000, 0.250000, 5.765162
1.250000, 0.250000, 6.374557
1.300000, 0.250000, 6.987409
1.350000, 0.250000, 7.590834
1.400000, 0.250000, 8.171655
1.450000, 0.250000, 8.716986
1.500000, 0.250000, 9.214838
1.550000, 0.250000, 9.654702
1.600000, 0.250000, 10.028088
1.650000, 0.250000, 10.328987
1.700000, 0.250000, 10.554231
1.750000, 0.250000, 10.703731
1.800000, 0.250000, 10.780577
1.850000, 0.250000, 10.790995
1.900000, 0.250000, 10.744150
1.950000, 0.250000, 10.651821
2.000000, 0.250000, 10.527939
0.000000, 0.300000, 1.061374
0.050000, 0.300000, 0.998035
0.100000, 0.300000, 0.944939
0.150000, 0.300000, 0.900584
0.200000, 0.300000, 0.863784
0.250000, 0.300000, 0.833973
0.300000, 0.300000, 0.811456
0.350000, 0.300000, 0.797590
0.400000, 0.300000, 0.794881
0.450000, 0.300000, 0.806981
0.500000, 0.300000, 0.838587
0.550000, 0.300000, 0.895252
0.600000, 0.300000, 0.983100
0.650000, 0.300000, 1.108475
0.700000, 0.300000, 1.277539
0.750000, 0.300000, 1.495837
0.800000, 0.300000, 1.767866
0.850000, 0.300000, 2.096666
0.900000, 0.300000, 2.483464
0.950000, 0.300000, 2.927392
1.000000, 0.300000, 3.425302
1.050000, 0.300000, 3.971696
1.100000, 0.300000, 4.558772
1.150000, 0.300000, 5.176605
1.200000, 0.300000, 5.813439
1.250000, 0.300000, 6.456097
1.300000, 0.300000, 7.090486
1.350000, 0.300000, 7.702173
1.400000, 0.300000, 8.277001
1.450000, 0.300000, 8.801730
1.500000, 0.300000, 9.264654
1.550000, 0.300000, 9.656172
1.600000, 0.300000, 9.969280
1.650000, 0.300000, 10.199964
1.700000, 0.300000, 10.347457
1.750000, 0.300000, 10.414364
1.800000, 0.300000, 10.406630
1.850000, 0.300000, 10.333364
1.900000, 0.300000, 10.206510
1.950000, 0.300000, 10.040387
2.000000, 0.300000, 9.851130
0.000000, 0.350000, 1.235828
0.050000, 0.350000, 1.156114
0.100000, 0.350000, 1.077780
0.150000, 0.350000, 1.000656
0.200000, 0.350000, 0.925325
0.250000, 0.350000, 0.853336
0.300000, 0.350000, 0.787348
0.350000, 0.350000, 0.731184
0.400000, 0.350000, 0.689792
0.450000, 0.350000, 0.669113
0.500000, 0.350000, 0.675845
0.550000, 0.350000, 0.717142
0.600000, 0.350000, 0.800227
0.650000, 0.350000, 0.931973
0.700000, 0.350000, 1.118454
0.750000, 0.350000, 1.364505
0.800000, 0.350000, 1.673306
0.850000, 0.350000, 2.046034
0.900000, 0.350000, 2.481584
0.950000, 0.350000, 2.976405
1.000000, 0.350000, 3.524440
1.050000, 0.350000, 4.117205
1.100000, 0.350000, 4.743987
1.150000, 0.350000, 5.392171
1.200000, 0.350000, 6.047680
1.250000, 0.350000, 6.695508
1.300000, 0.350000, 7.320326
1.350000, 0.350000, 7.907136
1.400000, 0.350000, 8.441928
1.450000, 0.350000, 8.912329
1.500000, 0.350000, 9.308191
1.550000, 0.350000, 9.622101
1.600000, 0.350000, 9.849784
1.650000, 0.350000, 9.990366
1.700000, 0.350000, 10.046502
1.750000, 0.350000, 10.024343
1.800000, 0.350000, 9.933339
1.850000, 0.350000, 9.785909
1.900000, 0.350000, 9.596961
1.950000, 0.350000, 9.383302
2.000000, 0.350000, 9.162963
0.000000, 0.400000, 1.601619
0.050000, 0.400000, 1.496050
0.100000, 0.400000, 1.383915
0.150000, 0.400000, 1.267059
0.200000, 0.400000, 1.148408
0.250000, 0.400000, 1.032062
0.300000, 0.400000, 0.923290
0.350000, 0.400000, 0.828444
0.400000, 0.400000, 0.754771
0.450000, 0.400000, 0.710152
0.500000, 0.400000, 0.702750
0.550000, 0.400000, 0.740613
0.600000, 0.400000, 0.831235
0.650000, 0.400000, 0.981101
0.700000, 0.400000, 1.195250
0.750000, 0.400000, 1.476876
0.800000, 0.400000, 1.826995
0.850000, 0.400000, 2.244198
0.900000, 0.400000, 2.724509
0.950000, 0.400000, 3.261373
1.000000, 0.400000, 3.845758
1.050000, 0.400000, 4.466397
1.100000, 0.400000, 5.110148
1.150000, 0.400000, 5.762460
1.200000, 0.400000, 6.407937
1.250000, 0.400000, 7.030959
1.300000, 0.400000, 7.616351
1.350000, 0.400000, 8.150043
1.400000, 0.400000, 8.619718
1.450000, 0.400000, 9.015389
1.500000, 0.400000, 9.329892
1.550000, 0.400000, 9.559264
1.600000, 0.400000, 9.702986
1.650000, 0.400000, 9.764068
1.700000, 0.400000, 9.748991
1.750000, 0.400000, 9.667476
1.800000, 0.400000, 9.532122
1.850000, 0.400000, 9.357895
1.900000, 0.400000, 9.161517
1.950000, 0.400000, 8.960775
2.000000, 0.400000, 8.773773
0.000000, 0.450000, 2.114847
0.050000, 0.450000, 1.974653
0.100000, 0.450000, 1.821382
0.150000, 0.450000, 1.659525
0.200000, 0.450000, 1.494844
0.250000, 0.450000, 1.334288
0.300000, 0.450000, 1.185829
0.350000, 0.450000, 1.058203
0.400000, 0.450000, 0.960591
0.450000, 0.450000, 0.902228
0.500000, 0.450000, 0.891978
0.550000, 0.450000, 0.937886
0.600000, 0.450000, 1.046733
0.650000, 0.450000, 1.223619
0.700000, 0.450000, 1.471604
0.750000, 0.450000, 1.791414
0.800000, 0.450000, 2.181258
0.850000, 0.450000, 2.636739
0.900000, 0.450000, 3.150893
0.950000, 0.450000, 3.714357
1.000000, 0.450000, 4.315642
1.050000, 0.450000, 4.941538
1.100000, 0.450000, 5.577597
1.150000, 0.450000, 6.208705
1.200000, 0.450000, 6.819697
1.250000, 0.450000, 7.395996
1.300000, 0.450000, 7.924245
1.350000, 0.450000, 8.392894
1.400000, 0.450000, 8.792726
1.450000, 0.450000, 9.117281
1.500000, 0.450000, 9.363164
1.550000, 0.450000, 9.530222
1.600000, 0.450000, 9.621576
1.650000, 0.450000, 9.643499
1.700000, 0.450000, 9.605164
1.750000, 0.450000, 9.518246
1.800000, 0.450000, 9.396422
1.850000, 0.450000, 9.254774
1.900000, 0.450000, 9.109137
1.950000, 0.450000, 8.975412
2.000000, 0.450000, 8.868886
0.000000, 0.500000, 2.698384
0.050000, 0.500000, 2.515991
0.100000, 0.500000, 2.315894
0.150000, 0.500000, 2.105789
0.200000, 0.500000, 1.894649
0.250000, 0.500000, 1.692424
0.300000, 0.500000, 1.509681
0.350000, 0.500000, 1.357182
0.400000, 0.500000, 1.245435
0.450000, 0.500000, 1.184224
0.500000, 0.500000, 1.182155
0.550000, 0.500000, 1.246226
0.600000, 0.500000, 1.381465
0.650000, 0.500000, 1.590627
0.700000, 0.500000, 1.873998
0.750000, 0.500000, 2.229290
0.800000, 0.500000, 2.651657
0.850000, 0.500000, 3.133820
0.900000, 0.500000, 3.666304
0.950000, 0.500000, 4.237775
1.000000, 0.500000, 4.835465
1.050000, 0.500000, 5.445666
1.100000, 0.500000, 6.054269
1.150000, 0.500000, 6.647328
1.200000, 0.500000, 7.211617
1.250000, 0.500000, 7.735161
1.300000, 0.500000, 8.207711
1.350000, 0.500000, 8.621144
1.400000, 0.500000, 8.969770
1.450000, 0.500000, 9.250535
1.500000, 0.500000, 9.463105
1.550000, 0.500000, 9.609830
1.600000, 0.500000, 9.695603
1.650000, 0.500000, 9.727604
1.700000, 0.500000, 9.714953
1.750000, 0.500000, 9.668291
1.800000, 0.500000, 9.599306
1.850000, 0.500000, 9.520226
1.900000, 0.500000, 9.443314
1.950000, 0.500000, 9.380372
2.000000, 0.500000, 9.342292
0.000000, 0.550000, 3.257246
0.050000, 0.550000, 3.026700
0.100000, 0.550000, 2.776062
0.150000, 0.550000, 2.516705
0.200000, 0.550000, 2.261051
0.250000, 0.550000, 2.022025
0.300000, 0.550000, 1.812478
0.350000, 0.550000, 1.644611
0.400000, 0.550000, 1.529430
0.450000, 0.550000, 1.476265
0.500000, 0.550000, 1.492358
0.550000, 0.550000, 1.582572
0.600000, 0.550000, 1.749190
0.650000, 0.550000, 1.991852
0.700000, 0.550000, 2.307596
0.750000, 0.550000, 2.691023
0.800000, 0.550000, 3.134551
0.850000, 0.550000, 3.628757
0.900000, 0.550000, 4.162786
0.950000, 0.550000, 4.724795
1.000000, 0.550000, 5.302422
1.050000, 0.550000, 5.883249
1.100000, 0.550000, 6.455245
1.150000, 0.550000, 7.007170
1.200000, 0.550000, 7.528921
1.250000, 0.550000, 8.011821
1.300000, 0.550000, 8.448835
1.350000, 0.550000, 8.834708
1.400000, 0.550000, 9.166049
1.450000, 0.550000, 9.441328
1.500000, 0.550000, 9.660833
1.550000, 0.550000, 9.826562
1.600000, 0.550000, 9.942082
1.650000, 0.550000, 10.012351
1.700000, 0.550000, 10.043523
1.750000, 0.550000, 10.042728
1.800000, 0.550000, 10.017855
1.850000, 0.550000, 9.977327
1.900000, 0.550000, 9.929876
1.950000, 0.550000, 9.884329
2.000000, 0.550000, 9.849393
0.000000, 0.600000, 3.698063
0.050000, 0.600000, 3.415358
0.100000, 0.600000, 3.112668
0.150000, 0.600000, 2.805393
0.200000, 0.600000, 2.509501
0.250000, 0.600000, 2.240679
0.300000, 0.600000, 2.013539
0.350000, 0.600000, 1.840909
0.400000, 0.600000, 1.733265
0.450000, 0.600000, 1.698324
0.500000, 0.600000, 1.740810
0.550000, 0.600000, 1.862403
0.600000, 0.600000, 2.061858
0.650000, 0.600000, 2.335268
0.700000, 0.600000, 2.676438
0.750000, 0.600000, 3.077349
0.800000, 0.600000, 3.528650
0.850000, 0.600000, 4.020157
0.900000, 0.600000, 4.541322
0.950000, 0.600000, 5.081637
1.000000, 0.600000, 5.630964
1.050000, 0.600000, 6.179780
1.100000, 0.600000, 6.719326
1.150000, 0.600000, 7.241689
1.200000, 0.600000, 7.739814
1.250000, 0.600000, 8.207481
1.300000, 0.600000, 8.639258
1.350000, 0.600000, 9.030470
1.400000, 0.600000, 9.377180
1.450000, 0.600000, 9.676222
1.500000, 0.600000, 9.925272
1.550000, 0.600000, 10.122973
1.600000, 0.600000, 10.269088
1.650000, 0.600000, 10.364685
1.700000, 0.600000, 10.412311
1.750000, 0.600000, 10.416148
1.800000, 0.600000, 10.382105
1.850000, 0.600000, 10.317839
1.900000, 0.600000, 10.232674
1.950000, 0.600000, 10.137403
2.000000, 0.600000, 10.043980
0.000000, 0.650000, 3.948455
0.050000, 0.650000, 3.611759
0.100000, 0.650000, 3.257808
0.150000, 0.650000, 2.906266
0.200000, 0.650000, 2.576578
0.250000, 0.650000, 2.286794
0.300000, 0.650000, 2.052551
0.350000, 0.650000, 1.886291
0.400000, 0.650000, 1.796768
0.450000, 0.650000, 1.788847
0.500000, 0.650000, 1.863609
0.550000, 0.650000, 2.018701
0.600000, 0.650000, 2.248904
0.650000, 0.650000, 2.546827
0.700000, 0.650000, 2.903660
0.750000, 0.650000, 3.309912
0.800000, 0.650000, 3.756048
0.850000, 0.650000, 4.232993
0.900000, 0.650000, 4.732450
0.950000, 0.650000, 5.247032
1.000000, 0.650000, 5.770210
1.050000, 0.650000, 6.296112
1.100000, 0.650000, 6.819228
1.150000, 0.650000, 7.334065
1.200000, 0.650000, 7.834836
1.250000, 0.650000, 8.315226
1.300000, 0.650000, 8.768295
1.350000, 0.650000, 9.186548
1.400000, 0.650000, 9.562194
1.450000, 0.650000, 9.887569
1.500000, 0.650000, 10.155707
1.550000, 0.650000, 10.361004
1.600000, 0.650000, 10.499901
1.650000, 0.650000, 10.571529
1.700000, 0.650000, 10.578218
1.750000, 0.650000, 10.525824
1.800000, 0.650000, 10.423805
1.850000, 0.650000, 10.285012
1.900000, 0.650000, 10.125205
1.950000, 0.650000, 9.962282
2.000000, 0.650000, 9.815294
0.000000, 0.700000, 3.972146
0.050000, 0.700000, 3.581907
0.100000, 0.700000, 3.179769
0.150000, 0.700000, 2.789769
0.200000, 0.700000, 2.434612
0.250000, 0.700000, 2.134118
0.300000, 0.700000, 1.904016
0.350000, 0.700000, 1.755174
0.400000, 0.700000, 1.693318
0.450000, 0.700000, 1.719233
0.500000, 0.700000, 1.829381
0.550000, 0.700000, 2.016847
0.600000, 0.700000, 2.272476
0.650000, 0.700000, 2.586062
0.700000, 0.700000, 2.947451
0.750000, 0.700000, 3.347427
0.800000, 0.700000, 3.778301
0.850000, 0.700000, 4.234135
0.900000, 0.700000, 4.710623
0.950000, 0.700000, 5.204646
1.000000, 0.700000, 5.713599
1.050000, 0.700000, 6.234596
1.100000, 0.700000, 6.763681
1.150000, 0.700000, 7.295174
1.200000, 0.700000, 7.821261
1.250000, 0.700000, 8.331916
1.300000, 0.700000, 8.815195
1.350000, 0.700000, 9.257895
1.400000, 0.700000, 9.646532
1.450000, 0.700000, 9.968552
1.500000, 0.700000, 10.213624
1.550000, 0.700000, 10.374911
1.600000, 0.700000, 10.450126
1.650000, 0.700000, 10.442275
1.700000, 0.700000, 10.359958
1.750000, 0.700000, 10.217184
1.800000, 0.700000, 10.032665
1.850000, 0.700000, 9.828648
1.900000, 0.700000, 9.629365
1.950000, 0.700000, 9.459244
2.000000, 0.700000, 9.341035
0.000000, 0.750000, 3.776567
0.050000, 0.750000, 3.335489
0.100000, 0.750000, 2.890375
0.150000, 0.750000, 2.469620
0.200000, 0.750000, 2.098816
0.250000, 0.750000, 1.798790
0.300000, 0.750000, 1.584248
0.350000, 0.750000, 1.463159
0.400000, 0.750000, 1.436878
0.450000, 0.750000, 1.500978
0.500000, 0.750000, 1.646607
0.550000, 0.750000, 1.862208
0.600000, 0.750000, 2.135321
0.650000, 0.750000, 2.454247
0.700000, 0.750000, 2.809361
0.750000, 0.750000, 3.193898
0.800000, 0.750000, 3.604145
0.850000, 0.750000, 4.039033
0.900000, 0.750000, 4.499211
0.950000, 0.750000, 4.985764
1.000000, 0.750000, 5.498775
1.050000, 0.750000, 6.035971
1.100000, 0.750000, 6.591659
1.150000, 0.750000, 7.156153
1.200000, 0.750000, 7.715794
1.250000, 0.750000, 8.253625
1.300000, 0.750000, 8.750651
1.350000, 0.750000, 9.187579
1.400000, 0.750000, 9.546819
1.450000, 0.750000, 9.814521
1.500000, 0.750000, 9.982389
1.550000, 0.750000, 10.049025
1.600000, 0.750000, 10.020625
1.650000, 0.750000, 9.910912
1.700000, 0.750000, 9.740260
1.750000, 0.750000, 9.534102
1.800000, 0.750000, 9.320750
1.850000, 0.750000, 9.128879
1.900000, 0.750000, 8.984925
1.950000, 0.750000, 8.910698
2.000000, 0.750000, 8.921466
0.000000, 0.800000, 3.411294
0.050000, 0.800000, 2.924196
0.100000, 0.800000, 2.443187
0.150000, 0.800000, 2.000903
0.200000, 0.800000, 1.625307
0.250000, 0.800000, 1.337300
0.300000, 0.800000, 1.149310
0.350000, 0.800000, 1.064993
0.400000, 0.800000, 1.080031
0.450000, 0.800000, 1.183855
0.500000, 0.800000, 1.362007
0.550000, 0.800000, 1.598769
0.600000, 0.800000, 1.879655
0.650000, 0.800000, 2.193416
0.700000, 0.800000, 2.533268
0.750000, 0.800000, 2.897178
0.800000, 0.800000, 3.287213
0.850000, 0.800000, 3.708061
0.900000, 0.800000, 4.164997
0.950000, 0.800000, 4.661630
1.000000, 0.800000, 5.197804
1.050000, 0.800000, 5.768028
1.100000, 0.800000, 6.360702
1.150000, 0.800000, 6.958318
1.200000, 0.800000, 7.538656
1.250000, 0.800000, 8.076860
1.300000, 0.800000, 8.548128
1.350000, 0.800000, 8.930666
1.400000, 0.800000, 9.208499
1.450000, 0.800000, 9.373741
1.500000, 0.800000, 9.427999
1.550000, 0.800000, 9.382673
1.600000, 0.800000, 9.258085
1.650000, 0.800000, 9.081517
1.700000, 0.800000, 8.884382
1.750000, 0.800000, 8.698877
1.800000, 0.800000, 8.554544
1.850000, 0.800000, 8.475163
1.900000, 0.800000, 8.476390
1.950000, 0.800000, 8.564420
2.000000, 0.800000, 8.735846
0.000000, 0.850000, 2.957675
0.050000, 0.850000, 2.431223
0.100000, 0.850000, 1.922909
0.150000, 0.850000, 1.469390
0.200000, 0.850000, 1.100359
0.250000, 0.850000, 0.835726
0.300000, 0.850000, 0.684260
0.350000, 0.850000, 0.643871
0.400000, 0.850000, 0.703383
0.450000, 0.850000, 0.845485
0.500000, 0.850000, 1.050320
0.550000, 0.850000, 1.299125
0.600000, 0.850000, 1.577312
0.650000, 0.850000, 1.876511
0.700000, 0.850000, 2.195252
0.750000, 0.850000, 2.538216
0.800000, 0.850000, 2.914211
0.850000, 0.850000, 3.333251
0.900000, 0.850000, 3.803270
0.950000, 0.850000, 4.327049
1.000000, 0.850000, 4.899943
1.050000, 0.850000, 5.508811
1.100000, 0.850000, 6.132418
1.150000, 0.850000, 6.743291
1.200000, 0.850000, 7.310800
1.250000, 0.850000, 7.805006
1.300000, 0.850000, 8.200709
1.350000, 0.850000, 8.481060
1.400000, 0.850000, 8.640167
1.450000, 0.850000, 8.684263
1.500000, 0.850000, 8.631227
1.550000, 0.850000, 8.508497
1.600000, 0.850000, 8.349647
1.650000, 0.850000, 8.190130
1.700000, 0.850000, 8.062793
1.750000, 0.850000, 7.993830
1.800000, 0.850000, 7.999747
1.850000, 0.850000, 8.085789
1.900000, 0.850000, 8.246025
1.950000, 0.850000, 8.465063
2.000000, 0.850000, 8.721090
0.000000, 0.900000, 2.511865
0.050000, 0.900000, 1.954212
0.100000, 0.900000, 1.428244
0.150000, 0.900000, 0.974340
0.200000, 0.900000, 0.623184
0.250000, 0.900000, 0.392503
0.300000, 0.900000, 0.285962
0.350000, 0.900000, 0.294324
0.400000, 0.900000, 0.398597
0.450000, 0.900000, 0.574543
0.500000, 0.900000, 0.797708
0.550000, 0.900000, 1.048057
0.600000, 0.900000, 1.313380
0.650000, 0.900000, 1.590871
0.700000, 0.900000, 1.886643
0.750000, 0.900000, 2.213297
0.800000, 0.900000, 2.586050
0.850000, 0.900000, 3.018173
0.900000, 0.900000, 3.516629
0.950000, 0.900000, 4.078778
1.000000, 0.900000, 4.690807
1.050000, 0.900000, 5.328254
1.100000, 0.900000, 5.958604
1.150000, 0.900000, 6.545555
1.200000, 0.900000, 7.054258
1.250000, 0.900000, 7.456630
1.300000, 0.900000, 7.735807
1.350000, 0.900000, 7.888972
1.400000, 0.900000, 7.928011
1.450000, 0.900000, 7.877875
1.500000, 0.900000, 7.772884
1.550000, 0.900000, 7.651567
1.600000, 0.900000, 7.550919
1.650000, 0.900000, 7.500999
1.700000, 0.900000, 7.520789
1.750000, 0.900000, 7.615977
1.800000, 0.900000, 7.779014
1.850000, 0.900000, 7.991387
1.900000, 0.900000, 8.227675
1.950000, 0.900000, 8.460663
2.000000, 0.900000, 8.666588
0.000000, 0.950000, 2.164936
0.050000, 0.950000, 1.585276
0.100000, 0.950000, 1.051859
0.150000, 0.950000, 0.608441
0.200000, 0.950000, 0.285864
0.250000, 0.950000, 0.098399
0.300000, 0.950000, 0.043128
0.350000, 0.950000, 0.102383
0.400000, 0.950000, 0.248700
0.450000, 0.950000, 0.451245
0.500000, 0.950000, 0.682417
0.550000, 0.950000, 0.923305
0.600000, 0.950000, 1.166934
0.650000, 0.950000, 1.418692
0.700000, 0.950000, 1.693904
0.750000, 0.950000, 2.013088
0.800000, 0.950000, 2.395921
0.850000, 0.950000, 2.855191
0.900000, 0.950000, 3.392017
0.950000, 0.950000, 3.993379
1.000000, 0.950000, 4.632545
1.050000, 0.950000, 5.272378
1.100000, 0.950000, 5.870955
1.150000, 0.950000, 6.388445
1.200000, 0.950000, 6.793928
1.250000, 0.950000, 7.070831
1.300000, 0.950000, 7.219912
1.350000, 0.950000, 7.259188
1.400000, 0.950000, 7.220786
1.450000, 0.950000, 7.145298
1.500000, 0.950000, 7.074682
1.550000, 0.950000, 7.045057
1.600000, 0.950000, 7.080739
1.650000, 0.950000, 7.190623
1.700000, 0.950000, 7.367572
1.750000, 0.950000, 7.590866
1.800000, 0.950000, 7.831195
1.850000, 0.950000, 8.057185
1.900000, 0.950000, 8.242133
1.950000, 0.950000, 8.369650
2.000000, 0.950000, 8.437090
0.000000, 1.000000, 1.984342
0.050000, 1.000000, 1.392406
0.100000, 1.000000, 0.861768
0.150000, 1.000000, 0.439183
0.200000, 1.000000, 0.154759
0.250000, 1.000000, 0.017980
0.300000, 1.000000, 0.017883
0.350000, 1.000000, 0.127262
0.400000, 1.000000, 0.309929
0.450000, 1.000000, 0.529375
0.500000, 1.000000, 0.756951
0.550000, 1.000000, 0.977776
0.600000, 1.000000, 1.193106
0.650000, 1.000000, 1.418714
0.700000, 1.000000, 1.679702
0.750000, 1.000000, 2.002944
0.800000, 1.000000, 2.408940
0.850000, 1.000000, 2.904929
0.900000, 1.000000, 3.480890
0.950000, 1.000000, 4.109390
1.000000, 1.000000, 4.749419
1.050000, 1.000000, 5.353442
1.100000, 1.000000, 5.876208
1.150000, 1.000000, 6.283422
1.200000, 1.000000, 6.558433
1.250000, 1.000000, 6.705469
1.300000, 1.000000, 6.748699
1.350000, 1.000000, 6.727299
1.400000, 1.000000, 6.687535
1.450000, 1.000000, 6.673540
1.500000, 1.000000, 6.718709
1.550000, 1.000000, 6.839538
1.600000, 1.000000, 7.033159
1.650000, 1.000000, 7.279047
1.700000, 1.000000, 7.544480
1.750000, 1.000000, 7.792505
1.800000, 1.000000, 7.990652
1.850000, 1.000000, 8.118476
1.900000, 1.000000, 8.172286
1.950000, 1.000000, 8.166059
2.000000, 1.000000, 8.128342
0.000000, 1.050000, 2.000693
0.050000, 1.050000, 1.406216
0.100000, 1.050000, 0.888072
0.150000, 1.050000, 0.495632
0.200000, 1.050000, 0.257341
0.250000, 1.050000, 0.176530
0.300000, 1.050000, 0.232795
0.350000, 1.050000, 0.388547
0.400000, 1.050000, 0.599088
0.450000, 1.050000, 0.823790
0.500000, 1.050000, 1.035671
0.550000, 1.050000, 1.227122
0.600000, 1.050000, 1.410440
0.650000, 1.050000, 1.613136
0.700000, 1.050000, 1.869218
0.750000, 1.050000, 2.208659
0.800000, 1.050000, 2.647683
0.850000, 1.050000, 3.182316
0.900000, 1.050000, 3.786856
0.950000, 1.050000, 4.417742
1.000000, 1.050000, 5.021962
1.050000, 1.050000, 5.548073
1.100000, 1.050000, 5.957224
1.150000, 1.050000, 6.231566
1.200000, 1.050000, 6.378040
1.250000, 1.050000, 6.426612
1.300000, 1.050000, 6.423343
1.350000, 1.050000, 6.419896
1.400000, 1.050000, 6.461942
1.450000, 1.050000, 6.579157
1.500000, 1.050000, 6.779148
1.550000, 1.050000, 7.046676
1.600000, 1.050000, 7.348298
1.650000, 1.050000, 7.641262
1.700000, 1.050000, 7.884468
1.750000, 1.050000, 8.048842
1.800000, 1.050000, 8.124626
1.850000, 1.050000, 8.123837
1.900000, 1.050000, 8.077334
1.950000, 1.050000, 8.027233
2.000000, 1.050000, 8.016538
0.000000, 1.100000, 2.202648
0.050000, 1.100000, 1.614838
0.100000, 1.100000, 1.117889
0.150000, 1.100000, 0.763419
0.200000, 1.100000, 0.577261
0.250000, 1.100000, 0.555224
0.300000, 1.100000, 0.666187
0.350000, 1.100000, 0.861644
0.400000, 1.100000, 1.089154
0.450000, 1.100000, 1.306164
0.500000, 1.100000, 1.490589
0.550000, 1.100000, 1.645434
0.600000, 1.100000, 1.796302
0.650000, 1.100000, 1.982567
0.700000, 1.100000, 2.244618
0.750000, 1.100000, 2.610663
0.800000, 1.100000, 3.086673
0.850000, 1.100000, 3.652238
0.900000, 1.100000, 4.263521
0.950000, 1.100000, 4.862634
1.000000, 1.100000, 5.391043
1.050000, 1.100000, 5.803539
1.100000, 1.100000, 6.079123
1.150000, 1.100000, 6.225949
1.200000, 1.100000, 6.279015
1.250000, 1.100000, 6.291157
1.300000, 1.100000, 6.319663
1.350000, 1.100000, 6.411936
1.400000, 1.100000, 6.593924
1.450000, 1.100000, 6.864235
1.500000, 1.100000, 7.195443
1.550000, 1.100000, 7.542140
1.600000, 1.100000, 7.853577
1.650000, 1.100000, 8.087524
1.700000, 1.100000, 8.221682
1.750000, 1.100000, 8.259643
1.800000, 1.100000, 8.229850
1.850000, 1.100000, 8.177854
1.900000, 1.100000, 8.153967
1.950000, 1.100000, 8.199594
2.000000, 1.100000, 8.335923
0.000000, 1.150000, 2.540962
0.050000, 1.150000, 1.967994
0.100000, 1.150000, 1.499476
0.150000, 1.150000, 1.188942
0.200000, 1.150000, 1.058655
0.250000, 1.150000, 1.095561
0.300000, 1.150000, 1.256702
0.350000, 1.150000, 1.482510
0.400000, 1.150000, 1.714148
0.450000, 1.150000, 1.909954
0.500000, 1.150000, 2.056330
0.550000, 1.150000, 2.170040
0.600000, 1.150000, 2.291346
0.650000, 1.150000, 2.470086
0.700000, 1.150000, 2.748793
0.750000, 1.150000, 3.147838
0.800000, 1.150000, 3.656970
0.850000, 1.150000, 4.235794
0.900000, 1.150000, 4.823154
0.950000, 1.150000, 5.352806
1.000000, 1.150000, 5.770939
1.050000, 1.150000, 6.050563
1.100000, 1.150000, 6.198630
1.150000, 1.150000, 6.253832
1.200000, 1.150000, 6.275657
1.250000, 1.150000, 6.327781
1.300000, 1.150000, 6.460474
1.350000, 1.150000, 6.696975
1.400000, 1.150000, 7.027665
1.450000, 1.150000, 7.413606
1.500000, 1.150000, 7.798379
1.550000, 1.150000, 8.124755
1.600000, 1.150000, 8.351387
1.650000, 1.150000, 8.464715
1.700000, 1.150000, 8.482681
1.750000, 1.150000, 8.449199
1.800000, 1.150000, 8.421029
1.850000, 1.150000, 8.450848
1.900000, 1.150000, 8.571475
1.950000, 1.150000, 8.785819
2.000000, 1.150000, 9.065546
0.000000, 1.200000, 2.940695
0.050000, 1.200000, 2.389270
0.100000, 1.200000, 1.954588
0.150000, 1.200000, 1.691824
0.200000, 1.200000, 1.618725
0.250000, 1.200000, 1.712070
0.300000, 1.200000, 1.916153
0.350000, 1.200000, 2.160636
0.400000, 1.200000, 2.382242
0.450000, 1.200000, 2.543563
0.500000, 1.200000, 2.643237
0.550000, 1.200000, 2.714409
0.600000, 1.200000, 2.812089
0.650000, 1.200000, 2.993475
0.700000, 1.200000, 3.297497
0.750000, 1.200000, 3.730097
0.800000, 1.200000, 4.259925
0.850000, 1.200000, 4.825920
0.900000, 1.200000, 5.354475
0.950000, 1.200000, 5.780906
1.000000, 1.200000, 6.068567
1.050000, 1.200000, 6.219654
1.100000, 1.200000, 6.274314
1.150000, 1.200000, 6.298274
1.200000, 1.200000, 6.362792
1.250000, 1.200000, 6.523062
1.300000, 1.200000, 6.801728
1.350000, 1.200000, 7.182543
1.400000, 1.200000, 7.616047
1.450000, 1.200000, 8.035444
1.500000, 1.200000, 8.377652
1.550000, 1.200000, 8.602957
1.600000, 1.200000, 8.707117
1.650000, 1.200000, 8.722169
1.700000, 1.200000, 8.705716
1.750000, 1.200000, 8.722090
1.800000, 1.200000, 8.821319
1.850000, 1.200000, 9.022547
1.900000, 1.200000, 9.307159
1.950000, 1.200000, 9.623848
2.000000, 1.200000, 9.904142
0.000000, 1.250000, 3.318864
0.050000, 1.250000, 2.793841
0.100000, 1.250000, 2.396309
0.150000, 1.250000, 2.182865
0.200000, 1.250000, 2.165810
0.250000, 1.250000, 2.310518
0.300000, 1.250000, 2.547864
0.350000, 1.250000, 2.797517
0.400000, 1.250000, 2.994317
0.450000, 1.250000, 3.108915
0.500000, 1.250000, 3.155834
0.550000, 1.250000, 3.186362
0.600000, 1.250000, 3.268808
0.650000, 1.250000, 3.462917
0.700000, 1.250000, 3.797206
0.750000, 1.250000, 4.256980
0.800000, 1.250000, 4.787182
0.850000, 1.250000, 5.309178
0.900000, 1.250000, 5.745899
0.950000, 1.250000, 6.046862
1.000000, 1.250000, 6.204655
1.050000, 1.250000, 6.257280
1.100000, 1.250000, 6.275509
1.150000, 1.250000, 6.339451
1.200000, 1.250000, 6.512114
1.250000, 1.250000, 6.818798
1.300000, 1.250000, 7.239154
1.350000, 1.250000, 7.714498
1.400000, 1.250000, 8.167841
1.450000, 1.250000, 8.529821
1.500000, 1.250000, 8.761765
1.550000, 1.250000, 8.868098
1.600000, 1.250000, 8.893934
1.650000, 1.250000, 8.908708
1.700000, 1.250000, 8.981438
1.750000, 1.250000, 9.156037
1.800000, 1.250000, 9.435107
1.850000, 1.250000, 9.777795
1.900000, 1.250000, 10.112535
1.950000, 1.250000, 10.360502
2.000000, 1.250000, 10.461964
0.000000, 1.300000, 3.603605
0.050000, 1.300000, 3.107740
0.100000, 1.300000, 2.748430
0.150000, 1.300000, 2.583545
0.200000, 1.300000, 2.619018
0.250000, 1.300000, 2.807664
0.300000, 1.300000, 3.066547
0.350000, 1.300000, 3.306629
0.400000, 1.300000, 3.464003
0.450000, 1.300000, 3.521458
0.500000, 1.300000, 3.512678
0.550000, 1.300000, 3.507669
0.600000, 1.300000, 3.584880
0.650000, 1.300000, 3.800279
0.700000, 1.300000, 4.164779
0.750000, 1.300000, 4.638301
0.800000, 1.300000, 5.142745
0.850000, 1.300000, 5.589175
0.900000, 1.300000, 5.909370
0.950000, 1.300000, 6.080237
1.000000, 1.300000, 6.132179
1.050000, 1.300000, 6.138304
1.100000, 1.300000, 6.188308
1.150000, 1.300000, 6.356438
1.200000, 1.300000, 6.675075
1.250000, 1.300000, 7.123448
1.300000, 1.300000, 7.635480
1.350000, 1.300000, 8.123837
1.400000, 1.300000, 8.511376
1.450000, 1.300000, 8.758530
1.500000, 1.300000, 8.876651
1.550000, 1.300000, 8.922510
1.600000, 1.300000, 8.975996
1.650000, 1.300000, 9.109218
1.700000, 1.300000, 9.358356
1.750000, 1.300000, 9.708615
1.800000, 1.300000, 10.097899
1.850000, 1.300000, 10.437986
1.900000, 1.300000, 10.645646
1.950000, 1.300000, 10.672478
2.000000, 1.300000, 10.522715
0.000000, 1.350000, 3.750607
0.050000, 1.350000, 3.284407
0.100000, 1.350000, 2.962130
0.150000, 1.350000, 2.842826
0.200000, 1.350000, 2.925154
0.250000, 1.350000, 3.148303
0.300000, 1.350000, 3.415447
0.350000, 1.350000, 3.630653
0.400000, 1.350000, 3.734908
0.450000, 1.350000, 3.727321
0.500000, 1.350000, 3.663324
0.550000, 1.350000, 3.630756
0.600000, 1.350000, 3.713305
0.650000, 1.350000, 3.955746
0.700000, 1.350000, 4.344692
0.750000, 1.350000, 4.812442
0.800000, 1.350000, 5.262496
0.850000, 1.350000, 5.606740
0.900000, 1.350000, 5.799749
0.950000, 1.350000, 5.856726
1.000000, 1.350000, 5.847993
1.050000, 1.350000, 5.872071
1.100000, 1.350000, 6.017796
1.150000, 1.350000, 6.330153
1.200000, 1.350000, 6.793103
1.250000, 1.350000, 7.336006
1.300000, 1.350000, 7.861050
1.350000, 1.350000, 8.280906
1.400000, 1.350000, 8.551830
1.450000, 1.350000, 8.689292
1.500000, 1.350000, 8.760036
1.550000, 1.350000, 8.853769
1.600000, 1.350000, 9.045640
1.650000, 1.350000, 9.364336
1.700000, 1.350000, 9.778410
1.750000, 1.350000, 10.206340
1.800000, 1.350000, 10.546559
1.850000, 1.350000, 10.715821
1.900000, 1.350000, 10.681050
1.950000, 1.350000, 10.472289
2.000000, 1.350000, 10.171767
0.000000, 1.400000, 3.753201
0.050000, 1.400000, 3.314905
0.100000, 1.400000, 3.026311
0.150000, 1.400000, 2.947608
0.200000, 1.400000, 3.069282
0.250000, 1.400000, 3.315926
0.300000, 1.400000, 3.577078
0.350000, 1.400000, 3.752248
0.400000, 1.400000, 3.791386
0.450000, 1.400000, 3.713955
0.500000, 1.400000, 3.598753
0.550000, 1.400000, 3.548899
0.600000, 1.400000, 3.646818
0.650000, 1.400000, 3.918195
0.700000, 1.400000, 4.320132
0.750000, 1.400000, 4.758484
0.800000, 1.400000, 5.127131
0.850000, 1.400000, 5.352650
0.900000, 1.400000, 5.425590
0.950000, 1.400000, 5.405127
1.000000, 1.400000, 5.395032
1.050000, 1.400000, 5.500919
1.100000, 1.400000, 5.786586
1.150000, 1.400000, 6.247645
1.200000, 1.400000, 6.813410
1.250000, 1.400000, 7.376151
1.300000, 1.400000, 7.835393
1.350000, 1.400000, 8.138632
1.400000, 1.400000, 8.301412
1.450000, 1.400000, 8.398367
1.500000, 1.400000, 8.529094
1.550000, 1.400000, 8.773302
1.600000, 1.400000, 9.154192
1.650000, 1.400000, 9.625627
1.700000, 1.400000, 10.088640
1.750000, 1.400000, 10.430530
1.800000, 1.400000, 10.570321
1.850000, 1.400000, 10.491624
1.900000, 1.400000, 10.249261
1.950000, 1.400000, 9.946921
2.000000, 1.400000, 9.695284
0.000000, 1.450000, 3.643879
0.050000, 1.450000, 3.229559
0.100000, 1.450000, 2.969359
0.150000, 1.450000, 2.924605
0.200000, 1.450000, 3.076691
0.250000, 1.450000, 3.334755
0.300000, 1.450000, 3.575304
0.350000, 1.450000, 3.696146
0.400000, 1.450000, 3.660554
0.450000, 1.450000, 3.512007
0.500000, 1.450000, 3.353015
0.550000, 1.450000, 3.297676
0.600000, 1.450000, 3.419357
0.650000, 1.450000, 3.717068
0.700000, 1.450000, 4.115648
0.750000, 1.450000, 4.499684
0.800000, 1.450000, 4.765871
0.850000, 1.450000, 4.870243
0.900000, 1.450000, 4.848952
0.950000, 1.450000, 4.803136
1.000000, 1.450000, 4.854533
1.050000, 1.450000, 5.091632
1.100000, 1.450000, 5.530394
1.150000, 1.450000, 6.107083
1.200000, 1.450000, 6.706304
1.250000, 1.450000, 7.211629
1.300000, 1.450000, 7.556044
1.350000, 1.450000, 7.749592
1.400000, 1.450000, 7.871864
1.450000, 1.450000, 8.032819
1.500000, 1.450000, 8.319661
1.550000, 1.450000, 8.753801
1.600000, 1.450000, 9.277426
1.650000, 1.450000, 9.775896
1.700000, 1.450000, 10.126133
1.750000, 1.450000, 10.249453
1.800000, 1.450000, 10.145300
1.850000, 1.450000, 9.890864
1.900000, 1.450000, 9.606847
1.950000, 1.450000, 9.404814
2.000000, 1.450000, 9.339730
0.000000, 1.500000, 3.486895
0.050000, 1.500000, 3.090685
0.100000, 1.500000, 2.851984
0.150000, 1.500000, 2.833264
0.200000, 1.500000, 3.005885
0.250000, 1.500000, 3.262780
0.300000, 1.500000, 3.468401
0.350000, 1.500000, 3.522180
0.400000, 1.500000, 3.405230
0.450000, 1.500000, 3.188062
0.500000, 1.500000, 2.995757
0.550000, 1.500000, 2.947354
0.600000, 1.500000, 3.098580
0.650000, 1.500000, 3.415379
0.700000, 1.500000, 3.790894
0.750000, 1.500000, 4.097725
0.800000, 1.500000, 4.250302
0.850000, 1.500000, 4.247380
0.900000, 1.500000, 4.174133
0.950000, 1.500000, 4.162693
1.000000, 1.500000, 4.329875
1.050000, 1.500000, 4.721796
1.100000, 1.500000, 5.291775
1.150000, 1.500000, 5.922029
1.200000, 1.500000, 6.478685
1.250000, 1.500000, 6.873746
1.300000, 1.500000, 7.104337
1.350000, 1.500000, 7.250509
1.400000, 1.500000, 7.432764
1.450000, 1.500000, 7.749834
1.500000, 1.500000, 8.226708
1.550000, 1.500000, 8.798046
1.600000, 1.500000, 9.335151
1.650000, 1.500000, 9.703805
1.700000, 1.500000, 9.825484
1.750000, 1.500000, 9.712804
1.800000, 1.500000, 9.462371
1.850000, 1.500000, 9.208583
1.900000, 1.500000, 9.060570
1.950000, 1.500000, 9.052497
2.000000, 1.500000, 9.130986
0.000000, 1.550000, 3.363607
0.050000, 1.550000, 2.978030
0.100000, 1.550000, 2.752744
0.150000, 1.550000, 2.751362
0.200000, 1.550000, 2.934223
0.250000, 1.550000, 3.177414
0.300000, 1.550000, 3.334688
0.350000, 1.550000, 3.310860
0.400000, 1.550000, 3.109372
0.450000, 1.550000, 2.829890
0.500000, 1.550000, 2.617252
0.550000, 1.550000, 2.587852
0.600000, 1.550000, 2.771050
0.650000, 1.550000, 3.095445
0.700000, 1.550000, 3.426951
0.750000, 1.550000, 3.639130
0.800000, 1.550000, 3.679745
0.850000, 1.550000, 3.599419
0.900000, 1.550000, 3.527586
0.950000, 1.550000, 3.607837
1.000000, 1.550000, 3.925474
1.050000, 1.550000, 4.464093
1.100000, 1.550000, 5.113242
1.150000, 1.550000, 5.723175
1.200000, 1.550000, 6.178760
1.250000, 1.550000, 6.454848
1.300000, 1.550000, 6.624966
1.350000, 1.550000, 6.819011
1.400000, 1.550000, 7.151742
1.450000, 1.550000, 7.658744
1.500000, 1.550000, 8.272816
1.550000, 1.550000, 8.853062
1.600000, 1.550000, 9.252126
1.650000, 1.550000, 9.387504
1.700000, 1.550000, 9.280774
1.750000, 1.550000, 9.044914
1.800000, 1.550000, 8.826307
1.850000, 1.550000, 8.731104
1.900000, 1.550000, 8.773514
1.950000, 1.550000, 8.872368
2.000000, 1.550000, 8.897568
0.000000, 1.600000, 3.353758
0.050000, 1.600000, 2.970149
0.100000, 1.600000, 2.749493
0.150000, 1.600000, 2.756491
0.200000, 1.600000, 2.939408
0.250000, 1.600000, 3.156971
0.300000, 1.600000, 3.253968
0.350000, 1.600000, 3.144714
0.400000, 1.600000, 2.859264
0.450000, 1.600000, 2.527415
0.500000, 1.600000, 2.309197
0.550000, 1.600000, 2.309543
0.600000, 1.600000, 2.523336
0.650000, 1.600000, 2.840513
0.700000, 1.600000, 3.108337
0.750000, 1.600000, 3.216901
0.800000, 1.600000, 3.161329
0.850000, 1.600000, 3.046741
0.900000, 1.600000, 3.033109
0.950000, 1.600000, 3.249690
1.000000, 1.600000, 3.725266
1.050000, 1.600000, 4.371887
1.100000, 1.600000, 5.030850
1.150000, 1.600000, 5.555978
1.200000, 1.600000, 5.889091
1.250000, 1.600000, 6.086855
1.300000, 1.600000, 6.284622
1.350000, 1.600000, 6.617053
1.400000, 1.600000, 7.138803
1.450000, 1.600000, 7.788540
1.500000, 1.600000, 8.416092
1.550000, 1.600000, 8.858297
1.600000, 1.600000, 9.022731
1.650000, 1.600000, 8.934165
1.700000, 1.600000, 8.718793
1.750000, 1.600000, 8.534928
1.800000, 1.600000, 8.487831
1.850000, 1.600000, 8.574854
1.900000, 1.600000, 8.690603
1.950000, 1.600000, 8.689181
2.000000, 1.600000, 8.469602
0.000000, 1.650000, 3.516856
0.050000, 1.650000, 3.125851
0.100000, 1.650000, 2.900857
0.150000, 1.650000, 2.907545
0.200000, 1.650000, 3.080966
0.250000, 1.650000, 3.262100
0.300000, 1.650000, 3.288882
0.350000, 1.650000, 3.089526
0.400000, 1.650000, 2.724577
0.450000, 1.650000, 2.353569
0.500000, 1.650000, 2.145428
0.550000, 1.650000, 2.184043
0.600000, 1.650000, 2.423163
0.650000, 1.650000, 2.716371
0.700000, 1.650000, 2.904715
0.750000, 1.650000, 2.911418
0.800000, 1.650000, 2.788991
0.850000, 1.650000, 2.691454
0.900000, 1.650000, 2.787419
0.950000, 1.650000, 3.163805
1.000000, 1.650000, 3.775384
1.050000, 1.650000, 4.469081
1.100000, 1.650000, 5.069027
1.150000, 1.650000, 5.473537
1.200000, 1.650000, 5.708373
1.250000, 1.650000, 5.905859
1.300000, 1.650000, 6.222075
1.350000, 1.650000, 6.739980
1.400000, 1.650000, 7.414468
1.450000, 1.650000, 8.091240
1.500000, 1.650000, 8.588976
1.550000, 1.650000, 8.797905
1.600000, 1.650000, 8.738395
1.650000, 1.650000, 8.546130
1.700000, 1.650000, 8.392583
1.750000, 1.650000, 8.386597
1.800000, 1.650000, 8.513676
1.850000, 1.650000, 8.647845
1.900000, 1.650000, 8.629134
1.950000, 1.650000, 8.361981
2.000000, 1.650000, 7.877720
0.000000, 1.700000, 3.877767
0.050000, 1.700000, 3.469825
0.100000, 1.700000, 3.231882
0.150000, 1.700000, 3.230349
0.200000, 1.700000, 3.385826
0.250000, 1.700000, 3.521291
0.300000, 1.700000, 3.470323
0.350000, 1.700000, 3.179610
0.400000, 1.700000, 2.743447
0.450000, 1.700000, 2.349182
0.500000, 1.700000, 2.166725
0.550000, 1.700000, 2.249163
0.600000, 1.700000, 2.504738
0.650000, 1.700000, 2.757008
0.700000, 1.700000, 2.856347
0.750000, 1.700000, 2.774715
0.800000, 1.700000, 2.625803
0.850000, 1.700000, 2.598065
0.900000, 1.700000, 2.841157
0.950000, 1.700000, 3.374702
1.000000, 1.700000, 4.074765
1.050000, 1.700000, 4.746234
1.100000, 1.700000, 5.237133
1.150000, 1.700000, 5.525450
1.200000, 1.700000, 5.725868
1.250000, 1.700000, 6.012538
1.300000, 1.700000, 6.505161
1.350000, 1.700000, 7.188001
1.400000, 1.700000, 7.911429
1.450000, 1.700000, 8.475424
1.500000, 1.700000, 8.744603
1.550000, 1.700000, 8.725123
1.600000, 1.700000, 8.556971
1.650000, 1.700000, 8.426531
1.700000, 1.700000, 8.452746
1.750000, 1.700000, 8.616156
1.800000, 1.700000, 8.773949
1.850000, 1.700000, 8.751763
1.900000, 1.700000, 8.456203
1.950000, 1.700000, 7.939399
2.000000, 1.700000, 7.376009
0.000000, 1.750000, 4.419748
0.050000, 1.750000, 3.985688
0.100000, 1.750000, 3.727055
0.150000, 1.750000, 3.710628
0.200000, 1.750000, 3.841214
0.250000, 1.750000, 3.923689
0.300000, 1.750000, 3.790127
0.350000, 1.750000, 3.410348
0.400000, 1.750000, 2.914831
0.450000, 1.750000, 2.515162
0.500000, 1.750000, 2.372961
0.550000, 1.750000, 2.501266
0.600000, 1.750000, 2.761472
0.650000, 1.750000, 2.957512
0.700000, 1.750000, 2.966471
0.750000, 1.750000, 2.821454
0.800000, 1.750000, 2.693196
0.850000, 1.750000, 2.782000
0.900000, 1.750000, 3.189243
0.950000, 1.750000, 3.850893
1.000000, 1.750000, 4.575688
1.050000, 1.750000, 5.163506
1.100000, 1.750000, 5.527992
1.150000, 1.750000, 5.744866
1.200000, 1.750000, 5.995140
1.250000, 1.750000, 6.440034
1.300000, 1.750000, 7.108318
1.350000, 1.750000, 7.868830
1.400000, 1.750000, 8.506217
1.450000, 1.750000, 8.851642
1.500000, 1.750000, 8.884821
1.550000, 1.750000, 8.742161
1.600000, 1.750000, 8.626004
1.650000, 1.750000, 8.673443
1.700000, 1.750000, 8.869053
1.750000, 1.750000, 9.057598
1.800000, 1.750000, 9.048434
1.850000, 1.750000, 8.744359
1.900000, 1.750000, 8.211879
1.950000, 1.750000, 7.647400
2.000000, 1.750000, 7.260709
0.000000, 1.800000, 5.086514
0.050000, 1.800000, 4.618035
0.100000, 1.800000, 4.332302
0.150000, 1.800000, 4.295942
0.200000, 1.800000, 4.396499
0.250000, 1.800000, 4.420817
0.300000, 1.800000, 4.202675
0.350000, 1.800000, 3.739626
0.400000, 1.800000, 3.199758
0.450000, 1.800000, 2.813619
0.500000, 1.800000, 2.724256
0.550000, 1.800000, 2.896674
0.600000, 1.800000, 3.147710
0.650000, 1.800000, 3.275774
0.700000, 1.800000, 3.202233
0.750000, 1.800000, 3.028383
0.800000, 1.800000, 2.969144
0.850000, 1.800000, 3.208198
0.900000, 1.800000, 3.772562
0.950000, 1.800000, 4.511504
1.000000, 1.800000, 5.194117
1.050000, 1.800000, 5.659572
1.100000, 1.800000, 5.918480
1.150000, 1.800000, 6.136977
1.200000, 1.800000, 6.514650
1.250000, 1.800000, 7.139385
1.300000, 1.800000, 7.917884
1.350000, 1.800000, 8.629330
1.400000, 1.800000, 9.066289
1.450000, 1.800000, 9.167771
1.500000, 1.800000, 9.054669
1.550000, 1.800000, 8.943835
1.600000, 1.800000, 8.999188
1.650000, 1.800000, 9.220803
1.700000, 1.800000, 9.447128
1.750000, 1.800000, 9.468715
1.800000, 1.800000, 9.176262
1.850000, 1.800000, 8.642409
1.900000, 1.800000, 8.081547
1.950000, 1.800000, 7.714475
2.000000, 1.800000, 7.629163
0.000000, 1.850000, 5.792997
0.050000, 1.850000, 5.283137
0.100000, 1.850000, 4.965625
0.150000, 1.850000, 4.906212
0.200000, 1.850000, 4.973609
0.250000, 1.850000, 4.936882
0.300000, 1.850000, 4.635057
0.350000, 1.850000, 4.097844
0.400000, 1.850000, 3.531178
0.450000, 1.850000, 3.177618
0.500000, 1.850000, 3.150824
0.550000, 1.850000, 3.361793
0.600000, 1.850000, 3.589092
0.650000, 1.850000, 3.642629
0.700000, 1.850000, 3.503863
0.750000, 1.850000, 3.342160
0.800000, 1.850000, 3.395411
0.850000, 1.850000, 3.799887
0.900000, 1.850000, 4.490582
0.950000, 1.850000, 5.243141
1.000000, 1.850000, 5.827588
1.050000, 1.850000, 6.164430
1.100000, 1.850000, 6.372132
1.150000, 1.850000, 6.672444
1.200000, 1.850000, 7.221525
1.250000, 1.850000, 7.987720
1.300000, 1.850000, 8.763618
1.350000, 1.850000, 9.304239
1.400000, 1.850000, 9.493240
1.450000, 1.850000, 9.418982
1.500000, 1.850000, 9.306528
1.550000, 1.850000, 9.354279
1.600000, 1.850000, 9.591859
1.650000, 1.850000, 9.860619
1.700000, 1.850000, 9.930589
1.750000, 1.850000, 9.670288
1.800000, 1.850000, 9.148056
1.850000, 1.850000, 8.592301
1.900000, 1.850000, 8.238609
1.950000, 1.850000, 8.172305
2.000000, 1.850000, 8.278280
0.000000, 1.900000, 6.442501
0.050000, 1.900000, 5.886040
0.100000, 1.900000, 5.534089
0.150000, 1.900000, 5.450611
0.200000, 1.900000, 5.483798
0.250000, 1.900000, 5.385414
0.300000, 1.900000, 5.003578
0.350000, 1.900000, 4.404272
0.400000, 1.900000, 3.830177
0.450000, 1.900000, 3.527357
0.500000, 1.900000, 3.569288
0.550000, 1.900000, 3.809719
0.600000, 1.900000, 3.999303
0.650000, 1.900000, 3.978198
0.700000, 1.900000, 3.799956
0.750000, 1.900000, 3.693582
0.800000, 1.900000, 3.892015
0.850000, 1.900000, 4.455499
0.900000, 1.900000, 5.222246
0.950000, 1.900000, 5.923466
1.000000, 1.900000, 6.376775
1.050000, 1.900000, 6.613303
1.100000, 1.900000, 6.843621
1.150000, 1.900000, 7.288447
1.200000, 1.900000, 8.001514
1.250000, 1.900000, 8.817837
1.300000, 1.900000, 9.466654
1.350000, 1.900000, 9.764844
1.400000, 1.900000, 9.746253
1.450000, 1.900000, 9.630342
1.500000, 1.900000, 9.653892
1.550000, 1.900000, 9.892066
1.600000, 1.900000, 10.202984
1.650000, 1.900000, 10.337285
1.700000, 1.900000, 10.130406
1.750000, 1.900000, 9.633184
1.800000, 1.900000, 9.082570
1.850000, 1.900000, 8.733986
1.900000, 1.900000, 8.680534
1.950000, 1.900000, 8.794102
2.000000, 1.900000, 8.832025
0.000000, 1.950000, 6.946631
0.050000, 1.950000, 6.340382
0.100000, 1.950000, 5.953541
0.150000, 1.950000, 5.847150
0.200000, 1.950000, 5.847112
0.250000, 1.950000, 5.688608
0.300000, 1.950000, 5.232980
0.350000, 1.950000, 4.586137
0.400000, 1.950000, 4.024959
0.450000, 1.950000, 3.789156
0.500000, 1.950000, 3.901870
0.550000, 1.950000, 4.159695
0.600000, 1.950000, 4.299556
0.650000, 1.950000, 4.210798
0.700000, 1.950000, 4.025359
0.750000, 1.950000, 4.014879
0.800000, 1.950000, 4.375568
0.850000, 1.950000, 5.070061
0.900000, 1.950000, 5.850758
0.950000, 1.950000, 6.446507
1.000000, 1.950000, 6.766071
1.050000, 1.950000, 6.958726
1.100000, 1.950000, 7.284771
1.150000, 1.950000, 7.898315
1.200000, 1.950000, 8.713726
1.250000, 1.950000, 9.461328
1.300000, 1.950000, 9.889010
1.350000, 1.950000, 9.951607
1.400000, 1.950000, 9.839437
1.450000, 1.950000, 9.823832
1.500000, 1.950000, 10.041343
1.550000, 1.950000, 10.386443
1.600000, 1.950000, 10.597086
1.650000, 1.950000, 10.465655
1.700000, 1.950000, 10.009126
1.750000, 1.950000, 9.464228
1.800000, 1.950000, 9.111023
1.850000, 1.950000, 9.063205
1.900000, 1.950000, 9.189626
1.950000, 1.950000, 9.228270
2.000000, 1.950000, 9.002591
0.000000, 2.000000, 7.243677
0.050000, 2.000000, 6.586677
0.100000, 2.000000, 6.166761
0.150000, 2.000000, 6.040709
0.200000, 2.000000, 6.010298
0.250000, 2.000000, 5.795127
0.300000, 2.000000, 5.274123
0.350000, 2.000000, 4.596198
0.400000, 2.000000, 4.068357
0.450000, 2.000000, 3.913031
0.500000, 2.000000, 4.094190
0.550000, 2.000000, 4.355160
0.600000, 2.000000, 4.436533
0.650000, 2.000000, 4.294211
0.700000, 2.000000, 4.137551
0.750000, 2.000000, 4.256047
0.800000, 2.000000, 4.777394
0.850000, 2.000000, 5.556489
0.900000, 2.000000, 6.287084
0.950000, 2.000000, 6.744346
1.000000, 2.000000, 6.958754
1.050000, 2.000000, 7.178431
1.100000, 2.000000, 7.651502
1.150000, 2.000000, 8.408442
1.200000, 2.000000, 9.224421
1.250000, 2.000000, 9.793190
1.300000, 2.000000, 9.969647
1.350000, 2.000000, 9.881486
1.400000, 2.000000, 9.818200
1.450000, 2.000000, 9.989149
1.500000, 2.000000, 10.350232
1.550000, 2.000000, 10.642044
1.600000, 2.000000, 10.607907
1.650000, 2.000000, 10.211795
1.700000, 2.000000, 9.676137
1.750000, 2.000000, 9.307938
1.800000, 2.000000, 9.256110
1.850000, 2.000000, 9.399581
1.900000, 2.000000, 9.457949
1.950000, 2.000000, 9.232991
2.000000, 2.000000, 8.781487
