0.000000, 0.000000, 2.819890
0.050000, 0.000000, 3.371431
0.100000, 0.000000, 3.879447
0.150000, 0.000000, 4.304366
0.200000, 0.000000, 4.614608
0.250000, 0.000000, 4.789653
0.300000, 0.000000, 4.822010
0.350000, 0.000000, 4.717916
0.400000, 0.000000, 4.496667
0.450000, 0.000000, 4.188682
0.500000, 0.000000, 3.832459
0.550000, 0.000000, 3.470746
0.600000, 0.000000, 3.146292
0.650000, 0.000000, 2.897595
0.700000, 0.000000, 2.755072
0.750000, 0.000000, 2.738023
0.800000, 0.000000, 2.852681
0.850000, 0.000000, 3.091558
0.900000, 0.000000, 3.434132
0.950000, 0.000000, 3.848823
1.000000, 0.000000, 4.296061
1.050000, 0.000000, 4.732139
1.100000, 0.000000, 5.113492
1.150000, 0.000000, 5.400965
1.200000, 0.000000, 5.563659
1.250000, 0.000000, 5.581982
1.300000, 0.000000, 5.449600
1.350000, 0.000000, 5.174100
1.400000, 0.000000, 4.776299
1.450000, 0.000000, 4.288258
1.500000, 0.000000, 3.750205
1.550000, 0.000000, 3.206662
1.600000, 0.000000, 2.702151
1.650000, 0.000000, 2.276902
1.700000, 0.000000, 1.962975
1.750000, 0.000000, 1.781186
1.800000, 0.000000, 1.739122
1.850000, 0.000000, 1.830450
1.900000, 0.000000, 2.035578
1.950000, 0.000000, 2.323608
2.000000, 0.000000, 2.655382
0.000000, 0.050000, 2.813705
0.050000, 0.050000, 3.359606
0.100000, 0.050000, 3.861775
0.150000, 0.050000, 4.280508
0.200000, 0.050000, 4.584100
0.250000, 0.050000, 4.751919
0.300000, 0.050000, 4.776377
0.350000, 0.050000, 4.663627
0.400000, 0.050000, 4.432905
0.450000, 0.050000, 4.114584
0.500000, 0.050000, 3.747143
0.550000, 0.050000, 3.373330
0.600000, 0.050000, 3.035916
0.650000, 0.050000, 2.773444
0.700000, 0.050000, 2.616393
0.750000, 0.050000, 2.584146
0.800000, 0.050000, 2.683035
0.850000, 0.050000, 2.905686
0.900000, 0.050000, 3.231702
0.950000, 0.050000, 3.629636
1.000000, 0.050000, 4.060055
1.050000, 0.050000, 4.479395
1.100000, 0.050000, 4.844227
1.150000, 0.050000, 5.115530
1.200000, 0.050000, 5.262530
1.250000, 0.050000, 5.265747
1.300000, 0.050000, 5.118948
1.350000, 0.050000, 4.829803
1.400000, 0.050000, 4.419191
1.450000, 0.050000, 3.919216
1.500000, 0.050000, 3.370131
1.550000, 0.050000, 2.816457
1.600000, 0.050000, 2.302695
1.650000, 0.050000, 1.869031
1.700000, 0.050000, 1.547464
1.750000, 0.050000, 1.358727
1.800000, 0.050000, 1.310310
1.850000, 0.050000, 1.395767
1.900000, 0.050000, 1.595381
1.950000, 0.050000, 1.878123
2.000000, 0.050000, 2.204697
0.000000, 0.100000, 2.782700
0.050000, 0.100000, 3.322754
0.100000, 0.100000, 3.818739
0.150000, 0.100000, 4.230829
0.200000, 0.100000, 4.527212
0.250000, 0.100000, 4.687158
0.300000, 0.100000, 4.703001
0.350000, 0.100000, 4.580835
0.400000, 0.100000, 4.339854
0.450000, 0.100000, 4.010415
0.500000, 0.100000, 3.630998
0.550000, 0.100000, 3.244378
0.600000, 0.100000, 2.893372
0.650000, 0.100000, 2.616588
0.700000, 0.100000, 2.444593
0.750000, 0.100000, 2.396870
0.800000, 0.100000, 2.479869
0.850000, 0.100000, 2.686341
0.900000, 0.100000, 2.996027
0.950000, 0.100000, 3.377621
1.000000, 0.100000, 3.791832
1.050000, 0.100000, 4.195237
1.100000, 0.100000, 4.544544
1.150000, 0.100000, 4.800859
1.200000, 0.100000, 4.933523
1.250000, 0.100000, 4.923160
1.300000, 0.100000, 4.763620
1.350000, 0.100000, 4.462640
1.400000, 0.100000, 4.041145
1.450000, 0.100000, 3.531266
1.500000, 0.100000, 2.973256
1.550000, 0.100000, 2.411619
1.600000, 0.100000, 1.890815
1.650000, 0.100000, 1.450970
1.700000, 0.100000, 1.124003
1.750000, 0.100000, 0.930552
1.800000, 0.100000, 0.877996
1.850000, 0.100000, 0.959768
1.900000, 0.100000, 1.156022
1.950000, 0.100000, 1.435591
2.000000, 0.100000, 1.759046
0.000000, 0.150000, 2.727972
0.050000, 0.150000, 3.261840
0.100000, 0.150000, 3.751182
0.150000, 0.150000, 4.156071
0.200000, 0.150000, 4.444603
0.250000, 0.150000, 4.595976
0.300000, 0.150000, 4.602469
0.350000, 0.150000, 4.470141
0.400000, 0.150000, 4.218176
0.450000, 0.150000, 3.876938
0.500000, 0.150000, 3.484939
0.550000, 0.150000, 3.085004
0.600000, 0.150000, 2.720022
0.650000, 0.150000, 2.428694
0.700000, 0.150000, 2.241692
0.750000, 0.150000, 2.178622
0.800000, 0.150000, 2.246066
0.850000, 0.150000, 2.436918
0.900000, 0.150000, 2.731063
0.950000, 0.150000, 3.097342
1.000000, 0.150000, 3.496612
1.050000, 0.150000, 3.885590
1.100000, 0.150000, 4.221116
1.150000, 0.150000, 4.464417
1.200000, 0.150000, 4.584940
1.250000, 0.150000, 4.563398
1.300000, 0.150000, 4.393712
1.350000, 0.150000, 4.083670
1.400000, 0.150000, 3.654226
1.450000, 0.150000, 3.137516
1.500000, 0.150000, 2.573779
1.550000, 0.150000, 2.007481
1.600000, 0.150000, 1.483028
1.650000, 0.150000, 1.040467
1.700000, 0.150000, 0.711626
1.750000, 0.150000, 0.517035
1.800000, 0.150000, 0.463955
1.850000, 0.150000, 0.545691
1.900000, 0.150000, 0.742264
1.950000, 0.150000, 1.022374
2.000000, 0.150000, 1.346457
0.000000, 0.200000, 2.651320
0.050000, 0.200000, 3.178538
0.100000, 0.200000, 3.660671
0.150000, 0.200000, 4.057709
0.200000, 0.200000, 4.337684
0.250000, 0.200000, 4.479749
0.300000, 0.200000, 4.476157
0.350000, 0.200000, 4.332963
0.400000, 0.200000, 4.069367
0.450000, 0.200000, 3.715772
0.500000, 0.200000, 3.310751
0.550000, 0.200000, 2.897208
0.600000, 0.200000, 2.518132
0.650000, 0.200000, 2.212337
0.700000, 0.200000, 2.010626
0.750000, 0.200000, 1.932743
0.800000, 0.200000, 1.985419
0.850000, 0.200000, 2.161701
0.900000, 0.200000, 2.441627
0.950000, 0.200000, 2.794192
1.000000, 0.200000, 3.180399
1.050000, 0.200000, 3.557101
1.100000, 0.200000, 3.881268
1.150000, 0.200000, 4.114234
1.200000, 0.200000, 4.225542
1.250000, 0.200000, 4.195981
1.300000, 0.200000, 4.019525
1.350000, 0.200000, 3.703995
1.400000, 0.200000, 3.270355
1.450000, 0.200000, 2.750728
1.500000, 0.200000, 2.185320
1.550000, 0.200000, 1.618543
1.600000, 0.200000, 1.094725
1.650000, 0.200000, 0.653826
1.700000, 0.200000, 0.327565
1.750000, 0.200000, 0.136355
1.800000, 0.200000, 0.087329
1.850000, 0.200000, 0.173659
1.900000, 0.200000, 0.375232
1.950000, 0.200000, 0.660610
2.000000, 0.200000, 0.990102
0.000000, 0.250000, 2.555202
0.050000, 0.250000, 3.075194
0.100000, 0.250000, 3.549454
0.150000, 0.250000, 3.937918
0.200000, 0.250000, 4.208586
0.250000, 0.250000, 4.340594
0.300000, 0.250000, 4.326202
0.350000, 0.250000, 4.171495
0.400000, 0.250000, 3.895721
0.450000, 0.250000, 3.529354
0.500000, 0.250000, 3.111057
0.550000, 0.250000, 2.683844
0.600000, 0.250000, 2.290827
0.650000, 0.250000, 1.970958
0.700000, 0.250000, 1.755190
0.750000, 0.250000, 1.663423
0.800000, 0.250000, 1.702548
0.850000, 0.250000, 1.865773
0.900000, 0.250000, 2.133297
0.950000, 0.250000, 2.474267
1.000000, 0.250000, 2.849829
1.050000, 0.250000, 3.216968
1.100000, 0.250000, 3.532768
1.150000, 0.250000, 3.758663
1.200000, 0.250000, 3.864272
1.250000, 0.250000, 3.830442
1.300000, 0.250000, 3.651181
1.350000, 0.250000, 3.334319
1.400000, 0.250000, 2.900810
1.450000, 0.250000, 2.382741
1.500000, 0.250000, 1.820263
1.550000, 0.250000, 1.257709
1.600000, 0.250000, 0.739316
1.650000, 0.250000, 0.304930
1.700000, 0.250000, -0.013851
1.750000, 0.250000, -0.196747
1.800000, 0.250000, -0.236764
1.850000, 0.250000, -0.140873
1.900000, 0.250000, 0.070669
1.950000, 0.250000, 0.366289
2.000000, 0.250000, 0.706162
0.000000, 0.300000, 2.442670
0.050000, 0.300000, 2.954763
0.100000, 0.300000, 3.420408
0.150000, 0.300000, 3.799522
0.200000, 0.300000, 4.060105
0.250000, 0.300000, 4.181313
0.300000, 0.300000, 4.155450
0.350000, 0.300000, 3.988662
0.400000, 0.300000, 3.700282
0.450000, 0.300000, 3.320887
0.500000, 0.300000, 2.889261
0.550000, 0.300000, 2.448553
0.600000, 0.300000, 2.042025
0.650000, 0.300000, 1.708788
0.700000, 0.300000, 1.479960
0.750000, 0.300000, 1.375611
0.800000, 0.300000, 1.402803
0.850000, 0.300000, 1.554907
0.900000, 0.300000, 1.812282
0.950000, 0.300000, 2.144224
1.000000, 0.300000, 2.512012
1.050000, 0.300000, 2.872751
1.100000, 0.300000, 3.183623
1.150000, 0.300000, 3.406140
1.200000, 0.300000, 3.509979
1.250000, 0.300000, 3.476016
1.300000, 0.300000, 3.298269
1.350000, 0.300000, 2.984551
1.400000, 0.300000, 2.555773
1.450000, 0.300000, 2.043961
1.500000, 0.300000, 1.489179
1.550000, 0.300000, 0.935659
1.600000, 0.300000, 0.427513
1.650000, 0.300000, 0.004455
1.700000, 0.300000, -0.302063
1.750000, 0.300000, -0.471916
1.800000, 0.300000, -0.498269
1.850000, 0.300000, -0.388251
1.900000, 0.300000, -0.162274
1.950000, 0.300000, 0.147937
2.000000, 0.300000, 0.502417
0.000000, 0.350000, 2.317300
0.050000, 0.350000, 2.820737
0.100000, 0.350000, 3.276965
0.150000, 0.350000, 3.645919
0.200000, 0.350000, 3.895635
0.250000, 0.350000, 4.005330
0.300000, 0.350000, 3.967386
0.350000, 0.350000, 3.788050
0.400000, 0.350000, 3.486774
0.450000, 0.350000, 3.094269
0.500000, 0.350000, 2.649470
0.550000, 0.350000, 2.195687
0.600000, 0.350000, 1.776354
0.650000, 0.350000, 1.430759
0.700000, 0.350000, 1.190197
0.750000, 0.350000, 1.074916
0.800000, 0.350000, 1.092150
0.850000, 0.350000, 1.235435
0.900000, 0.350000, 1.485282
0.950000, 0.350000, 1.811121
1.000000, 0.350000, 2.174353
1.050000, 0.350000, 2.532178
1.100000, 0.350000, 2.841854
1.150000, 0.350000, 3.064945
1.200000, 0.350000, 3.171151
1.250000, 0.350000, 3.141348
1.300000, 0.350000, 2.969526
1.350000, 0.350000, 2.663446
1.400000, 0.350000, 2.243942
1.450000, 0.350000, 1.742939
1.500000, 0.350000, 1.200379
1.550000, 0.350000, 0.660354
1.600000, 0.350000, 0.166823
1.650000, 0.350000, -0.240671
1.700000, 0.350000, -0.530851
1.750000, 0.350000, -0.683777
1.800000, 0.350000, -0.692796
1.850000, 0.350000, -0.565221
1.900000, 0.350000, -0.321643
1.950000, 0.350000, 0.006044
2.000000, 0.350000, 0.377714
0.000000, 0.400000, 2.183100
0.050000, 0.400000, 2.677063
0.100000, 0.400000, 3.123033
0.150000, 0.400000, 3.481003
0.200000, 0.400000, 3.719088
0.250000, 0.400000, 3.816604
0.300000, 0.400000, 3.766055
0.350000, 0.400000, 3.573822
0.400000, 0.400000, 3.259512
0.450000, 0.400000, 2.854002
0.500000, 0.400000, 2.396403
0.550000, 0.400000, 1.930212
0.600000, 0.400000, 1.499050
0.650000, 0.400000, 1.142393
0.700000, 0.400000, 0.891725
0.750000, 0.400000, 0.767472
0.800000, 0.400000, 0.777035
0.850000, 0.400000, 0.914105
0.900000, 0.400000, 1.159328
0.950000, 0.400000, 1.482252
1.000000, 0.400000, 1.844369
1.050000, 0.400000, 2.202949
1.100000, 0.400000, 2.515290
1.150000, 0.400000, 2.742969
1.200000, 0.400000, 2.855670
1.250000, 0.400000, 2.834227
1.300000, 0.400000, 2.672556
1.350000, 0.400000, 2.378320
1.400000, 0.400000, 1.972230
1.450000, 0.400000, 1.486064
1.500000, 0.400000, 0.959597
1.550000, 0.400000, 0.436737
1.600000, 0.400000, -0.038757
1.650000, 0.400000, -0.427547
1.700000, 0.400000, -0.698577
1.750000, 0.400000, -0.832120
1.800000, 0.400000, -0.821744
1.850000, 0.400000, -0.674976
1.900000, 0.400000, -0.412610
1.950000, 0.400000, -0.066736
2.000000, 0.400000, 0.322339
0.000000, 0.450000, 2.044414
0.050000, 0.450000, 2.528042
0.100000, 0.450000, 2.962894
0.150000, 0.450000, 3.309064
0.200000, 0.450000, 3.534793
0.250000, 0.450000, 3.619537
0.300000, 0.450000, 3.555960
0.350000, 0.450000, 3.350618
0.400000, 0.450000, 3.023302
0.450000, 0.450000, 2.605086
0.500000, 0.450000, 2.135283
0.550000, 0.450000, 1.657592
0.600000, 0.450000, 1.215835
0.650000, 0.450000, 0.849684
0.700000, 0.450000, 0.590809
0.750000, 0.450000, 0.459808
0.800000, 0.450000, 0.464237
0.850000, 0.450000, 0.597923
0.900000, 0.450000, 0.841622
0.950000, 0.450000, 1.164967
1.000000, 0.450000, 1.529508
1.050000, 0.450000, 1.892541
1.100000, 0.450000, 2.211360
1.150000, 0.450000, 2.447506
1.200000, 0.450000, 2.570598
1.250000, 0.450000, 2.561369
1.300000, 0.450000, 2.413611
1.350000, 0.450000, 2.134832
1.400000, 0.450000, 1.745563
1.450000, 0.450000, 1.277380
1.500000, 0.450000, 0.769839
1.550000, 0.450000, 0.266610
1.600000, 0.450000, -0.188793
1.650000, 0.450000, -0.557290
1.700000, 0.450000, -0.808079
1.750000, 0.450000, -0.921694
1.800000, 0.450000, -0.891955
1.850000, 0.450000, -0.726630
1.900000, 0.450000, -0.446749
1.950000, 0.450000, -0.084616
2.000000, 0.450000, 0.319264
0.000000, 0.500000, 1.905814
0.050000, 0.500000, 2.378225
0.100000, 0.500000, 2.801101
0.150000, 0.500000, 3.134688
0.200000, 0.500000, 3.347394
0.250000, 0.500000, 3.418864
0.300000, 0.500000, 3.341957
0.350000, 0.500000, 3.123442
0.400000, 0.500000, 2.783326
0.450000, 0.500000, 2.352906
0.500000, 0.500000, 1.871714
0.550000, 0.500000, 1.383666
0.600000, 0.500000, 0.932790
0.650000, 0.500000, 0.558954
0.700000, 0.500000, 0.294004
0.750000, 0.500000, 0.158694
0.800000, 0.500000, 0.160713
0.850000, 0.500000, 0.293992
0.900000, 0.500000, 0.539362
0.950000, 0.500000, 0.866500
1.000000, 0.500000, 1.236962
1.050000, 0.500000, 1.608019
1.100000, 0.500000, 1.936905
1.150000, 0.500000, 2.185064
1.200000, 0.500000, 2.321986
1.250000, 0.500000, 2.328242
1.300000, 0.500000, 2.197433
1.350000, 0.500000, 1.936848
1.400000, 0.500000, 1.566774
1.450000, 0.500000, 1.118526
1.500000, 0.500000, 0.631381
1.550000, 0.500000, 0.148717
1.600000, 0.500000, -0.286249
1.650000, 0.500000, -0.634738
1.700000, 0.500000, -0.866247
1.750000, 0.500000, -0.961602
1.800000, 0.500000, -0.914903
1.850000, 0.500000, -0.734186
1.900000, 0.500000, -0.440727
1.950000, 0.500000, -0.067054
2.000000, 0.500000, 0.346129
0.000000, 0.550000, 1.771987
0.050000, 0.550000, 2.232298
0.100000, 0.550000, 2.642367
0.150000, 0.550000, 2.962639
0.200000, 0.550000, 3.161738
0.250000, 0.550000, 3.219537
0.300000, 0.550000, 3.129135
0.350000, 0.550000, 2.897545
0.400000, 0.550000, 2.545021
0.450000, 0.550000, 2.103101
0.500000, 0.550000, 1.611552
0.550000, 0.550000, 1.114511
0.600000, 0.550000, 0.656214
0.650000, 0.550000, 0.276710
0.700000, 0.550000, 0.008006
0.750000, 0.550000, -0.129016
0.800000, 0.550000, -0.126568
0.850000, 0.550000, 0.009342
0.900000, 0.550000, 0.259573
0.950000, 0.550000, 0.593787
1.000000, 0.550000, 0.973490
1.050000, 0.550000, 1.355862
1.100000, 0.550000, 1.698005
1.150000, 0.550000, 1.961199
1.200000, 0.550000, 2.114730
1.250000, 0.550000, 2.138937
1.300000, 0.550000, 2.027156
1.350000, 0.550000, 1.786387
1.400000, 0.550000, 1.436609
1.450000, 0.550000, 1.008810
1.500000, 0.550000, 0.541930
1.550000, 0.550000, 0.079006
1.600000, 0.550000, -0.337090
1.650000, 0.550000, -0.667915
1.700000, 0.550000, -0.883295
1.750000, 0.550000, -0.964368
1.800000, 0.550000, -0.905527
1.850000, 0.550000, -0.715076
1.900000, 0.550000, -0.414529
1.950000, 0.550000, -0.036623
2.000000, 0.550000, 0.377767
0.000000, 0.600000, 1.647621
0.050000, 0.600000, 2.094971
0.100000, 0.600000, 2.491448
0.150000, 0.600000, 2.797745
0.200000, 0.600000, 2.982749
0.250000, 0.600000, 3.026607
0.300000, 0.600000, 2.922694
0.350000, 0.600000, 2.678299
0.400000, 0.600000, 2.313946
0.450000, 0.600000, 1.861431
0.500000, 0.600000, 1.360763
0.550000, 0.600000, 0.856301
0.600000, 0.600000, 0.392473
0.650000, 0.600000, 0.009494
0.700000, 0.600000, -0.260504
0.750000, 0.600000, -0.396543
0.800000, 0.600000, -0.390787
0.850000, 0.600000, -0.249235
0.900000, 0.600000, 0.008934
0.950000, 0.600000, 0.353304
1.000000, 0.600000, 0.745255
1.050000, 0.600000, 1.141800
1.100000, 0.600000, 1.499834
1.150000, 0.600000, 1.780388
1.200000, 0.600000, 1.952469
1.250000, 0.600000, 1.996102
1.300000, 0.600000, 1.904284
1.350000, 0.600000, 1.683658
1.400000, 0.600000, 1.353827
1.450000, 0.600000, 0.945397
1.500000, 0.600000, 0.496922
1.550000, 0.600000, 0.051055
1.600000, 0.600000, -0.349703
1.650000, 0.600000, -0.667268
1.700000, 0.600000, -0.871800
1.750000, 0.600000, -0.944744
1.800000, 0.600000, -0.880769
1.850000, 0.600000, -0.688414
1.900000, 0.600000, -0.389392
1.950000, 0.600000, -0.016591
2.000000, 0.600000, 0.389010
0.000000, 0.650000, 1.537285
0.050000, 0.650000, 1.970860
0.100000, 0.650000, 2.353026
0.150000, 0.650000, 2.644778
0.200000, 0.650000, 2.815316
0.250000, 0.650000, 2.845100
0.300000, 0.650000, 2.727820
0.350000, 0.650000, 2.471066
0.400000, 0.650000, 2.095652
0.450000, 0.650000, 1.633643
0.500000, 0.650000, 1.125289
0.550000, 0.650000, 0.615160
0.600000, 0.650000, 0.147855
0.650000, 0.650000, -0.236276
0.700000, 0.650000, -0.505016
0.750000, 0.650000, -0.637346
0.800000, 0.650000, -0.625440
0.850000, 0.650000, -0.475357
0.900000, 0.650000, -0.206384
0.950000, 0.650000, 0.150900
1.000000, 0.650000, 0.557668
1.050000, 0.650000, 0.970680
1.100000, 0.650000, 1.346536
1.150000, 0.650000, 1.645935
1.200000, 0.650000, 1.837518
1.250000, 0.650000, 1.900920
1.300000, 0.650000, 1.828730
1.350000, 0.650000, 1.627164
1.400000, 0.650000, 1.315400
1.450000, 0.650000, 0.923614
1.500000, 0.650000, 0.489942
1.550000, 0.650000, 0.056639
1.600000, 0.650000, -0.334174
1.650000, 0.650000, -0.644758
1.700000, 0.650000, -0.845582
1.750000, 0.650000, -0.918356
1.800000, 0.650000, -0.857966
1.850000, 0.650000, -0.673116
1.900000, 0.650000, -0.385625
1.950000, 0.650000, -0.028430
2.000000, 0.650000, 0.357501
0.000000, 0.700000, 1.445326
0.050000, 0.700000, 1.864372
0.100000, 0.700000, 2.231593
0.150000, 0.700000, 2.508340
0.200000, 0.700000, 2.664168
0.250000, 0.700000, 2.679895
0.300000, 0.700000, 2.549554
0.350000, 0.700000, 2.281066
0.400000, 0.700000, 1.895546
0.450000, 0.700000, 1.425330
0.500000, 0.700000, 0.910902
0.550000, 0.700000, 0.397018
0.600000, 0.700000, -0.071579
0.650000, 0.700000, -0.454453
0.700000, 0.700000, -0.719351
0.750000, 0.700000, -0.845281
0.800000, 0.700000, -0.824497
0.850000, 0.700000, -0.663199
0.900000, 0.700000, -0.380872
0.950000, 0.700000, -0.008344
1.000000, 0.700000, 0.415257
1.050000, 0.700000, 0.846346
1.100000, 0.700000, 1.241135
1.150000, 0.700000, 1.559905
1.200000, 0.700000, 1.770853
1.250000, 0.700000, 1.853151
1.300000, 0.700000, 1.798915
1.350000, 0.700000, 1.613889
1.400000, 0.700000, 1.316784
1.450000, 0.700000, 0.937331
1.500000, 0.700000, 0.513243
1.550000, 0.700000, 0.086388
1.600000, 0.700000, -0.301459
1.650000, 0.700000, -0.612852
1.700000, 0.700000, -0.818501
1.750000, 0.700000, -0.900293
1.800000, 0.700000, -0.853223
1.850000, 0.700000, -0.686037
1.900000, 0.700000, -0.420523
1.950000, 0.700000, -0.089511
2.000000, 0.700000, 0.266208
0.000000, 0.750000, 1.375750
0.050000, 0.750000, 1.779599
0.100000, 0.750000, 2.131344
0.150000, 0.750000, 2.392743
0.200000, 0.750000, 2.533759
0.250000, 0.750000, 2.535601
0.300000, 0.750000, 2.392679
0.350000, 0.750000, 2.113259
0.400000, 0.750000, 1.718767
0.450000, 0.750000, 1.241803
0.500000, 0.750000, 0.723065
0.550000, 0.750000, 0.207470
0.600000, 0.750000, -0.260145
0.650000, 0.750000, -0.639310
0.700000, 0.750000, -0.897807
0.750000, 0.750000, -1.014745
0.800000, 0.750000, -0.982548
0.850000, 0.750000, -0.807647
0.900000, 0.750000, -0.509819
0.950000, 0.750000, -0.120243
1.000000, 0.750000, 0.321556
1.050000, 0.750000, 0.771549
1.100000, 0.750000, 1.185474
1.150000, 0.750000, 1.523112
1.200000, 0.750000, 1.752141
1.250000, 0.750000, 1.851213
1.300000, 0.750000, 1.811928
1.350000, 0.750000, 1.639531
1.400000, 0.750000, 1.352262
1.450000, 0.750000, 0.979414
1.500000, 0.750000, 0.558315
1.550000, 0.750000, 0.130500
1.600000, 0.750000, -0.262524
1.650000, 0.750000, -0.583506
1.700000, 0.750000, -0.803276
1.750000, 0.750000, -0.903757
1.800000, 0.750000, -0.879897
1.850000, 0.750000, -0.740310
1.900000, 0.750000, -0.506563
1.950000, 0.750000, -0.211185
2.000000, 0.750000, 0.105419
0.000000, 0.800000, 1.332134
0.050000, 0.800000, 1.720214
0.100000, 0.800000, 2.056068
0.150000, 0.800000, 2.301913
0.200000, 0.800000, 2.428160
0.250000, 0.800000, 2.416452
0.300000, 0.800000, 2.261596
0.350000, 0.800000, 1.972219
0.400000, 0.800000, 1.570055
0.450000, 0.800000, 1.087958
0.500000, 0.800000, 0.566810
0.550000, 0.800000, 0.051643
0.600000, 0.800000, -0.412663
0.650000, 0.800000, -0.785678
0.700000, 0.800000, -1.035298
0.750000, 0.800000, -1.140823
0.800000, 0.800000, -1.094942
0.850000, 0.800000, -0.904420
0.900000, 0.800000, -0.589434
0.950000, 0.800000, -0.181613
1.000000, 0.800000, 0.279016
1.050000, 0.800000, 0.747891
1.100000, 0.800000, 1.180191
1.150000, 0.800000, 1.535125
1.200000, 0.800000, 1.779800
1.250000, 0.800000, 1.892312
1.300000, 0.800000, 1.863727
1.350000, 0.800000, 1.698798
1.400000, 0.800000, 1.415322
1.450000, 0.800000, 1.042215
1.500000, 0.800000, 0.616494
1.550000, 0.800000, 0.179466
1.600000, 0.800000, -0.227497
1.650000, 0.800000, -0.567191
1.700000, 0.800000, -0.810392
1.750000, 0.800000, -0.938871
1.800000, 0.800000, -0.947323
1.850000, 0.800000, -0.844011
1.900000, 0.800000, -0.650058
1.950000, 0.800000, -0.397462
2.000000, 0.800000, -0.126019
0.000000, 0.850000, 1.317531
0.050000, 0.850000, 1.689385
0.100000, 0.850000, 2.009061
0.150000, 0.850000, 2.239285
0.200000, 0.850000, 2.350961
0.250000, 0.850000, 2.326197
0.300000, 0.850000, 2.160220
0.350000, 0.850000, 1.862024
0.400000, 0.850000, 1.453645
0.450000, 0.850000, 0.968163
0.500000, 0.850000, 0.446609
0.550000, 0.850000, -0.065927
0.600000, 0.850000, -0.524592
0.650000, 0.850000, -0.889075
0.700000, 0.850000, -1.127480
0.750000, 0.850000, -1.219401
0.800000, 0.850000, -1.157900
0.850000, 0.850000, -0.950186
0.900000, 0.850000, -0.616943
0.950000, 0.850000, -0.190359
1.000000, 0.850000, 0.288946
1.050000, 0.850000, 0.775789
1.100000, 0.850000, 1.224720
1.150000, 0.850000, 1.594324
1.200000, 0.850000, 1.851111
1.250000, 0.850000, 1.972609
1.300000, 0.850000, 1.949377
1.350000, 0.850000, 1.785720
1.400000, 0.850000, 1.499070
1.450000, 0.850000, 1.118065
1.500000, 0.850000, 0.679547
1.550000, 0.850000, 0.224754
1.600000, 0.850000, -0.204901
1.650000, 0.850000, -0.572055
1.700000, 0.850000, -0.847211
1.750000, 0.850000, -1.011755
1.800000, 0.850000, -1.059890
1.850000, 0.850000, -0.999282
1.900000, 0.850000, -0.850374
1.950000, 0.850000, -0.644398
2.000000, 0.850000, -0.420325
0.000000, 0.900000, 1.334397
0.050000, 0.900000, 1.689693
0.100000, 0.900000, 1.993039
0.150000, 0.900000, 2.207721
0.200000, 0.900000, 2.305179
0.250000, 0.900000, 2.268013
0.300000, 0.900000, 2.091888
0.350000, 0.900000, 1.786163
0.400000, 0.900000, 1.373160
0.450000, 0.900000, 0.886154
0.500000, 0.900000, 0.366271
0.550000, 0.900000, -0.141404
0.600000, 0.900000, -0.592130
0.650000, 0.900000, -0.945811
0.700000, 0.900000, -1.170861
0.750000, 0.900000, -1.247282
0.800000, 0.900000, -1.168622
0.850000, 0.900000, -0.942651
0.900000, 0.900000, -0.590670
0.950000, 0.900000, -0.145525
1.000000, 0.900000, 0.351481
1.050000, 0.900000, 0.854475
1.100000, 0.900000, 1.317329
1.150000, 0.900000, 1.697982
1.200000, 0.900000, 1.962346
1.250000, 0.900000, 2.087420
1.300000, 0.900000, 2.063314
1.350000, 0.900000, 1.893986
1.400000, 0.900000, 1.596626
1.450000, 0.900000, 1.199756
1.500000, 0.900000, 0.740223
1.550000, 0.900000, 0.259407
1.600000, 0.900000, -0.201008
1.650000, 0.900000, -0.603257
1.700000, 0.900000, -0.917314
1.750000, 0.900000, -1.123923
1.800000, 0.900000, -1.216537
1.850000, 0.900000, -1.201987
1.900000, 0.900000, -1.099803
1.950000, 0.900000, -0.940257
2.000000, 0.900000, -0.761320
0.000000, 0.950000, 1.384531
0.050000, 0.950000, 1.723070
0.100000, 0.950000, 2.010076
0.150000, 0.950000, 2.209444
0.200000, 0.950000, 2.293188
0.250000, 0.950000, 2.244426
0.300000, 0.950000, 2.059272
0.350000, 0.950000, 1.747445
0.400000, 0.950000, 1.331527
0.450000, 0.950000, 0.844943
0.500000, 0.950000, 0.328852
0.550000, 0.950000, -0.171746
0.600000, 0.950000, -0.612317
0.650000, 0.950000, -0.953083
0.700000, 0.950000, -1.162890
0.750000, 0.950000, -1.222262
0.800000, 0.950000, -1.125359
0.850000, 0.950000, -0.880624
0.900000, 0.950000, -0.510081
0.950000, 0.950000, -0.047327
1.000000, 0.950000, 0.465579
1.050000, 0.950000, 0.982026
1.100000, 0.950000, 1.455191
1.150000, 0.950000, 1.842376
1.200000, 0.950000, 2.108939
1.250000, 0.950000, 2.231429
1.300000, 0.950000, 2.199623
1.350000, 0.950000, 2.017276
1.400000, 0.950000, 1.701523
1.450000, 0.950000, 1.280973
1.500000, 0.950000, 0.792717
1.550000, 0.950000, 0.278529
1.600000, 0.950000, -0.219370
1.650000, 0.950000, -0.662539
1.700000, 0.950000, -1.020157
1.750000, 0.950000, -1.272065
1.800000, 0.950000, -1.410728
1.850000, 0.950000, -1.441928
1.900000, 0.950000, -1.384108
1.950000, 0.950000, -1.266444
2.000000, 0.950000, -1.125832
0.000000, 1.000000, 1.469032
0.050000, 1.000000, 1.790752
0.100000, 1.000000, 2.061550
0.150000, 1.000000, 2.245977
0.200000, 1.000000, 2.316658
0.250000, 1.000000, 2.257251
0.300000, 1.000000, 2.064324
0.350000, 1.000000, 1.747940
0.400000, 1.000000, 1.330908
0.450000, 1.000000, 0.846747
0.500000, 1.000000, 0.336578
0.550000, 1.000000, -0.154780
0.600000, 1.000000, -0.583102
0.650000, 1.000000, -0.909051
0.700000, 1.000000, -1.102025
0.750000, 1.000000, -1.143200
0.800000, 1.000000, -1.027466
0.850000, 1.000000, -0.764055
0.900000, 1.000000, -0.375812
0.950000, 1.000000, 0.102842
1.000000, 1.000000, 0.629043
1.050000, 1.000000, 1.155424
1.100000, 1.000000, 1.634477
1.150000, 1.000000, 2.022925
1.200000, 1.000000, 2.285663
1.250000, 1.000000, 2.398919
1.300000, 1.000000, 2.352304
1.350000, 1.000000, 2.149576
1.400000, 1.000000, 1.808041
1.450000, 1.000000, 1.356657
1.500000, 1.000000, 0.833033
1.550000, 1.000000, 0.279617
1.600000, 1.000000, -0.260543
1.650000, 1.000000, -0.748059
1.700000, 1.000000, -1.151052
1.750000, 1.000000, -1.448233
1.800000, 1.000000, -1.630891
1.850000, 1.000000, -1.703614
1.900000, 1.000000, -1.683673
1.950000, 1.000000, -1.599124
2.000000, 1.000000, -1.485831
0.000000, 1.050000, 1.588268
0.050000, 1.050000, 1.893249
0.100000, 1.050000, 2.148113
0.150000, 1.050000, 2.318113
0.200000, 1.050000, 2.376518
0.250000, 1.050000, 2.307548
0.300000, 1.050000, 2.108221
0.350000, 1.050000, 1.788923
0.400000, 1.050000, 1.372645
0.450000, 1.050000, 0.892938
0.500000, 1.050000, 0.390793
0.550000, 1.050000, -0.089251
0.600000, 1.050000, -0.503400
0.650000, 1.050000, -0.812881
0.700000, 1.050000, -0.987779
0.750000, 1.050000, -1.010049
0.800000, 1.050000, -0.875433
0.850000, 1.050000, -0.594055
0.900000, 1.050000, -0.189661
0.950000, 1.050000, 0.302448
1.000000, 1.050000, 0.838581
1.050000, 1.050000, 1.370634
1.100000, 1.050000, 1.850477
1.150000, 1.050000, 2.234348
1.200000, 1.050000, 2.486827
1.250000, 1.050000, 2.584003
1.300000, 1.050000, 2.515543
1.350000, 1.050000, 2.285458
1.400000, 1.050000, 1.911505
1.450000, 1.050000, 1.423282
1.500000, 1.050000, 0.859214
1.550000, 1.050000, 0.262722
1.600000, 1.050000, -0.322043
1.650000, 1.050000, -0.854489
1.700000, 1.050000, -1.301473
1.750000, 1.050000, -1.640409
1.800000, 1.050000, -1.861304
1.850000, 1.050000, -1.967519
1.900000, 1.050000, -1.975190
1.950000, 1.050000, -1.911372
2.000000, 1.050000, -1.811095
0.000000, 1.100000, 1.741869
0.050000, 1.100000, 2.030330
0.100000, 1.100000, 2.269668
0.150000, 1.100000, 2.425887
0.200000, 1.100000, 2.472933
0.250000, 1.100000, 2.395596
0.300000, 1.100000, 2.191340
0.350000, 1.100000, 1.870847
0.400000, 1.100000, 1.457235
0.450000, 1.100000, 0.984005
0.500000, 1.100000, 0.491926
0.550000, 1.100000, 0.025141
0.600000, 1.100000, -0.373118
0.650000, 1.100000, -0.664778
0.700000, 1.100000, -0.820742
0.750000, 1.100000, -0.823876
0.800000, 1.100000, -0.670885
0.850000, 1.100000, -0.372876
0.900000, 1.100000, 0.045441
0.950000, 1.100000, 0.547860
1.000000, 1.100000, 1.089883
1.050000, 1.100000, 1.622725
1.100000, 1.100000, 2.097741
1.150000, 1.100000, 2.470839
1.200000, 1.100000, 2.706479
1.250000, 1.100000, 2.780850
1.300000, 1.100000, 2.683943
1.350000, 1.100000, 2.420319
1.400000, 1.100000, 2.008495
1.450000, 1.100000, 1.479021
1.500000, 1.100000, 0.871442
1.550000, 1.100000, 0.230433
1.600000, 1.100000, -0.398510
1.650000, 1.100000, -0.973396
1.700000, 1.100000, -1.459679
1.750000, 1.100000, -1.833418
1.800000, 1.100000, -2.083352
1.850000, 1.100000, -2.211719
1.900000, 1.100000, -2.233711
1.950000, 1.100000, -2.175664
2.000000, 1.100000, -2.072140
0.000000, 1.150000, 1.928740
0.050000, 1.150000, 2.201031
0.100000, 1.150000, 2.425380
0.150000, 1.150000, 2.568585
0.200000, 1.150000, 2.605296
0.250000, 1.150000, 2.520888
0.300000, 1.150000, 2.313255
0.350000, 1.150000, 1.993335
0.400000, 1.150000, 1.584310
0.450000, 1.150000, 1.119548
0.500000, 1.150000, 0.639483
0.550000, 1.150000, 0.187732
0.600000, 1.150000, -0.193166
0.650000, 1.150000, -0.465982
0.700000, 1.150000, -0.602574
0.750000, 1.150000, -0.586841
0.800000, 1.150000, -0.416554
0.850000, 1.150000, -0.103874
0.900000, 1.150000, 0.325492
0.950000, 1.150000, 0.834442
1.000000, 1.150000, 1.377728
1.050000, 1.150000, 1.905994
1.100000, 1.150000, 2.370236
1.150000, 1.150000, 2.726244
1.200000, 1.150000, 2.938603
1.250000, 1.150000, 2.983890
1.300000, 1.150000, 2.852732
1.350000, 1.150000, 2.550562
1.400000, 1.150000, 2.096982
1.450000, 1.150000, 1.523808
1.500000, 1.150000, 0.871985
1.550000, 1.150000, 0.187675
1.600000, 1.150000, -0.482100
1.650000, 1.150000, -1.093846
1.700000, 1.150000, -1.611596
1.750000, 1.150000, -2.010117
1.800000, 1.150000, -2.277053
1.850000, 1.150000, -2.413776
1.900000, 1.150000, -2.434897
1.950000, 1.150000, -2.366475
2.000000, 1.150000, -2.243130
0.000000, 1.200000, 2.147080
0.050000, 1.200000, 2.403676
0.100000, 1.200000, 2.613690
0.150000, 1.200000, 2.744754
0.200000, 1.200000, 2.772250
0.250000, 1.200000, 2.682144
0.300000, 1.200000, 2.472740
0.350000, 1.200000, 2.155187
0.400000, 1.200000, 1.752658
0.450000, 1.200000, 1.298286
0.500000, 1.200000, 0.832050
0.550000, 1.200000, 0.396909
0.600000, 1.200000, 0.034560
0.650000, 1.200000, -0.218753
0.700000, 1.200000, -0.335980
0.750000, 1.200000, -0.302166
0.800000, 1.200000, -0.116232
0.850000, 1.200000, 0.208558
0.900000, 1.200000, 0.645502
0.950000, 1.200000, 1.156652
1.000000, 1.200000, 1.696112
1.050000, 1.200000, 2.214118
1.100000, 1.200000, 2.661522
1.150000, 1.200000, 2.994249
1.200000, 1.200000, 3.177315
1.250000, 1.200000, 3.188004
1.300000, 1.200000, 3.017921
1.350000, 1.200000, 2.673710
1.400000, 1.200000, 2.176377
1.450000, 1.200000, 1.559282
1.500000, 1.200000, 0.865003
1.550000, 1.200000, 0.141350
1.600000, 1.200000, -0.563053
1.650000, 1.200000, -1.203228
1.700000, 1.200000, -1.741901
1.750000, 1.200000, -2.152778
1.800000, 1.200000, -2.422735
1.850000, 1.200000, -2.552712
1.900000, 1.200000, -2.557254
1.950000, 1.200000, -2.462740
2.000000, 1.200000, -2.304493
0.000000, 1.250000, 2.394432
0.050000, 1.250000, 2.635923
0.100000, 1.250000, 2.832357
0.150000, 1.250000, 2.952242
0.200000, 1.250000, 2.971719
0.250000, 1.250000, 2.877343
0.300000, 1.250000, 2.667807
0.350000, 1.250000, 2.354414
0.400000, 1.250000, 1.960244
0.450000, 1.250000, 1.518087
0.500000, 1.250000, 1.067337
0.550000, 1.250000, 0.650146
0.600000, 1.250000, 0.307223
0.650000, 1.250000, 0.073679
0.700000, 1.250000, -0.024652
0.750000, 1.250000, 0.025936
0.800000, 1.250000, 0.225309
0.850000, 1.250000, 0.559087
0.900000, 1.250000, 0.999606
0.950000, 1.250000, 1.508172
1.000000, 1.250000, 2.038398
1.050000, 1.250000, 2.540324
1.100000, 1.250000, 2.964923
1.150000, 1.250000, 3.268566
1.200000, 1.250000, 3.417034
1.250000, 1.250000, 3.388677
1.300000, 1.250000, 3.176425
1.350000, 1.250000, 2.788461
1.400000, 1.250000, 2.247481
1.450000, 1.250000, 1.588620
1.500000, 1.250000, 0.856231
1.550000, 1.250000, 0.099828
1.600000, 1.250000, -0.630415
1.650000, 1.250000, -1.288200
1.700000, 1.250000, -1.835230
1.750000, 1.250000, -2.244539
1.800000, 1.250000, -2.502730
1.850000, 1.250000, -2.610896
1.900000, 1.250000, -2.584169
1.950000, 1.250000, -2.449945
2.000000, 1.250000, -2.244963
0.000000, 1.300000, 2.667744
0.050000, 1.300000, 2.894818
0.100000, 1.300000, 3.078511
0.150000, 1.300000, 3.188251
0.200000, 1.300000, 3.200958
0.250000, 1.300000, 3.103776
0.300000, 1.300000, 2.895754
0.350000, 1.300000, 2.588287
0.400000, 1.300000, 2.204268
0.450000, 1.300000, 1.776024
0.500000, 1.300000, 1.342222
0.550000, 1.300000, 0.944059
0.600000, 1.300000, 0.621099
0.650000, 1.300000, 0.407183
0.700000, 1.300000, 0.326806
0.750000, 1.300000, 0.392345
0.800000, 1.300000, 0.602418
0.850000, 1.300000, 0.941548
0.900000, 1.300000, 1.381194
0.950000, 1.300000, 1.882059
1.000000, 1.300000, 2.397477
1.050000, 1.300000, 2.877558
1.100000, 1.300000, 3.273710
1.150000, 1.300000, 3.543102
1.200000, 1.300000, 3.652645
1.250000, 1.300000, 3.582119
1.300000, 1.300000, 3.326120
1.350000, 1.300000, 2.894664
1.400000, 1.300000, 2.312366
1.450000, 1.300000, 1.616271
1.500000, 1.300000, 0.852547
1.550000, 1.300000, 0.072330
1.600000, 1.300000, -0.672861
1.650000, 1.300000, -1.335735
1.700000, 1.300000, -1.877417
1.750000, 1.300000, -2.270828
1.800000, 1.300000, -2.502935
1.850000, 1.300000, -2.575691
1.900000, 1.300000, -2.505550
1.950000, 1.300000, -2.321657
2.000000, 1.300000, -2.062864
0.000000, 1.350000, 2.963440
0.050000, 1.350000, 3.176869
0.100000, 1.350000, 3.348726
0.150000, 1.350000, 3.449404
0.200000, 1.350000, 3.456623
0.250000, 1.350000, 3.358110
0.300000, 1.350000, 3.153231
0.350000, 1.350000, 2.853402
0.400000, 1.350000, 2.481227
0.450000, 1.350000, 2.068440
0.500000, 1.350000, 1.652832
0.550000, 1.350000, 1.274485
0.600000, 1.350000, 0.971668
0.650000, 1.350000, 0.776813
0.700000, 1.350000, 0.712975
0.750000, 1.350000, 0.791144
0.800000, 1.350000, 1.008685
0.850000, 1.350000, 1.349087
0.900000, 1.350000, 1.783061
0.950000, 1.350000, 2.270908
1.000000, 1.350000, 2.765945
1.050000, 1.350000, 3.218669
1.100000, 1.350000, 3.581282
1.150000, 1.350000, 3.812127
1.200000, 1.350000, 3.879630
1.250000, 1.350000, 3.765350
1.300000, 1.350000, 3.465859
1.350000, 1.350000, 2.993240
1.400000, 1.350000, 2.374163
1.450000, 1.350000, 1.647611
1.500000, 1.350000, 0.861461
1.550000, 1.350000, 0.068240
1.600000, 1.350000, -0.679559
1.650000, 1.350000, -1.334148
1.700000, 1.350000, -1.856679
1.750000, 1.350000, -2.220647
1.800000, 1.350000, -2.414135
1.850000, 1.350000, -2.440720
1.900000, 1.350000, -2.318929
1.950000, 1.350000, -2.080341
2.000000, 1.350000, -1.766501
0.000000, 1.400000, 3.277512
0.050000, 1.400000, 3.478129
0.100000, 1.400000, 3.639105
0.150000, 1.400000, 3.731832
0.200000, 1.400000, 3.734855
0.250000, 1.400000, 3.636473
0.300000, 1.400000, 3.436326
0.350000, 1.400000, 3.145770
0.400000, 1.400000, 2.787010
0.450000, 1.400000, 2.391043
0.500000, 1.400000, 1.994631
0.550000, 1.400000, 1.636579
0.600000, 1.400000, 1.353710
0.650000, 1.400000, 1.176921
0.700000, 1.400000, 1.127743
0.750000, 1.400000, 1.215747
0.800000, 1.400000, 1.437082
0.850000, 1.400000, 1.774309
0.900000, 1.400000, 2.197574
0.950000, 1.400000, 2.667027
1.000000, 1.400000, 3.136282
1.050000, 1.400000, 3.556588
1.100000, 1.400000, 3.881330
1.150000, 1.400000, 4.070420
1.200000, 1.400000, 4.094169
1.250000, 1.400000, 3.936243
1.300000, 1.400000, 3.595434
1.350000, 1.400000, 3.086035
1.400000, 1.400000, 2.436798
1.450000, 1.400000, 1.688526
1.500000, 1.400000, 0.890553
1.550000, 1.400000, 0.096387
1.600000, 1.400000, -0.641034
1.650000, 1.400000, -1.274073
1.700000, 1.400000, -1.764646
1.750000, 1.400000, -2.087606
1.800000, 1.400000, -2.232949
1.850000, 1.400000, -2.206630
1.900000, 1.400000, -2.029921
1.950000, 1.400000, -1.737377
2.000000, 1.400000, -1.373604
0.000000, 1.450000, 3.605615
0.050000, 1.450000, 3.794299
0.100000, 1.450000, 3.945370
0.150000, 1.450000, 4.031267
0.200000, 1.450000, 4.031373
0.250000, 1.450000, 3.934550
0.300000, 1.450000, 3.740659
0.350000, 1.450000, 3.460912
0.400000, 1.450000, 3.116988
0.450000, 1.450000, 2.739005
0.500000, 1.450000, 2.362528
0.550000, 1.450000, 2.024925
0.600000, 1.450000, 1.761425
0.650000, 1.450000, 1.601280
0.700000, 1.450000, 1.564435
0.750000, 1.450000, 1.659044
0.800000, 1.450000, 1.880119
0.850000, 1.450000, 2.209449
0.900000, 1.450000, 2.616848
0.950000, 1.450000, 3.062622
1.000000, 1.450000, 3.501043
1.050000, 1.450000, 3.884510
1.100000, 1.450000, 4.168001
1.150000, 1.450000, 4.313391
1.200000, 1.450000, 4.293219
1.250000, 1.450000, 4.093527
1.300000, 1.450000, 3.715484
1.350000, 1.450000, 3.175628
1.400000, 1.450000, 2.504671
1.450000, 1.450000, 1.744972
1.500000, 1.450000, 0.946889
1.550000, 1.450000, 0.164354
1.600000, 1.450000, -0.549942
1.650000, 1.450000, -1.149286
1.700000, 1.450000, -1.597174
1.750000, 1.450000, -1.870637
1.800000, 1.450000, -1.962345
1.850000, 1.450000, -1.881292
1.900000, 1.450000, -1.651995
1.950000, 1.450000, -1.312286
2.000000, 1.450000, -0.909890
0.000000, 1.500000, 3.943178
0.050000, 1.500000, 4.120830
0.100000, 1.500000, 4.262977
0.150000, 1.500000, 4.343146
0.200000, 1.500000, 4.341582
0.250000, 1.500000, 4.247687
0.300000, 1.500000, 4.061493
0.350000, 1.500000, 3.793969
0.400000, 1.500000, 3.466138
0.450000, 1.500000, 3.107080
0.500000, 1.500000, 2.750999
0.550000, 1.500000, 2.433662
0.600000, 1.500000, 2.188566
0.650000, 1.500000, 2.043225
0.700000, 1.500000, 2.015963
0.750000, 1.500000, 2.113562
0.800000, 1.500000, 2.330014
0.850000, 1.500000, 2.646548
0.900000, 1.500000, 3.032932
0.950000, 1.500000, 3.449983
1.000000, 1.500000, 3.853035
1.050000, 1.500000, 4.196058
1.100000, 1.500000, 4.436038
1.150000, 1.500000, 4.537184
1.200000, 1.500000, 4.474556
1.250000, 1.500000, 4.236754
1.300000, 1.500000, 3.827376
1.350000, 1.500000, 3.265095
1.400000, 1.500000, 2.582314
1.450000, 1.500000, 1.822506
1.500000, 1.500000, 1.036470
1.550000, 1.500000, 0.277839
1.600000, 1.500000, -0.401744
1.650000, 1.500000, -0.957341
1.700000, 1.500000, -1.354870
1.750000, 1.500000, -1.574312
1.800000, 1.500000, -1.611661
1.850000, 1.500000, -1.479413
1.900000, 1.500000, -1.205571
1.950000, 1.500000, -0.831212
2.000000, 1.500000, -0.406862
0.000000, 1.550000, 4.285514
0.050000, 1.550000, 4.453036
0.100000, 1.550000, 4.587218
0.150000, 1.550000, 4.662728
0.200000, 1.550000, 4.660683
0.250000, 1.550000, 4.571013
0.300000, 1.550000, 4.393852
0.350000, 1.550000, 4.139823
0.400000, 1.550000, 3.829157
0.450000, 1.550000, 3.489730
0.500000, 1.550000, 3.154214
0.550000, 1.550000, 2.856617
0.600000, 1.550000, 2.628579
0.650000, 1.550000, 2.495801
0.700000, 1.550000, 2.474987
0.750000, 1.550000, 2.571625
0.800000, 1.550000, 2.778866
0.850000, 1.550000, 3.077634
0.900000, 1.550000, 3.437995
0.950000, 1.550000, 3.821673
1.000000, 1.550000, 4.185498
1.050000, 1.550000, 4.485446
1.100000, 1.550000, 4.680908
1.150000, 1.550000, 4.738753
1.200000, 1.550000, 4.636782
1.250000, 1.550000, 4.366230
1.300000, 1.550000, 3.933038
1.350000, 1.550000, 3.357753
1.400000, 1.550000, 2.674028
1.450000, 1.550000, 1.925849
1.500000, 1.550000, 1.163718
1.550000, 1.550000, 0.440135
1.600000, 1.550000, -0.195187
1.650000, 1.550000, -0.699949
1.700000, 1.550000, -1.043280
1.750000, 1.550000, -1.208756
1.800000, 1.550000, -1.196128
1.850000, 1.550000, -1.021588
1.900000, 1.550000, -0.716511
1.950000, 1.550000, -0.324803
2.000000, 1.550000, 0.100939
0.000000, 1.600000, 4.627937
0.050000, 1.600000, 4.786206
0.100000, 1.600000, 4.913347
0.150000, 1.600000, 4.985207
0.200000, 1.600000, 4.983799
0.250000, 1.600000, 4.899552
0.300000, 1.600000, 4.732639
0.350000, 1.600000, 4.493224
0.400000, 1.600000, 4.200596
0.450000, 1.600000, 3.881260
0.500000, 1.600000, 3.566180
0.550000, 1.600000, 3.287454
0.600000, 1.600000, 3.074753
0.650000, 1.600000, 2.951920
0.700000, 1.600000, 2.934073
0.750000, 1.600000, 3.025534
0.800000, 1.600000, 3.218835
0.850000, 1.600000, 3.494912
0.900000, 1.600000, 3.824513
0.950000, 1.600000, 4.170708
1.000000, 1.600000, 4.492271
1.050000, 1.600000, 4.747614
1.100000, 1.600000, 4.898898
1.150000, 1.600000, 4.915911
1.200000, 1.600000, 4.779312
1.250000, 1.600000, 4.482920
1.300000, 1.600000, 4.034780
1.350000, 1.600000, 3.456886
1.400000, 1.600000, 2.783539
1.450000, 1.600000, 2.058486
1.500000, 1.600000, 1.331067
1.550000, 1.600000, 0.651746
1.600000, 1.600000, 0.067409
1.650000, 1.600000, -0.383091
1.700000, 1.600000, -0.672740
1.750000, 1.600000, -0.789133
1.800000, 1.600000, -0.735934
1.850000, 1.600000, -0.532852
1.900000, 1.600000, -0.214137
1.950000, 1.600000, 0.174315
2.000000, 1.600000, 0.578972
0.000000, 1.650000, 4.965873
0.050000, 1.650000, 5.115728
0.100000, 1.650000, 5.236688
0.150000, 1.650000, 5.305832
0.200000, 1.650000, 5.306085
0.250000, 1.650000, 5.228352
0.300000, 1.650000, 5.072767
0.350000, 1.650000, 4.848916
0.400000, 1.650000, 4.574991
0.450000, 1.650000, 4.275949
0.500000, 1.650000, 3.980877
0.550000, 1.650000, 3.719815
0.600000, 1.650000, 3.520374
0.650000, 1.650000, 3.404522
0.700000, 1.650000, 3.385865
0.750000, 1.650000, 3.467737
0.800000, 1.650000, 3.642326
0.850000, 1.650000, 3.890943
0.900000, 1.650000, 4.185450
0.950000, 1.650000, 4.490724
1.000000, 1.650000, 4.767941
1.050000, 1.650000, 4.978352
1.100000, 1.650000, 5.087198
1.150000, 1.650000, 5.067350
1.200000, 1.650000, 4.902323
1.250000, 1.650000, 4.588320
1.300000, 1.650000, 4.135092
1.350000, 1.650000, 3.565483
1.400000, 1.650000, 2.913685
1.450000, 1.650000, 2.222328
1.500000, 1.650000, 1.538657
1.550000, 1.650000, 0.910169
1.600000, 1.650000, 0.380094
1.650000, 1.650000, -0.016826
1.700000, 1.650000, -0.257864
1.750000, 1.650000, -0.334762
1.800000, 1.650000, -0.254877
1.850000, 1.650000, -0.040869
1.900000, 1.650000, 0.271063
1.950000, 1.650000, 0.634261
2.000000, 1.650000, 0.995733
0.000000, 1.700000, 5.294979
0.050000, 1.700000, 5.437194
0.100000, 1.700000, 5.552754
0.150000, 1.700000, 5.620024
0.200000, 1.700000, 5.622858
0.250000, 1.700000, 5.552605
0.300000, 1.700000, 5.409282
0.350000, 1.700000, 5.201769
0.400000, 1.700000, 4.946995
0.450000, 1.700000, 4.668193
0.500000, 1.700000, 4.392401
0.550000, 1.700000, 4.147468
0.600000, 1.700000, 3.958875
0.650000, 1.700000, 3.846732
0.700000, 1.700000, 3.823250
0.750000, 1.700000, 3.891001
0.800000, 1.700000, 4.042159
0.850000, 1.700000, 4.258821
0.900000, 1.700000, 4.514426
0.950000, 1.700000, 4.776139
1.000000, 1.700000, 5.007981
1.050000, 1.700000, 5.174402
1.100000, 1.700000, 5.243948
1.150000, 1.700000, 5.192634
1.200000, 1.700000, 5.006683
1.250000, 1.700000, 4.684324
1.300000, 1.700000, 4.236442
1.350000, 1.700000, 3.685985
1.400000, 1.700000, 3.066146
1.450000, 1.700000, 2.417473
1.500000, 1.700000, 1.784161
1.550000, 1.700000, 1.209871
1.600000, 1.700000, 0.733479
1.650000, 1.700000, 0.385169
1.700000, 1.700000, 0.183261
1.750000, 1.700000, 0.132104
1.800000, 1.700000, 0.221265
1.850000, 1.700000, 0.426123
1.900000, 1.700000, 0.709838
1.950000, 1.700000, 1.026549
2.000000, 1.700000, 1.325507
0.000000, 1.750000, 5.611248
0.050000, 1.750000, 5.746515
0.100000, 1.750000, 5.857361
0.150000, 1.750000, 5.923491
0.200000, 1.750000, 5.929705
0.250000, 1.750000, 5.867766
0.300000, 1.750000, 5.737486
0.350000, 1.750000, 5.546901
0.400000, 1.750000, 5.311509
0.450000, 1.750000, 5.052635
0.500000, 1.750000, 4.795104
0.550000, 1.750000, 4.564452
0.600000, 1.750000, 4.383988
0.650000, 1.750000, 4.272015
0.700000, 1.750000, 4.239515
0.750000, 1.750000, 4.288578
0.800000, 1.750000, 4.411738
0.850000, 1.750000, 4.592334
0.900000, 1.750000, 4.805875
0.950000, 1.750000, 5.022289
1.000000, 1.750000, 5.208857
1.050000, 1.750000, 5.333524
1.100000, 1.750000, 5.368267
1.150000, 1.750000, 5.292170
1.200000, 1.750000, 5.093863
1.250000, 1.750000, 4.773073
1.300000, 1.750000, 4.341090
1.350000, 1.750000, 3.820075
1.400000, 1.750000, 3.241243
1.450000, 1.750000, 2.642067
1.500000, 1.750000, 2.062776
1.550000, 1.750000, 1.542453
1.600000, 1.750000, 1.115143
1.650000, 1.750000, 0.806329
1.700000, 1.750000, 0.630161
1.750000, 1.750000, 0.587727
1.800000, 1.750000, 0.666550
1.850000, 1.750000, 0.841422
1.900000, 1.750000, 1.076488
1.950000, 1.750000, 1.328450
2.000000, 1.750000, 1.550562
0.000000, 1.800000, 5.911102
0.050000, 1.800000, 6.040017
0.100000, 1.800000, 6.146723
0.150000, 1.800000, 6.212330
0.200000, 1.800000, 6.222598
0.250000, 1.800000, 6.169668
0.300000, 1.800000, 6.053052
0.350000, 1.800000, 5.879801
0.400000, 1.800000, 5.663803
0.450000, 1.800000, 5.424293
0.500000, 1.800000, 5.183721
0.550000, 1.800000, 4.965211
0.600000, 1.800000, 4.789883
0.650000, 1.800000, 4.674324
0.700000, 1.800000, 4.628504
0.750000, 1.800000, 4.654356
0.800000, 1.800000, 4.745204
0.850000, 1.800000, 4.886118
0.900000, 1.800000, 5.055179
0.950000, 1.800000, 5.225545
1.000000, 1.800000, 5.368118
1.050000, 1.800000, 5.454547
1.100000, 1.800000, 5.460251
1.150000, 1.800000, 5.367153
1.200000, 1.800000, 5.165825
1.250000, 1.800000, 4.856801
1.300000, 1.800000, 4.450901
1.350000, 1.800000, 3.968505
1.400000, 1.800000, 3.437819
1.450000, 1.800000, 2.892278
1.500000, 1.800000, 2.367346
1.550000, 1.800000, 1.896999
1.600000, 1.800000, 1.510261
1.650000, 1.800000, 1.228133
1.700000, 1.800000, 1.061241
1.750000, 1.800000, 1.008469
1.800000, 1.800000, 1.056719
1.850000, 1.800000, 1.181873
1.900000, 1.800000, 1.350889
1.950000, 1.800000, 1.524833
2.000000, 1.800000, 1.662595
0.000000, 1.850000, 6.191490
0.050000, 1.850000, 6.314533
0.100000, 1.850000, 6.417555
0.150000, 1.850000, 6.483125
0.200000, 1.850000, 6.497988
0.250000, 1.850000, 6.454618
0.300000, 1.850000, 6.352130
0.350000, 1.850000, 6.196435
0.400000, 1.850000, 5.999632
0.450000, 1.850000, 5.778678
0.500000, 1.850000, 5.553498
0.550000, 1.850000, 5.344723
0.600000, 1.850000, 5.171297
0.650000, 1.850000, 5.048233
0.700000, 1.850000, 4.984749
0.750000, 1.850000, 4.983002
0.800000, 1.850000, 5.037576
0.850000, 1.850000, 5.135785
0.900000, 1.850000, 5.258788
0.950000, 1.850000, 5.383405
1.000000, 1.850000, 5.484455
1.050000, 1.850000, 5.537392
1.100000, 1.850000, 5.520944
1.150000, 1.850000, 5.419489
1.200000, 1.850000, 5.224908
1.250000, 1.850000, 4.937694
1.300000, 1.850000, 4.567205
1.350000, 1.850000, 4.130980
1.400000, 1.850000, 3.653198
1.450000, 1.850000, 3.162391
1.500000, 1.850000, 2.688653
1.550000, 1.850000, 2.260600
1.600000, 1.850000, 1.902403
1.650000, 1.850000, 1.631200
1.700000, 1.850000, 1.455159
1.750000, 1.850000, 1.372400
1.800000, 1.850000, 1.370933
1.850000, 1.850000, 1.429611
1.900000, 1.850000, 1.520051
1.950000, 1.850000, 1.609341
2.000000, 1.850000, 1.663280
0.000000, 1.900000, 6.449955
0.050000, 1.900000, 6.567484
0.100000, 1.900000, 6.667145
0.150000, 1.900000, 6.733035
0.200000, 1.900000, 6.752896
0.250000, 1.900000, 6.719496
0.300000, 1.900000, 6.631443
0.350000, 1.900000, 6.493350
0.400000, 1.900000, 6.315334
0.450000, 1.900000, 6.111895
0.500000, 1.900000, 5.900294
0.550000, 1.900000, 5.698606
0.600000, 1.900000, 5.523655
0.650000, 1.900000, 5.389060
0.700000, 1.900000, 5.303600
0.750000, 1.900000, 5.270086
0.800000, 1.900000, 5.284865
0.850000, 1.900000, 5.338030
0.900000, 1.900000, 5.414309
0.950000, 1.900000, 5.494561
1.000000, 1.900000, 5.557732
1.050000, 1.900000, 5.583058
1.100000, 1.900000, 5.552288
1.150000, 1.900000, 5.451705
1.200000, 1.900000, 5.273702
1.250000, 1.900000, 5.017757
1.300000, 1.900000, 4.690682
1.350000, 1.900000, 4.306108
1.400000, 1.900000, 3.883243
1.450000, 1.900000, 3.445024
1.500000, 1.900000, 3.015832
1.550000, 1.900000, 2.619013
1.600000, 1.900000, 2.274454
1.650000, 1.900000, 1.996469
1.700000, 1.900000, 1.792210
1.750000, 1.900000, 1.660803
1.800000, 1.900000, 1.593285
1.850000, 1.900000, 1.573387
1.900000, 1.900000, 1.579084
1.950000, 1.900000, 1.584775
2.000000, 1.900000, 1.563883
0.000000, 1.950000, 6.684696
0.050000, 1.950000, 6.796937
0.100000, 1.950000, 6.893427
0.150000, 1.950000, 6.959857
0.200000, 1.950000, 6.984987
0.250000, 1.950000, 6.961829
0.300000, 1.950000, 6.888367
0.350000, 1.950000, 6.767749
0.400000, 1.950000, 6.607920
0.450000, 1.950000, 6.420740
0.500000, 1.950000, 6.220679
0.550000, 1.950000, 6.023225
0.600000, 1.950000, 5.843169
0.650000, 1.950000, 5.692968
0.700000, 1.950000, 5.581324
0.750000, 1.950000, 5.512177
0.800000, 1.950000, 5.484173
0.850000, 1.950000, 5.490718
0.900000, 1.950000, 5.520568
0.950000, 1.950000, 5.558937
1.000000, 1.950000, 5.588994
1.050000, 1.950000, 5.593588
1.100000, 1.950000, 5.557048
1.150000, 1.950000, 5.466839
1.200000, 1.950000, 5.314929
1.250000, 1.950000, 5.098694
1.300000, 1.950000, 4.821287
1.350000, 1.950000, 4.491408
1.400000, 1.950000, 4.122499
1.450000, 1.950000, 3.731446
1.500000, 1.950000, 3.336904
1.550000, 1.950000, 2.957433
1.600000, 1.950000, 2.609619
1.650000, 1.950000, 2.306379
1.700000, 1.950000, 2.055634
1.750000, 1.950000, 1.859477
1.800000, 1.950000, 1.713942
1.850000, 1.950000, 1.609390
1.900000, 1.950000, 1.531487
1.950000, 1.950000, 1.462673
2.000000, 1.950000, 1.383979
0.000000, 2.000000, 6.894618
0.050000, 2.000000, 7.001659
0.100000, 2.000000, 7.095028
0.150000, 2.000000, 7.162086
0.200000, 2.000000, 7.192626
0.250000, 2.000000, 7.179849
0.300000, 2.000000, 7.120993
0.350000, 2.000000, 7.017566
0.400000, 2.000000, 6.875142
0.450000, 2.000000, 6.702768
0.500000, 2.000000, 6.512009
0.550000, 2.000000, 6.315761
0.600000, 2.000000, 6.126917
0.650000, 2.000000, 5.957046
0.700000, 2.000000, 5.815190
0.750000, 2.000000, 5.706928
0.800000, 2.000000, 5.633764
0.850000, 2.000000, 5.592938
0.900000, 2.000000, 5.577651
0.950000, 2.000000, 5.577696
1.000000, 2.000000, 5.580434
1.050000, 2.000000, 5.572012
1.100000, 2.000000, 5.538719
1.150000, 2.000000, 5.468331
1.200000, 2.000000, 5.351323
1.250000, 2.000000, 5.181823
1.300000, 2.000000, 4.958228
1.350000, 2.000000, 4.683395
1.400000, 2.000000, 4.364420
1.450000, 2.000000, 4.011989
1.500000, 2.000000, 3.639400
1.550000, 2.000000, 3.261322
1.600000, 2.000000, 2.892422
1.650000, 2.000000, 2.545998
1.700000, 2.000000, 2.232739
1.750000, 2.000000, 1.959736
1.800000, 2.000000, 1.729850
1.850000, 2.000000, 1.541475
1.900000, 2.000000, 1.388743
1.950000, 2.000000, 1.262126
2.000000, 2.000000, 1.149400
