0.000000, 0.000000, -2.938263
0.050000, 0.000000, -3.490146
0.100000, 0.000000, -3.979813
0.150000, 0.000000, -4.371072
0.200000, 0.000000, -4.635926
0.250000, 0.000000, -4.757416
0.300000, 0.000000, -4.731424
0.350000, 0.000000, -4.567250
0.400000, 0.000000, -4.286906
0.450000, 0.000000, -3.923192
0.500000, 0.000000, -3.516731
0.550000, 0.000000, -3.112260
0.600000, 0.000000, -2.754514
0.650000, 0.000000, -2.484116
0.700000, 0.000000, -2.333867
0.750000, 0.000000, -2.325778
0.800000, 0.000000, -2.469149
0.850000, 0.000000, -2.759862
0.900000, 0.000000, -3.180959
0.950000, 0.000000, -3.704443
1.000000, 0.000000, -4.294121
1.050000, 0.000000, -4.909209
1.100000, 0.000000, -5.508349
1.150000, 0.000000, -6.053632
1.200000, 0.000000, -6.514246
1.250000, 0.000000, -6.869395
1.300000, 0.000000, -7.110184
1.350000, 0.000000, -7.240326
1.400000, 0.000000, -7.275564
1.450000, 0.000000, -7.241907
1.500000, 0.000000, -7.172832
1.550000, 0.000000, -7.105747
1.600000, 0.000000, -7.078057
1.650000, 0.000000, -7.123242
1.700000, 0.000000, -7.267308
1.750000, 0.000000, -7.526000
1.800000, 0.000000, -7.903030
1.850000, 0.000000, -8.389504
1.900000, 0.000000, -8.964625
1.950000, 0.000000, -9.597582
2.000000, 0.000000, -10.250465
0.000000, 0.050000, -2.953144
0.050000, 0.050000, -3.477306
0.100000, 0.050000, -3.940110
0.150000, 0.050000, -4.305912
0.200000, 0.050000, -4.547229
0.250000, 0.050000, -4.647568
0.300000, 0.050000, -4.603221
0.350000, 0.050000, -4.423824
0.400000, 0.050000, -4.131653
0.450000, 0.050000, -3.759684
0.500000, 0.050000, -3.348633
0.550000, 0.050000, -2.943234
0.600000, 0.050000, -2.588132
0.650000, 0.050000, -2.323774
0.700000, 0.050000, -2.182697
0.750000, 0.050000, -2.186574
0.800000, 0.050000, -2.344297
0.850000, 0.050000, -2.651281
0.900000, 0.050000, -3.090054
0.950000, 0.050000, -3.632071
1.000000, 0.050000, -4.240568
1.050000, 0.050000, -4.874186
1.100000, 0.050000, -5.490996
1.150000, 0.050000, -6.052541
1.200000, 0.050000, -6.527495
1.250000, 0.050000, -6.894595
1.300000, 0.050000, -7.144539
1.350000, 0.050000, -7.280700
1.400000, 0.050000, -7.318559
1.450000, 0.050000, -7.283948
1.500000, 0.050000, -7.210252
1.550000, 0.050000, -7.134880
1.600000, 0.050000, -7.095328
1.650000, 0.050000, -7.125252
1.700000, 0.050000, -7.250921
1.750000, 0.050000, -7.488420
1.800000, 0.050000, -7.841866
1.850000, 0.050000, -8.302834
1.900000, 0.050000, -8.851039
1.950000, 0.050000, -9.456219
2.000000, 0.050000, -10.081035
0.000000, 0.100000, -2.907573
0.050000, 0.100000, -3.404871
0.100000, 0.100000, -3.842218
0.150000, 0.100000, -4.184482
0.200000, 0.100000, -4.404647
0.250000, 0.100000, -4.486626
0.300000, 0.100000, -4.427050
0.350000, 0.100000, -4.235817
0.400000, 0.100000, -3.935379
0.450000, 0.100000, -3.558803
0.500000, 0.100000, -3.146804
0.550000, 0.100000, -2.744025
0.600000, 0.100000, -2.394934
0.650000, 0.100000, -2.139714
0.700000, 0.100000, -2.010562
0.750000, 0.100000, -2.028745
0.800000, 0.100000, -2.202685
0.850000, 0.100000, -2.527286
0.900000, 0.100000, -2.984524
0.950000, 0.100000, -3.545286
1.000000, 0.100000, -4.172230
1.050000, 0.100000, -4.823427
1.100000, 0.100000, -5.456399
1.150000, 0.100000, -6.032174
1.200000, 0.100000, -6.518961
1.250000, 0.100000, -6.895087
1.300000, 0.100000, -7.150912
1.350000, 0.100000, -7.289546
1.400000, 0.100000, -7.326292
1.450000, 0.100000, -7.286890
1.500000, 0.100000, -7.204726
1.550000, 0.100000, -7.117299
1.600000, 0.100000, -7.062282
1.650000, 0.100000, -7.073593
1.700000, 0.100000, -7.177841
1.750000, 0.100000, -7.391516
1.800000, 0.100000, -7.719204
1.850000, 0.100000, -8.152992
1.900000, 0.100000, -8.673144
1.950000, 0.100000, -9.249967
2.000000, 0.100000, -9.846698
0.000000, 0.150000, -2.803810
0.050000, 0.150000, -3.275651
0.100000, 0.150000, -3.689460
0.150000, 0.150000, -4.010571
0.200000, 0.150000, -4.212371
0.250000, 0.150000, -4.279115
0.300000, 0.150000, -4.207691
0.350000, 0.150000, -4.008176
0.400000, 0.150000, -3.703110
0.450000, 0.150000, -3.325558
0.500000, 0.150000, -2.916144
0.550000, 0.150000, -2.519333
0.600000, 0.150000, -2.179327
0.650000, 0.150000, -1.935971
0.700000, 0.150000, -1.821053
0.750000, 0.150000, -1.855370
0.800000, 0.150000, -2.046832
0.850000, 0.150000, -2.389791
0.900000, 0.150000, -2.865656
0.950000, 0.150000, -3.444731
1.000000, 0.150000, -4.089109
1.050000, 0.150000, -4.756309
1.100000, 0.150000, -5.403338
1.150000, 0.150000, -5.990758
1.200000, 0.150000, -6.486370
1.250000, 0.150000, -6.868160
1.300000, 0.150000, -7.126227
1.350000, 0.150000, -7.263501
1.400000, 0.150000, -7.295197
1.450000, 0.150000, -7.247053
1.500000, 0.150000, -7.152546
1.550000, 0.150000, -7.049352
1.600000, 0.150000, -6.975408
1.650000, 0.150000, -6.964969
1.700000, 0.150000, -7.045052
1.750000, 0.150000, -7.232616
1.800000, 0.150000, -7.532760
1.850000, 0.150000, -7.938119
1.900000, 0.150000, -8.429529
1.950000, 0.150000, -8.977874
2.000000, 0.150000, -9.546961
0.000000, 0.200000, -2.645560
0.050000, 0.200000, -3.093865
0.100000, 0.200000, -3.486521
0.150000, 0.200000, -3.789268
0.200000, 0.200000, -3.975830
0.250000, 0.200000, -4.030720
0.300000, 0.200000, -3.951002
0.350000, 0.200000, -3.746840
0.400000, 0.200000, -3.440772
0.450000, 0.200000, -3.065770
0.500000, 0.200000, -2.662279
0.550000, 0.200000, -2.274497
0.600000, 0.200000, -1.946288
0.650000, 0.200000, -1.717084
0.700000, 0.200000, -1.618208
0.750000, 0.200000, -1.669940
0.800000, 0.200000, -1.879641
0.850000, 0.200000, -2.241090
0.900000, 0.200000, -2.735120
0.950000, 0.200000, -3.331465
1.000000, 0.200000, -3.991667
1.050000, 0.200000, -4.672732
1.100000, 0.200000, -5.331201
1.150000, 0.200000, -5.927227
1.200000, 0.200000, -6.428272
1.250000, 0.200000, -6.812062
1.300000, 0.200000, -7.068517
1.350000, 0.200000, -7.200479
1.400000, 0.200000, -7.223162
1.450000, 0.200000, -7.162398
1.500000, 0.200000, -7.051843
1.550000, 0.200000, -6.929436
1.600000, 0.200000, -6.833454
1.650000, 0.200000, -6.798565
1.700000, 0.200000, -6.852253
1.750000, 0.200000, -7.011993
1.800000, 0.200000, -7.283435
1.850000, 0.200000, -7.659788
1.900000, 0.200000, -8.122466
1.950000, 0.200000, -8.642926
2.000000, 0.200000, -9.185528
0.000000, 0.250000, -2.437881
0.050000, 0.250000, -2.865036
0.100000, 0.250000, -3.239332
0.150000, 0.250000, -3.526843
0.200000, 0.250000, -3.701552
0.250000, 0.250000, -3.748143
0.300000, 0.250000, -3.663767
0.350000, 0.250000, -3.458585
0.400000, 0.250000, -3.155040
0.450000, 0.250000, -2.785924
0.500000, 0.250000, -2.391413
0.550000, 0.250000, -2.015366
0.600000, 0.250000, -1.701235
0.650000, 0.250000, -1.487986
0.700000, 0.250000, -1.406422
0.750000, 0.250000, -1.476277
0.800000, 0.250000, -1.704338
0.850000, 0.250000, -2.083810
0.900000, 0.250000, -2.594954
0.950000, 0.250000, -3.206957
1.000000, 0.250000, -3.880847
1.050000, 0.250000, -4.573165
1.100000, 0.250000, -5.240047
1.150000, 0.250000, -5.841308
1.200000, 0.250000, -6.344151
1.250000, 0.250000, -6.726126
1.300000, 0.250000, -6.977069
1.350000, 0.250000, -7.099823
1.400000, 0.250000, -7.109699
1.450000, 0.250000, -7.032710
1.500000, 0.250000, -6.902778
1.550000, 0.250000, -6.758188
1.600000, 0.250000, -6.637630
1.650000, 0.250000, -6.576243
1.700000, 0.250000, -6.602032
1.750000, 0.250000, -6.733025
1.800000, 0.250000, -6.975448
1.850000, 0.250000, -7.323093
1.900000, 0.250000, -7.757949
1.950000, 0.250000, -8.252029
2.000000, 0.250000, -8.770211
0.000000, 0.300000, -2.187061
0.050000, 0.300000, -2.595861
0.100000, 0.300000, -2.954928
0.150000, 0.300000, -3.230592
0.200000, 0.300000, -3.397006
0.250000, 0.300000, -3.438940
0.300000, 0.300000, -3.353538
0.350000, 0.300000, -3.150864
0.400000, 0.300000, -2.853179
0.450000, 0.300000, -2.493008
0.500000, 0.300000, -2.110184
0.550000, 0.300000, -1.748155
0.600000, 0.300000, -1.449904
0.650000, 0.300000, -1.253880
0.700000, 0.300000, -1.190339
0.750000, 0.300000, -1.278443
0.800000, 0.300000, -1.524404
0.850000, 0.300000, -1.920859
0.900000, 0.300000, -2.447521
0.950000, 0.300000, -3.073069
1.000000, 0.300000, -3.758066
1.050000, 0.300000, -4.458653
1.100000, 0.300000, -5.130629
1.150000, 0.300000, -5.733555
1.200000, 0.300000, -6.234463
1.250000, 0.300000, -6.610820
1.300000, 0.300000, -6.852469
1.350000, 0.300000, -6.962353
1.400000, 0.300000, -6.955968
1.450000, 0.300000, -6.859598
1.500000, 0.300000, -6.707514
1.550000, 0.300000, -6.538417
1.600000, 0.300000, -6.391473
1.650000, 0.300000, -6.302343
1.700000, 0.300000, -6.299588
1.750000, 0.300000, -6.401817
1.800000, 0.300000, -6.615839
1.850000, 0.300000, -6.936022
1.900000, 0.300000, -7.344911
1.950000, 0.300000, -7.815038
2.000000, 0.300000, -8.311753
0.000000, 0.350000, -1.900463
0.050000, 0.350000, -2.294039
0.100000, 0.350000, -2.641270
0.150000, 0.350000, -2.908651
0.200000, 0.350000, -3.070419
0.250000, 0.350000, -3.111333
0.300000, 0.350000, -3.028439
0.350000, 0.350000, -2.831617
0.400000, 0.350000, -2.542858
0.450000, 0.350000, -2.194344
0.500000, 0.350000, -1.825495
0.550000, 0.350000, -1.479291
0.600000, 0.350000, -1.198199
0.650000, 0.350000, -1.020120
0.700000, 0.350000, -0.974739
0.750000, 0.350000, -1.080646
0.800000, 0.350000, -1.343488
0.850000, 0.350000, -1.755357
0.900000, 0.350000, -2.295461
0.950000, 0.350000, -2.932017
1.000000, 0.350000, -3.625193
1.050000, 0.350000, -4.330797
1.100000, 0.350000, -5.004380
1.150000, 0.350000, -5.605335
1.200000, 0.350000, -6.100616
1.250000, 0.350000, -6.467702
1.300000, 0.350000, -6.696539
1.350000, 0.350000, -6.790260
1.400000, 0.350000, -6.764637
1.450000, 0.350000, -6.646304
1.500000, 0.350000, -6.469952
1.550000, 0.350000, -6.274758
1.600000, 0.350000, -6.100412
1.650000, 0.350000, -5.983133
1.700000, 0.350000, -5.952058
1.750000, 0.350000, -6.026379
1.800000, 0.350000, -6.213478
1.850000, 0.350000, -6.508277
1.900000, 0.350000, -6.893834
1.950000, 0.350000, -7.343147
2.000000, 0.350000, -7.821971
0.000000, 0.400000, -1.586339
0.050000, 0.400000, -1.968088
0.100000, 0.400000, -2.307052
0.150000, 0.400000, -2.569805
0.200000, 0.400000, -2.730571
0.250000, 0.400000, -2.774008
0.300000, 0.400000, -2.696974
0.350000, 0.400000, -2.509079
0.400000, 0.400000, -2.231967
0.450000, 0.400000, -1.897406
0.500000, 0.400000, -1.544349
0.550000, 0.400000, -1.215259
0.600000, 0.400000, -0.952056
0.650000, 0.400000, -0.792073
0.700000, 0.400000, -0.764426
0.750000, 0.400000, -0.887141
0.800000, 0.400000, -1.165325
0.850000, 0.400000, -1.590569
0.900000, 0.400000, -2.141624
0.950000, 0.400000, -2.786317
1.000000, 0.400000, -3.484490
1.050000, 0.400000, -4.191705
1.100000, 0.400000, -4.863352
1.150000, 0.400000, -5.458750
1.200000, 0.400000, -5.944870
1.250000, 0.400000, -6.299298
1.300000, 0.400000, -6.512173
1.350000, 0.400000, -6.586905
1.400000, 0.400000, -6.539617
1.450000, 0.400000, -6.397362
1.500000, 0.400000, -6.195307
1.550000, 0.400000, -5.973150
1.600000, 0.400000, -5.771134
1.650000, 0.400000, -5.626049
1.700000, 0.400000, -5.567610
1.750000, 0.400000, -5.615572
1.800000, 0.400000, -5.777861
1.850000, 0.400000, -6.049903
1.900000, 0.400000, -6.415211
1.950000, 0.400000, -6.847175
2.000000, 0.400000, -7.311874
0.000000, 0.450000, -1.253635
0.050000, 0.450000, -1.627130
0.100000, 0.450000, -1.961487
0.150000, 0.450000, -2.223264
0.200000, 0.450000, -2.386580
0.250000, 0.450000, -2.435902
0.300000, 0.450000, -2.367813
0.350000, 0.450000, -2.191574
0.400000, 0.450000, -1.928416
0.450000, 0.450000, -1.609636
0.500000, 0.450000, -1.273671
0.550000, 0.450000, -0.962437
0.600000, 0.450000, -0.717290
0.650000, 0.450000, -0.574994
0.700000, 0.450000, -0.564107
0.750000, 0.450000, -0.702119
0.800000, 0.450000, -0.993640
0.850000, 0.450000, -1.429811
0.900000, 0.450000, -1.988998
0.950000, 0.450000, -2.638707
1.000000, 0.450000, -3.338540
1.050000, 0.450000, -4.043904
1.100000, 0.450000, -4.710117
1.150000, 0.450000, -5.296522
1.200000, 0.450000, -5.770195
1.250000, 0.450000, -6.108919
1.300000, 0.450000, -6.303107
1.350000, 0.450000, -6.356520
1.400000, 0.450000, -6.285695
1.450000, 0.450000, -6.118157
1.500000, 0.450000, -5.889586
1.550000, 0.450000, -5.640223
1.600000, 0.450000, -5.410874
1.650000, 0.450000, -5.238892
1.700000, 0.450000, -5.154544
1.750000, 0.450000, -5.178116
1.800000, 0.450000, -5.318022
1.850000, 0.450000, -5.570129
1.900000, 0.450000, -5.918327
1.950000, 0.450000, -6.336316
2.000000, 0.450000, -6.790404
0.000000, 0.500000, -0.911765
0.050000, 0.500000, -1.280668
0.100000, 0.500000, -1.614077
0.150000, 0.500000, -1.878440
0.200000, 0.500000, -2.047678
0.250000, 0.500000, -2.105981
0.300000, 0.500000, -2.049579
0.350000, 0.500000, -1.887316
0.400000, 0.500000, -1.639949
0.450000, 0.500000, -1.338261
0.500000, 0.500000, -1.020141
0.550000, 0.500000, -0.726943
0.600000, 0.500000, -0.499457
0.650000, 0.500000, -0.373892
0.700000, 0.500000, -0.378277
0.750000, 0.500000, -0.529607
0.800000, 0.500000, -0.832053
0.850000, 0.500000, -1.276372
0.900000, 0.500000, -1.840617
0.950000, 0.500000, -2.492060
1.000000, 0.500000, -3.190151
1.050000, 0.500000, -3.890232
1.100000, 0.500000, -4.547643
1.150000, 0.500000, -5.121834
1.200000, 0.500000, -5.580077
1.250000, 0.500000, -5.900426
1.300000, 0.500000, -6.073638
1.350000, 0.500000, -6.103882
1.400000, 0.500000, -6.008156
1.450000, 0.500000, -5.814486
1.500000, 0.500000, -5.559083
1.550000, 0.500000, -5.282737
1.600000, 0.500000, -5.026800
1.650000, 0.500000, -4.829164
1.700000, 0.500000, -4.720609
1.750000, 0.500000, -4.721895
1.800000, 0.500000, -4.841863
1.850000, 0.500000, -5.076745
1.900000, 0.500000, -5.410730
1.950000, 0.500000, -5.817740
2.000000, 0.500000, -6.264223
0.000000, 0.550000, -0.570379
0.050000, 0.550000, -0.938355
0.100000, 0.550000, -1.274385
0.150000, 0.550000, -1.544714
0.200000, 0.550000, -1.722982
0.250000, 0.550000, -1.793019
0.300000, 0.550000, -1.750636
0.350000, 0.550000, -1.604197
0.400000, 0.550000, -1.373945
0.450000, 0.550000, -1.090112
0.500000, 0.550000, -0.790029
0.550000, 0.550000, -0.514484
0.600000, 0.550000, -0.303716
0.650000, 0.550000, -0.193410
0.700000, 0.550000, -0.211106
0.750000, 0.550000, -0.373367
0.800000, 0.550000, -0.683985
0.850000, 0.550000, -1.133412
0.900000, 0.550000, -1.699471
0.950000, 0.550000, -2.349288
1.000000, 0.550000, -3.042248
1.050000, 0.550000, -3.733716
1.100000, 0.550000, -4.379140
1.150000, 0.550000, -4.938161
1.200000, 0.550000, -5.378315
1.250000, 0.550000, -5.677992
1.300000, 0.550000, -5.828346
1.350000, 0.550000, -5.833993
1.400000, 0.550000, -5.712418
1.450000, 0.550000, -5.492163
1.500000, 0.550000, -5.209969
1.550000, 0.550000, -4.907158
1.600000, 0.550000, -4.625605
1.650000, 0.550000, -4.403698
1.700000, 0.550000, -4.272682
1.750000, 0.550000, -4.253733
1.800000, 0.550000, -4.356053
1.850000, 0.550000, -4.576171
1.900000, 0.550000, -4.898501
1.950000, 0.550000, -5.297114
2.000000, 0.550000, -5.738527
0.000000, 0.600000, -0.239130
0.050000, 0.600000, -0.609750
0.100000, 0.600000, -0.951790
0.150000, 0.600000, -1.231206
0.200000, 0.600000, -1.421270
0.250000, 0.600000, -1.505386
0.300000, 0.600000, -1.478882
0.350000, 0.600000, -1.349602
0.400000, 0.600000, -1.137239
0.450000, 0.600000, -0.871462
0.500000, 0.600000, -0.589040
0.550000, 0.600000, -0.330213
0.600000, 0.600000, -0.134700
0.650000, 0.600000, -0.037705
0.700000, 0.600000, -0.066338
0.750000, 0.600000, -0.236793
0.800000, 0.600000, -0.552563
0.850000, 0.600000, -1.003876
0.900000, 0.600000, -1.568412
0.950000, 0.600000, -2.213234
1.000000, 0.600000, -2.897752
1.050000, 0.600000, -3.577435
1.100000, 0.600000, -4.207915
1.150000, 0.600000, -4.749088
1.200000, 0.600000, -5.168817
1.250000, 0.600000, -5.445873
1.300000, 0.600000, -5.571843
1.350000, 0.600000, -5.551813
1.400000, 0.600000, -5.403767
1.450000, 0.600000, -5.156759
1.500000, 0.600000, -4.848049
1.550000, 0.600000, -4.519465
1.600000, 0.600000, -4.213373
1.650000, 0.600000, -3.968618
1.700000, 0.600000, -3.816861
1.750000, 0.600000, -3.779642
1.800000, 0.600000, -3.866471
1.850000, 0.600000, -4.074117
1.900000, 0.600000, -4.387166
1.950000, 0.600000, -4.779785
2.000000, 0.600000, -5.218512
0.000000, 0.650000, 0.072570
0.050000, 0.650000, -0.304090
0.100000, 0.650000, -0.655268
0.150000, 0.650000, -0.946548
0.200000, 0.650000, -1.150765
0.250000, 0.650000, -1.250835
0.300000, 0.650000, -1.241557
0.350000, 0.650000, -1.130221
0.400000, 0.650000, -0.935954
0.450000, 0.650000, -0.687865
0.500000, 0.650000, -0.422173
0.550000, 0.650000, -0.178605
0.600000, 0.650000, 0.003597
0.650000, 0.650000, 0.089652
0.700000, 0.650000, 0.052811
0.750000, 0.650000, -0.122826
0.800000, 0.650000, -0.440535
0.850000, 0.650000, -0.890405
0.900000, 0.650000, -1.450057
0.950000, 0.650000, -2.086577
1.000000, 0.650000, -2.759473
1.050000, 0.650000, -3.424393
1.100000, 0.650000, -4.037216
1.150000, 0.650000, -4.558149
1.200000, 0.650000, -4.955421
1.250000, 0.650000, -5.208219
1.300000, 0.650000, -5.308583
1.350000, 0.650000, -5.262081
1.400000, 0.650000, -5.087195
1.450000, 0.650000, -4.813484
1.500000, 0.650000, -4.478708
1.550000, 0.650000, -4.125180
1.600000, 0.650000, -3.795726
1.650000, 0.650000, -3.529616
1.700000, 0.650000, -3.358892
1.750000, 0.650000, -3.305422
1.800000, 0.650000, -3.378986
1.850000, 0.650000, -3.576557
1.900000, 0.650000, -3.882855
1.950000, 0.650000, -4.272107
2.000000, 0.650000, -4.710838
0.000000, 0.700000, 0.355775
0.050000, 0.700000, -0.030058
0.100000, 0.700000, -0.393161
0.150000, 0.700000, -0.698674
0.200000, 0.700000, -0.918933
0.250000, 0.700000, -1.036315
0.300000, 0.700000, -1.045060
0.350000, 0.700000, -0.951885
0.400000, 0.700000, -0.775352
0.450000, 0.700000, -0.544022
0.500000, 0.700000, -0.293602
0.550000, 0.700000, -0.063346
0.600000, 0.700000, 0.107919
0.650000, 0.700000, 0.185767
0.700000, 0.700000, 0.143733
0.750000, 0.700000, -0.033872
0.800000, 0.700000, -0.350189
0.850000, 0.700000, -0.795251
0.900000, 0.700000, -1.346702
0.950000, 0.700000, -1.971723
1.000000, 0.700000, -2.629994
1.050000, 0.700000, -3.277396
1.100000, 0.700000, -3.870106
1.150000, 0.700000, -4.368683
1.200000, 0.700000, -4.741754
1.250000, 0.700000, -4.968941
1.300000, 0.700000, -5.042751
1.350000, 0.700000, -4.969236
1.400000, 0.700000, -4.767375
1.450000, 0.700000, -4.467226
1.500000, 0.700000, -4.107035
1.550000, 0.700000, -3.729590
1.600000, 0.700000, -3.378157
1.650000, 0.700000, -3.092414
1.700000, 0.700000, -2.904763
1.750000, 0.700000, -2.837379
1.800000, 0.700000, -2.900285
1.850000, 0.700000, -3.090630
1.900000, 0.700000, -3.393237
1.950000, 0.700000, -3.782355
2.000000, 0.700000, -4.224450
0.000000, 0.750000, 0.602231
0.050000, 0.750000, 0.204432
0.100000, 0.750000, -0.172977
0.150000, 0.750000, -0.494624
0.200000, 0.750000, -0.732298
0.250000, 0.750000, -0.867803
0.300000, 0.750000, -0.894796
0.350000, 0.750000, -0.819425
0.400000, 0.750000, -0.659699
0.450000, 0.750000, -0.443667
0.500000, 0.750000, -0.206566
0.550000, 0.750000, 0.012760
0.600000, 0.750000, 0.175831
0.650000, 0.750000, 0.248497
0.700000, 0.750000, 0.204495
0.750000, 0.750000, 0.028265
0.800000, 0.750000, -0.283283
0.850000, 0.750000, -0.720206
0.900000, 0.750000, -1.260239
0.950000, 0.750000, -1.870728
1.000000, 0.750000, -2.511577
1.050000, 0.750000, -3.138949
1.100000, 0.750000, -3.709358
1.150000, 0.750000, -4.183741
1.200000, 0.750000, -4.531147
1.250000, 0.750000, -4.731649
1.300000, 0.750000, -4.778228
1.350000, 0.750000, -4.677431
1.400000, 0.750000, -4.448735
1.450000, 0.750000, -4.122699
1.500000, 0.750000, -3.738060
1.550000, 0.750000, -3.338072
1.600000, 0.750000, -2.966443
1.650000, 0.750000, -2.663250
1.700000, 0.750000, -2.461240
1.750000, 0.750000, -2.382877
1.800000, 0.750000, -2.438399
1.850000, 0.750000, -2.625092
1.900000, 0.750000, -2.927825
1.950000, 0.750000, -3.320805
2.000000, 0.750000, -3.770356
0.000000, 0.800000, 0.804576
0.050000, 0.800000, 0.392426
0.100000, 0.800000, -0.001201
0.150000, 0.800000, -0.340370
0.200000, 0.800000, -0.596282
0.250000, 0.800000, -0.750148
0.300000, 0.800000, -0.795041
0.350000, 0.800000, -0.736550
0.400000, 0.800000, -0.592167
0.450000, 0.800000, -0.389471
0.500000, 0.800000, -0.163295
0.550000, 0.800000, 0.047859
0.600000, 0.800000, 0.205778
0.650000, 0.800000, 0.276504
0.700000, 0.800000, 0.233895
0.750000, 0.800000, 0.062433
0.800000, 0.800000, -0.240996
0.850000, 0.800000, -0.666541
0.900000, 0.800000, -1.192097
0.950000, 0.800000, -1.785222
1.000000, 0.800000, -2.406089
1.050000, 0.800000, -3.011184
1.100000, 0.800000, -3.557380
1.150000, 0.800000, -4.006022
1.200000, 0.800000, -4.326594
1.250000, 0.800000, -4.499639
1.300000, 0.800000, -4.518631
1.350000, 0.800000, -4.390623
1.400000, 0.800000, -4.135608
1.450000, 0.800000, -3.784659
1.500000, 0.800000, -3.377013
1.550000, 0.800000, -2.956403
1.600000, 0.800000, -2.566976
1.650000, 0.800000, -2.249198
1.700000, 0.800000, -2.036143
1.750000, 0.800000, -1.950521
1.800000, 0.800000, -2.002728
1.850000, 0.800000, -2.190108
1.900000, 0.800000, -2.497479
1.950000, 0.800000, -2.898885
2.000000, 0.800000, -3.360372
0.000000, 0.850000, 0.956524
0.050000, 0.850000, 0.528103
0.100000, 0.850000, 0.116859
0.150000, 0.850000, -0.240668
0.200000, 0.850000, -0.515071
0.250000, 0.850000, -0.686959
0.300000, 0.850000, -0.748835
0.350000, 0.850000, -0.705759
0.400000, 0.850000, -0.574750
0.450000, 0.850000, -0.382982
0.500000, 0.850000, -0.164953
0.550000, 0.850000, 0.041093
0.600000, 0.850000, 0.197126
0.650000, 0.850000, 0.269295
0.700000, 0.850000, 0.231493
0.750000, 0.850000, 0.068171
0.800000, 0.850000, -0.223881
0.850000, 0.850000, -0.634966
0.900000, 0.850000, -1.143185
0.950000, 0.850000, -1.716354
1.000000, 0.850000, -2.314951
1.050000, 0.850000, -2.895806
1.100000, 0.850000, -3.416183
1.150000, 0.850000, -3.837852
1.200000, 0.850000, -4.130762
1.250000, 0.850000, -4.275946
1.300000, 0.850000, -4.267397
1.350000, 0.850000, -4.112702
1.400000, 0.850000, -3.832397
1.450000, 0.850000, -3.458089
1.500000, 0.850000, -3.029534
1.550000, 0.850000, -2.590946
1.600000, 0.850000, -2.186899
1.650000, 0.850000, -1.858215
1.700000, 0.850000, -1.638238
1.750000, 0.850000, -1.549841
1.800000, 0.850000, -1.603470
1.850000, 0.850000, -1.796390
1.900000, 0.850000, -2.113210
1.950000, 0.850000, -2.527633
2.000000, 0.850000, -3.005242
0.000000, 0.900000, 1.053014
0.050000, 0.900000, 0.606917
0.100000, 0.900000, 0.177209
0.150000, 0.900000, -0.198945
0.200000, 0.900000, -0.491512
0.250000, 0.900000, -0.680515
0.300000, 0.900000, -0.757909
0.350000, 0.900000, -0.728274
0.400000, 0.900000, -0.608218
0.450000, 0.900000, -0.424581
0.500000, 0.900000, -0.211610
0.550000, 0.900000, -0.007379
0.600000, 0.900000, 0.150178
0.650000, 0.900000, 0.227231
0.700000, 0.900000, 0.197630
0.750000, 0.900000, 0.045726
0.800000, 0.900000, -0.231848
0.850000, 0.900000, -0.625597
0.900000, 0.900000, -1.113868
0.950000, 0.900000, -1.664766
1.000000, 0.900000, -2.239102
1.050000, 0.900000, -2.794077
1.100000, 0.900000, -3.287371
1.150000, 0.900000, -3.681210
1.200000, 0.900000, -3.946034
1.250000, 0.900000, -4.063409
1.300000, 0.900000, -4.027881
1.350000, 0.900000, -3.847608
1.400000, 0.900000, -3.543699
1.450000, 0.900000, -3.148318
1.500000, 0.900000, -2.701738
1.550000, 0.900000, -2.248635
1.600000, 0.900000, -1.833963
1.650000, 0.900000, -1.498822
1.700000, 0.900000, -1.276711
1.750000, 0.900000, -1.190528
1.800000, 0.900000, -1.250591
1.850000, 0.900000, -1.453893
1.900000, 0.900000, -1.784629
1.950000, 0.900000, -2.215950
2.000000, 0.900000, -2.712777
0.000000, 0.950000, 1.090344
0.050000, 0.950000, 0.625714
0.100000, 0.950000, 0.177260
0.150000, 0.950000, -0.217207
0.200000, 0.950000, -0.527045
0.250000, 0.950000, -0.731705
0.300000, 0.950000, -0.822644
0.350000, 0.950000, -0.804018
0.400000, 0.950000, -0.692098
0.450000, 0.950000, -0.513477
0.500000, 0.950000, -0.302240
0.550000, 0.950000, -0.096382
0.600000, 0.950000, 0.066168
0.650000, 0.950000, 0.151525
0.700000, 0.950000, 0.133423
0.750000, 0.950000, -0.003950
0.800000, 0.950000, -0.264160
0.850000, 0.950000, -0.637953
0.900000, 0.950000, -1.103953
0.950000, 0.950000, -1.630583
1.000000, 0.950000, -2.179006
1.050000, 0.950000, -2.706827
1.100000, 0.950000, -3.172172
1.150000, 0.950000, -3.537761
1.200000, 0.950000, -3.774575
1.250000, 0.950000, -3.864753
1.300000, 0.950000, -3.803442
1.350000, 0.950000, -3.599407
1.400000, 0.950000, -3.274351
1.450000, 0.950000, -2.860991
1.500000, 0.950000, -2.400091
1.550000, 0.950000, -1.936719
1.600000, 0.950000, -1.516106
1.650000, 0.950000, -1.179488
1.700000, 0.950000, -0.960345
1.750000, 0.950000, -0.881388
1.800000, 0.950000, -0.952594
1.850000, 0.950000, -1.170453
1.900000, 0.950000, -1.518529
1.950000, 0.950000, -1.969236
2.000000, 0.950000, -2.486682
0.000000, 1.000000, 1.066252
0.050000, 1.000000, 0.582802
0.100000, 1.000000, 0.115902
0.150000, 1.000000, -0.295999
0.200000, 1.000000, -0.621661
0.250000, 1.000000, -0.840009
0.300000, 1.000000, -0.942056
0.350000, 1.000000, -0.931608
0.400000, 1.000000, -0.824685
0.450000, 1.000000, -0.647724
0.500000, 1.000000, -0.434746
0.550000, 1.000000, -0.223757
0.600000, 1.000000, -0.052764
0.650000, 1.000000, 0.044213
0.700000, 1.000000, 0.040737
0.750000, 1.000000, -0.079213
0.800000, 1.000000, -0.319442
0.850000, 1.000000, -0.670964
0.900000, 1.000000, -1.112703
0.950000, 1.000000, -1.613420
1.000000, 1.000000, -2.134665
1.050000, 1.000000, -2.634476
1.100000, 1.000000, -3.071473
1.150000, 1.000000, -3.408919
1.200000, 1.000000, -3.618388
1.250000, 1.000000, -3.682646
1.300000, 1.000000, -3.597480
1.350000, 1.000000, -3.372285
1.400000, 1.000000, -3.029348
1.450000, 1.000000, -2.601899
1.500000, 1.000000, -2.131103
1.550000, 1.000000, -1.662297
1.600000, 1.000000, -1.240816
1.650000, 1.000000, -0.907825
1.700000, 1.000000, -0.696554
1.750000, 1.000000, -0.629291
1.800000, 1.000000, -0.715431
1.850000, 1.000000, -0.950759
1.900000, 1.000000, -1.318044
1.950000, 1.000000, -1.788857
2.000000, 1.000000, -2.326464
0.000000, 1.050000, 0.979978
0.050000, 1.050000, 0.477999
0.100000, 1.050000, -0.006480
0.150000, 1.050000, -0.434384
0.200000, 1.050000, -0.773911
0.250000, 1.050000, -1.003512
0.300000, 1.050000, -1.113827
0.350000, 1.050000, -1.108397
0.400000, 1.050000, -1.003085
0.450000, 1.050000, -0.824273
0.500000, 1.050000, -0.606011
0.550000, 1.050000, -0.386409
0.600000, 1.050000, -0.203631
0.650000, 1.050000, -0.091891
0.700000, 1.050000, -0.077850
0.750000, 1.050000, -0.177770
0.800000, 1.050000, -0.395721
0.850000, 1.050000, -0.723004
0.900000, 1.050000, -1.138863
0.950000, 1.050000, -1.612426
1.000000, 1.050000, -2.105661
1.050000, 1.050000, -2.577091
1.100000, 1.050000, -2.985878
1.150000, 1.050000, -3.295894
1.200000, 1.050000, -3.479361
1.250000, 1.050000, -3.519715
1.300000, 1.050000, -3.413406
1.350000, 1.050000, -3.170443
1.400000, 1.050000, -2.813646
1.450000, 1.050000, -2.376651
1.500000, 1.050000, -1.900876
1.550000, 1.050000, -1.431725
1.600000, 1.050000, -1.014409
1.650000, 1.050000, -0.689773
1.700000, 1.050000, -0.490546
1.750000, 1.050000, -0.438363
1.800000, 1.050000, -0.541851
1.850000, 1.050000, -0.795966
1.900000, 1.050000, -1.182627
1.950000, 1.050000, -1.672600
2.000000, 1.050000, -2.228426
0.000000, 1.100000, 0.832284
0.050000, 1.100000, 0.312634
0.100000, 1.100000, -0.188007
0.150000, 1.100000, -0.629968
0.200000, 1.100000, -0.980935
0.250000, 1.100000, -1.218948
0.300000, 1.100000, -1.334358
0.350000, 1.100000, -1.330534
0.400000, 1.100000, -1.223286
0.450000, 1.100000, -1.039041
0.500000, 1.100000, -0.811977
0.550000, 1.100000, -0.580389
0.600000, 1.100000, -0.382666
0.650000, 1.100000, -0.253269
0.700000, 1.100000, -0.219115
0.750000, 1.100000, -0.296734
0.800000, 1.100000, -0.490472
0.850000, 1.100000, -0.791936
0.900000, 1.100000, -1.180712
0.950000, 1.100000, -1.626326
1.000000, 1.100000, -2.091212
1.050000, 1.100000, -2.534433
1.100000, 1.100000, -2.915762
1.150000, 1.100000, -3.199737
1.200000, 1.100000, -3.359279
1.250000, 1.100000, -3.378515
1.300000, 1.100000, -3.254538
1.350000, 1.100000, -2.997910
1.400000, 1.100000, -2.631861
1.450000, 1.100000, -2.190262
1.500000, 1.100000, -1.714564
1.550000, 1.100000, -1.249991
1.600000, 1.100000, -0.841365
1.650000, 1.100000, -0.528958
1.700000, 1.100000, -0.344782
1.750000, 1.100000, -0.309658
1.800000, 1.100000, -0.431367
1.850000, 1.100000, -0.704039
1.900000, 1.100000, -1.108847
1.950000, 1.100000, -1.615932
2.000000, 1.100000, -2.187356
0.000000, 1.150000, 0.625427
0.050000, 1.150000, 0.089516
0.100000, 1.150000, -0.425356
0.150000, 1.150000, -0.878962
0.200000, 1.150000, -1.238534
0.250000, 1.150000, -1.481783
0.300000, 1.150000, -1.598858
0.350000, 1.150000, -1.593063
0.400000, 1.150000, -1.480258
0.450000, 1.150000, -1.287019
0.500000, 1.150000, -1.047742
0.550000, 1.150000, -0.800983
0.600000, 1.150000, -0.585413
0.650000, 1.150000, -0.435775
0.700000, 1.150000, -0.379266
0.750000, 1.150000, -0.432691
0.800000, 1.150000, -0.600688
0.850000, 1.150000, -0.875179
0.900000, 1.150000, -1.236124
0.950000, 1.150000, -1.653489
1.000000, 1.150000, -2.090232
1.050000, 1.150000, -2.506023
1.100000, 1.150000, -2.861311
1.150000, 1.150000, -3.121355
1.200000, 1.150000, -3.259794
1.250000, 1.150000, -3.261431
1.300000, 1.150000, -3.123929
1.350000, 1.150000, -2.858268
1.400000, 1.150000, -2.487901
1.450000, 1.150000, -2.046697
1.500000, 1.150000, -1.575875
1.550000, 1.150000, -1.120206
1.600000, 1.150000, -0.723873
1.650000, 1.150000, -0.426376
1.700000, 1.150000, -0.258881
1.750000, 1.150000, -0.241364
1.800000, 1.150000, -0.380819
1.850000, 1.150000, -0.670710
1.900000, 1.150000, -1.091698
1.950000, 1.150000, -1.613579
2.000000, 1.150000, -2.198237
0.000000, 1.200000, 0.363115
0.050000, 1.200000, -0.187136
0.100000, 1.200000, -0.713841
0.150000, 1.200000, -1.176272
0.200000, 1.200000, -1.541277
0.250000, 1.200000, -1.786324
0.300000, 1.200000, -1.901464
0.350000, 1.200000, -1.890042
0.400000, 1.200000, -1.768076
0.450000, 1.200000, -1.562391
0.500000, 1.200000, -1.307683
0.550000, 1.200000, -1.042836
0.600000, 1.200000, -0.806841
0.650000, 1.200000, -0.634746
0.700000, 1.200000, -0.554035
0.750000, 1.200000, -0.581795
0.800000, 1.200000, -0.722958
0.850000, 1.200000, -0.969786
0.900000, 1.200000, -1.302647
0.950000, 1.200000, -1.692001
1.000000, 1.200000, -2.101399
1.050000, 1.200000, -2.491187
1.100000, 1.200000, -2.822550
1.150000, 1.200000, -3.061492
1.200000, 1.200000, -3.182355
1.250000, 1.200000, -3.170540
1.300000, 1.200000, -3.024141
1.350000, 1.200000, -2.754353
1.400000, 1.200000, -2.384600
1.450000, 1.200000, -1.948474
1.500000, 1.200000, -1.486680
1.550000, 1.200000, -1.043293
1.600000, 1.200000, -0.661676
1.650000, 1.200000, -0.380461
1.700000, 1.200000, -0.229979
1.750000, 1.200000, -0.229473
1.800000, 1.200000, -0.385361
1.850000, 1.200000, -0.690711
1.900000, 1.200000, -1.125972
1.950000, 1.200000, -1.660881
2.000000, 1.200000, -2.257367
0.000000, 1.250000, 0.050404
0.050000, 1.250000, -0.511799
0.100000, 1.250000, -1.047529
0.150000, 1.250000, -1.515625
0.200000, 1.250000, -1.882630
0.250000, 1.250000, -2.125863
0.300000, 1.250000, -2.235384
0.350000, 1.250000, -2.214691
0.400000, 1.250000, -2.080067
0.450000, 1.250000, -1.858677
0.500000, 1.250000, -1.585594
0.550000, 1.250000, -1.300075
0.600000, 1.250000, -1.041459
0.650000, 1.250000, -0.845106
0.700000, 1.250000, -0.738785
0.750000, 1.250000, -0.739859
0.800000, 1.250000, -0.853566
0.850000, 1.250000, -1.072534
0.900000, 1.250000, -1.377585
0.950000, 1.250000, -1.739742
1.000000, 1.250000, -2.123220
1.050000, 1.250000, -2.489105
1.100000, 1.250000, -2.799349
1.150000, 1.250000, -3.020691
1.200000, 1.250000, -3.128103
1.250000, 1.250000, -3.107436
1.300000, 1.250000, -2.957005
1.350000, 1.250000, -2.687958
1.400000, 1.250000, -2.323404
1.450000, 1.250000, -1.896372
1.500000, 1.250000, -1.446815
1.550000, 1.250000, -1.017946
1.600000, 1.250000, -0.652241
1.650000, 1.250000, -0.387517
1.700000, 1.250000, -0.253427
1.750000, 1.250000, -0.268728
1.800000, 1.250000, -0.439558
1.850000, 1.250000, -0.758894
1.900000, 1.250000, -1.207229
1.950000, 1.250000, -1.754408
2.000000, 1.250000, -2.362440
0.000000, 1.300000, -0.306418
0.050000, 1.300000, -0.877775
0.100000, 1.300000, -1.419386
0.150000, 1.300000, -1.889723
0.200000, 1.300000, -2.255117
0.250000, 1.300000, -2.492837
0.300000, 1.300000, -2.593065
0.350000, 1.300000, -2.559560
0.400000, 1.300000, -2.408974
0.450000, 1.300000, -2.168897
0.500000, 1.300000, -1.874838
0.550000, 1.300000, -1.566461
0.600000, 1.300000, -1.283461
0.650000, 1.300000, -1.061503
0.700000, 1.300000, -0.928626
0.750000, 1.300000, -0.902470
0.800000, 1.300000, -0.988590
0.850000, 1.300000, -1.180017
0.900000, 1.300000, -1.458088
0.950000, 1.300000, -1.794463
1.000000, 1.300000, -2.154086
1.050000, 1.300000, -2.498827
1.100000, 1.300000, -2.791405
1.150000, 1.300000, -2.999222
1.200000, 1.300000, -3.097736
1.250000, 1.300000, -3.073036
1.300000, 1.300000, -2.923389
1.350000, 1.300000, -2.659599
1.400000, 1.300000, -2.304168
1.450000, 1.300000, -1.889325
1.500000, 1.300000, -1.454120
1.550000, 1.300000, -1.040861
1.600000, 1.300000, -0.691225
1.650000, 1.300000, -0.442403
1.700000, 1.300000, -0.323650
1.750000, 1.300000, -0.353551
1.800000, 1.300000, -0.538259
1.850000, 1.300000, -0.870881
1.900000, 1.300000, -1.332051
1.950000, 1.300000, -1.891670
2.000000, 1.300000, -2.511623
0.000000, 1.350000, -0.699988
0.050000, 1.350000, -1.277364
0.100000, 1.350000, -1.821449
0.150000, 1.350000, -2.290427
0.200000, 1.350000, -2.650507
0.250000, 1.350000, -2.879020
0.300000, 1.350000, -2.966378
0.350000, 1.350000, -2.916710
0.400000, 1.350000, -2.747135
0.450000, 1.350000, -2.485739
0.500000, 1.350000, -2.168511
0.550000, 1.350000, -1.835537
0.600000, 1.350000, -1.526860
0.650000, 1.350000, -1.278430
0.700000, 1.350000, -1.118540
0.750000, 1.350000, -1.065102
0.800000, 1.350000, -1.124011
0.850000, 1.350000, -1.288750
0.900000, 1.350000, -1.541244
0.950000, 1.350000, -1.853857
1.000000, 1.350000, -2.192319
1.050000, 1.350000, -2.519293
1.100000, 1.350000, -2.798206
1.150000, 1.350000, -2.996990
1.200000, 1.350000, -3.091377
1.250000, 1.350000, -3.067419
1.300000, 1.350000, -2.923028
1.350000, 1.350000, -2.668369
1.400000, 1.350000, -2.325099
1.450000, 1.350000, -1.924498
1.500000, 1.350000, -1.504692
1.550000, 1.350000, -1.107194
1.600000, 1.350000, -0.773101
1.650000, 1.350000, -0.539284
1.700000, 1.350000, -0.434923
1.750000, 1.350000, -0.478712
1.800000, 1.350000, -0.677001
1.850000, 1.350000, -1.023055
1.900000, 1.350000, -1.497518
1.950000, 1.350000, -2.070050
2.000000, 1.350000, -2.702011
0.000000, 1.400000, -1.122053
0.050000, 1.400000, -1.702051
0.100000, 1.400000, -2.245021
0.150000, 1.400000, -2.708949
0.200000, 1.400000, -3.060017
0.250000, 1.400000, -3.275723
0.300000, 1.400000, -3.346819
0.350000, 1.400000, -3.277914
0.400000, 1.400000, -3.086673
0.450000, 1.400000, -2.801741
0.500000, 1.400000, -2.459612
0.550000, 1.400000, -2.100788
0.600000, 1.400000, -1.765640
0.650000, 1.400000, -1.490370
0.700000, 1.400000, -1.303506
0.750000, 1.400000, -1.223233
0.800000, 1.400000, -1.255823
0.850000, 1.400000, -1.395272
0.900000, 1.400000, -1.624162
0.950000, 1.400000, -1.915627
1.000000, 1.400000, -2.236209
1.050000, 1.400000, -2.549323
1.100000, 1.400000, -2.818983
1.150000, 1.400000, -3.013449
1.200000, 1.400000, -3.108450
1.250000, 1.400000, -3.089692
1.300000, 1.400000, -2.954424
1.350000, 1.400000, -2.711925
1.400000, 1.400000, -2.382860
1.450000, 1.400000, -1.997549
1.500000, 1.400000, -1.593317
1.550000, 1.400000, -1.211130
1.600000, 1.400000, -0.891827
1.650000, 1.400000, -0.672287
1.700000, 1.400000, -0.581883
1.750000, 1.400000, -0.639563
1.800000, 1.400000, -0.851842
1.850000, 1.400000, -1.211938
1.900000, 1.400000, -1.700133
1.950000, 1.400000, -2.285397
2.000000, 1.400000, -2.928101
0.000000, 1.450000, -1.563668
0.050000, 1.450000, -2.142711
0.100000, 1.450000, -2.680891
0.150000, 1.450000, -3.136077
0.200000, 1.450000, -3.474525
0.250000, 1.450000, -3.674005
0.300000, 1.450000, -3.725721
0.350000, 1.450000, -3.634853
0.400000, 1.450000, -3.419690
0.450000, 1.450000, -3.109475
0.500000, 1.450000, -2.741214
0.550000, 1.450000, -2.355805
0.600000, 1.450000, -1.993904
0.650000, 1.450000, -1.691931
0.700000, 1.450000, -1.478628
0.750000, 1.450000, -1.372469
0.800000, 1.450000, -1.380145
0.850000, 1.450000, -1.496236
0.900000, 1.450000, -1.704052
0.950000, 1.450000, -1.977539
1.000000, 1.450000, -2.284032
1.050000, 1.450000, -2.587600
1.100000, 1.450000, -2.852656
1.150000, 1.450000, -3.047517
1.200000, 1.450000, -3.147596
1.250000, 1.450000, -3.137931
1.300000, 1.450000, -3.014852
1.350000, 1.450000, -2.786597
1.400000, 1.450000, -2.472821
1.450000, 1.450000, -2.103023
1.500000, 1.450000, -1.713988
1.550000, 1.450000, -1.346470
1.600000, 1.450000, -1.041387
1.650000, 1.450000, -0.835887
1.700000, 1.450000, -0.759648
1.750000, 1.450000, -0.831787
1.800000, 1.450000, -1.058719
1.850000, 1.450000, -1.433185
1.900000, 1.450000, -1.934622
1.950000, 1.450000, -2.530849
2.000000, 1.450000, -3.180950
0.000000, 1.500000, -2.015419
0.050000, 1.500000, -2.589842
0.100000, 1.500000, -3.119554
0.150000, 1.500000, -3.562396
0.200000, 1.500000, -3.884796
0.250000, 1.500000, -4.064900
0.300000, 1.500000, -4.094464
0.350000, 1.500000, -3.979327
0.400000, 1.500000, -3.738461
0.450000, 1.500000, -3.401730
0.500000, 1.500000, -3.006637
0.550000, 1.500000, -2.594438
0.600000, 1.500000, -2.206020
0.650000, 1.500000, -1.877980
0.700000, 1.500000, -1.639264
0.750000, 1.500000, -1.508655
0.800000, 1.500000, -1.493325
0.850000, 1.500000, -1.588507
0.900000, 1.500000, -1.778299
0.950000, 1.500000, -2.037464
1.000000, 1.500000, -2.334063
1.050000, 1.500000, -2.632650
1.100000, 1.500000, -2.897784
1.150000, 1.500000, -3.097521
1.200000, 1.500000, -3.206628
1.250000, 1.500000, -3.209201
1.300000, 1.500000, -3.100473
1.350000, 1.500000, -2.887617
1.400000, 1.500000, -2.589415
1.450000, 1.500000, -2.234814
1.500000, 1.500000, -1.860410
1.550000, 1.500000, -1.507091
1.600000, 1.500000, -1.216111
1.650000, 1.500000, -1.024976
1.700000, 1.500000, -0.963548
1.750000, 1.500000, -1.050798
1.800000, 1.500000, -1.292568
1.850000, 1.500000, -1.680612
1.900000, 1.500000, -2.193076
1.950000, 1.500000, -2.796390
2.000000, 1.500000, -3.448391
0.000000, 1.550000, -2.467655
0.050000, 1.550000, -3.033791
0.100000, 1.550000, -3.551448
0.150000, 1.550000, -3.978524
0.200000, 1.550000, -4.281711
0.250000, 1.550000, -4.439632
0.300000, 1.550000, -4.444688
0.350000, 1.550000, -4.303454
0.400000, 1.550000, -4.035626
0.450000, 1.550000, -3.671689
0.500000, 1.550000, -3.249612
0.550000, 1.550000, -2.810948
0.600000, 1.550000, -2.396758
0.650000, 1.550000, -2.043775
0.700000, 1.550000, -1.781140
0.750000, 1.550000, -1.627990
0.800000, 1.550000, -1.592037
0.850000, 1.550000, -1.669241
0.900000, 1.550000, -1.844518
0.950000, 1.550000, -2.093414
1.000000, 1.550000, -2.384578
1.050000, 1.550000, -2.682821
1.100000, 1.550000, -2.952532
1.150000, 1.550000, -3.161174
1.200000, 1.550000, -3.282563
1.250000, 1.550000, -3.299653
1.300000, 1.550000, -3.206537
1.350000, 1.550000, -3.009440
1.400000, 1.550000, -2.726550
1.450000, 1.550000, -2.386618
1.500000, 1.550000, -2.026412
1.550000, 1.550000, -1.687219
1.600000, 1.550000, -1.410710
1.650000, 1.550000, -1.234602
1.700000, 1.550000, -1.188589
1.750000, 1.550000, -1.290991
1.800000, 1.550000, -1.546544
1.850000, 1.550000, -1.945592
1.900000, 1.550000, -2.464805
1.950000, 1.550000, -3.069356
2.000000, 1.550000, -3.716317
0.000000, 1.600000, -2.910725
0.050000, 1.600000, -3.464997
0.100000, 1.600000, -3.967190
0.150000, 1.600000, -4.375338
0.200000, 1.600000, -4.656488
0.250000, 1.600000, -4.789832
0.300000, 1.600000, -4.768503
0.350000, 1.600000, -4.599867
0.400000, 1.600000, -4.304369
0.450000, 1.600000, -3.913098
0.500000, 1.600000, -3.464434
0.550000, 1.600000, -3.000153
0.600000, 1.600000, -2.561424
0.650000, 1.600000, -2.185079
0.700000, 1.600000, -1.900466
0.750000, 1.600000, -1.727119
0.800000, 1.600000, -1.673369
0.850000, 1.600000, -1.735952
0.900000, 1.600000, -1.900604
0.950000, 1.600000, -2.143560
1.000000, 1.600000, -2.433856
1.050000, 1.600000, -2.736264
1.100000, 1.600000, -3.014665
1.150000, 1.600000, -3.235599
1.200000, 1.600000, -3.371704
1.250000, 1.600000, -3.404707
1.300000, 1.600000, -3.327659
1.350000, 1.600000, -3.146106
1.400000, 1.600000, -2.878005
1.450000, 1.600000, -2.552294
1.500000, 1.600000, -2.206192
1.550000, 1.600000, -1.881468
1.600000, 1.600000, -1.620059
1.650000, 1.600000, -1.459518
1.700000, 1.600000, -1.428835
1.750000, 1.600000, -1.545135
1.800000, 1.600000, -1.811635
1.850000, 1.600000, -2.217127
1.900000, 1.600000, -2.737019
1.950000, 1.600000, -3.335802
2.000000, 1.600000, -3.970620
0.000000, 1.650000, -3.335214
0.050000, 1.650000, -3.874226
0.100000, 1.650000, -4.357806
0.150000, 1.650000, -4.744204
0.200000, 1.650000, -5.000903
0.250000, 1.650000, -5.107750
0.300000, 1.650000, -5.058677
0.350000, 1.650000, -4.861892
0.400000, 1.650000, -4.538588
0.450000, 1.650000, -4.120420
0.500000, 1.650000, -3.646103
0.550000, 1.650000, -3.157551
0.600000, 1.650000, -2.695974
0.650000, 1.650000, -2.298274
0.700000, 1.650000, -1.994028
0.750000, 1.650000, -1.803230
0.800000, 1.650000, -1.734896
0.850000, 1.650000, -1.786573
0.900000, 1.650000, -1.944768
0.950000, 1.650000, -2.186247
1.000000, 1.650000, -2.480170
1.050000, 1.650000, -2.790933
1.100000, 1.650000, -3.081563
1.150000, 1.650000, -3.317407
1.200000, 1.650000, -3.469794
1.250000, 1.650000, -3.519288
1.300000, 1.650000, -3.458141
1.350000, 1.650000, -3.291594
1.400000, 1.650000, -3.037770
1.450000, 1.650000, -2.726099
1.500000, 1.650000, -2.394361
1.550000, 1.650000, -2.084666
1.600000, 1.650000, -1.838822
1.650000, 1.650000, -1.693669
1.700000, 1.650000, -1.676934
1.750000, 1.650000, -1.804131
1.800000, 1.650000, -2.076851
1.850000, 1.650000, -2.482605
1.900000, 1.650000, -2.996185
1.950000, 1.650000, -3.582301
2.000000, 1.650000, -4.199135
0.000000, 1.700000, -3.732178
0.050000, 1.700000, -4.252793
0.100000, 1.700000, -4.714952
0.150000, 1.700000, -5.077185
0.200000, 1.700000, -5.307489
0.250000, 1.700000, -5.386436
0.300000, 1.700000, -5.308821
0.350000, 1.700000, -5.083716
0.400000, 1.700000, -4.733047
0.450000, 1.700000, -4.288971
0.500000, 1.700000, -3.790446
0.550000, 1.700000, -3.279434
0.600000, 1.700000, -2.797115
0.650000, 1.700000, -2.380448
0.700000, 1.700000, -2.059275
0.750000, 1.700000, -1.854119
0.800000, 1.700000, -1.774739
0.850000, 1.700000, -1.819494
0.900000, 1.700000, -1.975555
0.950000, 1.700000, -2.220002
1.000000, 1.700000, -2.521797
1.050000, 1.700000, -2.844604
1.100000, 1.700000, -3.150285
1.150000, 1.700000, -3.402811
1.200000, 1.700000, -3.572210
1.250000, 1.700000, -3.638096
1.300000, 1.700000, -3.592287
1.350000, 1.700000, -3.440131
1.400000, 1.700000, -3.200264
1.450000, 1.700000, -2.902757
1.500000, 1.700000, -2.585831
1.550000, 1.700000, -2.291550
1.600000, 1.700000, -2.061038
1.650000, 1.700000, -1.929832
1.700000, 1.700000, -1.923975
1.750000, 1.700000, -2.057272
1.800000, 1.700000, -2.329997
1.850000, 1.700000, -2.729080
1.900000, 1.700000, -3.229647
1.950000, 1.700000, -3.797604
2.000000, 1.700000, -4.392916
0.000000, 1.750000, -4.093363
0.050000, 1.750000, -4.592784
0.100000, 1.750000, -5.031119
0.150000, 1.750000, -5.367242
0.200000, 1.750000, -5.569722
0.250000, 1.750000, -5.619922
0.300000, 1.750000, -5.513542
0.350000, 1.750000, -5.260529
0.400000, 1.750000, -4.883502
0.450000, 1.750000, -4.415035
0.500000, 1.750000, -3.894224
0.550000, 1.750000, -3.362977
0.600000, 1.750000, -2.862388
0.650000, 1.750000, -2.429470
0.700000, 1.750000, -2.094383
0.750000, 1.750000, -1.878248
0.800000, 1.750000, -1.791609
0.850000, 1.750000, -1.833589
0.900000, 1.750000, -1.991864
0.950000, 1.750000, -2.243538
1.000000, 1.750000, -2.557026
1.050000, 1.750000, -2.894913
1.100000, 1.750000, -3.217654
1.150000, 1.750000, -3.487785
1.200000, 1.750000, -3.674197
1.250000, 1.750000, -3.755889
1.300000, 1.750000, -3.724680
1.350000, 1.750000, -3.586412
1.400000, 1.750000, -3.360436
1.450000, 1.750000, -3.077389
1.500000, 1.750000, -2.775574
1.550000, 1.750000, -2.496445
1.600000, 1.750000, -2.279830
1.650000, 1.750000, -2.159522
1.700000, 1.750000, -2.159765
1.750000, 1.750000, -2.292980
1.800000, 1.750000, -2.558855
1.850000, 1.750000, -2.944729
1.900000, 1.750000, -3.427050
1.950000, 1.750000, -3.973638
2.000000, 1.750000, -4.546463
0.000000, 1.800000, -4.411407
0.050000, 1.800000, -4.887245
0.100000, 1.800000, -5.299822
0.150000, 1.800000, -5.608400
0.200000, 1.800000, -5.782178
0.250000, 1.800000, -5.803359
0.300000, 1.800000, -5.668578
0.350000, 1.800000, -5.388643
0.400000, 1.800000, -4.986806
0.450000, 1.800000, -4.495956
0.500000, 1.800000, -3.955207
0.550000, 1.800000, -3.406312
0.600000, 1.800000, -2.890232
0.650000, 1.800000, -2.444049
0.700000, 1.800000, -2.098303
0.750000, 1.800000, -1.874785
0.800000, 1.800000, -1.784830
0.850000, 1.800000, -1.828233
0.900000, 1.800000, -1.992941
0.950000, 1.800000, -2.255758
1.000000, 1.800000, -2.584180
1.050000, 1.800000, -2.939416
1.100000, 1.800000, -3.280377
1.150000, 1.800000, -3.568255
1.200000, 1.800000, -3.771099
1.250000, 1.800000, -3.867733
1.300000, 1.800000, -3.850403
1.350000, 1.800000, -3.725716
1.400000, 1.800000, -3.513730
1.450000, 1.800000, -3.245335
1.500000, 1.800000, -2.958358
1.550000, 1.800000, -2.693012
1.600000, 1.800000, -2.487345
1.650000, 1.800000, -2.373256
1.700000, 1.800000, -2.373503
1.750000, 1.800000, -2.499870
1.800000, 1.800000, -2.752473
1.850000, 1.800000, -3.120065
1.900000, 1.800000, -3.581126
1.950000, 1.800000, -4.105554
2.000000, 1.800000, -4.656869
0.000000, 1.850000, -4.680023
0.050000, 1.850000, -5.130354
0.100000, 1.850000, -5.515751
0.150000, 1.850000, -5.795900
0.200000, 1.850000, -5.940672
0.250000, 1.850000, -5.933146
0.300000, 1.850000, -5.770902
0.350000, 1.850000, -5.465582
0.400000, 1.850000, -5.040988
0.450000, 1.850000, -4.530203
0.500000, 1.850000, -3.972230
0.550000, 1.850000, -3.408570
0.600000, 1.850000, -2.880019
0.650000, 1.850000, -2.423761
0.700000, 1.850000, -2.070790
0.750000, 1.850000, -1.843618
0.800000, 1.850000, -1.754351
0.850000, 1.850000, -1.803294
0.900000, 1.850000, -1.978385
0.950000, 1.850000, -2.255758
1.000000, 1.850000, -2.601650
1.050000, 1.850000, -2.975672
1.100000, 1.850000, -3.335190
1.150000, 1.850000, -3.640287
1.200000, 1.850000, -3.858590
1.250000, 1.850000, -3.969210
1.300000, 1.850000, -3.965165
1.350000, 1.850000, -3.853911
1.400000, 1.850000, -3.655967
1.450000, 1.850000, -3.401943
1.500000, 1.850000, -3.128543
1.550000, 1.850000, -2.874201
1.600000, 1.850000, -2.674978
1.650000, 1.850000, -2.561151
1.700000, 1.850000, -2.554727
1.750000, 1.850000, -2.667885
1.800000, 1.850000, -2.902206
1.850000, 1.850000, -3.248578
1.900000, 1.850000, -3.687648
1.950000, 1.850000, -4.190882
2.000000, 1.850000, -4.722301
0.000000, 1.900000, -4.894151
0.050000, 1.900000, -5.317567
0.100000, 1.900000, -5.674910
0.150000, 1.900000, -5.926318
0.200000, 1.900000, -6.042358
0.250000, 1.900000, -6.007010
0.300000, 1.900000, -5.818799
0.350000, 1.900000, -5.490147
0.400000, 1.900000, -5.045304
0.450000, 1.900000, -4.517410
0.500000, 1.900000, -3.945223
0.550000, 1.900000, -3.369909
0.600000, 1.900000, -2.832076
0.650000, 1.900000, -2.369067
0.700000, 1.900000, -2.012405
0.750000, 1.900000, -1.785359
0.800000, 1.900000, -1.700730
0.850000, 1.900000, -1.759122
0.900000, 1.900000, -1.948128
0.950000, 1.900000, -2.242842
1.000000, 1.900000, -2.607942
1.050000, 1.900000, -3.001341
1.100000, 1.900000, -3.379006
1.150000, 1.900000, -3.700283
1.200000, 1.900000, -3.932859
1.250000, 1.900000, -4.056553
1.300000, 1.900000, -4.065344
1.350000, 1.900000, -3.967382
1.400000, 1.900000, -3.783170
1.450000, 1.900000, -3.542388
1.500000, 1.900000, -3.280015
1.550000, 1.900000, -3.032422
1.600000, 1.900000, -2.833878
1.650000, 1.900000, -2.713739
1.700000, 1.900000, -2.694302
1.750000, 1.900000, -2.789213
1.800000, 1.900000, -3.002275
1.850000, 1.900000, -3.326656
1.900000, 1.900000, -3.744637
1.950000, 1.900000, -4.228155
2.000000, 1.900000, -4.740456
0.000000, 1.950000, -5.050088
0.050000, 1.950000, -5.445728
0.100000, 1.950000, -5.774714
0.150000, 1.950000, -5.997643
0.200000, 1.950000, -6.085799
0.250000, 1.950000, -6.024070
0.300000, 1.950000, -5.811906
0.350000, 1.950000, -5.462440
0.400000, 1.950000, -5.000248
0.450000, 1.950000, -4.458379
0.500000, 1.950000, -3.875213
0.550000, 1.950000, -3.291502
0.600000, 1.950000, -2.747675
0.650000, 1.950000, -2.281300
0.700000, 1.950000, -1.924503
0.750000, 1.950000, -1.701319
0.800000, 1.950000, -1.625117
0.850000, 1.950000, -1.696526
0.900000, 1.950000, -1.902430
0.950000, 1.950000, -2.216529
1.000000, 1.950000, -2.601735
1.050000, 1.950000, -3.014294
1.100000, 1.950000, -3.409071
1.150000, 1.950000, -3.745145
1.200000, 1.950000, -3.990749
1.250000, 1.950000, -4.126712
1.300000, 1.950000, -4.147943
1.350000, 1.950000, -4.062894
1.400000, 1.950000, -3.891414
1.450000, 1.950000, -3.661594
1.500000, 1.950000, -3.406309
1.550000, 1.950000, -3.159953
1.600000, 1.950000, -2.955641
1.650000, 1.950000, -2.822835
1.700000, 1.950000, -2.785240
1.750000, 1.950000, -2.858781
1.800000, 1.950000, -3.049683
1.850000, 1.950000, -3.352870
1.900000, 1.950000, -3.751136
1.950000, 1.950000, -4.215575
2.000000, 1.950000, -4.707627
0.000000, 2.000000, -5.145573
0.050000, 2.000000, -5.513145
0.100000, 2.000000, -5.814047
0.150000, 2.000000, -6.009331
0.200000, 2.000000, -6.071002
0.250000, 2.000000, -5.984853
0.300000, 2.000000, -5.751223
0.350000, 2.000000, -5.383866
0.400000, 2.000000, -4.907548
0.450000, 2.000000, -4.355068
0.500000, 2.000000, -3.764298
0.550000, 2.000000, -3.175516
0.600000, 2.000000, -2.629004
0.650000, 2.000000, -2.162632
0.700000, 2.000000, -1.809199
0.750000, 2.000000, -1.593472
0.800000, 2.000000, -1.529205
0.850000, 2.000000, -1.616735
0.900000, 2.000000, -1.841858
0.950000, 2.000000, -2.176576
1.000000, 2.000000, -2.581943
1.050000, 2.000000, -3.012722
1.100000, 2.000000, -3.423096
1.150000, 2.000000, -3.772404
1.200000, 2.000000, -4.029836
1.250000, 2.000000, -4.177346
1.300000, 2.000000, -4.210497
1.350000, 2.000000, -4.137456
1.400000, 2.000000, -3.976720
1.450000, 2.000000, -3.754297
1.500000, 2.000000, -3.500912
1.550000, 2.000000, -3.249516
1.600000, 2.000000, -3.033061
1.650000, 2.000000, -2.882271
1.700000, 2.000000, -2.823154
1.750000, 2.000000, -2.874208
1.800000, 2.000000, -3.043599
1.850000, 2.000000, -3.326891
1.900000, 2.000000, -3.706037
1.950000, 2.000000, -4.150228
2.000000, 2.000000, -4.618801
