0.000000, 0.000000, 0.922482
0.050000, 0.000000, 1.284067
0.100000, 0.000000, 1.529881
0.150000, 0.000000, 1.593093
0.200000, 0.000000, 1.474147
0.250000, 0.000000, 1.240749
0.300000, 0.000000, 1.002222
0.350000, 0.000000, 0.868017
0.400000, 0.000000, 0.906224
0.450000, 0.000000, 1.117910
0.500000, 0.000000, 1.437102
0.550000, 0.000000, 1.756382
0.600000, 0.000000, 1.968332
0.650000, 0.000000, 2.006979
0.700000, 0.000000, 1.873391
0.750000, 0.000000, 1.635657
0.800000, 0.000000, 1.403228
0.850000, 0.000000, 1.285428
0.900000, 0.000000, 1.349962
0.950000, 0.000000, 1.597274
1.000000, 0.000000, 1.960533
1.050000, 0.000000, 2.331258
1.100000, 0.000000, 2.600787
1.150000, 0.000000, 2.701750
1.200000, 0.000000, 2.633702
1.250000, 0.000000, 2.463140
1.300000, 0.000000, 2.297884
1.350000, 0.000000, 2.245624
1.400000, 0.000000, 2.372474
1.450000, 0.000000, 2.677364
1.500000, 0.000000, 3.092068
1.550000, 0.000000, 3.506860
1.600000, 0.000000, 3.812015
1.650000, 0.000000, 3.939306
1.700000, 0.000000, 3.887662
1.750000, 0.000000, 3.723199
1.800000, 0.000000, 3.553607
1.850000, 0.000000, 3.486704
1.900000, 0.000000, 3.588989
1.950000, 0.000000, 3.860016
2.000000, 0.000000, 4.232415
0.000000, 0.050000, 0.690818
0.050000, 0.050000, 1.040613
0.100000, 0.050000, 1.274908
0.150000, 0.050000, 1.327046
0.200000, 0.050000, 1.197634
0.250000, 0.050000, 0.954524
0.300000, 0.050000, 0.707170
0.350000, 0.050000, 0.565131
0.400000, 0.050000, 0.596578
0.450000, 0.050000, 0.802637
0.500000, 0.050000, 1.117364
0.550000, 0.050000, 1.433341
0.600000, 0.050000, 1.643124
0.650000, 0.050000, 1.680682
0.700000, 0.050000, 1.547004
0.750000, 0.050000, 1.310071
0.800000, 0.050000, 1.079208
0.850000, 0.050000, 0.963591
0.900000, 0.050000, 1.030766
0.950000, 0.050000, 1.281004
1.000000, 0.050000, 1.647295
1.050000, 0.050000, 2.020977
1.100000, 0.050000, 2.293211
1.150000, 0.050000, 2.396453
1.200000, 0.050000, 2.330098
1.250000, 0.050000, 2.160496
1.300000, 0.050000, 1.995340
1.350000, 0.050000, 1.942214
1.400000, 0.050000, 2.067150
1.450000, 0.050000, 2.369023
1.500000, 0.050000, 2.779579
1.550000, 0.050000, 3.189092
1.600000, 0.050000, 3.487867
1.650000, 0.050000, 3.607734
1.700000, 0.050000, 3.547705
1.750000, 0.050000, 3.374003
1.800000, 0.050000, 3.194448
1.850000, 0.050000, 3.117006
1.900000, 0.050000, 3.208337
1.950000, 0.050000, 3.468170
2.000000, 0.050000, 3.829314
0.000000, 0.100000, 0.167053
0.050000, 0.100000, 0.505329
0.100000, 0.100000, 0.728554
0.150000, 0.100000, 0.770239
0.200000, 0.100000, 0.631143
0.250000, 0.100000, 0.379253
0.300000, 0.100000, 0.124134
0.350000, 0.100000, -0.024566
0.400000, 0.100000, 0.001387
0.450000, 0.100000, 0.203152
0.500000, 0.100000, 0.514790
0.550000, 0.100000, 0.828862
0.600000, 0.100000, 1.037871
0.650000, 0.100000, 1.075711
0.700000, 0.100000, 0.943267
0.750000, 0.100000, 0.708399
0.800000, 0.100000, 0.480290
0.850000, 0.100000, 0.367958
0.900000, 0.100000, 0.438782
0.950000, 0.100000, 0.692857
1.000000, 0.100000, 1.062999
1.050000, 0.100000, 1.440369
1.100000, 0.100000, 1.715960
1.150000, 0.100000, 1.822070
1.200000, 0.100000, 1.757952
1.250000, 0.100000, 1.589833
1.300000, 0.100000, 1.425301
1.350000, 0.100000, 1.371862
1.400000, 0.100000, 1.495496
1.450000, 0.100000, 1.795053
1.500000, 0.100000, 2.202282
1.550000, 0.100000, 2.607490
1.600000, 0.100000, 2.901039
1.650000, 0.100000, 3.014846
1.700000, 0.100000, 2.948033
1.750000, 0.100000, 2.766952
1.800000, 0.100000, 2.579573
1.850000, 0.100000, 2.494028
1.900000, 0.100000, 2.577149
1.950000, 0.100000, 2.828849
2.000000, 0.100000, 3.182119
0.000000, 0.150000, -0.551095
0.050000, 0.150000, -0.223894
0.100000, 0.150000, -0.011122
0.150000, 0.150000, 0.020893
0.200000, 0.150000, -0.126946
0.250000, 0.150000, -0.386529
0.300000, 0.150000, -0.648193
0.350000, 0.150000, -0.802220
0.400000, 0.150000, -0.780332
0.450000, 0.150000, -0.581355
0.500000, 0.150000, -0.271243
0.550000, 0.150000, 0.042523
0.600000, 0.150000, 0.252377
0.650000, 0.150000, 0.292118
0.700000, 0.150000, 0.162518
0.750000, 0.150000, -0.068701
0.800000, 0.150000, -0.292506
0.850000, 0.150000, -0.400039
0.900000, 0.150000, -0.324092
0.950000, 0.150000, -0.064742
1.000000, 0.150000, 0.310656
1.050000, 0.150000, 0.693099
1.100000, 0.150000, 0.973426
1.150000, 0.150000, 1.083794
1.200000, 0.150000, 1.023335
1.250000, 0.150000, 0.858171
1.300000, 0.150000, 0.695815
1.350000, 0.150000, 0.643718
1.400000, 0.150000, 0.767836
1.450000, 0.150000, 1.067020
1.500000, 0.150000, 1.473048
1.550000, 0.150000, 1.876283
1.600000, 0.150000, 2.167170
1.650000, 0.150000, 2.277730
1.700000, 0.150000, 2.207211
1.750000, 0.150000, 2.022109
1.800000, 0.150000, 1.830551
1.850000, 0.150000, 1.740837
1.900000, 0.150000, 1.819972
1.950000, 0.150000, 2.068043
2.000000, 0.150000, 2.418215
0.000000, 0.200000, -1.324561
0.050000, 0.200000, -1.007826
0.100000, 0.200000, -0.804738
0.150000, 0.200000, -0.781466
0.200000, 0.200000, -0.936969
0.250000, 0.200000, -1.203026
0.300000, 0.200000, -1.469888
0.350000, 0.200000, -1.627780
0.400000, 0.200000, -1.608398
0.450000, 0.200000, -1.410569
0.500000, 0.200000, -1.100279
0.550000, 0.200000, -0.785067
0.600000, 0.200000, -0.572584
0.650000, 0.200000, -0.529139
0.700000, 0.200000, -0.654088
0.750000, 0.200000, -0.879853
0.800000, 0.200000, -1.097559
0.850000, 0.200000, -1.198516
0.900000, 0.200000, -1.115685
0.950000, 0.200000, -0.849313
1.000000, 0.200000, -0.466923
1.050000, 0.200000, -0.077673
1.100000, 0.200000, 0.209128
1.150000, 0.200000, 0.325511
1.200000, 0.200000, 0.270497
1.250000, 0.200000, 0.110121
1.300000, 0.200000, -0.048168
1.350000, 0.200000, -0.096956
1.400000, 0.200000, 0.029700
1.450000, 0.200000, 0.330665
1.500000, 0.200000, 0.737758
1.550000, 0.200000, 1.141404
1.600000, 0.200000, 1.432134
1.650000, 0.200000, 1.542074
1.700000, 0.200000, 1.470596
1.750000, 0.200000, 1.284330
1.800000, 0.200000, 1.091547
1.850000, 0.200000, 1.000695
1.900000, 0.200000, 1.078932
1.950000, 0.200000, 1.326489
2.000000, 0.200000, 1.676670
0.000000, 0.250000, -2.003156
0.050000, 0.250000, -1.696132
0.100000, 0.250000, -1.501825
0.150000, 0.250000, -1.486246
0.200000, 0.250000, -1.648222
0.250000, 0.250000, -1.919430
0.300000, 0.250000, -2.190044
0.350000, 0.250000, -2.350246
0.400000, 0.250000, -2.331719
0.450000, 0.250000, -2.133307
0.500000, 0.250000, -1.821043
0.550000, 0.250000, -1.502541
0.600000, 0.250000, -1.285551
0.650000, 0.250000, -1.236504
0.700000, 0.250000, -1.354900
0.750000, 0.250000, -1.573318
0.800000, 0.250000, -1.783051
0.850000, 0.250000, -1.875583
0.900000, 0.250000, -1.784056
0.950000, 0.250000, -1.508893
1.000000, 0.250000, -1.117787
1.050000, 0.250000, -0.720056
1.100000, 0.250000, -0.425159
1.150000, 0.250000, -0.301193
1.200000, 0.250000, -0.349250
1.250000, 0.250000, -0.503382
1.300000, 0.250000, -0.656208
1.350000, 0.250000, -0.700354
1.400000, 0.250000, -0.569896
1.450000, 0.250000, -0.265961
1.500000, 0.250000, 0.143300
1.550000, 0.250000, 0.548363
1.600000, 0.250000, 0.839831
1.650000, 0.250000, 0.949915
1.700000, 0.250000, 0.878086
1.750000, 0.250000, 0.691085
1.800000, 0.250000, 0.497299
1.850000, 0.250000, 0.405292
1.900000, 0.250000, 0.482336
1.950000, 0.250000, 0.728772
2.000000, 0.250000, 1.078002
0.000000, 0.300000, -2.458193
0.050000, 0.300000, -2.159996
0.100000, 0.300000, -1.973454
0.150000, 0.300000, -1.964420
0.200000, 0.300000, -2.131595
0.250000, 0.300000, -2.406554
0.300000, 0.300000, -2.679409
0.350000, 0.300000, -2.840308
0.400000, 0.300000, -2.820934
0.450000, 0.300000, -2.620164
0.500000, 0.300000, -2.304092
0.550000, 0.300000, -1.980429
0.600000, 0.300000, -1.757041
0.650000, 0.300000, -1.700502
0.700000, 0.300000, -1.810474
0.750000, 0.300000, -2.019714
0.800000, 0.300000, -2.219703
0.850000, 0.300000, -2.302121
0.900000, 0.300000, -2.200308
0.950000, 0.300000, -1.914882
1.000000, 0.300000, -1.513728
1.050000, 0.300000, -1.106343
1.100000, 0.300000, -0.802350
1.150000, 0.300000, -0.669998
1.200000, 0.300000, -0.710507
1.250000, 0.300000, -0.858036
1.300000, 0.300000, -1.005290
1.350000, 0.300000, -1.044954
1.400000, 0.300000, -0.911140
1.450000, 0.300000, -0.604989
1.500000, 0.300000, -0.194642
1.550000, 0.300000, 0.210411
1.600000, 0.300000, 0.500820
1.650000, 0.300000, 0.608866
1.700000, 0.300000, 0.534100
1.750000, 0.300000, 0.343353
1.800000, 0.300000, 0.145110
1.850000, 0.300000, 0.048037
1.900000, 0.300000, 0.119508
1.950000, 0.300000, 0.359962
2.000000, 0.300000, 0.702892
0.000000, 0.350000, -2.610394
0.050000, 0.350000, -2.320032
0.100000, 0.350000, -2.140150
0.150000, 0.350000, -2.136442
0.200000, 0.350000, -2.307483
0.250000, 0.350000, -2.584753
0.300000, 0.350000, -2.858305
0.350000, 0.350000, -3.018265
0.400000, 0.350000, -2.996331
0.450000, 0.350000, -2.791429
0.500000, 0.350000, -2.469740
0.550000, 0.350000, -2.139088
0.600000, 0.350000, -1.907486
0.650000, 0.350000, -1.841679
0.700000, 0.350000, -1.941522
0.750000, 0.350000, -2.139978
0.800000, 0.350000, -2.328755
0.850000, 0.350000, -2.399762
0.900000, 0.350000, -2.286571
0.950000, 0.350000, -1.990031
1.000000, 0.350000, -1.578253
1.050000, 0.350000, -1.160947
1.100000, 0.350000, -0.847934
1.150000, 0.350000, -0.707643
1.200000, 0.350000, -0.741451
1.250000, 0.350000, -0.883653
1.300000, 0.350000, -1.027058
1.350000, 0.350000, -1.064433
1.400000, 0.350000, -0.929941
1.450000, 0.350000, -0.624743
1.500000, 0.350000, -0.216976
1.550000, 0.350000, 0.183900
1.600000, 0.350000, 0.468595
1.650000, 0.350000, 0.569468
1.700000, 0.350000, 0.486169
1.750000, 0.350000, 0.285648
1.800000, 0.350000, 0.076521
1.850000, 0.350000, -0.032403
1.900000, 0.350000, 0.026399
1.950000, 0.350000, 0.253520
2.000000, 0.350000, 0.582611
0.000000, 0.400000, -2.446999
0.050000, 0.400000, -2.163396
0.100000, 0.400000, -1.989008
0.150000, 0.400000, -1.989366
0.200000, 0.400000, -2.162912
0.250000, 0.400000, -2.441037
0.300000, 0.400000, -2.713742
0.350000, 0.400000, -2.871142
0.400000, 0.400000, -2.844966
0.450000, 0.400000, -2.634214
0.500000, 0.400000, -2.305177
0.550000, 0.400000, -1.965828
0.600000, 0.400000, -1.724362
0.650000, 0.400000, -1.647736
0.700000, 0.400000, -1.736042
0.750000, 0.400000, -1.922501
0.800000, 0.400000, -2.099091
0.850000, 0.400000, -2.158001
0.900000, 0.400000, -2.033087
0.950000, 0.400000, -1.725477
1.000000, 0.400000, -1.303549
1.050000, 0.400000, -0.877272
1.100000, 0.400000, -0.556698
1.150000, 0.400000, -0.410468
1.200000, 0.400000, -0.440137
1.250000, 0.400000, -0.580147
1.300000, 0.400000, -0.723419
1.350000, 0.400000, -0.762790
1.400000, 0.400000, -0.632457
1.450000, 0.400000, -0.333574
1.500000, 0.400000, 0.065770
1.550000, 0.400000, 0.456202
1.600000, 0.400000, 0.728556
1.650000, 0.400000, 0.815349
1.700000, 0.400000, 0.716423
1.750000, 0.400000, 0.498945
1.800000, 0.400000, 0.271775
1.850000, 0.400000, 0.143982
1.900000, 0.400000, 0.183367
1.950000, 0.400000, 0.390811
2.000000, 0.400000, 0.700251
0.000000, 0.450000, -2.024358
0.050000, 0.450000, -1.746382
0.100000, 0.450000, -1.576289
0.150000, 0.450000, -1.579435
0.200000, 0.450000, -1.754129
0.250000, 0.450000, -2.031671
0.300000, 0.450000, -2.302017
0.350000, 0.450000, -2.455286
0.400000, 0.450000, -2.423260
0.450000, 0.450000, -2.205039
0.500000, 0.450000, -1.867064
0.550000, 0.450000, -1.517499
0.600000, 0.450000, -1.264773
0.650000, 0.450000, -1.176112
0.700000, 0.450000, -1.251902
0.750000, 0.450000, -1.425686
0.800000, 0.450000, -1.589775
0.850000, 0.450000, -1.636700
0.900000, 0.450000, -1.500657
0.950000, 0.450000, -1.183106
1.000000, 0.450000, -0.752738
1.050000, 0.450000, -0.319809
1.100000, 0.450000, 0.005370
1.150000, 0.450000, 0.153944
1.200000, 0.450000, 0.124187
1.250000, 0.450000, -0.018465
1.300000, 0.450000, -0.166998
1.350000, 0.450000, -0.214261
1.400000, 0.450000, -0.094400
1.450000, 0.450000, 0.191538
1.500000, 0.450000, 0.575627
1.550000, 0.450000, 0.948716
1.600000, 0.450000, 1.201906
1.650000, 0.450000, 1.268035
1.700000, 0.450000, 1.147300
1.750000, 0.450000, 0.907261
1.800000, 0.450000, 0.657192
1.850000, 0.450000, 0.506598
1.900000, 0.450000, 0.523723
1.950000, 0.450000, 0.709887
2.000000, 0.450000, 0.999461
0.000000, 0.500000, -1.455442
0.050000, 0.500000, -1.181931
0.100000, 0.500000, -1.014926
0.150000, 0.500000, -1.019597
0.200000, 0.500000, -1.194114
0.250000, 0.500000, -1.469681
0.300000, 0.500000, -1.736221
0.350000, 0.500000, -1.883872
0.400000, 0.500000, -1.844498
0.450000, 0.500000, -1.617339
0.500000, 0.500000, -1.269032
0.550000, 0.500000, -0.907995
0.600000, 0.500000, -0.642952
0.650000, 0.500000, -0.541470
0.700000, 0.500000, -0.604306
0.750000, 0.500000, -0.765397
0.800000, 0.500000, -0.917460
0.850000, 0.500000, -0.953432
0.900000, 0.500000, -0.807903
0.950000, 0.500000, -0.482707
1.000000, 0.500000, -0.046874
1.050000, 0.500000, 0.389048
1.100000, 0.500000, 0.714508
1.150000, 0.500000, 0.860478
1.200000, 0.500000, 0.825123
1.250000, 0.500000, 0.673853
1.300000, 0.500000, 0.513731
1.350000, 0.500000, 0.452041
1.400000, 0.500000, 0.554845
1.450000, 0.500000, 0.821385
1.500000, 0.500000, 1.184097
1.550000, 0.500000, 1.534254
1.600000, 0.500000, 1.763440
1.650000, 0.500000, 1.805017
1.700000, 0.500000, 1.659745
1.750000, 0.500000, 1.395760
1.800000, 0.500000, 1.122924
1.850000, 0.500000, 0.951316
1.900000, 0.500000, 0.949728
1.950000, 0.500000, 1.119994
2.000000, 0.500000, 1.396941
0.000000, 0.550000, -0.884994
0.050000, 0.550000, -0.614786
0.100000, 0.550000, -0.449687
0.150000, 0.550000, -0.454665
0.200000, 0.550000, -0.627735
0.250000, 0.550000, -0.900012
0.300000, 0.550000, -1.161389
0.350000, 0.550000, -1.302052
0.400000, 0.550000, -1.253981
0.450000, 0.550000, -1.016606
0.500000, 0.550000, -0.656827
0.550000, 0.550000, -0.283382
0.600000, 0.550000, -0.005379
0.650000, 0.550000, 0.109194
0.700000, 0.550000, 0.059122
0.750000, 0.550000, -0.090005
0.800000, 0.550000, -0.231380
0.850000, 0.550000, -0.258401
0.900000, 0.550000, -0.106091
0.950000, 0.550000, 0.223334
1.000000, 0.550000, 0.660521
1.050000, 0.550000, 1.094675
1.100000, 0.550000, 1.415085
1.150000, 0.550000, 1.552659
1.200000, 0.550000, 1.505601
1.250000, 0.550000, 1.339467
1.300000, 0.550000, 1.161568
1.350000, 0.550000, 1.079540
1.400000, 0.550000, 1.159895
1.450000, 0.550000, 1.402404
1.500000, 0.550000, 1.740109
1.550000, 0.550000, 2.064940
1.600000, 0.550000, 2.269179
1.650000, 0.550000, 2.286900
1.700000, 0.550000, 2.119571
1.750000, 0.550000, 1.836014
1.800000, 0.550000, 1.546720
1.850000, 0.550000, 1.362337
1.900000, 0.550000, 1.352133
1.950000, 0.550000, 1.518312
2.000000, 0.550000, 1.795952
0.000000, 0.600000, -0.457761
0.050000, 0.600000, -0.189721
0.100000, 0.600000, -0.025395
0.150000, 0.600000, -0.029528
0.200000, 0.600000, -0.199969
0.250000, 0.600000, -0.467739
0.300000, 0.600000, -0.722719
0.350000, 0.600000, -0.855168
0.400000, 0.600000, -0.797233
0.450000, 0.600000, -0.548599
0.500000, 0.600000, -0.176503
0.550000, 0.600000, 0.209903
0.600000, 0.600000, 0.501037
0.650000, 0.600000, 0.628392
0.700000, 0.600000, 0.590209
0.750000, 0.600000, 0.451529
0.800000, 0.600000, 0.318627
0.850000, 0.600000, 0.297614
0.900000, 0.600000, 0.453040
0.950000, 0.600000, 0.782343
1.000000, 0.600000, 1.215925
1.050000, 0.600000, 1.642864
1.100000, 0.600000, 1.952448
1.150000, 0.600000, 2.075715
1.200000, 0.600000, 2.011138
1.250000, 0.600000, 1.824668
1.300000, 0.600000, 1.624137
1.350000, 0.600000, 1.517808
1.400000, 0.600000, 1.572909
1.450000, 0.600000, 1.789996
1.500000, 0.600000, 2.102934
1.550000, 0.600000, 2.404490
1.600000, 0.600000, 2.587764
1.650000, 0.600000, 2.587601
1.700000, 0.600000, 2.406161
1.750000, 0.600000, 2.112850
1.800000, 0.600000, 1.818618
1.850000, 0.600000, 1.634415
1.900000, 0.600000, 1.629646
1.950000, 0.600000, 1.806474
2.000000, 0.600000, 2.099754
0.000000, 0.650000, -0.286712
0.050000, 0.650000, -0.019761
0.100000, 0.650000, 0.144846
0.150000, 0.650000, 0.142615
0.200000, 0.650000, -0.024122
0.250000, 0.650000, -0.286291
0.300000, 0.650000, -0.533778
0.350000, 0.650000, -0.656959
0.400000, 0.650000, -0.588205
0.450000, 0.650000, -0.327535
0.500000, 0.650000, 0.057382
0.550000, 0.650000, 0.456878
0.600000, 0.650000, 0.760794
0.650000, 0.650000, 0.900007
0.700000, 0.650000, 0.872131
0.750000, 0.650000, 0.741599
0.800000, 0.650000, 0.614133
0.850000, 0.650000, 0.595367
0.900000, 0.650000, 0.749484
0.950000, 0.650000, 1.073683
1.000000, 0.650000, 1.498282
1.050000, 0.650000, 1.912432
1.100000, 0.650000, 2.205663
1.150000, 0.650000, 2.309421
1.200000, 0.650000, 2.222742
1.250000, 0.650000, 2.012278
1.300000, 0.650000, 1.786675
1.350000, 0.650000, 1.655096
1.400000, 0.650000, 1.685716
1.450000, 0.650000, 1.880048
1.500000, 0.650000, 2.172881
1.550000, 0.650000, 2.457838
1.600000, 0.650000, 2.628762
1.650000, 0.650000, 2.621093
1.700000, 0.650000, 2.437413
1.750000, 0.650000, 2.147346
1.800000, 0.650000, 1.861843
1.850000, 0.650000, 1.691632
1.900000, 0.650000, 1.705673
1.950000, 0.650000, 1.905475
2.000000, 0.650000, 2.225048
0.000000, 0.700000, -0.428198
0.050000, 0.700000, -0.161337
0.100000, 0.700000, 0.004505
0.150000, 0.700000, 0.005117
0.200000, 0.700000, -0.156969
0.250000, 0.700000, -0.412585
0.300000, 0.700000, -0.651649
0.350000, 0.700000, -0.764699
0.400000, 0.700000, -0.684408
0.450000, 0.700000, -0.411223
0.500000, 0.700000, -0.013352
0.550000, 0.700000, 0.398908
0.600000, 0.700000, 0.714713
0.650000, 0.700000, 0.864233
0.700000, 0.700000, 0.844391
0.750000, 0.700000, 0.718993
0.800000, 0.700000, 0.593226
0.850000, 0.700000, 0.572327
0.900000, 0.700000, 0.720246
0.950000, 0.700000, 1.034137
1.000000, 0.700000, 1.444473
1.050000, 0.700000, 1.840765
1.100000, 0.700000, 2.113103
1.150000, 0.700000, 2.193671
1.200000, 0.700000, 2.082389
1.250000, 0.700000, 1.846912
1.300000, 0.700000, 1.596953
1.350000, 0.700000, 1.442756
1.400000, 0.700000, 1.453544
1.450000, 0.700000, 1.631784
1.500000, 0.700000, 1.913078
1.550000, 0.700000, 2.191674
1.600000, 0.700000, 2.361813
1.650000, 0.700000, 2.359080
1.700000, 0.700000, 2.185932
1.750000, 0.700000, 1.911597
1.800000, 0.700000, 1.646367
1.850000, 0.700000, 1.500076
1.900000, 0.700000, 1.540590
1.950000, 0.700000, 1.768169
2.000000, 0.700000, 2.115483
0.000000, 0.750000, -0.869458
0.050000, 0.750000, -0.601796
0.100000, 0.750000, -0.433889
0.150000, 0.750000, -0.429628
0.200000, 0.750000, -0.586260
0.250000, 0.750000, -0.834528
0.300000, 0.750000, -1.064414
0.350000, 0.750000, -1.166683
0.400000, 0.750000, -1.074394
0.450000, 0.750000, -0.788533
0.500000, 0.750000, -0.377969
0.550000, 0.750000, 0.046255
0.600000, 0.750000, 0.372507
0.650000, 0.750000, 0.530175
0.700000, 0.750000, 0.515467
0.750000, 0.750000, 0.391581
0.800000, 0.750000, 0.263261
0.850000, 0.750000, 0.235502
0.900000, 0.750000, 0.372238
0.950000, 0.750000, 0.670857
1.000000, 0.750000, 1.062308
1.050000, 0.750000, 1.436815
1.100000, 0.750000, 1.685381
1.150000, 0.750000, 1.741259
1.200000, 0.750000, 1.605552
1.250000, 0.750000, 1.347129
1.300000, 0.750000, 1.076894
1.350000, 0.750000, 0.906182
1.400000, 0.750000, 0.905141
1.450000, 0.750000, 1.076938
1.500000, 0.750000, 1.357598
1.550000, 0.750000, 1.641485
1.600000, 0.750000, 1.822626
1.650000, 0.750000, 1.836071
1.700000, 0.750000, 1.683431
1.750000, 0.750000, 1.432824
1.800000, 0.750000, 1.193221
1.850000, 0.750000, 1.072992
1.900000, 0.750000, 1.138476
1.950000, 0.750000, 1.388435
2.000000, 0.750000, 1.754149
0.000000, 0.800000, -1.531215
0.050000, 0.800000, -1.261987
0.100000, 0.800000, -1.091326
0.150000, 0.800000, -1.082760
0.200000, 0.800000, -1.233294
0.250000, 0.800000, -1.473589
0.300000, 0.800000, -1.693731
0.350000, 0.800000, -1.784787
0.400000, 0.800000, -1.680312
0.450000, 0.800000, -1.381950
0.500000, 0.800000, -0.959360
0.550000, 0.800000, -0.524447
0.600000, 0.800000, -0.189723
0.650000, 0.800000, -0.026618
0.700000, 0.800000, -0.039628
0.750000, 0.800000, -0.166066
0.800000, 0.800000, -0.301468
0.850000, 0.800000, -0.340842
0.900000, 0.800000, -0.219962
0.950000, 0.800000, 0.059144
1.000000, 0.800000, 0.428283
1.050000, 0.800000, 0.778764
1.100000, 0.800000, 1.002844
1.150000, 0.800000, 1.035125
1.200000, 0.800000, 0.878063
1.250000, 0.800000, 0.601797
1.300000, 0.800000, 0.318332
1.350000, 0.800000, 0.139851
1.400000, 0.800000, 0.137029
1.450000, 0.800000, 0.313195
1.500000, 0.800000, 0.604146
1.550000, 0.800000, 0.903627
1.600000, 0.800000, 1.104684
1.650000, 0.800000, 1.141073
1.700000, 0.800000, 1.012881
1.750000, 0.800000, 0.786558
1.800000, 0.800000, 0.569374
1.850000, 0.800000, 0.468076
1.900000, 0.800000, 0.547571
1.950000, 0.800000, 0.805480
2.000000, 0.800000, 1.172320
0.000000, 0.850000, -2.284781
0.050000, 0.850000, -2.013369
0.100000, 0.850000, -1.839423
0.150000, 0.850000, -1.826059
0.200000, 0.850000, -1.970016
0.250000, 0.850000, -2.201887
0.300000, 0.850000, -2.411915
0.350000, 0.850000, -2.491559
0.400000, 0.850000, -2.374987
0.450000, 0.850000, -2.064641
0.500000, 0.850000, -1.631097
0.550000, 0.850000, -1.187234
0.600000, 0.850000, -0.846501
0.650000, 0.850000, -0.681150
0.700000, 0.850000, -0.696292
0.750000, 0.850000, -0.829591
0.800000, 0.850000, -0.976608
0.850000, 0.850000, -1.032029
0.900000, 0.850000, -0.930957
0.950000, 0.850000, -0.674432
1.000000, 0.850000, -0.329395
1.050000, 0.850000, -0.003107
1.100000, 0.850000, 0.198205
1.150000, 0.850000, 0.210626
1.200000, 0.850000, 0.037948
1.250000, 0.850000, -0.248600
1.300000, 0.850000, -0.536278
1.350000, 0.850000, -0.712580
1.400000, 0.850000, -0.706970
1.450000, 0.850000, -0.516725
1.500000, 0.850000, -0.207092
1.550000, 0.850000, 0.114250
1.600000, 0.850000, 0.338643
1.650000, 0.850000, 0.397976
1.700000, 0.850000, 0.290440
1.750000, 0.850000, 0.080709
1.800000, 0.850000, -0.125464
1.850000, 0.850000, -0.222469
1.900000, 0.850000, -0.146044
1.950000, 0.850000, 0.101335
2.000000, 0.850000, 0.450675
0.000000, 0.900000, -2.979968
0.050000, 0.900000, -2.705915
0.100000, 0.900000, -2.528321
0.150000, 0.900000, -2.509834
0.200000, 0.900000, -2.646907
0.250000, 0.900000, -2.870082
0.300000, 0.900000, -3.069823
0.350000, 0.900000, -3.138089
0.400000, 0.900000, -3.009794
0.450000, 0.900000, -2.688319
0.500000, 0.900000, -2.245290
0.550000, 0.900000, -1.794645
0.600000, 0.900000, -1.450797
0.650000, 0.900000, -1.286755
0.700000, 0.900000, -1.308095
0.750000, 0.900000, -1.452577
0.800000, 0.900000, -1.615449
0.850000, 0.900000, -1.690679
0.900000, 0.900000, -1.612270
0.950000, 0.900000, -1.379858
1.000000, 0.900000, -1.058777
1.050000, 0.900000, -0.754606
1.100000, 0.900000, -0.571958
1.150000, 0.900000, -0.573338
1.200000, 0.900000, -0.753886
1.250000, 0.900000, -1.041754
1.300000, 0.900000, -1.324101
1.350000, 0.900000, -1.488878
1.400000, 0.900000, -1.466540
1.450000, 0.900000, -1.255832
1.500000, 0.900000, -0.923838
1.550000, 0.900000, -0.580299
1.600000, 0.900000, -0.335990
1.650000, 0.900000, -0.261014
1.700000, 0.900000, -0.358870
1.750000, 0.900000, -0.566111
1.800000, 0.900000, -0.777623
1.850000, 0.900000, -0.887762
1.900000, 0.900000, -0.831540
1.950000, 0.900000, -0.610035
2.000000, 0.900000, -0.290268
0.000000, 0.950000, -3.477710
0.050000, 0.950000, -3.200731
0.100000, 0.950000, -3.019299
0.150000, 0.950000, -2.995537
0.200000, 0.950000, -3.125589
0.250000, 0.950000, -3.339972
0.300000, 0.950000, -3.529451
0.350000, 0.950000, -3.586604
0.400000, 0.950000, -3.447238
0.450000, 0.950000, -3.115821
0.500000, 0.950000, -2.665147
0.550000, 0.950000, -2.210274
0.600000, 0.950000, -1.866548
0.650000, 0.950000, -1.707609
0.700000, 0.950000, -1.739258
0.750000, 0.950000, -1.899012
0.800000, 0.950000, -2.081397
0.850000, 0.950000, -2.179208
0.900000, 0.950000, -2.124911
0.950000, 0.950000, -1.916367
1.000000, 0.950000, -1.617050
1.050000, 0.950000, -1.330775
1.100000, 0.950000, -1.160658
1.150000, 0.950000, -1.168139
1.200000, 0.950000, -1.347841
1.250000, 0.950000, -1.628035
1.300000, 0.950000, -1.896643
1.350000, 0.950000, -2.042989
1.400000, 0.950000, -1.999398
1.450000, 0.950000, -1.766831
1.500000, 0.950000, -1.414728
1.550000, 0.950000, -1.055108
1.600000, 0.950000, -0.800722
1.650000, 0.950000, -0.723134
1.700000, 0.950000, -0.826631
1.750000, 0.950000, -1.047763
1.800000, 0.950000, -1.280589
1.850000, 0.950000, -1.417849
1.900000, 0.950000, -1.392264
1.950000, 0.950000, -1.202131
2.000000, 0.950000, -0.911440
0.000000, 1.000000, -3.680289
0.050000, 1.000000, -3.400279
0.100000, 1.000000, -3.214996
0.150000, 1.000000, -3.185978
0.200000, 1.000000, -3.309037
0.250000, 1.000000, -3.514704
0.300000, 1.000000, -3.694135
0.350000, 1.000000, -3.740664
0.400000, 1.000000, -3.591149
0.450000, 1.000000, -3.251292
0.500000, 1.000000, -2.795153
0.550000, 1.000000, -2.338925
0.600000, 1.000000, -1.998804
0.650000, 1.000000, -1.848848
0.700000, 1.000000, -1.894760
0.750000, 1.000000, -2.073398
0.800000, 1.000000, -2.278096
0.850000, 1.000000, -2.400009
0.900000, 1.000000, -2.369669
0.950000, 1.000000, -2.182889
1.000000, 1.000000, -1.901204
1.050000, 1.000000, -1.626809
1.100000, 1.000000, -1.461718
1.150000, 1.000000, -1.466925
1.200000, 1.000000, -1.637357
1.250000, 1.000000, -1.902335
1.300000, 1.000000, -2.151513
1.350000, 1.000000, -2.276461
1.400000, 1.000000, -2.212066
1.450000, 1.000000, -1.961888
1.500000, 1.000000, -1.597736
1.550000, 1.000000, -1.233497
1.600000, 1.000000, -0.983054
1.650000, 1.000000, -0.918218
1.700000, 1.000000, -1.042550
1.750000, 1.000000, -1.290934
1.800000, 1.000000, -1.554943
1.850000, 1.000000, -1.724230
1.900000, 1.000000, -1.728115
1.950000, 1.000000, -1.561526
2.000000, 1.000000, -1.285457
0.000000, 1.050000, -3.552589
0.050000, 1.050000, -3.269621
0.100000, 1.050000, -3.080650
0.150000, 1.050000, -3.046559
0.200000, 1.050000, -3.162811
0.250000, 1.050000, -3.359998
0.300000, 1.050000, -3.529775
0.350000, 1.050000, -3.566382
0.400000, 1.050000, -3.407896
0.450000, 1.050000, -3.061387
0.500000, 1.050000, -2.602255
0.550000, 1.050000, -2.147796
0.600000, 1.050000, -1.814889
0.650000, 1.050000, -1.677724
0.700000, 1.050000, -1.741492
0.750000, 1.050000, -1.941916
0.800000, 1.050000, -2.170639
0.850000, 1.050000, -2.316745
0.900000, 1.050000, -2.308523
0.950000, 1.050000, -2.139638
1.000000, 1.050000, -1.869834
1.050000, 1.050000, -1.600104
1.100000, 1.050000, -1.432032
1.150000, 1.050000, -1.427048
1.200000, 1.050000, -1.581378
1.250000, 1.050000, -1.826399
1.300000, 1.050000, -2.054366
1.350000, 1.050000, -2.159729
1.400000, 1.050000, -2.080188
1.450000, 1.050000, -1.821721
1.500000, 1.050000, -1.457842
1.550000, 1.050000, -1.103189
1.600000, 1.050000, -0.871297
1.650000, 1.050000, -0.832500
1.700000, 1.050000, -0.987869
1.750000, 1.050000, -1.269004
1.800000, 1.050000, -1.563741
1.850000, 1.050000, -1.757941
1.900000, 1.050000, -1.777513
1.950000, 1.050000, -1.614762
2.000000, 1.050000, -1.329193
0.000000, 1.100000, -3.129726
0.050000, 1.100000, -2.844053
0.100000, 1.100000, -2.651726
0.150000, 1.100000, -2.612898
0.200000, 1.100000, -2.722676
0.250000, 1.100000, -2.911767
0.300000, 1.100000, -3.072448
0.350000, 1.100000, -3.100035
0.400000, 1.100000, -2.933989
0.450000, 1.100000, -2.582875
0.500000, 1.100000, -2.123461
0.550000, 1.100000, -1.674052
0.600000, 1.100000, -1.351972
0.650000, 1.100000, -1.231159
0.700000, 1.100000, -1.315820
0.750000, 1.100000, -1.540017
0.800000, 1.100000, -1.793226
0.850000, 1.100000, -1.962099
0.900000, 1.100000, -1.972541
0.950000, 1.100000, -1.816187
1.000000, 1.100000, -1.551408
1.050000, 1.100000, -1.278698
1.100000, 1.100000, -1.100135
1.150000, 1.100000, -1.078637
1.200000, 1.100000, -1.212771
1.250000, 1.100000, -1.436849
1.300000, 1.100000, -1.646312
1.350000, 1.100000, -1.738630
1.400000, 1.100000, -1.653963
1.450000, 1.100000, -1.399823
1.500000, 1.100000, -1.050080
1.550000, 1.100000, -0.718423
1.600000, 1.100000, -0.516177
1.650000, 1.100000, -0.510411
1.700000, 1.100000, -0.698214
1.750000, 1.100000, -1.006961
1.800000, 1.100000, -1.320524
1.850000, 1.100000, -1.521579
1.900000, 1.100000, -1.534071
1.950000, 1.100000, -1.349878
2.000000, 1.100000, -1.029760
0.000000, 1.150000, -2.509417
0.050000, 1.150000, -2.221466
0.100000, 1.150000, -2.026270
0.150000, 1.150000, -1.983184
0.200000, 1.150000, -2.086948
0.250000, 1.150000, -2.268455
0.300000, 1.150000, -2.420750
0.350000, 1.150000, -2.440399
0.400000, 1.150000, -2.268412
0.450000, 1.150000, -1.914954
0.500000, 1.150000, -1.458146
0.550000, 1.150000, -1.017133
0.600000, 1.150000, -0.709359
0.650000, 1.150000, -0.608054
0.700000, 1.150000, -0.715907
0.750000, 1.150000, -0.964792
0.800000, 1.150000, -1.241598
0.850000, 1.150000, -1.430333
0.900000, 1.150000, -1.454575
0.950000, 1.150000, -1.304322
1.000000, 1.150000, -1.037269
1.050000, 1.150000, -0.754368
1.100000, 1.150000, -0.559291
1.150000, 1.150000, -0.517531
1.200000, 1.150000, -0.630900
1.250000, 1.150000, -0.837203
1.300000, 1.150000, -1.035134
1.350000, 1.150000, -1.124692
1.400000, 1.150000, -1.047432
1.450000, 1.150000, -0.810855
1.500000, 1.150000, -0.487319
1.550000, 1.150000, -0.187612
1.600000, 1.150000, -0.019085
1.650000, 1.150000, -0.044234
1.700000, 1.150000, -0.255574
1.750000, 1.150000, -0.576526
1.800000, 1.150000, -0.888206
1.850000, 1.150000, -1.072185
1.900000, 1.150000, -1.053199
1.950000, 1.150000, -0.825830
2.000000, 1.150000, -0.455207
0.000000, 1.200000, -1.830730
0.050000, 1.200000, -1.541086
0.100000, 1.200000, -1.343653
0.150000, 1.200000, -1.296909
0.200000, 1.200000, -1.395227
0.250000, 1.200000, -1.569777
0.300000, 1.200000, -1.714524
0.350000, 1.200000, -1.727472
0.400000, 1.200000, -1.551347
0.450000, 1.200000, -1.197977
0.500000, 1.200000, -0.746766
0.550000, 1.200000, -0.317456
0.600000, 1.200000, -0.027201
0.650000, 1.200000, 0.052001
0.700000, 1.200000, -0.080454
0.750000, 1.200000, -0.353765
0.800000, 1.200000, -0.651927
0.850000, 1.200000, -0.856276
0.900000, 1.200000, -0.888388
0.950000, 1.200000, -0.737290
1.000000, 1.200000, -0.460967
1.050000, 1.200000, -0.161964
1.100000, 1.200000, 0.053309
1.150000, 1.200000, 0.115835
1.200000, 1.200000, 0.019984
1.250000, 1.200000, -0.175575
1.300000, 1.200000, -0.372201
1.350000, 1.200000, -0.471222
1.400000, 1.200000, -0.413885
1.450000, 1.200000, -0.205681
1.500000, 1.200000, 0.084560
1.550000, 1.200000, 0.350666
1.600000, 1.200000, 0.490366
1.650000, 1.200000, 0.445985
1.700000, 1.200000, 0.228829
1.750000, 1.200000, -0.082325
1.800000, 1.200000, -0.368451
1.850000, 1.200000, -0.513184
1.900000, 1.200000, -0.445370
1.950000, 1.200000, -0.165279
2.000000, 1.200000, 0.255400
0.000000, 1.250000, -1.243853
0.050000, 1.250000, -0.953248
0.100000, 1.250000, -0.754333
0.150000, 1.250000, -0.704633
0.200000, 1.250000, -0.798164
0.250000, 1.250000, -0.966470
0.300000, 1.250000, -1.104614
0.350000, 1.250000, -1.112235
0.400000, 1.250000, -0.933918
0.450000, 1.250000, -0.583190
0.500000, 1.250000, -0.140597
0.550000, 1.250000, 0.273849
0.600000, 1.250000, 0.543768
0.650000, 1.250000, 0.598976
0.700000, 1.250000, 0.441508
0.750000, 1.250000, 0.145251
0.800000, 1.250000, -0.170753
0.850000, 1.250000, -0.385385
0.900000, 1.250000, -0.418817
0.950000, 1.250000, -0.260044
1.000000, 1.250000, 0.031494
1.050000, 1.250000, 0.350455
1.100000, 1.250000, 0.586671
1.150000, 1.250000, 0.666971
1.200000, 1.250000, 0.581864
1.250000, 1.250000, 0.387120
1.300000, 1.250000, 0.180006
1.350000, 1.250000, 0.059688
1.400000, 1.250000, 0.087336
1.450000, 1.250000, 0.261541
1.500000, 1.250000, 0.518668
1.550000, 1.250000, 0.758082
1.600000, 1.250000, 0.882525
1.650000, 1.250000, 0.837958
1.700000, 1.250000, 0.637281
1.750000, 1.250000, 0.358427
1.800000, 1.250000, 0.117113
1.850000, 1.250000, 0.024299
1.900000, 1.250000, 0.144337
1.950000, 1.250000, 0.469728
2.000000, 1.250000, 0.922205
0.000000, 1.300000, -0.877471
0.050000, 1.300000, -0.586766
0.100000, 1.300000, -0.387227
0.150000, 1.300000, -0.335352
0.200000, 1.300000, -0.424815
0.250000, 1.300000, -0.587658
0.300000, 1.300000, -0.720230
0.350000, 1.300000, -0.724002
0.400000, 1.300000, -0.545551
0.450000, 1.300000, -0.200085
0.500000, 1.300000, 0.230920
0.550000, 1.300000, 0.627588
0.600000, 1.300000, 0.874875
0.650000, 1.300000, 0.905012
0.700000, 1.300000, 0.723187
0.750000, 1.300000, 0.406654
0.800000, 1.300000, 0.077420
0.850000, 1.300000, -0.141424
0.900000, 1.300000, -0.169526
0.950000, 1.300000, 0.002985
1.000000, 1.300000, 0.313955
1.050000, 1.300000, 0.654125
1.100000, 1.300000, 0.908846
1.150000, 1.300000, 1.000678
1.200000, 1.300000, 0.916876
1.250000, 1.300000, 0.711644
1.300000, 1.300000, 0.482784
1.350000, 1.300000, 0.332161
1.400000, 1.300000, 0.325493
1.450000, 1.300000, 0.467099
1.500000, 1.300000, 0.699322
1.550000, 1.300000, 0.926733
1.600000, 1.300000, 1.055545
1.650000, 1.300000, 1.032734
1.700000, 1.300000, 0.869418
1.750000, 1.300000, 0.639064
1.800000, 1.300000, 0.450824
1.850000, 1.300000, 0.407957
1.900000, 1.300000, 0.567194
1.950000, 1.300000, 0.914751
2.000000, 1.300000, 1.368513
0.000000, 1.350000, -0.810865
0.050000, 1.350000, -0.521026
0.100000, 1.350000, -0.321799
0.150000, 1.350000, -0.268582
0.200000, 1.350000, -0.354736
0.250000, 1.350000, -0.512938
0.300000, 1.350000, -0.641027
0.350000, 1.350000, -0.642510
0.400000, 1.350000, -0.466056
0.450000, 1.350000, -0.128481
0.500000, 1.350000, 0.288096
0.550000, 1.350000, 0.664427
0.600000, 1.350000, 0.887413
0.650000, 1.350000, 0.892300
0.700000, 1.350000, 0.687857
0.750000, 1.350000, 0.354810
0.800000, 1.350000, 0.017806
0.850000, 1.350000, -0.198860
0.900000, 1.350000, -0.215436
0.950000, 1.350000, -0.024493
1.000000, 1.350000, 0.307873
1.050000, 1.350000, 0.667629
1.100000, 1.350000, 0.935394
1.150000, 1.350000, 1.029987
1.200000, 1.350000, 0.936722
1.250000, 1.350000, 0.710193
1.300000, 1.350000, 0.451028
1.350000, 1.350000, 0.266002
1.400000, 1.350000, 0.227050
1.450000, 1.350000, 0.344924
1.500000, 1.350000, 0.567429
1.550000, 1.350000, 0.802524
1.600000, 1.350000, 0.956953
1.650000, 1.350000, 0.975076
1.700000, 1.350000, 0.862504
1.750000, 1.350000, 0.685118
1.800000, 1.350000, 0.543649
1.850000, 1.350000, 0.533545
1.900000, 1.350000, 0.705765
1.950000, 1.350000, 1.043916
2.000000, 1.350000, 1.467040
0.000000, 1.400000, -1.056792
0.050000, 1.400000, -0.768867
0.100000, 1.400000, -0.570942
0.150000, 1.400000, -0.517242
0.200000, 1.400000, -0.600857
0.250000, 1.400000, -0.755257
0.300000, 1.400000, -0.879991
0.350000, 1.400000, -0.880795
0.400000, 1.400000, -0.708500
0.450000, 1.400000, -0.381397
0.500000, 1.400000, 0.018122
0.550000, 1.400000, 0.372004
0.600000, 1.400000, 0.569736
0.650000, 1.400000, 0.550142
0.700000, 1.400000, 0.325867
0.750000, 1.400000, -0.019009
0.800000, 1.400000, -0.357794
0.850000, 1.400000, -0.566028
0.900000, 1.400000, -0.565876
0.950000, 1.400000, -0.353680
1.000000, 1.400000, -0.000509
1.050000, 1.400000, 0.374393
1.100000, 1.400000, 0.647284
1.150000, 1.400000, 0.734469
1.200000, 1.400000, 0.621281
1.250000, 1.400000, 0.365063
1.300000, 1.400000, 0.071583
1.350000, 1.400000, -0.145728
1.400000, 1.400000, -0.208004
1.450000, 1.400000, -0.098673
1.500000, 1.400000, 0.133518
1.550000, 1.400000, 0.396738
1.600000, 1.400000, 0.594428
1.650000, 1.400000, 0.664531
1.700000, 1.400000, 0.604181
1.750000, 1.400000, 0.470225
1.800000, 1.400000, 0.355509
1.850000, 1.400000, 0.350320
1.900000, 1.400000, 0.504301
1.950000, 1.400000, 0.804014
2.000000, 1.400000, 1.175358
0.000000, 1.450000, -1.558904
0.050000, 1.450000, -1.273997
0.100000, 1.450000, -1.078388
0.150000, 1.450000, -1.025060
0.200000, 1.450000, -1.106894
0.250000, 1.450000, -1.258324
0.300000, 1.450000, -1.380842
0.350000, 1.450000, -1.382599
0.400000, 1.450000, -1.216620
0.450000, 1.450000, -0.902462
0.500000, 1.450000, -0.522340
0.550000, 1.450000, -0.192488
0.600000, 1.450000, -0.020178
0.650000, 1.450000, -0.062529
0.700000, 1.450000, -0.302895
0.750000, 1.450000, -0.654215
0.800000, 1.450000, -0.988631
0.850000, 1.450000, -1.182784
0.900000, 1.450000, -1.162170
0.950000, 1.450000, -0.928115
1.000000, 1.450000, -0.557333
1.050000, 1.450000, -0.174142
1.100000, 1.450000, 0.094422
1.150000, 1.450000, 0.164044
1.200000, 1.450000, 0.022483
1.250000, 1.450000, -0.267734
1.300000, 1.450000, -0.593814
1.350000, 1.450000, -0.834856
1.400000, 1.450000, -0.905675
1.450000, 1.450000, -0.785989
1.500000, 1.450000, -0.524443
1.550000, 1.450000, -0.216666
1.600000, 1.450000, 0.033608
1.650000, 1.450000, 0.155044
1.700000, 1.450000, 0.135178
1.750000, 1.450000, 0.022916
1.800000, 1.450000, -0.093470
1.850000, 1.450000, -0.123775
1.900000, 1.450000, -0.013727
1.950000, 1.450000, 0.231844
2.000000, 1.450000, 0.549815
0.000000, 1.500000, -2.204230
0.050000, 1.500000, -1.923471
0.100000, 1.500000, -1.731189
0.150000, 1.500000, -1.679062
0.200000, 1.500000, -1.759833
0.250000, 1.500000, -1.909094
0.300000, 1.500000, -2.030525
0.350000, 1.500000, -2.034863
0.400000, 1.500000, -1.877306
0.450000, 1.500000, -1.578403
0.500000, 1.500000, -1.219658
0.550000, 1.500000, -0.914814
0.600000, 1.500000, -0.767271
0.650000, 1.500000, -0.829726
0.700000, 1.500000, -1.081631
0.750000, 1.500000, -1.433585
0.800000, 1.500000, -1.757709
0.850000, 1.500000, -1.933182
0.900000, 1.500000, -1.890207
0.950000, 1.500000, -1.636043
1.000000, 1.500000, -1.253212
1.050000, 1.500000, -0.870294
1.100000, 1.500000, -0.615866
1.150000, 1.500000, -0.572450
1.200000, 1.500000, -0.747306
1.250000, 1.500000, -1.070637
1.300000, 1.500000, -1.421622
1.350000, 1.500000, -1.672381
1.400000, 1.500000, -1.733514
1.450000, 1.500000, -1.584473
1.500000, 1.500000, -1.277955
1.550000, 1.500000, -0.917360
1.600000, 1.500000, -0.616430
1.650000, 1.500000, -0.456670
1.700000, 1.500000, -0.458629
1.750000, 1.500000, -0.577505
1.800000, 1.500000, -0.724035
1.850000, 1.500000, -0.801897
1.900000, 1.500000, -0.746686
1.950000, 1.500000, -0.551144
2.000000, 1.500000, -0.266948
0.000000, 1.550000, -2.848026
0.050000, 1.550000, -2.572546
0.100000, 1.550000, -2.384569
0.150000, 1.550000, -2.334415
0.200000, 1.550000, -2.414774
0.250000, 1.550000, -2.562618
0.300000, 1.550000, -2.684061
0.350000, 1.550000, -2.692575
0.400000, 1.550000, -2.545462
0.450000, 1.550000, -2.263903
0.500000, 1.550000, -1.928089
0.550000, 1.550000, -1.648571
0.600000, 1.550000, -1.524303
0.650000, 1.550000, -1.603357
0.700000, 1.550000, -1.861623
0.750000, 1.550000, -2.208286
0.800000, 1.550000, -2.516816
0.850000, 1.550000, -2.670427
0.900000, 1.550000, -2.605255
0.950000, 1.550000, -2.335011
1.000000, 1.550000, -1.947561
1.050000, 1.550000, -1.574229
1.100000, 1.550000, -1.342796
1.150000, 1.550000, -1.331331
1.200000, 1.550000, -1.539788
1.250000, 1.550000, -1.889811
1.300000, 1.550000, -2.252798
1.350000, 1.550000, -2.495874
1.400000, 1.550000, -2.528883
1.450000, 1.550000, -2.335284
1.500000, 1.550000, -1.975947
1.550000, 1.550000, -1.564946
1.600000, 1.550000, -1.226828
1.650000, 1.550000, -1.051491
1.700000, 1.550000, -1.063338
1.750000, 1.550000, -1.215738
1.800000, 1.550000, -1.412046
1.850000, 1.550000, -1.544490
1.900000, 1.550000, -1.535660
1.950000, 1.550000, -1.366752
2.000000, 1.550000, -1.082180
0.000000, 1.600000, -3.345546
0.050000, 1.600000, -3.076445
0.100000, 1.600000, -2.893694
0.150000, 1.600000, -2.846202
0.200000, 1.600000, -2.926718
0.250000, 1.600000, -3.073825
0.300000, 1.600000, -3.196326
0.350000, 1.600000, -3.210554
0.400000, 1.600000, -3.075782
0.450000, 1.600000, -2.813386
0.500000, 1.600000, -2.501578
0.550000, 1.600000, -2.247006
0.600000, 1.600000, -2.143703
0.650000, 1.600000, -2.235108
0.700000, 1.600000, -2.494159
0.750000, 1.600000, -2.829819
0.800000, 1.600000, -3.118434
0.850000, 1.600000, -3.248709
0.900000, 1.600000, -3.163620
0.950000, 1.600000, -2.883298
1.000000, 1.600000, -2.499792
1.050000, 1.600000, -2.145011
1.100000, 1.600000, -1.943225
1.150000, 1.600000, -1.965479
1.200000, 1.600000, -2.202762
1.250000, 1.600000, -2.568042
1.300000, 1.600000, -2.926661
1.350000, 1.600000, -3.144119
1.400000, 1.600000, -3.133867
1.450000, 1.600000, -2.887684
1.500000, 1.600000, -2.477692
1.550000, 1.600000, -2.029502
1.600000, 1.600000, -1.676592
1.650000, 1.600000, -1.512769
1.700000, 1.600000, -1.560071
1.750000, 1.600000, -1.763480
1.800000, 1.600000, -2.013758
1.850000, 1.600000, -2.189308
1.900000, 1.600000, -2.201097
1.950000, 1.600000, -2.023972
2.000000, 1.600000, -1.703131
0.000000, 1.650000, -3.583819
0.050000, 1.650000, -3.322143
0.100000, 1.650000, -3.145452
0.150000, 1.650000, -3.101207
0.200000, 1.650000, -3.182342
0.250000, 1.650000, -3.329305
0.300000, 1.650000, -3.453844
0.350000, 1.650000, -3.475246
0.400000, 1.650000, -3.354554
0.450000, 1.650000, -3.112822
0.500000, 1.650000, -2.825565
0.550000, 1.650000, -2.594850
0.600000, 1.650000, -2.509431
0.650000, 1.650000, -2.608340
0.700000, 1.650000, -2.862455
0.750000, 1.650000, -3.181939
0.800000, 1.650000, -3.447609
0.850000, 1.650000, -3.554940
0.900000, 1.650000, -3.454209
0.950000, 1.650000, -3.171275
1.000000, 1.650000, -2.800521
1.050000, 1.650000, -2.471779
1.100000, 1.650000, -2.303023
1.150000, 1.650000, -2.356192
1.200000, 1.650000, -2.612708
1.250000, 1.650000, -2.978174
1.300000, 1.650000, -3.315036
1.350000, 1.650000, -3.491560
1.400000, 1.650000, -3.429328
1.450000, 1.650000, -3.131813
1.500000, 1.650000, -2.683496
1.550000, 1.650000, -2.219729
1.600000, 1.650000, -1.878334
1.650000, 1.650000, -1.750592
1.700000, 1.650000, -1.849440
1.750000, 1.650000, -2.106280
1.800000, 1.650000, -2.397237
1.850000, 1.650000, -2.588907
1.900000, 1.650000, -2.586620
1.950000, 1.650000, -2.367585
2.000000, 1.650000, -1.987159
0.000000, 1.700000, -3.506497
0.050000, 1.700000, -3.253206
0.100000, 1.700000, -3.083300
0.150000, 1.700000, -3.042760
0.200000, 1.700000, -3.124855
0.250000, 1.700000, -3.272169
0.300000, 1.700000, -3.399645
0.350000, 1.700000, -3.429579
0.400000, 1.700000, -3.324514
0.450000, 1.700000, -3.104591
0.500000, 1.700000, -2.841872
0.550000, 1.700000, -2.633213
0.600000, 1.700000, -2.561905
0.650000, 1.700000, -2.663055
0.700000, 1.700000, -2.906638
0.750000, 1.700000, -3.205614
0.800000, 1.700000, -3.446835
0.850000, 1.700000, -3.533511
0.900000, 1.700000, -3.423099
0.950000, 1.700000, -3.145806
1.000000, 1.700000, -2.795887
1.050000, 1.700000, -2.498182
1.100000, 1.700000, -2.361861
1.150000, 1.700000, -2.438567
1.200000, 1.700000, -2.700898
1.250000, 1.700000, -3.049885
1.300000, 1.700000, -3.349387
1.350000, 1.700000, -3.475168
1.400000, 1.700000, -3.360713
1.450000, 1.700000, -3.022714
1.500000, 1.700000, -2.556490
1.550000, 1.700000, -2.102611
1.600000, 1.700000, -1.796671
1.650000, 1.700000, -1.720475
1.700000, 1.700000, -1.872546
1.750000, 1.700000, -2.168781
1.800000, 1.700000, -2.473090
1.850000, 1.700000, -2.646817
1.900000, 1.700000, -2.598881
1.950000, 1.700000, -2.318381
2.000000, 1.700000, -1.877917
0.000000, 1.750000, -3.126339
0.050000, 1.750000, -2.882286
0.100000, 1.750000, -2.719759
0.150000, 1.750000, -2.683240
0.200000, 1.750000, -2.766500
0.250000, 1.750000, -2.914548
0.300000, 1.750000, -3.045770
0.350000, 1.750000, -3.085478
0.400000, 1.750000, -2.997370
0.450000, 1.750000, -2.800009
0.500000, 1.750000, -2.561234
0.550000, 1.750000, -2.372149
0.600000, 1.750000, -2.310595
0.650000, 1.750000, -2.408501
0.700000, 1.750000, -2.636352
0.750000, 1.750000, -2.911599
0.800000, 1.750000, -3.128537
0.850000, 1.750000, -3.198620
0.900000, 1.750000, -3.085719
0.950000, 1.750000, -2.822317
1.000000, 1.750000, -2.499650
1.050000, 1.750000, -2.234695
1.100000, 1.750000, -2.125986
1.150000, 1.750000, -2.214897
1.200000, 1.750000, -2.467430
1.250000, 1.750000, -2.784118
1.300000, 1.750000, -3.035119
1.350000, 1.750000, -3.107931
1.400000, 1.750000, -2.950047
1.450000, 1.750000, -2.590354
1.500000, 1.750000, -2.130744
1.550000, 1.750000, -1.710389
1.600000, 1.750000, -1.455457
1.650000, 1.750000, -1.432693
1.700000, 1.750000, -1.624160
1.750000, 1.750000, -1.932813
1.800000, 1.750000, -2.217263
1.850000, 1.750000, -2.343226
1.900000, 1.750000, -2.232884
1.950000, 1.750000, -1.893982
2.000000, 1.750000, -1.417832
0.000000, 1.800000, -2.522623
0.050000, 1.800000, -2.288533
0.100000, 1.800000, -2.133829
0.150000, 1.800000, -2.101490
0.200000, 1.800000, -2.185974
0.250000, 1.800000, -2.335026
0.300000, 1.800000, -2.470705
0.350000, 1.800000, -2.521297
0.400000, 1.800000, -2.451232
0.450000, 1.800000, -2.276769
0.500000, 1.800000, -2.060762
0.550000, 1.800000, -1.888133
0.600000, 1.800000, -1.831518
0.650000, 1.800000, -1.920695
0.700000, 1.800000, -2.128273
0.750000, 1.800000, -2.377893
0.800000, 1.800000, -2.572412
0.850000, 1.800000, -2.631485
0.900000, 1.800000, -2.523922
0.950000, 1.800000, -2.281834
1.000000, 1.800000, -1.990351
1.050000, 1.800000, -1.756124
1.100000, 1.800000, -1.666241
1.150000, 1.800000, -1.753269
1.200000, 1.800000, -1.980248
1.250000, 1.800000, -2.252123
1.300000, 1.800000, -2.450051
1.350000, 1.800000, -2.476092
1.400000, 1.800000, -2.291455
1.450000, 1.800000, -1.933431
1.500000, 1.800000, -1.503965
1.550000, 1.800000, -1.133389
1.600000, 1.800000, -0.932427
1.650000, 1.800000, -0.950342
1.700000, 1.800000, -1.155160
1.750000, 1.800000, -1.443955
1.800000, 1.800000, -1.679958
1.850000, 1.800000, -1.743140
1.900000, 1.800000, -1.575574
1.950000, 1.800000, -1.204512
2.000000, 1.800000, -0.734189
0.000000, 1.850000, -1.824036
0.050000, 1.850000, -1.600486
0.100000, 1.850000, -1.453885
0.150000, 1.850000, -1.425715
0.200000, 1.850000, -1.511337
0.250000, 1.850000, -1.661544
0.300000, 1.850000, -1.802288
0.350000, 1.850000, -1.864732
0.400000, 1.850000, -1.813536
0.450000, 1.850000, -1.661874
0.500000, 1.850000, -1.466881
0.550000, 1.850000, -1.307028
0.600000, 1.850000, -1.250232
0.650000, 1.850000, -1.325418
0.700000, 1.850000, -1.509075
0.750000, 1.850000, -1.732633
0.800000, 1.850000, -1.908222
0.850000, 1.850000, -1.963001
0.900000, 1.850000, -1.868573
0.950000, 1.850000, -1.653606
1.000000, 1.850000, -1.394148
1.050000, 1.850000, -1.184835
1.100000, 1.850000, -1.101807
1.150000, 1.850000, -1.171758
1.200000, 1.850000, -1.359492
1.250000, 1.850000, -1.579449
1.300000, 1.850000, -1.727429
1.350000, 1.850000, -1.720708
1.400000, 1.850000, -1.531154
1.450000, 1.850000, -1.198247
1.500000, 1.850000, -0.816339
1.550000, 1.850000, -0.500345
1.600000, 1.850000, -0.342488
1.650000, 1.850000, -0.376523
1.700000, 1.850000, -0.563398
1.750000, 1.850000, -0.804428
1.800000, 1.850000, -0.977651
1.850000, 1.850000, -0.984033
1.900000, 1.850000, -0.786136
1.950000, 1.850000, -0.424303
2.000000, 1.850000, -0.003682
0.000000, 1.900000, -1.180767
0.050000, 1.900000, -0.968170
0.100000, 1.900000, -0.829778
0.150000, 1.900000, -0.805594
0.200000, 1.900000, -0.892115
0.250000, 1.900000, -1.043514
0.300000, 1.900000, -1.189832
0.350000, 1.900000, -1.264945
0.400000, 1.900000, -1.233165
0.450000, 1.900000, -1.103764
0.500000, 1.900000, -0.927483
0.550000, 1.900000, -0.776246
0.600000, 1.900000, -0.714015
0.650000, 1.900000, -0.770391
0.700000, 1.900000, -0.927576
0.750000, 1.900000, -1.126163
0.800000, 1.900000, -1.287741
0.850000, 1.900000, -1.345590
0.900000, 1.900000, -1.271365
0.950000, 1.900000, -1.087035
1.000000, 1.900000, -0.857048
1.050000, 1.900000, -0.663421
1.100000, 1.900000, -0.573313
1.150000, 1.900000, -0.611787
1.200000, 1.900000, -0.750692
1.250000, 1.900000, -0.918425
1.300000, 1.900000, -1.027206
1.350000, 1.900000, -1.007502
1.400000, 1.900000, -0.836188
1.450000, 1.900000, -0.547214
1.500000, 1.900000, -0.220142
1.550000, 1.900000, 0.049472
1.600000, 1.900000, 0.186708
1.650000, 1.900000, 0.166751
1.700000, 1.900000, 0.025524
1.750000, 1.900000, -0.153101
1.800000, 1.900000, -0.269099
1.850000, 1.900000, -0.245150
1.900000, 1.900000, -0.057617
1.950000, 1.900000, 0.252571
2.000000, 1.900000, 0.593833
0.000000, 1.950000, -0.731881
0.050000, 1.950000, -0.530478
0.100000, 1.950000, -0.400220
0.150000, 1.950000, -0.379664
0.200000, 1.950000, -0.466699
0.250000, 1.950000, -0.619219
0.300000, 1.950000, -0.771520
0.350000, 1.950000, -0.859964
0.400000, 1.950000, -0.847863
0.450000, 1.950000, -0.739741
0.500000, 1.950000, -0.579359
0.550000, 1.950000, -0.432209
0.600000, 1.950000, -0.359328
0.650000, 1.950000, -0.392730
0.700000, 1.950000, -0.522138
0.750000, 1.950000, -0.698345
0.800000, 1.950000, -0.851973
0.850000, 1.950000, -0.920353
0.900000, 1.950000, -0.872001
0.950000, 1.950000, -0.719044
1.000000, 1.950000, -0.512600
1.050000, 1.950000, -0.322811
1.100000, 1.950000, -0.211261
1.150000, 1.950000, -0.206559
1.200000, 1.950000, -0.292743
1.250000, 1.950000, -0.415175
1.300000, 1.950000, -0.501790
1.350000, 1.950000, -0.491492
1.400000, 1.950000, -0.358616
1.450000, 1.950000, -0.123784
1.500000, 1.950000, 0.153259
1.550000, 1.950000, 0.396238
1.600000, 1.950000, 0.541692
1.650000, 1.950000, 0.563644
1.700000, 1.950000, 0.483882
1.750000, 1.950000, 0.363659
1.800000, 1.950000, 0.279821
1.850000, 1.950000, 0.294542
1.900000, 1.950000, 0.430430
1.950000, 1.950000, 0.660825
2.000000, 1.950000, 0.919288
0.000000, 2.000000, -0.575095
0.050000, 2.000000, -0.384948
0.100000, 2.000000, -0.262564
0.150000, 2.000000, -0.245107
0.200000, 2.000000, -0.332132
0.250000, 2.000000, -0.485603
0.300000, 2.000000, -0.644204
0.350000, 2.000000, -0.746488
0.400000, 2.000000, -0.754037
0.450000, 2.000000, -0.665781
0.500000, 2.000000, -0.518026
0.550000, 2.000000, -0.370183
0.600000, 2.000000, -0.281663
0.650000, 2.000000, -0.288771
0.700000, 2.000000, -0.390438
0.750000, 2.000000, -0.548246
0.800000, 2.000000, -0.700748
0.850000, 2.000000, -0.786627
0.900000, 2.000000, -0.767848
0.950000, 2.000000, -0.643967
1.000000, 2.000000, -0.452145
1.050000, 2.000000, -0.252857
1.100000, 2.000000, -0.106758
1.150000, 2.000000, -0.051551
1.200000, 2.000000, -0.087678
1.250000, 2.000000, -0.178313
1.300000, 2.000000, -0.263642
1.350000, 2.000000, -0.283982
1.400000, 2.000000, -0.202887
1.450000, 2.000000, -0.021427
1.500000, 2.000000, 0.221840
1.550000, 2.000000, 0.465196
1.600000, 2.000000, 0.646920
1.650000, 2.000000, 0.728455
1.700000, 2.000000, 0.708732
1.750000, 2.000000, 0.624196
1.800000, 2.000000, 0.534530
1.850000, 2.000000, 0.499549
1.900000, 2.000000, 0.556078
1.950000, 2.000000, 0.703674
2.000000, 2.000000, 0.904637
