0.000000, 0.000000, -0.212597
0.050000, 0.000000, -0.261324
0.100000, 0.000000, -0.318638
0.150000, 0.000000, -0.384121
0.200000, 0.000000, -0.456871
0.250000, 0.000000, -0.535556
0.300000, 0.000000, -0.618503
0.350000, 0.000000, -0.703796
0.400000, 0.000000, -0.789391
0.450000, 0.000000, -0.873231
0.500000, 0.000000, -0.953371
0.550000, 0.000000, -1.028080
0.600000, 0.000000, -1.095944
0.650000, 0.000000, -1.155939
0.700000, 0.000000, -1.207488
0.750000, 0.000000, -1.250486
0.800000, 0.000000, -1.285302
0.850000, 0.000000, -1.312750
0.900000, 0.000000, -1.334036
0.950000, 0.000000, -1.350683
1.000000, 0.000000, -1.364432
1.050000, 0.000000, -1.377140
1.100000, 0.000000, -1.390663
1.150000, 0.000000, -1.406745
1.200000, 0.000000, -1.426907
1.250000, 0.000000, -1.452355
1.300000, 0.000000, -1.483903
1.350000, 0.000000, -1.521920
1.400000, 0.000000, -1.566301
1.450000, 0.000000, -1.616469
1.500000, 0.000000, -1.671401
1.550000, 0.000000, -1.729681
1.600000, 0.000000, -1.789581
1.650000, 0.000000, -1.849152
1.700000, 0.000000, -1.906341
1.750000, 0.000000, -1.959101
1.800000, 0.000000, -2.005518
1.850000, 0.000000, -2.043917
1.900000, 0.000000, -2.072968
1.950000, 0.000000, -2.091768
2.000000, 0.000000, -2.099899
0.000000, 0.050000, -0.310828
0.050000, 0.050000, -0.367112
0.100000, 0.050000, -0.431208
0.150000, 0.050000, -0.502231
0.200000, 0.050000, -0.578876
0.250000, 0.050000, -0.659505
0.300000, 0.050000, -0.742243
0.350000, 0.050000, -0.825091
0.400000, 0.050000, -0.906046
0.450000, 0.050000, -0.983216
0.500000, 0.050000, -1.054930
0.550000, 0.050000, -1.119830
0.600000, 0.050000, -1.176950
0.650000, 0.050000, -1.225768
0.700000, 0.050000, -1.266231
0.750000, 0.050000, -1.298755
0.800000, 0.050000, -1.324196
0.850000, 0.050000, -1.343792
0.900000, 0.050000, -1.359094
0.950000, 0.050000, -1.371860
1.000000, 0.050000, -1.383958
1.050000, 0.050000, -1.397244
1.100000, 0.050000, -1.413452
1.150000, 0.050000, -1.434085
1.200000, 0.050000, -1.460325
1.250000, 0.050000, -1.492952
1.300000, 0.050000, -1.532293
1.350000, 0.050000, -1.578197
1.400000, 0.050000, -1.630038
1.450000, 0.050000, -1.686735
1.500000, 0.050000, -1.746818
1.550000, 0.050000, -1.808499
1.600000, 0.050000, -1.869775
1.650000, 0.050000, -1.928536
1.700000, 0.050000, -1.982686
1.750000, 0.050000, -2.030262
1.800000, 0.050000, -2.069551
1.850000, 0.050000, -2.099188
1.900000, 0.050000, -2.118243
1.950000, 0.050000, -2.126282
2.000000, 0.050000, -2.123400
0.000000, 0.100000, -0.428353
0.050000, 0.100000, -0.491419
0.100000, 0.100000, -0.561056
0.150000, 0.100000, -0.635979
0.200000, 0.100000, -0.714578
0.250000, 0.100000, -0.795012
0.300000, 0.100000, -0.875328
0.350000, 0.100000, -0.953570
0.400000, 0.100000, -1.027900
0.450000, 0.100000, -1.096702
0.500000, 0.100000, -1.158679
0.550000, 0.100000, -1.212924
0.600000, 0.100000, -1.258974
0.650000, 0.100000, -1.296832
0.700000, 0.100000, -1.326969
0.750000, 0.100000, -1.350288
0.800000, 0.100000, -1.368071
0.850000, 0.100000, -1.381903
0.900000, 0.100000, -1.393573
0.950000, 0.100000, -1.404966
1.000000, 0.100000, -1.417951
1.050000, 0.100000, -1.434261
1.100000, 0.100000, -1.455396
1.150000, 0.100000, -1.482518
1.200000, 0.100000, -1.516383
1.250000, 0.100000, -1.557289
1.300000, 0.100000, -1.605044
1.350000, 0.100000, -1.658976
1.400000, 0.100000, -1.717956
1.450000, 0.100000, -1.780459
1.500000, 0.100000, -1.844645
1.550000, 0.100000, -1.908452
1.600000, 0.100000, -1.969715
1.650000, 0.100000, -2.026285
1.700000, 0.100000, -2.076150
1.750000, 0.100000, -2.117551
1.800000, 0.100000, -2.149085
1.850000, 0.100000, -2.169789
1.900000, 0.100000, -2.179204
1.950000, 0.100000, -2.177409
2.000000, 0.100000, -2.165027
0.000000, 0.150000, -0.564249
0.050000, 0.150000, -0.632854
0.100000, 0.150000, -0.706392
0.150000, 0.150000, -0.783272
0.200000, 0.150000, -0.861689
0.250000, 0.150000, -0.939726
0.300000, 0.150000, -1.015475
0.350000, 0.150000, -1.087148
0.400000, 0.150000, -1.153188
0.450000, 0.150000, -1.212356
0.500000, 0.150000, -1.263808
0.550000, 0.150000, -1.307144
0.600000, 0.150000, -1.342429
0.650000, 0.150000, -1.370194
0.700000, 0.150000, -1.391398
0.750000, 0.150000, -1.407376
0.800000, 0.150000, -1.419758
0.850000, 0.150000, -1.430371
0.900000, 0.150000, -1.441131
0.950000, 0.150000, -1.453930
1.000000, 0.150000, -1.470517
1.050000, 0.150000, -1.492393
1.100000, 0.150000, -1.520717
1.150000, 0.150000, -1.556233
1.200000, 0.150000, -1.599215
1.250000, 0.150000, -1.649443
1.300000, 0.150000, -1.706207
1.350000, 0.150000, -1.768336
1.400000, 0.150000, -1.834259
1.450000, 0.150000, -1.902082
1.500000, 0.150000, -1.969693
1.550000, 0.150000, -2.034871
1.600000, 0.150000, -2.095415
1.650000, 0.150000, -2.149261
1.700000, 0.150000, -2.194602
1.750000, 0.150000, -2.229992
1.800000, 0.150000, -2.254430
1.850000, 0.150000, -2.267426
1.900000, 0.150000, -2.269037
1.950000, 0.150000, -2.259869
2.000000, 0.150000, -2.241061
0.000000, 0.200000, -0.717029
0.050000, 0.200000, -0.789531
0.100000, 0.200000, -0.865021
0.150000, 0.200000, -0.941720
0.200000, 0.200000, -1.017749
0.250000, 0.200000, -1.091243
0.300000, 0.200000, -1.160467
0.350000, 0.200000, -1.223919
0.400000, 0.200000, -1.280421
0.450000, 0.200000, -1.329196
0.500000, 0.200000, -1.369910
0.550000, 0.200000, -1.402695
0.600000, 0.200000, -1.428149
0.650000, 0.200000, -1.447294
0.700000, 0.200000, -1.461528
0.750000, 0.200000, -1.472535
0.800000, 0.200000, -1.482194
0.850000, 0.200000, -1.492462
0.900000, 0.200000, -1.505266
0.950000, 0.200000, -1.522380
1.000000, 0.200000, -1.545324
1.050000, 0.200000, -1.575266
1.100000, 0.200000, -1.612946
1.150000, 0.200000, -1.658628
1.200000, 0.200000, -1.712074
1.250000, 0.200000, -1.772546
1.300000, 0.200000, -1.838840
1.350000, 0.200000, -1.909343
1.400000, 0.200000, -1.982117
1.450000, 0.200000, -2.055000
1.500000, 0.200000, -2.125719
1.550000, 0.200000, -2.192021
1.600000, 0.200000, -2.251790
1.650000, 0.200000, -2.303167
1.700000, 0.200000, -2.344658
1.750000, 0.200000, -2.375222
1.800000, 0.200000, -2.394330
1.850000, 0.200000, -2.402007
1.900000, 0.200000, -2.398837
1.950000, 0.200000, -2.385941
2.000000, 0.200000, -2.364928
0.000000, 0.250000, -0.884718
0.050000, 0.250000, -0.959164
0.100000, 0.250000, -1.034459
0.150000, 0.250000, -1.108761
0.200000, 0.250000, -1.180248
0.250000, 0.250000, -1.247233
0.300000, 0.250000, -1.308274
0.350000, 0.250000, -1.362258
0.400000, 0.250000, -1.408471
0.450000, 0.250000, -1.446653
0.500000, 0.250000, -1.477009
0.550000, 0.250000, -1.500208
0.600000, 0.250000, -1.517348
0.650000, 0.250000, -1.529894
0.700000, 0.250000, -1.539596
0.750000, 0.250000, -1.548393
0.800000, 0.250000, -1.558299
0.850000, 0.250000, -1.571286
0.900000, 0.250000, -1.589168
0.950000, 0.250000, -1.613494
1.000000, 0.250000, -1.645451
1.050000, 0.250000, -1.685793
1.100000, 0.250000, -1.734783
1.150000, 0.250000, -1.792175
1.200000, 0.250000, -1.857214
1.250000, 0.250000, -1.928670
1.300000, 0.250000, -2.004897
1.350000, 0.250000, -2.083917
1.400000, 0.250000, -2.163522
1.450000, 0.250000, -2.241390
1.500000, 0.250000, -2.315215
1.550000, 0.250000, -2.382827
1.600000, 0.250000, -2.442313
1.650000, 0.250000, -2.492127
1.700000, 0.250000, -2.531176
1.750000, 0.250000, -2.558886
1.800000, 0.250000, -2.575241
1.850000, 0.250000, -2.580788
1.900000, 0.250000, -2.576623
1.950000, 0.250000, -2.564331
2.000000, 0.250000, -2.545918
0.000000, 0.300000, -1.064952
0.050000, 0.300000, -1.139187
0.100000, 0.300000, -1.212061
0.150000, 0.300000, -1.281796
0.200000, 0.300000, -1.346758
0.250000, 0.300000, -1.405561
0.300000, 0.300000, -1.457158
0.350000, 0.300000, -1.500908
0.400000, 0.300000, -1.536625
0.450000, 0.300000, -1.564593
0.500000, 0.300000, -1.585562
0.550000, 0.300000, -1.600707
0.600000, 0.300000, -1.611573
0.650000, 0.300000, -1.619988
0.700000, 0.300000, -1.627960
0.750000, 0.300000, -1.637569
0.800000, 0.300000, -1.650846
0.850000, 0.300000, -1.669656
0.900000, 0.300000, -1.695590
0.950000, 0.300000, -1.729868
1.000000, 0.300000, -1.773266
1.050000, 0.300000, -1.826060
1.100000, 0.300000, -1.888006
1.150000, 0.300000, -1.958341
1.200000, 0.300000, -2.035816
1.250000, 0.300000, -2.118760
1.300000, 0.300000, -2.205157
1.350000, 0.300000, -2.292759
1.400000, 0.300000, -2.379194
1.450000, 0.300000, -2.462102
1.500000, 0.300000, -2.539255
1.550000, 0.300000, -2.608683
1.600000, 0.300000, -2.668777
1.650000, 0.300000, -2.718385
1.700000, 0.300000, -2.756876
1.750000, 0.300000, -2.784177
1.800000, 0.300000, -2.800788
1.850000, 0.300000, -2.807757
1.900000, 0.300000, -2.806633
1.950000, 0.300000, -2.799388
2.000000, 0.300000, -2.788320
0.000000, 0.350000, -1.255092
0.050000, 0.350000, -1.326883
0.100000, 0.350000, -1.395151
0.150000, 0.350000, -1.458317
0.200000, 0.350000, -1.515056
0.250000, 0.350000, -1.564391
0.300000, 0.350000, -1.605756
0.350000, 0.350000, -1.639043
0.400000, 0.350000, -1.664623
0.450000, 0.350000, -1.683331
0.500000, 0.350000, -1.696432
0.550000, 0.350000, -1.705558
0.600000, 0.350000, -1.712621
0.650000, 0.350000, -1.719712
0.700000, 0.350000, -1.728988
0.750000, 0.350000, -1.742550
0.800000, 0.350000, -1.762327
0.850000, 0.350000, -1.789962
0.900000, 0.350000, -1.826720
0.950000, 0.350000, -1.873411
1.000000, 0.350000, -1.930333
1.050000, 0.350000, -1.997254
1.100000, 0.350000, -2.073411
1.150000, 0.350000, -2.157545
1.200000, 0.350000, -2.247960
1.250000, 0.350000, -2.342612
1.300000, 0.350000, -2.439208
1.350000, 0.350000, -2.535330
1.400000, 0.350000, -2.628559
1.450000, 0.350000, -2.716604
1.500000, 0.350000, -2.797427
1.550000, 0.350000, -2.869351
1.600000, 0.350000, -2.931149
1.650000, 0.350000, -2.982118
1.700000, 0.350000, -3.022115
1.750000, 0.350000, -3.051570
1.800000, 0.350000, -3.071466
1.850000, 0.350000, -3.083291
1.900000, 0.350000, -3.088964
1.950000, 0.350000, -3.090732
2.000000, 0.350000, -3.091059
0.000000, 0.400000, -1.452362
0.050000, 0.400000, -1.519513
0.100000, 0.400000, -1.581156
0.150000, 0.400000, -1.636032
0.200000, 0.400000, -1.683235
0.250000, 0.400000, -1.722280
0.300000, 0.400000, -1.753148
0.350000, 0.400000, -1.776298
0.400000, 0.400000, -1.792662
0.450000, 0.400000, -1.803600
0.500000, 0.400000, -1.810842
0.550000, 0.400000, -1.816395
0.600000, 0.400000, -1.822442
0.650000, 0.400000, -1.831229
0.700000, 0.400000, -1.844939
0.750000, 0.400000, -1.865573
0.800000, 0.400000, -1.894841
0.850000, 0.400000, -1.934064
0.900000, 0.400000, -1.984094
0.950000, 0.400000, -2.045263
1.000000, 0.400000, -2.117359
1.050000, 0.400000, -2.199624
1.100000, 0.400000, -2.290796
1.150000, 0.400000, -2.389161
1.200000, 0.400000, -2.492642
1.250000, 0.400000, -2.598908
1.300000, 0.400000, -2.705485
1.350000, 0.400000, -2.809895
1.400000, 0.400000, -2.909775
1.450000, 0.400000, -3.003010
1.500000, 0.400000, -3.087839
1.550000, 0.400000, -3.162949
1.600000, 0.400000, -3.227546
1.650000, 0.400000, -3.281396
1.700000, 0.400000, -3.324839
1.750000, 0.400000, -3.358770
1.800000, 0.400000, -3.384591
1.850000, 0.400000, -3.404139
1.900000, 0.400000, -3.419587
1.950000, 0.400000, -3.433329
2.000000, 0.400000, -3.447854
0.000000, 0.450000, -1.653980
0.050000, 0.450000, -1.714461
0.100000, 0.450000, -1.767736
0.150000, 0.450000, -1.812977
0.200000, 0.450000, -1.849787
0.250000, 0.450000, -1.878239
0.300000, 0.450000, -1.898893
0.350000, 0.450000, -1.912783
0.400000, 0.450000, -1.921378
0.450000, 0.450000, -1.926511
0.500000, 0.450000, -1.930298
0.550000, 0.450000, -1.935027
0.600000, 0.450000, -1.943041
0.650000, 0.450000, -1.956617
0.700000, 0.450000, -1.977843
0.750000, 0.450000, -2.008506
0.800000, 0.450000, -2.049991
0.850000, 0.450000, -2.103206
0.900000, 0.450000, -2.168524
0.950000, 0.450000, -2.245758
1.000000, 0.450000, -2.334168
1.050000, 0.450000, -2.432488
1.100000, 0.450000, -2.538990
1.150000, 0.450000, -2.651567
1.200000, 0.450000, -2.767842
1.250000, 0.450000, -2.885289
1.300000, 0.450000, -3.001356
1.350000, 0.450000, -3.113605
1.400000, 0.450000, -3.219828
1.450000, 0.450000, -3.318168
1.500000, 0.450000, -3.407207
1.550000, 0.450000, -3.486042
1.600000, 0.450000, -3.554327
1.650000, 0.450000, -3.612288
1.700000, 0.450000, -3.660705
1.750000, 0.450000, -3.700870
1.800000, 0.450000, -3.734512
1.850000, 0.450000, -3.763701
1.900000, 0.450000, -3.790733
1.950000, 0.450000, -3.818008
2.000000, 0.450000, -3.847893
0.000000, 0.500000, -1.857297
0.050000, 0.500000, -1.909351
0.100000, 0.500000, -1.952889
0.150000, 0.500000, -1.987606
0.200000, 0.500000, -2.013677
0.250000, 0.500000, -2.031772
0.300000, 0.500000, -2.043038
0.350000, 0.500000, -2.049061
0.400000, 0.500000, -2.051796
0.450000, 0.500000, -2.053475
0.500000, 0.500000, -2.056503
0.550000, 0.500000, -2.063336
0.600000, 0.500000, -2.076357
0.650000, 0.500000, -2.097753
0.700000, 0.500000, -2.129399
0.750000, 0.500000, -2.172759
0.800000, 0.500000, -2.228802
0.850000, 0.500000, -2.297954
0.900000, 0.500000, -2.380063
0.950000, 0.500000, -2.474408
1.000000, 0.500000, -2.579726
1.050000, 0.500000, -2.694275
1.100000, 0.500000, -2.815918
1.150000, 0.500000, -2.942232
1.200000, 0.500000, -3.070628
1.250000, 0.500000, -3.198478
1.300000, 0.500000, -3.323252
1.350000, 0.500000, -3.442641
1.400000, 0.500000, -3.554674
1.450000, 0.500000, -3.657811
1.500000, 0.500000, -3.751019
1.550000, 0.500000, -3.833819
1.600000, 0.500000, -3.906297
1.650000, 0.500000, -3.969097
1.700000, 0.500000, -4.023372
1.750000, 0.500000, -4.070718
1.800000, 0.500000, -4.113072
1.850000, 0.500000, -4.152611
1.900000, 0.500000, -4.191617
1.950000, 0.500000, -4.232354
2.000000, 0.500000, -4.276937
0.000000, 0.550000, -2.059921
0.050000, 0.550000, -2.102166
0.100000, 0.550000, -2.135049
0.150000, 0.550000, -2.158857
0.200000, 0.550000, -2.174378
0.250000, 0.550000, -2.182886
0.300000, 0.550000, -2.186099
0.350000, 0.550000, -2.186102
0.400000, 0.550000, -2.185264
0.450000, 0.550000, -2.186119
0.500000, 0.550000, -2.191251
0.550000, 0.550000, -2.203165
0.600000, 0.550000, -2.224160
0.650000, 0.550000, -2.256213
0.700000, 0.550000, -2.300878
0.750000, 0.550000, -2.359201
0.800000, 0.550000, -2.431667
0.850000, 0.550000, -2.518169
0.900000, 0.550000, -2.618010
0.950000, 0.550000, -2.729934
1.000000, 0.550000, -2.852187
1.050000, 0.550000, -2.982603
1.100000, 0.550000, -3.118707
1.150000, 0.550000, -3.257842
1.200000, 0.550000, -3.397295
1.250000, 0.550000, -3.534434
1.300000, 0.550000, -3.666834
1.350000, 0.550000, -3.792393
1.400000, 0.550000, -3.909432
1.450000, 0.550000, -4.016769
1.500000, 0.550000, -4.113768
1.550000, 0.550000, -4.200355
1.600000, 0.550000, -4.277012
1.650000, 0.550000, -4.344731
1.700000, 0.550000, -4.404947
1.750000, 0.550000, -4.459448
1.800000, 0.550000, -4.510263
1.850000, 0.550000, -4.559541
1.900000, 0.550000, -4.609421
1.950000, 0.550000, -4.661909
2.000000, 0.550000, -4.718758
0.000000, 0.600000, -2.259835
0.050000, 0.600000, -2.291337
0.100000, 0.600000, -2.313150
0.150000, 0.600000, -2.326193
0.200000, 0.600000, -2.331882
0.250000, 0.600000, -2.332077
0.300000, 0.600000, -2.329016
0.350000, 0.600000, -2.325216
0.400000, 0.600000, -2.323362
0.450000, 0.600000, -2.326183
0.500000, 0.600000, -2.336323
0.550000, 0.600000, -2.356210
0.600000, 0.600000, -2.387942
0.650000, 0.600000, -2.433175
0.700000, 0.600000, -2.493048
0.750000, 0.600000, -2.568115
0.800000, 0.600000, -2.658325
0.850000, 0.600000, -2.763012
0.900000, 0.600000, -2.880933
0.950000, 0.600000, -3.010325
1.000000, 0.600000, -3.148988
1.050000, 0.600000, -3.294397
1.100000, 0.600000, -3.443819
1.150000, 0.600000, -3.594448
1.200000, 0.600000, -3.743538
1.250000, 0.600000, -3.888534
1.300000, 0.600000, -4.027189
1.350000, 0.600000, -4.157667
1.400000, 0.600000, -4.278615
1.450000, 0.600000, -4.389220
1.500000, 0.600000, -4.489231
1.550000, 0.600000, -4.578942
1.600000, 0.600000, -4.659165
1.650000, 0.600000, -4.731157
1.700000, 0.600000, -4.796534
1.750000, 0.600000, -4.857163
1.800000, 0.600000, -4.915044
1.850000, 0.600000, -4.972182
1.900000, 0.600000, -5.030466
1.950000, 0.600000, -5.091550
2.000000, 0.600000, -5.156756
0.000000, 0.650000, -2.455486
0.050000, 0.650000, -2.475811
0.100000, 0.650000, -2.486664
0.150000, 0.650000, -2.489613
0.200000, 0.650000, -2.486683
0.250000, 0.650000, -2.480278
0.300000, 0.650000, -2.473086
0.350000, 0.650000, -2.467963
0.400000, 0.650000, -2.467804
0.450000, 0.650000, -2.475415
0.500000, 0.650000, -2.493375
0.550000, 0.650000, -2.523919
0.600000, 0.650000, -2.568831
0.650000, 0.650000, -2.629353
0.700000, 0.650000, -2.706130
0.750000, 0.650000, -2.799174
0.800000, 0.650000, -2.907865
0.850000, 0.650000, -3.030977
0.900000, 0.650000, -3.166742
0.950000, 0.650000, -3.312931
1.000000, 0.650000, -3.466962
1.050000, 0.650000, -3.626024
1.100000, 0.650000, -3.787208
1.150000, 0.650000, -3.947645
1.200000, 0.650000, -4.104636
1.250000, 0.650000, -4.255775
1.300000, 0.650000, -4.399049
1.350000, 0.650000, -4.532920
1.400000, 0.650000, -4.656379
1.450000, 0.650000, -4.768974
1.500000, 0.650000, -4.870798
1.550000, 0.650000, -4.962464
1.600000, 0.650000, -5.045033
1.650000, 0.650000, -5.119937
1.700000, 0.650000, -5.188872
1.750000, 0.650000, -5.253680
1.800000, 0.650000, -5.316231
1.850000, 0.650000, -5.378297
1.900000, 0.650000, -5.441442
1.950000, 0.650000, -5.506920
2.000000, 0.650000, -5.575598
0.000000, 0.700000, -2.645850
0.050000, 0.700000, -2.655090
0.100000, 0.700000, -2.655616
0.150000, 0.700000, -2.649633
0.200000, 0.700000, -2.639732
0.250000, 0.700000, -2.628796
0.300000, 0.700000, -2.619873
0.350000, 0.700000, -2.616054
0.400000, 0.700000, -2.620329
0.450000, 0.700000, -2.635457
0.500000, 0.700000, -2.663836
0.550000, 0.700000, -2.707399
0.600000, 0.700000, -2.767519
0.650000, 0.700000, -2.844946
0.700000, 0.700000, -2.939776
0.750000, 0.700000, -3.051447
0.800000, 0.700000, -3.178764
0.850000, 0.700000, -3.319959
0.900000, 0.700000, -3.472777
0.950000, 0.700000, -3.634582
1.000000, 0.700000, -3.802478
1.050000, 0.700000, -3.973450
1.100000, 0.700000, -4.144494
1.150000, 0.700000, -4.312757
1.200000, 0.700000, -4.475656
1.250000, 0.700000, -4.630988
1.300000, 0.700000, -4.777012
1.350000, 0.700000, -4.912506
1.400000, 0.700000, -5.036801
1.450000, 0.700000, -5.149773
1.500000, 0.700000, -5.251820
1.550000, 0.700000, -5.343798
1.600000, 0.700000, -5.426946
1.650000, 0.700000, -5.502782
1.700000, 0.700000, -5.572993
1.750000, 0.700000, -5.639314
1.800000, 0.700000, -5.703412
1.850000, 0.700000, -5.766774
1.900000, 0.700000, -5.830610
1.950000, 0.700000, -5.895775
2.000000, 0.700000, -5.962711
0.000000, 0.750000, -2.830476
0.050000, 0.750000, -2.829241
0.100000, 0.750000, -2.820562
0.150000, 0.750000, -2.807238
0.200000, 0.750000, -2.792367
0.250000, 0.750000, -2.779220
0.300000, 0.750000, -2.771110
0.350000, 0.750000, -2.771244
0.400000, 0.750000, -2.782591
0.450000, 0.750000, -2.807747
0.500000, 0.750000, -2.848823
0.550000, 0.750000, -2.907350
0.600000, 0.750000, -2.984214
0.650000, 0.750000, -3.079617
0.700000, 0.750000, -3.193075
0.750000, 0.750000, -3.323438
0.800000, 0.750000, -3.468953
0.850000, 0.750000, -3.627346
0.900000, 0.750000, -3.795929
0.950000, 0.750000, -3.971724
1.000000, 0.750000, -4.151601
1.050000, 0.750000, -4.332416
1.100000, 0.750000, -4.511149
1.150000, 0.750000, -4.685030
1.200000, 0.750000, -4.851649
1.250000, 0.750000, -5.009045
1.300000, 0.750000, -5.155770
1.350000, 0.750000, -5.290919
1.400000, 0.750000, -5.414140
1.450000, 0.750000, -5.525603
1.500000, 0.750000, -5.625952
1.550000, 0.750000, -5.716226
1.600000, 0.750000, -5.797768
1.650000, 0.750000, -5.872110
1.700000, 0.750000, -5.940867
1.750000, 0.750000, -6.005614
1.800000, 0.750000, -6.067784
1.850000, 0.750000, -6.128569
1.900000, 0.750000, -6.188845
1.950000, 0.750000, -6.249116
2.000000, 0.750000, -6.309489
0.000000, 0.800000, -3.009488
0.050000, 0.800000, -2.998878
0.100000, 0.800000, -2.982542
0.150000, 0.800000, -2.963816
0.200000, 0.800000, -2.946221
0.250000, 0.800000, -2.933323
0.300000, 0.800000, -2.928583
0.350000, 0.800000, -2.935217
0.400000, 0.800000, -2.956056
0.450000, 0.800000, -2.993429
0.500000, 0.800000, -3.049063
0.550000, 0.800000, -3.124012
0.600000, 0.800000, -3.218620
0.650000, 0.800000, -3.332504
0.700000, 0.800000, -3.464588
0.750000, 0.800000, -3.613149
0.800000, 0.800000, -3.775910
0.850000, 0.800000, -3.950137
0.900000, 0.800000, -4.132774
0.950000, 0.800000, -4.320577
1.000000, 0.800000, -4.510254
1.050000, 0.800000, -4.698611
1.100000, 0.800000, -4.882676
1.150000, 0.800000, -5.059820
1.200000, 0.800000, -5.227847
1.250000, 0.800000, -5.385065
1.300000, 0.800000, -5.530323
1.350000, 0.800000, -5.663023
1.400000, 0.800000, -5.783100
1.450000, 0.800000, -5.890976
1.500000, 0.800000, -5.987493
1.550000, 0.800000, -6.073815
1.600000, 0.800000, -6.151334
1.650000, 0.800000, -6.221554
1.700000, 0.800000, -6.285980
1.750000, 0.800000, -6.346017
1.800000, 0.800000, -6.402870
1.850000, 0.800000, -6.457475
1.900000, 0.800000, -6.510439
1.950000, 0.800000, -6.562014
2.000000, 0.800000, -6.612094
0.000000, 0.850000, -3.183569
0.050000, 0.850000, -3.165108
0.100000, 0.850000, -3.143007
0.150000, 0.850000, -3.121062
0.200000, 0.850000, -3.103123
0.250000, 0.850000, -3.092943
0.300000, 0.850000, -3.094026
0.350000, 0.850000, -3.109485
0.400000, 0.850000, -3.141912
0.450000, 0.850000, -3.193276
0.500000, 0.850000, -3.264848
0.550000, 0.850000, -3.357148
0.600000, 0.850000, -3.469940
0.650000, 0.850000, -3.602250
0.700000, 0.850000, -3.752416
0.750000, 0.850000, -3.918176
0.800000, 0.850000, -4.096770
0.850000, 0.850000, -4.285072
0.900000, 0.850000, -4.479724
0.950000, 0.850000, -4.677289
1.000000, 0.850000, -4.874387
1.050000, 0.850000, -5.067839
1.100000, 0.850000, -5.254780
1.150000, 0.850000, -5.432766
1.200000, 0.850000, -5.599843
1.250000, 0.850000, -5.754598
1.300000, 0.850000, -5.896177
1.350000, 0.850000, -6.024266
1.400000, 0.850000, -6.139063
1.450000, 0.850000, -6.241204
1.500000, 0.850000, -6.331684
1.550000, 0.850000, -6.411760
1.600000, 0.850000, -6.482843
1.650000, 0.850000, -6.546390
1.700000, 0.850000, -6.603806
1.750000, 0.850000, -6.656343
1.800000, 0.850000, -6.705036
1.850000, 0.850000, -6.750637
1.900000, 0.850000, -6.793590
1.950000, 0.850000, -6.834025
2.000000, 0.850000, -6.871770
0.000000, 0.900000, -3.353908
0.050000, 0.900000, -3.329461
0.100000, 0.900000, -3.303730
0.150000, 0.900000, -3.280876
0.200000, 0.900000, -3.264979
0.250000, 0.900000, -3.259877
0.300000, 0.900000, -3.269013
0.350000, 0.900000, -3.295296
0.400000, 0.900000, -3.340994
0.450000, 0.900000, -3.407647
0.500000, 0.900000, -3.496010
0.550000, 0.900000, -3.606041
0.600000, 0.900000, -3.736914
0.650000, 0.900000, -3.887067
0.700000, 0.900000, -4.054287
0.750000, 0.900000, -4.235811
0.800000, 0.900000, -4.428460
0.850000, 0.900000, -4.628777
0.900000, 0.900000, -4.833176
0.950000, 0.900000, -5.038095
1.000000, 0.900000, -5.240134
1.050000, 0.900000, -5.436183
1.100000, 0.900000, -5.623531
1.150000, 0.900000, -5.799949
1.200000, 0.900000, -5.963744
1.250000, 0.900000, -6.113788
1.300000, 0.900000, -6.249509
1.350000, 0.900000, -6.370867
1.400000, 0.900000, -6.478293
1.450000, 0.900000, -6.572613
1.500000, 0.900000, -6.654958
1.550000, 0.900000, -6.726661
1.600000, 0.900000, -6.789154
1.650000, 0.900000, -6.843865
1.700000, 0.900000, -6.892133
1.750000, 0.900000, -6.935125
1.800000, 0.900000, -6.973782
1.850000, 0.900000, -7.008784
1.900000, 0.900000, -7.040536
1.950000, 0.900000, -7.069182
2.000000, 0.900000, -7.094641
0.000000, 0.950000, -3.522124
0.050000, 0.950000, -3.493797
0.100000, 0.950000, -3.466692
0.150000, 0.950000, -3.445244
0.200000, 0.950000, -3.433663
0.250000, 0.950000, -3.435773
0.300000, 0.950000, -3.454861
0.350000, 0.950000, -3.493556
0.400000, 0.950000, -3.553733
0.450000, 0.950000, -3.636451
0.500000, 0.950000, -3.741924
0.550000, 0.950000, -3.869535
0.600000, 0.950000, -4.017875
0.650000, 0.950000, -4.184825
0.700000, 0.950000, -4.367660
0.750000, 0.950000, -4.563176
0.800000, 0.950000, -4.767832
0.850000, 0.950000, -4.977910
0.900000, 0.950000, -5.189665
0.950000, 0.950000, -5.399470
1.000000, 0.950000, -5.603960
1.050000, 0.950000, -5.800144
1.100000, 0.950000, -5.985495
1.150000, 0.950000, -6.158023
1.200000, 0.950000, -6.316306
1.250000, 0.950000, -6.459498
1.300000, 0.950000, -6.587308
1.350000, 0.950000, -6.699953
1.400000, 0.950000, -6.798089
1.450000, 0.950000, -6.882725
1.500000, 0.950000, -6.955128
1.550000, 0.950000, -7.016723
1.600000, 0.950000, -7.068990
1.650000, 0.950000, -7.113381
1.700000, 0.950000, -7.151233
1.750000, 0.950000, -7.183714
1.800000, 0.950000, -7.211776
1.850000, 0.950000, -7.236143
1.900000, 0.950000, -7.257307
1.950000, 0.950000, -7.275559
2.000000, 0.950000, -7.291028
0.000000, 1.000000, -3.690169
0.050000, 1.000000, -3.660191
0.100000, 1.000000, -3.633972
0.150000, 1.000000, -3.616127
0.200000, 1.000000, -3.610903
0.250000, 1.000000, -3.622026
0.300000, 1.000000, -3.652554
0.350000, 1.000000, -3.704774
0.400000, 1.000000, -3.780124
0.450000, 1.000000, -3.879157
0.500000, 1.000000, -4.001538
0.550000, 1.000000, -4.146084
0.600000, 1.000000, -4.310834
0.650000, 1.000000, -4.493152
0.700000, 1.000000, -4.689853
0.750000, 1.000000, -4.897348
0.800000, 1.000000, -5.111805
0.850000, 1.000000, -5.329305
0.900000, 1.000000, -5.545999
0.950000, 1.000000, -5.758256
1.000000, 1.000000, -5.962788
1.050000, 1.000000, -6.156755
1.100000, 1.000000, -6.337843
1.150000, 1.000000, -6.504315
1.200000, 1.000000, -6.655025
1.250000, 1.000000, -6.789414
1.300000, 1.000000, -6.907470
1.350000, 1.000000, -7.009670
1.400000, 1.000000, -7.096900
1.450000, 1.000000, -7.170367
1.500000, 1.000000, -7.231501
1.550000, 1.000000, -7.281857
1.600000, 1.000000, -7.323024
1.650000, 1.000000, -7.356542
1.700000, 1.000000, -7.383839
1.750000, 1.000000, -7.406175
1.800000, 1.000000, -7.424623
1.850000, 1.000000, -7.440054
1.900000, 1.000000, -7.453151
1.950000, 1.000000, -7.464441
2.000000, 1.000000, -7.474337
0.000000, 1.050000, -3.860217
0.050000, 1.050000, -3.830817
0.100000, 1.050000, -3.807623
0.150000, 1.050000, -3.795342
0.200000, 1.050000, -3.798184
0.250000, 1.050000, -3.819707
0.300000, 1.050000, -3.862688
0.350000, 1.050000, -3.929035
0.400000, 1.050000, -4.019730
0.450000, 1.050000, -4.134816
0.500000, 1.050000, -4.273426
0.550000, 1.050000, -4.433839
0.600000, 1.050000, -4.613583
0.650000, 1.050000, -4.809554
0.700000, 1.050000, -5.018164
0.750000, 1.050000, -5.235503
0.800000, 1.050000, -5.457501
0.850000, 1.050000, -5.680096
0.900000, 1.050000, -5.899388
0.950000, 1.050000, -6.111779
1.000000, 1.050000, -6.314095
1.050000, 1.050000, -6.503673
1.100000, 1.050000, -6.678429
1.150000, 1.050000, -6.836890
1.200000, 1.050000, -6.978202
1.250000, 1.050000, -7.102098
1.300000, 1.050000, -7.208859
1.350000, 1.050000, -7.299237
1.400000, 1.050000, -7.374377
1.450000, 1.050000, -7.435720
1.500000, 1.050000, -7.484908
1.550000, 1.050000, -7.523690
1.600000, 1.050000, -7.553834
1.650000, 1.050000, -7.577055
1.700000, 1.050000, -7.594954
1.750000, 1.050000, -7.608977
1.800000, 1.050000, -7.620399
1.850000, 1.050000, -7.630312
1.900000, 1.050000, -7.639646
1.950000, 1.050000, -7.649194
2.000000, 1.050000, -7.659648
0.000000, 1.100000, -4.034540
0.050000, 1.100000, -4.007824
0.100000, 1.100000, -3.989557
0.150000, 1.100000, -3.984467
0.200000, 1.100000, -3.996664
0.250000, 1.100000, -4.029497
0.300000, 1.100000, -4.085434
0.350000, 1.100000, -4.165992
0.400000, 1.100000, -4.271701
0.450000, 1.100000, -4.402118
0.500000, 1.100000, -4.555869
0.550000, 1.100000, -4.730743
0.600000, 1.100000, -4.923805
0.650000, 1.100000, -5.131538
0.700000, 1.100000, -5.350008
0.750000, 1.100000, -5.575036
0.800000, 1.100000, -5.802366
0.850000, 1.100000, -6.027838
0.900000, 1.100000, -6.247536
0.950000, 1.100000, -6.457931
1.000000, 1.100000, -6.655983
1.050000, 1.100000, -6.839229
1.100000, 1.100000, -7.005829
1.150000, 1.100000, -7.154594
1.200000, 1.100000, -7.284972
1.250000, 1.100000, -7.397014
1.300000, 1.100000, -7.491319
1.350000, 1.100000, -7.568956
1.400000, 1.100000, -7.631371
1.450000, 1.100000, -7.680300
1.500000, 1.100000, -7.717661
1.550000, 1.100000, -7.745471
1.600000, 1.100000, -7.765756
1.650000, 1.100000, -7.780480
1.700000, 1.100000, -7.791493
1.750000, 1.100000, -7.800488
1.800000, 1.100000, -7.808980
1.850000, 1.100000, -7.818305
1.900000, 1.100000, -7.829621
1.950000, 1.100000, -7.843939
2.000000, 1.100000, -7.862143
0.000000, 1.150000, -4.215388
0.050000, 1.150000, -4.193224
0.100000, 1.150000, -4.181445
0.150000, 1.150000, -4.184749
0.200000, 1.150000, -4.207113
0.250000, 1.150000, -4.251655
0.300000, 1.150000, -4.320535
0.350000, 1.150000, -4.414891
0.400000, 1.150000, -4.534832
0.450000, 1.150000, -4.679461
0.500000, 1.150000, -4.846950
0.550000, 1.150000, -5.034644
0.600000, 1.150000, -5.239199
0.650000, 1.150000, -5.456741
0.700000, 1.150000, -5.683037
0.750000, 1.150000, -5.913683
0.800000, 1.150000, -6.144277
0.850000, 1.150000, -6.370589
0.900000, 1.150000, -6.588720
0.950000, 1.150000, -6.795225
1.000000, 1.150000, -6.987220
1.050000, 1.150000, -7.162457
1.100000, 1.150000, -7.319360
1.150000, 1.150000, -7.457045
1.200000, 1.150000, -7.575292
1.250000, 1.150000, -7.674508
1.300000, 1.150000, -7.755658
1.350000, 1.150000, -7.820178
1.400000, 1.150000, -7.869886
1.450000, 1.150000, -7.906877
1.500000, 1.150000, -7.933425
1.550000, 1.150000, -7.951886
1.600000, 1.150000, -7.964609
1.650000, 1.150000, -7.973865
1.700000, 1.150000, -7.981788
1.750000, 1.150000, -7.990328
1.800000, 1.150000, -8.001225
1.850000, 1.150000, -8.016000
1.900000, 1.150000, -8.035948
1.950000, 1.150000, -8.062158
2.000000, 1.150000, -8.095523
0.000000, 1.200000, -4.404865
0.050000, 1.200000, -4.388779
0.100000, 1.200000, -4.384626
0.150000, 1.200000, -4.397045
0.200000, 1.200000, -4.429873
0.250000, 1.200000, -4.486009
0.300000, 1.200000, -4.567325
0.350000, 1.200000, -4.674622
0.400000, 1.200000, -4.807628
0.450000, 1.200000, -4.965051
0.500000, 1.200000, -5.144660
0.550000, 1.200000, -5.343412
0.600000, 1.200000, -5.557604
0.650000, 1.200000, -5.783047
0.700000, 1.200000, -6.015251
0.750000, 1.200000, -6.249617
0.800000, 1.200000, -6.481619
0.850000, 1.200000, -6.706981
0.900000, 1.200000, -6.921830
0.950000, 1.200000, -7.122823
1.000000, 1.200000, -7.307245
1.050000, 1.200000, -7.473083
1.100000, 1.200000, -7.619052
1.150000, 1.200000, -7.744607
1.200000, 1.200000, -7.849906
1.250000, 1.200000, -7.935766
1.300000, 1.200000, -8.003579
1.350000, 1.200000, -8.055225
1.400000, 1.200000, -8.092965
1.450000, 1.200000, -8.119331
1.500000, 1.200000, -8.137020
1.550000, 1.200000, -8.148785
1.600000, 1.200000, -8.157337
1.650000, 1.200000, -8.165270
1.700000, 1.200000, -8.174982
1.750000, 1.200000, -8.188626
1.800000, 1.200000, -8.208075
1.850000, 1.200000, -8.234896
1.900000, 1.200000, -8.270343
1.950000, 1.200000, -8.315360
2.000000, 1.200000, -8.370594
0.000000, 1.250000, -4.604821
0.050000, 1.250000, -4.595913
0.100000, 1.250000, -4.600040
0.150000, 1.250000, -4.621781
0.200000, 1.250000, -4.664854
0.250000, 1.250000, -4.731974
0.300000, 1.250000, -4.824777
0.350000, 1.250000, -4.943782
0.400000, 1.250000, -5.088402
0.450000, 1.250000, -5.257006
0.500000, 1.250000, -5.447019
0.550000, 1.250000, -5.655059
0.600000, 1.250000, -5.877109
0.650000, 1.250000, -6.108695
0.700000, 1.250000, -6.345092
0.750000, 1.250000, -6.581521
0.800000, 1.250000, -6.813345
0.850000, 1.250000, -7.036245
0.900000, 1.250000, -7.246382
0.950000, 1.250000, -7.440523
1.000000, 1.250000, -7.616143
1.050000, 1.250000, -7.771488
1.100000, 1.250000, -7.905603
1.150000, 1.250000, -8.018332
1.200000, 1.250000, -8.110274
1.250000, 1.250000, -8.182727
1.300000, 1.250000, -8.237591
1.350000, 1.250000, -8.277270
1.400000, 1.250000, -8.304544
1.450000, 1.250000, -8.322453
1.500000, 1.250000, -8.334162
1.550000, 1.250000, -8.342848
1.600000, 1.250000, -8.351581
1.650000, 1.250000, -8.363228
1.700000, 1.250000, -8.380370
1.750000, 1.250000, -8.405234
1.800000, 1.250000, -8.439648
1.850000, 1.250000, -8.485009
1.900000, 1.250000, -8.542272
1.950000, 1.250000, -8.611952
2.000000, 1.250000, -8.694143
0.000000, 1.300000, -4.816763
0.050000, 1.300000, -4.815648
0.100000, 1.300000, -4.828189
0.150000, 1.300000, -4.858939
0.200000, 1.300000, -4.911541
0.250000, 1.300000, -4.988595
0.300000, 1.300000, -5.091568
0.350000, 1.300000, -5.220772
0.400000, 1.300000, -5.375373
0.450000, 1.300000, -5.553467
0.500000, 1.300000, -5.752186
0.550000, 1.300000, -5.967853
0.600000, 1.300000, -6.196158
0.650000, 1.300000, -6.432362
0.700000, 1.300000, -6.671509
0.750000, 1.300000, -6.908640
0.800000, 1.300000, -7.138997
0.850000, 1.300000, -7.358217
0.900000, 1.300000, -7.562497
0.950000, 1.300000, -7.748727
1.000000, 1.300000, -7.914593
1.050000, 1.300000, -8.058642
1.100000, 1.300000, -8.180302
1.150000, 1.300000, -8.279875
1.200000, 1.300000, -8.358481
1.250000, 1.300000, -8.417985
1.300000, 1.300000, -8.460885
1.350000, 1.300000, -8.490188
1.400000, 1.300000, -8.509265
1.450000, 1.300000, -8.521704
1.500000, 1.300000, -8.531157
1.550000, 1.300000, -8.541201
1.600000, 1.300000, -8.555196
1.650000, 1.300000, -8.576173
1.700000, 1.300000, -8.606731
1.750000, 1.300000, -8.648962
1.800000, 1.300000, -8.704399
1.850000, 1.300000, -8.773983
1.900000, 1.300000, -8.858063
1.950000, 1.300000, -8.956406
2.000000, 1.300000, -9.068237
0.000000, 1.350000, -5.041779
0.050000, 1.350000, -5.048553
0.100000, 1.350000, -5.069120
0.150000, 1.350000, -5.108068
0.200000, 1.350000, -5.169045
0.250000, 1.350000, -5.254614
0.300000, 1.350000, -5.366169
0.350000, 1.350000, -5.503894
0.400000, 1.350000, -5.666783
0.450000, 1.350000, -5.852715
0.500000, 1.350000, -6.058576
0.550000, 1.350000, -6.280412
0.600000, 1.350000, -6.513635
0.650000, 1.350000, -6.753233
0.700000, 1.350000, -6.994004
0.750000, 1.350000, -7.230789
0.800000, 1.350000, -7.458696
0.850000, 1.350000, -7.673307
0.900000, 1.350000, -7.870855
0.950000, 1.350000, -8.048371
1.000000, 1.350000, -8.203793
1.050000, 1.350000, -8.336020
1.100000, 1.350000, -8.444938
1.150000, 1.350000, -8.531395
1.200000, 1.350000, -8.597127
1.250000, 1.350000, -8.644663
1.300000, 1.350000, -8.677188
1.350000, 1.350000, -8.698383
1.400000, 1.350000, -8.712254
1.450000, 1.350000, -8.722947
1.500000, 1.350000, -8.734566
1.550000, 1.350000, -8.751002
1.600000, 1.350000, -8.775768
1.650000, 1.350000, -8.811869
1.700000, 1.350000, -8.861684
1.750000, 1.350000, -8.926892
1.800000, 1.350000, -9.008417
1.850000, 1.350000, -9.106421
1.900000, 1.350000, -9.220315
1.950000, 1.350000, -9.348812
2.000000, 1.350000, -9.490002
0.000000, 1.400000, -5.280499
0.050000, 1.400000, -5.294732
0.100000, 1.400000, -5.322439
0.150000, 1.400000, -5.368330
0.200000, 1.400000, -5.436157
0.250000, 1.400000, -5.528557
0.300000, 1.400000, -5.646943
0.350000, 1.400000, -5.791461
0.400000, 1.400000, -5.961002
0.450000, 1.400000, -6.153278
0.500000, 1.400000, -6.364947
0.550000, 1.400000, -6.591790
0.600000, 1.400000, -6.828922
0.650000, 1.400000, -7.071031
0.700000, 1.400000, -7.312637
0.750000, 1.400000, -7.548348
0.800000, 1.400000, -7.773112
0.850000, 1.400000, -7.982442
0.900000, 1.400000, -8.172619
0.950000, 1.400000, -8.340846
1.000000, 1.400000, -8.485362
1.050000, 1.400000, -8.605498
1.100000, 1.400000, -8.701693
1.150000, 1.400000, -8.775441
1.200000, 1.400000, -8.829205
1.250000, 1.400000, -8.866276
1.300000, 1.400000, -8.890604
1.350000, 1.400000, -8.906593
1.400000, 1.400000, -8.918891
1.450000, 1.400000, -8.932159
1.500000, 1.400000, -8.950857
1.550000, 1.400000, -8.979031
1.600000, 1.400000, -9.020138
1.650000, 1.400000, -9.076891
1.700000, 1.400000, -9.151144
1.750000, 1.400000, -9.243829
1.800000, 1.400000, -9.354921
1.850000, 1.400000, -9.483468
1.900000, 1.400000, -9.627646
1.950000, 1.400000, -9.784867
2.000000, 1.400000, -9.951914
0.000000, 1.450000, -5.533072
0.050000, 1.450000, -5.553833
0.100000, 1.450000, -5.587347
0.150000, 1.450000, -5.638557
0.200000, 1.450000, -5.711444
0.250000, 1.450000, -5.808830
0.300000, 1.450000, -5.932256
0.350000, 1.450000, -6.081911
0.400000, 1.450000, -6.256641
0.450000, 1.450000, -6.454021
0.500000, 1.450000, -6.670488
0.550000, 1.450000, -6.901531
0.600000, 1.450000, -7.141932
0.650000, 1.450000, -7.386029
0.700000, 1.450000, -7.628013
0.750000, 1.450000, -7.862215
0.800000, 1.450000, -8.083393
0.850000, 1.450000, -8.286987
0.900000, 1.450000, -8.469344
0.950000, 1.450000, -8.627887
1.000000, 1.450000, -8.761233
1.050000, 1.450000, -8.869245
1.100000, 1.450000, -8.953025
1.150000, 1.450000, -9.014837
1.200000, 1.450000, -9.057976
1.250000, 1.450000, -9.086589
1.300000, 1.450000, -9.105446
1.350000, 1.450000, -9.119690
1.400000, 1.450000, -9.134564
1.450000, 1.450000, -9.155140
1.500000, 1.450000, -9.186062
1.550000, 1.450000, -9.231305
1.600000, 1.450000, -9.293979
1.650000, 1.450000, -9.376180
1.700000, 1.450000, -9.478886
1.750000, 1.450000, -9.601923
1.800000, 1.450000, -9.743984
1.850000, 1.450000, -9.902708
1.900000, 1.450000, -10.074814
1.950000, 1.450000, -10.256283
2.000000, 1.450000, -10.442570
0.000000, 1.500000, -5.799176
0.050000, 1.500000, -5.825088
0.100000, 1.500000, -5.862704
0.150000, 1.500000, -5.917340
0.200000, 1.500000, -5.993336
0.250000, 1.500000, -6.093827
0.300000, 1.500000, -6.220581
0.350000, 1.500000, -6.373906
0.400000, 1.500000, -6.552642
0.450000, 1.500000, -6.754233
0.500000, 1.500000, -6.974869
0.550000, 1.500000, -7.209702
0.600000, 1.500000, -7.453114
0.650000, 1.500000, -7.699026
0.700000, 1.500000, -7.941232
0.750000, 1.500000, -8.173736
0.800000, 1.500000, -8.391081
0.850000, 1.500000, -8.588639
0.900000, 1.500000, -8.762861
0.950000, 1.500000, -8.911462
1.000000, 1.500000, -9.033538
1.050000, 1.500000, -9.129606
1.100000, 1.500000, -9.201559
1.150000, 1.500000, -9.252557
1.200000, 1.500000, -9.286837
1.250000, 1.500000, -9.309471
1.300000, 1.500000, -9.326072
1.350000, 1.500000, -9.342481
1.400000, 1.500000, -9.364433
1.450000, 1.500000, -9.397234
1.500000, 1.500000, -9.445466
1.550000, 1.500000, -9.512730
1.600000, 1.500000, -9.601444
1.650000, 1.500000, -9.712714
1.700000, 1.500000, -9.846274
1.750000, 1.500000, -10.000503
1.800000, 1.500000, -10.172523
1.850000, 1.500000, -10.358366
1.900000, 1.500000, -10.553197
1.950000, 1.500000, -10.751597
2.000000, 1.500000, -10.947870
0.000000, 1.550000, -6.078057
0.050000, 1.550000, -6.107370
0.100000, 1.550000, -6.147112
0.150000, 1.550000, -6.203119
0.200000, 1.550000, -6.280238
0.250000, 1.550000, -6.382040
0.300000, 1.550000, -6.510609
0.350000, 1.550000, -6.666430
0.400000, 1.550000, -6.848353
0.450000, 1.550000, -7.053668
0.500000, 1.550000, -7.278268
0.550000, 1.550000, -7.516890
0.600000, 1.550000, -7.763426
0.650000, 1.550000, -8.011292
0.700000, 1.550000, -8.253811
0.750000, 1.550000, -8.484612
0.800000, 1.550000, -8.698004
0.850000, 1.550000, -8.889316
0.900000, 1.550000, -9.055164
0.950000, 1.550000, -9.193657
1.000000, 1.550000, -9.304495
1.050000, 1.550000, -9.388988
1.100000, 1.550000, -9.449970
1.150000, 1.550000, -9.491618
1.200000, 1.550000, -9.519202
1.250000, 1.550000, -9.538757
1.300000, 1.550000, -9.556717
1.350000, 1.550000, -9.579518
1.400000, 1.550000, -9.613208
1.450000, 1.550000, -9.663078
1.500000, 1.550000, -9.733330
1.550000, 1.550000, -9.826828
1.600000, 1.550000, -9.944911
1.650000, 1.550000, -10.087311
1.700000, 1.550000, -10.252166
1.750000, 1.550000, -10.436126
1.800000, 1.550000, -10.634557
1.850000, 1.550000, -10.841815
1.900000, 1.550000, -11.051592
1.950000, 1.550000, -11.257302
2.000000, 1.550000, -11.452479
0.000000, 1.600000, -6.368589
0.050000, 1.600000, -6.399279
0.100000, 1.600000, -6.439007
0.150000, 1.600000, -6.494295
0.200000, 1.600000, -6.570639
0.250000, 1.600000, -6.672158
0.300000, 1.600000, -6.801336
0.350000, 1.600000, -6.958861
0.400000, 1.600000, -7.143582
0.450000, 1.600000, -7.352586
0.500000, 1.600000, -7.581379
0.550000, 1.600000, -7.824179
0.600000, 1.600000, -8.074282
0.650000, 1.600000, -8.324494
0.700000, 1.600000, -8.567592
0.750000, 1.600000, -8.796786
0.800000, 1.600000, -9.006156
0.850000, 1.600000, -9.191031
0.900000, 1.600000, -9.348289
0.950000, 1.600000, -9.476557
1.000000, 1.600000, -9.576294
1.050000, 1.600000, -9.649765
1.100000, 1.600000, -9.700887
1.150000, 1.600000, -9.734973
1.200000, 1.600000, -9.758387
1.250000, 1.600000, -9.778123
1.300000, 1.600000, -9.801344
1.350000, 1.600000, -9.834917
1.400000, 1.600000, -9.884948
1.450000, 1.600000, -9.956385
1.500000, 1.600000, -10.052677
1.550000, 1.600000, -10.175543
1.600000, 1.600000, -10.324843
1.650000, 1.600000, -10.498577
1.700000, 1.600000, -10.692997
1.750000, 1.600000, -10.902848
1.800000, 1.600000, -11.121694
1.850000, 1.600000, -11.342332
1.900000, 1.600000, -11.557262
1.950000, 1.600000, -11.759174
2.000000, 1.600000, -11.941432
0.000000, 1.650000, -6.669355
0.050000, 1.650000, -6.699235
0.100000, 1.650000, -6.736772
0.150000, 1.650000, -6.789336
0.200000, 1.650000, -6.863211
0.250000, 1.650000, -6.963167
0.300000, 1.650000, -7.092139
0.350000, 1.650000, -7.251024
0.400000, 1.650000, -7.438627
0.450000, 1.650000, -7.651741
0.500000, 1.650000, -7.885374
0.550000, 1.650000, -8.133092
0.600000, 1.650000, -8.387468
0.650000, 1.650000, -8.640593
0.700000, 1.650000, -8.884622
0.750000, 1.650000, -9.112323
0.800000, 1.650000, -9.317570
0.850000, 1.650000, -9.495774
0.900000, 1.650000, -9.644196
0.950000, 1.650000, -9.762142
1.000000, 1.650000, -9.851008
1.050000, 1.650000, -9.914181
1.100000, 1.650000, -9.956806
1.150000, 1.650000, -9.985425
1.200000, 1.650000, -10.007515
1.250000, 1.650000, -10.030965
1.300000, 1.650000, -10.063516
1.350000, 1.650000, -10.112212
1.400000, 1.650000, -10.182895
1.450000, 1.650000, -10.279780
1.500000, 1.650000, -10.405142
1.550000, 1.650000, -10.559138
1.600000, 1.650000, -10.739771
1.650000, 1.650000, -10.943010
1.700000, 1.650000, -11.163047
1.750000, 1.650000, -11.392688
1.800000, 1.650000, -11.623835
1.850000, 1.650000, -11.848049
1.900000, 1.650000, -12.057131
1.950000, 1.650000, -12.243701
2.000000, 1.650000, -12.401723
0.000000, 1.700000, -6.978745
0.050000, 1.700000, -7.005586
0.100000, 1.700000, -7.038839
0.150000, 1.700000, -7.086879
0.200000, 1.700000, -7.156904
0.250000, 1.700000, -7.254418
0.300000, 1.700000, -7.382831
0.350000, 1.700000, -7.543223
0.400000, 1.700000, -7.734272
0.450000, 1.700000, -7.952360
0.500000, 1.700000, -8.191851
0.550000, 1.700000, -8.445510
0.600000, 1.700000, -8.705047
0.650000, 1.700000, -8.961729
0.700000, 1.700000, -9.207035
0.750000, 1.700000, -9.433281
0.800000, 1.700000, -9.634198
0.850000, 1.700000, -9.805391
0.900000, 1.700000, -9.944666
0.950000, 1.700000, -10.052196
1.000000, 1.700000, -10.130506
1.050000, 1.700000, -10.184281
1.100000, 1.700000, -10.220021
1.150000, 1.700000, -10.245549
1.200000, 1.700000, -10.269428
1.250000, 1.700000, -10.300308
1.300000, 1.700000, -10.346275
1.350000, 1.700000, -10.414229
1.400000, 1.700000, -10.509350
1.450000, 1.700000, -10.634687
1.500000, 1.700000, -10.790903
1.550000, 1.700000, -10.976195
1.600000, 1.700000, -11.186394
1.650000, 1.700000, -11.415249
1.700000, 1.700000, -11.654863
1.750000, 1.700000, -11.896256
1.800000, 1.700000, -12.130020
1.850000, 1.700000, -12.347010
1.900000, 1.700000, -12.539027
1.950000, 1.700000, -12.699442
2.000000, 1.700000, -12.823712
0.000000, 1.750000, -7.295063
0.050000, 1.750000, -7.316720
0.100000, 1.750000, -7.343797
0.150000, 1.750000, -7.385826
0.200000, 1.750000, -7.451025
0.250000, 1.750000, -7.545685
0.300000, 1.750000, -7.673689
0.350000, 1.750000, -7.836235
0.400000, 1.750000, -8.031760
0.450000, 1.750000, -8.256083
0.500000, 1.750000, -8.502753
0.550000, 1.750000, -8.763569
0.600000, 1.750000, -9.029233
0.650000, 1.750000, -9.290095
0.700000, 1.750000, -9.536913
0.750000, 1.750000, -9.761586
0.800000, 1.750000, -9.957792
0.850000, 1.750000, -10.121485
0.900000, 1.750000, -10.251215
0.950000, 1.750000, -10.348234
1.000000, 1.750000, -10.416400
1.050000, 1.750000, -10.461862
1.100000, 1.750000, -10.492572
1.150000, 1.750000, -10.517646
1.200000, 1.750000, -10.546630
1.250000, 1.750000, -10.588729
1.300000, 1.750000, -10.652064
1.350000, 1.750000, -10.742994
1.400000, 1.750000, -10.865592
1.450000, 1.750000, -11.021282
1.500000, 1.750000, -11.208690
1.550000, 1.750000, -11.423712
1.600000, 1.750000, -11.659802
1.650000, 1.750000, -11.908447
1.700000, 1.750000, -12.159813
1.750000, 1.750000, -12.403501
1.800000, 1.750000, -12.629351
1.850000, 1.750000, -12.828248
1.900000, 1.750000, -12.992854
1.950000, 1.750000, -13.118216
2.000000, 1.750000, -13.202198
0.000000, 1.800000, -7.616635
0.050000, 1.800000, -7.631164
0.100000, 1.800000, -7.650487
0.150000, 1.800000, -7.685419
0.200000, 1.800000, -7.745289
0.250000, 1.800000, -7.837195
0.300000, 1.800000, -7.965456
0.350000, 1.800000, -8.131287
0.400000, 1.800000, -8.332736
0.450000, 1.800000, -8.564881
0.500000, 1.800000, -8.820264
0.550000, 1.800000, -9.089540
0.600000, 1.800000, -9.362269
0.650000, 1.800000, -9.627801
0.700000, 1.800000, -9.876167
0.750000, 1.800000, -10.098911
0.800000, 1.800000, -10.289801
0.850000, 1.800000, -10.445333
0.900000, 1.800000, -10.565027
0.950000, 1.800000, -10.651452
1.000000, 1.800000, -10.710003
1.050000, 1.800000, -10.748439
1.100000, 1.800000, -10.776220
1.150000, 1.800000, -10.803699
1.200000, 1.800000, -10.841235
1.250000, 1.800000, -10.898299
1.300000, 1.800000, -10.982656
1.350000, 1.800000, -11.099675
1.400000, 1.800000, -11.251840
1.450000, 1.800000, -11.438498
1.500000, 1.800000, -11.655866
1.550000, 1.800000, -11.897298
1.600000, 1.800000, -12.153803
1.650000, 1.800000, -12.414750
1.700000, 1.800000, -12.668733
1.750000, 1.800000, -12.904507
1.800000, 1.800000, -13.111921
1.850000, 1.800000, -13.282786
1.900000, 1.800000, -13.411583
1.950000, 1.800000, -13.495977
2.000000, 1.800000, -13.537070
0.000000, 1.850000, -7.941920
0.050000, 1.850000, -7.947686
0.100000, 1.850000, -7.958077
0.150000, 1.850000, -7.985302
0.200000, 1.850000, -8.039851
0.250000, 1.850000, -8.129628
0.300000, 1.850000, -8.259311
0.350000, 1.850000, -8.429998
0.400000, 1.850000, -8.639170
0.450000, 1.850000, -8.880955
0.500000, 1.850000, -9.146688
0.550000, 1.850000, -9.425703
0.600000, 1.850000, -9.706293
0.650000, 1.850000, -9.976753
0.700000, 1.850000, -10.226414
0.750000, 1.850000, -10.446582
0.800000, 1.850000, -10.631291
0.850000, 1.850000, -10.777820
0.900000, 1.850000, -10.886914
0.950000, 1.850000, -10.962704
1.000000, 1.850000, -11.012319
1.050000, 1.850000, -11.045238
1.100000, 1.850000, -11.072430
1.150000, 1.850000, -11.105359
1.200000, 1.850000, -11.154941
1.250000, 1.850000, -11.230545
1.300000, 1.850000, -11.339126
1.350000, 1.850000, -11.484564
1.400000, 1.850000, -11.667273
1.450000, 1.850000, -11.884108
1.500000, 1.850000, -12.128594
1.550000, 1.850000, -12.391442
1.600000, 1.850000, -12.661327
1.650000, 1.850000, -12.925850
1.700000, 1.850000, -13.172609
1.750000, 1.850000, -13.390289
1.800000, 1.850000, -13.569672
1.850000, 1.850000, -13.704480
1.900000, 1.850000, -13.791984
1.950000, 1.850000, -13.833313
2.000000, 1.850000, -13.833442
0.000000, 1.900000, -8.269605
0.050000, 1.900000, -8.265375
0.100000, 1.900000, -8.266125
0.150000, 1.900000, -8.285546
0.200000, 1.900000, -8.335315
0.250000, 1.900000, -8.424097
0.300000, 1.900000, -8.556820
0.350000, 1.900000, -8.734304
0.400000, 1.900000, -8.953251
0.450000, 1.900000, -9.206621
0.500000, 1.900000, -9.484328
0.550000, 1.900000, -9.774217
0.600000, 1.900000, -10.063211
0.650000, 1.900000, -10.338532
0.700000, 1.900000, -10.588884
0.750000, 1.900000, -10.805491
0.800000, 1.900000, -10.982889
0.850000, 1.900000, -11.119407
0.900000, 1.900000, -11.217300
0.950000, 1.900000, -11.282502
1.000000, 1.900000, -11.324050
1.050000, 1.900000, -11.353206
1.100000, 1.900000, -11.382381
1.150000, 1.900000, -11.423942
1.200000, 1.900000, -11.489022
1.250000, 1.900000, -11.586442
1.300000, 1.900000, -11.721839
1.350000, 1.900000, -11.897092
1.400000, 1.900000, -12.110084
1.450000, 1.900000, -12.354848
1.500000, 1.900000, -12.622059
1.550000, 1.900000, -12.899853
1.600000, 1.900000, -13.174891
1.650000, 1.900000, -13.433565
1.700000, 1.900000, -13.663260
1.750000, 1.900000, -13.853529
1.800000, 1.900000, -13.997103
1.850000, 1.900000, -14.090617
1.900000, 1.900000, -14.135004
1.950000, 1.900000, -14.135499
2.000000, 1.900000, -14.101266
0.000000, 1.950000, -8.598689
0.050000, 1.950000, -8.583699
0.100000, 1.950000, -8.574614
0.150000, 1.950000, -8.586662
0.200000, 1.950000, -8.632703
0.250000, 1.950000, -8.722089
0.300000, 1.950000, -8.859860
0.350000, 1.950000, -9.046356
0.400000, 1.950000, -9.277278
0.450000, 1.950000, -9.544179
0.500000, 1.950000, -9.835349
0.550000, 1.950000, -10.136989
0.600000, 1.950000, -10.434580
0.650000, 1.950000, -10.714294
0.700000, 1.950000, -10.964333
0.750000, 1.950000, -11.176047
0.800000, 1.950000, -11.344749
0.850000, 1.950000, -11.470126
0.900000, 1.950000, -11.556231
0.950000, 1.950000, -11.611038
1.000000, 1.950000, -11.645624
1.050000, 1.950000, -11.673037
1.100000, 1.950000, -11.706983
1.150000, 1.950000, -11.760436
1.200000, 1.950000, -11.844323
1.250000, 1.950000, -11.966406
1.300000, 1.950000, -12.130466
1.350000, 1.950000, -12.335873
1.400000, 1.950000, -12.577589
1.450000, 1.950000, -12.846601
1.500000, 1.950000, -13.130743
1.550000, 1.950000, -13.415847
1.600000, 1.950000, -13.687087
1.650000, 1.950000, -13.930419
1.700000, 1.950000, -14.133958
1.750000, 1.950000, -14.289175
1.800000, 1.950000, -14.391780
1.850000, 1.950000, -14.442231
1.900000, 1.950000, -14.445783
1.950000, 1.950000, -14.412104
2.000000, 1.950000, -14.354452
0.000000, 2.000000, -8.928544
0.050000, 2.000000, -8.902541
0.100000, 2.000000, -8.883957
0.150000, 2.000000, -8.889579
0.200000, 2.000000, -8.933415
0.250000, 2.000000, -9.025400
0.300000, 2.000000, -9.170516
0.350000, 2.000000, -9.368408
0.400000, 2.000000, -9.613528
0.450000, 2.000000, -9.895789
0.500000, 2.000000, -10.201656
0.550000, 2.000000, -10.515562
0.600000, 2.000000, -10.821510
0.650000, 2.000000, -11.104696
0.700000, 2.000000, -11.352993
0.750000, 2.000000, -11.558144
0.800000, 2.000000, -11.716553
0.850000, 2.000000, -11.829595
0.900000, 2.000000, -11.903414
0.950000, 2.000000, -11.948231
1.000000, 2.000000, -11.977244
1.050000, 2.000000, -12.005216
1.100000, 2.000000, -12.046911
1.150000, 2.000000, -12.115525
1.200000, 2.000000, -12.221281
1.250000, 2.000000, -12.370322
1.300000, 2.000000, -12.564023
1.350000, 2.000000, -12.798788
1.400000, 2.000000, -13.066360
1.450000, 2.000000, -13.354613
1.500000, 2.000000, -13.648741
1.550000, 2.000000, -13.932748
1.600000, 2.000000, -14.191069
1.650000, 2.000000, -14.410166
1.700000, 2.000000, -14.579953
1.750000, 2.000000, -14.694882
1.800000, 2.000000, -14.754599
1.850000, 2.000000, -14.764085
1.900000, 2.000000, -14.733275
1.950000, 2.000000, -14.676176
2.000000, 2.000000, -14.609577
