0.000000, 0.000000, 1.224664
0.050000, 0.000000, 0.201701
0.100000, 0.000000, -0.412047
0.150000, 0.000000, -0.387361
0.200000, 0.000000, 0.271710
0.250000, 0.000000, 1.328067
0.300000, 0.000000, 2.400381
0.350000, 0.000000, 3.106665
0.400000, 0.000000, 3.207889
0.450000, 0.000000, 2.696904
0.500000, 0.000000, 1.798832
0.550000, 0.000000, 0.882915
0.600000, 0.000000, 0.319610
0.650000, 0.000000, 0.337608
0.700000, 0.000000, 0.935486
0.750000, 0.000000, 1.881788
0.800000, 0.000000, 2.803522
0.850000, 0.000000, 3.329282
0.900000, 0.000000, 3.232274
0.950000, 0.000000, 2.518559
1.000000, 0.000000, 1.426723
1.050000, 0.000000, 0.338973
1.100000, 0.000000, -0.362479
1.150000, 0.000000, -0.439051
1.200000, 0.000000, 0.115319
1.250000, 0.000000, 1.073839
1.300000, 0.000000, 2.065099
1.350000, 0.000000, 2.716111
1.400000, 0.000000, 2.795418
1.450000, 0.000000, 2.301596
1.500000, 0.000000, 1.463337
1.550000, 0.000000, 0.651096
1.600000, 0.000000, 0.234117
1.650000, 0.000000, 0.437523
1.700000, 0.000000, 1.254162
1.750000, 0.000000, 2.445005
1.800000, 0.000000, 3.628067
1.850000, 0.000000, 4.422016
1.900000, 0.000000, 4.589755
1.950000, 0.000000, 4.127235
2.000000, 0.000000, 3.263674
0.000000, 0.050000, 1.096391
0.050000, 0.050000, 0.136901
0.100000, 0.050000, -0.415913
0.150000, 0.050000, -0.334375
0.200000, 0.050000, 0.376146
0.250000, 0.050000, 1.477529
0.300000, 0.050000, 2.587771
0.350000, 0.050000, 3.324604
0.400000, 0.050000, 3.449116
0.450000, 0.050000, 2.954670
0.500000, 0.050000, 2.067270
0.550000, 0.050000, 1.157355
0.600000, 0.050000, 0.596826
0.650000, 0.050000, 0.615989
0.700000, 0.050000, 1.215116
0.750000, 0.050000, 2.164427
0.800000, 0.050000, 3.092499
0.850000, 0.050000, 3.629299
0.900000, 0.050000, 3.549130
0.950000, 0.050000, 2.858817
1.000000, 0.050000, 1.797331
1.050000, 0.050000, 0.746866
1.100000, 0.050000, 0.089218
1.150000, 0.050000, 0.062180
1.200000, 0.050000, 0.670685
1.250000, 0.050000, 1.686540
1.300000, 0.050000, 2.736741
1.350000, 0.050000, 3.446593
1.400000, 0.050000, 3.582915
1.450000, 0.050000, 3.142644
1.500000, 0.050000, 2.352997
1.550000, 0.050000, 1.583205
1.600000, 0.050000, 1.201603
1.650000, 0.050000, 1.432774
1.700000, 0.050000, 2.269420
1.750000, 0.050000, 3.472769
1.800000, 0.050000, 4.661480
1.850000, 0.050000, 5.455220
1.900000, 0.050000, 5.618183
1.950000, 0.050000, 5.147836
2.000000, 0.050000, 4.275056
0.000000, 0.100000, 0.878963
0.050000, 0.100000, -0.019592
0.100000, 0.100000, -0.515635
0.150000, 0.100000, -0.382900
0.200000, 0.100000, 0.372124
0.250000, 0.100000, 1.510551
0.300000, 0.100000, 2.650002
0.350000, 0.100000, 3.408235
0.400000, 0.100000, 3.546764
0.450000, 0.100000, 3.059744
0.500000, 0.100000, 2.174288
0.550000, 0.100000, 1.262199
0.600000, 0.100000, 0.696910
0.650000, 0.100000, 0.710343
0.700000, 0.100000, 1.304373
0.750000, 0.100000, 2.250714
0.800000, 0.100000, 3.179249
0.850000, 0.100000, 3.720977
0.900000, 0.100000, 3.650902
0.950000, 0.100000, 2.976180
1.000000, 0.100000, 1.935713
1.050000, 0.100000, 0.911233
1.100000, 0.100000, 0.283699
1.150000, 0.100000, 0.289737
1.200000, 0.100000, 0.932846
1.250000, 0.100000, 1.983207
1.300000, 0.100000, 3.066084
1.350000, 0.100000, 3.805040
1.400000, 0.100000, 3.965239
1.450000, 0.100000, 3.542132
1.500000, 0.100000, 2.761710
1.550000, 0.100000, 1.992296
1.600000, 0.100000, 1.601693
1.650000, 0.100000, 1.814348
1.700000, 0.100000, 2.623238
1.750000, 0.100000, 3.790260
1.800000, 0.100000, 4.935098
1.850000, 0.100000, 5.678745
1.900000, 0.100000, 5.786953
1.950000, 0.100000, 5.258889
2.000000, 0.100000, 4.327184
0.000000, 0.150000, 0.610017
0.050000, 0.150000, -0.231687
0.100000, 0.150000, -0.676533
0.150000, 0.150000, -0.499564
0.200000, 0.150000, 0.291781
0.250000, 0.150000, 1.458056
0.300000, 0.150000, 2.616736
0.350000, 0.150000, 3.385834
0.400000, 0.150000, 3.527495
0.450000, 0.150000, 3.036837
0.500000, 0.150000, 2.142197
0.550000, 0.150000, 1.216786
0.600000, 0.150000, 0.635545
0.650000, 0.150000, 0.631900
0.700000, 0.150000, 1.209144
0.750000, 0.150000, 2.140232
0.800000, 0.150000, 3.056037
0.850000, 0.150000, 3.588233
0.900000, 0.150000, 3.512148
0.950000, 0.150000, 2.834882
1.000000, 0.150000, 1.794908
1.050000, 0.150000, 0.773175
1.100000, 0.150000, 0.149548
1.150000, 0.150000, 0.159313
1.200000, 0.150000, 0.804457
1.250000, 0.150000, 1.853561
1.300000, 0.150000, 2.930303
1.350000, 0.150000, 3.656758
1.400000, 0.150000, 3.796798
1.450000, 0.150000, 3.344853
1.500000, 0.150000, 2.526229
1.550000, 0.150000, 1.708955
1.600000, 0.150000, 1.260952
1.650000, 0.150000, 1.407209
1.700000, 0.150000, 2.141647
1.750000, 0.150000, 3.227476
1.800000, 0.150000, 4.286004
1.850000, 0.150000, 4.940083
1.900000, 0.150000, 4.957476
1.950000, 0.150000, 4.339417
2.000000, 0.150000, 3.320566
0.000000, 0.200000, 0.342629
0.050000, 0.200000, -0.447625
0.100000, 0.200000, -0.847967
0.150000, 0.200000, -0.634677
0.200000, 0.200000, 0.183972
0.250000, 0.200000, 1.368127
0.300000, 0.200000, 2.535272
0.350000, 0.200000, 3.303828
0.400000, 0.200000, 3.436710
0.450000, 0.200000, 2.930091
0.500000, 0.200000, 2.013588
0.550000, 0.200000, 1.061820
0.600000, 0.200000, 0.451178
0.650000, 0.200000, 0.416493
0.700000, 0.200000, 0.962326
0.750000, 0.200000, 1.862697
0.800000, 0.200000, 2.749271
0.850000, 0.200000, 3.254207
0.900000, 0.200000, 3.152987
0.950000, 0.200000, 2.452531
1.000000, 0.200000, 1.390819
1.050000, 0.200000, 0.348037
1.100000, 0.200000, -0.296925
1.150000, 0.200000, -0.309897
1.200000, 0.200000, 0.309938
1.250000, 0.200000, 1.330023
1.300000, 0.200000, 2.373020
1.350000, 0.200000, 3.060197
1.400000, 0.200000, 3.154897
1.450000, 0.200000, 2.651363
1.500000, 0.200000, 1.775101
1.550000, 0.200000, 0.894745
1.600000, 0.200000, 0.379225
1.650000, 0.200000, 0.454924
1.700000, 0.200000, 1.117500
1.750000, 0.200000, 2.132175
1.800000, 0.200000, 3.122464
1.850000, 0.200000, 3.713536
1.900000, 0.200000, 3.675475
1.950000, 0.200000, 3.011742
2.000000, 0.200000, 1.959028
0.000000, 0.250000, 0.133093
0.050000, 0.250000, -0.612136
0.100000, 0.250000, -0.975434
0.150000, 0.250000, -0.734295
0.200000, 0.250000, 0.102233
0.250000, 0.250000, 1.293972
0.300000, 0.250000, 2.458516
0.350000, 0.250000, 3.214802
0.400000, 0.250000, 3.326605
0.450000, 0.250000, 2.791247
0.500000, 0.250000, 1.839687
0.550000, 0.250000, 0.848011
0.600000, 0.250000, 0.194100
0.650000, 0.250000, 0.114222
0.700000, 0.250000, 0.614245
0.750000, 0.250000, 1.469304
0.800000, 0.250000, 2.311943
0.850000, 0.250000, 2.774932
0.900000, 0.250000, 2.634092
0.950000, 0.250000, 1.896418
1.000000, 0.250000, 0.799736
1.050000, 0.250000, -0.276106
1.100000, 0.250000, -0.952679
1.150000, 0.250000, -0.996326
1.200000, 0.250000, -0.406722
1.250000, 0.250000, 0.583182
1.300000, 0.250000, 1.595820
1.350000, 0.250000, 2.252461
1.400000, 0.250000, 2.316722
1.450000, 0.250000, 1.783424
1.500000, 0.250000, 0.878961
1.550000, 0.250000, -0.026843
1.600000, 0.250000, -0.563597
1.650000, 0.250000, -0.503242
1.700000, 0.250000, 0.151703
1.750000, 0.250000, 1.168346
1.800000, 0.250000, 2.172054
1.850000, 0.250000, 2.789720
1.900000, 0.250000, 2.792916
1.950000, 0.250000, 2.186268
2.000000, 0.250000, 1.207223
0.000000, 0.300000, 0.027770
0.050000, 0.300000, -0.679530
0.100000, 0.300000, -1.013620
0.150000, 0.300000, -0.753252
0.200000, 0.300000, 0.091741
0.250000, 0.300000, 1.280879
0.300000, 0.300000, 2.431927
0.350000, 0.300000, 3.164424
0.400000, 0.300000, 3.243129
0.450000, 0.300000, 2.666655
0.500000, 0.300000, 1.667492
0.550000, 0.300000, 0.623397
0.600000, 0.300000, -0.086005
0.650000, 0.300000, -0.222722
0.700000, 0.300000, 0.220754
0.750000, 0.300000, 1.021054
0.800000, 0.300000, 1.812027
0.850000, 0.300000, 2.227533
0.900000, 0.300000, 2.044253
0.950000, 0.300000, 1.269823
1.000000, 0.300000, 0.142508
1.050000, 0.300000, -0.957572
1.100000, 0.300000, -1.651841
1.150000, 0.300000, -1.706574
1.200000, 0.300000, -1.121403
1.250000, 0.300000, -0.129221
1.300000, 0.300000, 0.892524
1.350000, 0.300000, 1.565303
1.400000, 0.300000, 1.653037
1.450000, 0.300000, 1.150952
1.500000, 0.300000, 0.285935
1.550000, 0.300000, -0.571640
1.600000, 0.300000, -1.050824
1.650000, 0.300000, -0.923047
1.700000, 0.300000, -0.190431
1.750000, 0.300000, 0.914343
1.800000, 0.300000, 2.016602
1.850000, 0.300000, 2.742868
1.900000, 0.300000, 2.863966
1.950000, 0.300000, 2.383350
2.000000, 0.300000, 1.536841
0.000000, 0.350000, 0.051952
0.050000, 0.350000, -0.624799
0.100000, 0.350000, -0.937488
0.150000, 0.350000, -0.666257
0.200000, 0.350000, 0.178196
0.250000, 0.350000, 1.355063
0.300000, 0.350000, 2.482322
0.350000, 0.350000, 3.180238
0.400000, 0.350000, 3.214755
0.450000, 0.350000, 2.586076
0.500000, 0.350000, 1.528592
0.550000, 0.350000, 0.422202
0.600000, 0.350000, -0.351193
0.650000, 0.350000, -0.551271
0.700000, 0.350000, -0.168233
0.750000, 0.350000, 0.576730
0.800000, 0.350000, 1.319459
0.850000, 0.350000, 1.695574
0.900000, 0.350000, 1.483237
0.950000, 0.350000, 0.691264
1.000000, 0.350000, -0.441217
1.050000, 0.350000, -1.533536
1.100000, 0.350000, -2.206873
1.150000, 0.350000, -2.227545
1.200000, 0.350000, -1.595494
1.250000, 0.350000, -0.544160
1.300000, 0.350000, 0.548245
1.350000, 0.350000, 1.302234
1.400000, 0.350000, 1.480598
1.450000, 0.350000, 1.077275
1.500000, 0.350000, 0.317709
1.550000, 0.350000, -0.429311
1.600000, 0.350000, -0.794566
1.650000, 0.350000, -0.551356
1.700000, 0.350000, 0.296186
1.750000, 0.350000, 1.513228
1.800000, 0.350000, 2.722825
1.850000, 0.350000, 3.549118
1.900000, 0.350000, 3.760475
1.950000, 0.350000, 3.357855
2.000000, 0.350000, 2.574602
0.000000, 0.400000, 0.203205
0.050000, 0.400000, -0.450258
0.100000, 0.400000, -0.748930
0.150000, 0.400000, -0.474567
0.200000, 0.400000, 0.361106
0.250000, 0.400000, 1.516895
0.300000, 0.400000, 2.611056
0.350000, 0.400000, 3.264784
0.400000, 0.400000, 3.245573
0.450000, 0.400000, 2.555719
0.500000, 0.400000, 1.432169
0.550000, 0.400000, 0.257721
0.600000, 0.400000, -0.582602
0.650000, 0.400000, -0.845265
0.700000, 0.400000, -0.517304
0.750000, 0.400000, 0.183074
0.800000, 0.400000, 0.894391
0.850000, 0.400000, 1.254528
0.900000, 0.400000, 1.043393
0.950000, 0.400000, 0.270964
1.000000, 0.400000, -0.823116
1.050000, 0.400000, -1.858330
1.100000, 0.400000, -2.456689
1.150000, 0.400000, -2.386002
1.200000, 0.400000, -1.648320
1.250000, 0.400000, -0.479749
1.300000, 0.400000, 0.738354
1.350000, 0.400000, 1.622971
1.400000, 0.400000, 1.933084
1.450000, 0.400000, 1.658656
1.500000, 0.400000, 1.021115
1.550000, 0.400000, 0.385308
1.600000, 0.400000, 0.116711
1.650000, 0.400000, 0.438595
1.700000, 0.400000, 1.343822
1.750000, 0.400000, 2.595080
1.800000, 0.400000, 3.813549
1.850000, 0.400000, 4.622186
1.900000, 0.400000, 4.788913
1.950000, 0.400000, 4.315022
2.000000, 0.400000, 3.434992
0.000000, 0.450000, 0.450716
0.050000, 0.450000, -0.186208
0.100000, 0.450000, -0.477455
0.150000, 0.450000, -0.206729
0.200000, 0.450000, 0.612983
0.250000, 0.450000, 1.740032
0.300000, 0.450000, 2.793078
0.350000, 0.450000, 3.394600
0.400000, 0.450000, 3.314215
0.450000, 0.450000, 2.557098
0.500000, 0.450000, 1.363699
0.550000, 0.450000, 0.120770
0.600000, 0.450000, -0.782459
0.650000, 0.450000, -1.098221
0.700000, 0.450000, -0.809523
0.750000, 0.450000, -0.130976
0.800000, 0.450000, 0.578885
0.850000, 0.450000, 0.960045
0.900000, 0.450000, 0.793526
0.950000, 0.450000, 0.089308
1.000000, 0.450000, -0.914113
1.050000, 0.450000, -1.838537
1.100000, 0.450000, -2.309399
1.150000, 0.450000, -2.098924
1.200000, 0.450000, -1.214410
1.250000, 0.450000, 0.102166
1.300000, 0.450000, 1.463204
1.350000, 0.450000, 2.479342
1.400000, 0.450000, 2.903408
1.450000, 0.450000, 2.719689
1.500000, 0.450000, 2.144694
1.550000, 0.450000, 1.539360
1.600000, 0.450000, 1.266483
1.650000, 0.450000, 1.548043
1.700000, 0.450000, 2.377120
1.750000, 0.450000, 3.518173
1.800000, 0.450000, 4.595687
1.850000, 0.450000, 5.237367
1.900000, 0.450000, 5.217179
1.950000, 0.450000, 4.543537
2.000000, 0.450000, 3.458850
0.000000, 0.500000, 0.740842
0.050000, 0.500000, 0.114590
0.100000, 0.500000, -0.174712
0.150000, 0.500000, 0.086829
0.200000, 0.500000, 0.884678
0.250000, 0.500000, 1.976672
0.300000, 0.500000, 2.982113
0.350000, 0.500000, 3.525315
0.400000, 0.500000, 3.378864
0.450000, 0.500000, 2.551898
0.500000, 0.500000, 1.289604
0.550000, 0.500000, -0.016043
0.600000, 0.500000, -0.970449
0.650000, 0.500000, -1.320707
0.700000, 0.500000, -1.045286
0.750000, 0.500000, -0.355221
0.800000, 0.500000, 0.393260
0.850000, 0.500000, 0.840928
0.900000, 0.500000, 0.767908
0.950000, 0.500000, 0.181539
1.000000, 0.500000, -0.684030
1.050000, 0.500000, -1.456488
1.100000, 0.500000, -1.768446
1.150000, 0.500000, -1.400240
1.200000, 0.500000, -0.367784
1.250000, 0.500000, 1.078312
1.300000, 0.500000, 2.542301
1.350000, 0.500000, 3.627673
1.400000, 0.500000, 4.081572
1.450000, 0.500000, 3.884478
1.500000, 0.500000, 3.251288
1.550000, 0.500000, 2.543729
1.600000, 0.500000, 2.127863
1.650000, 0.500000, 2.231354
1.700000, 0.500000, 2.855176
1.750000, 0.500000, 3.773558
1.800000, 0.500000, 4.622173
1.850000, 0.500000, 5.040776
1.900000, 0.500000, 4.815614
1.950000, 0.500000, 3.966952
2.000000, 0.500000, 2.747951
0.000000, 0.550000, 1.007730
0.050000, 0.550000, 0.387480
0.100000, 0.550000, 0.096003
0.150000, 0.550000, 0.344224
0.200000, 0.550000, 1.115715
0.250000, 0.550000, 2.167801
0.300000, 0.550000, 3.120824
0.350000, 0.550000, 3.601730
0.400000, 0.550000, 3.387220
0.450000, 0.550000, 2.491774
0.500000, 0.550000, 1.166762
0.550000, 0.550000, -0.189298
0.600000, 0.550000, -1.175458
0.650000, 0.550000, -1.533223
0.700000, 0.550000, -1.236784
0.750000, 0.550000, -0.494683
0.800000, 0.550000, 0.337190
0.850000, 0.550000, 0.897578
0.900000, 0.550000, 0.962166
0.950000, 0.550000, 0.531584
1.000000, 0.550000, -0.168662
1.050000, 0.550000, -0.776353
1.100000, 0.550000, -0.934991
1.150000, 0.550000, -0.435868
1.200000, 0.550000, 0.694869
1.250000, 0.550000, 2.197887
1.300000, 0.550000, 3.670939
1.350000, 0.550000, 4.713845
1.400000, 0.550000, 5.073336
1.450000, 0.550000, 4.732965
1.500000, 0.550000, 3.914176
1.550000, 0.550000, 2.988464
1.600000, 0.550000, 2.334390
1.650000, 0.550000, 2.194149
1.700000, 0.550000, 2.584395
1.750000, 0.550000, 3.295194
1.800000, 0.550000, 3.977158
1.850000, 0.550000, 4.283041
1.900000, 0.550000, 4.009199
1.950000, 0.550000, 3.182311
2.000000, 0.550000, 2.057676
0.000000, 0.600000, 1.186740
0.050000, 0.600000, 0.569266
0.100000, 0.600000, 0.273029
0.150000, 0.600000, 0.505297
0.200000, 0.600000, 1.247388
0.250000, 0.600000, 2.256204
0.300000, 0.600000, 3.153736
0.350000, 0.600000, 3.570650
0.400000, 0.600000, 3.289212
0.450000, 0.600000, 2.330859
0.500000, 0.600000, 0.954671
0.550000, 0.600000, -0.433143
0.600000, 0.600000, -1.424787
0.650000, 0.600000, -1.756561
0.700000, 0.600000, -1.399801
0.750000, 0.600000, -0.563068
0.800000, 0.600000, 0.394580
0.850000, 0.600000, 1.105550
0.900000, 0.600000, 1.336328
0.950000, 0.600000, 1.076056
1.000000, 0.600000, 0.537291
1.050000, 0.600000, 0.068869
1.100000, 0.600000, 0.014597
1.150000, 0.600000, 0.572327
1.200000, 0.600000, 1.707955
1.250000, 0.600000, 3.157961
1.300000, 0.600000, 4.520294
1.350000, 0.600000, 5.399620
1.400000, 0.600000, 5.552069
1.450000, 0.600000, 4.974652
1.500000, 0.600000, 3.905478
1.550000, 0.600000, 2.734756
1.600000, 0.600000, 1.860411
1.650000, 0.600000, 1.543144
1.700000, 0.600000, 1.815734
1.750000, 0.600000, 2.480594
1.800000, 0.600000, 3.195748
1.850000, 0.600000, 3.615604
1.900000, 0.600000, 3.532030
1.950000, 0.600000, 2.961148
2.000000, 0.600000, 2.142196
0.000000, 0.650000, 1.227799
0.050000, 0.650000, 0.611490
0.100000, 0.650000, 0.309524
0.150000, 0.650000, 0.524714
0.200000, 0.650000, 1.235764
0.250000, 0.650000, 2.199387
0.300000, 0.650000, 3.040080
0.350000, 0.650000, 3.393633
0.400000, 0.650000, 3.049610
0.450000, 0.650000, 2.038158
0.500000, 0.650000, 0.627474
0.550000, 0.650000, -0.767848
0.600000, 0.650000, -1.733500
0.650000, 0.650000, -2.002165
0.700000, 0.650000, -1.545205
0.750000, 0.650000, -0.575260
0.800000, 0.650000, 0.540510
0.850000, 0.650000, 1.422864
0.900000, 0.650000, 1.823992
0.950000, 0.650000, 1.717354
1.000000, 0.650000, 1.299938
1.050000, 0.650000, 0.906723
1.100000, 0.650000, 0.870909
1.150000, 0.650000, 1.384303
1.200000, 0.650000, 2.412251
1.250000, 0.650000, 3.696629
1.300000, 0.650000, 4.846607
1.350000, 0.650000, 5.483204
1.400000, 0.650000, 5.382788
1.450000, 0.650000, 4.564809
1.500000, 0.650000, 3.290016
1.550000, 0.650000, 1.969342
1.600000, 0.650000, 1.017476
1.650000, 0.650000, 0.706149
1.700000, 0.650000, 1.072126
1.750000, 0.650000, 1.914060
1.800000, 0.650000, 2.878445
1.850000, 0.650000, 3.601121
1.900000, 0.650000, 3.849742
1.950000, 0.650000, 3.612565
2.000000, 0.650000, 3.099717
0.000000, 0.700000, 1.105820
0.050000, 0.700000, 0.490760
0.100000, 0.700000, 0.183696
0.150000, 0.700000, 0.382100
0.200000, 0.700000, 1.061740
0.250000, 0.700000, 1.979553
0.300000, 0.700000, 2.763699
0.350000, 0.700000, 3.056814
0.400000, 0.700000, 2.657714
0.450000, 0.700000, 1.607000
0.500000, 0.700000, 0.183038
0.550000, 0.700000, -1.191265
0.600000, 0.700000, -2.096597
0.650000, 0.700000, -2.265062
0.700000, 0.700000, -1.672490
0.750000, 0.700000, -0.541028
0.800000, 0.700000, 0.748265
0.850000, 0.700000, 1.799144
0.900000, 0.700000, 2.345457
0.950000, 0.700000, 2.343076
1.000000, 0.700000, 1.974302
1.050000, 0.700000, 1.564309
1.100000, 0.700000, 1.442897
1.150000, 0.700000, 1.805777
1.200000, 0.700000, 2.629596
1.250000, 0.700000, 3.674179
1.300000, 0.700000, 4.571739
1.350000, 0.700000, 4.969200
1.400000, 0.700000, 4.669013
1.450000, 0.700000, 3.714035
1.500000, 0.700000, 2.383037
1.550000, 0.700000, 1.097331
1.600000, 0.700000, 0.272826
1.650000, 0.700000, 0.172727
1.700000, 0.700000, 0.815987
1.750000, 0.700000, 1.975652
1.800000, 0.700000, 3.267233
1.850000, 0.700000, 4.293314
1.900000, 0.700000, 4.789489
1.950000, 0.700000, 4.716648
2.000000, 0.700000, 4.265350
0.000000, 0.750000, 0.825942
0.050000, 0.750000, 0.213891
0.100000, 0.750000, -0.096142
0.150000, 0.750000, 0.087010
0.200000, 0.750000, 0.735932
0.250000, 0.750000, 1.608433
0.300000, 0.750000, 2.337820
0.350000, 0.750000, 2.575597
0.400000, 0.750000, 2.131913
0.450000, 0.750000, 1.059367
0.500000, 0.750000, -0.353077
0.550000, 0.750000, -1.675344
0.600000, 0.750000, -2.486043
0.650000, 0.750000, -2.521296
0.700000, 0.750000, -1.767207
0.750000, 0.750000, -0.461679
0.800000, 0.750000, 0.994659
0.850000, 0.750000, 2.184538
0.900000, 0.750000, 2.822114
0.950000, 0.750000, 2.847723
1.000000, 0.750000, 2.434764
1.050000, 0.750000, 1.907897
1.100000, 0.750000, 1.605557
1.150000, 0.750000, 1.740811
1.200000, 0.750000, 2.314780
1.250000, 0.750000, 3.116226
1.300000, 0.750000, 3.807361
1.350000, 0.750000, 4.062419
1.400000, 0.750000, 3.704857
1.450000, 0.750000, 2.789223
1.500000, 0.750000, 1.594687
1.550000, 0.750000, 0.531030
1.600000, 0.750000, -0.008454
1.650000, 0.750000, 0.208036
1.700000, 0.750000, 1.162774
1.750000, 0.750000, 2.591192
1.800000, 0.750000, 4.074910
1.850000, 0.750000, 5.190712
1.900000, 0.750000, 5.660051
1.950000, 0.750000, 5.443558
2.000000, 0.750000, 4.746009
0.000000, 0.800000, 0.422453
0.050000, 0.800000, -0.183259
0.100000, 0.800000, -0.492830
0.150000, 0.800000, -0.322409
0.200000, 0.800000, 0.297282
0.250000, 0.800000, 1.125848
0.300000, 0.800000, 1.803570
0.350000, 0.800000, 1.993103
0.400000, 0.800000, 1.518007
0.450000, 0.800000, 0.444005
0.500000, 0.800000, -0.929819
0.550000, 0.800000, -2.168694
0.600000, 0.800000, -2.853619
0.650000, 0.800000, -2.730750
0.700000, 0.800000, -1.803138
0.750000, 0.800000, -0.330565
0.800000, 0.800000, 1.262529
0.850000, 0.800000, 2.536730
0.900000, 0.800000, 3.189369
0.950000, 0.800000, 3.152382
1.000000, 0.800000, 2.601257
1.050000, 0.800000, 1.873818
1.100000, 0.800000, 1.331668
1.150000, 0.800000, 1.218395
1.200000, 0.800000, 1.569036
1.250000, 0.800000, 2.204946
1.300000, 0.800000, 2.814785
1.350000, 0.800000, 3.088879
1.400000, 0.800000, 2.853490
1.450000, 0.800000, 2.151536
1.500000, 0.800000, 1.237012
1.550000, 0.800000, 0.483896
1.600000, 0.800000, 0.243656
1.650000, 0.800000, 0.705948
1.700000, 0.800000, 1.816616
1.750000, 0.800000, 3.285867
1.800000, 0.800000, 4.685421
1.850000, 0.800000, 5.599618
1.900000, 0.800000, 5.774611
1.950000, 0.800000, 5.210114
2.000000, 0.800000, 4.159416
0.000000, 0.850000, -0.048362
0.050000, 0.850000, -0.643034
0.100000, 0.850000, -0.947677
0.150000, 0.850000, -0.786788
0.200000, 0.850000, -0.194356
0.250000, 0.850000, 0.592263
0.300000, 0.850000, 1.222501
0.350000, 0.850000, 1.372644
0.400000, 0.850000, 0.881568
0.450000, 0.850000, -0.171410
0.500000, 0.850000, -1.478725
0.550000, 0.850000, -2.604880
0.600000, 0.850000, -3.139223
0.650000, 0.850000, -2.844970
0.700000, 0.850000, -1.748833
0.750000, 0.850000, -0.137261
0.800000, 0.850000, 1.540156
0.850000, 0.850000, 2.825034
0.900000, 0.850000, 3.405897
0.950000, 0.850000, 3.218563
1.000000, 0.850000, 2.455580
1.050000, 0.850000, 1.483263
1.100000, 0.850000, 0.699279
1.150000, 0.850000, 0.385419
1.200000, 0.850000, 0.610890
1.250000, 0.850000, 1.221274
1.300000, 0.850000, 1.914894
1.350000, 0.850000, 2.374694
1.400000, 0.850000, 2.402715
1.450000, 0.850000, 2.003817
1.500000, 0.850000, 1.385564
1.550000, 0.850000, 0.874259
1.600000, 0.850000, 0.780169
1.650000, 0.850000, 1.265286
1.700000, 0.850000, 2.266527
1.750000, 0.850000, 3.506314
1.800000, 0.850000, 4.588814
1.850000, 0.850000, 5.146778
1.900000, 0.850000, 4.983697
1.950000, 0.850000, 4.156706
2.000000, 0.850000, 2.967341
0.000000, 0.900000, -0.519907
0.050000, 0.900000, -1.097741
0.100000, 0.900000, -1.392289
0.150000, 0.900000, -1.237410
0.200000, 0.900000, -0.670112
0.250000, 0.900000, 0.076886
0.300000, 0.900000, 0.664684
0.350000, 0.900000, 0.785770
0.400000, 0.900000, 0.295897
0.450000, 0.900000, -0.712466
0.500000, 0.900000, -1.926282
0.550000, 0.900000, -2.914830
0.600000, 0.900000, -3.282982
0.650000, 0.900000, -2.818379
0.700000, 0.900000, -1.577057
0.750000, 0.900000, 0.125779
0.800000, 0.900000, 1.818257
0.850000, 0.900000, 3.031360
0.900000, 0.900000, 3.457931
0.950000, 0.900000, 3.053695
1.000000, 0.900000, 2.044330
1.050000, 0.900000, 0.837372
1.100000, 0.900000, -0.127278
1.150000, 0.900000, -0.532388
1.200000, 0.900000, -0.287171
1.250000, 0.900000, 0.456735
1.300000, 0.900000, 1.379901
1.350000, 0.900000, 2.128980
1.400000, 0.900000, 2.456760
1.450000, 0.900000, 2.314192
1.500000, 0.900000, 1.859944
1.550000, 0.900000, 1.385713
1.600000, 0.900000, 1.188632
1.650000, 0.900000, 1.442639
1.700000, 0.900000, 2.120906
1.750000, 0.900000, 3.001135
1.800000, 0.900000, 3.752784
1.850000, 0.900000, 4.072586
1.900000, 0.900000, 3.815037
1.950000, 0.900000, 3.065394
2.000000, 0.900000, 2.124130
0.000000, 0.950000, -0.928992
0.050000, 0.950000, -1.483424
0.100000, 0.950000, -1.762381
0.150000, 0.950000, -1.610046
0.200000, 0.950000, -1.065939
0.250000, 0.950000, -0.356159
0.300000, 0.950000, 0.194884
0.350000, 0.950000, 0.298426
0.400000, 0.950000, -0.171903
0.450000, 0.950000, -1.112054
0.500000, 0.950000, -2.208022
0.550000, 0.950000, -3.040781
0.600000, 0.950000, -3.238625
0.650000, 0.950000, -2.620387
0.700000, 0.950000, -1.274809
0.750000, 0.950000, 0.456018
0.800000, 0.950000, 2.085900
0.850000, 0.950000, 3.148655
0.900000, 0.950000, 3.358324
0.950000, 0.950000, 2.707466
1.000000, 0.950000, 1.467871
1.050000, 0.950000, 0.093569
1.100000, 0.950000, -0.938329
1.150000, 0.950000, -1.291114
1.200000, 0.950000, -0.877563
1.250000, 0.950000, 0.123231
1.300000, 0.950000, 1.344573
1.350000, 0.950000, 2.374519
1.400000, 0.950000, 2.907293
1.450000, 0.950000, 2.847392
1.500000, 0.950000, 2.329438
1.550000, 0.950000, 1.649821
1.600000, 0.950000, 1.139895
1.650000, 0.950000, 1.032163
1.700000, 0.950000, 1.372251
1.750000, 0.950000, 2.010344
1.800000, 0.950000, 2.673764
1.850000, 0.950000, 3.089989
1.900000, 0.950000, 3.109411
1.950000, 0.950000, 2.777158
2.000000, 0.950000, 2.323498
0.000000, 1.000000, -1.228616
0.050000, 1.000000, -1.752698
0.100000, 1.000000, -2.010637
0.150000, 1.000000, -1.857809
0.200000, 1.000000, -1.335440
0.250000, 1.000000, -0.660629
0.300000, 1.000000, -0.140220
0.350000, 1.000000, -0.041843
0.400000, 1.000000, -0.473771
0.450000, 1.000000, -1.323263
0.500000, 1.000000, -2.281379
0.550000, 1.000000, -2.948816
0.600000, 1.000000, -2.985178
0.650000, 1.000000, -2.245592
0.700000, 1.000000, -0.851371
0.750000, 1.000000, 0.835270
0.800000, 1.000000, 2.326987
0.850000, 1.000000, 3.177885
0.900000, 1.000000, 3.141171
0.950000, 1.000000, 2.260082
1.000000, 1.000000, 0.857800
1.050000, 1.000000, -0.571409
1.100000, 1.000000, -1.531568
1.150000, 1.000000, -1.694447
1.200000, 1.000000, -1.008709
1.250000, 1.000000, 0.289562
1.300000, 1.000000, 1.767194
1.350000, 1.000000, 2.950877
1.400000, 1.000000, 3.492966
1.450000, 1.000000, 3.286450
1.500000, 1.000000, 2.489444
1.550000, 1.000000, 1.453796
1.600000, 1.000000, 0.587836
1.650000, 1.000000, 0.206610
1.700000, 1.000000, 0.425701
1.750000, 1.000000, 1.136267
1.800000, 1.000000, 2.066717
1.850000, 1.000000, 2.903083
1.900000, 1.000000, 3.418369
1.950000, 1.000000, 3.559224
2.000000, 1.000000, 3.456591
0.000000, 1.050000, -1.397106
0.050000, 1.050000, -1.883903
0.100000, 1.050000, -2.115857
0.150000, 1.050000, -1.960282
0.200000, 1.050000, -1.458962
0.250000, 1.050000, -0.817211
0.300000, 1.050000, -0.321040
0.350000, 1.050000, -0.214902
0.400000, 1.050000, -0.589725
0.450000, 1.050000, -1.328428
0.500000, 1.050000, -2.134577
0.550000, 1.050000, -2.637247
0.600000, 1.050000, -2.534340
0.650000, 1.050000, -1.719547
0.700000, 1.050000, -0.342105
0.750000, 1.050000, 1.227663
0.800000, 1.050000, 2.518807
0.850000, 1.050000, 3.124827
0.900000, 1.050000, 2.853473
0.950000, 1.050000, 1.805041
1.000000, 1.050000, 0.347850
1.050000, 1.050000, -1.003194
1.100000, 1.050000, -1.763238
1.150000, 1.050000, -1.646591
1.200000, 1.050000, -0.667445
1.250000, 1.050000, 0.864528
1.300000, 1.050000, 2.452553
1.350000, 1.050000, 3.586495
1.400000, 1.050000, 3.919852
1.450000, 1.050000, 3.387121
1.500000, 1.050000, 2.220729
1.550000, 1.050000, 0.863415
1.600000, 1.050000, -0.190425
1.650000, 1.050000, -0.566045
1.700000, 1.050000, -0.130905
1.750000, 1.050000, 0.973481
1.800000, 1.050000, 2.398054
1.850000, 1.050000, 3.722564
1.900000, 1.050000, 4.608743
1.950000, 1.050000, 4.913256
2.000000, 1.050000, 4.720820
0.000000, 1.100000, -1.441655
0.050000, 1.100000, -1.884647
0.100000, 1.100000, -2.086487
0.150000, 1.100000, -1.927005
0.200000, 1.100000, -1.447020
0.250000, 1.100000, -0.836880
0.300000, 1.100000, -0.358405
0.350000, 1.100000, -0.231335
0.400000, 1.100000, -0.531180
0.450000, 1.100000, -1.142386
0.500000, 1.100000, -1.789631
0.550000, 1.100000, -2.138982
0.600000, 1.100000, -1.931708
0.650000, 1.100000, -1.098457
0.700000, 1.100000, 0.193388
0.750000, 1.100000, 1.582227
0.800000, 1.100000, 2.633562
0.850000, 1.100000, 2.997747
0.900000, 1.100000, 2.545727
0.950000, 1.100000, 1.430047
1.000000, 1.100000, 0.044596
1.050000, 1.100000, -1.106334
1.100000, 1.100000, -1.584726
1.150000, 1.100000, -1.177792
1.200000, 1.100000, 0.019601
1.250000, 1.100000, 1.631179
1.300000, 1.100000, 3.127205
1.350000, 1.100000, 4.009881
1.400000, 1.100000, 3.990327
1.450000, 1.100000, 3.093489
1.500000, 1.100000, 1.652766
1.550000, 1.100000, 0.195726
1.600000, 1.100000, -0.738582
1.650000, 1.100000, -0.785669
1.700000, 1.100000, 0.120939
1.750000, 1.100000, 1.731829
1.800000, 1.100000, 3.574116
1.850000, 1.100000, 5.119376
1.900000, 1.100000, 5.965924
1.950000, 1.100000, 5.970567
2.000000, 1.100000, 5.284724
0.000000, 1.150000, -1.395582
0.050000, 1.150000, -1.789041
0.100000, 1.150000, -1.957805
0.150000, 1.150000, -1.794595
0.200000, 1.150000, -1.337347
0.250000, 1.150000, -0.757882
0.300000, 1.150000, -0.290493
0.350000, 1.150000, -0.129363
0.400000, 1.150000, -0.337849
0.450000, 1.150000, -0.809266
0.500000, 1.150000, -1.298781
0.550000, 1.150000, -1.517214
0.600000, 1.150000, -1.251334
0.650000, 1.150000, -0.462419
0.700000, 1.150000, 0.678912
0.750000, 1.150000, 1.840126
0.800000, 1.150000, 2.642933
0.850000, 1.150000, 2.806532
0.900000, 1.150000, 2.263262
0.950000, 1.150000, 1.199906
1.000000, 1.150000, 0.004361
1.050000, 1.150000, -0.867043
1.100000, 1.150000, -1.055148
1.150000, 1.150000, -0.435423
1.200000, 1.150000, 0.825712
1.250000, 1.150000, 2.320199
1.300000, 1.150000, 3.539072
1.350000, 1.150000, 4.055733
1.400000, 1.150000, 3.685507
1.450000, 1.150000, 2.561994
1.500000, 1.150000, 1.099829
1.550000, 1.150000, -0.145541
1.600000, 1.150000, -0.672471
1.650000, 1.150000, -0.212712
1.700000, 1.150000, 1.169153
1.750000, 1.150000, 3.093392
1.800000, 1.150000, 4.994905
1.850000, 1.150000, 6.319533
1.900000, 1.150000, 6.717050
1.950000, 1.150000, 6.161961
2.000000, 1.150000, 4.959131
0.000000, 1.200000, -1.309954
0.050000, 1.200000, -1.649279
0.100000, 1.200000, -1.783438
0.150000, 1.200000, -1.618194
0.200000, 1.200000, -1.186255
0.250000, 1.200000, -0.637022
0.300000, 1.200000, -0.174066
0.350000, 1.200000, 0.033945
0.400000, 1.200000, -0.068910
0.450000, 1.200000, -0.393495
0.500000, 1.200000, -0.735068
0.550000, 1.200000, -0.855220
0.600000, 1.200000, -0.584449
0.650000, 1.200000, 0.096787
0.700000, 1.200000, 1.033988
0.750000, 1.200000, 1.945352
0.800000, 1.200000, 2.524831
0.850000, 1.200000, 2.563259
0.900000, 1.200000, 2.039735
0.950000, 1.200000, 1.144714
1.000000, 1.200000, 0.221356
1.050000, 1.200000, -0.356639
1.100000, 1.200000, -0.326497
1.150000, 1.200000, 0.356969
1.200000, 1.200000, 1.492722
1.250000, 1.200000, 2.697955
1.300000, 1.200000, 3.545474
1.350000, 1.200000, 3.724882
1.400000, 1.200000, 3.167162
1.450000, 1.200000, 2.083690
1.500000, 1.200000, 0.901207
1.550000, 1.200000, 0.112948
1.600000, 1.200000, 0.098531
1.650000, 1.200000, 0.978769
1.700000, 1.200000, 2.560780
1.750000, 1.200000, 4.396775
1.800000, 1.200000, 5.938285
1.850000, 1.200000, 6.731653
1.900000, 1.200000, 6.583905
1.950000, 1.200000, 5.637346
2.000000, 1.200000, 4.323498
0.000000, 1.250000, -1.241468
0.050000, 1.250000, -1.523456
0.100000, 1.250000, -1.623110
0.150000, 1.250000, -1.459122
0.200000, 1.250000, -1.056203
0.250000, 1.250000, -0.537150
0.300000, 1.250000, -0.071916
0.350000, 1.250000, 0.195246
0.400000, 1.250000, 0.209629
0.450000, 1.250000, 0.033048
0.500000, 1.250000, -0.179005
0.550000, 1.250000, -0.242235
0.600000, 1.250000, -0.024475
0.650000, 1.250000, 0.491132
0.700000, 1.250000, 1.188538
0.750000, 1.250000, 1.856765
0.800000, 1.250000, 2.270708
0.850000, 1.250000, 2.283611
0.900000, 1.250000, 1.893609
0.950000, 1.250000, 1.255475
1.000000, 1.250000, 0.629595
1.050000, 1.250000, 0.285301
1.100000, 1.250000, 0.395048
1.150000, 1.250000, 0.961424
1.200000, 1.250000, 1.807922
1.250000, 1.250000, 2.640454
1.300000, 1.250000, 3.158743
1.350000, 1.250000, 3.175990
1.400000, 1.250000, 2.699945
1.450000, 1.250000, 1.941562
1.500000, 1.250000, 1.244297
1.550000, 1.250000, 0.957851
1.600000, 1.250000, 1.302909
1.650000, 1.250000, 2.278909
1.700000, 1.250000, 3.652435
1.750000, 1.250000, 5.034180
1.800000, 1.250000, 6.018646
1.850000, 1.250000, 6.335622
1.900000, 1.250000, 5.956055
1.950000, 1.250000, 5.110324
2.000000, 1.250000, 4.208881
0.000000, 1.300000, -1.239284
0.050000, 1.300000, -1.462332
0.100000, 1.300000, -1.529310
0.150000, 1.300000, -1.371458
0.200000, 1.300000, -1.002283
0.250000, 1.300000, -0.513589
0.300000, 1.300000, -0.039248
0.350000, 1.300000, 0.298574
0.400000, 1.300000, 0.438655
0.450000, 1.300000, 0.405009
0.500000, 1.300000, 0.295908
0.550000, 1.300000, 0.241741
0.600000, 1.300000, 0.348781
0.650000, 1.300000, 0.652033
0.700000, 1.300000, 1.097022
0.750000, 1.300000, 1.558823
0.800000, 1.300000, 1.891470
0.850000, 1.300000, 1.988154
0.900000, 1.300000, 1.827698
0.950000, 1.300000, 1.487740
1.000000, 1.300000, 1.118150
1.050000, 1.300000, 0.884249
1.100000, 1.300000, 0.901997
1.150000, 1.300000, 1.191220
1.200000, 1.300000, 1.666365
1.250000, 1.300000, 2.169666
1.300000, 1.300000, 2.534517
1.350000, 1.300000, 2.654309
1.400000, 1.300000, 2.528996
1.450000, 1.300000, 2.269781
1.500000, 1.300000, 2.058585
1.550000, 1.300000, 2.077038
1.600000, 1.300000, 2.432472
1.650000, 1.300000, 3.110509
1.700000, 1.300000, 3.974190
1.750000, 1.300000, 4.811671
1.800000, 1.300000, 5.415279
1.850000, 1.300000, 5.661650
1.900000, 1.300000, 5.561343
1.950000, 1.300000, 5.257358
2.000000, 1.300000, 4.971601
0.000000, 1.350000, -1.333733
0.050000, 1.350000, -1.497941
0.100000, 1.350000, -1.535815
0.150000, 1.350000, -1.390463
0.200000, 1.350000, -1.060567
0.250000, 1.350000, -0.602408
0.300000, 1.350000, -0.111929
0.350000, 1.350000, 0.307103
0.400000, 1.350000, 0.577811
0.450000, 1.350000, 0.675686
0.500000, 1.350000, 0.635819
0.550000, 1.350000, 0.539186
0.600000, 1.350000, 0.482646
0.650000, 1.350000, 0.543169
0.700000, 1.350000, 0.749022
0.750000, 1.350000, 1.068420
0.800000, 1.350000, 1.420103
0.850000, 1.350000, 1.702493
0.900000, 1.350000, 1.831316
0.950000, 1.350000, 1.772225
1.000000, 1.350000, 1.556372
1.050000, 1.350000, 1.272730
1.100000, 1.350000, 1.039212
1.150000, 1.350000, 0.962420
1.200000, 1.350000, 1.100312
1.250000, 1.350000, 1.441452
1.300000, 1.350000, 1.908848
1.350000, 1.350000, 2.387621
1.400000, 1.350000, 2.766946
1.450000, 1.350000, 2.981169
1.500000, 1.350000, 3.034825
1.550000, 1.350000, 3.001820
1.600000, 1.350000, 2.998333
1.650000, 1.350000, 3.138805
1.700000, 1.350000, 3.491017
1.750000, 1.350000, 4.047138
1.800000, 1.350000, 4.722204
1.850000, 1.350000, 5.381585
1.900000, 1.350000, 5.888134
1.950000, 1.350000, 6.152041
2.000000, 1.350000, 6.164764
0.000000, 1.400000, -1.529379
0.050000, 1.400000, -1.636572
0.100000, 1.400000, -1.650569
0.150000, 1.400000, -1.525377
0.200000, 1.400000, -1.240820
0.250000, 1.400000, -0.813101
0.300000, 1.400000, -0.299149
0.350000, 1.400000, 0.210514
0.400000, 1.400000, 0.612971
0.450000, 1.400000, 0.824799
0.500000, 1.400000, 0.814765
0.550000, 1.400000, 0.623724
0.600000, 1.400000, 0.360142
0.650000, 1.400000, 0.167800
0.700000, 1.400000, 0.173882
0.750000, 1.400000, 0.435905
0.800000, 1.400000, 0.909762
0.850000, 1.400000, 1.455561
0.900000, 1.400000, 1.884143
0.950000, 1.400000, 2.030047
1.000000, 1.400000, 1.823508
1.050000, 1.400000, 1.331134
1.100000, 1.400000, 0.744706
1.150000, 1.400000, 0.317241
1.200000, 1.400000, 0.267639
1.250000, 1.400000, 0.690454
1.300000, 1.400000, 1.508582
1.350000, 1.400000, 2.491993
1.400000, 1.400000, 3.340024
1.450000, 1.400000, 3.798099
1.500000, 1.400000, 3.763275
1.550000, 1.400000, 3.334384
1.600000, 1.400000, 2.782493
1.650000, 1.400000, 2.448786
1.700000, 1.400000, 2.607484
1.750000, 1.400000, 3.348114
1.800000, 1.400000, 4.526700
1.850000, 1.400000, 5.809836
1.900000, 1.400000, 6.798664
1.950000, 1.400000, 7.186228
2.000000, 1.400000, 6.885580
0.000000, 1.450000, -1.803983
0.050000, 1.450000, -1.857624
0.100000, 1.450000, -1.854457
0.150000, 1.450000, -1.758104
0.200000, 1.450000, -1.525135
0.250000, 1.450000, -1.127180
0.300000, 1.450000, -0.582016
0.350000, 1.450000, 0.026409
0.400000, 1.450000, 0.557762
0.450000, 1.450000, 0.860298
0.500000, 1.450000, 0.836889
0.550000, 1.450000, 0.502571
0.600000, 1.450000, 0.001943
0.650000, 1.450000, -0.430961
0.700000, 1.450000, -0.561878
0.750000, 1.450000, -0.260511
0.800000, 1.450000, 0.427026
0.850000, 1.450000, 1.275881
0.900000, 1.450000, 1.960794
0.950000, 1.450000, 2.189364
1.000000, 1.450000, 1.836210
1.050000, 1.450000, 1.017621
1.100000, 1.450000, 0.067085
1.150000, 1.450000, -0.587054
1.200000, 1.450000, -0.596615
1.250000, 1.450000, 0.151290
1.300000, 1.450000, 1.468586
1.350000, 1.450000, 2.925435
1.400000, 1.450000, 4.017317
1.450000, 1.450000, 4.374626
1.500000, 1.450000, 3.926676
1.550000, 1.450000, 2.946587
1.600000, 1.450000, 1.951105
1.650000, 1.450000, 1.490857
1.700000, 1.450000, 1.915808
1.750000, 1.450000, 3.215427
1.800000, 1.450000, 5.005492
1.850000, 1.450000, 6.673522
1.900000, 1.450000, 7.627245
1.950000, 1.450000, 7.544216
2.000000, 1.450000, 6.516487
0.000000, 1.500000, -2.113575
0.050000, 1.500000, -2.118605
0.100000, 1.500000, -2.106213
0.150000, 1.500000, -2.048061
0.200000, 1.500000, -1.872730
0.250000, 1.500000, -1.502977
0.300000, 1.500000, -0.918365
0.350000, 1.500000, -0.204490
0.400000, 1.500000, 0.448887
0.450000, 1.500000, 0.813970
0.500000, 1.500000, 0.732366
0.550000, 1.500000, 0.212449
0.600000, 1.500000, -0.538564
0.650000, 1.500000, -1.177087
0.700000, 1.500000, -1.364209
0.750000, 1.500000, -0.926380
0.800000, 1.500000, 0.041168
0.850000, 1.500000, 1.186295
0.900000, 1.500000, 2.035212
0.950000, 1.500000, 2.200077
1.000000, 1.500000, 1.567871
1.050000, 1.500000, 0.379897
1.100000, 1.500000, -0.844971
1.150000, 1.500000, -1.520553
1.200000, 1.500000, -1.250432
1.250000, 1.500000, -0.017309
1.300000, 1.500000, 1.786056
1.350000, 1.500000, 3.507757
1.400000, 1.500000, 4.511160
1.450000, 1.500000, 4.455342
1.500000, 1.500000, 3.455890
1.550000, 1.500000, 2.049139
1.600000, 1.500000, 0.968558
1.650000, 1.500000, 0.826662
1.700000, 1.500000, 1.841135
1.750000, 1.500000, 3.727949
1.800000, 1.500000, 5.812835
1.850000, 1.500000, 7.316424
1.900000, 1.500000, 7.690414
1.950000, 1.500000, 6.857656
2.000000, 1.500000, 5.249731
0.000000, 1.550000, -2.402543
0.050000, 1.550000, -2.365124
0.100000, 1.550000, -2.352354
0.150000, 1.550000, -2.342062
0.200000, 1.550000, -2.229814
0.250000, 1.550000, -1.885508
0.300000, 1.550000, -1.252668
0.350000, 1.550000, -0.428238
0.400000, 1.550000, 0.336353
0.450000, 1.550000, 0.731909
0.500000, 1.550000, 0.548080
0.550000, 1.550000, -0.189991
0.600000, 1.550000, -1.186014
0.650000, 1.550000, -1.974488
0.700000, 1.550000, -2.126642
0.750000, 1.550000, -1.466764
0.800000, 1.550000, -0.188675
0.850000, 1.550000, 1.198263
0.900000, 1.550000, 2.084255
0.950000, 1.550000, 2.043733
1.000000, 1.550000, 1.055496
1.050000, 1.550000, -0.454145
1.100000, 1.550000, -1.778737
1.150000, 1.550000, -2.242649
1.200000, 1.550000, -1.515417
1.250000, 1.550000, 0.219518
1.300000, 1.550000, 2.327782
1.350000, 1.550000, 3.998025
1.400000, 1.550000, 4.605542
1.450000, 1.550000, 3.998527
1.500000, 1.550000, 2.572412
1.550000, 1.550000, 1.094542
1.600000, 1.550000, 0.357460
1.650000, 1.550000, 0.819515
1.700000, 1.550000, 2.397975
1.750000, 1.550000, 4.508981
1.800000, 1.550000, 6.334101
1.850000, 1.550000, 7.188913
1.900000, 1.550000, 6.823989
1.950000, 1.550000, 5.523081
2.000000, 1.550000, 3.959738
0.000000, 1.600000, -2.616484
0.050000, 1.600000, -2.543688
0.100000, 1.600000, -2.539919
0.150000, 1.600000, -2.587027
0.200000, 1.600000, -2.542296
0.250000, 1.600000, -2.219224
0.300000, 1.600000, -1.528814
0.350000, 1.600000, -0.590454
0.400000, 1.600000, 0.270794
0.450000, 1.600000, 0.662069
0.500000, 1.600000, 0.335252
0.550000, 1.600000, -0.641026
0.600000, 1.600000, -1.857320
0.650000, 1.600000, -2.723316
0.700000, 1.600000, -2.748109
0.750000, 1.600000, -1.803210
0.800000, 1.600000, -0.225877
0.850000, 1.600000, 1.307211
0.900000, 1.600000, 2.090211
0.950000, 1.600000, 1.736844
1.000000, 1.600000, 0.392574
1.050000, 1.600000, -1.304948
1.100000, 1.600000, -2.510008
1.150000, 1.600000, -2.566542
1.200000, 1.600000, -1.326797
1.250000, 1.600000, 0.767613
1.300000, 1.600000, 2.886254
1.350000, 1.600000, 4.197576
1.400000, 1.600000, 4.256688
1.450000, 1.600000, 3.206082
1.500000, 1.600000, 1.694869
1.550000, 1.600000, 0.560497
1.600000, 1.600000, 0.431506
1.650000, 1.600000, 1.443895
1.700000, 1.600000, 3.202098
1.750000, 1.600000, 4.991671
1.800000, 1.600000, 6.128498
1.850000, 1.600000, 6.269458
1.900000, 1.600000, 5.539077
1.950000, 1.600000, 4.426410
2.000000, 1.600000, 3.522144
0.000000, 1.650000, -2.715000
0.050000, 1.650000, -2.614439
0.100000, 1.650000, -2.629185
0.150000, 1.650000, -2.742692
0.200000, 1.650000, -2.768518
0.250000, 1.650000, -2.460790
0.300000, 1.650000, -1.702959
0.350000, 1.650000, -0.649165
0.400000, 1.650000, 0.290757
0.450000, 1.650000, 0.641709
0.500000, 1.650000, 0.136822
0.550000, 1.650000, -1.083189
0.600000, 1.650000, -2.476509
0.650000, 1.650000, -3.336565
0.700000, 1.650000, -3.150129
0.750000, 1.650000, -1.888642
0.800000, 1.650000, -0.065506
0.850000, 1.650000, 1.490407
0.900000, 1.650000, 2.042297
0.950000, 1.650000, 1.327191
1.000000, 1.650000, -0.290574
1.050000, 1.650000, -1.982488
1.100000, 1.650000, -2.859016
1.150000, 1.650000, -2.408704
1.200000, 1.650000, -0.748480
1.250000, 1.650000, 1.441693
1.300000, 1.650000, 3.262370
1.350000, 1.650000, 4.036127
1.400000, 1.650000, 3.621061
1.450000, 1.650000, 2.443913
1.500000, 1.650000, 1.251052
1.550000, 1.650000, 0.720632
1.600000, 1.650000, 1.141974
1.650000, 1.650000, 2.318991
1.700000, 1.650000, 3.725706
1.750000, 1.650000, 4.807513
1.800000, 1.650000, 5.255101
1.850000, 1.650000, 5.110690
1.900000, 1.650000, 4.673066
1.950000, 1.650000, 4.283540
2.000000, 1.650000, 4.132765
0.000000, 1.700000, -2.681577
0.050000, 1.700000, -2.561009
0.100000, 1.700000, -2.603511
0.150000, 1.700000, -2.791469
0.200000, 1.700000, -2.889158
0.250000, 1.700000, -2.589061
0.300000, 1.700000, -1.753559
0.350000, 1.700000, -0.584840
0.400000, 1.700000, 0.412768
0.450000, 1.700000, 0.687570
0.500000, 1.700000, -0.022573
0.550000, 1.700000, -1.476159
0.600000, 1.700000, -2.987135
0.650000, 1.700000, -3.753803
0.700000, 1.700000, -3.290085
0.750000, 1.700000, -1.717120
0.800000, 1.700000, 0.261947
0.850000, 1.700000, 1.708432
0.900000, 1.700000, 1.937347
0.950000, 1.700000, 0.884063
1.000000, 1.700000, -0.854699
1.050000, 1.700000, -2.330564
1.100000, 1.700000, -2.735624
1.150000, 1.700000, -1.810055
1.200000, 1.700000, 0.050315
1.250000, 1.700000, 2.032003
1.300000, 1.700000, 3.342834
1.350000, 1.700000, 3.605123
1.400000, 1.700000, 2.996543
1.450000, 1.700000, 2.085648
1.500000, 1.700000, 1.482309
1.550000, 1.700000, 1.515876
1.600000, 1.700000, 2.116961
1.650000, 1.700000, 2.942490
1.700000, 1.700000, 3.635680
1.750000, 1.700000, 4.042866
1.800000, 1.700000, 4.255320
1.850000, 1.700000, 4.470611
1.900000, 1.700000, 4.790119
1.950000, 1.700000, 5.108125
2.000000, 1.700000, 5.179767
0.000000, 1.750000, -2.528353
0.050000, 1.750000, -2.395279
0.100000, 1.750000, -2.474108
0.150000, 1.750000, -2.743259
0.200000, 1.750000, -2.912102
0.250000, 1.750000, -2.610038
0.300000, 1.750000, -1.686403
0.350000, 1.750000, -0.405417
0.400000, 1.750000, 0.626406
0.450000, 1.750000, 0.791004
0.500000, 1.750000, -0.141810
0.550000, 1.750000, -1.802978
0.600000, 1.750000, -3.359893
0.650000, 1.750000, -3.949489
0.700000, 1.750000, -3.168040
0.750000, 1.750000, -1.326320
0.800000, 1.750000, 0.693578
0.850000, 1.750000, 1.910600
0.900000, 1.750000, 1.779958
0.950000, 1.750000, 0.484537
1.000000, 1.750000, -1.181752
1.050000, 1.750000, -2.263797
1.100000, 1.750000, -2.162354
1.150000, 1.750000, -0.923435
1.200000, 1.750000, 0.848691
1.250000, 1.750000, 2.376128
1.300000, 1.750000, 3.142697
1.350000, 1.750000, 3.123624
1.400000, 1.750000, 2.699553
1.450000, 1.750000, 2.347648
1.500000, 1.750000, 2.331503
1.550000, 1.750000, 2.589262
1.600000, 1.750000, 2.868914
1.650000, 1.750000, 2.986677
1.700000, 1.750000, 3.005247
1.750000, 1.750000, 3.194354
1.800000, 1.750000, 3.798930
1.850000, 1.750000, 4.786758
1.900000, 1.750000, 5.774878
1.950000, 1.750000, 6.219133
2.000000, 1.750000, 5.767933
0.000000, 1.800000, -2.294653
0.050000, 1.800000, -2.155930
0.100000, 1.800000, -2.278632
0.150000, 1.800000, -2.634093
0.200000, 1.800000, -2.871175
0.250000, 1.800000, -2.555691
0.300000, 1.800000, -1.533507
0.350000, 1.800000, -0.145182
0.400000, 1.800000, 0.895514
0.450000, 1.800000, 0.919155
0.500000, 1.800000, -0.242557
0.550000, 1.800000, -2.070377
0.600000, 1.800000, -3.594102
0.650000, 1.800000, -3.934466
0.700000, 1.800000, -2.825821
0.750000, 1.800000, -0.791965
0.800000, 1.800000, 1.143770
0.850000, 1.800000, 2.043737
0.900000, 1.800000, 1.582245
0.950000, 1.800000, 0.198595
1.000000, 1.800000, -1.200664
1.050000, 1.800000, -1.788587
1.100000, 1.800000, -1.269428
1.150000, 1.800000, 0.028715
1.200000, 1.800000, 1.440839
1.250000, 1.800000, 2.411232
1.300000, 1.800000, 2.796942
1.350000, 1.800000, 2.849328
1.400000, 1.800000, 2.928777
1.450000, 1.800000, 3.188350
1.500000, 1.800000, 3.467027
1.550000, 1.800000, 3.465020
1.600000, 1.800000, 3.056380
1.650000, 1.800000, 2.484904
1.700000, 1.800000, 2.268339
1.750000, 1.800000, 2.849568
1.800000, 1.800000, 4.230962
1.850000, 1.800000, 5.865567
1.900000, 1.800000, 6.920946
1.950000, 1.800000, 6.779041
2.000000, 1.800000, 5.459363
0.000000, 1.850000, -2.039564
0.050000, 1.850000, -1.901050
0.100000, 1.850000, -2.073845
0.150000, 1.850000, -2.518874
0.200000, 1.850000, -2.818963
0.250000, 1.850000, -2.476886
0.300000, 1.850000, -1.346101
0.350000, 1.850000, 0.142251
0.400000, 1.850000, 1.165291
0.450000, 1.850000, 1.021976
0.500000, 1.850000, -0.362814
0.550000, 1.850000, -2.303354
0.600000, 1.850000, -3.713105
0.650000, 1.850000, -3.750649
0.700000, 1.850000, -2.338600
0.750000, 1.850000, -0.215023
0.800000, 1.850000, 1.519107
0.850000, 1.850000, 2.062842
0.900000, 1.850000, 1.363186
0.950000, 1.850000, 0.075960
1.000000, 1.850000, -0.903157
1.050000, 1.850000, -1.002936
1.100000, 1.850000, -0.263028
1.150000, 1.850000, 0.814483
1.200000, 1.850000, 1.695347
1.250000, 1.850000, 2.189348
1.300000, 1.850000, 2.504454
1.350000, 1.850000, 2.969849
1.400000, 1.850000, 3.673054
1.450000, 1.850000, 4.317521
1.500000, 1.850000, 4.431757
1.550000, 1.850000, 3.780972
1.600000, 1.850000, 2.658480
1.650000, 1.850000, 1.801633
1.700000, 1.850000, 1.944769
1.750000, 1.850000, 3.298536
1.800000, 1.850000, 5.326707
1.850000, 1.850000, 7.008758
1.900000, 1.850000, 7.448130
1.950000, 1.850000, 6.439615
2.000000, 1.850000, 4.620303
0.000000, 1.900000, -1.830083
0.050000, 1.900000, -1.696346
0.100000, 1.900000, -1.923897
0.150000, 1.900000, -2.459740
0.200000, 1.900000, -2.815283
0.250000, 1.900000, -2.431949
0.300000, 1.900000, -1.183262
0.350000, 1.900000, 0.395349
0.400000, 1.900000, 1.373758
0.450000, 1.900000, 1.043529
0.500000, 1.900000, -0.546235
0.550000, 1.900000, -2.535456
0.600000, 1.900000, -3.754939
0.650000, 1.900000, -3.460288
0.700000, 1.900000, -1.800684
0.750000, 1.900000, 0.296057
0.800000, 1.900000, 1.735841
0.850000, 1.900000, 1.941501
0.900000, 1.900000, 1.147378
0.950000, 1.900000, 0.137123
1.000000, 1.900000, -0.346131
1.050000, 1.900000, -0.075017
1.100000, 1.900000, 0.625260
1.150000, 1.900000, 1.253742
1.200000, 1.900000, 1.589340
1.250000, 1.900000, 1.851522
1.300000, 1.900000, 2.445888
1.350000, 1.900000, 3.518140
1.400000, 1.900000, 4.703622
1.450000, 1.900000, 5.312985
1.500000, 1.900000, 4.847487
1.550000, 1.900000, 3.457789
1.600000, 1.900000, 1.969839
1.650000, 1.900000, 1.405749
1.700000, 1.900000, 2.306018
1.750000, 1.900000, 4.328397
1.800000, 1.900000, 6.423827
1.850000, 1.900000, 7.489870
1.900000, 1.900000, 7.064243
1.950000, 1.900000, 5.590996
2.000000, 1.900000, 4.092111
0.000000, 1.950000, -1.727392
0.050000, 1.950000, -1.601480
0.100000, 1.950000, -1.886748
0.150000, 1.950000, -2.512586
0.200000, 1.950000, -2.913804
0.250000, 1.950000, -2.473384
0.300000, 1.950000, -1.098665
0.350000, 1.950000, 0.557942
0.400000, 1.950000, 1.465080
0.450000, 1.950000, 0.935100
0.500000, 1.950000, -0.829685
0.550000, 1.950000, -2.797131
0.600000, 1.950000, -3.760609
0.650000, 1.950000, -3.132252
0.700000, 1.950000, -1.308312
0.750000, 1.950000, 0.644777
0.800000, 1.950000, 1.736556
0.850000, 1.950000, 1.679723
0.900000, 1.950000, 0.962948
0.950000, 1.950000, 0.370083
1.000000, 1.950000, 0.359937
1.050000, 1.950000, 0.794709
1.100000, 1.950000, 1.195116
1.150000, 1.950000, 1.263866
1.200000, 1.950000, 1.207994
1.250000, 1.950000, 1.571004
1.300000, 1.950000, 2.707115
1.350000, 1.950000, 4.347259
1.400000, 1.950000, 5.656398
1.450000, 1.950000, 5.795169
1.500000, 1.950000, 4.579942
1.550000, 1.950000, 2.722094
1.600000, 1.950000, 1.422385
1.650000, 1.950000, 1.581436
1.700000, 1.950000, 3.189238
1.750000, 1.950000, 5.337865
1.800000, 1.950000, 6.847134
1.850000, 1.950000, 7.046568
1.900000, 1.950000, 6.156209
1.950000, 1.950000, 5.024398
2.000000, 1.950000, 4.464358
0.000000, 2.000000, -1.774171
0.050000, 2.000000, -1.657478
0.100000, 2.000000, -2.001671
0.150000, 2.000000, -2.714656
0.200000, 2.000000, -3.149736
0.250000, 2.000000, -2.635647
0.300000, 2.000000, -1.128393
0.350000, 2.000000, 0.591471
0.400000, 2.000000, 1.401832
0.450000, 2.000000, 0.667194
0.500000, 2.000000, -1.231904
0.550000, 2.000000, -3.104984
0.600000, 2.000000, -3.762778
0.650000, 2.000000, -2.828318
0.700000, 2.000000, -0.942828
0.750000, 2.000000, 0.764009
0.800000, 2.000000, 1.502641
0.850000, 2.000000, 1.307140
0.900000, 2.000000, 0.838466
0.950000, 2.000000, 0.733205
1.000000, 2.000000, 1.074086
1.050000, 2.000000, 1.419054
1.100000, 2.000000, 1.326055
1.150000, 2.000000, 0.877817
1.200000, 2.000000, 0.710927
1.250000, 2.000000, 1.486343
1.300000, 2.000000, 3.238140
1.350000, 2.000000, 5.176764
1.400000, 2.000000, 6.172533
1.450000, 2.000000, 5.584221
1.500000, 2.000000, 3.788799
1.550000, 2.000000, 1.975532
1.600000, 2.000000, 1.334901
1.650000, 2.000000, 2.247443
1.700000, 2.000000, 4.077661
1.750000, 2.000000, 5.703446
1.800000, 2.000000, 6.344239
1.850000, 2.000000, 6.044038
1.900000, 2.000000, 5.474105
1.950000, 2.000000, 5.281140
2.000000, 2.000000, 5.557235
