0.000000, 0.000000, 1.059743
0.050000, 0.000000, 1.132950
0.100000, 0.000000, 1.183377
0.150000, 0.000000, 1.211404
0.200000, 0.000000, 1.217799
0.250000, 0.000000, 1.203705
0.300000, 0.000000, 1.170605
0.350000, 0.000000, 1.120291
0.400000, 0.000000, 1.054817
0.450000, 0.000000, 0.976450
0.500000, 0.000000, 0.887611
0.550000, 0.000000, 0.790820
0.600000, 0.000000, 0.688630
0.650000, 0.000000, 0.583568
0.700000, 0.000000, 0.478067
0.750000, 0.000000, 0.374412
0.800000, 0.000000, 0.274682
0.850000, 0.000000, 0.180697
0.900000, 0.000000, 0.093974
0.950000, 0.000000, 0.015690
1.000000, 0.000000, -0.053346
1.050000, 0.000000, -0.112714
1.100000, 0.000000, -0.162395
1.150000, 0.000000, -0.202766
1.200000, 0.000000, -0.234599
1.250000, 0.000000, -0.259035
1.300000, 0.000000, -0.277557
1.350000, 0.000000, -0.291958
1.400000, 0.000000, -0.304291
1.450000, 0.000000, -0.316823
1.500000, 0.000000, -0.331976
1.550000, 0.000000, -0.352269
1.600000, 0.000000, -0.380256
1.650000, 0.000000, -0.418462
1.700000, 0.000000, -0.469322
1.750000, 0.000000, -0.535121
1.800000, 0.000000, -0.617936
1.850000, 0.000000, -0.719589
1.900000, 0.000000, -0.841596
1.950000, 0.000000, -0.985135
2.000000, 0.000000, -1.151014
0.000000, 0.050000, 0.873246
0.050000, 0.050000, 0.951905
0.100000, 0.050000, 1.008364
0.150000, 0.050000, 1.043368
0.200000, 0.050000, 1.058031
0.250000, 0.050000, 1.053802
0.300000, 0.050000, 1.032436
0.350000, 0.050000, 0.995944
0.400000, 0.050000, 0.946549
0.450000, 0.050000, 0.886627
0.500000, 0.050000, 0.818649
0.550000, 0.050000, 0.745123
0.600000, 0.050000, 0.668525
0.650000, 0.050000, 0.591245
0.700000, 0.050000, 0.515523
0.750000, 0.050000, 0.443398
0.800000, 0.050000, 0.376651
0.850000, 0.050000, 0.316767
0.900000, 0.050000, 0.264897
0.950000, 0.050000, 0.221824
1.000000, 0.050000, 0.187951
1.050000, 0.050000, 0.163287
1.100000, 0.050000, 0.147445
1.150000, 0.050000, 0.139655
1.200000, 0.050000, 0.138779
1.250000, 0.050000, 0.143341
1.300000, 0.050000, 0.151564
1.350000, 0.050000, 0.161411
1.400000, 0.050000, 0.170635
1.450000, 0.050000, 0.176835
1.500000, 0.050000, 0.177518
1.550000, 0.050000, 0.170152
1.600000, 0.050000, 0.152237
1.650000, 0.050000, 0.121360
1.700000, 0.050000, 0.075259
1.750000, 0.050000, 0.011874
1.800000, 0.050000, -0.070601
1.850000, 0.050000, -0.173671
1.900000, 0.050000, -0.298507
1.950000, 0.050000, -0.445915
2.000000, 0.050000, -0.616317
0.000000, 0.100000, 0.388696
0.050000, 0.100000, 0.473387
0.100000, 0.100000, 0.536757
0.150000, 0.100000, 0.579814
0.200000, 0.100000, 0.603899
0.250000, 0.100000, 0.610652
0.300000, 0.100000, 0.601970
0.350000, 0.100000, 0.579956
0.400000, 0.100000, 0.546866
0.450000, 0.100000, 0.505050
0.500000, 0.100000, 0.456894
0.550000, 0.100000, 0.404757
0.600000, 0.100000, 0.350913
0.650000, 0.100000, 0.297491
0.700000, 0.100000, 0.246418
0.750000, 0.100000, 0.199377
0.800000, 0.100000, 0.157756
0.850000, 0.100000, 0.122617
0.900000, 0.100000, 0.094665
0.950000, 0.100000, 0.074230
1.000000, 0.100000, 0.061257
1.050000, 0.100000, 0.055308
1.100000, 0.100000, 0.055567
1.150000, 0.100000, 0.060863
1.200000, 0.100000, 0.069694
1.250000, 0.100000, 0.080265
1.300000, 0.100000, 0.090532
1.350000, 0.100000, 0.098249
1.400000, 0.100000, 0.101022
1.450000, 0.100000, 0.096370
1.500000, 0.100000, 0.081784
1.550000, 0.100000, 0.054789
1.600000, 0.100000, 0.013002
1.650000, 0.100000, -0.045808
1.700000, 0.100000, -0.123663
1.750000, 0.100000, -0.222331
1.800000, 0.100000, -0.343277
1.850000, 0.100000, -0.487633
1.900000, 0.100000, -0.656165
1.950000, 0.100000, -0.849254
2.000000, 0.100000, -1.066891
0.000000, 0.150000, -0.222351
0.050000, 0.150000, -0.130682
0.100000, 0.150000, -0.059260
0.150000, 0.150000, -0.007009
0.200000, 0.150000, 0.027445
0.250000, 0.150000, 0.045729
0.300000, 0.150000, 0.049682
0.350000, 0.150000, 0.041296
0.400000, 0.150000, 0.022669
0.450000, 0.150000, -0.004064
0.500000, 0.150000, -0.036778
0.550000, 0.150000, -0.073425
0.600000, 0.150000, -0.112088
0.650000, 0.150000, -0.151029
0.700000, 0.150000, -0.188742
0.750000, 0.150000, -0.223994
0.800000, 0.150000, -0.255856
0.850000, 0.150000, -0.283733
0.900000, 0.150000, -0.307379
0.950000, 0.150000, -0.326911
1.000000, 0.150000, -0.342801
1.050000, 0.150000, -0.355874
1.100000, 0.150000, -0.367283
1.150000, 0.150000, -0.378484
1.200000, 0.150000, -0.391200
1.250000, 0.150000, -0.407381
1.300000, 0.150000, -0.429150
1.350000, 0.150000, -0.458756
1.400000, 0.150000, -0.498509
1.450000, 0.150000, -0.550731
1.500000, 0.150000, -0.617687
1.550000, 0.150000, -0.701532
1.600000, 0.150000, -0.804251
1.650000, 0.150000, -0.927609
1.700000, 0.150000, -1.073101
1.750000, 0.150000, -1.241911
1.800000, 0.150000, -1.434880
1.850000, 0.150000, -1.652474
1.900000, 0.150000, -1.894775
1.950000, 0.150000, -2.161466
2.000000, 0.150000, -2.451834
0.000000, 0.200000, -0.747603
0.050000, 0.200000, -0.647667
0.100000, 0.200000, -0.566822
0.150000, 0.200000, -0.504203
0.200000, 0.200000, -0.458680
0.250000, 0.200000, -0.428906
0.300000, 0.200000, -0.413361
0.350000, 0.200000, -0.410401
0.400000, 0.200000, -0.418308
0.450000, 0.200000, -0.435349
0.500000, 0.200000, -0.459824
0.550000, 0.200000, -0.490120
0.600000, 0.200000, -0.524758
0.650000, 0.200000, -0.562437
0.700000, 0.200000, -0.602074
0.750000, 0.200000, -0.642832
0.800000, 0.200000, -0.684149
0.850000, 0.200000, -0.725752
0.900000, 0.200000, -0.767667
0.950000, 0.200000, -0.810215
1.000000, 0.200000, -0.854008
1.050000, 0.200000, -0.899928
1.100000, 0.200000, -0.949103
1.150000, 0.200000, -1.002873
1.200000, 0.200000, -1.062754
1.250000, 0.200000, -1.130391
1.300000, 0.200000, -1.207510
1.350000, 0.200000, -1.295868
1.400000, 0.200000, -1.397196
1.450000, 0.200000, -1.513148
1.500000, 0.200000, -1.645251
1.550000, 0.200000, -1.794851
1.600000, 0.200000, -1.963068
1.650000, 0.200000, -2.150757
1.700000, 0.200000, -2.358473
1.750000, 0.200000, -2.586444
1.800000, 0.200000, -2.834550
1.850000, 0.200000, -3.102315
1.900000, 0.200000, -3.388905
1.950000, 0.200000, -3.693132
2.000000, 0.200000, -4.013476
0.000000, 0.250000, -1.014769
0.050000, 0.250000, -0.904967
0.100000, 0.250000, -0.813140
0.150000, 0.250000, -0.738990
0.200000, 0.250000, -0.681978
0.250000, 0.250000, -0.641359
0.300000, 0.250000, -0.616217
0.350000, 0.250000, -0.605499
0.400000, 0.250000, -0.608058
0.450000, 0.250000, -0.622696
0.500000, 0.250000, -0.648201
0.550000, 0.250000, -0.683389
0.600000, 0.250000, -0.727143
0.650000, 0.250000, -0.778442
0.700000, 0.250000, -0.836392
0.750000, 0.250000, -0.900252
0.800000, 0.250000, -0.969448
0.850000, 0.250000, -1.043587
0.900000, 0.250000, -1.122462
0.950000, 0.250000, -1.206049
1.000000, 0.250000, -1.294504
1.050000, 0.250000, -1.388139
1.100000, 0.250000, -1.487414
1.150000, 0.250000, -1.592902
1.200000, 0.250000, -1.705268
1.250000, 0.250000, -1.825232
1.300000, 0.250000, -1.953534
1.350000, 0.250000, -2.090901
1.400000, 0.250000, -2.238012
1.450000, 0.250000, -2.395457
1.500000, 0.250000, -2.563713
1.550000, 0.250000, -2.743108
1.600000, 0.250000, -2.933798
1.650000, 0.250000, -3.135748
1.700000, 0.250000, -3.348716
1.750000, 0.250000, -3.572244
1.800000, 0.250000, -3.805662
1.850000, 0.250000, -4.048087
1.900000, 0.250000, -4.298439
1.950000, 0.250000, -4.555460
2.000000, 0.250000, -4.817740
0.000000, 0.300000, -0.956896
0.050000, 0.300000, -0.835361
0.100000, 0.300000, -0.730849
0.150000, 0.300000, -0.644064
0.200000, 0.300000, -0.575460
0.250000, 0.300000, -0.525244
0.300000, 0.300000, -0.493383
0.350000, 0.300000, -0.479617
0.400000, 0.300000, -0.483472
0.450000, 0.300000, -0.504282
0.500000, 0.300000, -0.541210
0.550000, 0.300000, -0.593280
0.600000, 0.300000, -0.659393
0.650000, 0.300000, -0.738365
0.700000, 0.300000, -0.828952
0.750000, 0.300000, -0.929876
0.800000, 0.300000, -1.039855
0.850000, 0.300000, -1.157627
0.900000, 0.300000, -1.281973
0.950000, 0.300000, -1.411737
1.000000, 0.300000, -1.545847
1.050000, 0.300000, -1.683326
1.100000, 0.300000, -1.823305
1.150000, 0.300000, -1.965031
1.200000, 0.300000, -2.107873
1.250000, 0.300000, -2.251321
1.300000, 0.300000, -2.394991
1.350000, 0.300000, -2.538614
1.400000, 0.300000, -2.682038
1.450000, 0.300000, -2.825215
1.500000, 0.300000, -2.968194
1.550000, 0.300000, -3.111113
1.600000, 0.300000, -3.254186
1.650000, 0.300000, -3.397695
1.700000, 0.300000, -3.541975
1.750000, 0.300000, -3.687411
1.800000, 0.300000, -3.834423
1.850000, 0.300000, -3.983460
1.900000, 0.300000, -4.134994
1.950000, 0.300000, -4.289513
2.000000, 0.300000, -4.447516
0.000000, 0.350000, -0.637349
0.050000, 0.350000, -0.501992
0.100000, 0.350000, -0.383003
0.150000, 0.350000, -0.282589
0.200000, 0.350000, -0.202639
0.250000, 0.350000, -0.144665
0.300000, 0.350000, -0.109757
0.350000, 0.350000, -0.098545
0.400000, 0.350000, -0.111179
0.450000, 0.350000, -0.147318
0.500000, 0.350000, -0.206136
0.550000, 0.350000, -0.286338
0.600000, 0.350000, -0.386196
0.650000, 0.350000, -0.503588
0.700000, 0.350000, -0.636058
0.750000, 0.350000, -0.780882
0.800000, 0.350000, -0.935139
0.850000, 0.350000, -1.095794
0.900000, 0.350000, -1.259783
0.950000, 0.350000, -1.424096
1.000000, 0.350000, -1.585864
1.050000, 0.350000, -1.742442
1.100000, 0.350000, -1.891486
1.150000, 0.350000, -2.031020
1.200000, 0.350000, -2.159496
1.250000, 0.350000, -2.275842
1.300000, 0.350000, -2.379498
1.350000, 0.350000, -2.470436
1.400000, 0.350000, -2.549166
1.450000, 0.350000, -2.616730
1.500000, 0.350000, -2.674672
1.550000, 0.350000, -2.725009
1.600000, 0.350000, -2.770172
1.650000, 0.350000, -2.812946
1.700000, 0.350000, -2.856396
1.750000, 0.350000, -2.903784
1.800000, 0.350000, -2.958480
1.850000, 0.350000, -3.023869
1.900000, 0.350000, -3.103259
1.950000, 0.350000, -3.199786
2.000000, 0.350000, -3.316327
0.000000, 0.400000, -0.224922
0.050000, 0.400000, -0.073486
0.100000, 0.400000, 0.061808
0.150000, 0.400000, 0.176684
0.200000, 0.400000, 0.267355
0.250000, 0.400000, 0.330677
0.300000, 0.400000, 0.364289
0.350000, 0.400000, 0.366722
0.400000, 0.400000, 0.337466
0.450000, 0.400000, 0.277016
0.500000, 0.400000, 0.186865
0.550000, 0.400000, 0.069468
0.600000, 0.400000, -0.071836
0.650000, 0.400000, -0.232934
0.700000, 0.400000, -0.409082
0.750000, 0.400000, -0.595079
0.800000, 0.400000, -0.785448
0.850000, 0.400000, -0.974648
0.900000, 0.400000, -1.157276
0.950000, 0.400000, -1.328277
1.000000, 0.400000, -1.483141
1.050000, 0.400000, -1.618088
1.100000, 0.400000, -1.730216
1.150000, 0.400000, -1.817637
1.200000, 0.400000, -1.879566
1.250000, 0.400000, -1.916370
1.300000, 0.400000, -1.929587
1.350000, 0.400000, -1.921889
1.400000, 0.400000, -1.897011
1.450000, 0.400000, -1.859641
1.500000, 0.400000, -1.815268
1.550000, 0.400000, -1.770000
1.600000, 0.400000, -1.730362
1.650000, 0.400000, -1.703070
1.700000, 0.400000, -1.694794
1.750000, 0.400000, -1.711921
1.800000, 0.400000, -1.760325
1.850000, 0.400000, -1.845151
1.900000, 0.400000, -1.970616
1.950000, 0.400000, -2.139847
2.000000, 0.400000, -2.354750
0.000000, 0.450000, 0.071418
0.050000, 0.450000, 0.241299
0.100000, 0.450000, 0.394699
0.150000, 0.450000, 0.524659
0.200000, 0.450000, 0.625021
0.250000, 0.450000, 0.690746
0.300000, 0.450000, 0.718187
0.350000, 0.450000, 0.705290
0.400000, 0.450000, 0.651723
0.450000, 0.450000, 0.558924
0.500000, 0.450000, 0.430059
0.550000, 0.450000, 0.269897
0.600000, 0.450000, 0.084615
0.650000, 0.450000, -0.118482
0.700000, 0.450000, -0.331287
0.750000, 0.450000, -0.545266
0.800000, 0.450000, -0.751855
0.850000, 0.450000, -0.942873
0.900000, 0.450000, -1.110913
0.950000, 0.450000, -1.249711
1.000000, 0.450000, -1.354469
1.050000, 0.450000, -1.422108
1.100000, 0.450000, -1.451455
1.150000, 0.450000, -1.443342
1.200000, 0.450000, -1.400614
1.250000, 0.450000, -1.328048
1.300000, 0.450000, -1.232185
1.350000, 0.450000, -1.121071
1.400000, 0.450000, -1.003942
1.450000, 0.450000, -0.890831
1.500000, 0.450000, -0.792154
1.550000, 0.450000, -0.718252
1.600000, 0.450000, -0.678948
1.650000, 0.450000, -0.683104
1.700000, 0.450000, -0.738226
1.750000, 0.450000, -0.850117
1.800000, 0.450000, -1.022597
1.850000, 0.450000, -1.257309
1.900000, 0.450000, -1.553617
1.950000, 0.450000, -1.908599
2.000000, 0.450000, -2.317134
0.000000, 0.500000, 0.083182
0.050000, 0.500000, 0.273925
0.100000, 0.500000, 0.447146
0.150000, 0.500000, 0.592548
0.200000, 0.500000, 0.701149
0.250000, 0.500000, 0.765844
0.300000, 0.500000, 0.781861
0.350000, 0.500000, 0.747075
0.400000, 0.500000, 0.662175
0.450000, 0.500000, 0.530662
0.500000, 0.500000, 0.358681
0.550000, 0.500000, 0.154701
0.600000, 0.500000, -0.070950
0.650000, 0.500000, -0.306658
0.700000, 0.500000, -0.540186
0.750000, 0.500000, -0.759374
0.800000, 0.500000, -0.952848
0.850000, 0.500000, -1.110698
0.900000, 0.500000, -1.225076
0.950000, 0.500000, -1.290694
1.000000, 0.500000, -1.305177
1.050000, 0.500000, -1.269269
1.100000, 0.500000, -1.186860
1.150000, 0.500000, -1.064842
1.200000, 0.500000, -0.912797
1.250000, 0.500000, -0.742535
1.300000, 0.500000, -0.567501
1.350000, 0.500000, -0.402086
1.400000, 0.500000, -0.260878
1.450000, 0.500000, -0.157894
1.500000, 0.500000, -0.105831
1.550000, 0.500000, -0.115382
1.600000, 0.500000, -0.194651
1.650000, 0.500000, -0.348700
1.700000, 0.500000, -0.579251
1.750000, 0.500000, -0.884563
1.800000, 0.500000, -1.259495
1.850000, 0.500000, -1.695740
1.900000, 0.500000, -2.182232
1.950000, 0.500000, -2.705694
2.000000, 0.500000, -3.251311
0.000000, 0.550000, -0.252394
0.050000, 0.550000, -0.038387
0.100000, 0.550000, 0.156225
0.150000, 0.550000, 0.317116
0.200000, 0.550000, 0.432068
0.250000, 0.550000, 0.491871
0.300000, 0.550000, 0.491007
0.350000, 0.550000, 0.428088
0.400000, 0.550000, 0.305993
0.450000, 0.550000, 0.131716
0.500000, 0.550000, -0.084084
0.550000, 0.550000, -0.327784
0.600000, 0.550000, -0.583719
0.650000, 0.550000, -0.835253
0.700000, 0.550000, -1.065928
0.750000, 0.550000, -1.260615
0.800000, 0.550000, -1.406593
0.850000, 0.550000, -1.494470
0.900000, 0.550000, -1.518898
0.950000, 0.550000, -1.479020
1.000000, 0.550000, -1.378623
1.050000, 0.550000, -1.225983
1.100000, 0.550000, -1.033411
1.150000, 0.550000, -0.816524
1.200000, 0.550000, -0.593293
1.250000, 0.550000, -0.382925
1.300000, 0.550000, -0.204653
1.350000, 0.550000, -0.076516
1.400000, 0.550000, -0.014202
1.450000, 0.550000, -0.030036
1.500000, 0.550000, -0.132181
1.550000, 0.550000, -0.324094
1.600000, 0.550000, -0.604292
1.650000, 0.550000, -0.966422
1.700000, 0.550000, -1.399648
1.750000, 0.550000, -1.889323
1.800000, 0.550000, -2.417903
1.850000, 0.550000, -2.966040
1.900000, 0.550000, -3.513795
1.950000, 0.550000, -4.041875
2.000000, 0.550000, -4.532827
0.000000, 0.600000, -0.867472
0.050000, 0.600000, -0.627873
0.100000, 0.600000, -0.410507
0.150000, 0.600000, -0.234435
0.200000, 0.600000, -0.115458
0.250000, 0.600000, -0.064771
0.300000, 0.600000, -0.087994
0.350000, 0.600000, -0.184657
0.400000, 0.600000, -0.348199
0.450000, 0.600000, -0.566455
0.500000, 0.600000, -0.822623
0.550000, 0.600000, -1.096608
0.600000, 0.600000, -1.366651
0.650000, 0.600000, -1.611112
0.700000, 0.600000, -1.810256
0.750000, 0.600000, -1.947907
0.800000, 0.600000, -2.012834
0.850000, 0.600000, -1.999750
0.900000, 0.600000, -1.909855
0.950000, 0.600000, -1.750864
1.000000, 0.600000, -1.536522
1.050000, 0.600000, -1.285644
1.100000, 0.600000, -1.020736
1.150000, 0.600000, -0.766332
1.200000, 0.600000, -0.547150
1.250000, 0.600000, -0.386223
1.300000, 0.600000, -0.303152
1.350000, 0.600000, -0.312611
1.400000, 0.600000, -0.423230
1.450000, 0.600000, -0.636932
1.500000, 0.600000, -0.948791
1.550000, 0.600000, -1.347406
1.600000, 0.600000, -1.815774
1.650000, 0.600000, -2.332590
1.700000, 0.600000, -2.873864
1.750000, 0.600000, -3.414744
1.800000, 0.600000, -3.931391
1.850000, 0.600000, -4.402756
1.900000, 0.600000, -4.812138
1.950000, 0.600000, -5.148380
2.000000, 0.600000, -5.406629
0.000000, 0.650000, -1.588617
0.050000, 0.650000, -1.321236
0.100000, 0.650000, -1.080013
0.150000, 0.650000, -0.889458
0.200000, 0.650000, -0.769219
0.250000, 0.650000, -0.732153
0.300000, 0.650000, -0.783049
0.350000, 0.650000, -0.918132
0.400000, 0.650000, -1.125379
0.450000, 0.650000, -1.385635
0.500000, 0.650000, -1.674414
0.550000, 0.650000, -1.964224
0.600000, 0.650000, -2.227194
0.650000, 0.650000, -2.437757
0.700000, 0.650000, -2.575142
0.750000, 0.650000, -2.625430
0.800000, 0.650000, -2.582997
0.850000, 0.650000, -2.451182
0.900000, 0.650000, -2.242139
0.950000, 0.650000, -1.975864
1.000000, 0.650000, -1.678492
1.050000, 0.650000, -1.380023
1.100000, 0.650000, -1.111670
1.150000, 0.650000, -0.903092
1.200000, 0.650000, -0.779745
1.250000, 0.650000, -0.760616
1.300000, 0.650000, -0.856534
1.350000, 0.650000, -1.069211
1.400000, 0.650000, -1.391121
1.450000, 0.650000, -1.806203
1.500000, 0.650000, -2.291334
1.550000, 0.650000, -2.818444
1.600000, 0.650000, -3.357054
1.650000, 0.650000, -3.877028
1.700000, 0.650000, -4.351269
1.750000, 0.650000, -4.758111
1.800000, 0.650000, -5.083200
1.850000, 0.650000, -5.320676
1.900000, 0.650000, -5.473561
1.950000, 0.650000, -5.553319
2.000000, 0.650000, -5.578625
0.000000, 0.700000, -2.202159
0.050000, 0.700000, -1.904999
0.100000, 0.700000, -1.639127
0.150000, 0.700000, -1.435213
0.200000, 0.700000, -1.316897
0.250000, 0.700000, -1.298145
0.300000, 0.700000, -1.381677
0.350000, 0.700000, -1.558644
0.400000, 0.700000, -1.809569
0.450000, 0.700000, -2.106481
0.500000, 0.700000, -2.415983
0.550000, 0.700000, -2.702940
0.600000, 0.700000, -2.934380
0.650000, 0.700000, -3.083183
0.700000, 0.700000, -3.131166
0.750000, 0.700000, -3.071214
0.800000, 0.700000, -2.908235
0.850000, 0.700000, -2.658822
0.900000, 0.700000, -2.349665
0.950000, 0.700000, -2.014864
1.000000, 0.700000, -1.692445
1.050000, 0.700000, -1.420435
1.100000, 0.700000, -1.232924
1.150000, 0.700000, -1.156531
1.200000, 0.700000, -1.207656
1.250000, 0.700000, -1.390804
1.300000, 0.700000, -1.698161
1.350000, 0.700000, -2.110480
1.400000, 0.700000, -2.599152
1.450000, 0.700000, -3.129272
1.500000, 0.700000, -3.663341
1.550000, 0.700000, -4.165229
1.600000, 0.700000, -4.603954
1.650000, 0.700000, -4.956890
1.700000, 0.700000, -5.212050
1.750000, 0.700000, -5.369204
1.800000, 0.700000, -5.439716
1.850000, 0.700000, -5.445129
1.900000, 0.700000, -5.414642
1.950000, 0.700000, -5.381766
2.000000, 0.700000, -5.380524
0.000000, 0.750000, -2.534968
0.050000, 0.750000, -2.206279
0.100000, 0.750000, -1.915323
0.150000, 0.750000, -1.699620
0.200000, 0.750000, -1.586810
0.250000, 0.750000, -1.591159
0.300000, 0.750000, -1.711756
0.350000, 0.750000, -1.932622
0.400000, 0.750000, -2.224720
0.450000, 0.750000, -2.549614
0.500000, 0.750000, -2.864326
0.550000, 0.750000, -3.126782
0.600000, 0.750000, -3.301186
0.650000, 0.750000, -3.362626
0.700000, 0.750000, -3.300369
0.750000, 0.750000, -3.119410
0.800000, 0.750000, -2.840088
0.850000, 0.750000, -2.495810
0.900000, 0.750000, -2.129154
0.950000, 0.750000, -1.786832
1.000000, 0.750000, -1.514131
1.050000, 0.750000, -1.349504
1.100000, 0.750000, -1.319990
1.150000, 0.750000, -1.438010
1.200000, 0.750000, -1.699944
1.250000, 0.750000, -2.086655
1.300000, 0.750000, -2.565895
1.350000, 0.750000, -3.096290
1.400000, 0.750000, -3.632429
1.450000, 0.750000, -4.130399
1.500000, 0.750000, -4.553114
1.550000, 0.750000, -4.874761
1.600000, 0.750000, -5.083824
1.650000, 0.750000, -5.184323
1.700000, 0.750000, -5.195101
1.750000, 0.750000, -5.147274
1.800000, 0.750000, -5.080150
1.850000, 0.750000, -5.036135
1.900000, 0.750000, -5.055252
1.950000, 0.750000, -5.169972
2.000000, 0.750000, -5.400983
0.000000, 0.800000, -2.519808
0.050000, 0.800000, -2.158135
0.100000, 0.800000, -1.842053
0.150000, 0.800000, -1.616592
0.200000, 0.800000, -1.513237
0.250000, 0.800000, -1.545465
0.300000, 0.800000, -1.706845
0.350000, 0.800000, -1.971989
0.400000, 0.800000, -2.300200
0.450000, 0.800000, -2.641313
0.500000, 0.800000, -2.942910
0.550000, 0.800000, -3.157870
0.600000, 0.800000, -3.251223
0.650000, 0.800000, -3.205303
0.700000, 0.800000, -3.022499
0.750000, 0.800000, -2.725198
0.800000, 0.800000, -2.352916
0.850000, 0.800000, -1.957029
0.900000, 0.800000, -1.593824
0.950000, 0.800000, -1.316844
1.000000, 0.800000, -1.169595
1.050000, 0.800000, -1.179636
1.100000, 0.800000, -1.354874
1.150000, 0.800000, -1.682580
1.200000, 0.800000, -2.131268
1.250000, 0.800000, -2.655160
1.300000, 0.800000, -3.200618
1.350000, 0.800000, -3.713635
1.400000, 0.800000, -4.147331
1.450000, 0.800000, -4.468416
1.500000, 0.800000, -4.661700
1.550000, 0.800000, -4.732029
1.600000, 0.800000, -4.703375
1.650000, 0.800000, -4.615226
1.700000, 0.800000, -4.516770
1.750000, 0.800000, -4.459711
1.800000, 0.800000, -4.490725
1.850000, 0.800000, -4.644630
1.900000, 0.800000, -4.939227
1.950000, 0.800000, -5.372552
2.000000, 0.800000, -5.922920
0.000000, 0.850000, -2.220328
0.050000, 0.850000, -1.824553
0.100000, 0.850000, -1.483726
0.150000, 0.850000, -1.251002
0.200000, 0.850000, -1.161374
0.250000, 0.850000, -1.226138
0.300000, 0.850000, -1.431151
0.350000, 0.850000, -1.739179
0.400000, 0.850000, -2.095934
0.450000, 0.850000, -2.438865
0.500000, 0.850000, -2.707294
0.550000, 0.850000, -2.852281
0.600000, 0.850000, -2.844673
0.650000, 0.850000, -2.680022
0.700000, 0.850000, -2.379621
0.750000, 0.850000, -1.987454
0.800000, 0.850000, -1.563563
0.850000, 0.850000, -1.174848
0.900000, 0.850000, -0.884775
0.950000, 0.850000, -0.743586
1.000000, 0.850000, -0.780582
1.050000, 0.850000, -0.999677
1.100000, 0.850000, -1.378920
1.150000, 0.850000, -1.874081
1.200000, 0.850000, -2.425693
1.250000, 0.850000, -2.968476
1.300000, 0.850000, -3.441609
1.350000, 0.850000, -3.798267
1.400000, 0.850000, -4.012876
1.450000, 0.850000, -4.084974
1.500000, 0.850000, -4.039050
1.550000, 0.850000, -3.920400
1.600000, 0.850000, -3.787667
1.650000, 0.850000, -3.703245
1.700000, 0.850000, -3.723073
1.750000, 0.850000, -3.887459
1.800000, 0.850000, -4.214369
1.850000, 0.850000, -4.696274
1.900000, 0.850000, -5.301050
1.950000, 0.850000, -5.976798
2.000000, 0.850000, -6.659830
0.000000, 0.900000, -1.806159
0.050000, 0.900000, -1.375531
0.100000, 0.900000, -1.010786
0.150000, 0.900000, -0.773756
0.200000, 0.900000, -0.702397
0.250000, 0.900000, -0.804120
0.300000, 0.900000, -1.054604
0.350000, 0.900000, -1.402275
0.400000, 0.900000, -1.777669
0.450000, 0.900000, -2.106013
0.500000, 0.900000, -2.320780
0.550000, 0.900000, -2.375817
0.600000, 0.900000, -2.253885
0.650000, 0.900000, -1.970087
0.700000, 0.900000, -1.569571
0.750000, 0.900000, -1.119905
0.800000, 0.900000, -0.699465
0.850000, 0.900000, -0.383882
0.900000, 0.900000, -0.232948
0.950000, 0.900000, -0.280284
1.000000, 0.900000, -0.527611
1.050000, 0.900000, -0.944607
1.100000, 0.900000, -1.474399
1.150000, 0.900000, -2.043698
1.200000, 0.900000, -2.575781
1.250000, 0.900000, -3.004026
1.300000, 0.900000, -3.283596
1.350000, 0.900000, -3.399212
1.400000, 0.900000, -3.367632
1.450000, 0.900000, -3.234417
1.500000, 0.900000, -3.065545
1.550000, 0.900000, -2.935383
1.600000, 0.900000, -2.913150
1.650000, 0.900000, -3.050276
1.700000, 0.900000, -3.370908
1.750000, 0.900000, -3.867259
1.800000, 0.900000, -4.500629
1.850000, 0.900000, -5.207924
1.900000, 0.900000, -5.912528
1.950000, 0.900000, -6.537620
2.000000, 0.900000, -7.019557
0.000000, 0.950000, -1.487647
0.050000, 0.950000, -1.021808
0.100000, 0.950000, -0.634426
0.150000, 0.950000, -0.396493
0.200000, 0.950000, -0.348149
0.250000, 0.950000, -0.490912
0.300000, 0.950000, -0.787573
0.350000, 0.950000, -1.169792
0.400000, 0.950000, -1.551874
0.450000, 0.950000, -1.848016
0.500000, 0.950000, -1.989601
0.550000, 0.950000, -1.939143
0.600000, 0.950000, -1.698098
0.650000, 0.950000, -1.307016
0.700000, 0.950000, -0.837975
0.750000, 0.950000, -0.380788
0.800000, 0.950000, -0.025690
0.850000, 0.950000, 0.154102
0.900000, 0.950000, 0.116511
0.950000, 0.950000, -0.141358
1.000000, 0.950000, -0.582844
1.050000, 0.950000, -1.139082
1.100000, 0.950000, -1.722645
1.150000, 0.950000, -2.244766
1.200000, 0.950000, -2.632769
1.250000, 0.950000, -2.844247
1.300000, 0.950000, -2.875226
1.350000, 0.950000, -2.760685
1.400000, 0.950000, -2.567358
1.450000, 0.950000, -2.380222
1.500000, 0.950000, -2.285364
1.550000, 0.950000, -2.352598
1.600000, 0.950000, -2.621278
1.650000, 0.950000, -3.092104
1.700000, 0.950000, -3.726559
1.750000, 0.950000, -4.454083
1.800000, 0.950000, -5.185602
1.850000, 0.950000, -5.830727
1.900000, 0.950000, -6.315266
1.950000, 0.950000, -6.595598
2.000000, 0.950000, -6.667069
0.000000, 1.000000, -1.435160
0.050000, 1.000000, -0.934158
0.100000, 1.000000, -0.525876
0.150000, 1.000000, -0.290860
0.200000, 1.000000, -0.270420
0.250000, 1.000000, -0.457844
0.300000, 1.000000, -0.800161
0.350000, 1.000000, -1.210037
0.400000, 1.000000, -1.585216
0.450000, 1.000000, -1.831250
0.500000, 1.000000, -1.882562
0.550000, 1.000000, -1.717223
0.600000, 1.000000, -1.362234
0.650000, 1.000000, -0.888121
0.700000, 1.000000, -0.394033
0.750000, 1.000000, 0.013436
0.800000, 1.000000, 0.243082
0.850000, 1.000000, 0.238628
0.900000, 1.000000, -0.009293
0.950000, 1.000000, -0.461321
1.000000, 1.000000, -1.038097
1.050000, 1.000000, -1.637633
1.100000, 1.000000, -2.157542
1.150000, 1.000000, -2.517277
1.200000, 1.000000, -2.675528
1.250000, 1.000000, -2.639008
1.300000, 1.000000, -2.460687
1.350000, 1.000000, -2.227899
1.400000, 1.000000, -2.042901
1.450000, 1.000000, -2.000139
1.500000, 1.000000, -2.165193
1.550000, 1.000000, -2.559989
1.600000, 1.000000, -3.157528
1.650000, 1.000000, -3.887283
1.700000, 1.000000, -4.650106
1.750000, 1.000000, -5.339402
1.800000, 1.000000, -5.863967
1.850000, 1.000000, -6.167525
1.900000, 1.000000, -6.240708
1.950000, 1.000000, -6.122876
2.000000, 1.000000, -5.893388
0.000000, 1.050000, -1.713799
0.050000, 1.050000, -1.178093
0.100000, 1.050000, -0.751096
0.150000, 1.050000, -0.523204
0.200000, 1.050000, -0.535611
0.250000, 1.050000, -0.770750
0.300000, 1.050000, -1.156911
0.350000, 1.050000, -1.585887
0.400000, 1.050000, -1.939433
0.450000, 1.050000, -2.118160
0.500000, 1.050000, -2.065925
0.550000, 1.050000, -1.783854
0.600000, 1.050000, -1.330627
0.650000, 1.050000, -0.808923
0.700000, 1.050000, -0.341294
0.750000, 1.050000, -0.041208
0.800000, 1.050000, 0.013769
0.850000, 1.050000, -0.199737
0.900000, 1.050000, -0.645559
0.950000, 1.050000, -1.236830
1.000000, 1.050000, -1.856904
1.050000, 1.050000, -2.387333
1.100000, 1.050000, -2.736191
1.150000, 1.050000, -2.859948
1.200000, 1.050000, -2.773654
1.250000, 1.050000, -2.547004
1.300000, 1.050000, -2.287218
1.350000, 1.050000, -2.112876
1.400000, 1.050000, -2.124967
1.450000, 1.050000, -2.382142
1.500000, 1.050000, -2.886092
1.550000, 1.050000, -3.580581
1.600000, 1.050000, -4.364393
1.650000, 1.050000, -5.115076
1.700000, 1.050000, -5.717824
1.750000, 1.050000, -6.092567
1.800000, 1.050000, -6.212782
1.850000, 1.050000, -6.111535
1.900000, 1.050000, -5.873299
1.950000, 1.050000, -5.613517
2.000000, 1.050000, -5.450834
0.000000, 1.100000, -2.258463
0.050000, 1.100000, -1.688919
0.100000, 1.100000, -1.245820
0.150000, 1.100000, -1.029596
0.200000, 1.100000, -1.079769
0.250000, 1.100000, -1.365008
0.300000, 1.100000, -1.791873
0.350000, 1.100000, -2.229914
0.400000, 1.100000, -2.546545
0.450000, 1.100000, -2.642491
0.500000, 1.100000, -2.478499
0.550000, 1.100000, -2.086266
0.600000, 1.100000, -1.560702
0.650000, 1.100000, -1.035554
0.700000, 1.100000, -0.648766
0.750000, 1.100000, -0.506678
0.800000, 1.100000, -0.656452
0.850000, 1.100000, -1.073964
0.900000, 1.100000, -1.670335
0.950000, 1.100000, -2.315376
1.000000, 1.100000, -2.871797
1.050000, 1.100000, -3.231175
1.100000, 1.100000, -3.342251
1.150000, 1.100000, -3.224110
1.200000, 1.100000, -2.960802
1.250000, 1.100000, -2.678815
1.300000, 1.100000, -2.513337
1.350000, 1.100000, -2.572181
1.400000, 1.100000, -2.906864
1.450000, 1.100000, -3.498456
1.500000, 1.100000, -4.261927
1.550000, 1.100000, -5.067877
1.600000, 1.100000, -5.775935
1.650000, 1.100000, -6.271085
1.700000, 1.100000, -6.493385
1.750000, 1.100000, -6.453271
1.800000, 1.100000, -6.228450
1.850000, 1.100000, -5.943202
1.900000, 1.100000, -5.735536
1.950000, 1.100000, -5.720830
2.000000, 1.100000, -5.961522
0.000000, 1.150000, -2.898784
0.050000, 1.150000, -2.296659
0.100000, 1.150000, -1.840474
0.150000, 1.150000, -1.640746
0.200000, 1.150000, -1.733488
0.250000, 1.150000, -2.070446
0.300000, 1.150000, -2.533548
0.350000, 1.150000, -2.969397
0.400000, 1.150000, -3.233916
0.450000, 1.150000, -3.234328
0.500000, 1.150000, -2.956430
0.550000, 1.150000, -2.469328
0.600000, 1.150000, -1.906248
0.650000, 1.150000, -1.426925
0.700000, 1.150000, -1.172323
0.750000, 1.150000, -1.224647
0.800000, 1.150000, -1.584107
0.850000, 1.150000, -2.169074
0.900000, 1.150000, -2.839583
0.950000, 1.150000, -3.437447
1.000000, 1.150000, -3.831480
1.050000, 1.150000, -3.954880
1.100000, 1.150000, -3.824059
1.150000, 1.150000, -3.533534
1.200000, 1.150000, -3.228352
1.250000, 1.150000, -3.061967
1.300000, 1.150000, -3.151645
1.350000, 1.150000, -3.544201
1.400000, 1.150000, -4.201898
1.450000, 1.150000, -5.012569
1.500000, 1.150000, -5.821067
1.550000, 1.150000, -6.473071
1.600000, 1.150000, -6.858683
1.650000, 1.150000, -6.943362
1.700000, 1.150000, -6.777322
1.750000, 1.150000, -6.480741
1.800000, 1.150000, -6.208996
1.850000, 1.150000, -6.107923
1.900000, 1.150000, -6.271917
1.950000, 1.150000, -6.716872
2.000000, 1.150000, -7.375739
0.000000, 1.200000, -3.424417
0.050000, 1.200000, -2.791334
0.100000, 1.200000, -2.325443
0.150000, 1.200000, -2.147263
0.200000, 1.200000, -2.287169
0.250000, 1.200000, -2.676612
0.300000, 1.200000, -3.170189
0.350000, 1.200000, -3.591673
0.400000, 1.200000, -3.789644
0.450000, 1.200000, -3.685399
0.500000, 1.200000, -3.298185
0.550000, 1.200000, -2.739897
0.600000, 1.200000, -2.180865
0.650000, 1.200000, -1.797378
0.700000, 1.200000, -1.717248
0.750000, 1.200000, -1.980381
0.800000, 1.200000, -2.526594
0.850000, 1.200000, -3.214486
0.900000, 1.200000, -3.865466
0.950000, 1.200000, -4.319250
1.000000, 1.200000, -4.483532
1.050000, 1.200000, -4.362386
1.100000, 1.200000, -4.054551
1.150000, 1.200000, -3.722152
1.200000, 1.200000, -3.539608
1.250000, 1.200000, -3.638648
1.300000, 1.200000, -4.066568
1.350000, 1.200000, -4.770751
1.400000, 1.200000, -5.614277
1.450000, 1.200000, -6.417796
1.500000, 1.200000, -7.014630
1.550000, 1.200000, -7.301984
1.600000, 1.200000, -7.272315
1.650000, 1.200000, -7.015141
1.700000, 1.200000, -6.688704
1.750000, 1.200000, -6.470346
1.800000, 1.200000, -6.501053
1.850000, 1.200000, -6.841424
1.900000, 1.200000, -7.452801
1.950000, 1.200000, -8.209413
2.000000, 1.200000, -8.937762
0.000000, 1.250000, -3.665729
0.050000, 1.250000, -3.003649
0.100000, 1.250000, -2.531748
0.150000, 1.250000, -2.380320
0.200000, 1.250000, -2.571683
0.250000, 1.250000, -3.013452
0.300000, 1.250000, -3.530515
0.350000, 1.250000, -3.924896
0.400000, 1.250000, -4.043325
0.450000, 1.250000, -3.829710
0.500000, 1.250000, -3.344800
0.550000, 1.250000, -2.746405
0.600000, 1.250000, -2.236815
0.650000, 1.250000, -1.995126
0.700000, 1.250000, -2.117272
0.750000, 1.250000, -2.583969
0.800000, 1.250000, -3.267364
0.850000, 1.250000, -3.974145
0.900000, 1.250000, -4.510588
0.950000, 1.250000, -4.747605
1.000000, 1.250000, -4.663889
1.050000, 1.250000, -4.352613
1.100000, 1.250000, -3.989441
1.150000, 1.250000, -3.772644
1.200000, 1.250000, -3.855525
1.250000, 1.250000, -4.293951
1.300000, 1.250000, -5.026689
1.350000, 1.250000, -5.895202
1.400000, 1.250000, -6.696245
1.450000, 1.250000, -7.249565
1.500000, 1.250000, -7.457896
1.550000, 1.250000, -7.339049
1.600000, 1.250000, -7.019299
1.650000, 1.250000, -6.690311
1.700000, 1.250000, -6.544140
1.750000, 1.250000, -6.708217
1.800000, 1.250000, -7.202247
1.850000, 1.250000, -7.931554
1.900000, 1.250000, -8.719102
1.950000, 1.250000, -9.365412
2.000000, 1.250000, -9.716171
0.000000, 1.300000, -3.559072
0.050000, 1.300000, -2.870246
0.100000, 1.300000, -2.396301
0.150000, 1.300000, -2.276910
0.200000, 1.300000, -2.523623
0.250000, 1.300000, -3.016575
0.300000, 1.300000, -3.549005
0.350000, 1.300000, -3.903372
0.400000, 1.300000, -3.931363
0.450000, 1.300000, -3.608667
0.500000, 1.300000, -3.044587
0.550000, 1.300000, -2.442954
0.600000, 1.300000, -2.028565
0.650000, 1.300000, -1.965864
0.700000, 1.300000, -2.299450
0.750000, 1.300000, -2.938029
0.800000, 1.300000, -3.687643
0.850000, 1.300000, -4.322099
0.900000, 1.300000, -4.664979
0.950000, 1.300000, -4.653404
1.000000, 1.300000, -4.360388
1.050000, 1.300000, -3.967648
1.100000, 1.300000, -3.698784
1.150000, 1.300000, -3.737142
1.200000, 1.300000, -4.158265
1.250000, 1.300000, -4.901510
1.300000, 1.300000, -5.791176
1.350000, 1.300000, -6.599493
1.400000, 1.300000, -7.128576
1.450000, 1.300000, -7.281555
1.500000, 1.300000, -7.097046
1.550000, 1.300000, -6.734433
1.600000, 1.300000, -6.415332
1.650000, 1.300000, -6.342545
1.700000, 1.300000, -6.625988
1.750000, 1.300000, -7.242543
1.800000, 1.300000, -8.044436
1.850000, 1.300000, -8.813098
1.900000, 1.300000, -9.338920
1.950000, 1.300000, -9.497878
2.000000, 1.300000, -9.297164
0.000000, 1.350000, -3.171682
0.050000, 1.350000, -2.458608
0.100000, 1.350000, -1.986794
0.150000, 1.350000, -1.904724
0.200000, 1.350000, -2.210189
0.250000, 1.350000, -2.752151
0.300000, 1.350000, -3.290837
0.350000, 1.350000, -3.592519
0.400000, 1.350000, -3.521873
0.450000, 1.350000, -3.095762
0.500000, 1.350000, -2.477381
0.550000, 1.350000, -1.913026
0.600000, 1.350000, -1.636233
0.650000, 1.350000, -1.776750
0.700000, 1.350000, -2.309978
0.750000, 1.350000, -3.066633
0.800000, 1.350000, -3.798868
0.850000, 1.350000, -4.276966
0.900000, 1.350000, -4.378803
0.950000, 1.350000, -4.137072
1.000000, 1.350000, -3.725809
1.050000, 1.350000, -3.391514
1.100000, 1.350000, -3.355837
1.150000, 1.350000, -3.727907
1.200000, 1.350000, -4.460657
1.250000, 1.350000, -5.368231
1.300000, 1.350000, -6.197702
1.350000, 1.350000, -6.727059
1.400000, 1.350000, -6.851158
1.450000, 1.350000, -6.622016
1.500000, 1.350000, -6.227727
1.550000, 1.350000, -5.918238
1.600000, 1.350000, -5.907069
1.650000, 1.350000, -6.287421
1.700000, 1.350000, -6.995512
1.750000, 1.350000, -7.835491
1.800000, 1.350000, -8.556178
1.850000, 1.350000, -8.949609
1.900000, 1.350000, -8.932822
1.950000, 1.350000, -8.580868
2.000000, 1.350000, -8.098131
0.000000, 1.400000, -2.676688
0.050000, 1.400000, -1.942058
0.100000, 1.400000, -1.476694
0.150000, 1.400000, -1.437151
0.200000, 1.400000, -1.804190
0.250000, 1.400000, -2.391935
0.300000, 1.400000, -2.926934
0.350000, 1.400000, -3.163923
0.400000, 1.400000, -2.989669
0.450000, 1.400000, -2.471306
0.500000, 1.400000, -1.828846
0.550000, 1.400000, -1.343385
0.600000, 1.400000, -1.239525
0.650000, 1.400000, -1.591334
0.700000, 1.400000, -2.291323
0.750000, 1.400000, -3.095445
0.800000, 1.400000, -3.725237
0.850000, 1.400000, -3.984248
0.900000, 1.400000, -3.839897
0.950000, 1.400000, -3.436418
1.000000, 1.400000, -3.033484
1.050000, 1.400000, -2.896279
1.100000, 1.400000, -3.183193
1.150000, 1.400000, -3.878278
1.200000, 1.400000, -4.796857
1.250000, 1.400000, -5.661947
1.300000, 1.400000, -6.219458
1.350000, 1.400000, -6.343831
1.400000, 1.400000, -6.089826
1.450000, 1.400000, -5.668725
1.500000, 1.400000, -5.358978
1.550000, 1.400000, -5.388792
1.600000, 1.400000, -5.839960
1.650000, 1.400000, -6.613314
1.700000, 1.400000, -7.470277
1.750000, 1.400000, -8.133111
1.800000, 1.400000, -8.401757
1.850000, 1.400000, -8.238238
1.900000, 1.400000, -7.783194
1.950000, 1.400000, -7.297579
2.000000, 1.400000, -7.053989
0.000000, 1.450000, -2.287763
0.050000, 1.450000, -1.534400
0.100000, 1.450000, -1.079888
0.150000, 1.450000, -1.087915
0.200000, 1.450000, -1.518685
0.250000, 1.450000, -2.147923
0.300000, 1.450000, -2.668653
0.350000, 1.450000, -2.830029
0.400000, 1.450000, -2.550841
0.450000, 1.450000, -1.956738
0.500000, 1.450000, -1.324404
0.550000, 1.450000, -0.957762
0.600000, 1.450000, -1.051769
0.650000, 1.450000, -1.604958
0.700000, 1.450000, -2.419985
0.750000, 1.450000, -3.191958
0.800000, 1.450000, -3.644865
0.850000, 1.450000, -3.654889
0.900000, 1.450000, -3.305224
0.950000, 1.450000, -2.847825
1.000000, 1.450000, -2.589265
1.050000, 1.450000, -2.751997
1.100000, 1.450000, -3.373327
1.150000, 1.450000, -4.287490
1.200000, 1.450000, -5.198918
1.250000, 1.450000, -5.813810
1.300000, 1.450000, -5.970979
1.350000, 1.450000, -5.713232
1.400000, 1.450000, -5.267267
1.450000, 1.450000, -4.941136
1.500000, 1.450000, -4.985323
1.550000, 1.450000, -5.479844
1.600000, 1.450000, -6.298056
1.650000, 1.450000, -7.163447
1.700000, 1.450000, -7.773894
1.750000, 1.450000, -7.937613
1.800000, 1.450000, -7.659726
1.850000, 1.450000, -7.140595
1.900000, 1.450000, -6.686622
1.950000, 1.450000, -6.573579
2.000000, 1.450000, -6.923786
0.000000, 1.500000, -2.178339
0.050000, 1.500000, -1.409141
0.100000, 1.500000, -0.969897
0.150000, 1.500000, -1.030295
0.200000, 1.500000, -1.526212
0.250000, 1.500000, -2.191602
0.300000, 1.500000, -2.687056
0.350000, 1.500000, -2.763395
0.400000, 1.500000, -2.381891
0.450000, 1.500000, -1.733485
0.500000, 1.500000, -1.147764
0.550000, 1.500000, -0.935330
0.600000, 1.500000, -1.239052
0.650000, 1.500000, -1.965513
0.700000, 1.500000, -2.829478
0.750000, 1.500000, -3.490096
0.800000, 1.500000, -3.713573
0.850000, 1.500000, -3.484388
0.900000, 1.500000, -3.011775
0.950000, 1.500000, -2.628390
1.000000, 1.500000, -2.629742
1.050000, 1.500000, -3.131370
1.100000, 1.500000, -4.012222
1.150000, 1.500000, -4.971412
1.200000, 1.500000, -5.671176
1.250000, 1.500000, -5.897565
1.300000, 1.500000, -5.661894
1.350000, 1.500000, -5.194366
1.400000, 1.500000, -4.832944
1.450000, 1.500000, -4.860746
1.500000, 1.500000, -5.369899
1.550000, 1.500000, -6.217097
1.600000, 1.500000, -7.092177
1.650000, 1.500000, -7.666838
1.700000, 1.500000, -7.752258
1.750000, 1.500000, -7.390053
1.800000, 1.500000, -6.832994
1.850000, 1.500000, -6.424694
1.900000, 1.500000, -6.435916
1.950000, 1.500000, -6.935889
2.000000, 1.500000, -7.760303
0.000000, 1.550000, -2.416255
0.050000, 1.550000, -1.634130
0.100000, 1.550000, -1.214516
0.150000, 1.550000, -1.331763
0.200000, 1.550000, -1.893435
0.250000, 1.550000, -2.588621
0.300000, 1.550000, -3.047599
0.350000, 1.550000, -3.031355
0.400000, 1.550000, -2.554247
0.450000, 1.550000, -1.877207
0.500000, 1.550000, -1.374939
0.550000, 1.550000, -1.344867
0.600000, 1.550000, -1.855290
0.650000, 1.550000, -2.710246
0.700000, 1.550000, -3.548989
0.750000, 1.550000, -4.029366
0.800000, 1.550000, -4.001524
0.850000, 1.550000, -3.583361
0.900000, 1.550000, -3.099237
0.950000, 1.550000, -2.913248
1.000000, 1.550000, -3.242162
1.050000, 1.550000, -4.043483
1.100000, 1.550000, -5.035796
1.150000, 1.550000, -5.841040
1.200000, 1.550000, -6.176153
1.250000, 1.550000, -5.996341
1.300000, 1.550000, -5.516905
1.350000, 1.550000, -5.102501
1.400000, 1.550000, -5.080381
1.450000, 1.550000, -5.572891
1.500000, 1.550000, -6.434721
1.550000, 1.550000, -7.326923
1.600000, 1.550000, -7.889932
1.650000, 1.550000, -7.927320
1.700000, 1.550000, -7.506513
1.750000, 1.550000, -6.925074
1.800000, 1.550000, -6.559744
1.850000, 1.550000, -6.675231
1.900000, 1.550000, -7.290290
1.950000, 1.550000, -8.169384
2.000000, 1.550000, -8.944161
0.000000, 1.600000, -2.938747
0.050000, 1.600000, -2.146550
0.100000, 1.600000, -1.750808
0.150000, 1.600000, -1.928987
0.200000, 1.600000, -2.556157
0.250000, 1.600000, -3.273816
0.300000, 1.600000, -3.685177
0.350000, 1.600000, -3.571023
0.400000, 1.600000, -3.009114
0.450000, 1.600000, -2.332407
0.500000, 1.600000, -1.948714
0.550000, 1.600000, -2.119570
0.600000, 1.600000, -2.818164
0.650000, 1.600000, -3.743360
0.700000, 1.600000, -4.482219
0.750000, 1.600000, -4.732935
0.800000, 1.600000, -4.467376
0.850000, 1.600000, -3.945134
0.900000, 1.600000, -3.571509
0.950000, 1.600000, -3.676433
1.000000, 1.600000, -4.334206
1.050000, 1.600000, -5.321799
1.100000, 1.600000, -6.238358
1.150000, 1.600000, -6.721157
1.200000, 1.600000, -6.640989
1.250000, 1.600000, -6.171096
1.300000, 1.600000, -5.692308
1.350000, 1.600000, -5.585837
1.400000, 1.600000, -6.026054
1.450000, 1.600000, -6.885608
1.500000, 1.600000, -7.804305
1.550000, 1.600000, -8.384437
1.600000, 1.600000, -8.406660
1.650000, 1.600000, -7.949408
1.700000, 1.600000, -7.347088
1.750000, 1.600000, -7.009711
1.800000, 1.600000, -7.201702
1.850000, 1.600000, -7.899759
1.900000, 1.600000, -8.806790
1.950000, 1.600000, -9.514330
2.000000, 1.600000, -9.725376
0.000000, 1.650000, -3.577327
0.050000, 1.650000, -2.777800
0.100000, 1.650000, -2.409992
0.150000, 1.650000, -2.652719
0.200000, 1.650000, -3.344219
0.250000, 1.650000, -4.076139
0.300000, 1.650000, -4.429059
0.350000, 1.650000, -4.214171
0.400000, 1.650000, -3.582196
0.450000, 1.650000, -2.936937
0.500000, 1.650000, -2.703136
0.550000, 1.650000, -3.082073
0.600000, 1.650000, -3.935353
0.650000, 1.650000, -4.863708
0.700000, 1.650000, -5.435529
0.750000, 1.650000, -5.433807
0.800000, 1.650000, -4.979600
0.850000, 1.650000, -4.461085
0.900000, 1.650000, -4.309009
0.950000, 1.650000, -4.747633
1.000000, 1.650000, -5.664334
1.050000, 1.650000, -6.672856
1.100000, 1.650000, -7.333882
1.150000, 1.650000, -7.406209
1.200000, 1.650000, -6.984189
1.250000, 1.650000, -6.442482
1.300000, 1.650000, -6.219895
1.350000, 1.650000, -6.566562
1.400000, 1.650000, -7.399782
1.450000, 1.650000, -8.351372
1.500000, 1.650000, -8.979340
1.550000, 1.650000, -9.022199
1.600000, 1.650000, -8.549781
1.650000, 1.650000, -7.923843
1.700000, 1.650000, -7.591091
1.750000, 1.650000, -7.827562
1.800000, 1.650000, -8.581235
1.850000, 1.650000, -9.503299
1.900000, 1.650000, -10.150079
1.950000, 1.650000, -10.239521
2.000000, 1.650000, -9.814806
0.000000, 1.700000, -4.123025
0.050000, 1.700000, -3.318740
0.100000, 1.700000, -2.982685
0.150000, 1.700000, -3.293049
0.200000, 1.700000, -4.046774
0.250000, 1.700000, -4.783945
0.300000, 1.700000, -5.068178
0.350000, 1.700000, -4.752459
0.400000, 1.700000, -4.068758
0.450000, 1.700000, -3.486897
0.500000, 1.700000, -3.428525
0.550000, 1.700000, -4.010137
0.600000, 1.700000, -4.971465
0.650000, 1.700000, -5.832787
0.700000, 1.700000, -6.185528
0.750000, 1.700000, -5.939424
0.800000, 1.700000, -5.375983
0.850000, 1.700000, -4.975752
0.900000, 1.700000, -5.124479
0.950000, 1.700000, -5.876925
1.000000, 1.700000, -6.921996
1.050000, 1.700000, -7.770443
1.100000, 1.700000, -8.051020
1.150000, 1.700000, -7.735008
1.200000, 1.700000, -7.152590
1.250000, 1.700000, -6.791149
1.300000, 1.700000, -6.998177
1.350000, 1.700000, -7.769492
1.400000, 1.700000, -8.751584
1.450000, 1.700000, -9.456658
1.500000, 1.700000, -9.559598
1.550000, 1.700000, -9.096230
1.600000, 1.700000, -8.442299
1.650000, 1.700000, -8.085929
1.700000, 1.700000, -8.331912
1.750000, 1.700000, -9.117659
1.800000, 1.700000, -10.052706
1.850000, 1.700000, -10.657707
1.900000, 1.700000, -10.657543
1.950000, 1.700000, -10.150227
2.000000, 1.700000, -9.548862
0.000000, 1.750000, -4.407051
0.050000, 1.750000, -3.600352
0.100000, 1.750000, -3.299579
0.150000, 1.750000, -3.680086
0.200000, 1.750000, -4.492971
0.250000, 1.750000, -5.225700
0.300000, 1.750000, -5.431840
0.350000, 1.750000, -5.018073
0.400000, 1.750000, -4.304111
0.450000, 1.750000, -3.817015
0.500000, 1.750000, -3.952064
0.550000, 1.750000, -4.718039
0.600000, 1.750000, -5.730572
0.650000, 1.750000, -6.457856
0.700000, 1.750000, -6.560908
0.750000, 1.750000, -6.109823
0.800000, 1.750000, -5.537150
0.850000, 1.750000, -5.358364
0.900000, 1.750000, -5.839057
0.950000, 1.750000, -6.822676
1.000000, 1.750000, -7.829518
1.050000, 1.750000, -8.363412
1.100000, 1.750000, -8.229132
1.150000, 1.750000, -7.656653
1.200000, 1.750000, -7.152459
1.250000, 1.750000, -7.173452
1.300000, 1.750000, -7.832958
1.350000, 1.750000, -8.827697
1.400000, 1.750000, -9.632644
1.450000, 1.750000, -9.838603
1.500000, 1.750000, -9.415620
1.550000, 1.750000, -8.733017
1.600000, 1.750000, -8.323149
1.650000, 1.750000, -8.540627
1.700000, 1.750000, -9.335886
1.750000, 1.750000, -10.288533
1.800000, 1.750000, -10.879004
1.850000, 1.750000, -10.823987
1.900000, 1.750000, -10.260093
1.950000, 1.750000, -9.657740
2.000000, 1.750000, -9.520537
0.000000, 1.800000, -4.366037
0.050000, 1.800000, -3.558997
0.100000, 1.800000, -3.296696
0.150000, 1.800000, -3.749225
0.200000, 1.800000, -4.617248
0.250000, 1.800000, -5.335289
0.300000, 1.800000, -5.455022
0.350000, 1.800000, -4.948939
0.400000, 1.800000, -4.228686
0.450000, 1.800000, -3.865665
0.500000, 1.800000, -4.203166
0.550000, 1.800000, -5.122789
0.600000, 1.800000, -6.123389
0.650000, 1.800000, -6.659115
0.700000, 1.800000, -6.507590
0.750000, 1.800000, -5.918870
0.800000, 1.800000, -5.444334
0.850000, 1.800000, -5.561444
0.900000, 1.800000, -6.348597
0.950000, 1.800000, -7.430366
1.000000, 1.800000, -8.230253
1.050000, 1.800000, -8.359797
1.100000, 1.800000, -7.880481
1.150000, 1.800000, -7.261078
1.200000, 1.800000, -7.059335
1.250000, 1.800000, -7.543653
1.300000, 1.800000, -8.511021
1.350000, 1.800000, -9.424554
1.400000, 1.800000, -9.777460
1.450000, 1.800000, -9.436887
1.500000, 1.800000, -8.734731
1.550000, 1.800000, -8.243858
1.600000, 1.800000, -8.391311
1.650000, 1.800000, -9.170470
1.700000, 1.800000, -10.147103
1.750000, 1.800000, -10.755174
1.800000, 1.800000, -10.681994
1.850000, 1.800000, -10.081779
1.900000, 1.800000, -9.472909
1.950000, 1.800000, -9.388452
2.000000, 1.800000, -10.016621
0.000000, 1.850000, -4.066937
0.050000, 1.850000, -3.261314
0.100000, 1.850000, -3.040300
0.150000, 1.850000, -3.566067
0.200000, 1.850000, -4.484260
0.250000, 1.850000, -5.176961
0.300000, 1.850000, -5.203307
0.350000, 1.850000, -4.613576
0.400000, 1.850000, -3.912759
0.450000, 1.850000, -3.699624
0.500000, 1.850000, -4.238659
0.550000, 1.850000, -5.270174
0.600000, 1.850000, -6.194002
0.650000, 1.850000, -6.495839
0.700000, 1.850000, -6.112250
0.750000, 1.850000, -5.474102
0.800000, 1.850000, -5.197487
0.850000, 1.850000, -5.642597
0.900000, 1.850000, -6.655139
0.950000, 1.850000, -7.674738
1.000000, 1.850000, -8.133059
1.050000, 1.850000, -7.857798
1.100000, 1.850000, -7.194481
1.150000, 1.850000, -6.759253
1.200000, 1.850000, -6.998954
1.250000, 1.850000, -7.872208
1.300000, 1.850000, -8.878931
1.350000, 1.850000, -9.417233
1.400000, 1.850000, -9.213188
1.450000, 1.850000, -8.517003
1.500000, 1.850000, -7.925679
1.550000, 1.850000, -7.958592
1.600000, 1.850000, -8.688615
1.650000, 1.850000, -9.691782
1.700000, 1.850000, -10.351352
1.750000, 1.850000, -10.299405
1.800000, 1.850000, -9.681026
1.850000, 1.850000, -9.052650
1.900000, 1.850000, -8.987005
1.950000, 1.850000, -9.666335
2.000000, 1.850000, -10.753911
0.000000, 1.900000, -3.682041
0.050000, 1.900000, -2.879248
0.100000, 1.900000, -2.701929
0.150000, 1.900000, -3.301465
0.200000, 1.900000, -4.263947
0.250000, 1.900000, -4.920410
0.300000, 1.900000, -4.847939
0.350000, 1.900000, -4.186064
0.400000, 1.900000, -3.531322
0.450000, 1.900000, -3.489030
0.500000, 1.900000, -4.218248
0.550000, 1.900000, -5.311027
0.600000, 1.900000, -6.096481
0.650000, 1.900000, -6.141822
0.700000, 1.900000, -5.574861
0.750000, 1.900000, -4.986316
0.800000, 1.900000, -4.985182
0.850000, 1.900000, -5.740470
0.900000, 1.900000, -6.852841
0.950000, 1.900000, -7.652375
1.000000, 1.900000, -7.699340
1.050000, 1.900000, -7.112659
1.100000, 1.900000, -6.479913
1.150000, 1.900000, -6.416344
1.200000, 1.900000, -7.103429
1.250000, 1.900000, -8.152853
1.300000, 1.900000, -8.897850
1.350000, 1.900000, -8.893544
1.400000, 1.900000, -8.251242
1.450000, 1.900000, -7.556128
1.500000, 1.900000, -7.429998
1.550000, 1.900000, -8.066749
1.600000, 1.900000, -9.088743
1.650000, 1.900000, -9.831659
1.700000, 1.900000, -9.844285
1.750000, 1.900000, -9.228609
1.800000, 1.900000, -8.565254
1.850000, 1.900000, -8.480103
1.900000, 1.900000, -9.176879
1.950000, 1.900000, -10.285996
2.000000, 1.900000, -11.142912
0.000000, 1.950000, -3.423644
0.050000, 1.950000, -2.624719
0.100000, 1.950000, -2.493082
0.150000, 1.950000, -3.166219
0.200000, 1.950000, -4.166238
0.250000, 1.950000, -4.775495
0.300000, 1.950000, -4.600521
0.350000, 1.950000, -3.880654
0.400000, 1.950000, -3.298616
0.450000, 1.950000, -3.442075
0.500000, 1.950000, -4.339774
0.550000, 1.950000, -5.437170
0.600000, 1.950000, -6.030786
0.650000, 1.950000, -5.819643
0.700000, 1.950000, -5.140049
0.750000, 1.950000, -4.699100
0.800000, 1.950000, -5.016571
0.850000, 1.950000, -6.014282
0.900000, 1.950000, -7.075997
0.950000, 1.950000, -7.530770
1.000000, 1.950000, -7.179571
1.050000, 1.950000, -6.450941
1.100000, 1.950000, -6.063271
1.150000, 1.950000, -6.459363
1.200000, 1.950000, -7.458104
1.250000, 1.950000, -8.397227
1.300000, 1.950000, -8.654872
1.350000, 1.950000, -8.139653
1.400000, 1.950000, -7.363691
1.450000, 1.950000, -7.041148
1.500000, 1.950000, -7.528035
1.550000, 1.950000, -8.543907
1.600000, 1.950000, -9.394347
1.650000, 1.950000, -9.519165
1.700000, 1.950000, -8.935032
1.750000, 1.950000, -8.224319
1.800000, 1.950000, -8.078861
1.850000, 1.950000, -8.757496
1.900000, 1.950000, -9.884060
1.950000, 1.950000, -10.744688
2.000000, 1.950000, -10.850538
0.000000, 2.000000, -3.463299
0.050000, 2.000000, -2.668898
0.100000, 2.000000, -2.584494
0.150000, 2.000000, -3.330364
0.200000, 2.000000, -4.360359
0.250000, 2.000000, -4.911551
0.300000, 2.000000, -4.632301
0.350000, 2.000000, -3.870972
0.400000, 2.000000, -3.387296
0.450000, 2.000000, -3.724387
0.500000, 2.000000, -4.759167
0.550000, 2.000000, -5.801899
0.600000, 2.000000, -6.162812
0.650000, 2.000000, -5.718725
0.700000, 2.000000, -5.012583
0.750000, 2.000000, -4.803888
0.800000, 2.000000, -5.440715
0.850000, 2.000000, -6.571090
0.900000, 2.000000, -7.431710
0.950000, 2.000000, -7.476017
1.000000, 2.000000, -6.823860
1.050000, 2.000000, -6.162034
1.100000, 2.000000, -6.177738
1.150000, 2.000000, -6.992006
1.200000, 2.000000, -8.060229
1.250000, 2.000000, -8.621762
1.300000, 2.000000, -8.327934
1.350000, 2.000000, -7.530692
1.400000, 2.000000, -6.993877
1.450000, 2.000000, -7.265132
1.500000, 2.000000, -8.226226
1.550000, 2.000000, -9.192459
1.600000, 2.000000, -9.479169
1.650000, 2.000000, -8.968226
1.700000, 2.000000, -8.207444
1.750000, 2.000000, -7.960892
1.800000, 2.000000, -8.580805
1.850000, 2.000000, -9.718848
1.900000, 2.000000, -10.614751
1.950000, 2.000000, -10.724314
2.000000, 2.000000, -10.168999
