0.000000, 0.000000, -3.119876
0.050000, 0.000000, -2.351822
0.100000, 0.000000, -1.843967
0.150000, 0.000000, -1.781805
0.200000, 0.000000, -2.170535
0.250000, 0.000000, -2.834767
0.300000, 0.000000, -3.487761
0.350000, 0.000000, -3.843621
0.400000, 0.000000, -3.729435
0.450000, 0.000000, -3.154378
0.500000, 0.000000, -2.309203
0.550000, 0.000000, -1.496156
0.600000, 0.000000, -1.015927
0.650000, 0.000000, -1.054693
0.700000, 0.000000, -1.614277
0.750000, 0.000000, -2.512055
0.800000, 0.000000, -3.450586
0.850000, 0.000000, -4.130400
0.900000, 0.000000, -4.362889
0.950000, 0.000000, -4.140275
1.000000, 0.000000, -3.636042
1.050000, 0.000000, -3.135799
1.100000, 0.000000, -2.925157
1.150000, 0.000000, -3.177600
1.200000, 0.000000, -3.885349
1.250000, 0.000000, -4.859796
1.300000, 0.000000, -5.801472
1.350000, 0.000000, -6.412935
1.400000, 0.000000, -6.511561
1.450000, 0.000000, -6.099175
1.500000, 0.000000, -5.361951
1.550000, 0.000000, -4.600581
1.600000, 0.000000, -4.117310
1.650000, 0.000000, -4.102892
1.700000, 0.000000, -4.566501
1.750000, 0.000000, -5.335226
1.800000, 0.000000, -6.123170
1.850000, 0.000000, -6.643593
1.900000, 0.000000, -6.721106
1.950000, 0.000000, -6.360907
2.000000, 0.000000, -5.748491
0.000000, 0.050000, -2.951213
0.050000, 0.050000, -2.149611
0.100000, 0.050000, -1.611441
0.150000, 0.050000, -1.524158
0.200000, 0.050000, -1.894628
0.250000, 0.050000, -2.548750
0.300000, 0.050000, -3.200626
0.350000, 0.050000, -3.564700
0.400000, 0.050000, -3.467885
0.450000, 0.050000, -2.918673
0.500000, 0.050000, -2.106667
0.550000, 0.050000, -1.332555
0.600000, 0.050000, -0.895151
0.650000, 0.050000, -0.978536
0.700000, 0.050000, -1.582340
0.750000, 0.050000, -2.521763
0.800000, 0.050000, -3.497333
0.850000, 0.050000, -4.207796
0.900000, 0.050000, -4.463115
0.950000, 0.050000, -4.254511
1.000000, 0.050000, -3.754951
1.050000, 0.050000, -3.250043
1.100000, 0.050000, -3.025909
1.150000, 0.050000, -3.257028
1.200000, 0.050000, -3.937048
1.250000, 0.050000, -4.879137
1.300000, 0.050000, -5.785854
1.350000, 0.050000, -6.361929
1.400000, 0.050000, -6.426926
1.450000, 0.050000, -5.984759
1.500000, 0.050000, -5.223476
1.550000, 0.050000, -4.445320
1.600000, 0.050000, -3.953684
1.650000, 0.050000, -3.939999
1.700000, 0.050000, -4.413610
1.750000, 0.050000, -5.201258
1.800000, 0.050000, -6.016203
1.850000, 0.050000, -6.570412
1.900000, 0.050000, -6.686820
1.950000, 0.050000, -6.368664
2.000000, 0.050000, -5.799300
0.000000, 0.100000, -2.647262
0.050000, 0.100000, -1.815346
0.100000, 0.100000, -1.252042
0.150000, 0.100000, -1.146459
0.200000, 0.100000, -1.506738
0.250000, 0.100000, -2.159602
0.300000, 0.100000, -2.819481
0.350000, 0.100000, -3.200627
0.400000, 0.100000, -3.129258
0.450000, 0.100000, -2.612700
0.500000, 0.100000, -1.838984
0.550000, 0.100000, -1.106907
0.600000, 0.100000, -0.713175
0.650000, 0.100000, -0.839661
0.700000, 0.100000, -1.483806
0.750000, 0.100000, -2.458765
0.800000, 0.100000, -3.463269
0.850000, 0.100000, -4.194622
0.900000, 0.100000, -4.461774
0.950000, 0.100000, -4.255417
1.000000, 0.100000, -3.748504
1.050000, 0.100000, -3.227144
1.100000, 0.100000, -2.978442
1.150000, 0.100000, -3.178292
1.200000, 0.100000, -3.822108
1.250000, 0.100000, -4.725078
1.300000, 0.100000, -5.591921
1.350000, 0.100000, -6.129546
1.400000, 0.100000, -6.159598
1.450000, 0.100000, -5.687856
1.500000, 0.100000, -4.903911
1.550000, 0.100000, -4.111147
1.600000, 0.100000, -3.613626
1.650000, 0.100000, -3.602943
1.700000, 0.100000, -4.088090
1.750000, 0.100000, -4.894960
1.800000, 0.100000, -5.735513
1.850000, 0.100000, -6.320037
1.900000, 0.100000, -6.469503
1.950000, 0.100000, -6.185002
2.000000, 0.100000, -5.647687
0.000000, 0.150000, -2.224904
0.050000, 0.150000, -1.367866
0.100000, 0.150000, -0.786262
0.150000, 0.150000, -0.670445
0.200000, 0.150000, -1.029352
0.250000, 0.150000, -1.690003
0.300000, 0.150000, -2.366608
0.350000, 0.150000, -2.772696
0.400000, 0.150000, -2.733291
0.450000, 0.150000, -2.254120
0.500000, 0.150000, -1.521296
0.550000, 0.150000, -0.831483
0.600000, 0.150000, -0.479155
0.650000, 0.150000, -0.643973
0.700000, 0.150000, -1.321312
0.750000, 0.150000, -2.322508
0.800000, 0.150000, -3.344832
0.850000, 0.150000, -4.084558
0.900000, 0.150000, -4.350089
0.950000, 0.150000, -4.132092
1.000000, 0.150000, -3.604004
1.050000, 0.150000, -3.052908
1.100000, 0.150000, -2.767316
1.150000, 0.150000, -2.924879
1.200000, 0.150000, -3.523027
1.250000, 0.150000, -4.379104
1.300000, 0.150000, -5.200006
1.350000, 0.150000, -5.694725
1.400000, 0.150000, -5.686774
1.450000, 0.150000, -5.183479
1.500000, 0.150000, -4.375579
1.550000, 0.150000, -3.567136
1.600000, 0.150000, -3.062388
1.650000, 0.150000, -3.052590
1.700000, 0.150000, -3.545903
1.750000, 0.150000, -4.366935
1.800000, 0.150000, -5.225989
1.850000, 0.150000, -5.831408
1.900000, 0.150000, -6.002043
1.950000, 0.150000, -5.736809
2.000000, 0.150000, -5.214741
0.000000, 0.200000, -1.710583
0.050000, 0.200000, -0.835285
0.100000, 0.200000, -0.243490
0.150000, 0.200000, -0.126301
0.200000, 0.200000, -0.492908
0.250000, 0.200000, -1.170070
0.300000, 0.200000, -1.871229
0.350000, 0.200000, -2.308681
0.400000, 0.200000, -2.305811
0.450000, 0.200000, -1.866395
0.500000, 0.200000, -1.174377
0.550000, 0.200000, -0.524158
0.600000, 0.200000, -0.207975
0.650000, 0.200000, -0.403394
0.700000, 0.200000, -1.103953
0.750000, 0.200000, -2.119512
0.800000, 0.200000, -3.146295
0.850000, 0.200000, -3.880023
0.900000, 0.200000, -4.129068
0.950000, 0.200000, -3.884582
1.000000, 0.200000, -3.320981
1.050000, 0.200000, -2.726763
1.100000, 0.200000, -2.392211
1.150000, 0.200000, -2.497012
1.200000, 0.200000, -3.040772
1.250000, 0.200000, -3.843043
1.300000, 0.200000, -4.612836
1.350000, 0.200000, -5.061047
1.400000, 0.200000, -5.012779
1.450000, 0.200000, -4.476551
1.500000, 0.200000, -3.643830
1.550000, 0.200000, -2.818910
1.600000, 0.200000, -2.305746
1.650000, 0.200000, -2.294821
1.700000, 0.200000, -2.793079
1.750000, 0.200000, -3.623537
1.800000, 0.200000, -4.494623
1.850000, 0.200000, -5.112634
1.900000, 0.200000, -5.294318
1.950000, 0.200000, -5.036551
2.000000, 0.200000, -4.516513
0.000000, 0.250000, -1.137944
0.050000, 0.250000, -0.252537
0.100000, 0.250000, 0.340516
0.150000, 0.250000, 0.449918
0.200000, 0.250000, 0.066800
0.250000, 0.250000, -0.634773
0.300000, 0.250000, -1.366955
0.350000, 0.250000, -1.840354
0.400000, 0.250000, -1.876357
0.450000, 0.250000, -1.476528
0.500000, 0.250000, -0.822515
0.550000, 0.250000, -0.206449
0.600000, 0.250000, 0.081551
0.650000, 0.250000, -0.134230
0.700000, 0.250000, -0.845842
0.750000, 0.250000, -1.862098
0.800000, 0.250000, -2.878678
0.850000, 0.250000, -3.591285
0.900000, 0.250000, -3.808800
0.950000, 0.250000, -3.523385
1.000000, 0.250000, -2.910912
1.050000, 0.250000, -2.261697
1.100000, 0.250000, -1.868115
1.150000, 0.250000, -1.912093
1.200000, 0.250000, -2.395516
1.250000, 0.250000, -3.140128
1.300000, 0.250000, -3.856927
1.350000, 0.250000, -4.258490
1.400000, 0.250000, -4.171204
1.450000, 0.250000, -3.604417
1.500000, 0.250000, -2.749928
1.550000, 0.250000, -1.911852
1.600000, 0.250000, -1.393478
1.650000, 0.250000, -1.384178
1.700000, 0.250000, -1.889410
1.750000, 0.250000, -2.730423
1.800000, 0.250000, -3.613700
1.850000, 0.250000, -4.243535
1.900000, 0.250000, -4.434729
1.950000, 0.250000, -4.182393
2.000000, 0.250000, -3.662226
0.000000, 0.300000, -0.544829
0.050000, 0.300000, 0.341697
0.100000, 0.300000, 0.926747
0.150000, 0.300000, 1.019422
0.200000, 0.300000, 0.611751
0.250000, 0.300000, -0.120845
0.300000, 0.300000, -0.888767
0.350000, 0.300000, -1.400562
0.400000, 0.300000, -1.475356
0.450000, 0.300000, -1.112374
0.500000, 0.300000, -0.490960
0.550000, 0.300000, 0.098894
0.600000, 0.300000, 0.368932
0.650000, 0.300000, 0.144924
0.700000, 0.300000, -0.564146
0.750000, 0.300000, -1.566573
0.800000, 0.300000, -2.558058
0.850000, 0.300000, -3.234866
0.900000, 0.300000, -3.406953
0.950000, 0.300000, -3.068011
1.000000, 0.300000, -2.395821
1.050000, 0.300000, -1.682885
1.100000, 0.300000, -1.223927
1.150000, 0.300000, -1.203268
1.200000, 0.300000, -1.625104
1.250000, 0.300000, -2.313291
1.300000, 0.300000, -2.980637
1.350000, 0.300000, -3.341136
1.400000, 0.300000, -3.222133
1.450000, 0.300000, -2.633435
1.500000, 0.300000, -1.766786
1.550000, 0.300000, -0.925751
1.600000, 0.300000, -0.412619
1.650000, 0.300000, -0.415375
1.700000, 0.300000, -0.937794
1.750000, 0.300000, -1.799254
1.800000, 0.300000, -2.704292
1.850000, 0.300000, -3.355295
1.900000, 0.300000, -3.565325
1.950000, 0.300000, -3.328008
2.000000, 0.300000, -2.817918
0.000000, 0.350000, 0.030079
0.050000, 0.350000, 0.908391
0.100000, 0.350000, 1.476369
0.150000, 0.350000, 1.544102
0.200000, 0.350000, 1.105068
0.250000, 0.350000, 0.336524
0.300000, 0.350000, -0.469793
0.350000, 0.350000, -1.020105
0.400000, 0.350000, -1.131140
0.450000, 0.350000, -0.799781
0.500000, 0.350000, -0.203206
0.550000, 0.350000, 0.370463
0.600000, 0.350000, 0.634448
0.650000, 0.350000, 0.415525
0.700000, 0.350000, -0.276851
0.750000, 0.350000, -1.251057
0.800000, 0.350000, -2.203438
0.850000, 0.350000, -2.831430
0.900000, 0.350000, -2.946630
0.950000, 0.350000, -2.544764
1.000000, 0.350000, -1.805934
1.050000, 0.350000, -1.025135
1.100000, 0.350000, -0.499632
1.150000, 0.350000, -0.416209
1.200000, 0.350000, -0.781327
1.250000, 0.350000, -1.420799
1.300000, 0.350000, -2.048991
1.350000, 0.350000, -2.380981
1.400000, 0.350000, -2.244692
1.450000, 0.350000, -1.649975
1.500000, 0.350000, -0.788104
1.550000, 0.350000, 0.038302
1.600000, 0.350000, 0.528311
1.650000, 0.350000, 0.495616
1.700000, 0.350000, -0.061659
1.750000, 0.350000, -0.960887
1.800000, 0.350000, -1.904610
1.850000, 0.350000, -2.593349
1.900000, 0.350000, -2.838526
1.950000, 0.350000, -2.632456
2.000000, 0.350000, -2.148786
0.000000, 0.400000, 0.550659
0.050000, 0.400000, 1.411600
0.100000, 0.400000, 1.954132
0.150000, 0.400000, 1.989902
0.200000, 0.400000, 1.514331
0.250000, 0.400000, 0.706915
0.300000, 0.400000, -0.138194
0.350000, 0.400000, -0.724746
0.400000, 0.400000, -0.867072
0.450000, 0.400000, -0.559852
0.500000, 0.400000, 0.021621
0.550000, 0.400000, 0.590692
0.600000, 0.400000, 0.861555
0.650000, 0.400000, 0.661400
0.700000, 0.400000, -0.000484
0.750000, 0.400000, -0.933221
0.800000, 0.400000, -1.834452
0.850000, 0.400000, -2.403396
0.900000, 0.400000, -2.453837
0.950000, 0.400000, -1.983987
1.000000, 0.400000, -1.176609
1.050000, 0.400000, -0.329410
1.100000, 0.400000, 0.257717
1.150000, 0.400000, 0.395569
1.200000, 0.400000, 0.075588
1.250000, 0.400000, -0.529716
1.300000, 0.400000, -1.135888
1.350000, 0.400000, -1.458648
1.400000, 0.400000, -1.325993
1.450000, 0.400000, -0.747296
1.500000, 0.400000, 0.087162
1.550000, 0.400000, 0.876208
1.600000, 0.400000, 1.320721
1.650000, 0.400000, 1.236470
1.700000, 0.400000, 0.623807
1.750000, 0.400000, -0.332388
1.800000, 0.400000, -1.332486
1.850000, 0.400000, -2.075035
1.900000, 0.400000, -2.369776
1.950000, 0.400000, -2.207705
2.000000, 0.400000, -1.761575
0.000000, 0.450000, 0.986487
0.050000, 0.450000, 1.821583
0.100000, 0.450000, 2.331460
0.150000, 0.450000, 2.329843
0.200000, 0.450000, 1.814518
0.250000, 0.450000, 0.967514
0.300000, 0.450000, 0.085559
0.350000, 0.450000, -0.532616
0.400000, 0.450000, -0.699081
0.450000, 0.450000, -0.406600
0.500000, 0.450000, 0.171001
0.550000, 0.450000, 0.748008
0.600000, 0.450000, 1.038965
0.650000, 0.450000, 0.870804
0.700000, 0.450000, 0.251948
0.750000, 0.450000, -0.628169
0.800000, 0.450000, -1.469133
0.850000, 0.450000, -1.972529
0.900000, 0.450000, -1.954811
0.950000, 0.450000, -1.417037
1.000000, 0.450000, -0.544858
1.050000, 0.450000, 0.361227
1.100000, 0.450000, 0.998766
1.150000, 0.450000, 1.176351
1.200000, 0.450000, 0.883674
1.250000, 0.450000, 0.292034
1.300000, 0.450000, -0.314737
1.350000, 0.450000, -0.652364
1.400000, 0.450000, -0.548242
1.450000, 0.450000, -0.010573
1.500000, 0.450000, 0.772042
1.550000, 0.450000, 1.500531
1.600000, 0.450000, 1.878185
1.650000, 0.450000, 1.723382
1.700000, 0.450000, 1.039145
1.750000, 0.450000, 0.012973
1.800000, 0.450000, -1.053068
1.850000, 0.450000, -1.855368
1.900000, 0.450000, -2.201882
1.950000, 0.450000, -2.082254
2.000000, 0.450000, -1.668358
0.000000, 0.500000, 1.315425
0.050000, 0.500000, 2.117352
0.100000, 0.500000, 2.588939
0.150000, 0.500000, 2.546431
0.200000, 0.500000, 1.990299
0.250000, 0.500000, 1.105291
0.300000, 0.500000, 0.190736
0.350000, 0.500000, -0.452278
0.400000, 0.500000, -0.633845
0.450000, 0.500000, -0.345236
0.500000, 0.500000, 0.240649
0.550000, 0.500000, 0.838393
0.600000, 0.500000, 1.162190
0.650000, 0.500000, 1.037977
0.700000, 0.500000, 0.472580
0.750000, 0.500000, -0.346693
0.800000, 0.500000, -1.121985
0.850000, 0.500000, -1.557750
0.900000, 0.500000, -1.473481
0.950000, 0.500000, -0.873303
1.000000, 0.500000, 0.054193
1.050000, 0.500000, 1.005836
1.100000, 0.500000, 1.676899
1.150000, 0.500000, 1.874212
1.200000, 0.500000, 1.586301
1.250000, 0.500000, 0.983959
1.300000, 0.500000, 0.351190
1.350000, 0.500000, -0.026881
1.400000, 0.500000, 0.023836
1.450000, 0.500000, 0.497191
1.500000, 0.500000, 1.207108
1.550000, 0.500000, 1.857392
1.600000, 0.500000, 2.154438
1.650000, 0.500000, 1.919806
1.700000, 0.500000, 1.159644
1.750000, 0.500000, 0.064378
1.800000, 0.500000, -1.061313
1.850000, 0.500000, -1.911636
1.900000, 0.500000, -2.292864
1.950000, 0.500000, -2.193527
2.000000, 0.500000, -1.784968
0.000000, 0.550000, 1.525428
0.050000, 0.550000, 2.288419
0.100000, 0.550000, 2.717971
0.150000, 0.550000, 2.633199
0.200000, 0.550000, 2.037472
0.250000, 0.550000, 1.118312
0.300000, 0.550000, 0.177545
0.350000, 0.550000, -0.481655
0.400000, 0.550000, -0.667819
0.450000, 0.550000, -0.371274
0.500000, 0.550000, 0.235348
0.550000, 0.550000, 0.866202
0.600000, 0.550000, 1.234368
0.650000, 0.550000, 1.164026
0.700000, 0.550000, 0.659688
0.750000, 0.550000, -0.094100
0.800000, 0.550000, -0.802561
0.850000, 0.550000, -1.173385
0.900000, 0.550000, -1.029310
0.950000, 0.550000, -0.377536
1.000000, 0.550000, 0.590583
1.050000, 0.550000, 1.569579
1.100000, 0.550000, 2.253010
1.150000, 0.550000, 2.446665
1.200000, 0.550000, 2.138766
1.250000, 0.550000, 1.500563
1.300000, 0.550000, 0.817269
1.350000, 0.550000, 0.375918
1.400000, 0.550000, 0.353131
1.450000, 0.550000, 0.745801
1.500000, 0.550000, 1.371265
1.550000, 0.550000, 1.936965
1.600000, 0.550000, 2.152989
1.650000, 0.550000, 1.844483
1.700000, 0.550000, 1.020914
1.750000, 0.550000, -0.124388
1.800000, 0.550000, -1.284380
1.850000, 0.550000, -2.151544
1.900000, 0.550000, -2.531141
1.950000, 0.550000, -2.411430
2.000000, 0.550000, -1.964238
0.000000, 0.600000, 1.615404
0.050000, 0.600000, 2.335571
0.100000, 0.600000, 2.721451
0.150000, 0.600000, 2.595274
0.200000, 0.600000, 1.963404
0.250000, 0.600000, 1.016060
0.300000, 0.600000, 0.057330
0.350000, 0.600000, -0.607922
0.400000, 0.600000, -0.787208
0.450000, 0.600000, -0.470569
0.500000, 0.600000, 0.168892
0.550000, 0.600000, 0.844116
0.600000, 0.600000, 1.266274
0.650000, 0.600000, 1.257045
0.700000, 0.600000, 0.817965
0.750000, 0.600000, 0.130282
0.800000, 0.600000, -0.514675
0.850000, 0.600000, -0.828021
0.900000, 0.600000, -0.635702
0.950000, 0.600000, 0.052251
1.000000, 0.600000, 1.042195
1.050000, 0.600000, 2.027042
1.100000, 0.600000, 2.699497
1.150000, 0.600000, 2.865325
1.200000, 0.600000, 2.513574
1.250000, 0.600000, 1.817143
1.300000, 0.600000, 1.063660
1.350000, 0.600000, 0.543232
1.400000, 0.600000, 0.436078
1.450000, 0.600000, 0.743046
1.500000, 0.600000, 1.285608
1.550000, 0.600000, 1.775321
1.600000, 0.600000, 1.926176
1.650000, 0.600000, 1.566821
1.700000, 0.600000, 0.709658
1.750000, 0.600000, -0.449764
1.800000, 0.600000, -1.603007
1.850000, 0.600000, -2.442059
1.900000, 0.600000, -2.772616
1.950000, 0.600000, -2.584298
2.000000, 0.600000, -2.051160
0.000000, 0.650000, 1.595080
0.050000, 0.650000, 2.270628
0.100000, 0.650000, 2.613407
0.150000, 0.650000, 2.448898
0.200000, 0.650000, 1.786427
0.250000, 0.650000, 0.818720
0.300000, 0.650000, -0.148235
0.350000, 0.650000, -0.808403
0.400000, 0.650000, -0.968922
0.450000, 0.650000, -0.620288
0.500000, 0.650000, 0.063121
0.550000, 0.650000, 0.792216
0.600000, 0.650000, 1.275487
0.650000, 0.650000, 1.331421
0.700000, 0.650000, 0.958025
0.750000, 0.650000, 0.332871
0.800000, 0.650000, -0.256332
0.850000, 0.650000, -0.524049
0.900000, 0.650000, -0.299125
0.950000, 0.650000, 0.406142
1.000000, 0.650000, 1.396613
1.050000, 0.650000, 2.364575
1.100000, 0.650000, 3.003043
1.150000, 0.650000, 3.119030
1.200000, 0.650000, 2.703733
1.250000, 0.650000, 1.933012
1.300000, 0.650000, 1.098134
1.350000, 0.650000, 0.493349
1.400000, 0.650000, 0.303326
1.450000, 0.650000, 0.533445
1.500000, 0.650000, 1.009564
1.550000, 0.650000, 1.447250
1.600000, 0.650000, 1.563916
1.650000, 0.650000, 1.190857
1.700000, 0.650000, 0.342191
1.750000, 0.650000, -0.785849
1.800000, 0.650000, -1.885244
1.850000, 0.650000, -2.649499
1.900000, 0.650000, -2.886882
1.950000, 0.650000, -2.590540
2.000000, 0.650000, -1.938856
0.000000, 0.700000, 1.483880
0.050000, 0.700000, 2.115208
0.100000, 0.700000, 2.417646
0.150000, 0.700000, 2.219943
0.200000, 0.700000, 1.534251
0.250000, 0.700000, 0.555493
0.300000, 0.700000, -0.408921
0.350000, 0.700000, -1.052394
0.400000, 0.700000, -1.182421
0.450000, 0.700000, -0.790760
0.500000, 0.700000, -0.053891
0.550000, 0.700000, 0.736262
0.600000, 0.700000, 1.284791
0.650000, 0.700000, 1.406410
0.700000, 0.700000, 1.095199
0.750000, 0.700000, 0.524888
0.800000, 0.700000, -0.020336
0.850000, 0.700000, -0.257926
0.900000, 0.700000, -0.018984
0.950000, 0.700000, 0.682820
1.000000, 0.700000, 1.651970
1.050000, 0.700000, 2.581416
1.100000, 0.700000, 3.165877
1.150000, 0.700000, 3.215040
1.200000, 0.700000, 2.723623
1.250000, 0.700000, 1.871683
1.300000, 0.700000, 0.955135
1.350000, 0.700000, 0.273092
1.400000, 0.700000, 0.015022
1.450000, 0.700000, 0.190779
1.500000, 0.700000, 0.630105
1.550000, 0.700000, 1.051632
1.600000, 0.700000, 1.174823
1.650000, 0.700000, 0.831864
1.700000, 0.700000, 0.036521
1.750000, 0.700000, -1.016589
1.800000, 0.700000, -2.022276
1.850000, 0.700000, -2.677972
1.900000, 0.700000, -2.796799
1.950000, 0.700000, -2.377445
2.000000, 0.700000, -1.604254
0.000000, 0.750000, 1.308946
0.050000, 0.750000, 1.898628
0.100000, 0.750000, 2.165531
0.150000, 0.750000, 1.941591
0.200000, 0.750000, 1.241537
0.250000, 0.750000, 0.262080
0.300000, 0.750000, -0.688504
0.350000, 0.750000, -1.303757
0.400000, 0.750000, -1.392315
0.450000, 0.750000, -0.948033
0.500000, 0.750000, -0.150320
0.550000, 0.750000, 0.705317
0.600000, 0.750000, 1.319952
0.650000, 0.750000, 1.504099
0.700000, 0.750000, 1.247731
0.750000, 0.750000, 0.720837
0.800000, 0.750000, 0.204477
0.850000, 0.750000, -0.021091
0.900000, 0.750000, 0.211758
0.950000, 0.750000, 0.889203
1.000000, 0.750000, 1.816744
1.050000, 0.750000, 2.689497
1.100000, 0.750000, 3.205381
1.150000, 0.750000, 3.178164
1.200000, 0.750000, 2.607295
1.250000, 0.750000, 1.677935
1.300000, 0.750000, 0.691179
1.350000, 0.750000, -0.048925
1.400000, 0.750000, -0.348524
1.450000, 0.750000, -0.194222
1.500000, 0.750000, 0.246186
1.550000, 0.750000, 0.692528
1.600000, 0.750000, 0.864083
1.650000, 0.750000, 0.591440
1.700000, 0.750000, -0.114594
1.750000, 0.750000, -1.063595
1.800000, 0.750000, -1.955586
1.850000, 0.750000, -2.493962
1.900000, 0.750000, -2.498225
1.950000, 0.750000, -1.973501
2.000000, 0.750000, -1.110262
0.000000, 0.800000, 1.102498
0.050000, 0.800000, 1.655142
0.100000, 0.800000, 1.893110
0.150000, 0.800000, 1.651349
0.200000, 0.800000, 0.946837
0.250000, 0.800000, -0.022417
0.300000, 0.800000, -0.947906
0.350000, 0.800000, -1.524055
0.400000, 0.800000, -1.561463
0.450000, 0.800000, -1.056915
0.500000, 0.800000, -0.193530
0.550000, 0.800000, 0.728940
0.600000, 0.800000, 1.407077
0.650000, 0.800000, 1.646979
0.700000, 0.800000, 1.434591
0.750000, 0.800000, 0.936559
0.800000, 0.800000, 0.431556
0.850000, 0.800000, 0.198593
0.900000, 0.800000, 0.405325
0.950000, 0.800000, 1.039270
1.000000, 0.800000, 1.908531
1.050000, 0.800000, 2.711945
1.100000, 0.800000, 3.152062
1.150000, 0.800000, 3.047886
1.200000, 0.800000, 2.404385
1.250000, 0.800000, 1.412141
1.300000, 0.800000, 0.377215
1.350000, 0.800000, -0.392199
1.400000, 0.800000, -0.699218
1.450000, 0.800000, -0.528771
1.500000, 0.800000, -0.048494
1.550000, 0.800000, 0.460035
1.600000, 0.800000, 0.713161
1.650000, 0.800000, 0.537163
1.700000, 0.800000, -0.062597
1.750000, 0.800000, -0.901946
1.800000, 0.800000, -1.687584
1.850000, 0.800000, -2.129579
1.900000, 0.800000, -2.053667
1.950000, 0.800000, -1.470355
2.000000, 0.800000, -0.574259
0.000000, 0.850000, 0.898786
0.050000, 0.850000, 1.420781
0.100000, 0.850000, 1.637859
0.150000, 0.850000, 1.387726
0.200000, 0.850000, 0.689210
0.250000, 0.850000, -0.258922
0.300000, 0.850000, -1.148612
0.350000, 0.850000, -1.675944
0.400000, 0.850000, -1.654305
0.450000, 0.850000, -1.084209
0.500000, 0.850000, -0.153192
0.550000, 0.850000, 0.834218
0.600000, 0.850000, 1.569834
0.650000, 0.850000, 1.855364
0.700000, 0.850000, 1.673103
0.750000, 0.850000, 1.187094
0.800000, 0.850000, 0.674696
0.850000, 0.850000, 0.415043
0.900000, 0.850000, 0.577384
0.950000, 0.850000, 1.152239
1.000000, 0.850000, 1.951931
1.050000, 0.850000, 2.680461
1.100000, 0.850000, 3.046115
1.150000, 0.850000, 2.873807
1.200000, 0.850000, 2.174128
1.250000, 0.850000, 1.142584
1.300000, 0.850000, 0.089056
1.350000, 0.850000, -0.675855
1.400000, 0.850000, -0.954498
1.450000, 0.850000, -0.732777
1.500000, 0.850000, -0.181019
1.550000, 0.850000, 0.414937
1.600000, 0.850000, 0.765885
1.650000, 0.850000, 0.691632
1.700000, 0.850000, 0.190604
1.750000, 0.850000, -0.559931
1.800000, 0.850000, -1.273032
1.850000, 0.850000, -1.664104
1.900000, 0.850000, -1.562780
1.950000, 0.850000, -0.981699
2.000000, 0.850000, -0.115653
0.000000, 0.900000, 0.730935
0.050000, 0.900000, 1.230100
0.100000, 0.900000, 1.435346
0.150000, 0.900000, 1.186833
0.200000, 0.900000, 0.504803
0.250000, 0.900000, -0.411799
0.300000, 0.900000, -1.256061
0.350000, 0.900000, -1.726507
0.400000, 0.900000, -1.640108
0.450000, 0.900000, -1.001852
0.500000, 0.900000, -0.004286
0.550000, 0.900000, 1.042931
0.600000, 0.900000, 1.826791
0.650000, 0.900000, 2.144926
0.700000, 0.900000, 1.976683
0.750000, 0.900000, 1.484581
0.800000, 0.900000, 0.946066
0.850000, 0.900000, 0.642022
0.900000, 0.900000, 0.745028
0.950000, 0.900000, 1.250285
1.000000, 0.900000, 1.975802
1.050000, 0.900000, 2.631827
1.100000, 0.900000, 2.932954
1.150000, 0.900000, 2.709929
1.200000, 0.900000, 1.978213
1.250000, 0.900000, 0.936778
1.300000, 0.900000, -0.102761
1.350000, 0.900000, -0.829984
1.400000, 0.900000, -1.049381
1.450000, 0.900000, -0.750819
1.500000, 0.900000, -0.110129
1.550000, 0.900000, 0.580221
1.600000, 0.900000, 1.023802
1.650000, 0.900000, 1.033189
1.700000, 0.900000, 0.600166
1.750000, 0.900000, -0.103483
1.800000, 0.900000, -0.794660
1.850000, 0.900000, -1.190617
1.900000, 0.900000, -1.120643
1.950000, 0.900000, -0.594820
2.000000, 0.900000, 0.196663
0.000000, 0.950000, 0.627972
0.050000, 0.950000, 1.113127
0.100000, 0.950000, 1.316126
0.150000, 0.950000, 1.079254
0.200000, 0.950000, 0.423713
0.250000, 0.950000, -0.451960
0.300000, 0.950000, -1.242696
0.350000, 0.950000, -1.650218
0.400000, 0.950000, -1.495834
0.450000, 0.950000, -0.789655
0.500000, 0.950000, 0.270316
0.550000, 0.950000, 1.369128
0.600000, 0.950000, 2.189167
0.650000, 0.950000, 2.524616
0.700000, 0.950000, 2.352911
0.750000, 0.950000, 1.836450
0.800000, 0.950000, 1.254434
0.850000, 0.950000, 0.891300
0.900000, 0.950000, 0.924708
0.950000, 0.950000, 1.356056
1.000000, 0.950000, 2.010134
1.050000, 0.950000, 2.603942
1.100000, 0.950000, 2.858173
1.150000, 0.950000, 2.608441
1.200000, 0.950000, 1.873349
1.250000, 0.950000, 0.852960
1.300000, 0.950000, -0.142229
1.350000, 0.950000, -0.805077
1.400000, 0.950000, -0.945254
1.450000, 0.950000, -0.559268
1.500000, 0.950000, 0.169529
1.550000, 0.950000, 0.940964
1.600000, 0.950000, 1.451431
1.650000, 0.950000, 1.507543
1.700000, 0.950000, 1.096931
1.750000, 0.950000, 0.389460
1.800000, 0.950000, -0.331224
1.850000, 0.950000, -0.779359
1.900000, 0.950000, -0.778982
1.950000, 0.950000, -0.333142
2.000000, 0.950000, 0.376162
0.000000, 1.000000, 0.612314
0.050000, 1.000000, 1.092796
0.100000, 1.000000, 1.303147
0.150000, 1.000000, 1.087450
0.200000, 1.000000, 0.467423
0.250000, 1.000000, -0.359378
0.300000, 1.000000, -1.090397
0.350000, 1.000000, -1.431278
0.400000, 1.000000, -1.208347
0.450000, 1.000000, -0.437367
0.500000, 1.000000, 0.677921
0.550000, 1.000000, 1.817356
0.600000, 1.000000, 2.659220
0.650000, 1.000000, 2.995196
0.700000, 1.000000, 2.802169
0.750000, 1.000000, 2.244100
0.800000, 1.000000, 1.603803
0.850000, 1.000000, 1.171102
0.900000, 1.000000, 1.130334
0.950000, 1.000000, 1.490243
1.000000, 1.000000, 2.082898
1.050000, 1.000000, 2.631770
1.100000, 1.000000, 2.862530
1.150000, 1.000000, 2.613721
1.200000, 1.000000, 1.904481
1.250000, 1.000000, 0.932886
1.300000, 1.000000, 0.005082
1.350000, 1.000000, -0.578111
1.400000, 1.000000, -0.634039
1.450000, 1.000000, -0.167467
1.500000, 1.000000, 0.630277
1.550000, 1.000000, 1.452167
1.600000, 1.000000, 1.989624
1.650000, 1.000000, 2.046740
1.700000, 1.000000, 1.611401
1.750000, 1.000000, 0.856547
1.800000, 1.000000, 0.071456
1.850000, 1.000000, -0.450458
1.900000, 1.000000, -0.524338
1.950000, 1.000000, -0.144020
2.000000, 1.000000, 0.517026
0.000000, 1.050000, 0.697953
0.050000, 1.050000, 1.183100
0.100000, 1.050000, 1.409903
0.150000, 1.050000, 1.223942
0.200000, 1.050000, 0.647037
0.250000, 1.050000, -0.124768
0.300000, 1.050000, -0.792065
0.350000, 1.050000, -1.065084
0.400000, 1.050000, -0.775752
0.450000, 1.050000, 0.054113
0.500000, 1.050000, 1.214959
0.550000, 1.050000, 2.381748
0.600000, 1.050000, 3.229463
0.650000, 1.050000, 3.548554
0.700000, 1.050000, 3.317011
0.750000, 1.050000, 2.702248
0.800000, 1.050000, 1.992614
0.850000, 1.050000, 1.485027
0.900000, 1.050000, 1.371755
0.950000, 1.050000, 1.669447
1.000000, 1.050000, 2.217166
1.050000, 1.050000, 2.743650
1.100000, 1.050000, 2.977463
1.150000, 1.050000, 2.757276
1.200000, 1.050000, 2.099500
1.250000, 1.050000, 1.196877
1.300000, 1.050000, 0.348165
1.350000, 1.050000, -0.154452
1.400000, 1.050000, -0.137214
1.450000, 1.050000, 0.386988
1.500000, 1.050000, 1.220457
1.550000, 1.050000, 2.052353
1.600000, 1.050000, 2.573358
1.650000, 1.050000, 2.590080
1.700000, 1.050000, 2.095964
1.750000, 1.050000, 1.271983
1.800000, 1.050000, 0.417022
1.850000, 1.050000, -0.165429
1.900000, 1.050000, -0.281181
1.950000, 1.050000, 0.083343
2.000000, 1.050000, 0.759186
0.000000, 1.100000, 0.889476
0.050000, 1.100000, 1.388115
0.100000, 1.100000, 1.639487
0.150000, 1.100000, 1.490416
0.200000, 1.100000, 0.962470
0.250000, 1.100000, 0.249696
0.300000, 1.100000, -0.352226
0.350000, 1.100000, -0.558699
0.400000, 1.100000, -0.207744
0.450000, 1.100000, 0.672535
0.500000, 1.100000, 1.866904
0.550000, 1.100000, 3.046061
0.600000, 1.100000, 3.882800
0.650000, 1.100000, 4.167904
0.700000, 1.100000, 3.882354
0.750000, 1.100000, 3.199014
0.800000, 1.100000, 2.413612
0.850000, 1.100000, 1.831563
0.900000, 1.100000, 1.653763
0.950000, 1.100000, 1.904560
1.000000, 1.100000, 2.428807
1.050000, 1.100000, 2.958345
1.100000, 1.100000, 3.221683
1.150000, 1.100000, 3.054200
1.200000, 1.100000, 2.466113
1.250000, 1.100000, 1.641776
1.300000, 1.100000, 0.870387
1.350000, 1.100000, 0.434611
1.400000, 1.100000, 0.499956
1.450000, 1.100000, 1.047679
1.500000, 1.100000, 1.877459
1.550000, 1.100000, 2.679519
1.600000, 1.100000, 3.149271
1.650000, 1.100000, 3.101215
1.700000, 1.100000, 2.538924
1.750000, 1.100000, 1.654452
1.800000, 1.100000, 0.757280
1.850000, 1.100000, 0.159543
1.900000, 1.100000, 0.060867
1.950000, 1.100000, 0.476139
2.000000, 1.100000, 1.233170
0.000000, 1.150000, 1.182017
0.050000, 1.150000, 1.701980
0.100000, 1.150000, 1.984621
0.150000, 1.150000, 1.877836
0.200000, 1.150000, 1.402653
0.250000, 1.150000, 0.750702
0.300000, 1.150000, 0.213417
0.350000, 1.150000, 0.069708
0.400000, 1.150000, 0.475092
0.450000, 1.150000, 1.395103
0.500000, 1.150000, 2.609201
0.550000, 1.150000, 3.784699
0.600000, 1.150000, 4.593611
0.650000, 1.150000, 4.828874
0.700000, 1.150000, 4.476500
0.750000, 1.150000, 3.716781
0.800000, 1.150000, 2.854420
0.850000, 1.150000, 2.204238
0.900000, 1.150000, 1.975722
0.950000, 1.150000, 2.199811
1.000000, 1.150000, 2.724982
1.050000, 1.150000, 3.283142
1.100000, 1.150000, 3.599184
1.150000, 1.150000, 3.501590
1.200000, 1.150000, 2.991255
1.250000, 1.150000, 2.242043
1.300000, 1.150000, 1.532942
1.350000, 1.150000, 1.138151
1.400000, 1.150000, 1.217746
1.450000, 1.150000, 1.751461
1.500000, 1.150000, 2.541739
1.550000, 1.150000, 3.285610
1.600000, 1.150000, 3.688510
1.650000, 1.150000, 3.576853
1.700000, 1.150000, 2.966339
1.750000, 1.150000, 2.059591
1.800000, 1.150000, 1.173437
1.850000, 1.150000, 0.622869
1.900000, 1.150000, 0.605150
1.950000, 1.150000, 1.127584
2.000000, 1.150000, 2.005879
0.000000, 1.200000, 1.562105
0.050000, 1.200000, 2.109797
0.100000, 1.200000, 2.428641
0.150000, 1.200000, 2.367525
0.200000, 1.200000, 1.946730
0.250000, 1.200000, 1.355115
0.300000, 1.200000, 0.879418
0.350000, 1.200000, 0.792427
0.400000, 1.200000, 1.242947
0.450000, 1.200000, 2.190263
0.500000, 1.200000, 3.409127
0.550000, 1.200000, 4.564637
0.600000, 1.200000, 5.329697
0.650000, 1.200000, 5.501414
0.700000, 1.200000, 5.072920
0.750000, 1.200000, 4.233749
0.800000, 1.200000, 3.298755
0.850000, 1.200000, 2.592396
0.900000, 1.200000, 2.331843
0.950000, 1.200000, 2.552556
1.000000, 1.200000, 3.103579
1.050000, 1.200000, 3.713202
1.100000, 1.200000, 4.098934
1.150000, 1.200000, 4.079092
1.200000, 1.200000, 3.643109
1.250000, 1.200000, 2.953813
1.300000, 1.200000, 2.281317
1.350000, 1.200000, 1.894587
1.400000, 1.200000, 1.953067
1.450000, 1.200000, 2.440759
1.500000, 1.200000, 3.168802
1.550000, 1.200000, 3.846176
1.600000, 1.200000, 4.191765
1.650000, 1.200000, 4.044843
1.700000, 1.200000, 3.431284
1.750000, 1.200000, 2.559383
1.800000, 1.200000, 1.745919
1.850000, 1.200000, 1.299695
1.900000, 1.200000, 1.406155
1.950000, 1.200000, 2.056520
2.000000, 1.200000, 3.048284
0.000000, 1.250000, 2.009314
0.050000, 1.250000, 2.589365
0.100000, 1.250000, 2.947328
0.150000, 1.250000, 2.933105
0.200000, 1.250000, 2.566116
0.250000, 1.250000, 2.032160
0.300000, 1.250000, 1.612888
0.350000, 1.250000, 1.574611
0.400000, 1.250000, 2.059300
0.450000, 1.250000, 3.020280
0.500000, 1.250000, 4.228442
0.550000, 1.250000, 5.348091
0.600000, 1.250000, 6.054923
0.650000, 1.250000, 6.152350
0.700000, 1.250000, 5.642636
0.750000, 1.250000, 4.726045
0.800000, 1.250000, 3.728169
0.850000, 1.250000, 2.982509
0.900000, 1.250000, 2.712065
0.950000, 1.250000, 2.953824
1.000000, 1.250000, 3.553641
1.050000, 1.250000, 4.232236
1.100000, 1.250000, 4.696253
1.150000, 1.250000, 4.751537
1.200000, 1.250000, 4.375470
1.250000, 1.250000, 3.721303
1.300000, 1.250000, 3.053781
1.350000, 1.250000, 2.641802
1.400000, 1.250000, 2.650298
1.450000, 1.250000, 3.073635
1.500000, 1.250000, 3.736647
1.550000, 1.250000, 4.363136
1.600000, 1.250000, 4.685425
1.650000, 1.250000, 4.552408
1.700000, 1.250000, 3.993808
1.750000, 1.250000, 3.214902
1.800000, 1.250000, 2.522541
1.850000, 1.250000, 2.209798
1.900000, 1.250000, 2.442695
1.950000, 1.250000, 3.192211
2.000000, 1.250000, 4.237945
0.000000, 1.300000, 2.498535
0.050000, 1.300000, 3.113544
0.100000, 1.300000, 3.511382
0.150000, 1.300000, 3.543099
0.200000, 1.300000, 3.227218
0.250000, 1.300000, 2.746257
0.300000, 1.300000, 2.376438
0.350000, 1.300000, 2.377316
0.400000, 1.300000, 2.884024
0.450000, 1.300000, 3.844405
0.500000, 1.300000, 5.026569
0.550000, 1.300000, 6.095693
0.600000, 1.300000, 6.732336
0.650000, 1.300000, 6.748368
0.700000, 1.300000, 6.156985
0.750000, 1.300000, 5.170185
0.800000, 1.300000, 4.124138
0.850000, 1.300000, 3.359877
0.900000, 1.300000, 3.103422
0.950000, 1.300000, 3.389531
1.000000, 1.300000, 4.056733
1.050000, 1.300000, 4.814420
1.100000, 1.300000, 5.355761
1.150000, 1.300000, 5.473331
1.200000, 1.300000, 5.133870
1.250000, 1.300000, 4.484677
1.300000, 1.300000, 3.790551
1.350000, 1.300000, 3.326733
1.400000, 1.300000, 3.269923
1.450000, 1.300000, 3.629778
1.500000, 1.300000, 4.247284
1.550000, 1.300000, 4.860272
1.600000, 1.300000, 5.210177
1.650000, 1.300000, 5.148007
1.700000, 1.300000, 4.697640
1.750000, 1.300000, 4.050938
1.800000, 1.300000, 3.495534
1.850000, 1.300000, 3.302374
1.900000, 1.300000, 3.616053
1.950000, 1.300000, 4.390548
2.000000, 1.300000, 5.396091
0.000000, 1.350000, 3.002627
0.050000, 1.350000, 3.653024
0.100000, 1.350000, 4.089311
0.150000, 1.350000, 4.163935
0.200000, 1.350000, 3.894562
0.250000, 1.350000, 3.460250
0.300000, 1.350000, 3.131494
0.350000, 1.350000, 3.160880
0.400000, 1.350000, 3.676819
0.450000, 1.350000, 4.622333
0.500000, 1.350000, 5.764053
0.550000, 1.350000, 6.769897
0.600000, 1.350000, 7.327463
0.650000, 1.350000, 7.259138
0.700000, 1.350000, 6.590497
0.750000, 1.350000, 5.545637
0.800000, 1.350000, 4.470279
0.850000, 1.350000, 3.710521
0.900000, 1.350000, 3.491753
0.950000, 1.350000, 3.842237
1.000000, 1.350000, 4.589094
1.050000, 1.350000, 5.427358
1.100000, 1.350000, 6.035539
1.150000, 1.350000, 6.194096
1.200000, 1.350000, 5.862695
1.250000, 1.350000, 5.188253
1.300000, 1.350000, 4.442288
1.350000, 1.350000, 3.912900
1.400000, 1.350000, 3.793554
1.450000, 1.350000, 4.111435
1.500000, 1.350000, 4.722321
1.550000, 1.350000, 5.372902
1.600000, 1.350000, 5.805278
1.650000, 1.350000, 5.862097
1.700000, 1.350000, 5.550688
1.750000, 1.350000, 5.040628
1.800000, 1.350000, 4.595243
1.850000, 1.350000, 4.463488
1.900000, 1.350000, 4.774501
1.950000, 1.350000, 5.476620
2.000000, 1.350000, 6.345985
0.000000, 1.400000, 3.495181
0.050000, 1.400000, 4.179207
0.100000, 1.400000, 4.650439
0.150000, 1.400000, 4.763066
0.200000, 1.400000, 4.534011
0.250000, 1.400000, 4.138716
0.300000, 1.400000, 3.841677
0.350000, 1.400000, 3.888349
0.400000, 1.400000, 4.400655
0.450000, 1.400000, 5.317635
0.500000, 1.400000, 6.405949
0.550000, 1.400000, 7.338290
0.600000, 1.400000, 7.811489
0.650000, 1.400000, 7.660295
0.700000, 1.400000, 6.923607
0.750000, 1.400000, 5.837217
0.800000, 1.400000, 4.754440
0.850000, 1.400000, 4.023058
0.900000, 1.400000, 3.863537
0.950000, 1.400000, 4.293241
1.000000, 1.400000, 5.124346
1.050000, 1.400000, 6.035776
1.100000, 1.400000, 6.692065
1.150000, 1.400000, 6.864870
1.200000, 1.400000, 6.512355
1.250000, 1.400000, 5.787930
1.300000, 1.400000, 4.976658
1.350000, 1.400000, 4.384734
1.400000, 1.400000, 4.224641
1.450000, 1.400000, 4.539437
1.500000, 1.400000, 5.193945
1.550000, 1.400000, 5.934546
1.600000, 1.400000, 6.492914
1.650000, 1.400000, 6.692416
1.700000, 1.400000, 6.515400
1.750000, 1.400000, 6.105302
1.800000, 1.400000, 5.703233
1.850000, 1.400000, 5.544524
1.900000, 1.400000, 5.756568
1.950000, 1.400000, 6.299027
2.000000, 1.400000, 6.971167
0.000000, 1.450000, 3.953124
0.050000, 1.450000, 4.666931
0.100000, 1.450000, 5.167738
0.150000, 1.450000, 5.311918
0.200000, 1.450000, 5.115796
0.250000, 1.450000, 4.751059
0.300000, 1.450000, 4.475932
0.350000, 1.450000, 4.528623
0.400000, 1.450000, 5.024909
0.450000, 1.450000, 5.900861
0.500000, 1.450000, 6.924861
0.550000, 1.450000, 7.776517
0.600000, 1.450000, 8.164014
0.650000, 1.450000, 7.935972
0.700000, 1.450000, 7.144921
0.750000, 1.450000, 6.037076
0.800000, 1.450000, 4.970444
0.850000, 1.450000, 4.290336
0.900000, 1.450000, 4.207656
0.950000, 1.450000, 4.724784
1.000000, 1.450000, 5.636476
1.050000, 1.450000, 6.605535
1.100000, 1.450000, 7.285344
1.150000, 1.450000, 7.444143
1.200000, 1.450000, 7.045604
1.250000, 1.450000, 6.256824
1.300000, 1.450000, 5.382070
1.350000, 1.450000, 4.748172
1.400000, 1.450000, 4.584994
1.450000, 1.450000, 4.945426
1.500000, 1.450000, 5.693655
1.550000, 1.450000, 6.564153
1.600000, 1.450000, 7.267022
1.650000, 1.450000, 7.598236
1.700000, 1.450000, 7.512317
1.750000, 1.450000, 7.130302
1.800000, 1.450000, 6.681457
1.850000, 1.450000, 6.403078
1.900000, 1.450000, 6.438918
1.950000, 1.450000, 6.777042
2.000000, 1.450000, 7.252212
0.000000, 1.500000, 4.358897
0.050000, 1.500000, 5.096764
0.100000, 1.500000, 5.620233
0.150000, 1.500000, 5.788368
0.200000, 1.500000, 5.617066
0.250000, 1.500000, 5.274098
0.300000, 1.500000, 5.011131
0.350000, 1.500000, 5.059044
0.400000, 1.500000, 5.527917
0.450000, 1.500000, 6.352026
0.500000, 1.500000, 7.303328
0.550000, 1.500000, 8.070530
0.600000, 1.500000, 8.375126
0.650000, 1.500000, 8.080640
0.700000, 1.500000, 7.252797
0.750000, 1.500000, 6.146034
0.800000, 1.500000, 5.119272
0.850000, 1.500000, 4.510644
0.900000, 1.500000, 4.516895
0.950000, 1.500000, 5.122131
1.000000, 1.500000, 6.102769
1.050000, 1.500000, 7.107554
1.100000, 1.500000, 7.783674
1.150000, 1.500000, 7.902970
1.200000, 1.500000, 7.442197
1.250000, 1.500000, 6.588384
1.300000, 1.500000, 5.668125
1.350000, 1.500000, 5.027608
1.400000, 1.500000, 4.908052
1.450000, 1.500000, 5.362205
1.500000, 1.500000, 6.241580
1.550000, 1.500000, 7.257283
1.600000, 1.500000, 8.089828
1.650000, 1.500000, 8.505636
1.700000, 1.500000, 8.436402
1.750000, 1.500000, 7.992724
1.800000, 1.500000, 7.409073
1.850000, 1.500000, 6.943579
1.900000, 1.500000, 6.772995
1.950000, 1.500000, 6.924214
2.000000, 1.500000, 7.268712
0.000000, 1.550000, 4.702009
0.050000, 1.550000, 5.456661
0.100000, 1.550000, 5.994739
0.150000, 1.550000, 6.178553
0.200000, 1.550000, 6.023728
0.250000, 1.550000, 5.693916
0.300000, 1.550000, 5.433907
0.350000, 1.550000, 5.467192
0.400000, 1.550000, 5.898704
0.450000, 1.550000, 6.662256
0.500000, 1.550000, 7.535354
0.550000, 1.550000, 8.217972
0.600000, 1.550000, 8.446580
0.650000, 1.550000, 8.100067
0.700000, 1.550000, 7.256065
0.750000, 1.550000, 6.174117
0.800000, 1.550000, 5.209542
0.850000, 1.550000, 4.688341
0.900000, 1.550000, 4.788987
0.950000, 1.550000, 5.475307
1.000000, 1.550000, 6.506401
1.050000, 1.550000, 7.521192
1.100000, 1.550000, 8.167476
1.150000, 1.550000, 8.228583
1.200000, 1.550000, 7.701312
1.250000, 1.550000, 6.796615
1.300000, 1.550000, 5.862855
1.350000, 1.550000, 5.259930
1.400000, 1.550000, 5.230394
1.450000, 1.550000, 5.814444
1.500000, 1.550000, 6.839024
1.550000, 1.550000, 7.983654
1.600000, 1.550000, 8.897371
1.650000, 1.550000, 9.322850
1.700000, 1.550000, 9.182095
1.750000, 1.550000, 8.593439
1.800000, 1.550000, 7.815986
1.850000, 1.550000, 7.144834
1.900000, 1.550000, 6.798329
1.950000, 1.550000, 6.840375
2.000000, 1.550000, 7.166277
0.000000, 1.600000, 4.979814
0.050000, 1.600000, 5.742831
0.100000, 1.600000, 6.286794
0.150000, 1.600000, 6.477835
0.200000, 1.600000, 6.331427
0.250000, 1.600000, 6.006824
0.300000, 1.600000, 5.741573
0.350000, 1.600000, 5.751735
0.400000, 1.600000, 6.137751
0.450000, 1.600000, 6.834445
0.500000, 1.600000, 7.626934
0.550000, 1.600000, 8.228530
0.600000, 1.600000, 8.391969
0.650000, 1.600000, 8.011267
0.700000, 1.600000, 7.173791
0.750000, 1.600000, 6.140206
0.800000, 1.600000, 5.257202
0.850000, 1.600000, 4.833824
0.900000, 1.600000, 5.027103
0.950000, 1.600000, 5.780308
1.000000, 1.600000, 6.838392
1.050000, 1.600000, 7.836731
1.100000, 1.600000, 8.431761
1.150000, 1.600000, 8.426017
1.200000, 1.600000, 7.841435
1.250000, 1.600000, 6.913439
1.300000, 1.600000, 6.007295
1.350000, 1.600000, 5.486841
1.400000, 1.600000, 5.583296
1.450000, 1.600000, 6.311847
1.500000, 1.600000, 7.466104
1.550000, 1.600000, 8.691905
1.600000, 1.600000, 9.612931
1.650000, 1.600000, 9.961994
1.700000, 1.600000, 9.670447
1.750000, 1.600000, 8.884286
1.800000, 1.600000, 7.903017
1.850000, 1.600000, 7.065804
1.900000, 1.600000, 6.628229
1.950000, 1.600000, 6.675286
2.000000, 1.600000, 7.101470
0.000000, 1.650000, 5.197461
0.050000, 1.650000, 5.959744
0.100000, 1.650000, 6.500705
0.150000, 1.650000, 6.690860
0.200000, 1.650000, 6.545579
0.250000, 1.650000, 6.219352
0.300000, 1.650000, 5.942045
0.350000, 1.650000, 5.922268
0.400000, 1.650000, 6.256728
0.450000, 1.650000, 6.882870
0.500000, 1.650000, 7.595530
0.550000, 1.650000, 8.123253
0.600000, 1.650000, 8.235843
0.650000, 1.650000, 7.841436
0.700000, 1.650000, 7.034060
0.750000, 1.650000, 6.070792
0.800000, 1.650000, 5.284432
0.850000, 1.650000, 4.962799
0.900000, 1.650000, 5.239718
0.950000, 1.650000, 6.039648
1.000000, 1.650000, 7.098737
1.050000, 1.650000, 8.056680
1.100000, 1.650000, 8.586934
1.150000, 1.650000, 8.517589
1.200000, 1.650000, 7.897742
1.250000, 1.650000, 6.983650
1.300000, 1.650000, 6.148353
1.350000, 1.650000, 5.746888
1.400000, 1.650000, 5.986026
1.450000, 1.650000, 6.846289
1.500000, 1.650000, 8.085140
1.550000, 1.650000, 9.320613
1.600000, 1.650000, 10.165222
1.650000, 1.650000, 10.361608
1.700000, 1.650000, 9.870938
1.750000, 1.650000, 8.882583
1.800000, 1.650000, 7.742557
1.850000, 1.650000, 6.827821
1.900000, 1.650000, 6.412898
1.950000, 1.650000, 6.577212
2.000000, 1.650000, 7.185748
0.000000, 1.700000, 5.367022
0.050000, 1.700000, 6.119305
0.100000, 1.700000, 6.648729
0.150000, 1.700000, 6.830719
0.200000, 1.700000, 6.680492
0.250000, 1.700000, 6.347291
0.300000, 1.700000, 6.052797
0.350000, 1.700000, 5.998164
0.400000, 1.700000, 6.277236
0.450000, 1.700000, 6.831804
0.500000, 1.700000, 7.468539
0.550000, 1.700000, 7.932854
0.600000, 1.700000, 8.011850
0.650000, 1.700000, 7.625941
0.700000, 1.700000, 6.871887
0.750000, 1.700000, 5.997929
0.800000, 1.700000, 5.317843
0.850000, 1.700000, 5.094942
0.900000, 1.700000, 5.439865
0.950000, 1.700000, 6.262207
1.000000, 1.700000, 7.296568
1.050000, 1.700000, 8.195736
1.100000, 1.700000, 8.657813
1.150000, 1.700000, 8.540245
1.200000, 1.700000, 7.917354
1.250000, 1.700000, 7.058221
1.300000, 1.700000, 6.331157
1.350000, 1.700000, 6.068649
1.400000, 1.700000, 6.442181
1.450000, 1.700000, 7.393541
1.500000, 1.700000, 8.649076
1.550000, 1.700000, 9.813028
1.600000, 1.700000, 10.506846
1.650000, 1.700000, 10.504109
1.700000, 1.700000, 9.811872
1.750000, 1.700000, 8.668623
1.800000, 1.700000, 7.459409
1.850000, 1.700000, 6.578965
1.900000, 1.700000, 6.292555
1.950000, 1.700000, 6.644884
2.000000, 1.700000, 7.449534
0.000000, 1.750000, 5.505927
0.050000, 1.750000, 6.239286
0.100000, 1.750000, 6.749489
0.150000, 1.750000, 6.917316
0.200000, 1.750000, 6.757664
0.250000, 1.750000, 6.413908
0.300000, 1.750000, 6.098967
0.350000, 1.750000, 6.006566
0.400000, 1.750000, 6.228671
0.450000, 1.750000, 6.713261
0.500000, 1.750000, 7.280904
0.550000, 1.750000, 7.695182
0.600000, 1.750000, 7.760059
0.650000, 1.750000, 7.405531
0.700000, 1.750000, 6.726407
0.750000, 1.750000, 5.956558
0.800000, 1.750000, 5.386124
0.850000, 1.750000, 5.252037
0.900000, 1.750000, 5.643846
0.950000, 1.750000, 6.462367
1.000000, 1.750000, 7.449344
1.050000, 1.750000, 8.279384
1.100000, 1.750000, 8.680972
1.150000, 1.750000, 8.541127
1.200000, 1.750000, 7.953082
1.250000, 1.750000, 7.186944
1.300000, 1.750000, 6.592084
1.350000, 1.750000, 6.466219
1.400000, 1.750000, 6.939713
1.450000, 1.750000, 7.919156
1.500000, 1.750000, 9.113028
1.550000, 1.750000, 10.132002
1.600000, 1.750000, 10.628315
1.650000, 1.750000, 10.423384
1.700000, 1.750000, 9.576253
1.750000, 1.750000, 8.366625
1.800000, 1.750000, 7.197468
1.850000, 1.750000, 6.451908
1.900000, 1.750000, 6.356344
1.950000, 1.750000, 6.899859
2.000000, 1.750000, 7.839631
0.000000, 1.800000, 5.634853
0.050000, 1.800000, 6.341210
0.100000, 1.800000, 6.825805
0.150000, 1.800000, 6.975132
0.200000, 1.800000, 6.803447
0.250000, 1.800000, 6.447500
0.300000, 1.800000, 6.110799
0.350000, 1.800000, 5.979712
0.400000, 1.800000, 6.145442
0.450000, 1.800000, 6.564090
0.500000, 1.800000, 7.072082
0.550000, 1.800000, 7.452060
0.600000, 1.800000, 7.523685
0.650000, 1.800000, 7.223005
0.700000, 1.800000, 6.637590
0.750000, 1.800000, 5.981436
0.800000, 1.800000, 5.517355
0.850000, 1.800000, 5.455805
0.900000, 1.800000, 5.869539
0.950000, 1.800000, 6.658552
1.000000, 1.800000, 7.581123
1.050000, 1.800000, 8.341293
1.100000, 1.800000, 8.700669
1.150000, 1.800000, 8.571843
1.200000, 1.800000, 8.056487
1.250000, 1.800000, 7.411453
1.300000, 1.800000, 6.953550
1.350000, 1.800000, 6.937704
1.400000, 1.800000, 7.454513
1.450000, 1.800000, 8.387180
1.500000, 1.800000, 9.446247
1.550000, 1.800000, 10.271418
1.600000, 1.800000, 10.563915
1.650000, 1.800000, 10.200227
1.700000, 1.800000, 9.283908
1.750000, 1.800000, 8.114337
1.800000, 1.800000, 7.082120
1.850000, 1.800000, 6.528532
1.900000, 1.800000, 6.620611
1.950000, 1.800000, 7.288631
2.000000, 1.800000, 8.250205
0.000000, 1.850000, 5.775318
0.050000, 1.850000, 6.447891
0.100000, 1.850000, 6.902169
0.150000, 1.850000, 7.030601
0.200000, 1.850000, 6.846325
0.250000, 1.850000, 6.478554
0.300000, 1.850000, 6.120684
0.350000, 1.850000, 5.951862
0.400000, 1.850000, 6.063782
0.450000, 1.850000, 6.422678
0.500000, 1.850000, 6.882648
0.550000, 1.850000, 7.245784
0.600000, 1.850000, 7.345521
0.650000, 1.850000, 7.119640
0.700000, 1.850000, 6.642782
0.750000, 1.850000, 6.103948
0.800000, 1.850000, 5.736249
0.850000, 1.850000, 5.725622
0.900000, 1.850000, 6.134470
0.950000, 1.850000, 6.871305
1.000000, 1.850000, 7.720097
1.050000, 1.850000, 8.419731
1.100000, 1.850000, 8.763821
1.150000, 1.850000, 8.682163
1.200000, 1.850000, 8.271153
1.250000, 1.850000, 7.759598
1.300000, 1.850000, 7.421278
1.350000, 1.850000, 7.466838
1.400000, 1.850000, 7.956693
1.450000, 1.850000, 8.769690
1.500000, 1.850000, 9.641642
1.550000, 1.850000, 10.261156
1.600000, 1.850000, 10.387591
1.650000, 1.850000, 9.946380
1.700000, 1.850000, 9.064353
1.750000, 1.850000, 8.029666
1.800000, 1.850000, 7.189421
1.850000, 1.850000, 6.822197
1.900000, 1.850000, 7.033277
1.950000, 1.850000, 7.712860
2.000000, 1.850000, 8.574578
0.000000, 1.900000, 5.947230
0.050000, 1.900000, 6.580907
0.100000, 1.900000, 7.002128
0.150000, 1.900000, 7.109391
0.200000, 1.900000, 6.914065
0.250000, 1.900000, 6.536784
0.300000, 1.900000, 6.160079
0.350000, 1.900000, 5.956109
0.400000, 1.900000, 6.018466
0.450000, 1.900000, 6.325589
0.500000, 1.900000, 6.750844
0.550000, 1.900000, 7.115612
0.600000, 1.900000, 7.264389
0.650000, 1.900000, 7.131681
0.700000, 1.900000, 6.773380
0.750000, 1.900000, 6.349111
0.800000, 1.900000, 6.061585
0.850000, 1.900000, 6.076371
0.900000, 1.900000, 6.453869
0.950000, 1.900000, 7.121107
1.000000, 1.900000, 7.895642
1.050000, 1.900000, 8.553403
1.100000, 1.900000, 8.914569
1.150000, 1.900000, 8.913869
1.200000, 1.900000, 8.627037
1.250000, 1.900000, 8.241920
1.300000, 1.900000, 7.984382
1.350000, 1.900000, 8.027275
1.400000, 1.900000, 8.418162
1.450000, 1.900000, 9.054955
1.500000, 1.900000, 9.720482
1.550000, 1.900000, 10.164075
1.600000, 1.900000, 10.199441
1.650000, 1.900000, 9.780882
1.700000, 1.900000, 9.027368
1.750000, 1.900000, 8.183527
1.800000, 1.900000, 7.530925
1.850000, 1.900000, 7.282702
1.900000, 1.900000, 7.501925
1.950000, 1.900000, 8.075805
2.000000, 1.900000, 8.757077
0.000000, 1.950000, 6.166639
0.050000, 1.950000, 6.758272
0.100000, 1.950000, 7.145839
0.150000, 1.950000, 7.233835
0.200000, 1.950000, 7.031043
0.250000, 1.950000, 6.648330
0.300000, 1.950000, 6.256605
0.350000, 1.950000, 6.021390
0.400000, 1.950000, 6.039746
0.450000, 1.950000, 6.304427
0.500000, 1.950000, 6.709391
0.550000, 1.950000, 7.094533
0.600000, 1.950000, 7.311916
0.650000, 1.950000, 7.287233
0.700000, 1.950000, 7.051944
0.750000, 1.950000, 6.733044
0.800000, 1.950000, 6.504107
0.850000, 1.950000, 6.516661
0.900000, 1.950000, 6.838902
0.950000, 1.950000, 7.426157
1.000000, 1.950000, 8.135170
1.050000, 1.950000, 8.777137
1.100000, 1.950000, 9.189051
1.150000, 1.950000, 9.295513
1.200000, 1.950000, 9.136612
1.250000, 1.950000, 8.850645
1.300000, 1.950000, 8.618087
1.350000, 1.950000, 8.588604
1.400000, 1.950000, 8.819830
1.450000, 1.950000, 9.252289
1.500000, 1.950000, 9.730911
1.550000, 1.950000, 10.065330
1.600000, 1.950000, 10.105708
1.650000, 1.950000, 9.804405
1.700000, 1.950000, 9.238906
1.750000, 1.950000, 8.586251
1.800000, 1.950000, 8.058154
1.850000, 1.950000, 7.821495
1.900000, 1.950000, 7.935015
1.950000, 1.950000, 8.327144
2.000000, 1.950000, 8.824147
0.000000, 2.000000, 6.443950
0.050000, 2.000000, 6.992532
0.100000, 2.000000, 7.348049
0.150000, 2.000000, 7.420798
0.200000, 2.000000, 7.215976
0.250000, 2.000000, 6.833393
0.300000, 2.000000, 6.431590
0.350000, 2.000000, 6.169954
0.400000, 2.000000, 6.150772
0.450000, 2.000000, 6.383218
0.500000, 2.000000, 6.782845
0.550000, 2.000000, 7.206620
0.600000, 2.000000, 7.509950
0.650000, 2.000000, 7.603812
0.700000, 2.000000, 7.490030
0.750000, 2.000000, 7.261178
0.800000, 2.000000, 7.065098
0.850000, 2.000000, 7.047602
0.900000, 2.000000, 7.295280
0.950000, 2.000000, 7.800355
1.000000, 2.000000, 8.461111
1.050000, 2.000000, 9.117875
1.100000, 2.000000, 9.610978
1.150000, 2.000000, 9.838703
1.200000, 2.000000, 9.793271
1.250000, 2.000000, 9.561275
1.300000, 2.000000, 9.288526
1.350000, 2.000000, 9.122865
1.400000, 2.000000, 9.156866
1.450000, 2.000000, 9.392354
1.500000, 2.000000, 9.740305
1.550000, 2.000000, 10.056128
1.600000, 2.000000, 10.196787
1.650000, 2.000000, 10.077837
1.700000, 2.000000, 9.708452
1.750000, 2.000000, 9.190919
1.800000, 2.000000, 8.684623
1.850000, 2.000000, 8.348108
1.900000, 2.000000, 8.281182
1.950000, 2.000000, 8.489043
2.000000, 2.000000, 8.881987
