0.000000, 0.000000, 3.758932
0.050000, 0.000000, 4.348372
0.100000, 0.000000, 4.850280
0.150000, 0.000000, 5.216633
0.200000, 0.000000, 5.410156
0.250000, 0.000000, 5.408095
0.300000, 0.000000, 5.204605
0.350000, 0.000000, 4.811526
0.400000, 0.000000, 4.257459
0.450000, 0.000000, 3.585233
0.500000, 0.000000, 2.848000
0.550000, 0.000000, 2.104336
0.600000, 0.000000, 1.412818
0.650000, 0.000000, 0.826597
0.700000, 0.000000, 0.388502
0.750000, 0.000000, 0.127135
0.800000, 0.000000, 0.054336
0.850000, 0.000000, 0.164259
0.900000, 0.000000, 0.434150
0.950000, 0.000000, 0.826736
1.000000, 0.000000, 1.293991
1.050000, 0.000000, 1.781912
1.100000, 0.000000, 2.235828
1.150000, 0.000000, 2.605729
1.200000, 0.000000, 2.851086
1.250000, 0.000000, 2.944703
1.300000, 0.000000, 2.875211
1.350000, 0.000000, 2.647984
1.400000, 0.000000, 2.284372
1.450000, 0.000000, 1.819347
1.500000, 0.000000, 1.297794
1.550000, 0.000000, 0.769810
1.600000, 0.000000, 0.285493
1.650000, 0.000000, -0.110273
1.700000, 0.000000, -0.382515
1.750000, 0.000000, -0.509884
1.800000, 0.000000, -0.487005
1.850000, 0.000000, -0.325248
1.900000, 0.000000, -0.051808
1.950000, 0.000000, 0.292785
2.000000, 0.000000, 0.658521
0.000000, 0.050000, 3.590205
0.050000, 0.050000, 4.148668
0.100000, 0.050000, 4.620594
0.150000, 0.050000, 4.958592
0.200000, 0.050000, 5.125983
0.250000, 0.050000, 5.100554
0.300000, 0.050000, 4.876932
0.350000, 0.050000, 4.467350
0.400000, 0.050000, 3.900711
0.450000, 0.050000, 3.220052
0.500000, 0.050000, 2.478630
0.550000, 0.050000, 1.735021
0.600000, 0.050000, 1.047698
0.650000, 0.050000, 0.469607
0.700000, 0.050000, 0.043275
0.750000, 0.050000, -0.203089
0.800000, 0.050000, -0.258116
0.850000, 0.050000, -0.128191
0.900000, 0.050000, 0.163339
0.950000, 0.050000, 0.578566
1.000000, 0.050000, 1.068805
1.050000, 0.050000, 1.579387
1.100000, 0.050000, 2.054983
1.150000, 0.050000, 2.444948
1.200000, 0.050000, 2.708161
1.250000, 0.050000, 2.816884
1.300000, 0.050000, 2.759278
1.350000, 0.050000, 2.540326
1.400000, 0.050000, 2.181074
1.450000, 0.050000, 1.716291
1.500000, 0.050000, 1.190755
1.550000, 0.050000, 0.654565
1.600000, 0.050000, 0.157925
1.650000, 0.050000, -0.254076
1.700000, 0.050000, -0.546162
1.750000, 0.050000, -0.696589
1.800000, 0.050000, -0.699512
1.850000, 0.050000, -0.565759
1.900000, 0.050000, -0.321932
1.950000, 0.050000, -0.007924
2.000000, 0.050000, 0.326915
0.000000, 0.100000, 3.020265
0.050000, 0.100000, 3.548745
0.100000, 0.100000, 3.992319
0.150000, 0.100000, 4.304194
0.200000, 0.100000, 4.448235
0.250000, 0.100000, 4.402704
0.300000, 0.100000, 4.162623
0.350000, 0.100000, 3.740533
0.400000, 0.100000, 3.165547
0.450000, 0.100000, 2.480809
0.500000, 0.100000, 1.739581
0.550000, 0.100000, 1.000338
0.600000, 0.100000, 0.321348
0.650000, 0.100000, -0.244739
0.700000, 0.100000, -0.655786
0.750000, 0.100000, -0.884051
0.800000, 0.100000, -0.918703
0.850000, 0.100000, -0.766716
0.900000, 0.100000, -0.452070
0.950000, 0.100000, -0.013327
1.000000, 0.100000, 0.500164
1.050000, 0.100000, 1.033079
1.100000, 0.100000, 1.529457
1.150000, 0.100000, 1.938063
1.200000, 0.100000, 2.217239
1.250000, 0.100000, 2.338778
1.300000, 0.100000, 2.290455
1.350000, 0.100000, 2.076950
1.400000, 0.100000, 1.719109
1.450000, 0.100000, 1.251597
1.500000, 0.100000, 0.719199
1.550000, 0.100000, 0.172119
1.600000, 0.100000, -0.339229
1.650000, 0.100000, -0.769450
1.700000, 0.100000, -1.082871
1.750000, 0.100000, -1.257275
1.800000, 0.100000, -1.286274
1.850000, 0.100000, -1.180097
1.900000, 0.100000, -0.964710
1.950000, 0.100000, -0.679342
2.000000, 0.100000, -0.372675
0.000000, 0.150000, 2.176299
0.050000, 0.150000, 2.676425
0.100000, 0.150000, 3.093876
0.150000, 0.150000, 3.382410
0.200000, 0.150000, 3.506373
0.250000, 0.150000, 3.444430
0.300000, 0.150000, 3.191916
0.350000, 0.150000, 2.761587
0.400000, 0.150000, 2.182672
0.450000, 0.150000, 1.498324
0.500000, 0.150000, 0.761710
0.550000, 0.150000, 0.031109
0.600000, 0.150000, -0.635502
0.650000, 0.150000, -1.185859
0.700000, 0.150000, -1.578285
0.750000, 0.150000, -1.785570
0.800000, 0.150000, -1.797466
0.850000, 0.150000, -1.621574
0.900000, 0.150000, -1.282522
0.950000, 0.150000, -0.819533
1.000000, 0.150000, -0.282603
1.050000, 0.150000, 0.272317
1.100000, 0.150000, 0.788680
1.150000, 0.150000, 1.214719
1.200000, 0.150000, 1.508314
1.250000, 0.150000, 1.640875
1.300000, 0.150000, 1.599879
1.350000, 0.150000, 1.389810
1.400000, 0.150000, 1.031417
1.450000, 0.150000, 0.559373
1.500000, 0.150000, 0.018573
1.550000, 0.150000, -0.540563
1.600000, 0.150000, -1.067313
1.650000, 0.150000, -1.515882
1.700000, 0.150000, -1.850119
1.750000, 0.150000, -2.047261
1.800000, 0.150000, -2.100318
1.850000, 0.150000, -2.018880
1.900000, 0.150000, -1.828247
1.950000, 0.150000, -1.566977
2.000000, 0.150000, -1.283086
0.000000, 0.200000, 1.239456
0.050000, 0.200000, 1.713450
0.100000, 0.200000, 2.107550
0.150000, 0.200000, 2.376006
0.200000, 0.200000, 2.483576
0.250000, 0.200000, 2.409246
0.300000, 0.200000, 2.148578
0.350000, 0.200000, 1.714451
0.400000, 0.200000, 1.136112
0.450000, 0.200000, 0.456631
0.500000, 0.200000, -0.271014
0.550000, 0.200000, -0.988827
0.600000, 0.200000, -1.639207
0.650000, 0.200000, -2.170343
0.700000, 0.200000, -2.541079
0.750000, 0.200000, -2.724783
0.800000, 0.200000, -2.711824
0.850000, 0.200000, -2.510446
0.900000, 0.200000, -2.145927
0.950000, 0.200000, -1.658134
1.000000, 0.200000, -1.097682
1.050000, 0.200000, -0.521101
1.100000, 0.200000, 0.014536
1.150000, 0.200000, 0.457006
1.200000, 0.200000, 0.763808
1.250000, 0.200000, 0.906062
1.300000, 0.200000, 0.871054
1.350000, 0.200000, 0.663173
1.400000, 0.200000, 0.303180
1.450000, 0.200000, -0.174136
1.500000, 0.200000, -0.723665
1.550000, 0.200000, -1.294675
1.600000, 0.200000, -1.836043
1.650000, 0.200000, -2.301492
1.700000, 0.200000, -2.654327
1.750000, 0.200000, -2.871181
1.800000, 0.200000, -2.944425
1.850000, 0.200000, -2.882984
1.900000, 0.200000, -2.711486
1.950000, 0.200000, -2.467826
2.000000, 0.200000, -2.199383
0.000000, 0.250000, 0.405667
0.050000, 0.250000, 0.856293
0.100000, 0.250000, 1.230291
0.150000, 0.250000, 1.482335
0.200000, 0.250000, 1.577518
0.250000, 0.250000, 1.495064
0.300000, 0.250000, 1.230673
0.350000, 0.250000, 0.797253
0.400000, 0.250000, 0.223980
0.450000, 0.250000, -0.446253
0.500000, 0.250000, -1.160741
0.550000, 0.250000, -1.861852
0.600000, 0.250000, -2.492426
0.650000, 0.250000, -3.001163
0.700000, 0.250000, -3.347477
0.750000, 0.250000, -3.505342
0.800000, 0.250000, -3.465763
0.850000, 0.250000, -3.237624
0.900000, 0.250000, -2.846842
0.950000, 0.250000, -2.333891
1.000000, 0.250000, -1.749964
1.050000, 0.250000, -1.152109
1.100000, 0.250000, -0.597851
1.150000, 0.250000, -0.139789
1.200000, 0.250000, 0.179290
1.250000, 0.250000, 0.330315
1.300000, 0.250000, 0.300481
1.350000, 0.250000, 0.094189
1.400000, 0.250000, -0.267685
1.450000, 0.250000, -0.750137
1.500000, 0.250000, -1.307745
1.550000, 0.250000, -1.889379
1.600000, 0.250000, -2.443440
1.650000, 0.250000, -2.923109
1.700000, 0.250000, -3.291093
1.750000, 0.250000, -3.523392
1.800000, 0.250000, -3.611719
1.850000, 0.250000, -3.564336
1.900000, 0.250000, -3.405215
1.950000, 0.250000, -3.171626
2.000000, 0.250000, -2.910359
0.000000, 0.300000, -0.156630
0.050000, 0.300000, 0.273865
0.100000, 0.300000, 0.631404
0.150000, 0.300000, 0.871015
0.200000, 0.300000, 0.958043
0.250000, 0.300000, 0.871867
0.300000, 0.300000, 0.608230
0.350000, 0.300000, 0.179984
0.400000, 0.300000, -0.383857
0.450000, 0.300000, -1.040659
0.500000, 0.300000, -1.738064
0.550000, 0.300000, -2.418871
0.600000, 0.300000, -3.026421
0.650000, 0.300000, -3.509969
0.700000, 0.300000, -3.829527
0.750000, 0.300000, -3.959692
0.800000, 0.300000, -3.892103
0.850000, 0.300000, -3.636274
0.900000, 0.300000, -3.218725
0.950000, 0.300000, -2.680500
1.000000, 0.300000, -2.073306
1.050000, 0.300000, -1.454643
1.100000, 0.300000, -0.882407
1.150000, 0.300000, -0.409484
1.200000, 0.300000, -0.078853
1.250000, 0.300000, 0.080322
1.300000, 0.300000, 0.055243
1.350000, 0.300000, -0.149577
1.400000, 0.300000, -0.513054
1.450000, 0.300000, -0.999882
1.500000, 0.300000, -1.564249
1.550000, 0.300000, -2.154559
1.600000, 0.300000, -2.718682
1.650000, 0.300000, -3.209218
1.700000, 0.300000, -3.588252
1.750000, 0.300000, -3.831145
1.800000, 0.300000, -3.928962
1.850000, 0.300000, -3.889329
1.900000, 0.300000, -3.735612
1.950000, 0.300000, -3.504511
2.000000, 0.300000, -3.242313
0.000000, 0.350000, -0.342673
0.050000, 0.350000, 0.071318
0.100000, 0.350000, 0.416350
0.150000, 0.350000, 0.647722
0.200000, 0.350000, 0.730952
0.250000, 0.350000, 0.645483
0.300000, 0.350000, 0.387020
0.350000, 0.350000, -0.031729
0.400000, 0.350000, -0.581991
0.450000, 0.350000, -1.221466
0.500000, 0.350000, -1.898210
0.550000, 0.350000, -2.555507
0.600000, 0.350000, -3.137241
0.650000, 0.350000, -3.593253
0.700000, 0.350000, -3.884168
0.750000, 0.350000, -3.985208
0.800000, 0.350000, -3.888634
0.850000, 0.350000, -3.604558
0.900000, 0.350000, -3.160065
0.950000, 0.350000, -2.596714
1.000000, 0.350000, -1.966659
1.050000, 0.350000, -1.327775
1.100000, 0.350000, -0.738250
1.150000, 0.350000, -0.251167
1.200000, 0.350000, 0.090395
1.250000, 0.350000, 0.257271
1.300000, 0.350000, 0.236761
1.350000, 0.350000, 0.033572
1.400000, 0.350000, -0.330922
1.450000, 0.350000, -0.821045
1.500000, 0.350000, -1.390538
1.550000, 0.350000, -1.987296
1.600000, 0.350000, -2.558628
1.650000, 0.350000, -3.056539
1.700000, 0.350000, -3.442499
1.750000, 0.350000, -3.691249
1.800000, 0.350000, -3.793248
1.850000, 0.350000, -3.755543
1.900000, 0.350000, -3.600965
1.950000, 0.350000, -3.365740
2.000000, 0.350000, -3.095747
0.000000, 0.400000, -0.133592
0.050000, 0.400000, 0.267827
0.100000, 0.400000, 0.604512
0.150000, 0.400000, 0.831955
0.200000, 0.400000, 0.915762
0.250000, 0.400000, 0.835358
0.300000, 0.400000, 0.586327
0.350000, 0.400000, 0.181157
0.400000, 0.400000, -0.351694
0.450000, 0.400000, -0.970321
0.500000, 0.400000, -1.623249
0.550000, 0.400000, -2.254289
0.600000, 0.400000, -2.807897
0.650000, 0.400000, -3.234516
0.700000, 0.400000, -3.495387
0.750000, 0.400000, -3.566346
0.800000, 0.400000, -3.440248
0.850000, 0.400000, -3.127766
0.900000, 0.400000, -2.656501
0.950000, 0.400000, -2.068461
1.000000, 0.400000, -1.416184
1.050000, 0.400000, -0.757840
1.100000, 0.400000, -0.151826
1.150000, 0.400000, 0.348660
1.200000, 0.400000, 0.700523
1.250000, 0.400000, 0.874676
1.300000, 0.400000, 0.858595
1.350000, 0.400000, 0.657250
1.400000, 0.400000, 0.292360
1.450000, 0.400000, -0.199978
1.500000, 0.400000, -0.773028
1.550000, 0.400000, -1.374157
1.600000, 0.400000, -1.950111
1.650000, 0.400000, -2.452315
1.700000, 0.400000, -2.841659
1.750000, 0.400000, -3.092311
1.800000, 0.400000, -3.194192
1.850000, 0.400000, -3.153853
1.900000, 0.400000, -2.993690
1.950000, 0.400000, -2.749561
2.000000, 0.400000, -2.467065
0.000000, 0.450000, 0.400182
0.050000, 0.450000, 0.793168
0.100000, 0.450000, 1.125774
0.150000, 0.450000, 1.353607
0.200000, 0.450000, 1.442281
0.250000, 0.450000, 1.371125
0.300000, 0.450000, 1.135526
0.350000, 0.450000, 0.747682
0.400000, 0.450000, 0.235679
0.450000, 0.450000, -0.359027
0.500000, 0.450000, -0.985470
0.550000, 0.450000, -1.588018
0.600000, 0.450000, -2.111715
0.650000, 0.450000, -2.507609
0.700000, 0.450000, -2.737546
0.750000, 0.450000, -2.777954
0.800000, 0.450000, -2.622246
0.850000, 0.450000, -2.281613
0.900000, 0.450000, -1.784111
0.950000, 0.450000, -1.172140
1.000000, 0.450000, -0.498544
1.050000, 0.450000, 0.178278
1.100000, 0.450000, 0.799799
1.150000, 0.450000, 1.312781
1.200000, 0.450000, 1.674181
1.250000, 0.450000, 1.855060
1.300000, 0.450000, 1.843125
1.350000, 0.450000, 1.643659
1.400000, 0.450000, 1.278761
1.450000, 0.450000, 0.784970
1.500000, 0.450000, 0.209509
1.550000, 0.450000, -0.394468
1.600000, 0.450000, -0.973171
1.650000, 0.450000, -1.477486
1.700000, 0.450000, -1.867776
1.750000, 0.450000, -2.117717
1.800000, 0.450000, -2.216775
1.850000, 0.450000, -2.171109
1.900000, 0.450000, -2.002790
1.950000, 0.450000, -1.747434
2.000000, 0.450000, -1.450486
0.000000, 0.500000, 1.115028
0.050000, 0.500000, 1.503825
0.100000, 0.500000, 1.836625
0.150000, 0.500000, 2.069072
0.200000, 0.500000, 2.166715
0.250000, 0.500000, 2.108715
0.300000, 0.500000, 1.890199
0.350000, 0.500000, 1.523017
0.400000, 0.500000, 1.034830
0.450000, 0.500000, 0.466609
0.500000, 0.500000, -0.131219
0.550000, 0.500000, -0.703592
0.600000, 0.500000, -1.196145
0.650000, 0.500000, -1.560525
0.700000, 0.500000, -1.759162
0.750000, 0.500000, -1.769042
0.800000, 0.500000, -1.584098
0.850000, 0.500000, -1.215985
0.900000, 0.500000, -0.693160
0.950000, 0.500000, -0.058347
1.000000, 0.500000, 0.635361
1.050000, 0.500000, 1.329412
1.100000, 0.500000, 1.965208
1.150000, 0.500000, 2.489534
1.200000, 0.500000, 2.859458
1.250000, 0.500000, 3.046233
1.300000, 0.500000, 3.037837
1.350000, 0.500000, 2.839891
1.400000, 0.500000, 2.474890
1.450000, 0.500000, 1.979812
1.500000, 0.500000, 1.402353
1.550000, 0.500000, 0.796156
1.600000, 0.500000, 0.215501
1.650000, 0.500000, -0.290020
1.700000, 0.500000, -0.680320
1.750000, 0.500000, -0.928667
1.800000, 0.500000, -1.024174
1.850000, 0.500000, -0.972715
1.900000, 0.500000, -0.796152
1.950000, 0.500000, -0.529978
2.000000, 0.500000, -0.219606
0.000000, 0.550000, 1.826243
0.050000, 0.550000, 2.215096
0.100000, 0.550000, 2.552261
0.150000, 0.550000, 2.793350
0.200000, 0.550000, 2.903780
0.250000, 0.550000, 2.862484
0.300000, 0.550000, 2.664271
0.350000, 0.550000, 2.320599
0.400000, 0.550000, 1.858669
0.450000, 0.550000, 1.318939
0.500000, 0.550000, 0.751287
0.550000, 0.550000, 0.210198
0.600000, 0.550000, -0.250547
0.650000, 0.550000, -0.583173
0.700000, 0.550000, -0.750665
0.750000, 0.550000, -0.730532
0.800000, 0.550000, -0.517177
0.850000, 0.550000, -0.122672
0.900000, 0.550000, 0.424183
0.950000, 0.550000, 1.080394
1.000000, 0.550000, 1.792685
1.050000, 0.550000, 2.502399
1.100000, 0.550000, 3.150925
1.150000, 0.550000, 3.685116
1.200000, 0.550000, 4.062187
1.250000, 0.550000, 4.253616
1.300000, 0.550000, 4.247668
1.350000, 0.550000, 4.050310
1.400000, 0.550000, 3.684423
1.450000, 0.550000, 3.187406
1.500000, 0.550000, 2.607394
1.550000, 0.550000, 1.998469
1.600000, 0.550000, 1.415342
1.650000, 0.550000, 0.908013
1.700000, 0.550000, 0.516935
1.750000, 0.550000, 0.269159
1.800000, 0.550000, 0.175826
1.850000, 0.550000, 0.231250
1.900000, 0.550000, 0.413676
1.950000, 0.550000, 0.687632
2.000000, 0.550000, 1.007644
0.000000, 0.600000, 2.349126
0.050000, 0.600000, 2.742173
0.100000, 0.600000, 3.087672
0.150000, 0.600000, 3.341140
0.200000, 0.600000, 3.467801
0.250000, 0.600000, 3.446311
0.300000, 0.600000, 3.271122
0.350000, 0.600000, 2.953266
0.400000, 0.600000, 2.519462
0.450000, 0.600000, 2.009644
0.500000, 0.600000, 1.473135
0.550000, 0.600000, 0.963854
0.600000, 0.600000, 0.535014
0.650000, 0.600000, 0.233843
0.700000, 0.600000, 0.096831
0.750000, 0.600000, 0.145991
0.800000, 0.600000, 0.386490
0.850000, 0.600000, 0.805894
0.900000, 0.600000, 1.375108
0.950000, 0.600000, 2.050919
1.000000, 0.600000, 2.779914
1.050000, 0.600000, 3.503377
1.100000, 0.600000, 4.162719
1.150000, 0.600000, 4.704894
1.200000, 0.600000, 5.087285
1.250000, 0.600000, 5.281606
1.300000, 0.600000, 5.276409
1.350000, 0.600000, 5.077995
1.400000, 0.600000, 4.709612
1.450000, 0.600000, 4.209044
1.500000, 0.600000, 3.624817
1.550000, 0.600000, 3.011402
1.600000, 0.600000, 2.423878
1.650000, 0.600000, 1.912577
1.700000, 0.600000, 1.518248
1.750000, 0.600000, 1.268181
1.800000, 0.600000, 1.173693
1.850000, 0.600000, 1.229209
1.900000, 0.600000, 1.413008
1.950000, 0.600000, 1.689579
2.000000, 0.600000, 2.013332
0.000000, 0.650000, 2.540055
0.050000, 0.650000, 2.941232
0.100000, 0.650000, 3.298735
0.150000, 0.650000, 3.567933
0.200000, 0.650000, 3.713816
0.250000, 0.650000, 3.714724
0.300000, 0.650000, 3.564724
0.350000, 0.650000, 3.274404
0.400000, 0.650000, 2.869993
0.450000, 0.650000, 2.390900
0.500000, 0.650000, 1.885905
0.550000, 0.650000, 1.408378
0.600000, 0.650000, 1.010993
0.650000, 0.650000, 0.740458
0.700000, 0.650000, 0.632779
0.750000, 0.650000, 0.709530
0.800000, 0.650000, 0.975494
0.850000, 0.650000, 1.417917
0.900000, 0.650000, 2.007451
0.950000, 0.650000, 2.700707
1.000000, 0.650000, 3.444167
1.050000, 0.650000, 4.179089
1.100000, 0.650000, 4.846928
1.150000, 0.650000, 5.394751
1.200000, 0.650000, 5.780120
1.250000, 0.650000, 5.974976
1.300000, 0.650000, 5.968150
1.350000, 0.650000, 5.766253
1.400000, 0.650000, 5.392867
1.450000, 0.650000, 4.886125
1.500000, 0.650000, 4.294901
1.550000, 0.650000, 3.674001
1.600000, 0.650000, 3.078815
1.650000, 0.650000, 2.559959
1.700000, 0.650000, 2.158418
1.750000, 0.650000, 1.901670
1.800000, 0.650000, 1.801166
1.850000, 0.650000, 1.851399
1.900000, 0.650000, 2.030659
1.950000, 0.650000, 2.303383
2.000000, 0.650000, 2.623862
0.000000, 0.700000, 2.328598
0.050000, 0.700000, 2.741538
0.100000, 0.700000, 3.114326
0.150000, 0.700000, 3.402145
0.200000, 0.700000, 3.569718
0.250000, 0.700000, 3.595048
0.300000, 0.700000, 3.471805
0.350000, 0.700000, 3.210128
0.400000, 0.700000, 2.835760
0.450000, 0.700000, 2.387601
0.500000, 0.700000, 1.913906
0.550000, 0.700000, 1.467524
0.600000, 0.700000, 1.100620
0.650000, 0.700000, 0.859417
0.700000, 0.700000, 0.779477
0.750000, 0.700000, 0.881972
0.800000, 0.700000, 1.171340
0.850000, 0.700000, 1.634541
0.900000, 0.700000, 2.242011
0.950000, 0.700000, 2.950207
1.000000, 0.700000, 3.705533
1.050000, 0.700000, 4.449235
1.100000, 0.700000, 5.122822
1.150000, 0.700000, 5.673477
1.200000, 0.700000, 6.058930
1.250000, 0.700000, 6.251343
1.300000, 0.700000, 6.239801
1.350000, 0.700000, 6.031202
1.400000, 0.700000, 5.649435
1.450000, 0.700000, 5.132945
1.500000, 0.700000, 4.530919
1.550000, 0.700000, 3.898465
1.600000, 0.700000, 3.291255
1.650000, 0.700000, 2.760159
1.700000, 0.700000, 2.346378
1.750000, 0.700000, 2.077566
1.800000, 0.700000, 1.965307
1.850000, 0.700000, 2.004176
1.900000, 0.700000, 2.172499
1.950000, 0.700000, 2.434699
2.000000, 0.700000, 2.745015
0.000000, 0.750000, 1.733628
0.050000, 0.750000, 2.161571
0.100000, 0.750000, 2.552458
0.150000, 0.750000, 2.861257
0.200000, 0.750000, 3.052411
0.250000, 0.750000, 3.103579
0.300000, 0.750000, 3.008036
0.350000, 0.750000, 2.775484
0.400000, 0.750000, 2.431198
0.450000, 0.750000, 2.013590
0.500000, 0.750000, 1.570423
0.550000, 0.750000, 1.154054
0.600000, 0.750000, 0.816176
0.650000, 0.750000, 0.602565
0.700000, 0.750000, 0.548369
0.750000, 0.750000, 0.674394
0.800000, 0.750000, 0.984762
0.850000, 0.750000, 1.466176
0.900000, 0.750000, 2.088871
0.950000, 0.750000, 2.809173
1.000000, 0.750000, 3.573414
1.050000, 0.750000, 4.322832
1.100000, 0.750000, 4.998989
1.150000, 0.750000, 5.549173
1.200000, 0.750000, 5.931277
1.250000, 0.750000, 6.117661
1.300000, 0.750000, 6.097650
1.350000, 0.750000, 5.878410
1.400000, 0.750000, 5.484114
1.450000, 0.750000, 4.953507
1.500000, 0.750000, 4.336077
1.550000, 0.750000, 3.687229
1.600000, 0.750000, 3.062919
1.650000, 0.750000, 2.514280
1.700000, 0.750000, 2.082755
1.750000, 0.750000, 1.796213
1.800000, 0.750000, 1.666415
1.850000, 0.750000, 1.688088
1.900000, 0.750000, 1.839673
1.950000, 0.750000, 2.085675
2.000000, 0.750000, 2.380387
0.000000, 0.800000, 0.859905
0.050000, 0.800000, 1.305620
0.100000, 0.800000, 1.716881
0.150000, 0.800000, 2.048436
0.200000, 0.800000, 2.264445
0.250000, 0.800000, 2.342234
0.300000, 0.800000, 2.274700
0.350000, 0.800000, 2.071133
0.400000, 0.800000, 1.756372
0.450000, 0.800000, 1.368373
0.500000, 0.800000, 0.954443
0.550000, 0.800000, 0.566484
0.600000, 0.800000, 0.255751
0.650000, 0.800000, 0.067605
0.700000, 0.800000, 0.036812
0.750000, 0.800000, 0.183838
0.800000, 0.800000, 0.512508
0.850000, 0.800000, 1.009281
0.900000, 0.800000, 1.644204
0.950000, 0.800000, 2.373473
1.000000, 0.800000, 3.143347
1.050000, 0.800000, 3.895052
1.100000, 0.800000, 4.570191
1.150000, 0.800000, 5.116152
1.200000, 0.800000, 5.490972
1.250000, 0.800000, 5.667204
1.300000, 0.800000, 5.634404
1.350000, 0.800000, 5.400000
1.400000, 0.800000, 4.988458
1.450000, 0.800000, 4.438832
1.500000, 0.800000, 3.800932
1.550000, 0.800000, 3.130491
1.600000, 0.800000, 2.483796
1.650000, 0.800000, 1.912302
1.700000, 0.800000, 1.457768
1.750000, 0.800000, 1.148360
1.800000, 0.800000, 0.996121
1.850000, 0.800000, 0.996040
1.900000, 0.800000, 1.126795
1.950000, 0.800000, 1.353111
2.000000, 0.800000, 1.629476
0.000000, 0.850000, -0.124135
0.050000, 0.850000, 0.341583
0.100000, 0.850000, 0.774906
0.150000, 0.850000, 1.130366
0.200000, 0.850000, 1.371861
0.250000, 0.850000, 1.476411
0.300000, 0.850000, 1.436567
0.350000, 0.850000, 1.261247
0.400000, 0.850000, 0.974891
0.450000, 0.850000, 0.615044
0.500000, 0.850000, 0.228594
0.550000, 0.850000, -0.132973
0.600000, 0.850000, -0.418807
0.650000, 0.850000, -0.583935
0.700000, 0.850000, -0.593949
0.750000, 0.850000, -0.428711
0.800000, 0.850000, -0.084682
0.850000, 0.850000, 0.424357
0.900000, 0.850000, 1.068261
0.950000, 0.850000, 1.803090
1.000000, 0.850000, 2.575020
1.050000, 0.850000, 3.325254
1.100000, 0.850000, 3.995429
1.150000, 0.850000, 4.533021
1.200000, 0.850000, 4.896210
1.250000, 0.850000, 5.057746
1.300000, 0.850000, 5.007429
1.350000, 0.850000, 4.752972
1.400000, 0.850000, 4.319166
1.450000, 0.850000, 3.745424
1.500000, 0.850000, 3.081941
1.550000, 0.850000, 2.384857
1.600000, 0.850000, 1.710879
1.650000, 0.850000, 1.111893
1.700000, 0.850000, 0.630088
1.750000, 0.850000, 0.294060
1.800000, 0.850000, 0.116274
1.850000, 0.850000, 0.092123
1.900000, 0.850000, 0.200675
1.950000, 0.850000, 0.407020
2.000000, 0.850000, 0.665984
0.000000, 0.900000, -1.022556
0.050000, 0.900000, -0.535200
0.100000, 0.900000, -0.078761
0.150000, 0.900000, 0.301105
0.200000, 0.900000, 0.568067
0.250000, 0.900000, 0.698881
0.300000, 0.900000, 0.685804
0.350000, 0.900000, 0.537427
0.400000, 0.900000, 0.277843
0.450000, 0.900000, -0.055767
0.500000, 0.900000, -0.416894
0.550000, 0.900000, -0.754430
0.600000, 0.900000, -1.017906
0.650000, 0.900000, -1.162713
0.700000, 0.900000, -1.154792
0.750000, 0.900000, -0.974329
0.800000, 0.900000, -0.618071
0.850000, 0.900000, -0.100052
0.900000, 0.900000, 0.549384
0.950000, 0.900000, 1.286142
1.000000, 0.900000, 2.056305
1.050000, 0.900000, 2.801040
1.100000, 0.900000, 3.462013
1.150000, 0.900000, 3.986792
1.200000, 0.900000, 4.333717
1.250000, 0.900000, 4.475758
1.300000, 0.900000, 4.402999
1.350000, 0.900000, 4.123499
1.400000, 0.900000, 3.662448
1.450000, 0.900000, 3.059707
1.500000, 0.900000, 2.365965
1.550000, 0.900000, 1.637889
1.600000, 0.900000, 0.932744
1.650000, 0.900000, 0.302994
1.700000, 0.900000, -0.208587
1.750000, 0.900000, -0.572814
1.800000, 0.900000, -0.776645
1.850000, 0.900000, -0.824127
1.900000, 0.900000, -0.735663
1.950000, 0.900000, -0.545671
2.000000, 0.900000, -0.298883
0.000000, 0.950000, -1.654214
0.050000, 0.950000, -1.144217
0.100000, 0.950000, -0.664261
0.150000, 0.950000, -0.260148
0.200000, 0.950000, 0.031617
0.250000, 0.950000, 0.187588
0.300000, 0.950000, 0.199785
0.350000, 0.950000, 0.076535
0.400000, 0.950000, -0.158360
0.450000, 0.950000, -0.468038
0.500000, 0.950000, -0.806325
0.550000, 0.950000, -1.122462
0.600000, 0.950000, -1.366338
0.650000, 0.950000, -1.493700
0.700000, 0.950000, -1.470839
0.750000, 0.950000, -1.278269
0.800000, 0.950000, -0.913045
0.850000, 0.950000, -0.389466
0.900000, 0.950000, 0.261899
0.950000, 0.950000, 0.996786
1.000000, 0.950000, 1.761172
1.050000, 0.950000, 2.496183
1.100000, 0.950000, 3.143522
1.150000, 0.950000, 3.650872
1.200000, 0.950000, 3.976769
1.250000, 0.950000, 4.094464
1.300000, 0.950000, 3.994405
1.350000, 0.950000, 3.685090
1.400000, 0.950000, 3.192226
1.450000, 0.950000, 2.556260
1.500000, 0.950000, 1.828521
1.550000, 0.950000, 1.066372
1.600000, 0.950000, 0.327803
1.650000, 0.950000, -0.333971
1.700000, 0.950000, -0.875417
1.750000, 0.950000, -1.266600
1.800000, 0.950000, -1.493752
1.850000, 0.950000, -1.560236
1.900000, 0.950000, -1.485827
1.950000, 0.950000, -1.304390
2.000000, 0.950000, -1.060191
0.000000, 1.000000, -1.891919
0.050000, 1.000000, -1.358938
0.100000, 1.000000, -0.855730
0.150000, 1.000000, -0.428179
0.200000, 1.000000, -0.112891
0.250000, 1.000000, 0.066555
0.300000, 1.000000, 0.102018
0.350000, 1.000000, 0.001630
0.400000, 1.000000, -0.211043
0.450000, 1.000000, -0.499404
0.500000, 1.000000, -0.817577
0.550000, 1.000000, -1.115132
0.600000, 1.000000, -1.342305
0.650000, 1.000000, -1.455201
0.700000, 1.000000, -1.420474
0.750000, 1.000000, -1.218989
0.800000, 1.000000, -0.848132
0.850000, 1.000000, -0.322496
0.900000, 1.000000, 0.327101
0.950000, 1.000000, 1.056211
1.000000, 1.000000, 1.810695
1.050000, 1.000000, 2.531652
1.100000, 1.000000, 3.160847
1.150000, 1.000000, 3.646127
1.200000, 1.000000, 3.946297
1.250000, 1.000000, 4.034985
1.300000, 1.000000, 3.903117
1.350000, 1.000000, 3.559778
1.400000, 1.000000, 3.031349
1.450000, 1.000000, 2.359036
1.500000, 1.000000, 1.595002
1.550000, 1.000000, 0.797487
1.600000, 1.000000, 0.025402
1.650000, 1.000000, -0.667111
1.700000, 1.000000, -1.235597
1.750000, 1.000000, -1.649239
1.800000, 1.000000, -1.893440
1.850000, 1.000000, -1.970818
1.900000, 1.000000, -1.900507
1.950000, 1.000000, -1.715860
2.000000, 1.000000, -1.460775
0.000000, 1.050000, -1.689979
0.050000, 1.050000, -1.134337
0.100000, 1.050000, -0.608796
0.150000, 1.050000, -0.159240
0.200000, 1.050000, 0.177709
0.250000, 1.050000, 0.378429
0.300000, 1.050000, 0.434701
0.350000, 1.050000, 0.354533
0.400000, 1.050000, 0.161320
0.450000, 1.050000, -0.108562
0.500000, 1.050000, -0.409507
0.550000, 1.050000, -0.691399
0.600000, 1.050000, -0.904822
0.650000, 1.050000, -1.006260
0.700000, 1.050000, -0.962752
0.750000, 1.050000, -0.755552
0.800000, 1.050000, -0.382408
0.850000, 1.050000, 0.141757
0.900000, 1.050000, 0.785856
0.950000, 1.050000, 1.505242
1.000000, 1.050000, 2.245671
1.050000, 1.050000, 2.948243
1.100000, 1.050000, 3.554841
1.150000, 1.050000, 4.013558
1.200000, 1.050000, 4.283580
1.250000, 1.050000, 4.339044
1.300000, 1.050000, 4.171523
1.350000, 1.050000, 3.790864
1.400000, 1.050000, 3.224326
1.450000, 1.050000, 2.514081
1.500000, 1.050000, 1.713328
1.550000, 1.050000, 0.881391
1.600000, 1.050000, 0.078279
1.650000, 1.050000, -0.640781
1.700000, 1.050000, -1.230298
1.750000, 1.050000, -1.658495
1.800000, 1.050000, -1.909933
1.850000, 1.050000, -1.986525
1.900000, 1.050000, -1.906879
1.950000, 1.050000, -1.704014
2.000000, 1.050000, -1.421713
0.000000, 1.100000, -1.094088
0.050000, 1.100000, -0.516765
0.100000, 1.100000, 0.029558
0.150000, 1.100000, 0.499098
0.200000, 1.100000, 0.855321
0.250000, 1.100000, 1.074662
0.300000, 1.100000, 1.148913
0.350000, 1.100000, 1.086033
0.400000, 1.100000, 0.909309
0.450000, 1.100000, 0.654935
0.500000, 1.100000, 0.368264
0.550000, 1.100000, 0.099102
0.600000, 1.100000, -0.103504
0.650000, 1.100000, -0.196445
0.700000, 1.100000, -0.147189
0.750000, 1.100000, 0.062580
0.800000, 1.100000, 0.434707
0.850000, 1.100000, 0.953908
0.900000, 1.100000, 1.588804
0.950000, 1.100000, 2.294556
1.000000, 1.100000, 3.016842
1.050000, 1.100000, 3.696816
1.100000, 1.100000, 4.276572
1.150000, 1.100000, 4.704569
1.200000, 1.100000, 4.940523
1.250000, 1.100000, 4.959264
1.300000, 1.100000, 4.753212
1.350000, 1.100000, 4.333196
1.400000, 1.100000, 3.727576
1.450000, 1.100000, 2.979714
1.500000, 1.100000, 2.144055
1.550000, 1.100000, 1.281188
1.600000, 1.100000, 0.452368
1.650000, 1.100000, -0.285996
1.700000, 1.100000, -0.887336
1.750000, 1.100000, -1.318946
1.800000, 1.100000, -1.564643
1.850000, 1.100000, -1.625823
1.900000, 1.100000, -1.520825
1.950000, 1.100000, -1.282679
2.000000, 1.100000, -0.955471
0.000000, 1.150000, -0.231432
0.050000, 1.150000, 0.365955
0.100000, 1.150000, 0.930919
0.150000, 1.150000, 1.417893
0.200000, 1.150000, 1.790546
0.250000, 1.150000, 2.025479
0.300000, 1.150000, 2.114591
0.350000, 1.150000, 2.065872
0.400000, 1.150000, 1.902551
0.450000, 1.150000, 1.660672
0.500000, 1.150000, 1.385346
0.550000, 1.150000, 1.126048
0.600000, 1.150000, 0.931425
0.650000, 1.150000, 0.844133
0.700000, 1.150000, 0.896220
0.750000, 1.150000, 1.105520
0.800000, 1.150000, 1.473423
0.850000, 1.150000, 1.984254
0.900000, 1.150000, 2.606339
0.950000, 1.150000, 3.294661
1.000000, 1.150000, 3.994877
1.050000, 1.150000, 4.648289
1.100000, 1.150000, 5.197324
1.150000, 1.150000, 5.590973
1.200000, 1.150000, 5.789675
1.250000, 1.150000, 5.769176
1.300000, 1.150000, 5.522973
1.350000, 1.150000, 5.063125
1.400000, 1.150000, 4.419327
1.450000, 1.150000, 3.636348
1.500000, 1.150000, 2.770062
1.550000, 1.150000, 1.882464
1.600000, 1.150000, 1.036129
1.650000, 1.150000, 0.288656
1.700000, 1.150000, -0.312383
1.750000, 1.150000, -0.733515
1.800000, 1.150000, -0.958067
1.850000, 1.150000, -0.987256
1.900000, 1.150000, -0.839584
1.950000, 1.150000, -0.548599
2.000000, 1.150000, -0.159262
0.000000, 1.200000, 0.716842
0.050000, 1.200000, 1.332084
0.100000, 1.200000, 1.913010
0.150000, 1.200000, 2.414404
0.200000, 1.200000, 2.800264
0.250000, 1.200000, 3.047474
0.300000, 1.200000, 3.148137
0.350000, 1.200000, 3.110350
0.400000, 1.200000, 2.957329
0.450000, 1.200000, 2.724988
0.500000, 1.200000, 2.458185
0.550000, 1.200000, 2.206036
0.600000, 1.200000, 2.016733
0.650000, 1.200000, 1.932418
0.700000, 1.200000, 1.984590
0.750000, 1.200000, 2.190540
0.800000, 1.200000, 2.551159
0.850000, 1.200000, 3.050360
0.900000, 1.200000, 3.656179
0.950000, 1.200000, 4.323474
1.000000, 1.200000, 4.997963
1.050000, 1.200000, 5.621226
1.100000, 1.200000, 6.136194
1.150000, 1.200000, 6.492591
1.200000, 1.200000, 6.651819
1.250000, 1.200000, 6.590784
1.300000, 1.200000, 6.304328
1.350000, 1.200000, 5.805983
1.400000, 1.200000, 5.127008
1.450000, 1.200000, 4.313764
1.500000, 1.200000, 3.423686
1.550000, 1.200000, 2.520230
1.600000, 1.200000, 1.667272
1.650000, 1.200000, 0.923481
1.700000, 1.200000, 0.337216
1.750000, 1.200000, -0.057602
1.800000, 1.200000, -0.244223
1.850000, 1.200000, -0.224200
1.900000, 1.200000, -0.016783
1.950000, 1.200000, 0.343312
2.000000, 1.200000, 0.809559
0.000000, 1.250000, 1.554800
0.050000, 1.250000, 2.185148
0.100000, 1.250000, 2.778892
0.150000, 1.250000, 3.291306
0.200000, 1.250000, 3.686860
0.250000, 1.250000, 3.942841
0.300000, 1.250000, 4.051654
0.350000, 1.250000, 4.021567
0.400000, 1.250000, 3.875824
0.450000, 1.250000, 3.650209
0.500000, 1.250000, 3.389302
0.550000, 1.250000, 3.141806
0.600000, 1.250000, 2.955395
0.650000, 1.250000, 2.871616
0.700000, 1.250000, 2.921344
0.750000, 1.250000, 3.121265
0.800000, 1.250000, 3.471732
0.850000, 1.250000, 3.956237
0.900000, 1.250000, 4.542561
0.950000, 1.250000, 5.185511
1.000000, 1.250000, 5.830992
1.050000, 1.250000, 6.421032
1.100000, 1.250000, 6.899277
1.150000, 1.250000, 7.216433
1.200000, 1.250000, 7.335126
1.250000, 1.250000, 7.233702
1.300000, 1.250000, 6.908606
1.350000, 1.250000, 6.375085
1.400000, 1.250000, 5.666151
1.450000, 1.250000, 4.829882
1.500000, 1.250000, 3.925319
1.550000, 1.250000, 3.017331
1.600000, 1.250000, 2.170934
1.650000, 1.250000, 1.445605
1.700000, 1.250000, 0.890107
1.750000, 1.250000, 0.538328
1.800000, 1.250000, 0.406506
1.850000, 1.250000, 0.492098
1.900000, 1.250000, 0.774386
1.950000, 1.250000, 1.216742
2.000000, 1.250000, 1.770330
0.000000, 1.300000, 2.114004
0.050000, 1.300000, 2.756239
0.100000, 1.300000, 3.359264
0.150000, 1.300000, 3.879006
0.200000, 1.300000, 4.280548
0.250000, 1.300000, 4.541702
0.300000, 1.300000, 4.655271
0.350000, 1.300000, 4.629753
0.400000, 1.300000, 4.488438
0.450000, 1.300000, 4.266969
0.500000, 1.300000, 4.009602
0.550000, 1.300000, 3.764554
0.600000, 1.300000, 3.578895
0.650000, 1.300000, 3.493486
0.700000, 1.300000, 3.538498
0.750000, 1.300000, 3.729951
0.800000, 1.300000, 4.067629
0.850000, 1.300000, 4.534616
0.900000, 1.300000, 5.098499
0.950000, 1.300000, 5.714148
1.000000, 1.300000, 6.327821
1.050000, 1.300000, 6.882207
1.100000, 1.300000, 7.321920
1.150000, 1.300000, 7.598926
1.200000, 1.300000, 7.677365
1.250000, 1.300000, 7.537302
1.300000, 1.300000, 7.177037
1.350000, 1.300000, 6.613728
1.400000, 1.300000, 5.882268
1.450000, 1.300000, 5.032489
1.500000, 1.300000, 4.124968
1.550000, 1.300000, 3.225797
1.600000, 1.300000, 2.400826
1.650000, 1.300000, 1.709901
1.700000, 1.300000, 1.201646
1.750000, 1.300000, 0.909267
1.800000, 1.300000, 0.847768
1.850000, 1.300000, 1.012842
1.900000, 1.300000, 1.381514
1.950000, 1.300000, 1.914476
2.000000, 1.300000, 2.559877
0.000000, 1.350000, 2.289695
0.050000, 1.350000, 2.940204
0.100000, 1.350000, 3.548677
0.150000, 1.350000, 4.071855
0.200000, 1.350000, 4.475584
0.250000, 1.350000, 4.738328
0.300000, 1.350000, 4.853368
0.350000, 1.350000, 4.829482
0.400000, 1.350000, 4.690012
0.450000, 1.350000, 4.470421
0.500000, 1.350000, 4.214573
0.550000, 1.350000, 3.970113
0.600000, 1.350000, 3.783398
0.650000, 1.350000, 3.694506
0.700000, 1.350000, 3.732817
0.750000, 1.350000, 3.913627
0.800000, 1.350000, 4.236142
0.850000, 1.350000, 4.683076
0.900000, 1.350000, 5.221916
0.950000, 1.350000, 5.807750
1.000000, 1.350000, 6.387399
1.050000, 1.350000, 6.904466
1.100000, 1.350000, 7.304822
1.150000, 1.350000, 7.541996
1.200000, 1.350000, 7.581938
1.250000, 1.350000, 7.406699
1.300000, 1.350000, 7.016646
1.350000, 1.350000, 6.430984
1.400000, 1.350000, 5.686519
1.450000, 1.350000, 4.834759
1.500000, 1.350000, 3.937602
1.550000, 1.350000, 3.062018
1.600000, 1.350000, 2.274212
1.650000, 1.350000, 1.633801
1.700000, 1.350000, 1.188566
1.750000, 1.350000, 0.970250
1.800000, 1.350000, 0.991804
1.850000, 1.350000, 1.246330
1.900000, 1.350000, 1.707814
1.950000, 1.350000, 2.333573
2.000000, 1.350000, 3.068176
0.000000, 1.400000, 2.063000
0.050000, 1.400000, 2.717870
0.100000, 1.400000, 3.327753
0.150000, 1.400000, 3.850379
0.200000, 1.400000, 4.252509
0.250000, 1.400000, 4.513372
0.300000, 1.400000, 4.626809
0.350000, 1.400000, 4.601905
0.400000, 1.400000, 4.462040
0.450000, 1.400000, 4.242441
0.500000, 1.400000, 3.986490
0.550000, 1.400000, 3.741144
0.600000, 1.400000, 3.551932
0.650000, 1.400000, 3.458038
0.700000, 1.400000, 3.487967
0.750000, 1.400000, 3.656249
0.800000, 1.400000, 3.961518
0.850000, 1.400000, 4.386189
0.900000, 1.400000, 4.897783
0.950000, 1.400000, 5.451805
1.000000, 1.400000, 5.995888
1.050000, 1.400000, 6.474845
1.100000, 1.400000, 6.836120
1.150000, 1.400000, 7.035116
1.200000, 1.400000, 7.039881
1.250000, 1.400000, 6.834682
1.300000, 1.400000, 6.422103
1.350000, 1.400000, 5.823437
1.400000, 1.400000, 5.077322
1.450000, 1.400000, 4.236711
1.500000, 1.400000, 3.364456
1.550000, 1.400000, 2.527890
1.600000, 1.400000, 1.792927
1.650000, 1.400000, 1.218205
1.700000, 1.400000, 0.849833
1.750000, 1.400000, 0.717227
1.800000, 1.400000, 0.830432
1.850000, 1.400000, 1.179165
1.900000, 1.400000, 1.733694
1.950000, 1.400000, 2.447440
2.000000, 1.400000, 3.261083
0.000000, 1.450000, 1.504352
0.050000, 1.450000, 2.159463
0.100000, 1.450000, 2.766618
0.150000, 1.450000, 3.284712
0.200000, 1.450000, 3.681569
0.250000, 1.450000, 3.937297
0.300000, 1.450000, 4.046358
0.350000, 1.450000, 4.018159
0.400000, 1.450000, 3.876078
0.450000, 1.450000, 3.655026
0.500000, 1.450000, 3.397789
0.550000, 1.450000, 3.150504
0.600000, 1.450000, 2.957741
0.650000, 1.450000, 2.857673
0.700000, 1.450000, 2.877853
0.750000, 1.450000, 3.032019
0.800000, 1.450000, 3.318268
0.850000, 1.450000, 3.718823
0.900000, 1.450000, 4.201419
0.950000, 1.450000, 4.722214
1.000000, 1.450000, 5.229952
1.050000, 1.450000, 5.670977
1.100000, 1.450000, 5.994635
1.150000, 1.450000, 6.158513
1.200000, 1.450000, 6.133013
1.250000, 1.450000, 5.904790
1.300000, 1.450000, 5.478701
1.350000, 1.450000, 4.878054
1.400000, 1.450000, 4.143088
1.450000, 1.450000, 3.327819
1.500000, 1.450000, 2.495511
1.550000, 1.450000, 1.713182
1.600000, 1.450000, 1.045661
1.650000, 1.450000, 0.549736
1.700000, 1.450000, 0.268942
1.750000, 1.450000, 0.229491
1.800000, 1.450000, 0.437717
1.850000, 1.450000, 0.879290
1.900000, 1.450000, 1.520283
1.950000, 1.450000, 2.309989
2.000000, 1.450000, 3.185241
0.000000, 1.500000, 0.757371
0.050000, 1.500000, 1.408499
0.100000, 1.500000, 2.008792
0.150000, 1.500000, 2.518484
0.200000, 1.500000, 2.906612
0.250000, 1.500000, 3.154261
0.300000, 1.500000, 3.256563
0.350000, 1.500000, 3.223238
0.400000, 1.500000, 3.077599
0.450000, 1.500000, 2.854137
0.500000, 1.500000, 2.594902
0.550000, 1.500000, 2.345064
0.600000, 1.500000, 2.148086
0.650000, 1.500000, 2.041020
0.700000, 1.500000, 2.050399
0.750000, 1.500000, 2.189161
0.800000, 1.500000, 2.454940
0.850000, 1.500000, 2.829912
0.900000, 1.500000, 3.282248
0.950000, 1.500000, 3.769048
1.000000, 1.500000, 4.240489
1.050000, 1.500000, 4.644795
1.100000, 1.500000, 4.933547
1.150000, 1.500000, 5.066799
1.200000, 1.500000, 5.017507
1.250000, 1.500000, 4.774799
1.300000, 1.500000, 4.345752
1.350000, 1.500000, 3.755468
1.400000, 1.500000, 3.045404
1.450000, 1.500000, 2.270083
1.500000, 1.500000, 1.492474
1.550000, 1.500000, 0.778456
1.600000, 1.500000, 0.190864
1.650000, 1.500000, -0.216300
1.700000, 1.500000, -0.402980
1.750000, 1.500000, -0.346981
1.800000, 1.500000, -0.046332
1.850000, 1.500000, 0.480154
1.900000, 1.500000, 1.194191
1.950000, 1.500000, 2.041084
2.000000, 1.500000, 2.954294
0.000000, 1.550000, 0.006759
0.050000, 1.550000, 0.649682
0.100000, 1.550000, 1.239084
0.150000, 1.550000, 1.736720
0.200000, 1.550000, 2.112974
0.250000, 1.550000, 2.349999
0.300000, 1.550000, 2.443625
0.350000, 1.550000, 2.403852
0.400000, 1.550000, 2.253843
0.450000, 1.550000, 2.027532
0.500000, 1.550000, 1.766077
0.550000, 1.550000, 1.513511
0.600000, 1.550000, 1.312044
0.650000, 1.550000, 1.197492
0.700000, 1.550000, 1.195317
0.750000, 1.550000, 1.317685
0.800000, 1.550000, 1.561871
0.850000, 1.550000, 1.910200
0.900000, 1.550000, 2.331545
0.950000, 1.550000, 2.784271
1.000000, 1.550000, 3.220347
1.050000, 1.550000, 3.590231
1.100000, 1.550000, 3.848053
1.150000, 1.550000, 3.956573
1.200000, 1.550000, 3.891424
1.250000, 1.550000, 3.644183
1.300000, 1.550000, 3.223953
1.350000, 1.550000, 2.657257
1.400000, 1.550000, 1.986210
1.450000, 1.550000, 1.265126
1.500000, 1.550000, 0.555828
1.550000, 1.550000, -0.077889
1.600000, 1.550000, -0.576148
1.650000, 1.550000, -0.888670
1.700000, 1.550000, -0.979702
1.750000, 1.550000, -0.831717
1.800000, 1.550000, -0.447511
1.850000, 1.550000, 0.149513
1.900000, 1.550000, 0.916935
1.950000, 1.550000, 1.796660
2.000000, 1.550000, 2.719716
0.000000, 1.600000, -0.562780
0.050000, 1.600000, 0.067819
0.100000, 1.600000, 0.642513
0.150000, 1.600000, 1.124748
0.200000, 1.600000, 1.486385
0.250000, 1.600000, 1.710716
0.300000, 1.600000, 1.794279
0.350000, 1.600000, 1.747297
0.400000, 1.600000, 1.592666
0.450000, 1.600000, 1.363606
0.500000, 1.600000, 1.100199
0.550000, 1.600000, 0.845162
0.600000, 1.600000, 0.639296
0.650000, 1.600000, 0.517084
0.700000, 1.600000, 0.502886
0.750000, 1.600000, 0.608152
0.800000, 1.600000, 0.829953
0.850000, 1.600000, 1.150999
0.900000, 1.600000, 1.541177
0.950000, 1.600000, 1.960479
1.000000, 1.600000, 2.363039
1.050000, 1.600000, 2.701897
1.100000, 1.600000, 2.934010
1.150000, 1.600000, 3.025016
1.200000, 1.600000, 2.953243
1.250000, 1.600000, 2.712564
1.300000, 1.600000, 2.313759
1.350000, 1.600000, 1.784228
1.400000, 1.600000, 1.166025
1.450000, 1.600000, 0.512383
1.500000, 1.600000, -0.116986
1.550000, 1.600000, -0.661370
1.600000, 1.600000, -1.064819
1.650000, 1.600000, -1.281621
1.700000, 1.600000, -1.280984
1.750000, 1.600000, -1.050436
1.800000, 1.600000, -0.597609
1.850000, 1.600000, 0.049802
1.900000, 1.600000, 0.845927
1.950000, 1.600000, 1.730325
2.000000, 1.600000, 2.632982
0.000000, 1.650000, -0.807626
0.050000, 1.650000, -0.193263
0.100000, 1.650000, 0.363212
0.150000, 1.650000, 0.827098
0.200000, 1.650000, 1.171855
0.250000, 1.650000, 1.381966
0.300000, 1.650000, 1.454663
0.350000, 1.650000, 1.400306
0.400000, 1.650000, 1.241381
0.450000, 1.650000, 1.010211
0.500000, 1.650000, 0.745598
0.550000, 1.650000, 0.488752
0.600000, 1.650000, 0.278915
0.650000, 1.650000, 0.149148
0.700000, 1.650000, 0.122709
0.750000, 1.650000, 0.210433
0.800000, 1.650000, 0.409380
0.850000, 1.650000, 0.702933
0.900000, 1.650000, 1.062346
0.950000, 1.650000, 1.449624
1.000000, 1.650000, 1.821446
1.050000, 1.650000, 2.133756
1.100000, 1.650000, 2.346566
1.150000, 1.650000, 2.428463
1.200000, 1.650000, 2.360372
1.250000, 1.650000, 2.138154
1.300000, 1.650000, 1.773754
1.350000, 1.650000, 1.294737
1.400000, 1.650000, 0.742223
1.450000, 1.650000, 0.167377
1.500000, 1.650000, -0.373231
1.550000, 1.650000, -0.822973
1.600000, 1.650000, -1.130701
1.650000, 1.650000, -1.255950
1.700000, 1.650000, -1.173275
1.750000, 1.650000, -0.875304
1.800000, 1.650000, -0.374154
1.850000, 1.650000, 0.298941
1.900000, 1.650000, 1.095812
1.950000, 1.650000, 1.955173
2.000000, 1.650000, 2.807737
0.000000, 1.700000, -0.657349
0.050000, 1.700000, -0.062829
0.100000, 1.700000, 0.472311
0.150000, 1.700000, 0.915381
0.200000, 1.700000, 1.241540
0.250000, 1.700000, 1.436502
0.300000, 1.700000, 1.498149
0.350000, 1.700000, 1.436865
0.400000, 1.700000, 1.274558
0.450000, 1.700000, 1.042440
0.500000, 1.700000, 0.777818
0.550000, 1.700000, 0.520194
0.600000, 1.700000, 0.307106
0.650000, 1.700000, 0.170126
0.700000, 1.700000, 0.131447
0.750000, 1.700000, 0.201428
0.800000, 1.700000, 0.377366
0.850000, 1.700000, 0.643648
0.900000, 1.700000, 0.973285
0.950000, 1.700000, 1.330699
1.000000, 1.700000, 1.675479
1.050000, 1.700000, 1.966759
1.100000, 1.700000, 2.167745
1.150000, 1.700000, 2.249943
1.200000, 1.700000, 2.196626
1.250000, 1.700000, 2.005176
1.300000, 1.700000, 1.688019
1.350000, 1.700000, 1.272022
1.400000, 1.700000, 0.796370
1.450000, 1.700000, 0.309103
1.500000, 1.700000, -0.137391
1.550000, 1.700000, -0.491485
1.600000, 1.700000, -0.707545
1.650000, 1.700000, -0.750755
1.700000, 1.700000, -0.601064
1.750000, 1.700000, -0.255823
1.800000, 1.700000, 0.269174
1.850000, 1.700000, 0.940381
1.900000, 1.700000, 1.708917
1.950000, 1.700000, 2.514509
2.000000, 1.700000, 3.290623
0.000000, 1.750000, -0.130819
0.050000, 1.750000, 0.440643
0.100000, 1.750000, 0.951805
0.150000, 1.750000, 1.372138
0.200000, 1.750000, 1.678585
0.250000, 1.750000, 1.858102
0.300000, 1.750000, 1.909155
0.350000, 1.750000, 1.842015
0.400000, 1.750000, 1.677805
0.450000, 1.750000, 1.446399
0.500000, 1.750000, 1.183370
0.550000, 1.750000, 0.926317
0.600000, 1.750000, 0.710938
0.650000, 1.750000, 0.567277
0.700000, 1.750000, 0.516535
0.750000, 1.750000, 0.568785
0.800000, 1.750000, 0.721856
0.850000, 1.750000, 0.961519
0.900000, 1.750000, 1.262957
0.950000, 1.750000, 1.593415
1.000000, 1.750000, 1.915736
1.050000, 1.750000, 2.192460
1.100000, 1.750000, 2.390034
1.150000, 1.750000, 2.482710
1.200000, 1.750000, 2.455708
1.250000, 1.750000, 2.307296
1.300000, 1.750000, 2.049538
1.350000, 1.750000, 1.707605
1.400000, 1.750000, 1.317664
1.450000, 1.750000, 0.923551
1.500000, 1.750000, 0.572507
1.550000, 1.750000, 0.310399
1.600000, 1.750000, 0.176902
1.650000, 1.750000, 0.201115
1.700000, 1.750000, 0.398076
1.750000, 1.750000, 0.766549
1.800000, 1.750000, 1.288336
1.850000, 1.750000, 1.929238
1.900000, 1.750000, 2.641600
1.950000, 1.750000, 3.368253
2.000000, 1.750000, 4.047496
0.000000, 1.800000, 0.667205
0.050000, 1.800000, 1.212865
0.100000, 1.800000, 1.697952
0.150000, 1.800000, 2.094226
0.200000, 1.800000, 2.380486
0.250000, 1.800000, 2.544920
0.300000, 1.800000, 2.586483
0.350000, 1.800000, 2.515161
0.400000, 1.800000, 2.351069
0.450000, 1.800000, 2.122485
0.500000, 1.800000, 1.863008
0.550000, 1.800000, 1.608129
0.600000, 1.800000, 1.391595
0.650000, 1.800000, 1.241918
0.700000, 1.800000, 1.179420
0.750000, 1.800000, 1.214132
0.800000, 1.800000, 1.344763
0.850000, 1.800000, 1.558878
0.900000, 1.800000, 1.834272
0.950000, 1.800000, 2.141407
1.000000, 1.800000, 2.446680
1.050000, 1.800000, 2.716168
1.100000, 1.800000, 2.919482
1.150000, 1.800000, 3.033304
1.200000, 1.800000, 3.044231
1.250000, 1.800000, 2.950619
1.300000, 1.800000, 2.763185
1.350000, 1.800000, 2.504304
1.400000, 1.800000, 2.206013
1.450000, 1.800000, 1.906922
1.500000, 1.800000, 1.648301
1.550000, 1.800000, 1.469750
1.600000, 1.800000, 1.404875
1.650000, 1.800000, 1.477410
1.700000, 1.800000, 1.698218
1.750000, 1.800000, 2.063482
1.800000, 1.800000, 2.554309
1.850000, 1.800000, 3.137848
1.900000, 1.800000, 3.769823
1.950000, 1.800000, 4.398301
2.000000, 1.800000, 4.968333
0.000000, 1.850000, 1.568283
0.050000, 1.850000, 2.085939
0.100000, 1.850000, 2.543449
0.150000, 1.850000, 2.914984
0.200000, 1.850000, 3.181248
0.250000, 1.850000, 3.331624
0.300000, 1.850000, 3.365437
0.350000, 1.850000, 3.292186
0.400000, 1.850000, 3.130728
0.450000, 1.850000, 2.907472
0.500000, 1.850000, 2.653787
0.550000, 1.850000, 2.402874
0.600000, 1.850000, 2.186431
0.650000, 1.850000, 2.031472
0.700000, 1.850000, 1.957610
0.750000, 1.850000, 1.975126
0.800000, 1.850000, 2.084002
0.850000, 1.850000, 2.274047
0.900000, 1.850000, 2.526110
0.950000, 1.850000, 2.814244
1.000000, 1.850000, 3.108623
1.050000, 1.850000, 3.378896
1.100000, 1.850000, 3.597623
1.150000, 1.850000, 3.743435
1.200000, 1.850000, 3.803575
1.250000, 1.850000, 3.775531
1.300000, 1.850000, 3.667579
1.350000, 1.850000, 3.498150
1.400000, 1.850000, 3.294067
1.450000, 1.850000, 3.087816
1.500000, 1.850000, 2.914108
1.550000, 1.850000, 2.806094
1.600000, 1.850000, 2.791606
1.650000, 1.850000, 2.889825
1.700000, 1.850000, 3.108746
1.750000, 1.850000, 3.443704
1.800000, 1.850000, 3.877168
1.850000, 1.850000, 4.379845
1.900000, 1.850000, 4.913024
1.950000, 1.850000, 5.431954
2.000000, 1.850000, 5.889958
0.000000, 1.900000, 2.376482
0.050000, 1.900000, 2.864526
0.100000, 1.900000, 3.293597
0.150000, 1.900000, 3.640377
0.200000, 1.900000, 3.887506
0.250000, 1.900000, 4.025504
0.300000, 1.900000, 4.053914
0.350000, 1.900000, 3.981524
0.400000, 1.900000, 3.825652
0.450000, 1.900000, 3.610552
0.500000, 1.900000, 3.365111
0.550000, 1.900000, 3.120059
0.600000, 1.900000, 2.904990
0.650000, 1.900000, 2.745492
0.700000, 1.900000, 2.660693
0.750000, 1.900000, 2.661470
0.800000, 1.900000, 2.749517
0.850000, 1.900000, 2.917360
0.900000, 1.900000, 3.149335
0.950000, 1.900000, 3.423413
1.000000, 1.900000, 3.713694
1.050000, 1.900000, 3.993303
1.100000, 1.900000, 4.237381
1.150000, 1.900000, 4.425867
1.200000, 1.900000, 4.545752
1.250000, 1.900000, 4.592579
1.300000, 1.900000, 4.571011
1.350000, 1.900000, 4.494394
1.400000, 1.900000, 4.383356
1.450000, 1.900000, 4.263569
1.500000, 1.900000, 4.162905
1.550000, 1.900000, 4.108276
1.600000, 1.900000, 4.122491
1.650000, 1.900000, 4.221457
1.700000, 1.900000, 4.412042
1.750000, 1.900000, 4.690825
1.800000, 1.900000, 5.043903
1.850000, 1.900000, 5.447784
1.900000, 1.900000, 5.871314
1.950000, 1.900000, 6.278465
2.000000, 1.900000, 6.631711
0.000000, 1.950000, 2.910657
0.050000, 1.950000, 3.368116
0.100000, 1.950000, 3.768546
0.150000, 1.950000, 4.091229
0.200000, 1.950000, 4.320747
0.250000, 1.950000, 4.448675
0.300000, 1.950000, 4.474596
0.350000, 1.950000, 4.406331
0.400000, 1.950000, 4.259361
0.450000, 1.950000, 4.055489
0.500000, 1.950000, 3.820866
0.550000, 1.950000, 3.583597
0.600000, 1.950000, 3.371143
0.650000, 1.950000, 3.207797
0.700000, 1.950000, 3.112475
0.750000, 1.950000, 3.097054
0.800000, 1.950000, 3.165414
0.850000, 1.950000, 3.313286
0.900000, 1.950000, 3.528907
0.950000, 1.950000, 3.794431
1.000000, 1.950000, 4.087923
1.050000, 1.950000, 4.385749
1.100000, 1.950000, 4.665108
1.150000, 1.950000, 4.906433
1.200000, 1.950000, 5.095429
1.250000, 1.950000, 5.224517
1.300000, 1.950000, 5.293555
1.350000, 1.950000, 5.309735
1.400000, 1.950000, 5.286684
1.450000, 1.950000, 5.242856
1.500000, 1.950000, 5.199379
1.550000, 1.950000, 5.177583
1.600000, 1.950000, 5.196471
1.650000, 1.950000, 5.270399
1.700000, 1.950000, 5.407215
1.750000, 1.950000, 5.607060
1.800000, 1.950000, 5.861963
1.850000, 1.950000, 6.156295
1.900000, 1.950000, 6.468046
1.950000, 1.950000, 6.770801
2.000000, 1.950000, 7.036235
0.000000, 2.000000, 3.043619
0.050000, 2.000000, 3.470180
0.100000, 2.000000, 3.842438
0.150000, 2.000000, 4.142345
0.200000, 2.000000, 4.356415
0.250000, 2.000000, 4.477167
0.300000, 2.000000, 4.504020
0.350000, 2.000000, 4.443549
0.400000, 2.000000, 4.309084
0.450000, 2.000000, 4.119663
0.500000, 2.000000, 3.898464
0.550000, 2.000000, 3.670835
0.600000, 2.000000, 3.462122
0.650000, 2.000000, 3.295502
0.700000, 2.000000, 3.190016
0.750000, 2.000000, 3.158992
0.800000, 2.000000, 3.209006
0.850000, 2.000000, 3.339476
0.900000, 2.000000, 3.542921
0.950000, 2.000000, 3.805857
1.000000, 2.000000, 4.110233
1.050000, 2.000000, 4.435276
1.100000, 2.000000, 4.759542
1.150000, 2.000000, 5.062996
1.200000, 2.000000, 5.328901
1.250000, 2.000000, 5.545331
1.300000, 2.000000, 5.706182
1.350000, 2.000000, 5.811563
1.400000, 2.000000, 5.867553
1.450000, 2.000000, 5.885334
1.500000, 2.000000, 5.879814
1.550000, 2.000000, 5.867864
1.600000, 2.000000, 5.866353
1.650000, 2.000000, 5.890189
1.700000, 2.000000, 5.950555
1.750000, 2.000000, 6.053529
1.800000, 2.000000, 6.199220
1.850000, 2.000000, 6.381525
1.900000, 2.000000, 6.588518
1.950000, 2.000000, 6.803461
2.000000, 2.000000, 7.006319
