0.000000, 0.000000, -1.943387
0.050000, 0.000000, -1.786466
0.100000, 0.000000, -1.625070
0.150000, 0.000000, -1.475087
0.200000, 0.000000, -1.350644
0.250000, 0.000000, -1.262861
0.300000, 0.000000, -1.218922
0.350000, 0.000000, -1.221583
0.400000, 0.000000, -1.269117
0.450000, 0.000000, -1.355718
0.500000, 0.000000, -1.472294
0.550000, 0.000000, -1.607567
0.600000, 0.000000, -1.749360
0.650000, 0.000000, -1.885929
0.700000, 0.000000, -2.007210
0.750000, 0.000000, -2.105853
0.800000, 0.000000, -2.177926
0.850000, 0.000000, -2.223243
0.900000, 0.000000, -2.245266
0.950000, 0.000000, -2.250609
1.000000, 0.000000, -2.248202
1.050000, 0.000000, -2.248197
1.100000, 0.000000, -2.260747
1.150000, 0.000000, -2.294779
1.200000, 0.000000, -2.356910
1.250000, 0.000000, -2.450601
1.300000, 0.000000, -2.575666
1.350000, 0.000000, -2.728173
1.400000, 0.000000, -2.900771
1.450000, 0.000000, -3.083398
1.500000, 0.000000, -3.264309
1.550000, 0.000000, -3.431326
1.600000, 0.000000, -3.573173
1.650000, 0.000000, -3.680757
1.700000, 0.000000, -3.748271
1.750000, 0.000000, -3.773990
1.800000, 0.000000, -3.760668
1.850000, 0.000000, -3.715491
1.900000, 0.000000, -3.649577
1.950000, 0.000000, -3.577054
2.000000, 0.000000, -3.513810
0.000000, 0.050000, -1.910076
0.050000, 0.050000, -1.736788
0.100000, 0.050000, -1.560895
0.150000, 0.050000, -1.399415
0.200000, 0.050000, -1.267441
0.250000, 0.050000, -1.176834
0.300000, 0.050000, -1.135264
0.350000, 0.050000, -1.145679
0.400000, 0.050000, -1.206249
0.450000, 0.050000, -1.310770
0.500000, 0.050000, -1.449479
0.550000, 0.050000, -1.610195
0.600000, 0.050000, -1.779649
0.650000, 0.050000, -1.944882
0.700000, 0.050000, -2.094557
0.750000, 0.050000, -2.220061
0.800000, 0.050000, -2.316281
0.850000, 0.050000, -2.381998
0.900000, 0.050000, -2.419840
0.950000, 0.050000, -2.435842
1.000000, 0.050000, -2.438630
1.050000, 0.050000, -2.438353
1.100000, 0.050000, -2.445457
1.150000, 0.050000, -2.469444
1.200000, 0.050000, -2.517753
1.250000, 0.050000, -2.594872
1.300000, 0.050000, -2.701788
1.350000, 0.050000, -2.835823
1.400000, 0.050000, -2.990891
1.450000, 0.050000, -3.158138
1.500000, 0.050000, -3.326901
1.550000, 0.050000, -3.485901
1.600000, 0.050000, -3.624521
1.650000, 0.050000, -3.734060
1.700000, 0.050000, -3.808808
1.750000, 0.050000, -3.846837
1.800000, 0.050000, -3.850409
1.850000, 0.050000, -3.825961
1.900000, 0.050000, -3.783638
1.950000, 0.050000, -3.736432
2.000000, 0.050000, -3.698988
0.000000, 0.100000, -1.628684
0.050000, 0.100000, -1.440899
0.100000, 0.100000, -1.253487
0.150000, 0.100000, -1.084403
0.200000, 0.100000, -0.949457
0.250000, 0.100000, -0.860966
0.300000, 0.100000, -0.826768
0.350000, 0.100000, -0.849680
0.400000, 0.100000, -0.927450
0.450000, 0.100000, -1.053178
0.500000, 0.100000, -1.216172
0.550000, 0.100000, -1.403137
0.600000, 0.100000, -1.599564
0.650000, 0.100000, -1.791200
0.700000, 0.100000, -1.965423
0.750000, 0.100000, -2.112419
0.800000, 0.100000, -2.226021
0.850000, 0.100000, -2.304159
0.900000, 0.100000, -2.348863
0.950000, 0.100000, -2.365849
1.000000, 0.100000, -2.363725
1.050000, 0.100000, -2.352918
1.100000, 0.100000, -2.344435
1.150000, 0.100000, -2.348593
1.200000, 0.100000, -2.373844
1.250000, 0.100000, -2.425843
1.300000, 0.100000, -2.506821
1.350000, 0.100000, -2.615362
1.400000, 0.100000, -2.746584
1.450000, 0.100000, -2.892712
1.500000, 0.100000, -3.043979
1.550000, 0.100000, -3.189767
1.600000, 0.100000, -3.319852
1.650000, 0.100000, -3.425634
1.700000, 0.100000, -3.501204
1.750000, 0.100000, -3.544151
1.800000, 0.100000, -3.555995
1.850000, 0.100000, -3.542208
1.900000, 0.100000, -3.511812
1.950000, 0.100000, -3.476568
2.000000, 0.100000, -3.449862
0.000000, 0.150000, -1.244109
0.050000, 0.150000, -1.044827
0.100000, 0.150000, -0.849812
0.150000, 0.150000, -0.677679
0.200000, 0.150000, -0.544642
0.250000, 0.150000, -0.463134
0.300000, 0.150000, -0.440814
0.350000, 0.150000, -0.480027
0.400000, 0.150000, -0.577779
0.450000, 0.150000, -0.726199
0.500000, 0.150000, -0.913442
0.550000, 0.150000, -1.124938
0.600000, 0.150000, -1.344852
0.650000, 0.150000, -1.557617
0.700000, 0.150000, -1.749390
0.750000, 0.150000, -1.909284
0.800000, 0.150000, -2.030269
0.850000, 0.150000, -2.109669
0.900000, 0.150000, -2.149195
0.950000, 0.150000, -2.154545
1.000000, 0.150000, -2.134618
1.050000, 0.150000, -2.100417
1.100000, 0.150000, -2.063783
1.150000, 0.150000, -2.036073
1.200000, 0.150000, -2.026939
1.250000, 0.150000, -2.043319
1.300000, 0.150000, -2.088750
1.350000, 0.150000, -2.163066
1.400000, 0.150000, -2.262520
1.450000, 0.150000, -2.380291
1.500000, 0.150000, -2.507339
1.550000, 0.150000, -2.633505
1.600000, 0.150000, -2.748739
1.650000, 0.150000, -2.844318
1.700000, 0.150000, -2.913929
1.750000, 0.150000, -2.954500
1.800000, 0.150000, -2.966672
1.850000, 0.150000, -2.954880
1.900000, 0.150000, -2.927003
1.950000, 0.150000, -2.893632
2.000000, 0.150000, -2.867015
0.000000, 0.200000, -0.936146
0.050000, 0.200000, -0.729332
0.100000, 0.200000, -0.531344
0.150000, 0.200000, -0.361121
0.200000, 0.200000, -0.234912
0.250000, 0.200000, -0.164898
0.300000, 0.200000, -0.158193
0.350000, 0.200000, -0.216341
0.400000, 0.200000, -0.335318
0.450000, 0.200000, -0.506053
0.500000, 0.200000, -0.715391
0.550000, 0.200000, -0.947404
0.600000, 0.200000, -1.184932
0.650000, 0.200000, -1.411180
0.700000, 0.200000, -1.611241
0.750000, 0.200000, -1.773386
0.800000, 0.200000, -1.890013
0.850000, 0.200000, -1.958171
0.900000, 0.200000, -1.979616
0.950000, 0.200000, -1.960406
1.000000, 0.200000, -1.910099
1.050000, 0.200000, -1.840626
1.100000, 0.200000, -1.764974
1.150000, 0.200000, -1.695811
1.200000, 0.200000, -1.644197
1.250000, 0.200000, -1.618500
1.300000, 0.200000, -1.623645
1.350000, 0.200000, -1.660738
1.400000, 0.200000, -1.727127
1.450000, 0.200000, -1.816860
1.500000, 0.200000, -1.921496
1.550000, 0.200000, -2.031190
1.600000, 0.200000, -2.135902
1.650000, 0.200000, -2.226633
1.700000, 0.200000, -2.296530
1.750000, 0.200000, -2.341753
1.800000, 0.200000, -2.362005
1.850000, 0.200000, -2.360667
1.900000, 0.200000, -2.344517
1.950000, 0.200000, -2.323069
2.000000, 0.200000, -2.307579
0.000000, 0.250000, -0.851795
0.050000, 0.250000, -0.642158
0.100000, 0.250000, -0.446286
0.150000, 0.250000, -0.283046
0.200000, 0.250000, -0.168331
0.250000, 0.250000, -0.113681
0.300000, 0.250000, -0.125322
0.350000, 0.250000, -0.203699
0.400000, 0.250000, -0.343532
0.450000, 0.250000, -0.534399
0.500000, 0.250000, -0.761772
0.550000, 0.250000, -1.008402
0.600000, 0.250000, -1.255923
0.650000, 0.250000, -1.486527
0.700000, 0.250000, -1.684533
0.750000, 0.250000, -1.837732
0.800000, 0.250000, -1.938360
0.850000, 0.250000, -1.983641
0.900000, 0.250000, -1.975838
0.950000, 0.250000, -1.921832
1.000000, 0.250000, -1.832280
1.050000, 0.250000, -1.720444
1.100000, 0.250000, -1.600808
1.150000, 0.250000, -1.487634
1.200000, 0.250000, -1.393597
1.250000, 0.250000, -1.328631
1.300000, 0.250000, -1.299097
1.350000, 0.250000, -1.307349
1.400000, 0.250000, -1.351734
1.450000, 0.250000, -1.427008
1.500000, 0.250000, -1.525124
1.550000, 0.250000, -1.636298
1.600000, 0.250000, -1.750235
1.650000, 0.250000, -1.857377
1.700000, 0.250000, -1.950050
1.750000, 0.250000, -2.023384
1.800000, 0.250000, -2.075895
1.850000, 0.250000, -2.109692
1.900000, 0.250000, -2.130268
1.950000, 0.250000, -2.145895
2.000000, 0.250000, -2.166707
0.000000, 0.300000, -1.050412
0.050000, 0.300000, -0.843144
0.100000, 0.300000, -0.654644
0.150000, 0.300000, -0.503282
0.200000, 0.300000, -0.404182
0.250000, 0.300000, -0.367879
0.300000, 0.300000, -0.399400
0.350000, 0.300000, -0.497859
0.400000, 0.300000, -0.656580
0.450000, 0.300000, -0.863755
0.500000, 0.300000, -1.103548
0.550000, 0.300000, -1.357561
0.600000, 0.300000, -1.606500
0.650000, 0.300000, -1.831902
0.700000, 0.300000, -2.017757
0.750000, 0.300000, -2.151868
0.800000, 0.300000, -2.226846
0.850000, 0.300000, -2.240636
0.900000, 0.300000, -2.196546
0.950000, 0.300000, -2.102786
1.000000, 0.300000, -1.971565
1.050000, 0.300000, -1.817848
1.100000, 0.300000, -1.657902
1.150000, 0.300000, -1.507768
1.200000, 0.300000, -1.381808
1.250000, 0.300000, -1.291475
1.300000, 0.300000, -1.244411
1.350000, 0.300000, -1.243948
1.400000, 0.300000, -1.289063
1.450000, 0.300000, -1.374768
1.500000, 0.300000, -1.492879
1.550000, 0.300000, -1.633097
1.600000, 0.300000, -1.784248
1.650000, 0.300000, -1.935579
1.700000, 0.300000, -2.077962
1.750000, 0.300000, -2.204871
1.800000, 0.300000, -2.313048
1.850000, 0.300000, -2.402784
1.900000, 0.300000, -2.477787
1.950000, 0.300000, -2.544655
2.000000, 0.300000, -2.612022
0.000000, 0.350000, -1.482583
0.050000, 0.350000, -1.283069
0.100000, 0.350000, -1.107067
0.150000, 0.350000, -0.972005
0.200000, 0.350000, -0.891840
0.250000, 0.350000, -0.875765
0.300000, 0.350000, -0.927369
0.350000, 0.350000, -1.044293
0.400000, 0.350000, -1.218445
0.450000, 0.350000, -1.436726
0.500000, 0.350000, -1.682219
0.550000, 0.350000, -1.935708
0.600000, 0.350000, -2.177405
0.650000, 0.350000, -2.388712
0.700000, 0.350000, -2.553859
0.750000, 0.350000, -2.661272
0.800000, 0.350000, -2.704542
0.850000, 0.350000, -2.682915
0.900000, 0.350000, -2.601268
0.950000, 0.350000, -2.469573
1.000000, 0.350000, -2.301912
1.050000, 0.350000, -2.115149
1.100000, 0.350000, -1.927379
1.150000, 0.350000, -1.756304
1.200000, 0.350000, -1.617702
1.250000, 0.350000, -1.524118
1.300000, 0.350000, -1.483894
1.350000, 0.350000, -1.500634
1.400000, 0.350000, -1.573133
1.450000, 0.350000, -1.695756
1.500000, 0.350000, -1.859237
1.550000, 0.350000, -2.051786
1.600000, 0.350000, -2.260395
1.650000, 0.350000, -2.472210
1.700000, 0.350000, -2.675812
1.750000, 0.350000, -2.862301
1.800000, 0.350000, -3.026057
1.850000, 0.350000, -3.165121
1.900000, 0.350000, -3.281158
1.950000, 0.350000, -3.379021
2.000000, 0.350000, -3.465961
0.000000, 0.400000, -2.010698
0.050000, 0.400000, -1.824220
0.100000, 0.400000, -1.665417
0.150000, 0.400000, -1.550338
0.200000, 0.400000, -1.491398
0.250000, 0.400000, -1.496179
0.300000, 0.400000, -1.566671
0.350000, 0.400000, -1.699025
0.400000, 0.400000, -1.883850
0.450000, 0.400000, -2.107017
0.500000, 0.400000, -2.350910
0.550000, 0.400000, -2.595997
0.600000, 0.400000, -2.822580
0.650000, 0.400000, -3.012566
0.700000, 0.400000, -3.151090
0.750000, 0.400000, -3.227839
0.800000, 0.400000, -3.237969
0.850000, 0.400000, -3.182516
0.900000, 0.400000, -3.068282
0.950000, 0.400000, -2.907197
1.000000, 0.400000, -2.715232
1.050000, 0.400000, -2.510965
1.100000, 0.400000, -2.313929
1.150000, 0.400000, -2.142903
1.200000, 0.400000, -2.014310
1.250000, 0.400000, -1.940855
1.300000, 0.400000, -1.930527
1.350000, 0.400000, -1.986062
1.400000, 0.400000, -2.104892
1.450000, 0.400000, -2.279573
1.500000, 0.400000, -2.498657
1.550000, 0.400000, -2.747890
1.600000, 0.400000, -3.011626
1.650000, 0.400000, -3.274318
1.700000, 0.400000, -3.521927
1.750000, 0.400000, -3.743132
1.800000, 0.400000, -3.930207
1.850000, 0.400000, -4.079517
1.900000, 0.400000, -4.191562
1.950000, 0.400000, -4.270616
2.000000, 0.400000, -4.323978
0.000000, 0.450000, -2.463284
0.050000, 0.450000, -2.294725
0.100000, 0.450000, -2.157130
0.150000, 0.450000, -2.064743
0.200000, 0.450000, -2.028118
0.250000, 0.450000, -2.053031
0.300000, 0.450000, -2.139830
0.350000, 0.450000, -2.283292
0.400000, 0.450000, -2.473002
0.450000, 0.450000, -2.694228
0.500000, 0.450000, -2.929208
0.550000, 0.450000, -3.158738
0.600000, 0.450000, -3.363909
0.650000, 0.450000, -3.527836
0.700000, 0.450000, -3.637214
0.750000, 0.450000, -3.683557
0.800000, 0.450000, -3.664004
0.850000, 0.450000, -3.581620
0.900000, 0.450000, -3.445149
0.950000, 0.450000, -3.268266
1.000000, 0.450000, -3.068370
1.050000, 0.450000, -2.865054
1.100000, 0.450000, -2.678376
1.150000, 0.450000, -2.527105
1.200000, 0.450000, -2.427085
1.250000, 0.450000, -2.389891
1.300000, 0.450000, -2.421869
1.350000, 0.450000, -2.523670
1.400000, 0.450000, -2.690294
1.450000, 0.450000, -2.911644
1.500000, 0.450000, -3.173527
1.550000, 0.450000, -3.459003
1.600000, 0.450000, -3.749948
1.650000, 0.450000, -4.028684
1.700000, 0.450000, -4.279521
1.750000, 0.450000, -4.490072
1.800000, 0.450000, -4.652214
1.850000, 0.450000, -4.762630
1.900000, 0.450000, -4.822872
1.950000, 0.450000, -4.838969
2.000000, 0.450000, -4.820620
0.000000, 0.500000, -2.702239
0.050000, 0.500000, -2.555813
0.100000, 0.500000, -2.442503
0.150000, 0.500000, -2.374365
0.200000, 0.500000, -2.359834
0.250000, 0.500000, -2.402783
0.300000, 0.500000, -2.502002
0.350000, 0.500000, -2.651164
0.400000, 0.500000, -2.839274
0.450000, 0.500000, -3.051587
0.500000, 0.500000, -3.270892
0.550000, 0.500000, -3.479064
0.600000, 0.500000, -3.658724
0.650000, 0.500000, -3.794866
0.700000, 0.500000, -3.876278
0.750000, 0.500000, -3.896639
0.800000, 0.500000, -3.855175
0.850000, 0.500000, -3.756801
0.900000, 0.500000, -3.611746
0.950000, 0.500000, -3.434689
1.000000, 0.500000, -3.243465
1.050000, 0.500000, -3.057490
1.100000, 0.500000, -2.896021
1.150000, 0.500000, -2.776432
1.200000, 0.500000, -2.712655
1.250000, 0.500000, -2.713939
1.300000, 0.500000, -2.784032
1.350000, 0.500000, -2.920869
1.400000, 0.500000, -3.116793
1.450000, 0.500000, -3.359281
1.500000, 0.500000, -3.632110
1.550000, 0.500000, -3.916850
1.600000, 0.500000, -4.194548
1.650000, 0.500000, -4.447432
1.700000, 0.500000, -4.660497
1.750000, 0.500000, -4.822800
1.800000, 0.500000, -4.928376
1.850000, 0.500000, -4.976672
1.900000, 0.500000, -4.972466
1.950000, 0.500000, -4.925307
2.000000, 0.500000, -4.848509
0.000000, 0.550000, -2.677186
0.050000, 0.550000, -2.556204
0.100000, 0.550000, -2.469142
0.150000, 0.550000, -2.425535
0.200000, 0.550000, -2.431521
0.250000, 0.550000, -2.489087
0.300000, 0.550000, -2.595689
0.350000, 0.550000, -2.744327
0.400000, 0.550000, -2.924035
0.450000, 0.550000, -3.120791
0.500000, 0.550000, -3.318738
0.550000, 0.550000, -3.501617
0.600000, 0.550000, -3.654274
0.650000, 0.550000, -3.764096
0.700000, 0.550000, -3.822238
0.750000, 0.550000, -3.824515
0.800000, 0.550000, -3.771878
0.850000, 0.550000, -3.670404
0.900000, 0.550000, -3.530813
0.950000, 0.550000, -3.367545
1.000000, 0.550000, -3.197473
1.050000, 0.550000, -3.038379
1.100000, 0.550000, -2.907334
1.150000, 0.550000, -2.819130
1.200000, 0.550000, -2.784920
1.250000, 0.550000, -2.811185
1.300000, 0.550000, -2.899147
1.350000, 0.550000, -3.044656
1.400000, 0.550000, -3.238599
1.450000, 0.550000, -3.467757
1.500000, 0.550000, -3.716063
1.550000, 0.550000, -3.966111
1.600000, 0.550000, -4.200799
1.650000, 0.550000, -4.404933
1.700000, 0.550000, -4.566639
1.750000, 0.550000, -4.678458
1.800000, 0.550000, -4.738012
1.850000, 0.550000, -4.748181
1.900000, 0.550000, -4.716766
1.950000, 0.550000, -4.655691
2.000000, 0.550000, -4.579800
0.000000, 0.600000, -2.446111
0.050000, 0.600000, -2.352789
0.100000, 0.600000, -2.292701
0.150000, 0.600000, -2.272580
0.200000, 0.600000, -2.296181
0.250000, 0.600000, -2.363740
0.300000, 0.600000, -2.471760
0.350000, 0.600000, -2.613155
0.400000, 0.600000, -2.777750
0.450000, 0.600000, -2.953094
0.500000, 0.600000, -3.125530
0.550000, 0.600000, -3.281406
0.600000, 0.600000, -3.408321
0.650000, 0.600000, -3.496291
0.700000, 0.600000, -3.538712
0.750000, 0.600000, -3.533024
0.800000, 0.600000, -3.481012
0.850000, 0.600000, -3.388703
0.900000, 0.600000, -3.265870
0.950000, 0.600000, -3.125176
1.000000, 0.600000, -2.981047
1.050000, 0.600000, -2.848369
1.100000, 0.600000, -2.741133
1.150000, 0.600000, -2.671176
1.200000, 0.600000, -2.647102
1.250000, 0.600000, -2.673526
1.300000, 0.600000, -2.750687
1.350000, 0.600000, -2.874479
1.400000, 0.600000, -3.036900
1.450000, 0.600000, -3.226856
1.500000, 0.600000, -3.431274
1.550000, 0.600000, -3.636371
1.600000, 0.600000, -3.829003
1.650000, 0.600000, -3.997912
1.700000, 0.600000, -4.134791
1.750000, 0.600000, -4.235028
1.800000, 0.600000, -4.298086
1.850000, 0.600000, -4.327453
1.900000, 0.600000, -4.330195
1.950000, 0.600000, -4.316144
2.000000, 0.600000, -4.296809
0.000000, 0.650000, -2.154302
0.050000, 0.650000, -2.089645
0.100000, 0.650000, -2.055960
0.150000, 0.650000, -2.056969
0.200000, 0.650000, -2.094052
0.250000, 0.650000, -2.165967
0.300000, 0.650000, -2.268786
0.350000, 0.650000, -2.396085
0.400000, 0.650000, -2.539359
0.450000, 0.650000, -2.688644
0.500000, 0.650000, -2.833295
0.550000, 0.650000, -2.962851
0.600000, 0.650000, -3.067914
0.650000, 0.650000, -3.140960
0.700000, 0.650000, -3.177003
0.750000, 0.650000, -3.174062
0.800000, 0.650000, -3.133366
0.850000, 0.650000, -3.059297
0.900000, 0.650000, -2.959050
0.950000, 0.650000, -2.842061
1.000000, 0.650000, -2.719234
1.050000, 0.650000, -2.602046
1.100000, 0.650000, -2.501603
1.150000, 0.650000, -2.427737
1.200000, 0.650000, -2.388224
1.250000, 0.650000, -2.388181
1.300000, 0.650000, -2.429709
1.350000, 0.650000, -2.511797
1.400000, 0.650000, -2.630503
1.450000, 0.650000, -2.779373
1.500000, 0.650000, -2.950079
1.550000, 0.650000, -3.133183
1.600000, 0.650000, -3.318980
1.650000, 0.650000, -3.498325
1.700000, 0.650000, -3.663373
1.750000, 0.650000, -3.808165
1.800000, 0.650000, -3.929011
1.850000, 0.650000, -4.024647
1.900000, 0.650000, -4.096151
1.950000, 0.650000, -4.146652
2.000000, 0.650000, -4.180854
0.000000, 0.700000, -1.979604
0.050000, 0.700000, -1.943340
0.100000, 0.700000, -1.934203
0.150000, 0.700000, -1.952761
0.200000, 0.700000, -1.998133
0.250000, 0.700000, -2.067993
0.300000, 0.700000, -2.158660
0.350000, 0.700000, -2.265252
0.400000, 0.700000, -2.381903
0.450000, 0.700000, -2.502042
0.500000, 0.700000, -2.618726
0.550000, 0.700000, -2.725012
0.600000, 0.700000, -2.814355
0.650000, 0.700000, -2.881023
0.700000, 0.700000, -2.920499
0.750000, 0.700000, -2.929842
0.800000, 0.700000, -2.907996
0.850000, 0.700000, -2.855992
0.900000, 0.700000, -2.777039
0.950000, 0.700000, -2.676476
1.000000, 0.700000, -2.561561
1.050000, 0.700000, -2.441111
1.100000, 0.700000, -2.324987
1.150000, 0.700000, -2.223461
1.200000, 0.700000, -2.146497
1.250000, 0.700000, -2.102991
1.300000, 0.700000, -2.100050
1.350000, 0.700000, -2.142341
1.400000, 0.700000, -2.231599
1.450000, 0.700000, -2.366337
1.500000, 0.700000, -2.541795
1.550000, 0.700000, -2.750158
1.600000, 0.700000, -2.981034
1.650000, 0.700000, -3.222170
1.700000, 0.700000, -3.460363
1.750000, 0.700000, -3.682487
1.800000, 0.700000, -3.876557
1.850000, 0.700000, -4.032740
1.900000, 0.700000, -4.144216
1.950000, 0.700000, -4.207806
2.000000, 0.700000, -4.224309
0.000000, 0.750000, -2.064825
0.050000, 0.750000, -2.055422
0.100000, 0.750000, -2.067777
0.150000, 0.750000, -2.099233
0.200000, 0.750000, -2.146856
0.250000, 0.750000, -2.207770
0.300000, 0.750000, -2.279350
0.350000, 0.750000, -2.359243
0.400000, 0.750000, -2.445230
0.450000, 0.750000, -2.534963
0.500000, 0.750000, -2.625667
0.550000, 0.750000, -2.713868
0.600000, 0.750000, -2.795245
0.650000, 0.750000, -2.864660
0.700000, 0.750000, -2.916421
0.750000, 0.750000, -2.944769
0.800000, 0.750000, -2.944566
0.850000, 0.750000, -2.912091
0.900000, 0.750000, -2.845856
0.950000, 0.750000, -2.747313
1.000000, 0.750000, -2.621317
1.050000, 0.750000, -2.476263
1.100000, 0.750000, -2.323801
1.150000, 0.750000, -2.178120
1.200000, 0.750000, -2.054824
1.250000, 0.750000, -1.969499
1.300000, 0.750000, -1.936093
1.350000, 0.750000, -1.965303
1.400000, 0.750000, -2.063145
1.450000, 0.750000, -2.229897
1.500000, 0.750000, -2.459572
1.550000, 0.750000, -2.740029
1.600000, 0.750000, -3.053750
1.650000, 0.750000, -3.379246
1.700000, 0.750000, -3.692987
1.750000, 0.750000, -3.971660
1.800000, 0.750000, -4.194532
1.850000, 0.750000, -4.345655
1.900000, 0.750000, -4.415677
1.950000, 0.750000, -4.403022
2.000000, 0.750000, -4.314301
0.000000, 0.800000, -2.463125
0.050000, 0.800000, -2.477870
0.100000, 0.800000, -2.507606
0.150000, 0.800000, -2.546446
0.200000, 0.800000, -2.589710
0.250000, 0.800000, -2.634625
0.300000, 0.800000, -2.680554
0.350000, 0.800000, -2.728740
0.400000, 0.800000, -2.781586
0.450000, 0.800000, -2.841637
0.500000, 0.800000, -2.910429
0.550000, 0.800000, -2.987458
0.600000, 0.800000, -3.069460
0.650000, 0.800000, -3.150191
0.700000, 0.800000, -3.220801
0.750000, 0.800000, -3.270793
0.800000, 0.800000, -3.289479
0.850000, 0.800000, -3.267742
0.900000, 0.800000, -3.199838
0.950000, 0.800000, -3.084960
1.000000, 0.800000, -2.928286
1.050000, 0.800000, -2.741290
1.100000, 0.800000, -2.541196
1.150000, 0.800000, -2.349562
1.200000, 0.800000, -2.190097
1.250000, 0.800000, -2.085973
1.300000, 0.800000, -2.056921
1.350000, 0.800000, -2.116516
1.400000, 0.800000, -2.270004
1.450000, 0.800000, -2.513004
1.500000, 0.800000, -2.831310
1.550000, 0.800000, -3.201894
1.600000, 0.800000, -3.595025
1.650000, 0.800000, -3.977331
1.700000, 0.800000, -4.315432
1.750000, 0.800000, -4.579739
1.800000, 0.800000, -4.747939
1.850000, 0.800000, -4.807745
1.900000, 0.800000, -4.758527
1.950000, 0.800000, -4.611617
2.000000, 0.800000, -4.389210
0.000000, 0.850000, -3.117227
0.050000, 0.850000, -3.152371
0.100000, 0.850000, -3.194529
0.150000, 0.850000, -3.234631
0.200000, 0.850000, -3.266654
0.250000, 0.850000, -3.288691
0.300000, 0.850000, -3.303129
0.350000, 0.850000, -3.315899
0.400000, 0.850000, -3.334919
0.450000, 0.850000, -3.368038
0.500000, 0.850000, -3.420840
0.550000, 0.850000, -3.494769
0.600000, 0.850000, -3.585936
0.650000, 0.850000, -3.684907
0.700000, 0.850000, -3.777582
0.750000, 0.850000, -3.847103
0.800000, 0.850000, -3.876527
0.850000, 0.850000, -3.851870
0.900000, 0.850000, -3.765013
0.950000, 0.850000, -3.615981
1.000000, 0.850000, -3.414144
1.050000, 0.850000, -3.178070
1.100000, 0.850000, -2.933933
1.150000, 0.850000, -2.712618
1.200000, 0.850000, -2.545871
1.250000, 0.850000, -2.462013
1.300000, 0.850000, -2.481819
1.350000, 0.850000, -2.615186
1.400000, 0.850000, -2.859111
1.450000, 0.850000, -3.197316
1.500000, 0.850000, -3.601678
1.550000, 0.850000, -4.035286
1.600000, 0.850000, -4.456795
1.650000, 0.850000, -4.825485
1.700000, 0.850000, -5.106348
1.750000, 0.850000, -5.274528
1.800000, 0.850000, -5.318473
1.850000, 0.850000, -5.241382
1.900000, 0.850000, -5.060743
1.950000, 0.850000, -4.806010
2.000000, 0.850000, -4.514772
0.000000, 0.900000, -3.880431
0.050000, 0.900000, -3.931395
0.100000, 0.900000, -3.980415
0.150000, 0.900000, -4.015338
0.200000, 0.900000, -4.029280
0.250000, 0.900000, -4.022069
0.300000, 0.900000, -4.000222
0.350000, 0.900000, -3.975434
0.400000, 0.900000, -3.961867
0.450000, 0.900000, -3.972749
0.500000, 0.900000, -4.016967
0.550000, 0.900000, -4.096360
0.600000, 0.900000, -4.204285
0.650000, 0.900000, -4.325842
0.700000, 0.900000, -4.439811
0.750000, 0.900000, -4.522050
0.800000, 0.900000, -4.549805
0.850000, 0.900000, -4.506195
0.900000, 0.900000, -4.384059
0.950000, 0.900000, -4.188425
1.000000, 0.900000, -3.937081
1.050000, 0.900000, -3.659016
1.100000, 0.900000, -3.390882
1.150000, 0.900000, -3.171963
1.200000, 0.900000, -3.038398
1.250000, 0.900000, -3.017589
1.300000, 0.900000, -3.123675
1.350000, 0.900000, -3.354860
1.400000, 0.900000, -3.693050
1.450000, 0.900000, -4.105915
1.500000, 0.900000, -4.551102
1.550000, 0.900000, -4.981968
1.600000, 0.900000, -5.353964
1.650000, 0.900000, -5.630699
1.700000, 0.900000, -5.788756
1.750000, 0.900000, -5.820554
1.800000, 0.900000, -5.734843
1.850000, 0.900000, -5.554837
1.900000, 0.900000, -5.314314
1.950000, 0.900000, -5.052383
2.000000, 0.900000, -4.807753
0.000000, 0.950000, -4.571448
0.050000, 0.950000, -4.633070
0.100000, 0.950000, -4.683074
0.150000, 0.950000, -4.706362
0.200000, 0.950000, -4.695744
0.250000, 0.950000, -4.653737
0.300000, 0.950000, -4.592135
0.350000, 0.950000, -4.529411
0.400000, 0.950000, -4.486455
0.450000, 0.950000, -4.481539
0.500000, 0.950000, -4.525583
0.550000, 0.950000, -4.618765
0.600000, 0.950000, -4.749265
0.650000, 0.950000, -4.894526
0.700000, 0.950000, -5.024921
0.750000, 0.950000, -5.109180
0.800000, 0.950000, -5.120601
0.850000, 0.950000, -5.042836
0.900000, 0.950000, -4.874099
0.950000, 0.950000, -4.628890
1.000000, 0.950000, -4.336813
1.050000, 0.950000, -4.038552
1.100000, 0.950000, -3.779661
1.150000, 0.950000, -3.603219
1.200000, 0.950000, -3.542637
1.250000, 0.950000, -3.615909
1.300000, 0.950000, -3.822350
1.350000, 0.950000, -4.142411
1.400000, 0.950000, -4.540613
1.450000, 0.950000, -4.971097
1.500000, 0.950000, -5.384788
1.550000, 0.950000, -5.736927
1.600000, 0.950000, -5.993648
1.650000, 0.950000, -6.136517
1.700000, 0.950000, -6.164291
1.750000, 0.950000, -6.091745
1.800000, 0.950000, -5.945896
1.850000, 0.950000, -5.760470
1.900000, 0.950000, -5.569703
1.950000, 0.950000, -5.402679
2.000000, 0.950000, -5.279224
0.000000, 1.000000, -5.042172
0.050000, 1.000000, -5.108990
0.100000, 1.000000, -5.154080
0.150000, 1.000000, -5.159565
0.200000, 1.000000, -5.118568
0.250000, 1.000000, -5.037316
0.300000, 1.000000, -4.934044
0.350000, 1.000000, -4.834881
0.400000, 1.000000, -4.767621
0.450000, 1.000000, -4.754774
0.500000, 1.000000, -4.807490
0.550000, 1.000000, -4.921824
0.600000, 1.000000, -5.078267
0.650000, 1.000000, -5.244830
0.700000, 1.000000, -5.383137
0.750000, 1.000000, -5.456315
0.800000, 1.000000, -5.437057
0.850000, 1.000000, -5.314130
0.900000, 1.000000, -5.095886
0.950000, 1.000000, -4.809944
1.000000, 1.000000, -4.498999
1.050000, 1.000000, -4.213502
1.100000, 1.000000, -4.002629
1.150000, 1.000000, -3.905323
1.200000, 1.000000, -3.943187
1.250000, 1.000000, -4.116615
1.300000, 1.000000, -4.404920
1.350000, 1.000000, -4.770369
1.400000, 1.000000, -5.165262
1.450000, 1.000000, -5.540595
1.500000, 1.000000, -5.854542
1.550000, 1.000000, -6.079084
1.600000, 1.000000, -6.203567
1.650000, 1.000000, -6.234608
1.700000, 1.000000, -6.192601
1.750000, 1.000000, -6.105766
1.800000, 1.000000, -6.003173
1.850000, 1.000000, -5.908351
1.900000, 1.000000, -5.834881
1.950000, 1.000000, -5.784896
2.000000, 1.000000, -5.750683
0.000000, 1.050000, -5.232594
0.050000, 1.050000, -5.299139
0.100000, 1.050000, -5.333700
0.150000, 1.050000, -5.315791
0.200000, 1.050000, -5.239521
0.250000, 1.050000, -5.115907
0.300000, 1.050000, -4.970754
0.350000, 1.050000, -4.838545
0.400000, 1.050000, -4.753781
0.450000, 1.050000, -4.741884
0.500000, 1.050000, -4.811942
0.550000, 1.050000, -4.953156
0.600000, 1.050000, -5.136014
0.650000, 1.050000, -5.318069
0.700000, 1.050000, -5.453114
0.750000, 1.050000, -5.501687
0.800000, 1.050000, -5.440487
0.850000, 1.050000, -5.268483
0.900000, 1.050000, -5.008247
0.950000, 1.050000, -4.702109
1.000000, 1.050000, -4.403929
1.050000, 1.050000, -4.168282
1.100000, 1.050000, -4.039457
1.150000, 1.050000, -4.042692
1.200000, 1.050000, -4.179551
1.250000, 1.050000, -4.428397
1.300000, 1.050000, -4.749724
1.350000, 1.050000, -5.095015
1.400000, 1.050000, -5.417035
1.450000, 1.050000, -5.679167
1.500000, 1.050000, -5.861707
1.550000, 1.050000, -5.963817
1.600000, 1.050000, -6.000898
1.650000, 1.050000, -5.998279
1.700000, 1.050000, -5.982947
1.750000, 1.050000, -5.975542
1.800000, 1.050000, -5.984661
1.850000, 1.050000, -6.004933
1.900000, 1.050000, -6.019339
1.950000, 1.050000, -6.005138
2.000000, 1.050000, -5.941839
0.000000, 1.100000, -5.191963
0.050000, 1.100000, -5.253063
0.100000, 1.100000, -5.272038
0.150000, 1.100000, -5.225976
0.200000, 1.100000, -5.110689
0.250000, 1.100000, -4.943090
0.300000, 1.100000, -4.757628
0.350000, 1.100000, -4.597595
0.400000, 1.100000, -4.503564
0.450000, 1.100000, -4.502026
0.500000, 1.100000, -4.597293
0.550000, 1.100000, -4.768931
0.600000, 1.100000, -4.975599
0.650000, 1.100000, -5.164445
0.700000, 1.100000, -5.283810
0.750000, 1.100000, -5.296046
0.800000, 1.100000, -5.187214
0.850000, 1.100000, -4.971166
0.900000, 1.100000, -4.686933
0.950000, 1.100000, -4.390038
1.000000, 1.100000, -4.139875
1.050000, 1.100000, -3.986277
1.100000, 1.100000, -3.958599
1.150000, 1.100000, -4.059938
1.200000, 1.100000, -4.267806
1.250000, 1.100000, -4.540891
1.300000, 1.100000, -4.830003
1.350000, 1.100000, -5.090285
1.400000, 1.100000, -5.291487
1.450000, 1.100000, -5.423719
1.500000, 1.100000, -5.497331
1.550000, 1.100000, -5.537191
1.600000, 1.100000, -5.573117
1.650000, 1.100000, -5.629265
1.700000, 1.100000, -5.715517
1.750000, 1.100000, -5.823357
1.800000, 1.100000, -5.927476
1.850000, 1.100000, -5.992786
1.900000, 1.100000, -5.984976
1.950000, 1.100000, -5.881755
2.000000, 1.100000, -5.681663
0.000000, 1.150000, -5.058220
0.050000, 1.150000, -5.109274
0.100000, 1.150000, -5.108419
0.150000, 1.150000, -5.030491
0.200000, 1.150000, -4.873751
0.250000, 1.150000, -4.662140
0.300000, 1.150000, -4.439718
0.350000, 1.150000, -4.258744
0.400000, 1.150000, -4.164762
0.450000, 1.150000, -4.182979
0.500000, 1.150000, -4.309928
0.550000, 1.150000, -4.512952
0.600000, 1.150000, -4.737866
0.650000, 1.150000, -4.922804
0.700000, 1.150000, -5.014508
0.750000, 1.150000, -4.982589
0.800000, 1.150000, -4.827804
0.850000, 1.150000, -4.582075
0.900000, 1.150000, -4.300237
0.950000, 1.150000, -4.045821
1.000000, 1.150000, -3.874794
1.050000, 1.150000, -3.821736
1.100000, 1.150000, -3.892162
1.150000, 1.150000, -4.062954
1.200000, 1.150000, -4.290534
1.250000, 1.150000, -4.524245
1.300000, 1.150000, -4.720962
1.350000, 1.150000, -4.856688
1.400000, 1.150000, -4.931823
1.450000, 1.150000, -4.968724
1.500000, 1.150000, -5.002422
1.550000, 1.150000, -5.067413
1.600000, 1.150000, -5.184602
1.650000, 1.150000, -5.352428
1.700000, 1.150000, -5.545009
1.750000, 1.150000, -5.718073
1.800000, 1.150000, -5.821146
1.850000, 1.150000, -5.812598
1.900000, 1.150000, -5.673211
1.950000, 1.150000, -5.414274
2.000000, 1.150000, -5.077697
0.000000, 1.200000, -5.003646
0.050000, 1.200000, -5.040878
0.100000, 1.200000, -5.016966
0.150000, 1.200000, -4.904652
0.200000, 1.200000, -4.705431
0.250000, 1.200000, -4.451398
0.300000, 1.200000, -4.197053
0.350000, 1.200000, -4.003438
0.400000, 1.200000, -3.919465
0.450000, 1.200000, -3.966255
0.500000, 1.200000, -4.129446
0.550000, 1.200000, -4.362036
0.600000, 1.200000, -4.597087
0.650000, 1.200000, -4.766586
0.700000, 1.200000, -4.820838
0.750000, 1.200000, -4.742588
0.800000, 1.200000, -4.551634
0.850000, 1.200000, -4.298623
0.900000, 1.200000, -4.049968
0.950000, 1.200000, -3.868533
1.000000, 1.200000, -3.795952
1.050000, 1.200000, -3.841890
1.100000, 1.200000, -3.983326
1.150000, 1.200000, -4.173829
1.200000, 1.200000, -4.359670
1.250000, 1.200000, -4.497533
1.300000, 1.200000, -4.568171
1.350000, 1.200000, -4.581658
1.400000, 1.200000, -4.572641
1.450000, 1.200000, -4.587169
1.500000, 1.200000, -4.665403
1.550000, 1.200000, -4.825847
1.600000, 1.200000, -5.056331
1.650000, 1.200000, -5.314857
1.700000, 1.200000, -5.540364
1.750000, 1.200000, -5.670307
1.800000, 1.200000, -5.659758
1.850000, 1.200000, -5.496172
1.900000, 1.200000, -5.205197
1.950000, 1.200000, -4.845585
2.000000, 1.200000, -4.494583
0.000000, 1.250000, -5.167586
0.050000, 1.250000, -5.188246
0.100000, 1.250000, -5.139213
0.150000, 1.250000, -4.991281
0.200000, 1.250000, -4.749983
0.250000, 1.250000, -4.456681
0.300000, 1.250000, -4.176969
0.350000, 1.250000, -3.980102
0.400000, 1.250000, -3.916258
0.450000, 1.250000, -3.999309
0.500000, 1.250000, -4.200979
0.550000, 1.250000, -4.458550
0.600000, 1.250000, -4.693760
0.650000, 1.250000, -4.836792
0.700000, 1.250000, -4.847582
0.750000, 1.250000, -4.727511
0.800000, 1.250000, -4.517758
0.850000, 1.250000, -4.285013
0.900000, 1.250000, -4.099408
0.950000, 1.250000, -4.012054
1.000000, 1.250000, -4.039629
1.050000, 1.250000, -4.160985
1.100000, 1.250000, -4.326659
1.150000, 1.250000, -4.477789
1.200000, 1.250000, -4.567782
1.250000, 1.250000, -4.579182
1.300000, 1.250000, -4.529870
1.350000, 1.250000, -4.466433
1.400000, 1.250000, -4.446921
1.450000, 1.250000, -4.518940
1.500000, 1.250000, -4.700646
1.550000, 1.250000, -4.971332
1.600000, 1.250000, -5.275111
1.650000, 1.250000, -5.536782
1.700000, 1.250000, -5.684862
1.750000, 1.250000, -5.674293
1.800000, 1.250000, -5.501350
1.850000, 1.250000, -5.205826
1.900000, 1.250000, -4.859726
1.950000, 1.250000, -4.546131
2.000000, 1.250000, -4.335131
0.000000, 1.300000, -5.602022
0.050000, 1.300000, -5.604534
0.100000, 1.300000, -5.529563
0.150000, 1.300000, -5.346084
0.200000, 1.300000, -5.064500
0.250000, 1.300000, -4.736519
0.300000, 1.300000, -4.439277
0.350000, 1.300000, -4.249250
0.400000, 1.300000, -4.215303
0.450000, 1.300000, -4.340659
0.500000, 1.300000, -4.580444
0.550000, 1.300000, -4.855884
0.600000, 1.300000, -5.080293
0.650000, 1.300000, -5.187691
0.700000, 1.300000, -5.154013
0.750000, 1.300000, -5.003477
0.800000, 1.300000, -4.798079
0.850000, 1.300000, -4.614191
0.900000, 1.300000, -4.514866
0.950000, 1.300000, -4.527868
1.000000, 1.300000, -4.637307
1.050000, 1.300000, -4.791685
1.100000, 1.300000, -4.925143
1.150000, 1.300000, -4.983878
1.200000, 1.300000, -4.947792
1.250000, 1.300000, -4.839242
1.300000, 1.300000, -4.715495
1.350000, 1.300000, -4.647518
1.400000, 1.300000, -4.692813
1.450000, 1.300000, -4.872285
1.500000, 1.300000, -5.159741
1.550000, 1.300000, -5.488150
1.600000, 1.300000, -5.770712
1.650000, 1.300000, -5.929427
1.700000, 1.300000, -5.921134
1.750000, 1.300000, -5.751817
1.800000, 1.300000, -5.474192
1.850000, 1.300000, -5.169540
1.900000, 1.300000, -4.920365
1.950000, 1.300000, -4.783675
2.000000, 1.300000, -4.774339
0.000000, 1.350000, -6.250856
0.050000, 1.350000, -6.234895
0.100000, 1.350000, -6.134431
0.150000, 1.350000, -5.916727
0.200000, 1.350000, -5.597920
0.250000, 1.350000, -5.241098
0.300000, 1.350000, -4.935141
0.350000, 1.350000, -4.762317
0.400000, 1.350000, -4.767164
0.450000, 1.350000, -4.938787
0.500000, 1.350000, -5.213607
0.550000, 1.350000, -5.497720
0.600000, 1.350000, -5.700411
0.650000, 1.350000, -5.766106
0.700000, 1.350000, -5.692630
0.750000, 1.350000, -5.529014
0.800000, 1.350000, -5.354000
0.850000, 1.350000, -5.243885
0.900000, 1.350000, -5.242377
0.950000, 1.350000, -5.344255
1.000000, 1.350000, -5.499082
1.050000, 1.350000, -5.633301
1.100000, 1.350000, -5.681751
1.150000, 1.350000, -5.615930
1.200000, 1.350000, -5.457605
1.250000, 1.350000, -5.272131
1.300000, 1.350000, -5.143844
1.350000, 1.350000, -5.143027
1.400000, 1.350000, -5.297336
1.450000, 1.350000, -5.578954
1.500000, 1.350000, -5.912707
1.550000, 1.350000, -6.202258
1.600000, 1.350000, -6.364472
1.650000, 1.350000, -6.358905
1.700000, 1.350000, -6.201220
1.750000, 1.350000, -5.955610
1.800000, 1.350000, -5.709389
1.850000, 1.350000, -5.539822
1.900000, 1.350000, -5.486128
1.950000, 1.350000, -5.537466
2.000000, 1.350000, -5.641326
0.000000, 1.400000, -6.970851
0.050000, 1.400000, -6.937360
0.100000, 1.400000, -6.813050
0.150000, 1.400000, -6.563577
0.200000, 1.400000, -6.211706
0.250000, 1.400000, -5.832880
0.300000, 1.400000, -5.527653
0.350000, 1.400000, -5.382212
0.400000, 1.400000, -5.433390
0.450000, 1.400000, -5.652808
0.500000, 1.400000, -5.956928
0.550000, 1.400000, -6.239059
0.600000, 1.400000, -6.410228
0.650000, 1.400000, -6.432208
0.700000, 1.400000, -6.329285
0.750000, 1.400000, -6.174253
0.800000, 1.400000, -6.054885
0.850000, 1.400000, -6.035206
0.900000, 1.400000, -6.127964
0.950000, 1.400000, -6.289853
1.000000, 1.400000, -6.441371
1.050000, 1.400000, -6.502718
1.100000, 1.400000, -6.430350
1.150000, 1.400000, -6.238462
1.200000, 1.400000, -5.995985
1.250000, 1.400000, -5.800016
1.300000, 1.400000, -5.736536
1.350000, 1.400000, -5.844733
1.400000, 1.400000, -6.099838
1.450000, 1.400000, -6.421762
1.500000, 1.400000, -6.706093
1.550000, 1.400000, -6.864750
1.600000, 1.400000, -6.859589
1.650000, 1.400000, -6.715270
1.700000, 1.400000, -6.506356
1.750000, 1.400000, -6.324403
1.800000, 1.400000, -6.239091
1.850000, 1.400000, -6.269827
1.900000, 1.400000, -6.379734
1.950000, 1.400000, -6.494390
2.000000, 1.400000, -6.537174
0.000000, 1.450000, -7.586278
0.050000, 1.450000, -7.537408
0.100000, 1.450000, -7.391978
0.150000, 1.450000, -7.114149
0.200000, 1.450000, -6.734239
0.250000, 1.450000, -6.340954
0.300000, 1.450000, -6.046158
0.350000, 1.450000, -5.937636
0.400000, 1.450000, -6.040873
0.450000, 1.450000, -6.306959
0.500000, 1.450000, -6.632217
0.550000, 1.450000, -6.901019
0.600000, 1.450000, -7.032986
0.650000, 1.450000, -7.013880
0.700000, 1.450000, -6.896824
0.750000, 1.450000, -6.773805
0.800000, 1.450000, -6.730686
0.850000, 1.450000, -6.806213
0.900000, 1.450000, -6.973630
0.950000, 1.450000, -7.153139
1.000000, 1.450000, -7.249506
1.050000, 1.450000, -7.197651
1.100000, 1.450000, -6.995383
1.150000, 1.450000, -6.708164
1.200000, 1.450000, -6.443314
1.250000, 1.450000, -6.304837
1.300000, 1.450000, -6.348809
1.350000, 1.450000, -6.559152
1.400000, 1.450000, -6.854563
1.450000, 1.450000, -7.123560
1.500000, 1.450000, -7.272079
1.550000, 1.450000, -7.262564
1.600000, 1.450000, -7.127378
1.650000, 1.450000, -6.950936
1.700000, 1.450000, -6.829002
1.750000, 1.450000, -6.823784
1.800000, 1.450000, -6.935272
1.850000, 1.450000, -7.101825
1.900000, 1.450000, -7.229754
1.950000, 1.450000, -7.238477
2.000000, 1.450000, -7.100686
0.000000, 1.500000, -7.956384
0.050000, 1.500000, -7.895367
0.100000, 1.500000, -7.732440
0.150000, 1.500000, -7.430391
0.200000, 1.500000, -7.028070
0.250000, 1.500000, -6.628265
0.300000, 1.500000, -6.353465
0.350000, 1.500000, -6.290312
0.400000, 1.500000, -6.449152
0.450000, 1.500000, -6.758037
0.500000, 1.500000, -7.094240
0.550000, 1.500000, -7.338519
0.600000, 1.500000, -7.426598
0.650000, 1.500000, -7.373781
0.700000, 1.500000, -7.261477
0.750000, 1.500000, -7.192675
0.800000, 1.500000, -7.238187
0.850000, 1.500000, -7.399769
0.900000, 1.500000, -7.608012
0.950000, 1.500000, -7.756025
1.000000, 1.500000, -7.752647
1.050000, 1.500000, -7.569386
1.100000, 1.500000, -7.258190
1.150000, 1.500000, -6.931056
1.200000, 1.500000, -6.710742
1.250000, 1.500000, -6.675737
1.300000, 1.500000, -6.825459
1.350000, 1.500000, -7.082100
1.400000, 1.500000, -7.328089
1.450000, 1.500000, -7.461273
1.500000, 1.500000, -7.441534
1.550000, 1.500000, -7.306823
1.600000, 1.500000, -7.151339
1.650000, 1.500000, -7.076743
1.700000, 1.500000, -7.140255
1.750000, 1.500000, -7.324908
1.800000, 1.500000, -7.546514
1.850000, 1.500000, -7.694188
1.900000, 1.500000, -7.685045
1.950000, 1.500000, -7.506731
2.000000, 1.500000, -7.227136
0.000000, 1.550000, -8.029892
0.050000, 1.550000, -7.960857
0.100000, 1.550000, -7.784718
0.150000, 1.550000, -7.463048
0.200000, 1.550000, -7.044254
0.250000, 1.550000, -6.645930
0.300000, 1.550000, -6.400173
0.350000, 1.550000, -6.389351
0.400000, 1.550000, -6.604875
0.450000, 1.550000, -6.950003
0.500000, 1.550000, -7.285471
0.550000, 1.550000, -7.495057
0.600000, 1.550000, -7.538187
0.650000, 1.550000, -7.463375
0.700000, 1.550000, -7.376330
0.750000, 1.550000, -7.379623
0.800000, 1.550000, -7.515261
0.850000, 1.550000, -7.739868
0.900000, 1.550000, -7.945368
0.950000, 1.550000, -8.014653
1.000000, 1.550000, -7.883680
1.050000, 1.550000, -7.577986
1.100000, 1.550000, -7.204540
1.150000, 1.550000, -6.902538
1.200000, 1.550000, -6.777677
1.250000, 1.550000, -6.852913
1.300000, 1.550000, -7.060360
1.350000, 1.550000, -7.278141
1.400000, 1.550000, -7.393237
1.450000, 1.550000, -7.358249
1.500000, 1.550000, -7.213314
1.550000, 1.550000, -7.062294
1.600000, 1.550000, -7.015829
1.650000, 1.550000, -7.130795
1.700000, 1.550000, -7.377558
1.750000, 1.550000, -7.652178
1.800000, 1.550000, -7.827707
1.850000, 1.550000, -7.818610
1.900000, 1.550000, -7.625517
1.950000, 1.550000, -7.337366
2.000000, 1.550000, -7.089578
0.000000, 1.600000, -7.865686
0.050000, 1.600000, -7.793425
0.100000, 1.600000, -7.608752
0.150000, 1.600000, -7.272230
0.200000, 1.600000, -6.842914
0.250000, 1.600000, -6.453814
0.300000, 1.600000, -6.245271
0.350000, 1.600000, -6.291908
0.400000, 1.600000, -6.562559
0.450000, 1.600000, -6.934896
0.500000, 1.600000, -7.257117
0.550000, 1.600000, -7.423694
0.600000, 1.600000, -7.424766
0.650000, 1.600000, -7.343120
0.700000, 1.600000, -7.301154
0.750000, 1.600000, -7.387291
0.800000, 1.600000, -7.602340
0.850000, 1.600000, -7.855325
0.900000, 1.600000, -8.011312
0.950000, 1.600000, -7.965323
1.000000, 1.600000, -7.702111
1.050000, 1.600000, -7.309016
1.100000, 1.600000, -6.934414
1.150000, 1.600000, -6.713675
1.200000, 1.600000, -6.702109
1.250000, 1.600000, -6.850640
1.300000, 1.600000, -7.036869
1.350000, 1.600000, -7.134303
1.400000, 1.600000, -7.082023
1.450000, 1.600000, -6.917010
1.500000, 1.600000, -6.751777
1.550000, 1.600000, -6.709777
1.600000, 1.600000, -6.854056
1.650000, 1.600000, -7.148377
1.700000, 1.600000, -7.472425
1.750000, 1.600000, -7.683374
1.800000, 1.600000, -7.690859
1.850000, 1.600000, -7.504961
1.900000, 1.600000, -7.231329
1.950000, 1.600000, -7.015974
2.000000, 1.600000, -6.969428
0.000000, 1.650000, -7.611709
0.050000, 1.650000, -7.541403
0.100000, 1.650000, -7.352972
0.150000, 1.650000, -7.006248
0.200000, 1.650000, -6.572084
0.250000, 1.650000, -6.199395
0.300000, 1.650000, -6.035042
0.350000, 1.650000, -6.142163
0.400000, 1.650000, -6.463689
0.450000, 1.650000, -6.852071
0.500000, 1.650000, -7.148440
0.550000, 1.650000, -7.266267
0.600000, 1.650000, -7.232114
0.650000, 1.650000, -7.160904
0.700000, 1.650000, -7.180729
0.750000, 1.650000, -7.351226
0.800000, 1.650000, -7.623085
0.850000, 1.650000, -7.862454
0.900000, 1.650000, -7.926486
0.950000, 1.650000, -7.746631
1.000000, 1.650000, -7.371591
1.050000, 1.650000, -6.944835
1.100000, 1.650000, -6.629001
1.150000, 1.650000, -6.519940
1.200000, 1.650000, -6.599074
1.250000, 1.650000, -6.750750
1.300000, 1.650000, -6.834023
1.350000, 1.650000, -6.767175
1.400000, 1.650000, -6.576143
1.450000, 1.650000, -6.379008
1.500000, 1.650000, -6.315620
1.550000, 1.650000, -6.463182
1.600000, 1.650000, -6.786817
1.650000, 1.650000, -7.154110
1.700000, 1.650000, -7.405912
1.750000, 1.650000, -7.443260
1.800000, 1.650000, -7.280967
1.850000, 1.650000, -7.037380
1.900000, 1.650000, -6.866364
1.950000, 1.650000, -6.870528
2.000000, 1.650000, -7.045353
0.000000, 1.700000, -7.450060
0.050000, 1.700000, -7.386987
0.100000, 1.700000, -7.199379
0.150000, 1.700000, -6.846695
0.200000, 1.700000, -6.412817
0.250000, 1.700000, -6.062905
0.300000, 1.700000, -5.948260
0.350000, 1.700000, -6.116601
0.400000, 1.700000, -6.482135
0.450000, 1.700000, -6.873744
0.500000, 1.700000, -7.132340
0.550000, 1.700000, -7.198808
0.600000, 1.700000, -7.139829
0.650000, 1.700000, -7.096788
0.700000, 1.700000, -7.189758
0.750000, 1.700000, -7.435803
0.800000, 1.700000, -7.732022
0.850000, 1.700000, -7.914153
0.900000, 1.700000, -7.855379
0.950000, 1.700000, -7.545241
1.000000, 1.700000, -7.100419
1.050000, 1.700000, -6.700339
1.100000, 1.700000, -6.486090
1.150000, 1.700000, -6.483357
1.200000, 1.700000, -6.595417
1.250000, 1.700000, -6.669666
1.300000, 1.700000, -6.596566
1.350000, 1.700000, -6.380326
1.400000, 1.700000, -6.138065
1.450000, 1.700000, -6.027910
1.500000, 1.700000, -6.149968
1.550000, 1.700000, -6.480781
1.600000, 1.700000, -6.881700
1.650000, 1.700000, -7.176748
1.700000, 1.700000, -7.253305
1.750000, 1.700000, -7.125047
1.800000, 1.700000, -6.919397
1.850000, 1.700000, -6.797526
1.900000, 1.700000, -6.855727
1.950000, 1.700000, -7.068150
2.000000, 1.700000, -7.305471
0.000000, 1.750000, -7.529173
0.050000, 1.750000, -7.478410
0.100000, 1.750000, -7.295720
0.150000, 1.750000, -6.940660
0.200000, 1.750000, -6.511435
0.250000, 1.750000, -6.189633
0.300000, 1.750000, -6.128563
0.350000, 1.750000, -6.356484
0.400000, 1.750000, -6.756734
0.450000, 1.750000, -7.137689
0.500000, 1.750000, -7.348038
0.550000, 1.750000, -7.364022
0.600000, 1.750000, -7.293461
0.650000, 1.750000, -7.294974
0.700000, 1.750000, -7.465277
0.750000, 1.750000, -7.767871
0.800000, 1.750000, -8.049723
0.850000, 1.750000, -8.135728
0.900000, 1.750000, -7.940571
0.950000, 1.750000, -7.526089
1.000000, 1.750000, -7.066979
1.050000, 1.750000, -6.746329
1.100000, 1.750000, -6.647323
1.150000, 1.750000, -6.709815
1.200000, 1.750000, -6.778755
1.250000, 1.750000, -6.712492
1.300000, 1.750000, -6.480643
1.350000, 1.750000, -6.188110
1.400000, 1.750000, -6.009506
1.450000, 1.750000, -6.076087
1.500000, 1.750000, -6.388016
1.550000, 1.750000, -6.808795
1.600000, 1.750000, -7.146044
1.650000, 1.750000, -7.267491
1.700000, 1.750000, -7.178441
1.750000, 1.750000, -7.011693
1.800000, 1.750000, -6.937009
1.850000, 1.750000, -7.048751
1.900000, 1.750000, -7.304106
1.950000, 1.750000, -7.551587
2.000000, 1.750000, -7.631282
0.000000, 1.800000, -7.908894
0.050000, 1.800000, -7.875025
0.100000, 1.800000, -7.700606
0.150000, 1.800000, -7.345875
0.200000, 1.800000, -6.924730
0.250000, 1.800000, -6.635186
0.300000, 1.800000, -6.629783
0.350000, 1.800000, -6.913282
0.400000, 1.800000, -7.336852
0.450000, 1.800000, -7.692874
0.500000, 1.800000, -7.846658
0.550000, 1.800000, -7.816619
0.600000, 1.800000, -7.749561
0.650000, 1.800000, -7.808863
0.700000, 1.800000, -8.052389
0.750000, 1.800000, -8.383786
0.800000, 1.800000, -8.610966
0.850000, 1.800000, -8.572715
0.900000, 1.800000, -8.247903
0.950000, 1.800000, -7.773283
1.000000, 1.800000, -7.357429
1.050000, 1.800000, -7.148491
1.100000, 1.800000, -7.144486
1.150000, 1.800000, -7.205931
1.200000, 1.800000, -7.161248
1.250000, 1.800000, -6.932591
1.300000, 1.800000, -6.596061
1.350000, 1.800000, -6.334932
1.400000, 1.800000, -6.317237
1.450000, 1.800000, -6.580617
1.500000, 1.800000, -7.002665
1.550000, 1.800000, -7.377368
1.600000, 1.800000, -7.546571
1.650000, 1.800000, -7.498240
1.700000, 1.800000, -7.365835
1.750000, 1.800000, -7.330051
1.800000, 1.800000, -7.490202
1.850000, 1.800000, -7.792868
1.900000, 1.800000, -8.066451
1.950000, 1.800000, -8.138241
2.000000, 1.800000, -7.954482
0.000000, 1.850000, -8.539318
0.050000, 1.850000, -8.526178
0.100000, 1.850000, -8.362421
0.150000, 1.850000, -8.009685
0.200000, 1.850000, -7.598992
0.250000, 1.850000, -7.344586
0.300000, 1.850000, -7.395121
0.350000, 1.850000, -7.727947
0.400000, 1.850000, -8.161763
0.450000, 1.850000, -8.478891
0.500000, 1.850000, -8.570554
0.550000, 1.850000, -8.502389
0.600000, 1.850000, -8.454529
0.650000, 1.850000, -8.580100
0.700000, 1.850000, -8.884174
0.750000, 1.850000, -9.210510
0.800000, 1.850000, -9.346374
0.850000, 1.850000, -9.171226
0.900000, 1.850000, -8.743498
0.950000, 1.850000, -8.263458
1.000000, 1.850000, -7.938208
1.050000, 1.850000, -7.844364
1.100000, 1.850000, -7.885397
1.150000, 1.850000, -7.872985
1.200000, 1.850000, -7.673264
1.250000, 1.850000, -7.312669
1.300000, 1.850000, -6.967011
1.350000, 1.850000, -6.840966
1.400000, 1.850000, -7.023574
1.450000, 1.850000, -7.422771
1.500000, 1.850000, -7.825939
1.550000, 1.850000, -8.043871
1.600000, 1.850000, -8.036275
1.650000, 1.850000, -7.930255
1.700000, 1.850000, -7.919564
1.750000, 1.850000, -8.117395
1.800000, 1.850000, -8.468469
1.850000, 1.850000, -8.783710
1.900000, 1.850000, -8.873086
1.950000, 1.850000, -8.681954
2.000000, 1.850000, -8.333433
0.000000, 1.900000, -9.281402
0.050000, 1.900000, -9.291853
0.100000, 1.900000, -9.140023
0.150000, 1.900000, -8.789806
0.200000, 1.900000, -8.390841
0.250000, 1.900000, -8.173159
0.300000, 1.900000, -8.278122
0.350000, 1.900000, -8.651983
0.400000, 1.900000, -9.081806
0.450000, 1.900000, -9.347131
0.500000, 1.900000, -9.374346
0.550000, 1.900000, -9.278972
0.600000, 1.900000, -9.265269
0.650000, 1.900000, -9.459602
0.700000, 1.900000, -9.803647
0.750000, 1.900000, -10.088530
0.800000, 1.900000, -10.105154
0.850000, 1.900000, -9.798584
0.900000, 1.900000, -9.310973
0.950000, 1.900000, -8.880689
1.000000, 1.900000, -8.672736
1.050000, 1.900000, -8.666768
1.100000, 1.900000, -8.685585
1.150000, 1.900000, -8.541595
1.200000, 1.900000, -8.190286
1.250000, 1.900000, -7.774566
1.300000, 1.900000, -7.525833
1.350000, 1.900000, -7.595270
1.400000, 1.900000, -7.941480
1.450000, 1.900000, -8.358698
1.500000, 1.900000, -8.624794
1.550000, 1.900000, -8.658776
1.600000, 1.900000, -8.570641
1.650000, 1.900000, -8.567236
1.700000, 1.900000, -8.785764
1.750000, 1.900000, -9.180748
1.800000, 1.900000, -9.550050
1.850000, 1.900000, -9.681084
1.900000, 1.900000, -9.507998
1.950000, 1.900000, -9.162063
2.000000, 1.900000, -8.877246
0.000000, 1.950000, -9.961369
0.050000, 1.950000, -9.997136
0.100000, 1.950000, -9.857269
0.150000, 1.950000, -9.508924
0.200000, 1.950000, -9.121882
0.250000, 1.950000, -8.941276
0.300000, 1.950000, -9.097480
0.350000, 1.950000, -9.502335
0.400000, 1.950000, -9.913349
0.450000, 1.950000, -10.115717
0.500000, 1.950000, -10.079677
0.550000, 1.950000, -9.970387
0.600000, 1.950000, -10.003708
0.650000, 1.950000, -10.262592
0.700000, 1.950000, -10.619727
0.750000, 1.950000, -10.828364
0.800000, 1.950000, -10.710733
0.850000, 1.950000, -10.296341
0.900000, 1.950000, -9.801531
0.950000, 1.950000, -9.466155
1.000000, 1.950000, -9.375241
1.050000, 1.950000, -9.405057
1.100000, 1.950000, -9.334853
1.150000, 1.950000, -9.035148
1.200000, 1.950000, -8.583164
1.250000, 1.950000, -8.213461
1.300000, 1.950000, -8.141633
1.350000, 1.950000, -8.399097
1.400000, 1.950000, -8.808625
1.450000, 1.950000, -9.119911
1.500000, 1.950000, -9.198970
1.550000, 1.950000, -9.123114
1.600000, 1.950000, -9.107775
1.650000, 1.950000, -9.323890
1.700000, 1.950000, -9.750676
1.750000, 1.950000, -10.180718
1.800000, 1.950000, -10.374330
1.850000, 1.950000, -10.242442
1.900000, 1.950000, -9.914552
1.950000, 1.950000, -9.638315
2.000000, 1.950000, -9.589479
0.000000, 2.000000, -10.438072
0.050000, 2.000000, -10.499639
0.100000, 2.000000, -10.370509
0.150000, 2.000000, -10.022254
0.200000, 2.000000, -9.646339
0.250000, 2.000000, -9.502034
0.300000, 2.000000, -9.704793
0.350000, 2.000000, -10.129222
0.400000, 2.000000, -10.506658
0.450000, 2.000000, -10.637315
0.500000, 2.000000, -10.542826
0.550000, 2.000000, -10.434442
0.600000, 2.000000, -10.524320
0.650000, 2.000000, -10.836741
0.700000, 2.000000, -11.176177
0.750000, 2.000000, -11.279590
0.800000, 2.000000, -11.028272
0.850000, 2.000000, -10.545049
0.900000, 2.000000, -10.096848
0.950000, 2.000000, -9.882646
1.000000, 2.000000, -9.880974
1.050000, 2.000000, -9.881704
1.100000, 2.000000, -9.674709
1.150000, 2.000000, -9.238517
1.200000, 2.000000, -8.772108
1.250000, 2.000000, -8.542408
1.300000, 2.000000, -8.672243
1.350000, 2.000000, -9.042905
1.400000, 2.000000, -9.391356
1.450000, 2.000000, -9.522067
1.500000, 2.000000, -9.459322
1.550000, 2.000000, -9.415273
1.600000, 2.000000, -9.601176
1.650000, 2.000000, -10.038662
1.700000, 2.000000, -10.527944
1.750000, 2.000000, -10.800361
1.800000, 2.000000, -10.730517
1.850000, 2.000000, -10.433868
1.900000, 2.000000, -10.169683
1.950000, 2.000000, -10.129426
2.000000, 2.000000, -10.284670
