0.000000, 0.000000, -2.513831
0.050000, 0.000000, -2.013477
0.100000, 0.000000, -1.574543
0.150000, 0.000000, -1.282573
0.200000, 0.000000, -1.147112
0.250000, 0.000000, -1.101188
0.300000, 0.000000, -1.031011
0.350000, 0.000000, -0.824338
0.400000, 0.000000, -0.418747
0.450000, 0.000000, 0.168906
0.500000, 0.000000, 0.843421
0.550000, 0.000000, 1.462520
0.600000, 0.000000, 1.886779
0.650000, 0.000000, 2.029410
0.700000, 0.000000, 1.887062
0.750000, 0.000000, 1.540001
0.800000, 0.000000, 1.121675
0.850000, 0.000000, 0.769266
0.900000, 0.000000, 0.574032
0.950000, 0.000000, 0.550262
1.000000, 0.000000, 0.634486
1.050000, 0.000000, 0.714986
1.100000, 0.000000, 0.680046
1.150000, 0.000000, 0.466195
1.200000, 0.000000, 0.087722
1.250000, 0.000000, -0.364114
1.300000, 0.000000, -0.752133
1.350000, 0.000000, -0.942886
1.400000, 0.000000, -0.856106
1.450000, 0.000000, -0.495145
1.500000, 0.000000, 0.053209
1.550000, 0.000000, 0.649533
1.600000, 0.000000, 1.151547
1.650000, 0.000000, 1.464053
1.700000, 0.000000, 1.570194
1.750000, 0.000000, 1.532392
1.800000, 0.000000, 1.462890
1.850000, 0.000000, 1.475478
1.900000, 0.000000, 1.637129
1.950000, 0.000000, 1.938296
2.000000, 0.000000, 2.293437
0.000000, 0.050000, -2.530195
0.050000, 0.050000, -1.929760
0.100000, 0.050000, -1.396712
0.150000, 0.050000, -1.020210
0.200000, 0.050000, -0.812891
0.250000, 0.050000, -0.710174
0.300000, 0.050000, -0.599834
0.350000, 0.050000, -0.370276
0.400000, 0.050000, 0.041219
0.450000, 0.050000, 0.619028
0.500000, 0.050000, 1.270044
0.550000, 0.050000, 1.854826
0.600000, 0.050000, 2.237379
0.650000, 0.050000, 2.334740
0.700000, 0.050000, 2.147567
0.750000, 0.050000, 1.760100
0.800000, 0.050000, 1.309503
0.850000, 0.050000, 0.936209
0.900000, 0.050000, 0.734083
0.950000, 0.050000, 0.719231
1.000000, 0.050000, 0.829110
1.050000, 0.050000, 0.951988
1.100000, 0.050000, 0.975187
1.150000, 0.050000, 0.833389
1.200000, 0.050000, 0.538243
1.250000, 0.050000, 0.177724
1.300000, 0.050000, -0.114735
1.350000, 0.050000, -0.209690
1.400000, 0.050000, -0.030916
1.450000, 0.050000, 0.414379
1.500000, 0.050000, 1.035948
1.550000, 0.050000, 1.691499
1.600000, 0.050000, 2.236626
1.650000, 0.050000, 2.574870
1.700000, 0.050000, 2.689046
1.750000, 0.050000, 2.642192
1.800000, 0.050000, 2.548088
1.850000, 0.050000, 2.522884
1.900000, 0.050000, 2.636614
1.950000, 0.050000, 2.883320
2.000000, 0.050000, 3.181377
0.000000, 0.100000, -2.431501
0.050000, 0.100000, -1.736951
0.100000, 0.100000, -1.119461
0.150000, 0.100000, -0.671386
0.200000, 0.100000, -0.407863
0.250000, 0.100000, -0.265979
0.300000, 0.100000, -0.134264
0.350000, 0.100000, 0.099074
0.400000, 0.100000, 0.497883
0.450000, 0.100000, 1.048535
0.500000, 0.100000, 1.660665
0.550000, 0.100000, 2.198165
0.600000, 0.100000, 2.528773
0.650000, 0.100000, 2.573449
0.700000, 0.100000, 2.336739
0.750000, 0.100000, 1.906516
0.800000, 0.100000, 1.423121
0.850000, 0.100000, 1.029517
0.900000, 0.100000, 0.821320
0.950000, 0.100000, 0.815499
1.000000, 0.100000, 0.949434
1.050000, 0.100000, 1.110379
1.100000, 0.100000, 1.183757
1.150000, 0.100000, 1.101565
1.200000, 0.100000, 0.872131
1.250000, 0.100000, 0.579648
1.300000, 0.100000, 0.353516
1.350000, 0.100000, 0.319116
1.400000, 0.100000, 0.548799
1.450000, 0.100000, 1.031888
1.500000, 0.100000, 1.675261
1.550000, 0.100000, 2.334503
1.600000, 0.100000, 2.863955
1.650000, 0.100000, 3.166841
1.700000, 0.100000, 3.226615
1.750000, 0.100000, 3.107876
1.800000, 0.100000, 2.926797
1.850000, 0.100000, 2.802629
1.900000, 0.100000, 2.809037
1.950000, 0.100000, 2.944029
2.000000, 0.100000, 3.130067
0.000000, 0.150000, -2.225362
0.050000, 0.150000, -1.446280
0.100000, 0.150000, -0.757218
0.150000, 0.150000, -0.253242
0.200000, 0.150000, 0.048634
0.250000, 0.150000, 0.210360
0.300000, 0.150000, 0.343409
0.350000, 0.150000, 0.560509
0.400000, 0.150000, 0.927326
0.450000, 0.150000, 1.432803
0.500000, 0.150000, 1.989755
0.550000, 0.150000, 2.465668
0.600000, 0.150000, 2.732076
0.650000, 0.150000, 2.713720
0.700000, 0.150000, 2.418692
0.750000, 0.150000, 1.937969
0.800000, 0.150000, 1.414374
0.850000, 0.150000, 0.992593
0.900000, 0.150000, 0.769095
0.950000, 0.150000, 0.760788
1.000000, 0.150000, 0.904076
1.050000, 0.150000, 1.084374
1.100000, 0.150000, 1.184503
1.150000, 0.150000, 1.133244
1.200000, 0.150000, 0.935270
1.250000, 0.150000, 0.670894
1.300000, 0.150000, 0.465622
1.350000, 0.150000, 0.441156
1.400000, 0.150000, 0.666592
1.450000, 0.150000, 1.128609
1.500000, 0.150000, 1.732217
1.550000, 0.150000, 2.332013
1.600000, 0.150000, 2.782309
1.650000, 0.150000, 2.987267
1.700000, 0.150000, 2.932211
1.750000, 0.150000, 2.684462
1.800000, 0.150000, 2.363624
1.850000, 0.150000, 2.092920
1.900000, 0.150000, 1.950334
1.950000, 0.150000, 1.938310
2.000000, 0.150000, 1.983645
0.000000, 0.200000, -1.924059
0.050000, 0.200000, -1.073119
0.100000, 0.200000, -0.327853
0.150000, 0.200000, 0.214476
0.200000, 0.200000, 0.535582
0.250000, 0.200000, 0.697122
0.300000, 0.200000, 0.811230
0.350000, 0.200000, 0.992200
0.400000, 0.200000, 1.308051
0.450000, 0.200000, 1.750718
0.500000, 0.200000, 2.236460
0.550000, 0.200000, 2.636453
0.600000, 0.200000, 2.825949
0.650000, 0.200000, 2.733219
0.700000, 0.200000, 2.369489
0.750000, 0.200000, 1.828306
0.800000, 0.200000, 1.254344
0.850000, 0.200000, 0.793328
0.900000, 0.200000, 0.541898
0.950000, 0.200000, 0.516268
1.000000, 0.200000, 0.651330
1.050000, 0.200000, 0.830267
1.100000, 0.200000, 0.933098
1.150000, 0.200000, 0.885398
1.200000, 0.200000, 0.688438
1.250000, 0.200000, 0.419146
1.300000, 0.200000, 0.199879
1.350000, 0.200000, 0.149629
1.400000, 0.200000, 0.335407
1.450000, 0.200000, 0.742581
1.500000, 0.200000, 1.275730
1.550000, 0.200000, 1.789968
1.600000, 0.200000, 2.141075
1.650000, 0.200000, 2.235590
1.700000, 0.200000, 2.062035
1.750000, 0.200000, 1.691597
1.800000, 0.200000, 1.248248
1.850000, 0.200000, 0.859873
1.900000, 0.200000, 0.609178
1.950000, 0.200000, 0.503166
2.000000, 0.200000, 0.472803
0.000000, 0.250000, -1.543942
0.050000, 0.250000, -0.636209
0.100000, 0.250000, 0.148224
0.150000, 0.250000, 0.710396
0.200000, 0.250000, 1.031315
0.250000, 0.250000, 1.172923
0.300000, 0.250000, 1.248580
0.350000, 0.250000, 1.374653
0.400000, 0.250000, 1.621929
0.450000, 0.250000, 1.985640
0.500000, 0.250000, 2.385665
0.550000, 0.250000, 2.696910
0.600000, 0.250000, 2.798257
0.650000, 0.250000, 2.621300
0.700000, 0.250000, 2.180111
0.750000, 0.250000, 1.570448
0.800000, 0.250000, 0.938467
0.850000, 0.250000, 0.430582
0.900000, 0.250000, 0.143322
0.950000, 0.250000, 0.092028
1.000000, 0.250000, 0.210050
1.050000, 0.250000, 0.378483
1.100000, 0.250000, 0.474877
1.150000, 0.250000, 0.422146
1.200000, 0.250000, 0.218905
1.250000, 0.250000, -0.060369
1.300000, 0.250000, -0.295371
1.350000, 0.250000, -0.368603
1.400000, 0.250000, -0.213847
1.450000, 0.250000, 0.154264
1.500000, 0.250000, 0.641145
1.550000, 0.250000, 1.103581
1.600000, 0.250000, 1.399804
1.650000, 0.250000, 1.439481
1.700000, 0.250000, 1.214789
1.750000, 0.250000, 0.800921
1.800000, 0.250000, 0.325987
1.850000, 0.250000, -0.078080
1.900000, 0.250000, -0.324844
1.950000, 0.250000, -0.404110
2.000000, 0.250000, -0.382459
0.000000, 0.300000, -1.104640
0.050000, 0.300000, -0.156744
0.100000, 0.300000, 0.649064
0.150000, 0.300000, 1.212569
0.200000, 0.300000, 1.514548
0.250000, 0.300000, 1.617705
0.300000, 0.300000, 1.637084
0.350000, 0.300000, 1.691529
0.400000, 0.300000, 1.854940
0.450000, 0.300000, 2.126109
0.500000, 0.300000, 2.428717
0.550000, 0.300000, 2.641507
0.600000, 0.300000, 2.647028
0.650000, 0.300000, 2.380189
0.700000, 0.300000, 1.857865
0.750000, 0.300000, 1.177991
0.800000, 0.300000, 0.488193
0.850000, 0.300000, -0.064379
0.900000, 0.300000, -0.383184
0.950000, 0.300000, -0.453530
1.000000, 0.300000, -0.343279
1.050000, 0.300000, -0.172978
1.100000, 0.300000, -0.066996
1.150000, 0.300000, -0.104443
1.200000, 0.300000, -0.288662
1.250000, 0.300000, -0.546910
1.300000, 0.300000, -0.760241
1.350000, 0.300000, -0.812031
1.400000, 0.300000, -0.636372
1.450000, 0.300000, -0.247604
1.500000, 0.300000, 0.260572
1.550000, 0.300000, 0.746367
1.600000, 0.300000, 1.069880
1.650000, 0.300000, 1.142959
1.700000, 0.300000, 0.960109
1.750000, 0.300000, 0.598812
1.800000, 0.300000, 0.189238
1.850000, 0.300000, -0.135042
1.900000, 0.300000, -0.286557
1.950000, 0.300000, -0.254829
2.000000, 0.300000, -0.107028
0.000000, 0.350000, -0.628124
0.050000, 0.350000, 0.342656
0.100000, 0.350000, 1.152245
0.150000, 0.350000, 1.699512
0.200000, 0.350000, 1.965361
0.250000, 0.350000, 2.013620
0.300000, 0.350000, 1.961372
0.350000, 0.350000, 1.930280
0.400000, 0.350000, 1.997688
0.450000, 0.350000, 2.166256
0.500000, 0.350000, 2.363762
0.550000, 0.350000, 2.473063
0.600000, 0.350000, 2.380644
0.650000, 0.350000, 2.024994
0.700000, 0.350000, 1.426062
0.750000, 0.350000, 0.684235
0.800000, 0.350000, -0.051105
0.850000, 0.350000, -0.631788
0.900000, 0.350000, -0.960974
0.950000, 0.350000, -1.024347
1.000000, 0.350000, -0.890745
1.050000, 0.350000, -0.682181
1.100000, 0.350000, -0.524849
1.150000, 0.350000, -0.499915
1.200000, 0.350000, -0.612869
1.250000, 0.350000, -0.793076
1.300000, 0.350000, -0.923552
1.350000, 0.350000, -0.889403
1.400000, 0.350000, -0.626159
1.450000, 0.350000, -0.149285
1.500000, 0.350000, 0.446703
1.550000, 0.350000, 1.019471
1.600000, 0.350000, 1.428774
1.650000, 0.350000, 1.586230
1.700000, 0.350000, 1.486131
1.750000, 0.350000, 1.205646
1.800000, 0.350000, 0.874436
1.850000, 0.350000, 0.625270
1.900000, 0.350000, 0.544456
1.950000, 0.350000, 0.640901
2.000000, 0.350000, 0.845452
0.000000, 0.400000, -0.137652
0.050000, 0.400000, 0.839033
0.100000, 0.400000, 1.635935
0.150000, 0.400000, 2.151210
0.200000, 0.400000, 2.366093
0.250000, 0.400000, 2.345777
0.300000, 0.400000, 2.209664
0.350000, 0.400000, 2.082569
0.400000, 0.400000, 2.045662
0.450000, 0.400000, 2.105913
0.500000, 0.400000, 2.195681
0.550000, 0.400000, 2.202462
0.600000, 0.400000, 2.017214
0.650000, 0.400000, 1.582538
0.700000, 0.400000, 0.921947
0.750000, 0.400000, 0.138699
0.800000, 0.400000, -0.615765
0.850000, 0.400000, -1.192097
0.900000, 0.400000, -1.493194
0.950000, 0.400000, -1.505383
1.000000, 0.400000, -1.299005
1.050000, 0.400000, -0.998346
1.100000, 0.400000, -0.732545
1.150000, 0.400000, -0.586246
1.200000, 0.400000, -0.568804
1.250000, 0.400000, -0.613690
1.300000, 0.400000, -0.608117
1.350000, 0.400000, -0.441332
1.400000, 0.400000, -0.052825
1.450000, 0.400000, 0.538270
1.500000, 0.400000, 1.234151
1.550000, 0.400000, 1.889648
1.600000, 0.400000, 2.362179
1.650000, 0.400000, 2.561553
1.700000, 0.400000, 2.480784
1.750000, 0.400000, 2.196298
1.800000, 0.400000, 1.837528
1.850000, 0.400000, 1.537508
1.900000, 0.400000, 1.383284
1.950000, 0.400000, 1.384948
2.000000, 0.400000, 1.474954
0.000000, 0.450000, 0.343324
0.050000, 0.450000, 1.310165
0.100000, 0.450000, 2.079910
0.150000, 0.450000, 2.550011
0.200000, 0.450000, 2.702084
0.250000, 0.450000, 2.602812
0.300000, 0.450000, 2.374156
0.350000, 0.450000, 2.144461
0.400000, 0.450000, 1.999237
0.450000, 0.450000, 1.950403
0.500000, 0.450000, 1.935634
0.550000, 0.450000, 1.847836
0.600000, 0.450000, 1.583201
0.650000, 0.450000, 1.089094
0.700000, 0.450000, 0.393077
0.750000, 0.450000, -0.398504
0.800000, 0.450000, -1.132258
0.850000, 0.450000, -1.658176
0.900000, 0.450000, -1.879849
0.950000, 0.450000, -1.785682
1.000000, 0.450000, -1.449416
1.050000, 0.450000, -0.999950
1.100000, 0.450000, -0.572077
1.150000, 0.450000, -0.256907
1.200000, 0.450000, -0.070811
1.250000, 0.450000, 0.045479
1.300000, 0.450000, 0.197551
1.350000, 0.450000, 0.489344
1.400000, 0.450000, 0.975241
1.450000, 0.450000, 1.630954
1.500000, 0.450000, 2.354746
1.550000, 0.450000, 2.998922
1.600000, 0.450000, 3.419930
1.650000, 0.450000, 3.528238
1.700000, 0.450000, 3.319153
1.750000, 0.450000, 2.872978
1.800000, 0.450000, 2.324468
1.850000, 0.450000, 1.813252
1.900000, 0.450000, 1.433987
1.950000, 0.450000, 1.205116
2.000000, 0.450000, 1.067861
0.000000, 0.500000, 0.792256
0.050000, 0.500000, 1.735597
0.100000, 0.500000, 2.466457
0.150000, 0.500000, 2.881379
0.200000, 0.500000, 2.962242
0.250000, 0.500000, 2.777253
0.300000, 0.500000, 2.451181
0.350000, 0.500000, 2.116383
0.400000, 0.500000, 1.863422
0.450000, 0.500000, 1.710051
0.500000, 0.500000, 1.600238
0.550000, 0.500000, 1.433264
0.600000, 0.500000, 1.111364
0.650000, 0.500000, 0.587199
0.700000, 0.500000, -0.107516
0.750000, 0.500000, -0.863773
0.800000, 0.500000, -1.527292
0.850000, 0.500000, -1.949125
0.900000, 0.500000, -2.035960
0.950000, 0.500000, -1.781279
1.000000, 0.500000, -1.265721
1.050000, 0.500000, -0.626621
1.100000, 0.500000, -0.008346
1.150000, 0.500000, 0.487754
1.200000, 0.500000, 0.834956
1.250000, 0.500000, 1.082635
1.300000, 0.500000, 1.327534
1.350000, 0.500000, 1.666344
1.400000, 0.500000, 2.148289
1.450000, 0.500000, 2.746396
1.500000, 0.500000, 3.358992
1.550000, 0.500000, 3.841321
1.600000, 0.500000, 4.055622
1.650000, 0.500000, 3.920812
1.700000, 0.500000, 3.442973
1.750000, 0.500000, 2.715015
1.800000, 0.500000, 1.885538
1.850000, 0.500000, 1.108547
1.900000, 0.500000, 0.492864
1.950000, 0.500000, 0.070115
2.000000, 0.500000, -0.207017
0.000000, 0.550000, 1.188531
0.050000, 0.550000, 2.097556
0.100000, 0.550000, 2.781133
0.150000, 0.550000, 3.134468
0.200000, 0.550000, 3.139411
0.250000, 0.550000, 2.865674
0.300000, 0.550000, 2.441147
0.350000, 0.550000, 2.002860
0.400000, 0.550000, 1.647378
0.450000, 0.550000, 1.399429
0.500000, 0.550000, 1.210441
0.550000, 0.550000, 0.987063
0.600000, 0.550000, 0.638192
0.650000, 0.550000, 0.121830
0.700000, 0.550000, -0.526860
0.750000, 0.550000, -1.197770
0.800000, 0.550000, -1.738187
0.850000, 0.550000, -2.003532
0.900000, 0.550000, -1.907594
0.950000, 0.550000, -1.453420
1.000000, 0.550000, -0.733184
1.050000, 0.550000, 0.102921
1.100000, 0.550000, 0.897159
1.150000, 0.550000, 1.535188
1.200000, 0.550000, 1.978592
1.250000, 0.550000, 2.267249
1.300000, 0.550000, 2.491390
1.350000, 0.550000, 2.744811
1.400000, 0.550000, 3.077875
1.450000, 0.550000, 3.468950
1.500000, 0.550000, 3.825786
1.550000, 0.550000, 4.016742
1.600000, 0.550000, 3.920187
1.650000, 0.550000, 3.473283
1.700000, 0.550000, 2.701379
1.750000, 0.550000, 1.716464
1.800000, 0.550000, 0.684769
1.850000, 0.550000, -0.224726
1.900000, 0.550000, -0.891978
1.950000, 0.550000, -1.278787
2.000000, 0.550000, -1.431165
0.000000, 0.600000, 1.514392
0.050000, 0.600000, 2.381711
0.100000, 0.600000, 3.013343
0.150000, 0.600000, 3.302478
0.200000, 0.600000, 3.230509
0.250000, 0.600000, 2.868623
0.300000, 0.600000, 2.348271
0.350000, 0.600000, 1.812043
0.400000, 0.600000, 1.363733
0.450000, 0.600000, 1.036396
0.500000, 0.600000, 0.790142
0.550000, 0.600000, 0.539794
0.600000, 0.600000, 0.201006
0.650000, 0.600000, -0.263730
0.700000, 0.600000, -0.817742
0.750000, 0.600000, -1.352889
0.800000, 0.600000, -1.722113
0.850000, 0.600000, -1.790071
0.900000, 0.600000, -1.482923
0.950000, 0.600000, -0.818453
1.000000, 0.600000, 0.095088
1.050000, 0.600000, 1.091330
1.100000, 0.600000, 1.997589
1.150000, 0.600000, 2.687131
1.200000, 0.600000, 3.112906
1.250000, 0.600000, 3.310884
1.300000, 0.600000, 3.372755
1.350000, 0.600000, 3.399381
1.400000, 0.600000, 3.453587
1.450000, 0.600000, 3.530953
1.500000, 0.600000, 3.560112
1.550000, 0.600000, 3.432549
1.600000, 0.600000, 3.050326
1.650000, 0.600000, 2.373054
1.700000, 0.600000, 1.445485
1.750000, 0.600000, 0.394322
1.800000, 0.600000, -0.605523
1.850000, 0.600000, -1.383374
1.900000, 0.600000, -1.824896
1.950000, 0.600000, -1.904882
2.000000, 0.600000, -1.688926
0.000000, 0.650000, 1.755702
0.050000, 0.650000, 2.577750
0.100000, 0.650000, 3.156698
0.150000, 0.650000, 3.382801
0.200000, 0.650000, 3.236457
0.250000, 0.650000, 2.790345
0.300000, 0.650000, 2.180110
0.350000, 0.650000, 1.555072
0.400000, 0.650000, 1.027735
0.450000, 0.650000, 0.640968
0.500000, 0.650000, 0.364656
0.550000, 0.650000, 0.122111
0.600000, 0.650000, -0.165052
0.650000, 0.650000, -0.531967
0.700000, 0.650000, -0.943946
0.750000, 0.650000, -1.299521
0.800000, 0.650000, -1.462866
0.850000, 0.650000, -1.313763
0.900000, 0.650000, -0.796274
0.950000, 0.650000, 0.052661
1.000000, 0.650000, 1.106153
1.050000, 0.650000, 2.181572
1.100000, 0.650000, 3.094120
1.150000, 0.650000, 3.710584
1.200000, 0.650000, 3.984103
1.250000, 0.650000, 3.957963
1.300000, 0.650000, 3.738099
1.350000, 0.650000, 3.445669
1.400000, 0.650000, 3.168349
1.450000, 0.650000, 2.929100
1.500000, 0.650000, 2.684110
1.550000, 0.650000, 2.350087
1.600000, 0.650000, 1.849578
1.650000, 0.650000, 1.155858
1.700000, 0.650000, 0.318979
1.750000, 0.650000, -0.538265
1.800000, 0.650000, -1.254113
1.850000, 0.650000, -1.679456
1.900000, 0.650000, -1.728336
1.950000, 0.650000, -1.408422
2.000000, 0.650000, -0.819901
0.000000, 0.700000, 1.902512
0.050000, 0.700000, 2.679736
0.100000, 0.700000, 3.209146
0.150000, 0.700000, 3.376931
0.200000, 0.700000, 3.161887
0.250000, 0.700000, 2.638315
0.300000, 0.700000, 1.946945
0.350000, 0.700000, 1.245299
0.400000, 0.700000, 0.656303
0.450000, 0.700000, 0.234109
0.500000, 0.700000, -0.040900
0.550000, 0.700000, -0.237421
0.600000, 0.700000, -0.429905
0.650000, 0.700000, -0.654787
0.700000, 0.700000, -0.884489
0.750000, 0.700000, -1.030362
0.800000, 0.700000, -0.974237
0.850000, 0.700000, -0.616849
0.900000, 0.700000, 0.075589
0.950000, 0.700000, 1.045223
1.000000, 0.700000, 2.147969
1.050000, 0.700000, 3.189987
1.100000, 0.700000, 3.982981
1.150000, 0.700000, 4.398941
1.200000, 0.700000, 4.404974
1.250000, 0.700000, 4.066189
1.300000, 0.700000, 3.516356
1.350000, 0.700000, 2.907864
1.400000, 0.700000, 2.359876
1.450000, 0.700000, 1.923773
1.500000, 0.700000, 1.577917
1.550000, 0.700000, 1.252315
1.600000, 0.700000, 0.872128
1.650000, 0.700000, 0.401833
1.700000, 0.700000, -0.128253
1.750000, 0.700000, -0.624342
1.800000, 0.700000, -0.960224
1.850000, 0.700000, -1.025355
1.900000, 0.700000, -0.771375
1.950000, 0.700000, -0.238583
2.000000, 0.700000, 0.448789
0.000000, 0.750000, 1.949411
0.050000, 0.750000, 2.686229
0.100000, 0.750000, 3.172884
0.150000, 0.750000, 3.290168
0.200000, 0.750000, 3.014663
0.250000, 0.750000, 2.422612
0.300000, 0.750000, 1.661030
0.350000, 0.750000, 0.897432
0.400000, 0.750000, 0.267015
0.450000, 0.750000, -0.163512
0.500000, 0.750000, -0.403197
0.550000, 0.750000, -0.514371
0.600000, 0.750000, -0.571091
0.650000, 0.750000, -0.616402
0.700000, 0.750000, -0.636403
0.750000, 0.750000, -0.562193
0.800000, 0.750000, -0.299450
0.850000, 0.750000, 0.225920
0.900000, 0.750000, 1.024421
0.950000, 0.750000, 2.020048
1.000000, 0.750000, 3.058522
1.050000, 0.750000, 3.945756
1.100000, 0.750000, 4.503987
1.150000, 0.750000, 4.625994
1.200000, 0.750000, 4.308056
1.250000, 0.750000, 3.649757
1.300000, 0.750000, 2.820707
1.350000, 0.750000, 2.006166
1.400000, 0.750000, 1.351012
1.450000, 0.750000, 0.921669
1.500000, 0.750000, 0.698558
1.550000, 0.750000, 0.599933
1.600000, 0.750000, 0.526289
1.650000, 0.750000, 0.407063
1.700000, 0.750000, 0.231089
1.750000, 0.750000, 0.049136
1.800000, 0.750000, -0.051865
1.850000, 0.750000, 0.008080
1.900000, 0.750000, 0.259602
1.950000, 0.750000, 0.660107
2.000000, 0.750000, 1.099272
0.000000, 0.800000, 1.895633
0.050000, 0.800000, 2.600180
0.100000, 0.800000, 3.054036
0.150000, 0.800000, 3.131121
0.200000, 0.800000, 2.805249
0.250000, 0.800000, 2.155179
0.300000, 0.800000, 1.335781
0.350000, 0.800000, 0.526639
0.400000, 0.800000, -0.122902
0.450000, 0.800000, -0.532719
0.500000, 0.800000, -0.702169
0.550000, 0.800000, -0.690240
0.600000, 0.800000, -0.575768
0.650000, 0.800000, -0.415199
0.700000, 0.800000, -0.215729
0.750000, 0.800000, 0.065098
0.800000, 0.800000, 0.493296
0.850000, 0.800000, 1.116910
0.900000, 0.800000, 1.926841
0.950000, 0.800000, 2.837458
1.000000, 0.800000, 3.697166
1.050000, 0.800000, 4.327509
1.100000, 0.800000, 4.578065
1.150000, 0.800000, 4.377591
1.200000, 0.800000, 3.762451
1.250000, 0.800000, 2.870993
1.300000, 0.800000, 1.904725
1.350000, 0.800000, 1.069086
1.400000, 0.800000, 0.513991
1.450000, 0.800000, 0.294370
1.500000, 0.800000, 0.363525
1.550000, 0.800000, 0.600190
1.600000, 0.800000, 0.858077
1.650000, 0.800000, 1.018985
1.700000, 0.800000, 1.030064
1.750000, 0.800000, 0.912564
1.800000, 0.800000, 0.740776
1.850000, 0.800000, 0.601406
1.900000, 0.800000, 0.550900
1.950000, 0.800000, 0.588584
2.000000, 0.800000, 0.656699
0.000000, 0.850000, 1.744940
0.050000, 0.850000, 2.428601
0.100000, 0.850000, 2.862148
0.150000, 0.850000, 2.911055
0.200000, 0.850000, 2.545948
0.250000, 0.850000, 1.849009
0.300000, 0.850000, 0.984924
0.350000, 0.850000, 0.147672
0.400000, 0.850000, -0.497518
0.450000, 0.850000, -0.856920
0.500000, 0.850000, -0.922286
0.550000, 0.850000, -0.753869
0.600000, 0.850000, -0.442010
0.650000, 0.850000, -0.064381
0.700000, 0.850000, 0.343374
0.750000, 0.850000, 0.792183
0.800000, 0.850000, 1.318626
0.850000, 0.850000, 1.948730
0.900000, 0.850000, 2.663312
0.950000, 0.850000, 3.381441
1.000000, 0.850000, 3.971546
1.050000, 0.850000, 4.288505
1.100000, 0.850000, 4.224119
1.150000, 0.850000, 3.752059
1.200000, 0.850000, 2.949227
1.250000, 0.850000, 1.983371
1.300000, 0.850000, 1.068933
1.350000, 0.850000, 0.404916
1.400000, 0.850000, 0.115558
1.450000, 0.850000, 0.214160
1.500000, 0.850000, 0.602532
1.550000, 0.850000, 1.106035
1.600000, 0.850000, 1.531810
1.650000, 0.850000, 1.729842
1.700000, 0.850000, 1.636121
1.750000, 0.850000, 1.284169
1.800000, 0.850000, 0.783024
1.850000, 0.850000, 0.271917
1.900000, 0.850000, -0.130225
1.950000, 0.850000, -0.361479
2.000000, 0.850000, -0.427209
0.000000, 0.900000, 1.505266
0.050000, 0.900000, 2.182035
0.100000, 0.900000, 2.609511
0.150000, 0.900000, 2.643118
0.200000, 0.900000, 2.250079
0.250000, 0.900000, 1.517309
0.300000, 0.900000, 0.621679
0.350000, 0.900000, -0.225953
0.400000, 0.900000, -0.843054
0.450000, 0.900000, -1.123034
0.500000, 0.900000, -1.053561
0.550000, 0.900000, -0.702372
0.600000, 0.900000, -0.179302
0.650000, 0.900000, 0.408668
0.700000, 0.900000, 0.991372
0.750000, 0.900000, 1.546245
0.800000, 0.900000, 2.084117
0.850000, 0.900000, 2.618873
0.900000, 0.900000, 3.136522
0.950000, 0.900000, 3.579367
1.000000, 0.900000, 3.854393
1.050000, 0.900000, 3.864513
1.100000, 0.900000, 3.550980
1.150000, 0.900000, 2.929436
1.200000, 0.900000, 2.103199
1.250000, 0.900000, 1.245201
1.300000, 0.900000, 0.551767
1.350000, 0.900000, 0.182627
1.400000, 0.900000, 0.207777
1.450000, 0.900000, 0.580607
1.500000, 0.900000, 1.148177
1.550000, 0.900000, 1.696705
1.600000, 0.900000, 2.017883
1.650000, 0.900000, 1.974054
1.700000, 0.900000, 1.540551
1.750000, 0.900000, 0.811366
1.800000, 0.900000, -0.032926
1.850000, 0.900000, -0.783129
1.900000, 0.900000, -1.264944
1.950000, 0.900000, -1.386725
2.000000, 0.900000, -1.156736
0.000000, 0.950000, 1.188168
0.050000, 0.950000, 1.873856
0.100000, 0.950000, 2.310362
0.150000, 0.950000, 2.341483
0.200000, 0.950000, 1.931121
0.250000, 0.950000, 1.172688
0.300000, 0.950000, 0.258006
0.350000, 0.950000, -0.582654
0.400000, 0.950000, -1.148571
0.450000, 0.950000, -1.322194
0.500000, 0.950000, -1.092207
0.550000, 0.950000, -0.541524
0.600000, 0.950000, 0.191841
0.650000, 0.950000, 0.964276
0.700000, 0.950000, 1.667679
0.750000, 0.950000, 2.248544
0.800000, 0.950000, 2.701406
0.850000, 0.950000, 3.043674
0.900000, 0.950000, 3.286040
0.950000, 0.950000, 3.413535
1.000000, 0.950000, 3.386690
1.050000, 0.950000, 3.162670
1.100000, 0.950000, 2.726686
1.150000, 0.950000, 2.118435
1.200000, 0.950000, 1.439269
1.250000, 0.950000, 0.833072
1.300000, 0.950000, 0.444535
1.350000, 0.950000, 0.368624
1.400000, 0.950000, 0.610178
1.450000, 0.950000, 1.070587
1.500000, 0.950000, 1.569663
1.550000, 0.950000, 1.898259
1.600000, 0.950000, 1.885509
1.650000, 0.950000, 1.458234
1.700000, 0.950000, 0.671579
1.750000, 0.950000, -0.300825
1.800000, 0.950000, -1.215328
1.850000, 0.950000, -1.830186
1.900000, 0.950000, -1.977674
1.950000, 0.950000, -1.613049
2.000000, 0.950000, -0.825028
0.000000, 1.000000, 0.808104
0.050000, 1.000000, 1.519447
0.100000, 1.000000, 1.980009
0.150000, 1.000000, 2.020483
0.200000, 1.000000, 1.601895
0.250000, 1.000000, 0.826421
0.300000, 1.000000, -0.096032
0.350000, 1.000000, -0.913341
0.400000, 1.000000, -1.406481
0.450000, 1.000000, -1.450216
0.500000, 1.000000, -1.040938
0.550000, 1.000000, -0.285578
0.600000, 1.000000, 0.641092
0.650000, 1.000000, 1.553479
0.700000, 1.000000, 2.306137
0.750000, 1.000000, 2.822729
0.800000, 1.000000, 3.096825
0.850000, 1.000000, 3.169490
0.900000, 1.000000, 3.096777
0.950000, 1.000000, 2.922401
1.000000, 1.000000, 2.666660
1.050000, 1.000000, 2.334091
1.100000, 1.000000, 1.933268
1.150000, 1.000000, 1.496385
1.200000, 1.000000, 1.086254
1.250000, 1.000000, 0.784167
1.300000, 1.000000, 0.661177
1.350000, 1.000000, 0.743933
1.400000, 1.000000, 0.990442
1.450000, 1.000000, 1.288970
1.500000, 1.000000, 1.485136
1.550000, 1.000000, 1.431160
1.600000, 1.000000, 1.041390
1.650000, 1.000000, 0.333823
1.700000, 1.000000, -0.559600
1.750000, 1.000000, -1.421202
1.800000, 1.000000, -2.008190
1.850000, 1.000000, -2.127453
1.900000, 1.000000, -1.700143
1.950000, 1.000000, -0.793813
2.000000, 1.000000, 0.389982
0.000000, 1.050000, 0.381578
0.050000, 1.050000, 1.135298
0.100000, 1.050000, 1.633928
0.150000, 1.050000, 1.693755
0.200000, 1.050000, 1.273806
0.250000, 1.050000, 0.487828
0.300000, 1.050000, -0.432758
0.350000, 1.050000, -1.211803
0.400000, 1.050000, -1.612849
0.450000, 1.050000, -1.507776
0.500000, 1.050000, -0.908864
0.550000, 1.050000, 0.043502
0.600000, 1.050000, 1.130309
0.650000, 1.050000, 2.121872
0.700000, 1.050000, 2.841128
0.750000, 1.050000, 3.202937
0.800000, 1.050000, 3.220143
0.850000, 1.050000, 2.979423
0.900000, 1.050000, 2.599871
0.950000, 1.050000, 2.191355
1.000000, 1.050000, 1.827064
1.050000, 1.050000, 1.536893
1.100000, 1.050000, 1.318939
1.150000, 1.050000, 1.159357
1.200000, 1.050000, 1.048753
1.250000, 1.050000, 0.986768
1.300000, 1.050000, 0.973622
1.350000, 1.050000, 0.994814
1.400000, 1.050000, 1.009474
1.450000, 1.050000, 0.951967
1.500000, 1.050000, 0.750519
1.550000, 1.050000, 0.358234
1.600000, 1.050000, -0.215392
1.650000, 1.050000, -0.887122
1.700000, 1.050000, -1.508019
1.750000, 1.050000, -1.899290
1.800000, 1.050000, -1.907351
1.850000, 1.050000, -1.460513
1.900000, 1.050000, -0.606633
1.950000, 1.050000, 0.484420
2.000000, 1.050000, 1.558531
0.000000, 1.100000, -0.073783
0.050000, 1.100000, 0.738077
0.100000, 1.100000, 1.286885
0.150000, 1.100000, 1.373464
0.200000, 1.100000, 0.956217
0.250000, 1.100000, 0.163802
0.300000, 1.100000, -0.747195
0.350000, 1.100000, -1.474891
0.400000, 1.100000, -1.767468
0.450000, 1.100000, -1.500324
0.500000, 1.100000, -0.711010
0.550000, 1.100000, 0.417320
0.600000, 1.100000, 1.616147
0.650000, 1.100000, 2.614000
0.700000, 1.100000, 3.213702
0.750000, 1.100000, 3.340748
0.800000, 1.100000, 3.050278
0.850000, 1.100000, 2.494616
0.900000, 1.100000, 1.865917
0.950000, 1.100000, 1.334951
1.000000, 1.100000, 1.005821
1.050000, 1.100000, 0.898519
1.100000, 1.100000, 0.960259
1.150000, 1.100000, 1.096689
1.200000, 1.100000, 1.208779
1.250000, 1.100000, 1.221960
1.300000, 1.100000, 1.099651
1.350000, 1.100000, 0.841082
1.400000, 1.100000, 0.469638
1.450000, 1.100000, 0.020462
1.500000, 1.100000, -0.465977
1.550000, 1.100000, -0.942821
1.600000, 1.100000, -1.352284
1.650000, 1.100000, -1.624788
1.700000, 1.100000, -1.687891
1.750000, 1.100000, -1.486290
1.800000, 1.100000, -1.007580
1.850000, 1.100000, -0.303292
1.900000, 1.100000, 0.506327
1.950000, 1.100000, 1.251078
2.000000, 1.100000, 1.751977
0.000000, 1.150000, -0.540189
0.050000, 1.150000, 0.343724
0.100000, 1.150000, 0.952139
0.150000, 1.150000, 1.069650
0.200000, 1.150000, 0.655961
0.250000, 1.150000, -0.141484
0.300000, 1.150000, -1.037197
0.350000, 1.150000, -1.702512
0.400000, 1.150000, -1.873724
0.450000, 1.150000, -1.437709
0.500000, 1.150000, -0.467464
0.550000, 1.150000, 0.802794
0.600000, 1.150000, 2.053134
0.650000, 1.150000, 2.977909
0.700000, 1.150000, 3.377107
0.750000, 1.150000, 3.210200
0.800000, 1.150000, 2.597250
0.850000, 1.150000, 1.770002
0.900000, 1.150000, 0.991819
0.950000, 1.150000, 0.474145
1.000000, 1.150000, 0.316384
1.050000, 1.150000, 0.486382
1.100000, 1.150000, 0.844134
1.150000, 1.150000, 1.197113
1.200000, 1.150000, 1.366500
1.250000, 1.150000, 1.242254
1.300000, 1.150000, 0.811025
1.350000, 1.150000, 0.151592
1.400000, 1.150000, -0.596388
1.450000, 1.150000, -1.276874
1.500000, 1.150000, -1.759695
1.550000, 1.150000, -1.968593
1.600000, 1.150000, -1.890018
1.650000, 1.150000, -1.564879
1.700000, 1.150000, -1.070306
1.750000, 1.150000, -0.499490
1.800000, 1.150000, 0.054728
1.850000, 1.150000, 0.510877
1.900000, 1.150000, 0.806181
1.950000, 1.150000, 0.903010
2.000000, 1.150000, 0.795718
0.000000, 1.200000, -1.000619
0.050000, 1.200000, -0.033379
0.100000, 1.200000, 0.640748
0.150000, 1.200000, 0.789719
0.200000, 1.200000, 0.377044
0.250000, 1.200000, -0.426682
0.300000, 1.200000, -1.303374
0.350000, 1.200000, -1.897424
0.400000, 1.200000, -1.938240
0.450000, 1.200000, -1.333570
0.500000, 1.200000, -0.202220
0.550000, 1.200000, 1.164240
0.600000, 1.200000, 2.396952
0.650000, 1.200000, 3.169471
0.700000, 1.200000, 3.301182
0.750000, 1.200000, 2.810305
0.800000, 1.200000, 1.900153
0.850000, 1.200000, 0.885213
0.900000, 1.200000, 0.083625
0.950000, 1.200000, -0.286978
1.000000, 1.200000, -0.175704
1.050000, 1.200000, 0.293821
1.100000, 1.200000, 0.874267
1.150000, 1.200000, 1.284543
1.200000, 1.200000, 1.307164
1.250000, 1.200000, 0.860368
1.300000, 1.200000, 0.022261
1.350000, 1.200000, -0.998592
1.400000, 1.200000, -1.933750
1.450000, 1.200000, -2.541363
1.500000, 1.200000, -2.679630
1.550000, 1.200000, -2.344470
1.600000, 1.200000, -1.661870
1.650000, 1.200000, -0.840756
1.700000, 1.200000, -0.104480
1.750000, 1.200000, 0.375736
1.800000, 1.200000, 0.524829
1.850000, 1.200000, 0.374038
1.900000, 1.200000, 0.037717
1.950000, 1.200000, -0.332263
2.000000, 1.200000, -0.597927
0.000000, 1.250000, -1.439677
0.050000, 1.250000, -0.381120
0.100000, 1.250000, 0.361042
0.150000, 1.250000, 0.538120
0.200000, 1.250000, 0.120530
0.250000, 1.250000, -0.693178
0.300000, 1.250000, -1.548844
0.350000, 1.250000, -2.064852
0.400000, 1.250000, -1.970348
0.450000, 1.250000, -1.204502
0.500000, 1.250000, 0.058237
0.550000, 1.250000, 1.465675
0.600000, 1.250000, 2.607708
0.650000, 1.250000, 3.156108
0.700000, 1.250000, 2.975175
0.750000, 1.250000, 2.164784
0.800000, 1.250000, 1.021472
0.850000, 1.250000, -0.067866
0.900000, 1.250000, -0.761596
0.950000, 1.250000, -0.880398
1.000000, 1.250000, -0.465013
1.050000, 1.250000, 0.244614
1.100000, 1.250000, 0.900226
1.150000, 1.250000, 1.173075
1.200000, 1.250000, 0.873146
1.250000, 1.250000, 0.017954
1.300000, 1.250000, -1.172536
1.350000, 1.250000, -2.352033
1.400000, 1.250000, -3.167421
1.450000, 1.250000, -3.379333
1.500000, 1.250000, -2.941883
1.550000, 1.250000, -2.014751
1.600000, 1.250000, -0.904890
1.650000, 1.250000, 0.040350
1.700000, 1.250000, 0.550587
1.750000, 1.250000, 0.519517
1.800000, 1.250000, 0.032629
1.850000, 1.250000, -0.672209
1.900000, 1.250000, -1.295511
1.950000, 1.250000, -1.585239
2.000000, 1.250000, -1.425781
0.000000, 1.300000, -1.844330
0.050000, 1.300000, -0.690213
0.100000, 1.300000, 0.118277
0.150000, 1.300000, 0.316215
0.200000, 1.300000, -0.115370
0.250000, 1.300000, -0.944814
0.300000, 1.300000, -1.778809
0.350000, 1.300000, -2.211962
0.400000, 1.300000, -1.981409
0.450000, 1.300000, -1.069064
0.500000, 1.300000, 0.286502
0.550000, 1.300000, 1.673182
0.600000, 1.300000, 2.652946
0.650000, 1.300000, 2.919610
0.700000, 1.300000, 2.408708
0.750000, 1.300000, 1.319100
0.800000, 1.300000, 0.038570
0.850000, 1.300000, -0.998938
0.900000, 1.300000, -1.471664
0.950000, 1.300000, -1.285568
1.000000, 1.300000, -0.604638
1.050000, 1.300000, 0.214834
1.100000, 1.300000, 0.761283
1.150000, 1.300000, 0.725212
1.200000, 1.300000, 0.018405
1.250000, 1.300000, -1.189170
1.300000, 1.300000, -2.528478
1.350000, 1.300000, -3.564696
1.400000, 1.300000, -3.955500
1.450000, 1.300000, -3.575983
1.500000, 1.300000, -2.564293
1.550000, 1.300000, -1.271374
1.600000, 1.300000, -0.133567
1.650000, 1.300000, 0.484847
1.700000, 1.300000, 0.421176
1.750000, 1.300000, -0.231479
1.800000, 1.300000, -1.164807
1.850000, 1.300000, -1.975033
1.900000, 1.300000, -2.317097
1.950000, 1.300000, -2.036017
2.000000, 1.300000, -1.226849
0.000000, 1.350000, -2.204483
0.050000, 1.350000, -0.954569
0.100000, 1.350000, -0.085525
0.150000, 1.350000, 0.122348
0.200000, 1.350000, -0.335021
0.250000, 1.350000, -1.187447
0.300000, 1.350000, -2.000000
0.350000, 1.350000, -2.347214
0.400000, 1.350000, -1.984024
0.450000, 1.350000, -0.946672
0.500000, 1.350000, 0.455912
0.550000, 1.350000, 1.757202
0.600000, 1.350000, 2.510170
0.650000, 1.350000, 2.457780
0.700000, 1.350000, 1.630815
0.750000, 1.350000, 0.335158
0.800000, 1.350000, -0.966470
0.850000, 1.350000, -1.832355
0.900000, 1.350000, -2.010205
0.950000, 1.350000, -1.530880
1.000000, 1.350000, -0.691283
1.050000, 1.350000, 0.066625
1.100000, 1.350000, 0.333313
1.150000, 1.350000, -0.103622
1.200000, 1.350000, -1.171849
1.250000, 1.350000, -2.538068
1.300000, 1.350000, -3.734097
1.350000, 1.350000, -4.336440
1.400000, 1.350000, -4.129652
1.450000, 1.350000, -3.190123
1.500000, 1.350000, -1.857755
1.550000, 1.350000, -0.606540
1.600000, 1.350000, 0.135779
1.650000, 1.350000, 0.149061
1.700000, 1.350000, -0.499256
1.750000, 1.350000, -1.486276
1.800000, 1.350000, -2.364972
1.850000, 1.350000, -2.743307
1.900000, 1.350000, -2.441222
1.950000, 1.350000, -1.564267
2.000000, 1.350000, -0.465123
0.000000, 1.400000, -2.513376
0.050000, 1.400000, -1.171468
0.100000, 1.400000, -0.251515
0.150000, 1.400000, -0.047890
0.200000, 1.400000, -0.544917
0.250000, 1.400000, -1.428364
0.300000, 1.400000, -2.220013
0.350000, 1.400000, -2.479643
0.400000, 1.400000, -1.991190
0.450000, 1.400000, -0.856448
0.500000, 1.400000, 0.542184
0.550000, 1.400000, 1.694593
0.600000, 1.400000, 2.168703
0.650000, 1.400000, 1.784787
0.700000, 1.400000, 0.687155
0.750000, 1.400000, -0.715669
0.800000, 1.400000, -1.917238
0.850000, 1.400000, -2.517387
0.900000, 1.400000, -2.380727
0.950000, 1.400000, -1.684999
1.000000, 1.400000, -0.840446
1.050000, 1.400000, -0.314388
1.100000, 1.400000, -0.433804
1.150000, 1.400000, -1.247275
1.200000, 1.400000, -2.502680
1.250000, 1.400000, -3.749129
1.300000, 1.400000, -4.520574
1.350000, 1.400000, -4.525325
1.400000, 1.400000, -3.763856
1.450000, 1.400000, -2.527304
1.500000, 1.400000, -1.278341
1.550000, 1.400000, -0.464251
1.600000, 1.400000, -0.339272
1.650000, 1.400000, -0.868633
1.700000, 1.400000, -1.752365
1.750000, 1.400000, -2.557414
1.800000, 1.400000, -2.902269
1.850000, 1.400000, -2.617419
1.900000, 1.400000, -1.815894
1.950000, 1.400000, -0.845883
2.000000, 1.400000, -0.146301
0.000000, 1.450000, -2.767765
0.050000, 1.450000, -1.341523
0.100000, 1.450000, -0.383775
0.150000, 1.450000, -0.201222
0.200000, 1.450000, -0.753092
0.250000, 1.450000, -1.675603
0.300000, 1.450000, -2.446595
0.350000, 1.450000, -2.618119
0.400000, 1.450000, -2.015445
0.450000, 1.450000, -0.816085
0.500000, 1.450000, 0.524941
0.550000, 1.450000, 1.470318
0.600000, 1.450000, 1.630720
0.650000, 1.450000, 0.930189
0.700000, 1.450000, -0.364298
0.750000, 1.450000, -1.760361
0.800000, 1.450000, -2.752208
0.850000, 1.450000, -3.034134
0.900000, 1.450000, -2.623246
0.950000, 1.450000, -1.839940
1.000000, 1.450000, -1.157268
1.050000, 1.450000, -0.987245
1.100000, 1.450000, -1.498329
1.150000, 1.450000, -2.543111
1.200000, 1.450000, -3.725642
1.250000, 1.450000, -4.576391
1.300000, 1.450000, -4.756406
1.350000, 1.450000, -4.201146
1.400000, 1.450000, -3.142653
1.450000, 1.450000, -2.003344
1.500000, 1.450000, -1.210927
1.550000, 1.450000, -1.017323
1.600000, 1.450000, -1.400534
1.650000, 1.450000, -2.089872
1.700000, 1.450000, -2.699557
1.750000, 1.450000, -2.908285
1.800000, 1.450000, -2.603783
1.850000, 1.450000, -1.929186
1.900000, 1.450000, -1.213434
1.950000, 1.450000, -0.820078
2.000000, 1.450000, -0.984311
0.000000, 1.500000, -2.967902
0.050000, 1.500000, -1.468444
0.100000, 1.500000, -0.488893
0.150000, 1.500000, -0.346105
0.200000, 1.500000, -0.968434
0.250000, 1.500000, -1.937213
0.300000, 1.500000, -2.686910
0.350000, 1.500000, -2.770622
0.400000, 1.500000, -2.068055
0.450000, 1.500000, -0.840784
0.500000, 1.500000, 0.389046
0.550000, 1.500000, 1.078664
0.600000, 1.500000, 0.911388
0.650000, 1.500000, -0.063293
0.700000, 1.500000, -1.458644
0.750000, 1.500000, -2.731964
0.800000, 1.500000, -3.431545
0.850000, 1.500000, -3.394253
0.900000, 1.500000, -2.804168
0.950000, 1.500000, -2.089355
1.000000, 1.500000, -1.709593
1.050000, 1.500000, -1.937184
1.100000, 1.500000, -2.733260
1.150000, 1.500000, -3.774423
1.200000, 1.500000, -4.612400
1.250000, 1.500000, -4.887432
1.300000, 1.500000, -4.493207
1.350000, 1.500000, -3.617269
1.400000, 1.500000, -2.642181
1.450000, 1.500000, -1.959418
1.500000, 1.500000, -1.787830
1.550000, 1.500000, -2.083347
1.600000, 1.500000, -2.579854
1.650000, 1.500000, -2.936462
1.700000, 1.500000, -2.915432
1.750000, 1.500000, -2.502157
1.800000, 1.500000, -1.909366
1.850000, 1.500000, -1.466225
1.900000, 1.500000, -1.450065
1.950000, 1.500000, -1.946034
2.000000, 1.500000, -2.804872
0.000000, 1.550000, -3.117310
0.050000, 1.550000, -1.558625
0.100000, 1.550000, -0.575383
0.150000, 1.550000, -0.492040
0.200000, 1.550000, -1.199928
0.250000, 1.550000, -2.220508
0.300000, 1.550000, -2.946847
0.350000, 1.550000, -2.943586
0.400000, 1.550000, -2.158290
0.450000, 1.550000, -0.942339
0.500000, 1.550000, 0.125643
0.550000, 1.550000, 0.523888
0.600000, 1.550000, 0.038093
0.650000, 1.550000, -1.143047
0.700000, 1.550000, -2.529978
0.750000, 1.550000, -3.576320
0.800000, 1.550000, -3.940611
0.850000, 1.550000, -3.636481
0.900000, 1.550000, -3.001371
0.950000, 1.550000, -2.506491
1.000000, 1.550000, -2.509301
1.050000, 1.550000, -3.075200
1.100000, 1.550000, -3.955835
1.150000, 1.550000, -4.729052
1.200000, 1.550000, -5.022972
1.250000, 1.550000, -4.706031
1.300000, 1.550000, -3.946020
1.350000, 1.550000, -3.111785
1.400000, 1.550000, -2.573823
1.450000, 1.550000, -2.511546
1.500000, 1.550000, -2.829079
1.550000, 1.550000, -3.222146
1.600000, 1.550000, -3.357598
1.650000, 1.550000, -3.067237
1.700000, 1.550000, -2.450347
1.750000, 1.550000, -1.828338
1.800000, 1.550000, -1.574377
1.850000, 1.550000, -1.908599
1.900000, 1.550000, -2.769580
1.950000, 1.550000, -3.833947
2.000000, 1.550000, -4.678090
0.000000, 1.600000, -3.222367
0.050000, 1.600000, -1.620569
0.100000, 1.600000, -0.653002
0.150000, 1.600000, -0.648815
0.200000, 1.600000, -1.455892
0.250000, 1.600000, -2.531356
0.300000, 1.600000, -3.230405
0.350000, 1.600000, -3.141354
0.400000, 1.600000, -2.292829
0.450000, 1.600000, -1.128402
0.500000, 1.600000, -0.267127
0.550000, 1.600000, -0.179738
0.600000, 1.600000, -0.951201
0.650000, 1.600000, -2.250628
0.700000, 1.600000, -3.517237
0.750000, 1.600000, -4.257035
0.800000, 1.600000, -4.289795
0.850000, 1.600000, -3.817777
0.900000, 1.600000, -3.287264
0.950000, 1.600000, -3.126311
1.000000, 1.600000, -3.506141
1.050000, 1.600000, -4.255897
1.100000, 1.600000, -4.972369
1.150000, 1.600000, -5.257549
1.200000, 1.600000, -4.947443
1.250000, 1.600000, -4.203241
1.300000, 1.600000, -3.415284
1.350000, 1.600000, -2.976537
1.400000, 1.600000, -3.055916
1.450000, 1.600000, -3.501828
1.500000, 1.600000, -3.932657
1.550000, 1.600000, -3.964669
1.600000, 1.600000, -3.448489
1.650000, 1.600000, -2.577647
1.700000, 1.600000, -1.802090
1.750000, 1.600000, -1.588373
1.800000, 1.600000, -2.156285
1.850000, 1.600000, -3.339419
1.900000, 1.600000, -4.653125
1.950000, 1.600000, -5.540979
2.000000, 1.600000, -5.671215
0.000000, 1.650000, -3.291737
0.050000, 1.650000, -1.664201
0.100000, 1.650000, -0.731992
0.150000, 1.650000, -0.825734
0.200000, 1.650000, -1.743252
0.250000, 1.650000, -2.873556
0.300000, 1.650000, -3.539201
0.350000, 1.650000, -3.365773
0.400000, 1.650000, -2.475331
0.450000, 1.650000, -1.401970
0.500000, 1.650000, -0.783813
0.550000, 1.650000, -1.008518
0.600000, 1.650000, -2.010349
0.650000, 1.650000, -3.326223
0.700000, 1.650000, -4.369407
0.750000, 1.650000, -4.758137
0.800000, 1.650000, -4.510763
0.850000, 1.650000, -4.001621
0.900000, 1.650000, -3.712969
0.950000, 1.650000, -3.935463
1.000000, 1.650000, -4.595585
1.050000, 1.650000, -5.309503
1.100000, 1.650000, -5.626749
1.150000, 1.650000, -5.314285
1.200000, 1.650000, -4.508205
1.250000, 1.650000, -3.639877
1.300000, 1.650000, -3.178746
1.350000, 1.650000, -3.345131
1.400000, 1.650000, -3.967152
1.450000, 1.650000, -4.573042
1.500000, 1.650000, -4.671140
1.550000, 1.650000, -4.056184
1.600000, 1.650000, -2.959523
1.650000, 1.650000, -1.947039
1.700000, 1.650000, -1.613627
1.750000, 1.650000, -2.243718
1.800000, 1.650000, -3.632818
1.850000, 1.650000, -5.178469
1.900000, 1.650000, -6.197937
1.950000, 1.650000, -6.299722
2.000000, 1.650000, -5.601556
0.000000, 1.700000, -3.335680
0.050000, 1.700000, -1.700110
0.100000, 1.700000, -0.822302
0.150000, 1.700000, -1.030874
0.200000, 1.700000, -2.066892
0.250000, 1.700000, -3.248332
0.300000, 1.700000, -3.872136
0.350000, 1.700000, -3.615957
0.400000, 1.700000, -2.706185
0.450000, 1.700000, -1.761139
0.500000, 1.700000, -1.411736
0.550000, 1.700000, -1.930506
0.600000, 1.700000, -3.088002
0.650000, 1.700000, -4.313186
0.700000, 1.700000, -5.049577
0.750000, 1.700000, -5.084196
0.800000, 1.700000, -4.649768
0.850000, 1.700000, -4.245426
0.900000, 1.700000, -4.296557
0.950000, 1.700000, -4.872201
1.000000, 1.700000, -5.639092
1.050000, 1.700000, -6.080484
1.100000, 1.700000, -5.839937
1.150000, 1.700000, -4.969796
1.200000, 1.700000, -3.922014
1.250000, 1.700000, -3.279725
1.300000, 1.700000, -3.392502
1.350000, 1.700000, -4.143532
1.400000, 1.700000, -5.000968
1.450000, 1.700000, -5.332811
1.500000, 1.700000, -4.800195
1.550000, 1.700000, -3.589378
1.600000, 1.700000, -2.334050
1.650000, 1.700000, -1.763712
1.700000, 1.700000, -2.280594
1.750000, 1.700000, -3.715407
1.800000, 1.700000, -5.410437
1.850000, 1.700000, -6.586443
1.900000, 1.700000, -6.781555
1.950000, 1.700000, -6.106706
2.000000, 1.700000, -5.169535
0.000000, 1.750000, -3.365281
0.050000, 1.750000, -1.738762
0.100000, 1.750000, -0.932839
0.150000, 1.750000, -1.270421
0.200000, 1.750000, -2.429129
0.250000, 1.750000, -3.653999
0.300000, 1.750000, -4.225232
0.350000, 1.750000, -3.888241
0.400000, 1.750000, -2.982469
0.450000, 1.750000, -2.199113
0.500000, 1.750000, -2.131492
0.550000, 1.750000, -2.907220
0.600000, 1.750000, -4.130963
0.650000, 1.750000, -5.162229
0.700000, 1.750000, -5.537465
0.750000, 1.750000, -5.257947
0.800000, 1.750000, -4.759067
0.850000, 1.750000, -4.589177
0.900000, 1.750000, -5.017540
0.950000, 1.750000, -5.836404
1.000000, 1.750000, -6.492492
1.050000, 1.750000, -6.463554
1.100000, 1.750000, -5.630134
1.150000, 1.750000, -4.390780
1.200000, 1.750000, -3.433596
1.250000, 1.750000, -3.302593
1.300000, 1.750000, -4.036955
1.350000, 1.750000, -5.122351
1.400000, 1.750000, -5.797816
1.450000, 1.750000, -5.533337
1.500000, 1.750000, -4.378719
1.550000, 1.750000, -2.959168
1.600000, 1.750000, -2.112132
1.650000, 1.750000, -2.385601
1.700000, 1.750000, -3.707206
1.750000, 1.750000, -5.428738
1.800000, 1.750000, -6.717605
1.850000, 1.750000, -7.051902
1.900000, 1.750000, -6.514219
1.950000, 1.750000, -5.708690
2.000000, 1.750000, -5.363006
0.000000, 1.800000, -3.391651
0.050000, 1.800000, -1.789734
0.100000, 1.800000, -1.070786
0.150000, 1.800000, -1.548128
0.200000, 1.800000, -2.829345
0.250000, 1.800000, -4.085800
0.300000, 1.800000, -4.591673
0.350000, 1.800000, -4.176318
0.400000, 1.800000, -3.298107
0.450000, 1.800000, -2.704490
0.500000, 1.800000, -2.917837
0.550000, 1.800000, -3.895782
0.600000, 1.800000, -5.087677
0.650000, 1.800000, -5.834945
0.700000, 1.800000, -5.830215
0.750000, 1.800000, -5.315816
0.800000, 1.800000, -4.887722
0.850000, 1.800000, -5.047190
0.900000, 1.800000, -5.818700
0.950000, 1.800000, -6.707775
1.000000, 1.800000, -7.036348
1.050000, 1.800000, -6.428483
1.100000, 1.800000, -5.108292
1.150000, 1.800000, -3.793429
1.200000, 1.800000, -3.241371
1.250000, 1.800000, -3.746349
1.300000, 1.800000, -4.927151
1.350000, 1.800000, -5.957915
1.400000, 1.800000, -6.099539
1.450000, 1.800000, -5.185704
1.500000, 1.800000, -3.742795
1.550000, 1.800000, -2.662075
1.600000, 1.800000, -2.636912
1.650000, 1.800000, -3.731569
1.700000, 1.800000, -5.359104
1.750000, 1.800000, -6.674472
1.800000, 1.800000, -7.116810
1.850000, 1.800000, -6.742907
1.900000, 1.800000, -6.140989
1.950000, 1.800000, -5.998267
2.000000, 1.800000, -6.624756
0.000000, 1.850000, -3.425146
0.050000, 1.850000, -1.861022
0.100000, 1.850000, -1.241038
0.150000, 1.850000, -1.864915
0.200000, 1.850000, -3.263804
0.250000, 1.850000, -4.535950
0.300000, 1.850000, -4.962037
0.350000, 1.850000, -4.471568
0.400000, 1.850000, -3.644211
0.450000, 1.850000, -3.261791
0.500000, 1.850000, -3.740913
0.550000, 1.850000, -4.851361
0.600000, 1.850000, -5.911612
0.650000, 1.850000, -6.306372
0.700000, 1.850000, -5.941430
0.750000, 1.850000, -5.301955
0.800000, 1.850000, -5.073177
0.850000, 1.850000, -5.604381
0.900000, 1.850000, -6.614987
0.950000, 1.850000, -7.368717
1.000000, 1.850000, -7.201695
1.050000, 1.850000, -6.027729
1.100000, 1.850000, -4.450088
1.150000, 1.850000, -3.383364
1.200000, 1.850000, -3.438245
1.250000, 1.850000, -4.497271
1.300000, 1.850000, -5.783461
1.350000, 1.850000, -6.382334
1.400000, 1.850000, -5.860773
1.450000, 1.850000, -4.557190
1.500000, 1.850000, -3.345738
1.550000, 1.850000, -3.042381
1.600000, 1.850000, -3.866129
1.650000, 1.850000, -5.323304
1.700000, 1.850000, -6.581194
1.750000, 1.850000, -7.054854
1.800000, 1.850000, -6.788991
1.850000, 1.850000, -6.373171
1.900000, 1.850000, -6.467680
1.950000, 1.850000, -7.295027
2.000000, 1.850000, -8.470396
0.000000, 1.900000, -3.474658
0.050000, 1.900000, -1.958454
0.100000, 1.900000, -1.445793
0.150000, 1.900000, -2.218664
0.200000, 1.900000, -3.725662
0.250000, 1.900000, -4.993877
0.300000, 1.900000, -5.324715
0.350000, 1.900000, -4.763545
0.400000, 1.900000, -4.009598
0.450000, 1.900000, -3.852219
0.500000, 1.900000, -4.567758
0.550000, 1.900000, -5.729776
0.600000, 1.900000, -6.564296
0.650000, 1.900000, -6.566414
0.700000, 1.900000, -5.898613
0.750000, 1.900000, -5.261595
0.800000, 1.900000, -5.334845
0.850000, 1.900000, -6.217685
0.900000, 1.900000, -7.307965
0.950000, 1.900000, -7.727367
1.000000, 1.900000, -6.985548
1.050000, 1.900000, -5.385011
1.100000, 1.900000, -3.851631
1.150000, 1.900000, -3.299223
1.200000, 1.900000, -3.985729
1.250000, 1.900000, -5.331735
1.300000, 1.900000, -6.336688
1.350000, 1.900000, -6.291412
1.400000, 1.900000, -5.270410
1.450000, 1.900000, -4.052600
1.500000, 1.900000, -3.540741
1.550000, 1.900000, -4.114524
1.600000, 1.900000, -5.390998
1.650000, 1.900000, -6.553934
1.700000, 1.900000, -6.987468
1.750000, 1.900000, -6.728333
1.800000, 1.900000, -6.398235
1.850000, 1.900000, -6.678843
1.900000, 1.900000, -7.741606
1.950000, 1.900000, -9.078520
2.000000, 1.900000, -9.872468
0.000000, 1.950000, -3.547000
0.050000, 1.950000, -2.085257
0.100000, 1.950000, -1.684310
0.150000, 1.950000, -2.604196
0.200000, 1.950000, -4.205183
0.250000, 1.950000, -5.446653
0.300000, 1.950000, -5.666496
0.350000, 1.950000, -5.040609
0.400000, 1.950000, -4.381443
0.450000, 1.950000, -4.454598
0.500000, 1.950000, -5.364016
0.550000, 1.950000, -6.490094
0.600000, 1.950000, -7.017791
0.650000, 1.950000, -6.620010
0.700000, 1.950000, -5.739330
0.750000, 1.950000, -5.234599
0.800000, 1.950000, -5.670670
0.850000, 1.950000, -6.822448
0.900000, 1.950000, -7.803255
0.950000, 1.950000, -7.736252
1.000000, 1.950000, -6.452727
1.050000, 1.950000, -4.667468
1.100000, 1.950000, -3.480390
1.150000, 1.950000, -3.575903
1.200000, 1.950000, -4.729219
1.250000, 1.950000, -5.994972
1.300000, 1.950000, -6.429117
1.350000, 1.950000, -5.787965
1.400000, 1.950000, -4.673908
1.450000, 1.950000, -4.032754
1.500000, 1.950000, -4.410218
1.550000, 1.950000, -5.552400
1.600000, 1.950000, -6.652361
1.650000, 1.950000, -7.029228
1.700000, 1.950000, -6.686128
1.750000, 1.950000, -6.296313
1.800000, 1.950000, -6.629023
1.850000, 1.950000, -7.879699
1.900000, 1.950000, -9.452029
1.950000, 1.950000, -10.383857
2.000000, 1.950000, -10.094814
0.000000, 2.000000, -3.646455
0.050000, 2.000000, -2.241797
0.100000, 2.000000, -1.952868
0.150000, 2.000000, -3.013458
0.200000, 2.000000, -4.690142
0.250000, 2.000000, -5.879598
0.300000, 2.000000, -5.973291
0.350000, 2.000000, -5.290654
0.400000, 2.000000, -4.746033
0.450000, 2.000000, -5.046449
0.500000, 2.000000, -6.095744
0.550000, 2.000000, -7.097069
0.600000, 2.000000, -7.256431
0.650000, 2.000000, -6.486085
0.700000, 2.000000, -5.506554
0.750000, 2.000000, -5.250030
0.800000, 2.000000, -6.057152
0.850000, 2.000000, -7.342775
0.900000, 2.000000, -8.027862
0.950000, 2.000000, -7.402826
1.000000, 2.000000, -5.723528
1.050000, 2.000000, -4.047952
1.100000, 2.000000, -3.434087
1.150000, 2.000000, -4.137791
1.200000, 2.000000, -5.449478
1.250000, 2.000000, -6.290110
1.300000, 2.000000, -6.074544
1.350000, 2.000000, -5.143417
1.400000, 2.000000, -4.428923
1.450000, 2.000000, -4.651583
1.500000, 2.000000, -5.723653
1.550000, 2.000000, -6.851139
1.600000, 2.000000, -7.237194
1.650000, 2.000000, -6.785658
1.700000, 2.000000, -6.203554
1.750000, 2.000000, -6.405226
1.800000, 2.000000, -7.710107
1.850000, 2.000000, -9.509664
1.900000, 2.000000, -10.700573
1.950000, 2.000000, -10.549411
2.000000, 2.000000, -9.289966
