0.000000, 0.000000, 2.387545
0.050000, 0.000000, 2.182868
0.100000, 0.000000, 2.069322
0.150000, 0.000000, 2.103221
0.200000, 0.000000, 2.284617
0.250000, 0.000000, 2.557297
0.300000, 0.000000, 2.830284
0.350000, 0.000000, 3.012619
0.400000, 0.000000, 3.048147
0.450000, 0.000000, 2.937014
0.500000, 0.000000, 2.735667
0.550000, 0.000000, 2.535353
0.600000, 0.000000, 2.427334
0.650000, 0.000000, 2.468100
0.700000, 0.000000, 2.657870
0.750000, 0.000000, 2.940589
0.800000, 0.000000, 3.225428
0.850000, 0.000000, 3.421565
0.900000, 0.000000, 3.472970
0.950000, 0.000000, 3.379900
1.000000, 0.000000, 3.198900
1.050000, 0.000000, 3.021302
1.100000, 0.000000, 2.938438
1.150000, 0.000000, 3.006852
1.200000, 0.000000, 3.226802
1.250000, 0.000000, 3.542258
1.300000, 0.000000, 3.862398
1.350000, 0.000000, 4.096392
1.400000, 0.000000, 4.188186
1.450000, 0.000000, 4.137998
1.500000, 0.000000, 4.002320
1.550000, 0.000000, 3.872413
1.600000, 0.000000, 3.839523
1.650000, 0.000000, 3.960098
1.700000, 0.000000, 4.234284
1.750000, 0.000000, 4.605925
1.800000, 0.000000, 4.984064
1.850000, 0.000000, 5.277721
1.900000, 0.000000, 5.430686
1.950000, 0.000000, 5.443010
2.000000, 0.000000, 5.371006
0.000000, 0.050000, 2.221025
0.050000, 0.050000, 2.015916
0.100000, 0.050000, 1.901968
0.150000, 0.050000, 1.935517
0.200000, 0.050000, 2.116633
0.250000, 0.050000, 2.389125
0.300000, 0.050000, 2.662033
0.350000, 0.050000, 2.844418
0.400000, 0.050000, 2.880142
0.450000, 0.050000, 2.769368
0.500000, 0.050000, 2.568557
0.550000, 0.050000, 2.368972
0.600000, 0.050000, 2.261888
0.650000, 0.050000, 2.303807
0.700000, 0.050000, 2.494958
0.750000, 0.050000, 2.779298
0.800000, 0.050000, 3.066003
0.850000, 0.050000, 3.264259
0.900000, 0.050000, 3.318040
0.950000, 0.050000, 3.227606
1.000000, 0.050000, 3.049505
1.050000, 0.050000, 2.875067
1.100000, 0.050000, 2.795623
1.150000, 0.050000, 2.867715
1.200000, 0.050000, 3.091594
1.250000, 0.050000, 3.411226
1.300000, 0.050000, 3.735779
1.350000, 0.050000, 3.974414
1.400000, 0.050000, 4.071067
1.450000, 0.050000, 4.025944
1.500000, 0.050000, 3.895521
1.550000, 0.050000, 3.771047
1.600000, 0.050000, 3.743752
1.650000, 0.050000, 3.870066
1.700000, 0.050000, 4.150118
1.750000, 0.050000, 4.527735
1.800000, 0.050000, 4.911937
1.850000, 0.050000, 5.211729
1.900000, 0.050000, 5.370878
1.950000, 0.050000, 5.389414
2.000000, 0.050000, 5.323632
0.000000, 0.100000, 2.015638
0.050000, 0.100000, 1.810127
0.100000, 0.100000, 1.695829
0.150000, 0.100000, 1.729098
0.200000, 0.100000, 1.910024
0.250000, 0.100000, 2.182435
0.300000, 0.100000, 2.455389
0.350000, 0.100000, 2.637964
0.400000, 0.100000, 2.674039
0.450000, 0.100000, 2.563790
0.500000, 0.100000, 2.363696
0.550000, 0.100000, 2.165031
0.600000, 0.100000, 2.059082
0.650000, 0.100000, 2.102362
0.700000, 0.100000, 2.295109
0.750000, 0.100000, 2.581287
0.800000, 0.100000, 2.870078
0.850000, 0.100000, 3.070673
0.900000, 0.100000, 3.127049
0.950000, 0.100000, 3.039467
1.000000, 0.100000, 2.864475
1.050000, 0.100000, 2.693402
1.100000, 0.100000, 2.617574
1.150000, 0.100000, 2.693528
1.200000, 0.100000, 2.921509
1.250000, 0.100000, 3.245475
1.300000, 0.100000, 3.574584
1.350000, 0.100000, 3.817986
1.400000, 0.100000, 3.919605
1.450000, 0.100000, 3.879633
1.500000, 0.100000, 3.754532
1.550000, 0.100000, 3.635534
1.600000, 0.100000, 3.613852
1.650000, 0.100000, 3.745900
1.700000, 0.100000, 4.031787
1.750000, 0.100000, 4.415319
1.800000, 0.100000, 4.805501
1.850000, 0.100000, 5.111313
1.900000, 0.100000, 5.276504
1.950000, 0.100000, 5.301084
2.000000, 0.100000, 5.241325
0.000000, 0.150000, 1.772924
0.050000, 0.150000, 1.567063
0.100000, 0.150000, 1.452484
0.150000, 0.150000, 1.485562
0.200000, 0.150000, 1.666406
0.250000, 0.150000, 1.938858
0.300000, 0.150000, 2.211996
0.350000, 0.150000, 2.394912
0.400000, 0.150000, 2.431499
0.450000, 0.150000, 2.321951
0.500000, 0.150000, 2.122755
0.550000, 0.150000, 1.925198
0.600000, 0.150000, 1.820578
0.650000, 0.150000, 1.865415
0.700000, 0.150000, 2.059955
0.750000, 0.150000, 2.348168
0.800000, 0.150000, 2.639240
0.850000, 0.150000, 2.842364
0.900000, 0.150000, 2.901519
0.950000, 0.150000, 2.816965
1.000000, 0.150000, 2.645247
1.050000, 0.150000, 2.477692
1.100000, 0.150000, 2.405619
1.150000, 0.150000, 2.485559
1.200000, 0.150000, 2.717751
1.250000, 0.150000, 3.046139
1.300000, 0.150000, 3.379873
1.350000, 0.150000, 3.628090
1.400000, 0.150000, 3.734699
1.450000, 0.150000, 3.699880
1.500000, 0.150000, 3.580077
1.550000, 0.150000, 3.466506
1.600000, 0.150000, 3.450364
1.650000, 0.150000, 3.588043
1.700000, 0.150000, 3.879636
1.750000, 0.150000, 4.268930
1.800000, 0.150000, 4.664908
1.850000, 0.150000, 4.976532
1.900000, 0.150000, 5.147528
1.950000, 0.150000, 5.177888
2.000000, 0.150000, 5.123863
0.000000, 0.200000, 1.495407
0.050000, 0.200000, 1.289266
0.100000, 0.200000, 1.174497
0.150000, 0.200000, 1.207492
0.200000, 0.200000, 1.388376
0.250000, 0.200000, 1.661008
0.300000, 0.200000, 1.934479
0.350000, 0.200000, 2.117897
0.400000, 0.200000, 2.155167
0.450000, 0.200000, 2.046496
0.500000, 0.200000, 1.848380
0.550000, 0.200000, 1.652118
0.600000, 0.200000, 1.549013
0.650000, 0.200000, 1.595594
0.700000, 0.200000, 1.792112
0.750000, 0.200000, 2.082540
0.800000, 0.200000, 2.376067
0.850000, 0.200000, 2.581887
0.900000, 0.200000, 2.643977
0.950000, 0.200000, 2.562596
1.000000, 0.200000, 2.394287
1.050000, 0.200000, 2.230368
1.100000, 0.200000, 2.162155
1.150000, 0.200000, 2.246170
1.200000, 0.200000, 2.482642
1.250000, 0.200000, 2.815505
1.300000, 0.200000, 3.153898
1.350000, 0.200000, 3.406944
1.400000, 0.200000, 3.518540
1.450000, 0.200000, 3.488848
1.500000, 0.200000, 3.374299
1.550000, 0.200000, 3.266091
1.600000, 0.200000, 3.255403
1.650000, 0.200000, 3.398613
1.700000, 0.200000, 3.695792
1.750000, 0.200000, 4.090709
1.800000, 0.200000, 4.492330
1.850000, 0.200000, 4.809596
1.900000, 0.200000, 4.986217
1.950000, 0.200000, 5.022163
2.000000, 0.200000, 4.973669
0.000000, 0.250000, 1.186533
0.050000, 0.250000, 0.980203
0.100000, 0.250000, 0.865354
0.150000, 0.250000, 0.898391
0.200000, 0.250000, 1.079453
0.250000, 0.250000, 1.352416
0.300000, 0.250000, 1.626383
0.350000, 0.250000, 1.810473
0.400000, 0.250000, 1.848603
0.450000, 0.250000, 1.740989
0.500000, 0.250000, 1.544138
0.550000, 0.250000, 1.349353
0.600000, 0.250000, 1.247947
0.650000, 0.250000, 1.296451
0.700000, 0.250000, 1.495121
0.750000, 0.250000, 1.787932
0.800000, 0.250000, 2.084075
0.850000, 0.250000, 2.292742
0.900000, 0.250000, 2.357910
0.950000, 0.250000, 2.279834
1.000000, 0.250000, 2.115052
1.050000, 0.250000, 1.954878
1.100000, 0.250000, 1.890621
1.150000, 0.250000, 1.978794
1.200000, 0.250000, 2.219617
1.250000, 0.250000, 2.557014
1.300000, 0.250000, 2.900113
1.350000, 0.250000, 3.158025
1.400000, 0.250000, 3.274633
1.450000, 0.250000, 3.250085
1.500000, 0.250000, 3.140799
1.550000, 0.250000, 3.037956
1.600000, 0.250000, 3.032721
1.650000, 0.250000, 3.181453
1.700000, 0.250000, 3.484209
1.750000, 0.250000, 3.884741
1.800000, 0.250000, 4.291997
1.850000, 0.250000, 4.614902
1.900000, 0.250000, 4.797148
1.950000, 0.250000, 4.838689
2.000000, 0.250000, 4.795744
0.000000, 0.300000, 0.850590
0.050000, 0.300000, 0.644182
0.100000, 0.300000, 0.529379
0.150000, 0.300000, 0.562599
0.200000, 0.300000, 0.743995
0.250000, 0.300000, 1.017453
0.300000, 0.300000, 1.292088
0.350000, 0.300000, 1.477029
0.400000, 0.300000, 1.516202
0.450000, 0.300000, 1.409829
0.500000, 0.300000, 1.214426
0.550000, 0.300000, 1.021302
0.600000, 0.300000, 0.921773
0.650000, 0.300000, 0.972376
0.700000, 0.300000, 1.173368
0.750000, 0.300000, 1.468726
0.800000, 0.300000, 1.767641
0.850000, 0.300000, 1.979304
0.900000, 0.300000, 2.047691
0.950000, 0.300000, 1.973055
1.000000, 0.300000, 1.811928
1.050000, 0.300000, 1.655621
1.100000, 0.300000, 1.595435
1.150000, 0.300000, 1.687877
1.200000, 0.300000, 1.933160
1.250000, 0.300000, 2.275198
1.300000, 0.300000, 2.623109
1.350000, 0.300000, 2.885994
1.400000, 0.300000, 3.007724
1.450000, 0.300000, 2.988437
1.500000, 0.300000, 2.884534
1.550000, 0.300000, 2.787186
1.600000, 0.300000, 2.787543
1.650000, 0.300000, 2.941949
1.700000, 0.300000, 3.250445
1.750000, 0.300000, 3.656770
1.800000, 0.300000, 4.069853
1.850000, 0.300000, 4.398605
1.900000, 0.300000, 4.586700
1.950000, 0.300000, 4.634078
2.000000, 0.300000, 4.596940
0.000000, 0.350000, 0.492601
0.050000, 0.350000, 0.286244
0.100000, 0.350000, 0.171630
0.150000, 0.350000, 0.205191
0.200000, 0.350000, 0.387089
0.250000, 0.350000, 0.661219
0.300000, 0.350000, 0.936705
0.350000, 0.350000, 1.122683
0.400000, 0.350000, 1.163087
0.450000, 0.350000, 1.058144
0.500000, 0.350000, 0.864375
0.550000, 0.350000, 0.673095
0.600000, 0.350000, 0.575623
0.650000, 0.350000, 0.628500
0.700000, 0.350000, 0.831984
0.750000, 0.350000, 1.130054
0.800000, 0.350000, 1.431903
0.850000, 0.350000, 1.646721
0.900000, 0.350000, 1.718484
0.950000, 0.350000, 1.647442
1.000000, 0.350000, 1.490126
1.050000, 0.350000, 1.337843
1.100000, 0.350000, 1.281890
1.150000, 0.350000, 1.378770
1.200000, 0.350000, 1.628687
1.250000, 0.350000, 1.975552
1.300000, 0.350000, 2.328472
1.350000, 0.350000, 2.596541
1.400000, 0.350000, 2.723618
1.450000, 0.350000, 2.709832
1.500000, 0.350000, 2.611571
1.550000, 0.350000, 2.519993
1.600000, 0.350000, 2.526234
1.650000, 0.350000, 2.686623
1.700000, 0.350000, 3.001185
1.750000, 0.350000, 3.413641
1.800000, 0.350000, 3.832904
1.850000, 0.350000, 4.167865
1.900000, 0.350000, 4.362180
1.950000, 0.350000, 4.415767
2.000000, 0.350000, 4.384807
0.000000, 0.400000, 0.118205
0.050000, 0.400000, -0.087957
0.100000, 0.400000, -0.202220
0.150000, 0.400000, -0.168146
0.200000, 0.400000, 0.014436
0.250000, 0.400000, 0.289426
0.300000, 0.400000, 0.565954
0.350000, 0.400000, 0.753162
0.400000, 0.400000, 0.794989
0.450000, 0.400000, 0.691668
0.500000, 0.400000, 0.499723
0.550000, 0.400000, 0.310472
0.600000, 0.400000, 0.215239
0.650000, 0.400000, 0.270569
0.700000, 0.400000, 0.476722
0.750000, 0.400000, 0.777681
0.800000, 0.400000, 1.082640
0.850000, 0.400000, 1.300793
0.900000, 0.400000, 1.376115
0.950000, 0.400000, 1.308859
1.000000, 0.400000, 1.155554
1.050000, 0.400000, 1.007506
1.100000, 0.400000, 0.956013
1.150000, 0.400000, 1.057571
1.200000, 0.400000, 1.312383
1.250000, 0.400000, 1.664352
1.300000, 0.400000, 2.022579
1.350000, 0.400000, 2.296148
1.400000, 0.400000, 2.428910
1.450000, 0.400000, 2.420979
1.500000, 0.400000, 2.328731
1.550000, 0.400000, 2.243308
1.600000, 0.400000, 2.255828
1.650000, 0.400000, 2.422600
1.700000, 0.400000, 2.743629
1.750000, 0.400000, 3.162612
1.800000, 0.400000, 3.588439
1.850000, 0.400000, 3.929974
1.900000, 0.400000, 4.130846
1.950000, 0.400000, 4.190946
2.000000, 0.400000, 4.166424
0.000000, 0.450000, -0.266484
0.050000, 0.450000, -0.472288
0.100000, 0.450000, -0.586024
0.150000, 0.450000, -0.551251
0.200000, 0.450000, -0.367792
0.250000, 0.450000, -0.091745
0.300000, 0.450000, 0.186025
0.350000, 0.450000, 0.374663
0.400000, 0.450000, 0.418111
0.450000, 0.450000, 0.316606
0.500000, 0.450000, 0.126677
0.550000, 0.450000, -0.060354
0.600000, 0.450000, -0.153159
0.650000, 0.450000, -0.095189
0.700000, 0.450000, 0.113824
0.750000, 0.450000, 0.417865
0.800000, 0.450000, 0.726135
0.850000, 0.450000, 0.947833
0.900000, 0.450000, 1.026937
0.950000, 0.450000, 0.963703
1.000000, 0.450000, 0.814665
1.050000, 0.450000, 0.671128
1.100000, 0.450000, 0.624390
1.150000, 0.450000, 0.730945
1.200000, 0.450000, 0.990991
1.250000, 0.450000, 1.348426
1.300000, 0.450000, 1.712340
1.350000, 0.450000, 1.991808
1.400000, 0.450000, 2.130663
1.450000, 0.450000, 2.129004
1.500000, 0.450000, 2.043186
1.550000, 0.450000, 1.964328
1.600000, 0.450000, 1.983521
1.650000, 0.450000, 2.157049
1.700000, 0.450000, 2.484883
1.750000, 0.450000, 2.910688
1.800000, 0.450000, 3.343319
1.850000, 0.450000, 3.691605
1.900000, 0.450000, 3.899137
1.950000, 0.450000, 3.965769
2.000000, 0.450000, 3.947614
0.000000, 0.500000, -0.655019
0.050000, 0.500000, -0.860287
0.100000, 0.500000, -0.973307
0.150000, 0.500000, -0.937635
0.200000, 0.500000, -0.753096
0.250000, 0.500000, -0.475785
0.300000, 0.500000, -0.196566
0.350000, 0.500000, -0.006294
0.400000, 0.500000, 0.038978
0.450000, 0.500000, -0.060511
0.500000, 0.500000, -0.248228
0.550000, 0.500000, -0.432844
0.600000, 0.500000, -0.523024
0.650000, 0.500000, -0.462213
0.700000, 0.500000, -0.250133
0.750000, 0.500000, 0.057208
0.800000, 0.500000, 0.369021
0.850000, 0.500000, 0.594511
0.900000, 0.500000, 0.677663
0.950000, 0.500000, 0.618742
1.000000, 0.500000, 0.474282
1.050000, 0.500000, 0.335593
1.100000, 0.500000, 0.293969
1.150000, 0.500000, 0.405903
1.200000, 0.500000, 0.671585
1.250000, 0.500000, 1.034899
1.300000, 0.500000, 1.404923
1.350000, 0.500000, 1.690710
1.400000, 0.500000, 1.836072
1.450000, 0.500000, 1.841080
1.500000, 0.500000, 1.762058
1.550000, 0.500000, 1.690089
1.600000, 0.500000, 1.716229
1.650000, 0.500000, 1.896718
1.700000, 0.500000, 2.231487
1.750000, 0.500000, 2.664157
1.800000, 0.500000, 3.103536
1.850000, 0.500000, 3.458411
1.900000, 0.500000, 3.672329
1.950000, 0.500000, 3.745100
2.000000, 0.500000, 3.732799
0.000000, 0.550000, -1.040782
0.050000, 0.550000, -1.245320
0.100000, 0.550000, -1.357420
0.150000, 0.550000, -1.320640
0.200000, 0.550000, -1.134807
0.250000, 0.550000, -0.856018
0.300000, 0.550000, -0.575139
0.350000, 0.550000, -0.383022
0.400000, 0.550000, -0.335721
0.450000, 0.550000, -0.432991
0.500000, 0.550000, -0.618293
0.550000, 0.550000, -0.800289
0.600000, 0.550000, -0.887635
0.650000, 0.550000, -0.823765
0.700000, 0.550000, -0.608389
0.750000, 0.550000, -0.297502
0.800000, 0.550000, 0.018118
0.850000, 0.550000, 0.247687
0.900000, 0.550000, 0.335201
0.950000, 0.550000, 0.280929
1.000000, 0.550000, 0.141410
1.050000, 0.550000, 0.007954
1.100000, 0.550000, -0.028151
1.150000, 0.550000, 0.089577
1.200000, 0.550000, 0.361315
1.250000, 0.550000, 0.730925
1.300000, 0.550000, 1.107461
1.350000, 0.550000, 1.399943
1.400000, 0.550000, 1.552147
1.450000, 0.550000, 1.564102
1.500000, 0.550000, 1.492089
1.550000, 0.550000, 1.427142
1.600000, 0.550000, 1.460266
1.650000, 0.550000, 1.647651
1.700000, 0.550000, 1.989176
1.750000, 0.550000, 2.428412
1.800000, 0.550000, 2.874120
1.850000, 0.550000, 3.235041
1.900000, 0.550000, 3.454681
1.950000, 0.550000, 3.532817
2.000000, 0.550000, 3.525494
0.000000, 0.600000, -1.417136
0.050000, 0.600000, -1.620740
0.100000, 0.600000, -1.731705
0.150000, 0.600000, -1.693596
0.200000, 0.600000, -1.506247
0.250000, 0.600000, -1.225760
0.300000, 0.600000, -0.943003
0.350000, 0.600000, -0.748830
0.400000, 0.600000, -0.699289
0.450000, 0.600000, -0.794132
0.500000, 0.600000, -0.976808
0.550000, 0.600000, -1.155971
0.600000, 0.600000, -1.240261
0.650000, 0.600000, -1.173095
0.700000, 0.600000, -0.954170
0.750000, 0.600000, -0.639461
0.800000, 0.600000, -0.319734
0.850000, 0.600000, -0.085760
0.900000, 0.600000, 0.006468
0.950000, 0.600000, -0.042779
1.000000, 0.600000, -0.176960
1.050000, 0.600000, -0.304775
1.100000, 0.600000, -0.334946
1.150000, 0.600000, -0.211012
1.200000, 0.600000, 0.067174
1.250000, 0.600000, 0.443443
1.300000, 0.600000, 0.826804
1.350000, 0.600000, 1.126234
1.400000, 0.600000, 1.285455
1.450000, 0.600000, 1.304443
1.500000, 0.600000, 1.239419
1.550000, 0.600000, 1.181361
1.600000, 0.600000, 1.221215
1.650000, 0.600000, 1.415118
1.700000, 0.600000, 1.762897
1.750000, 0.600000, 2.208078
1.800000, 0.600000, 2.659383
1.850000, 0.600000, 3.025523
1.900000, 0.600000, 3.249983
1.950000, 0.600000, 3.332528
2.000000, 0.600000, 3.329202
0.000000, 0.650000, -1.777594
0.050000, 0.650000, -1.980045
0.100000, 0.650000, -2.089649
0.150000, 0.650000, -2.049983
0.200000, 0.650000, -1.860890
0.250000, 0.650000, -1.578479
0.300000, 0.650000, -1.293624
0.350000, 0.650000, -1.097177
0.400000, 0.650000, -1.045184
0.450000, 0.650000, -1.137385
0.500000, 0.650000, -1.317220
0.550000, 0.650000, -1.493324
0.600000, 0.650000, -1.574319
0.650000, 0.650000, -1.503601
0.700000, 0.650000, -1.280847
0.750000, 0.650000, -0.962013
0.800000, 0.650000, -0.637848
0.850000, 0.650000, -0.399110
0.900000, 0.650000, -0.301789
0.950000, 0.650000, -0.345613
1.000000, 0.650000, -0.474050
1.050000, 0.650000, -0.595819
1.100000, 0.650000, -0.619668
1.150000, 0.650000, -0.489171
1.200000, 0.650000, -0.204226
1.250000, 0.650000, 0.178947
1.300000, 0.650000, 0.569300
1.350000, 0.650000, 0.875746
1.400000, 0.650000, 1.041946
1.450000, 0.650000, 1.067808
1.500000, 0.650000, 1.009492
1.550000, 0.650000, 0.957915
1.600000, 0.650000, 1.003970
1.650000, 0.650000, 1.203749
1.700000, 0.650000, 1.557043
1.750000, 0.650000, 2.007352
1.800000, 0.650000, 2.463387
1.850000, 0.650000, 2.833857
1.900000, 0.650000, 3.062260
1.950000, 0.650000, 3.148382
2.000000, 0.650000, 3.148301
0.000000, 0.700000, -2.115967
0.050000, 0.700000, -2.317035
0.100000, 0.700000, -2.425044
0.150000, 0.700000, -2.383584
0.200000, 0.700000, -2.192514
0.250000, 0.700000, -1.907951
0.300000, 0.700000, -1.620774
0.350000, 0.700000, -1.421835
0.400000, 0.700000, -1.367172
0.450000, 0.700000, -1.456515
0.500000, 0.700000, -1.633283
0.550000, 0.700000, -1.806091
0.600000, 0.700000, -1.883535
0.650000, 0.700000, -1.808989
0.700000, 0.700000, -1.582102
0.750000, 0.700000, -1.258813
0.800000, 0.700000, -0.929853
0.850000, 0.700000, -0.685975
0.900000, 0.700000, -0.583169
0.950000, 0.700000, -0.621173
1.000000, 0.700000, -0.743480
1.050000, 0.700000, -0.858840
1.100000, 0.700000, -0.876047
1.150000, 0.700000, -0.738729
1.200000, 0.700000, -0.446845
1.250000, 0.700000, -0.056685
1.300000, 0.700000, 0.340635
1.350000, 0.700000, 0.653953
1.400000, 0.700000, 0.826861
1.450000, 0.700000, 0.859200
1.500000, 0.700000, 0.807075
1.550000, 0.700000, 0.761356
1.600000, 0.700000, 0.812903
1.650000, 0.700000, 1.017786
1.700000, 0.700000, 1.375792
1.750000, 0.700000, 1.830430
1.800000, 0.700000, 2.290437
1.850000, 0.700000, 2.664557
1.900000, 0.700000, 2.896336
1.950000, 0.700000, 2.985618
2.000000, 0.700000, 2.988542
0.000000, 0.750000, -2.426516
0.050000, 0.750000, -2.625964
0.100000, 0.750000, -2.732135
0.150000, 0.750000, -2.688640
0.200000, 0.750000, -2.495355
0.250000, 0.750000, -2.208408
0.300000, 0.750000, -1.918685
0.350000, 0.750000, -1.717033
0.400000, 0.750000, -1.659481
0.450000, 0.750000, -1.745741
0.500000, 0.750000, -1.919209
0.550000, 0.750000, -2.088471
0.600000, 0.750000, -2.162095
0.650000, 0.750000, -2.083423
0.700000, 0.750000, -1.852081
0.750000, 0.750000, -1.523986
0.800000, 0.750000, -1.189863
0.850000, 0.750000, -0.940461
0.900000, 0.750000, -0.831785
0.950000, 0.750000, -0.863600
1.000000, 0.750000, -0.979440
1.050000, 0.750000, -1.088107
1.100000, 0.750000, -1.098460
1.150000, 0.750000, -0.954199
1.200000, 0.750000, -0.655360
1.250000, 0.750000, -0.258314
1.300000, 0.750000, 0.145743
1.350000, 0.750000, 0.465579
1.400000, 0.750000, 0.644720
1.450000, 0.750000, 0.682960
1.500000, 0.750000, 0.636365
1.550000, 0.750000, 0.595790
1.600000, 0.750000, 0.652094
1.650000, 0.750000, 0.861365
1.700000, 0.750000, 1.223427
1.750000, 0.750000, 1.681839
1.800000, 0.750000, 2.145398
1.850000, 0.750000, 2.522918
1.900000, 0.750000, 2.758018
1.950000, 0.750000, 2.850612
2.000000, 0.750000, 2.856901
0.000000, 0.800000, -2.704089
0.050000, 0.800000, -2.901670
0.100000, 0.800000, -3.005755
0.150000, 0.800000, -2.959980
0.200000, 0.800000, -2.764239
0.250000, 0.800000, -2.474677
0.300000, 0.800000, -2.182182
0.350000, 0.800000, -1.977596
0.400000, 0.800000, -1.916934
0.450000, 0.800000, -1.999883
0.500000, 0.800000, -2.169809
0.550000, 0.800000, -2.335264
0.600000, 0.800000, -2.404780
0.650000, 0.800000, -2.321670
0.700000, 0.800000, -2.085534
0.750000, 0.800000, -1.752275
0.800000, 0.800000, -1.412614
0.850000, 0.800000, -1.157318
0.900000, 0.800000, -1.042421
0.950000, 0.800000, -1.067733
1.000000, 0.800000, -1.176850
1.050000, 0.800000, -1.278648
1.100000, 0.800000, -1.282069
1.150000, 0.800000, -1.130901
1.200000, 0.800000, -0.825268
1.250000, 0.800000, -0.421623
1.300000, 0.800000, -0.011236
1.350000, 0.800000, 0.314602
1.400000, 0.800000, 0.499376
1.450000, 0.800000, 0.542860
1.500000, 0.800000, 0.501123
1.550000, 0.800000, 0.465042
1.600000, 0.800000, 0.525520
1.650000, 0.800000, 0.738708
1.700000, 0.800000, 1.104503
1.750000, 0.800000, 1.566544
1.800000, 0.800000, 2.033711
1.850000, 0.800000, 2.414898
1.900000, 0.800000, 2.653788
1.950000, 0.800000, 2.750345
2.000000, 0.800000, 2.760800
0.000000, 0.850000, -2.944243
0.050000, 0.850000, -3.139706
0.100000, 0.850000, -3.241451
0.150000, 0.850000, -3.193147
0.200000, 0.850000, -2.994711
0.250000, 0.850000, -2.702301
0.300000, 0.850000, -2.406809
0.350000, 0.850000, -2.199069
0.400000, 0.850000, -2.135072
0.450000, 0.850000, -2.214477
0.500000, 0.850000, -2.380610
0.550000, 0.850000, -2.541986
0.600000, 0.850000, -2.607097
0.650000, 0.850000, -2.519224
0.700000, 0.850000, -2.277946
0.750000, 0.850000, -1.939164
0.800000, 0.850000, -1.593609
0.850000, 0.850000, -1.332081
0.900000, 0.850000, -1.210663
0.950000, 0.850000, -1.229237
1.000000, 0.850000, -1.331481
1.050000, 0.850000, -1.426364
1.100000, 0.850000, -1.422925
1.150000, 0.850000, -1.265047
1.200000, 0.850000, -0.952943
1.250000, 0.850000, -0.543137
1.300000, 0.850000, -0.126953
1.350000, 0.850000, 0.204291
1.400000, 0.850000, 0.394078
1.450000, 0.850000, 0.442202
1.500000, 0.850000, 0.404783
1.550000, 0.850000, 0.372765
1.600000, 0.850000, 0.437138
1.650000, 0.850000, 0.654145
1.700000, 0.850000, 1.023776
1.750000, 0.850000, 1.489759
1.800000, 0.850000, 1.961046
1.850000, 0.850000, 2.346578
1.900000, 0.850000, 2.590063
1.950000, 0.850000, 2.691453
2.000000, 0.850000, 2.706936
0.000000, 0.900000, -3.143349
0.050000, 0.900000, -3.336436
0.100000, 0.900000, -3.435586
0.150000, 0.900000, -3.384503
0.200000, 0.900000, -3.183131
0.250000, 0.900000, -2.887644
0.300000, 0.900000, -2.588933
0.350000, 0.900000, -2.377817
0.400000, 0.900000, -2.310261
0.450000, 0.900000, -2.385883
0.500000, 0.900000, -2.547968
0.550000, 0.900000, -2.704982
0.600000, 0.900000, -2.765380
0.650000, 0.900000, -2.672413
0.700000, 0.900000, -2.425650
0.750000, 0.900000, -2.080998
0.800000, 0.900000, -1.729222
0.850000, 0.900000, -1.461174
0.900000, 0.900000, -1.333013
0.950000, 0.900000, -1.344713
1.000000, 0.900000, -1.440055
1.050000, 0.900000, -1.528115
1.100000, 0.900000, -1.518036
1.150000, 0.900000, -1.353791
1.200000, 0.900000, -1.035664
1.250000, 0.900000, -0.620226
1.300000, 0.900000, -0.198815
1.350000, 0.900000, 0.137264
1.400000, 0.900000, 0.331539
1.450000, 0.900000, 0.383880
1.500000, 0.900000, 0.350495
1.550000, 0.900000, 0.322437
1.600000, 0.900000, 0.390802
1.650000, 0.900000, 0.611932
1.700000, 0.900000, 0.985900
1.750000, 0.900000, 1.456491
1.800000, 0.900000, 1.932675
1.850000, 0.900000, 2.323377
1.900000, 0.900000, 2.572248
1.950000, 0.900000, 2.679145
2.000000, 0.900000, 2.700128
0.000000, 0.950000, -3.298676
0.050000, 0.950000, -3.489127
0.100000, 0.950000, -3.585425
0.150000, 0.950000, -3.531314
0.200000, 0.950000, -3.326769
0.250000, 0.950000, -3.027977
0.300000, 0.950000, -2.725826
0.350000, 0.950000, -2.511116
0.400000, 0.950000, -2.439775
0.450000, 0.950000, -2.511374
0.500000, 0.950000, -2.669147
0.550000, 0.950000, -2.821511
0.600000, 0.950000, -2.876884
0.650000, 0.950000, -2.778494
0.700000, 0.950000, -2.525912
0.750000, 0.950000, -2.175071
0.800000, 0.950000, -1.816792
0.850000, 0.950000, -1.542005
0.900000, 0.950000, -1.406971
0.950000, 0.950000, -1.411774
1.000000, 0.950000, -1.500314
1.050000, 0.950000, -1.581777
1.100000, 0.950000, -1.565403
1.150000, 0.950000, -1.395237
1.200000, 0.950000, -1.071601
1.250000, 0.950000, -0.651071
1.300000, 0.950000, -0.224952
1.350000, 0.950000, 0.115519
1.400000, 0.950000, 0.313965
1.450000, 0.950000, 0.370369
1.500000, 0.950000, 0.341063
1.550000, 0.950000, 0.317216
1.600000, 0.950000, 0.390023
1.650000, 0.950000, 0.615895
1.700000, 0.950000, 0.994936
1.750000, 0.950000, 1.470913
1.800000, 0.950000, 1.952735
1.850000, 0.950000, 2.349220
1.900000, 0.950000, 2.603870
1.950000, 0.950000, 2.716369
2.000000, 0.950000, 2.742591
0.000000, 1.000000, -3.408455
0.050000, 1.000000, -3.596007
0.100000, 1.000000, -3.689196
0.150000, 1.000000, -3.631811
0.200000, 1.000000, -3.423858
0.250000, 1.000000, -3.121538
0.300000, 1.000000, -2.815732
0.350000, 1.000000, -2.597211
0.400000, 1.000000, -2.521859
0.450000, 1.000000, -2.589192
0.500000, 1.000000, -2.742386
0.550000, 1.000000, -2.889809
0.600000, 1.000000, -2.939844
0.650000, 1.000000, -2.835711
0.700000, 1.000000, -2.576998
0.750000, 1.000000, -2.219691
0.800000, 1.000000, -1.854689
0.850000, 1.000000, -1.573028
0.900000, 1.000000, -1.431092
0.950000, 1.000000, -1.429093
1.000000, 1.000000, -1.511051
1.050000, 1.000000, -1.586257
1.100000, 1.000000, -1.564023
1.150000, 1.000000, -1.388430
1.200000, 1.000000, -1.059793
1.250000, 1.000000, -0.634639
1.300000, 1.000000, -0.204186
1.350000, 1.000000, 0.140447
1.400000, 1.000000, 0.343017
1.450000, 1.000000, 0.403643
1.500000, 1.000000, 0.378779
1.550000, 1.000000, 0.359687
1.600000, 1.000000, 0.437610
1.650000, 1.000000, 0.668961
1.700000, 1.000000, 1.053786
1.750000, 1.000000, 1.535741
1.800000, 1.000000, 2.023577
1.850000, 1.000000, 2.425921
1.900000, 1.000000, 2.686066
1.950000, 1.000000, 2.803487
2.000000, 1.000000, 2.833876
0.000000, 1.050000, -3.471916
0.050000, 1.050000, -3.656308
0.100000, 1.050000, -3.746133
0.150000, 1.050000, -3.685230
0.200000, 1.050000, -3.473640
0.250000, 1.050000, -3.167575
0.300000, 1.050000, -2.857903
0.350000, 1.050000, -2.635358
0.400000, 1.050000, -2.555769
0.450000, 1.050000, -2.618591
0.500000, 1.050000, -2.766938
0.550000, 1.050000, -2.909129
0.600000, 1.050000, -2.953522
0.650000, 1.050000, -2.843342
0.700000, 1.050000, -2.578221
0.750000, 1.050000, -2.214221
0.800000, 1.050000, -1.842350
0.850000, 1.050000, -1.553774
0.900000, 1.050000, -1.405015
0.950000, 1.050000, -1.396420
1.000000, 1.050000, -1.472121
1.050000, 1.050000, -1.541487
1.100000, 1.050000, -1.513867
1.150000, 1.050000, -1.333325
1.200000, 1.050000, -1.000116
1.250000, 1.050000, -0.570657
1.300000, 1.050000, -0.136031
1.350000, 1.050000, 0.212796
1.400000, 1.050000, 0.419729
1.450000, 1.050000, 0.485011
1.500000, 1.050000, 0.465182
1.550000, 1.050000, 0.451529
1.600000, 1.050000, 0.535264
1.650000, 1.050000, 0.772696
1.700000, 1.050000, 1.163715
1.750000, 1.050000, 1.651775
1.800000, 1.050000, 2.145396
1.850000, 1.050000, 2.552973
1.900000, 1.050000, 2.817590
1.950000, 1.050000, 2.938561
2.000000, 1.050000, 2.971478
0.000000, 1.100000, -3.489303
0.050000, 1.100000, -3.670275
0.100000, 1.100000, -3.756484
0.150000, 1.100000, -3.691825
0.200000, 1.100000, -3.476375
0.250000, 1.100000, -3.166355
0.300000, 1.100000, -2.852612
0.350000, 1.100000, -2.625833
0.400000, 1.100000, -2.541786
0.450000, 1.100000, -2.599853
0.500000, 1.100000, -2.743085
0.550000, 1.100000, -2.879757
0.600000, 1.100000, -2.918216
0.650000, 1.100000, -2.801714
0.700000, 1.100000, -2.529951
0.750000, 1.100000, -2.159096
0.800000, 1.100000, -1.780293
0.850000, 1.100000, -1.484858
0.900000, 1.100000, -1.329458
0.950000, 1.100000, -1.314568
1.000000, 1.100000, -1.384409
1.050000, 1.100000, -1.448389
1.100000, 1.100000, -1.415838
1.150000, 1.100000, -1.230747
1.200000, 1.100000, -0.893247
1.250000, 1.100000, -0.459600
1.300000, 1.100000, -0.020718
1.350000, 1.100000, 0.332592
1.400000, 1.100000, 0.544363
1.450000, 1.100000, 0.614912
1.500000, 1.100000, 0.600783
1.550000, 1.100000, 0.593195
1.600000, 1.100000, 0.683217
1.650000, 1.100000, 0.926959
1.700000, 1.100000, 1.324064
1.750000, 1.100000, 1.817729
1.800000, 1.100000, 2.316236
1.850000, 1.100000, 2.727780
1.900000, 1.100000, 2.995322
1.950000, 1.100000, 3.118138
2.000000, 1.100000, 3.151881
0.000000, 1.150000, -3.461863
0.050000, 1.150000, -3.639157
0.100000, 1.150000, -3.721504
0.150000, 1.150000, -3.652859
0.200000, 1.150000, -3.433335
0.250000, 1.150000, -3.119157
0.300000, 1.150000, -2.801143
0.350000, 1.150000, -2.569928
0.400000, 1.150000, -2.481202
0.450000, 1.150000, -2.534272
0.500000, 1.150000, -2.672125
0.550000, 1.150000, -2.803002
0.600000, 1.150000, -2.835256
0.650000, 1.150000, -2.712192
0.700000, 1.150000, -2.433608
0.750000, 1.150000, -2.055809
0.800000, 1.150000, -1.670099
0.850000, 1.150000, -1.367954
0.900000, 1.150000, -1.206188
0.950000, 1.150000, -1.185376
1.000000, 1.150000, -1.249790
1.050000, 1.150000, -1.308822
1.100000, 1.150000, -1.271721
1.150000, 1.150000, -1.082343
1.200000, 1.150000, -0.740645
1.250000, 1.150000, -0.302700
1.300000, 1.150000, 0.140752
1.350000, 1.150000, 0.499035
1.400000, 1.150000, 0.716248
1.450000, 1.150000, 0.792693
1.500000, 1.150000, 0.784813
1.550000, 1.150000, 0.783645
1.600000, 1.150000, 0.880015
1.650000, 1.150000, 1.129756
1.700000, 1.150000, 1.532234
1.750000, 1.150000, 2.030406
1.800000, 1.150000, 2.532380
1.850000, 1.150000, 2.946277
1.900000, 1.150000, 3.215089
1.950000, 1.150000, 3.338239
2.000000, 1.150000, 3.371619
0.000000, 1.200000, -3.391811
0.050000, 1.200000, -3.565176
0.100000, 1.200000, -3.643420
0.150000, 1.200000, -3.570566
0.200000, 1.200000, -3.346761
0.250000, 1.200000, -3.028232
0.300000, 1.200000, -2.705759
0.350000, 1.200000, -2.469908
0.400000, 1.200000, -2.376288
0.450000, 1.200000, -2.424123
0.500000, 1.200000, -2.556342
0.550000, 1.200000, -2.681163
0.600000, 1.200000, -2.706968
0.650000, 1.200000, -2.577145
0.700000, 1.200000, -2.291622
0.750000, 1.200000, -1.906869
0.800000, 1.200000, -1.514364
0.850000, 1.200000, -1.205748
0.900000, 1.200000, -1.037959
0.950000, 1.200000, -1.011639
1.000000, 1.200000, -1.071052
1.050000, 1.200000, -1.125511
1.100000, 1.200000, -1.084119
1.150000, 1.200000, -0.890543
1.200000, 1.200000, -0.544532
1.250000, 1.200000, -0.101973
1.300000, 1.200000, 0.346535
1.350000, 1.200000, 0.710378
1.400000, 1.200000, 0.933623
1.450000, 1.200000, 1.016441
1.500000, 1.200000, 1.015057
1.550000, 1.200000, 1.020231
1.600000, 1.200000, 1.122481
1.650000, 1.200000, 1.377348
1.700000, 1.200000, 1.783967
1.750000, 1.200000, 2.285154
1.800000, 1.200000, 2.788995
1.850000, 1.200000, 3.203718
1.900000, 1.200000, 3.472541
1.950000, 1.200000, 3.595201
2.000000, 1.200000, 3.627961
0.000000, 1.250000, -3.282270
0.050000, 1.250000, -3.451459
0.100000, 1.250000, -3.525370
0.150000, 1.250000, -3.448092
0.200000, 1.250000, -3.219813
0.250000, 1.250000, -2.896749
0.300000, 1.250000, -2.569635
0.350000, 1.250000, -2.328958
0.400000, 1.250000, -2.230234
0.450000, 1.250000, -2.272604
0.500000, 1.250000, -2.398942
0.550000, 1.250000, -2.517467
0.600000, 1.250000, -2.536614
0.650000, 1.250000, -2.399887
0.700000, 1.250000, -2.107376
0.750000, 1.250000, -1.715737
0.800000, 1.250000, -1.316634
0.850000, 1.250000, -1.001857
0.900000, 1.250000, -0.828435
0.950000, 1.250000, -0.797023
1.000000, 1.250000, -0.851812
1.050000, 1.250000, -0.901967
1.100000, 1.250000, -0.856387
1.150000, 1.250000, -0.658513
1.200000, 1.250000, -0.307888
1.250000, 1.250000, 0.139756
1.300000, 1.250000, 0.593883
1.350000, 1.250000, 0.963836
1.400000, 1.250000, 1.193528
1.450000, 1.250000, 1.282884
1.500000, 1.250000, 1.287814
1.550000, 1.250000, 1.298745
1.600000, 1.250000, 1.405894
1.650000, 1.250000, 1.664580
1.700000, 1.250000, 2.073831
1.750000, 1.250000, 2.576499
1.800000, 1.250000, 3.080848
1.850000, 1.250000, 3.495405
1.900000, 1.250000, 3.763766
1.950000, 1.250000, 3.886078
2.000000, 1.250000, 3.918975
0.000000, 1.300000, -3.137189
0.050000, 1.300000, -3.301965
0.100000, 1.300000, -3.371319
0.150000, 1.300000, -3.289417
0.200000, 1.300000, -3.056479
0.250000, 1.300000, -2.728709
0.300000, 1.300000, -2.396783
0.350000, 1.300000, -2.151097
0.400000, 1.300000, -2.047065
0.450000, 1.300000, -2.083748
0.500000, 1.300000, -2.203977
0.550000, 1.300000, -2.315990
0.600000, 1.300000, -2.328311
0.650000, 1.300000, -2.184592
0.700000, 1.300000, -1.885115
0.750000, 1.300000, -1.486738
0.800000, 1.300000, -1.081306
0.850000, 1.300000, -0.760731
0.900000, 1.300000, -0.582083
0.950000, 1.300000, -0.545962
1.000000, 1.300000, -0.596417
1.050000, 1.300000, -0.642399
1.100000, 1.300000, -0.592563
1.150000, 1.300000, -0.390120
1.200000, 1.300000, -0.034438
1.250000, 1.300000, 0.418824
1.300000, 1.300000, 0.879087
1.350000, 1.300000, 1.255523
1.400000, 1.300000, 1.491771
1.450000, 1.300000, 1.587410
1.500000, 1.300000, 1.597996
1.550000, 1.300000, 1.613640
1.600000, 1.300000, 1.724347
1.650000, 1.300000, 1.985364
1.700000, 1.300000, 2.395807
1.750000, 1.300000, 2.898771
1.800000, 1.300000, 3.402887
1.850000, 1.300000, 3.817113
1.900000, 1.300000, 4.085475
1.950000, 1.300000, 4.208475
2.000000, 1.300000, 4.242964
0.000000, 1.350000, -2.961242
0.050000, 1.350000, -3.121376
0.100000, 1.350000, -3.185964
0.150000, 1.350000, -3.099247
0.200000, 1.350000, -2.861479
0.250000, 1.350000, -2.528844
0.300000, 1.350000, -2.191945
0.350000, 1.350000, -1.941075
0.400000, 1.350000, -1.831543
0.450000, 1.350000, -1.862327
0.500000, 1.350000, -1.976237
0.550000, 1.350000, -2.081555
0.600000, 1.350000, -2.086929
0.650000, 1.350000, -1.936193
0.700000, 1.350000, -1.629844
0.750000, 1.350000, -1.224950
0.800000, 1.350000, -0.813515
0.850000, 1.350000, -0.487534
0.900000, 1.350000, -0.304051
0.950000, 1.350000, -0.263539
1.000000, 1.350000, -0.309831
1.050000, 1.350000, -0.351619
1.100000, 1.350000, -0.297300
1.150000, 1.350000, -0.089884
1.200000, 1.350000, 0.271358
1.250000, 1.350000, 0.730730
1.300000, 1.350000, 1.197476
1.350000, 1.350000, 1.580473
1.400000, 1.350000, 1.822987
1.450000, 1.350000, 1.924214
1.500000, 1.350000, 1.939382
1.550000, 1.350000, 1.958394
1.600000, 1.350000, 2.071211
1.650000, 1.350000, 2.333215
1.700000, 1.350000, 2.743826
1.750000, 1.350000, 3.246564
1.800000, 1.350000, 3.750531
1.850000, 1.350000, 4.165126
1.900000, 1.350000, 4.434701
1.950000, 1.350000, 4.559905
2.000000, 1.350000, 4.597524
0.000000, 1.400000, -2.759709
0.050000, 1.400000, -2.914985
0.100000, 1.400000, -2.974606
0.150000, 1.400000, -2.882898
0.200000, 1.400000, -2.640144
0.250000, 1.400000, -2.302497
0.300000, 1.400000, -1.960476
0.350000, 1.400000, -1.704258
0.400000, 1.400000, -1.589042
0.450000, 1.400000, -1.613733
0.500000, 1.400000, -1.721135
0.550000, 1.400000, -1.819612
0.600000, 1.400000, -1.817968
0.650000, 1.400000, -1.660254
0.700000, 1.400000, -1.347197
0.750000, 1.400000, -0.936069
0.800000, 1.400000, -0.519002
0.850000, 1.400000, -0.188009
0.900000, 1.400000, -0.000037
0.950000, 1.400000, 0.044646
1.000000, 1.400000, 0.002478
1.050000, 1.400000, -0.034947
1.100000, 1.400000, 0.024209
1.150000, 1.400000, 0.237068
1.200000, 1.400000, 0.604342
1.250000, 1.400000, 1.070162
1.300000, 1.400000, 1.543463
1.350000, 1.400000, 1.932726
1.400000, 1.400000, 2.180804
1.450000, 1.400000, 2.286547
1.500000, 1.400000, 2.304968
1.550000, 1.400000, 2.325947
1.600000, 1.400000, 2.439618
1.650000, 1.400000, 2.701719
1.700000, 1.400000, 3.112147
1.750000, 1.400000, 3.614926
1.800000, 1.400000, 4.119606
1.850000, 1.400000, 4.535876
1.900000, 1.400000, 4.808161
1.950000, 1.400000, 4.936941
2.000000, 1.400000, 4.978614
0.000000, 1.450000, -2.538340
0.050000, 1.450000, -2.688552
0.100000, 1.450000, -2.743022
0.150000, 1.450000, -2.646162
0.200000, 1.450000, -2.398281
0.250000, 1.450000, -2.055489
0.300000, 1.450000, -1.708208
0.350000, 1.450000, -1.446489
0.400000, 1.450000, -1.325418
0.450000, 1.450000, -1.343837
0.500000, 1.450000, -1.444572
0.550000, 1.450000, -1.536101
0.600000, 1.450000, -1.527425
0.650000, 1.450000, -1.362836
0.700000, 1.450000, -1.043302
0.750000, 1.450000, -0.626274
0.800000, 1.450000, -0.203962
0.850000, 1.450000, 0.131671
0.900000, 1.450000, 0.323859
0.950000, 1.450000, 0.372606
1.000000, 1.450000, 0.334659
1.050000, 1.450000, 0.301891
1.100000, 1.450000, 0.366314
1.150000, 1.450000, 0.585069
1.200000, 1.450000, 0.958715
1.250000, 1.450000, 1.431072
1.300000, 1.450000, 1.910658
1.350000, 1.450000, 2.305508
1.400000, 1.450000, 2.558102
1.450000, 1.450000, 2.667060
1.500000, 1.450000, 2.687377
1.550000, 1.450000, 2.709136
1.600000, 1.450000, 2.822870
1.650000, 1.450000, 3.084838
1.700000, 1.450000, 3.495476
1.750000, 1.450000, 3.999259
1.800000, 1.450000, 4.505990
1.850000, 1.450000, 4.925363
1.900000, 1.450000, 5.201539
1.950000, 1.450000, 5.334507
2.000000, 1.450000, 5.380045
0.000000, 1.500000, -2.303213
0.050000, 1.500000, -2.448169
0.100000, 1.500000, -2.497317
0.150000, 1.500000, -2.395159
0.200000, 1.500000, -2.142024
0.250000, 1.500000, -1.793970
0.300000, 1.500000, -1.441305
0.350000, 1.500000, -1.173944
0.400000, 1.500000, -1.046859
0.450000, 1.500000, -1.058848
0.500000, 1.500000, -1.152788
0.550000, 1.500000, -1.237309
0.600000, 1.500000, -1.221643
0.650000, 1.500000, -1.050347
0.700000, 1.500000, -0.724621
0.750000, 1.500000, -0.302063
0.800000, 1.500000, 0.125107
0.850000, 1.500000, 0.465058
0.900000, 1.500000, 0.661281
0.950000, 1.500000, 0.714106
1.000000, 1.500000, 0.680601
1.050000, 1.500000, 0.652867
1.100000, 1.500000, 0.722991
1.150000, 1.500000, 0.947995
1.200000, 1.500000, 1.328137
1.250000, 1.500000, 1.806808
1.300000, 1.500000, 2.292049
1.350000, 1.500000, 2.691482
1.400000, 1.500000, 2.947329
1.450000, 1.500000, 3.058183
1.500000, 1.500000, 3.079256
1.550000, 1.500000, 3.101065
1.600000, 1.500000, 3.214704
1.650000, 1.500000, 3.477007
1.700000, 1.500000, 3.888864
1.750000, 1.500000, 4.394981
1.800000, 1.500000, 4.905103
1.850000, 1.500000, 5.328574
1.900000, 1.500000, 5.608978
1.950000, 1.500000, 5.745620
2.000000, 1.500000, 5.793630
0.000000, 1.550000, -2.060574
0.050000, 1.550000, -2.200097
0.100000, 1.550000, -2.243770
0.150000, 1.550000, -2.136184
0.200000, 1.550000, -1.877686
0.250000, 1.550000, -1.524267
0.300000, 1.550000, -1.166107
0.350000, 1.550000, -0.892976
0.400000, 1.550000, -0.759737
0.450000, 1.550000, -0.765161
0.500000, 1.550000, -0.852211
0.550000, 1.550000, -0.929710
0.600000, 1.550000, -0.907155
0.650000, 1.550000, -0.729378
0.700000, 1.550000, -0.397794
0.750000, 1.550000, 0.029908
0.800000, 1.550000, 0.461571
0.850000, 1.550000, 0.805586
0.900000, 1.550000, 1.005769
0.950000, 1.550000, 1.062805
1.000000, 1.550000, 1.034055
1.050000, 1.550000, 1.011761
1.100000, 1.550000, 1.087949
1.150000, 1.550000, 1.319373
1.200000, 1.550000, 1.705857
1.250000, 1.550000, 2.190285
1.300000, 1.550000, 2.680239
1.350000, 1.550000, 3.083040
1.400000, 1.550000, 3.340854
1.450000, 1.550000, 3.452488
1.500000, 1.550000, 3.473611
1.550000, 1.550000, 3.495339
1.600000, 1.550000, 3.609378
1.650000, 1.550000, 3.873032
1.700000, 1.550000, 4.287411
1.750000, 1.550000, 4.797112
1.800000, 1.550000, 5.311460
1.850000, 1.550000, 5.739145
1.900000, 1.550000, 6.023013
1.950000, 1.550000, 6.161719
2.000000, 1.550000, 6.209989
0.000000, 1.600000, -1.816688
0.050000, 1.600000, -1.950616
0.100000, 1.600000, -1.988675
0.150000, 1.600000, -1.875551
0.200000, 1.600000, -1.611597
0.250000, 1.600000, -1.252726
0.300000, 1.600000, -0.888974
0.350000, 1.600000, -0.609959
0.400000, 1.600000, -0.470441
0.450000, 1.600000, -0.469191
0.500000, 1.600000, -0.549295
0.550000, 1.600000, -0.619810
0.600000, 1.600000, -0.590525
0.650000, 1.600000, -0.406546
0.700000, 1.600000, -0.069471
0.750000, 1.600000, 0.362988
0.800000, 1.600000, 0.798826
0.850000, 1.600000, 1.146735
0.900000, 1.600000, 1.350909
0.950000, 1.600000, 1.412388
1.000000, 1.600000, 1.388754
1.050000, 1.600000, 1.372271
1.100000, 1.600000, 1.454747
1.150000, 1.600000, 1.692519
1.200000, 1.600000, 2.084883
1.250000, 1.600000, 2.574211
1.300000, 1.600000, 3.067723
1.350000, 1.600000, 3.472634
1.400000, 1.600000, 3.731301
1.450000, 1.600000, 3.842998
1.500000, 1.600000, 3.864027
1.550000, 1.600000, 3.886154
1.600000, 1.600000, 4.001590
1.650000, 1.600000, 4.267860
1.700000, 1.600000, 4.685933
1.750000, 1.600000, 5.199930
1.800000, 1.600000, 5.718456
1.850000, 1.600000, 6.149418
1.900000, 1.600000, 6.435007
1.950000, 1.600000, 6.573524
2.000000, 1.600000, 6.619754
0.000000, 1.650000, -1.577673
0.050000, 1.650000, -1.705862
0.100000, 1.650000, -1.738188
0.150000, 1.650000, -1.619431
0.200000, 1.650000, -1.349948
0.250000, 1.650000, -0.985554
0.300000, 1.650000, -0.616128
0.350000, 1.650000, -0.331130
0.400000, 1.650000, -0.185229
0.450000, 1.650000, -0.177224
0.500000, 1.650000, -0.250366
0.550000, 1.650000, -0.313985
0.600000, 1.650000, -0.278182
0.650000, 1.650000, -0.088328
0.700000, 1.650000, 0.253851
0.750000, 1.650000, 0.690699
0.800000, 1.650000, 1.130454
0.850000, 1.650000, 1.482182
0.900000, 1.650000, 1.690479
0.950000, 1.650000, 1.756700
1.000000, 1.650000, 1.738545
1.050000, 1.650000, 1.728144
1.100000, 1.650000, 1.816929
1.150000, 1.650000, 2.060700
1.200000, 1.650000, 2.458191
1.250000, 1.650000, 2.951337
1.300000, 1.650000, 3.447179
1.350000, 1.650000, 3.853077
1.400000, 1.650000, 4.111843
1.450000, 1.650000, 4.223406
1.500000, 1.650000, 4.244769
1.550000, 1.650000, 4.268248
1.600000, 1.650000, 4.386300
1.650000, 1.650000, 4.656300
1.700000, 1.650000, 5.078700
1.750000, 1.650000, 5.596844
1.800000, 1.650000, 6.118509
1.850000, 1.650000, 6.550934
1.900000, 1.650000, 6.835998
1.950000, 1.650000, 6.972152
2.000000, 1.650000, 7.014782
0.000000, 1.700000, -1.349353
0.050000, 1.700000, -1.471675
0.100000, 1.700000, -1.498167
0.150000, 1.700000, -1.373704
0.200000, 1.700000, -1.098635
0.250000, 1.700000, -0.728663
0.300000, 1.700000, -0.353497
0.350000, 1.700000, -0.062434
0.400000, 1.700000, 0.089935
0.450000, 1.700000, 0.104744
0.500000, 1.700000, 0.038537
0.550000, 1.700000, -0.018325
0.600000, 1.700000, 0.023732
0.650000, 1.700000, 0.219100
0.700000, 1.700000, 0.565991
0.750000, 1.700000, 1.006895
0.800000, 1.700000, 1.450383
0.850000, 1.700000, 1.805947
0.900000, 1.700000, 2.018582
0.950000, 1.700000, 2.089875
1.000000, 1.700000, 2.077504
1.050000, 1.700000, 2.073297
1.100000, 1.700000, 2.168168
1.150000, 1.700000, 2.417312
1.200000, 1.700000, 2.818944
1.250000, 1.700000, 3.314723
1.300000, 1.700000, 3.811756
1.350000, 1.700000, 4.217823
1.400000, 1.700000, 4.476404
1.450000, 1.700000, 4.588178
1.500000, 1.700000, 4.610760
1.550000, 1.700000, 4.636762
1.600000, 1.700000, 4.758508
1.650000, 1.700000, 5.032834
1.700000, 1.700000, 5.459370
1.750000, 1.700000, 5.980580
1.800000, 1.700000, 6.503548
1.850000, 1.700000, 6.935227
1.900000, 1.700000, 7.217715
1.950000, 1.700000, 7.350162
2.000000, 1.700000, 7.388958
0.000000, 1.750000, -1.137108
0.050000, 1.750000, -1.253456
0.100000, 1.750000, -1.274031
0.150000, 1.750000, -1.143807
0.200000, 1.750000, -0.863114
0.250000, 1.750000, -0.487528
0.300000, 1.750000, -0.106570
0.350000, 1.750000, 0.190625
0.400000, 1.750000, 0.349521
0.450000, 1.750000, 0.371153
0.500000, 1.750000, 0.311810
0.550000, 1.750000, 0.261514
0.600000, 1.750000, 0.309515
0.650000, 1.750000, 0.510013
0.700000, 1.750000, 0.861233
0.750000, 1.750000, 1.305911
0.800000, 1.750000, 1.753027
0.850000, 1.750000, 2.112533
0.900000, 1.750000, 2.329776
0.950000, 1.750000, 2.406455
1.000000, 1.750000, 2.400062
1.050000, 1.750000, 2.401959
1.100000, 1.750000, 2.502437
1.150000, 1.750000, 2.756087
1.200000, 1.750000, 3.160733
1.250000, 1.750000, 3.657993
1.300000, 1.750000, 4.155324
1.350000, 1.750000, 4.561164
1.400000, 1.750000, 4.819787
1.450000, 1.750000, 4.932564
1.500000, 1.750000, 4.957480
1.550000, 1.750000, 4.987066
1.600000, 1.750000, 5.113107
1.650000, 1.750000, 5.391582
1.700000, 1.750000, 5.821183
1.750000, 1.750000, 6.343643
1.800000, 1.750000, 6.865756
1.850000, 1.750000, 7.294738
1.900000, 1.750000, 7.573464
1.950000, 1.750000, 7.702171
2.000000, 1.750000, 7.738342
0.000000, 1.800000, -0.945742
0.050000, 1.800000, -1.056026
0.100000, 1.800000, -1.070622
0.150000, 1.800000, -0.934602
0.200000, 1.800000, -0.648266
0.250000, 1.800000, -0.267045
0.300000, 1.800000, 0.119741
0.350000, 1.800000, 0.423116
0.400000, 1.800000, 0.588575
0.450000, 1.800000, 0.617011
0.500000, 1.800000, 0.564417
0.550000, 1.800000, 0.520449
0.600000, 1.800000, 0.574048
0.650000, 1.800000, 0.779275
0.700000, 1.800000, 1.134467
0.750000, 1.800000, 1.582696
0.800000, 1.800000, 2.033422
0.850000, 1.800000, 2.397047
0.900000, 1.800000, 2.619187
0.950000, 1.800000, 2.701504
1.000000, 1.800000, 2.701126
1.050000, 1.800000, 2.708808
1.100000, 1.800000, 2.814170
1.150000, 1.800000, 3.071289
1.200000, 1.800000, 3.477802
1.250000, 1.800000, 3.975570
1.300000, 1.800000, 4.472667
1.350000, 1.800000, 4.878358
1.400000, 1.800000, 5.137695
1.450000, 1.800000, 5.252523
1.500000, 1.800000, 5.280830
1.550000, 1.800000, 5.314641
1.600000, 1.800000, 5.444861
1.650000, 1.800000, 5.726474
1.700000, 1.800000, 6.157379
1.750000, 1.800000, 6.678984
1.800000, 1.800000, 7.198361
1.850000, 1.800000, 7.623559
1.900000, 1.800000, 7.898613
1.950000, 1.800000, 8.024896
2.000000, 1.800000, 8.060657
0.000000, 1.850000, -0.779360
0.050000, 1.850000, -0.883510
0.100000, 1.850000, -0.892085
0.150000, 1.850000, -0.750254
0.200000, 1.850000, -0.458276
0.250000, 1.850000, -0.071416
0.300000, 1.850000, 0.321217
0.350000, 1.850000, 0.630801
0.400000, 1.850000, 0.802834
0.450000, 1.850000, 0.838021
0.500000, 1.850000, 0.792016
0.550000, 1.850000, 0.754094
0.600000, 1.850000, 0.812912
0.650000, 1.850000, 1.022470
0.700000, 1.850000, 1.381311
0.750000, 1.850000, 1.832941
0.800000, 1.850000, 2.287333
0.850000, 1.850000, 2.655304
0.900000, 1.850000, 2.882614
0.950000, 1.850000, 2.970713
1.000000, 1.850000, 2.976194
1.050000, 1.850000, 2.989109
1.100000, 1.850000, 3.098439
1.150000, 1.850000, 3.357910
1.200000, 1.850000, 3.765250
1.250000, 1.850000, 4.262851
1.300000, 1.850000, 4.759618
1.350000, 1.850000, 5.165677
1.400000, 1.850000, 5.426688
1.450000, 1.850000, 5.544620
1.500000, 1.850000, 5.577025
1.550000, 1.850000, 5.615050
1.600000, 1.850000, 5.748547
1.650000, 1.850000, 6.031623
1.700000, 1.850000, 6.461782
1.750000, 1.850000, 6.980690
1.800000, 1.850000, 7.496284
1.850000, 1.850000, 7.917834
1.900000, 1.850000, 8.190569
1.950000, 1.850000, 8.316636
2.000000, 1.850000, 8.354362
0.000000, 1.900000, -0.641267
0.050000, 1.900000, -0.739232
0.100000, 1.900000, -0.741765
0.150000, 1.900000, -0.594128
0.200000, 1.900000, -0.296526
0.250000, 1.900000, 0.095959
0.300000, 1.900000, 0.494441
0.350000, 1.900000, 0.810245
0.400000, 1.900000, 0.988835
0.450000, 1.900000, 1.030683
0.500000, 1.900000, 0.991063
0.550000, 1.900000, 0.958863
0.600000, 1.900000, 1.022501
0.650000, 1.900000, 1.236001
0.700000, 1.900000, 1.598220
0.750000, 1.900000, 2.053170
0.800000, 1.900000, 2.511352
0.850000, 1.900000, 2.883918
0.900000, 1.900000, 3.116613
0.950000, 1.900000, 3.210492
1.000000, 1.900000, 3.221467
1.050000, 1.900000, 3.238855
1.100000, 1.900000, 3.351110
1.150000, 1.900000, 3.611851
1.200000, 1.900000, 4.019201
1.250000, 1.900000, 4.516341
1.300000, 1.900000, 5.013108
1.350000, 1.900000, 5.420381
1.400000, 1.900000, 5.684102
1.450000, 1.900000, 5.805924
1.500000, 1.900000, 5.842558
1.550000, 1.900000, 5.884047
1.600000, 1.900000, 6.019265
1.650000, 1.900000, 6.301815
1.700000, 1.900000, 6.729399
1.750000, 1.900000, 7.244545
1.800000, 1.900000, 7.756466
1.850000, 1.900000, 8.175697
1.900000, 1.900000, 8.448281
1.950000, 1.900000, 8.576425
2.000000, 1.900000, 8.617708
0.000000, 1.950000, -0.533883
0.050000, 1.950000, -0.625635
0.100000, 1.950000, -0.622125
0.150000, 1.950000, -0.468708
0.200000, 1.950000, -0.165520
0.250000, 1.950000, 0.232561
0.300000, 1.950000, 0.636880
0.350000, 1.950000, 0.958893
0.400000, 1.950000, 1.143995
0.450000, 1.950000, 1.192375
0.500000, 1.950000, 1.158894
0.550000, 1.950000, 1.132059
0.600000, 1.950000, 1.200106
0.650000, 1.950000, 1.417184
0.700000, 1.950000, 1.782562
0.750000, 1.950000, 2.240824
0.800000, 1.950000, 2.702969
0.850000, 1.950000, 3.080368
0.900000, 1.950000, 3.318571
0.950000, 1.950000, 3.418052
1.000000, 1.950000, 3.433950
1.050000, 1.950000, 3.454887
1.100000, 1.950000, 3.568986
1.150000, 1.950000, 3.830061
1.200000, 1.950000, 4.236921
1.250000, 1.950000, 4.733713
1.300000, 1.950000, 5.231168
1.350000, 1.950000, 5.640646
1.400000, 1.950000, 5.907943
1.450000, 1.950000, 6.033953
1.500000, 1.950000, 6.074260
1.550000, 1.950000, 6.117814
1.600000, 1.950000, 6.252842
1.650000, 1.950000, 6.533031
1.700000, 1.950000, 6.956906
1.750000, 1.950000, 7.468312
1.800000, 1.950000, 7.977810
1.850000, 1.950000, 8.396825
1.900000, 1.950000, 8.671486
1.950000, 1.950000, 8.803211
2.000000, 1.950000, 8.848171
0.000000, 2.000000, -0.458686
0.050000, 2.000000, -0.544217
0.100000, 2.000000, -0.534684
0.150000, 2.000000, -0.375532
0.200000, 2.000000, -0.066813
0.250000, 2.000000, 0.336816
0.300000, 2.000000, 0.746942
0.350000, 2.000000, 1.075133
0.400000, 2.000000, 1.266674
0.450000, 2.000000, 1.321420
0.500000, 2.000000, 1.293793
0.550000, 2.000000, 1.271937
0.600000, 2.000000, 1.343981
0.650000, 2.000000, 1.564303
0.700000, 2.000000, 1.932686
0.750000, 2.000000, 2.394313
0.800000, 2.000000, 2.860625
0.850000, 2.000000, 3.243051
0.900000, 2.000000, 3.486754
0.950000, 2.000000, 3.591475
1.000000, 2.000000, 3.611538
1.050000, 2.000000, 3.635004
1.100000, 2.000000, 3.749930
1.150000, 2.000000, 4.010642
1.200000, 2.000000, 4.416882
1.250000, 2.000000, 4.913810
1.300000, 2.000000, 5.412858
1.350000, 2.000000, 5.825465
1.400000, 2.000000, 6.096816
1.450000, 2.000000, 6.226692
1.500000, 2.000000, 6.269471
1.550000, 2.000000, 6.313284
1.600000, 2.000000, 6.446273
1.650000, 2.000000, 6.722861
1.700000, 2.000000, 7.142903
1.750000, 2.000000, 7.651683
1.800000, 2.000000, 8.160771
1.850000, 2.000000, 8.581752
1.900000, 2.000000, 8.859969
1.950000, 2.000000, 8.995371
2.000000, 2.000000, 9.042514
