0.000000, 0.000000, 3.468331
0.050000, 0.000000, 2.969188
0.100000, 0.000000, 2.621410
0.150000, 0.000000, 2.543976
0.200000, 0.000000, 2.738827
0.250000, 0.000000, 3.090822
0.300000, 0.000000, 3.412666
0.350000, 0.000000, 3.517624
0.400000, 0.000000, 3.292231
0.450000, 0.000000, 2.741176
0.500000, 0.000000, 1.987190
0.550000, 0.000000, 1.225925
0.600000, 0.000000, 0.653038
0.650000, 0.000000, 0.391256
0.700000, 0.000000, 0.445269
0.750000, 0.000000, 0.701614
0.800000, 0.000000, 0.973554
0.850000, 0.000000, 1.073795
0.900000, 0.000000, 0.887194
0.950000, 0.000000, 0.415695
1.000000, 0.000000, -0.221725
1.050000, 0.000000, -0.834074
1.100000, 0.000000, -1.231155
1.150000, 0.000000, -1.296361
1.200000, 0.000000, -1.031634
1.250000, 0.000000, -0.557420
1.300000, 0.000000, -0.067609
1.350000, 0.000000, 0.243345
1.400000, 0.000000, 0.253320
1.450000, 0.000000, -0.042373
1.500000, 0.000000, -0.530877
1.550000, 0.000000, -1.026659
1.600000, 0.000000, -1.344185
1.650000, 0.000000, -1.370598
1.700000, 0.000000, -1.110589
1.750000, 0.000000, -0.686277
1.800000, 0.000000, -0.292118
1.850000, 0.000000, -0.122002
1.900000, 0.000000, -0.296374
1.950000, 0.000000, -0.817177
2.000000, 0.000000, -1.567802
0.000000, 0.050000, 3.288977
0.050000, 0.050000, 2.754460
0.100000, 0.050000, 2.372497
0.150000, 0.050000, 2.262828
0.200000, 0.050000, 2.428111
0.250000, 0.050000, 2.753854
0.300000, 0.050000, 3.053326
0.350000, 0.050000, 3.140266
0.400000, 0.050000, 2.901576
0.450000, 0.050000, 2.342196
0.500000, 0.050000, 1.584983
0.550000, 0.050000, 0.825597
0.600000, 0.050000, 0.259572
0.650000, 0.050000, 0.009394
0.700000, 0.050000, 0.079396
0.750000, 0.050000, 0.355649
0.800000, 0.050000, 0.650860
0.850000, 0.050000, 0.777092
0.900000, 0.050000, 0.618498
0.950000, 0.050000, 0.176268
1.000000, 0.050000, -0.431404
1.050000, 0.050000, -1.014318
1.100000, 0.050000, -1.383061
1.150000, 0.050000, -1.421779
1.200000, 0.050000, -1.133120
1.250000, 0.050000, -0.638170
1.300000, 0.050000, -0.131380
1.350000, 0.050000, 0.192333
1.400000, 0.050000, 0.210488
1.450000, 0.050000, -0.081846
1.500000, 0.050000, -0.571934
1.550000, 0.050000, -1.074239
1.600000, 0.050000, -1.403100
1.650000, 0.050000, -1.445410
1.700000, 0.050000, -1.205493
1.750000, 0.050000, -0.805002
1.800000, 0.050000, -0.437821
1.850000, 0.050000, -0.297196
1.900000, 0.050000, -0.502858
1.950000, 0.050000, -1.055991
2.000000, 0.050000, -1.839195
0.000000, 0.100000, 2.805606
0.050000, 0.100000, 2.236904
0.100000, 0.100000, 1.822730
0.150000, 0.100000, 1.683564
0.200000, 0.100000, 1.822738
0.250000, 0.100000, 2.126354
0.300000, 0.100000, 2.408180
0.350000, 0.100000, 2.482347
0.400000, 0.100000, 2.236030
0.450000, 0.100000, 1.674324
0.500000, 0.100000, 0.920114
0.550000, 0.100000, 0.168963
0.600000, 0.100000, -0.383816
0.650000, 0.100000, -0.616071
0.700000, 0.100000, -0.523913
0.750000, 0.100000, -0.221809
0.800000, 0.100000, 0.102326
0.850000, 0.100000, 0.259867
0.900000, 0.100000, 0.134231
0.950000, 0.100000, -0.274160
1.000000, 0.100000, -0.847889
1.050000, 0.100000, -1.397524
1.100000, 0.100000, -1.734395
1.150000, 0.100000, -1.743343
1.200000, 0.100000, -1.427647
1.250000, 0.100000, -0.908944
1.300000, 0.100000, -0.382142
1.350000, 0.100000, -0.042511
1.400000, 0.100000, -0.012771
1.450000, 0.100000, -0.297972
1.500000, 0.100000, -0.785373
1.550000, 0.100000, -1.289310
1.600000, 0.100000, -1.623875
1.650000, 0.100000, -1.675599
1.700000, 0.100000, -1.448341
1.750000, 0.100000, -1.063191
1.800000, 0.100000, -0.713398
1.850000, 0.100000, -0.591500
1.900000, 0.100000, -0.816483
1.950000, 0.100000, -1.388750
2.000000, 0.100000, -2.190119
0.000000, 0.150000, 2.185457
0.050000, 0.150000, 1.584521
0.100000, 0.150000, 1.140849
0.150000, 0.150000, 0.975649
0.200000, 0.150000, 1.092897
0.250000, 0.150000, 1.379244
0.300000, 0.150000, 1.648898
0.350000, 0.150000, 1.716313
0.400000, 0.150000, 1.468861
0.450000, 0.150000, 0.911705
0.500000, 0.150000, 0.167673
0.550000, 0.150000, -0.567859
0.600000, 0.150000, -1.099881
0.650000, 0.150000, -1.306658
0.700000, 0.150000, -1.184819
0.750000, 0.150000, -0.849435
0.800000, 0.150000, -0.489096
0.850000, 0.150000, -0.293157
0.900000, 0.150000, -0.378965
0.950000, 0.150000, -0.746880
1.000000, 0.150000, -1.280264
1.050000, 0.150000, -1.790441
1.100000, 0.150000, -2.089456
1.150000, 0.150000, -2.062807
1.200000, 0.150000, -1.714355
1.250000, 0.150000, -1.166234
1.300000, 0.150000, -0.613745
1.350000, 0.150000, -0.252446
1.400000, 0.150000, -0.205225
1.450000, 0.150000, -0.477187
1.500000, 0.150000, -0.955525
1.550000, 0.150000, -1.454394
1.600000, 0.150000, -1.787594
1.650000, 0.150000, -1.841264
1.700000, 0.150000, -1.618779
1.750000, 0.150000, -1.240670
1.800000, 0.150000, -0.899565
1.850000, 0.150000, -0.787337
1.900000, 0.150000, -1.022279
1.950000, 0.150000, -1.604097
2.000000, 0.150000, -2.413922
0.000000, 0.200000, 1.635722
0.050000, 0.200000, 1.005219
0.100000, 0.200000, 0.535438
0.150000, 0.200000, 0.348311
0.200000, 0.200000, 0.448442
0.250000, 0.200000, 0.722991
0.300000, 0.200000, 0.986559
0.350000, 0.200000, 1.053855
0.400000, 0.200000, 0.812379
0.450000, 0.200000, 0.267279
0.500000, 0.200000, -0.458765
0.550000, 0.200000, -1.170655
0.600000, 0.200000, -1.673784
0.650000, 0.200000, -1.846928
0.700000, 0.200000, -1.687330
0.750000, 0.200000, -1.310755
0.800000, 0.200000, -0.906557
0.850000, 0.200000, -0.664899
0.900000, 0.200000, -0.703969
0.950000, 0.200000, -1.024974
1.000000, 0.200000, -1.512111
1.050000, 0.200000, -1.977514
1.100000, 0.200000, -2.233985
1.150000, 0.200000, -2.167713
1.200000, 0.200000, -1.783176
1.250000, 0.200000, -1.203024
1.300000, 0.200000, -0.622977
1.350000, 0.200000, -0.238896
1.400000, 0.200000, -0.173863
1.450000, 0.200000, -0.433051
1.500000, 0.200000, -0.903610
1.550000, 0.200000, -1.399539
1.600000, 0.200000, -1.734374
1.650000, 0.200000, -1.793897
1.700000, 0.200000, -1.581039
1.750000, 0.200000, -1.215820
1.800000, 0.200000, -0.890297
1.850000, 0.200000, -0.795737
1.900000, 0.200000, -1.049805
1.950000, 0.200000, -1.651577
2.000000, 0.200000, -2.481563
0.000000, 0.250000, 1.325107
0.050000, 0.250000, 0.668350
0.100000, 0.250000, 0.176443
0.150000, 0.250000, -0.027952
0.200000, 0.250000, 0.060380
0.250000, 0.250000, 0.329087
0.300000, 0.250000, 0.593108
0.350000, 0.250000, 0.667348
0.400000, 0.250000, 0.439346
0.450000, 0.250000, -0.085859
0.500000, 0.250000, -0.785850
0.550000, 0.250000, -1.465934
0.600000, 0.250000, -1.932040
0.650000, 0.250000, -2.063605
0.700000, 0.250000, -1.858632
0.750000, 0.250000, -1.433740
0.800000, 0.250000, -0.979200
0.850000, 0.250000, -0.686144
0.900000, 0.250000, -0.673748
0.950000, 0.250000, -0.944216
1.000000, 0.250000, -1.382720
1.050000, 0.250000, -1.802328
1.100000, 0.250000, -2.016716
1.150000, 0.250000, -1.912871
1.200000, 0.250000, -1.495967
1.250000, 0.250000, -0.889244
1.300000, 0.250000, -0.288889
1.350000, 0.250000, 0.108900
1.400000, 0.250000, 0.180845
1.450000, 0.250000, -0.078292
1.500000, 0.250000, -0.555580
1.550000, 0.250000, -1.064807
1.600000, 0.250000, -1.419168
1.650000, 0.250000, -1.503986
1.700000, 0.250000, -1.321628
1.750000, 0.250000, -0.991454
1.800000, 0.250000, -0.704785
1.850000, 0.250000, -0.652097
1.900000, 0.250000, -0.950217
1.950000, 0.250000, -1.597363
2.000000, 0.250000, -2.473184
0.000000, 0.300000, 1.320335
0.050000, 0.300000, 0.641206
0.100000, 0.300000, 0.131652
0.150000, 0.300000, -0.084914
0.200000, 0.300000, -0.002669
0.250000, 0.300000, 0.266491
0.300000, 0.300000, 0.537796
0.350000, 0.300000, 0.626262
0.400000, 0.300000, 0.419363
0.450000, 0.300000, -0.078110
0.500000, 0.300000, -0.744161
0.550000, 0.300000, -1.384686
0.600000, 0.300000, -1.806357
0.650000, 0.300000, -1.889490
0.700000, 0.300000, -1.633085
0.750000, 0.300000, -1.154852
0.800000, 0.300000, -0.646219
0.850000, 0.300000, -0.299517
0.900000, 0.300000, -0.235137
0.950000, 0.300000, -0.456476
1.000000, 0.300000, -0.849858
1.050000, 0.300000, -1.229427
1.100000, 0.300000, -1.409840
1.150000, 0.300000, -1.278936
1.200000, 0.300000, -0.842599
1.250000, 0.300000, -0.224616
1.300000, 0.300000, 0.378459
1.350000, 0.300000, 0.770247
1.400000, 0.300000, 0.827485
1.450000, 0.300000, 0.545149
1.500000, 0.300000, 0.036572
1.550000, 0.300000, -0.511437
1.600000, 0.300000, -0.911306
1.650000, 0.300000, -1.047430
1.700000, 0.300000, -0.921103
1.750000, 0.300000, -0.650495
1.800000, 0.300000, -0.425646
1.850000, 0.300000, -0.435678
1.900000, 0.300000, -0.796032
1.950000, 0.300000, -1.503528
2.000000, 0.300000, -2.436443
0.000000, 0.350000, 1.561838
0.050000, 0.350000, 0.864692
0.100000, 0.350000, 0.342365
0.150000, 0.350000, 0.119046
0.200000, 0.350000, 0.201174
0.250000, 0.350000, 0.477277
0.300000, 0.350000, 0.762808
0.350000, 0.350000, 0.872788
0.400000, 0.350000, 0.694473
0.450000, 0.350000, 0.232216
0.500000, 0.350000, -0.392640
0.550000, 0.350000, -0.986844
0.600000, 0.350000, -1.358100
0.650000, 0.350000, -1.387912
0.700000, 0.350000, -1.076591
0.750000, 0.350000, -0.543247
0.800000, 0.350000, 0.019242
0.850000, 0.350000, 0.417083
0.900000, 0.350000, 0.528457
0.950000, 0.350000, 0.348612
1.000000, 0.350000, -0.010019
1.050000, 0.350000, -0.362670
1.100000, 0.350000, -0.524899
1.150000, 0.350000, -0.385234
1.200000, 0.350000, 0.049999
1.250000, 0.350000, 0.656828
1.300000, 0.350000, 1.238788
1.350000, 0.350000, 1.599864
1.400000, 0.350000, 1.617431
1.450000, 0.350000, 1.287363
1.500000, 0.350000, 0.724142
1.550000, 0.350000, 0.115936
1.600000, 0.350000, -0.348132
1.650000, 0.350000, -0.550755
1.700000, 0.350000, -0.491422
1.750000, 0.350000, -0.286436
1.800000, 0.350000, -0.123957
1.850000, 0.350000, -0.191268
1.900000, 0.350000, -0.602056
1.950000, 0.350000, -1.351526
2.000000, 0.350000, -2.316525
0.000000, 0.400000, 1.887894
0.050000, 0.400000, 1.177451
0.100000, 0.400000, 0.647498
0.150000, 0.400000, 0.423043
0.200000, 0.400000, 0.511147
0.250000, 0.400000, 0.800725
0.300000, 0.400000, 1.107358
0.350000, 0.400000, 1.245922
0.400000, 0.400000, 1.103245
0.450000, 0.400000, 0.682974
0.500000, 0.400000, 0.105484
0.550000, 0.400000, -0.437178
0.600000, 0.400000, -0.754124
0.650000, 0.400000, -0.728425
0.700000, 0.400000, -0.362065
0.750000, 0.400000, 0.224121
0.800000, 0.400000, 0.835537
0.850000, 0.400000, 1.276747
0.900000, 0.400000, 1.424419
0.950000, 0.400000, 1.272474
1.000000, 0.400000, 0.932268
1.050000, 0.400000, 0.587772
1.100000, 0.400000, 0.422962
1.150000, 0.400000, 0.549193
1.200000, 0.400000, 0.960387
1.250000, 0.400000, 1.533189
1.300000, 0.400000, 2.072103
1.350000, 0.400000, 2.382420
1.400000, 0.400000, 2.343111
1.450000, 0.400000, 1.951899
1.500000, 0.400000, 1.325301
1.550000, 0.400000, 0.653650
1.600000, 0.400000, 0.128288
1.650000, 0.400000, -0.131280
1.700000, 0.400000, -0.122438
1.750000, 0.400000, 0.040449
1.800000, 0.400000, 0.170918
1.850000, 0.400000, 0.083090
1.900000, 0.400000, -0.335678
1.950000, 0.400000, -1.079938
2.000000, 0.400000, -2.026308
0.000000, 0.450000, 2.097940
0.050000, 0.450000, 1.379172
0.100000, 0.450000, 0.846892
0.150000, 0.450000, 0.626988
0.200000, 0.450000, 0.727148
0.250000, 0.450000, 1.036621
0.300000, 0.450000, 1.370986
0.350000, 0.450000, 1.544766
0.400000, 0.450000, 1.444075
0.450000, 0.450000, 1.071502
0.500000, 0.450000, 0.546051
0.550000, 0.450000, 0.058129
0.600000, 0.450000, -0.203217
0.650000, 0.450000, -0.123027
0.700000, 0.450000, 0.294699
0.750000, 0.450000, 0.927156
0.800000, 0.450000, 1.577915
0.850000, 0.450000, 2.049928
0.900000, 0.450000, 2.218550
0.950000, 0.450000, 2.076766
1.000000, 0.450000, 1.735414
1.050000, 0.450000, 1.378409
1.100000, 0.450000, 1.190146
1.150000, 0.450000, 1.282869
1.200000, 0.450000, 1.651832
1.250000, 0.450000, 2.175405
1.300000, 0.450000, 2.660148
1.350000, 0.450000, 2.913652
1.400000, 0.450000, 2.817341
1.450000, 0.450000, 2.371434
1.500000, 0.450000, 1.694882
1.550000, 0.450000, 0.980284
1.600000, 0.450000, 0.420973
1.650000, 0.450000, 0.138085
1.700000, 0.450000, 0.135423
1.750000, 0.450000, 0.299311
1.800000, 0.450000, 0.443443
1.850000, 0.450000, 0.381545
1.900000, 0.450000, 0.000046
1.950000, 0.450000, -0.697039
2.000000, 0.450000, -1.588201
0.000000, 0.500000, 2.030861
0.050000, 0.500000, 1.308867
0.100000, 0.500000, 0.779590
0.150000, 0.500000, 0.569863
0.200000, 0.500000, 0.688011
0.250000, 0.500000, 1.023537
0.300000, 0.500000, 1.391842
0.350000, 0.500000, 1.606817
0.400000, 0.500000, 1.553493
0.450000, 0.500000, 1.232958
0.500000, 0.500000, 0.762362
0.550000, 0.500000, 0.329988
0.600000, 0.500000, 0.122600
0.650000, 0.500000, 0.252834
0.700000, 0.500000, 0.714460
0.750000, 0.500000, 1.382664
0.800000, 0.500000, 2.059348
0.850000, 0.500000, 2.546242
0.900000, 0.500000, 2.718014
0.950000, 0.500000, 2.567547
1.000000, 0.500000, 2.206183
1.050000, 0.500000, 1.818943
1.100000, 0.500000, 1.591872
1.150000, 0.500000, 1.639343
1.200000, 0.500000, 1.959094
1.250000, 0.500000, 2.432215
1.300000, 0.500000, 2.868065
1.350000, 0.500000, 3.076964
1.400000, 0.500000, 2.942833
1.450000, 0.500000, 2.468019
1.500000, 0.500000, 1.773101
1.550000, 0.500000, 1.051707
1.600000, 0.500000, 0.497536
1.650000, 0.500000, 0.231397
1.700000, 0.500000, 0.256086
1.750000, 0.500000, 0.456290
1.800000, 0.500000, 0.643524
1.850000, 0.500000, 0.628920
1.900000, 0.500000, 0.296044
1.950000, 0.500000, -0.354049
2.000000, 0.500000, -1.202733
0.000000, 0.550000, 1.628291
0.050000, 0.550000, 0.908175
0.100000, 0.550000, 0.387133
0.150000, 0.550000, 0.193026
0.200000, 0.550000, 0.334815
0.250000, 0.550000, 0.702147
0.300000, 0.550000, 1.110011
0.350000, 0.550000, 1.371308
0.400000, 0.550000, 1.369525
0.450000, 0.550000, 1.103731
0.500000, 0.550000, 0.688682
0.550000, 0.550000, 0.310055
0.600000, 0.550000, 0.151951
0.650000, 0.550000, 0.324486
0.700000, 0.550000, 0.819225
0.750000, 0.550000, 1.509634
0.800000, 0.550000, 2.196518
0.850000, 0.550000, 2.681234
0.900000, 0.550000, 2.838846
0.950000, 0.550000, 2.663395
1.000000, 0.550000, 2.268093
1.050000, 0.550000, 1.840420
1.100000, 0.550000, 1.569320
1.150000, 0.550000, 1.572299
1.200000, 0.550000, 1.850257
1.250000, 0.550000, 2.287245
1.300000, 0.550000, 2.695171
1.350000, 0.550000, 2.886293
1.400000, 0.550000, 2.745719
1.450000, 0.550000, 2.276125
1.500000, 0.550000, 1.597523
1.550000, 0.550000, 0.902106
1.600000, 0.550000, 0.381355
1.650000, 0.550000, 0.153234
1.700000, 0.550000, 0.217262
1.750000, 0.550000, 0.454658
1.800000, 0.550000, 0.673545
1.850000, 0.550000, 0.681989
1.900000, 0.550000, 0.361081
1.950000, 0.550000, -0.289805
2.000000, 0.550000, -1.152757
0.000000, 0.600000, 0.958717
0.050000, 0.600000, 0.245462
0.100000, 0.600000, -0.262333
0.150000, 0.600000, -0.435683
0.200000, 0.600000, -0.265000
0.250000, 0.600000, 0.139354
0.300000, 0.600000, 0.591653
0.350000, 0.600000, 0.903365
0.400000, 0.600000, 0.955892
0.450000, 0.600000, 0.745698
0.500000, 0.600000, 0.384607
0.550000, 0.600000, 0.055264
0.600000, 0.600000, -0.061100
0.650000, 0.600000, 0.143169
0.700000, 0.600000, 0.657817
0.750000, 0.600000, 1.355311
0.800000, 0.600000, 2.036398
0.850000, 0.600000, 2.503356
0.900000, 0.600000, 2.633100
0.950000, 0.600000, 2.422329
1.000000, 0.600000, 1.987505
1.050000, 0.600000, 1.519698
1.100000, 0.600000, 1.211466
1.150000, 0.600000, 1.183651
1.200000, 0.600000, 1.439901
1.250000, 0.600000, 1.866172
1.300000, 0.600000, 2.275242
1.350000, 0.600000, 2.479096
1.400000, 0.600000, 2.361419
1.450000, 0.600000, 1.922403
1.500000, 0.600000, 1.278713
1.550000, 0.600000, 0.618602
1.600000, 0.600000, 0.129366
1.650000, 0.600000, -0.075093
1.700000, 0.600000, 0.001198
1.750000, 0.600000, 0.236783
1.800000, 0.600000, 0.438269
1.850000, 0.600000, 0.413591
1.900000, 0.600000, 0.045181
1.950000, 0.600000, -0.664782
2.000000, 0.600000, -1.594271
0.000000, 0.650000, 0.193126
0.050000, 0.650000, -0.508525
0.100000, 0.650000, -0.998397
0.150000, 0.650000, -1.146269
0.200000, 0.650000, -0.941954
0.250000, 0.650000, -0.496019
0.300000, 0.650000, 0.004712
0.350000, 0.650000, 0.369744
0.400000, 0.650000, 0.477782
0.450000, 0.650000, 0.322079
0.500000, 0.650000, 0.011032
0.550000, 0.650000, -0.276010
0.600000, 0.650000, -0.360640
0.650000, 0.650000, -0.137235
0.700000, 0.650000, 0.382954
0.750000, 0.650000, 1.072589
0.800000, 0.650000, 1.733828
0.850000, 0.650000, 2.171480
0.900000, 0.650000, 2.265892
0.950000, 0.650000, 2.017774
1.000000, 0.650000, 1.547784
1.050000, 0.650000, 1.050928
1.100000, 0.650000, 0.723032
1.150000, 0.650000, 0.687155
1.200000, 0.650000, 0.947843
1.250000, 0.650000, 1.390481
1.300000, 0.650000, 1.825804
1.350000, 0.650000, 2.062448
1.400000, 0.650000, 1.979735
1.450000, 0.650000, 1.572908
1.500000, 0.650000, 0.953604
1.550000, 0.650000, 0.305513
1.600000, 0.650000, -0.187645
1.650000, 0.650000, -0.414103
1.700000, 0.650000, -0.378248
1.750000, 0.650000, -0.199951
1.800000, 0.650000, -0.069083
1.850000, 0.650000, -0.172464
1.900000, 0.650000, -0.621072
1.950000, 0.650000, -1.405341
2.000000, 0.650000, -2.395701
0.000000, 0.700000, -0.458540
0.050000, 0.700000, -1.144202
0.100000, 0.700000, -1.611918
0.150000, 0.700000, -1.730110
0.200000, 0.700000, -1.488035
0.250000, 0.700000, -0.996726
0.300000, 0.700000, -0.444563
0.350000, 0.700000, -0.024615
0.400000, 0.700000, 0.138462
0.450000, 0.700000, 0.034125
0.500000, 0.700000, -0.233021
0.550000, 0.700000, -0.486951
0.600000, 0.700000, -0.551672
0.650000, 0.700000, -0.322726
0.700000, 0.700000, 0.188939
0.750000, 0.700000, 0.857785
0.800000, 0.700000, 1.489125
0.850000, 0.700000, 1.891950
0.900000, 0.700000, 1.951358
0.950000, 0.700000, 1.672811
1.000000, 0.700000, 1.181137
1.050000, 0.700000, 0.674386
1.100000, 0.700000, 0.349866
1.150000, 0.700000, 0.330302
1.200000, 0.700000, 0.618029
1.250000, 0.700000, 1.094527
1.300000, 0.700000, 1.565326
1.350000, 0.700000, 1.833128
1.400000, 0.700000, 1.771295
1.450000, 0.700000, 1.369832
1.500000, 0.700000, 0.736560
1.550000, 0.700000, 0.053363
1.600000, 0.700000, -0.495455
1.650000, 0.700000, -0.795016
1.700000, 0.700000, -0.844228
1.750000, 0.700000, -0.755538
1.800000, 0.700000, -0.710131
1.850000, 0.700000, -0.885729
1.900000, 0.700000, -1.384760
1.950000, 0.700000, -2.190599
2.000000, 0.700000, -3.168952
0.000000, 0.750000, -0.825901
0.050000, 0.750000, -1.491654
0.100000, 0.750000, -1.933520
0.150000, 0.750000, -2.018431
0.200000, 0.750000, -1.735166
0.250000, 0.750000, -1.195540
0.300000, 0.750000, -0.590035
0.350000, 0.750000, -0.114976
0.400000, 0.750000, 0.100943
0.450000, 0.750000, 0.042877
0.500000, 0.750000, -0.188522
0.550000, 0.750000, -0.420247
0.600000, 0.750000, -0.477883
0.650000, 0.750000, -0.256796
0.700000, 0.750000, 0.234080
0.750000, 0.750000, 0.872876
0.800000, 0.750000, 1.469799
0.850000, 0.750000, 1.839335
0.900000, 0.750000, 1.871917
0.950000, 0.750000, 1.577411
1.000000, 0.750000, 1.083439
1.050000, 0.750000, 0.588734
1.100000, 0.750000, 0.288959
1.150000, 0.750000, 0.302947
1.200000, 0.750000, 0.627323
1.250000, 0.750000, 1.136723
1.300000, 0.750000, 1.629612
1.350000, 0.750000, 1.902391
1.400000, 0.750000, 1.823849
1.450000, 0.750000, 1.381930
1.500000, 0.750000, 0.685416
1.550000, 0.750000, -0.079690
1.600000, 0.750000, -0.722067
1.650000, 0.750000, -1.117592
1.700000, 0.750000, -1.254678
1.750000, 0.750000, -1.235248
1.800000, 0.750000, -1.231212
1.850000, 0.750000, -1.413479
1.900000, 0.750000, -1.881084
1.950000, 0.750000, -2.618030
2.000000, 0.750000, -3.494799
0.000000, 0.800000, -0.841671
0.050000, 0.800000, -1.484154
0.100000, 0.800000, -1.897095
0.150000, 0.800000, -1.945803
0.200000, 0.800000, -1.618678
0.250000, 0.800000, -1.028711
0.300000, 0.800000, -0.369113
0.350000, 0.800000, 0.159802
0.400000, 0.800000, 0.424649
0.450000, 0.800000, 0.405926
0.500000, 0.800000, 0.200450
0.550000, 0.800000, -0.021073
0.600000, 0.800000, -0.084506
0.650000, 0.800000, 0.116733
0.700000, 0.800000, 0.577709
0.750000, 0.800000, 1.182089
0.800000, 0.800000, 1.746345
0.850000, 0.800000, 2.090979
0.900000, 0.800000, 2.111185
0.950000, 0.800000, 1.819485
1.000000, 0.800000, 1.343462
1.050000, 0.800000, 0.878947
1.100000, 0.800000, 0.616102
1.150000, 0.800000, 0.666371
1.200000, 0.800000, 1.018158
1.250000, 0.800000, 1.538314
1.300000, 0.800000, 2.019240
1.350000, 0.800000, 2.254127
1.400000, 0.800000, 2.112167
1.450000, 0.800000, 1.585600
1.500000, 0.800000, 0.791109
1.550000, 0.800000, -0.074631
1.600000, 0.800000, -0.808164
1.650000, 0.800000, -1.273357
1.700000, 0.800000, -1.448425
1.750000, 0.800000, -1.428422
1.800000, 0.800000, -1.382851
1.850000, 0.800000, -1.485243
1.900000, 0.800000, -1.842181
1.950000, 0.800000, -2.449335
2.000000, 0.800000, -3.191575
0.000000, 0.850000, -0.565979
0.050000, 0.850000, -1.182470
0.100000, 0.850000, -1.564103
0.150000, 0.850000, -1.574412
0.200000, 0.850000, -1.201569
0.250000, 0.850000, -0.560202
0.300000, 0.850000, 0.153040
0.350000, 0.850000, 0.733095
0.400000, 0.850000, 1.041310
0.450000, 0.850000, 1.053390
0.500000, 0.850000, 0.862796
0.550000, 0.850000, 0.639094
0.600000, 0.850000, 0.557903
0.650000, 0.850000, 0.729836
0.700000, 0.850000, 1.155985
0.750000, 0.850000, 1.727076
0.800000, 0.850000, 2.266430
0.850000, 0.850000, 2.599904
0.900000, 0.850000, 2.625461
0.950000, 0.850000, 2.355087
1.000000, 0.850000, 1.912382
1.050000, 0.850000, 1.486202
1.100000, 0.850000, 1.257783
1.150000, 0.850000, 1.329160
1.200000, 0.850000, 1.680511
1.250000, 0.850000, 2.173243
1.300000, 0.850000, 2.598329
1.350000, 0.850000, 2.752187
1.400000, 0.850000, 2.511793
1.450000, 0.850000, 1.880860
1.500000, 0.850000, 0.989691
1.550000, 0.850000, 0.048717
1.600000, 0.850000, -0.726859
1.650000, 0.850000, -1.193135
1.700000, 0.850000, -1.325976
1.750000, 0.850000, -1.224158
1.800000, 0.850000, -1.066708
1.850000, 0.850000, -1.041276
1.900000, 0.850000, -1.271175
1.950000, 0.850000, -1.768931
2.000000, 0.850000, -2.433790
0.000000, 0.900000, -0.162225
0.050000, 0.900000, -0.750709
0.100000, 0.900000, -1.099384
0.150000, 0.900000, -1.069865
0.200000, 0.900000, -0.650284
0.250000, 0.900000, 0.042548
0.300000, 0.900000, 0.807775
0.350000, 0.900000, 1.434824
0.400000, 0.900000, 1.779336
0.450000, 0.900000, 1.812367
0.500000, 0.900000, 1.624923
0.550000, 0.900000, 1.387061
0.600000, 0.900000, 1.278002
0.650000, 0.900000, 1.414603
0.700000, 0.900000, 1.805749
0.750000, 0.900000, 2.350012
0.800000, 0.900000, 2.876991
0.850000, 0.900000, 3.215815
0.900000, 0.900000, 3.263792
0.950000, 0.900000, 3.028135
1.000000, 0.900000, 2.624182
1.050000, 0.900000, 2.230435
1.100000, 0.900000, 2.017600
1.150000, 0.900000, 2.079138
1.200000, 0.900000, 2.390516
1.250000, 0.900000, 2.813619
1.300000, 0.900000, 3.145522
1.350000, 0.900000, 3.193773
1.400000, 0.900000, 2.849928
1.450000, 0.900000, 2.133389
1.500000, 0.900000, 1.188555
1.550000, 0.900000, 0.235777
1.600000, 0.900000, -0.506004
1.650000, 0.900000, -0.896320
1.700000, 0.900000, -0.921423
1.750000, 0.900000, -0.695944
1.800000, 0.900000, -0.417706
1.850000, 0.900000, -0.292933
1.900000, 0.900000, -0.460013
1.950000, 0.900000, -0.940272
2.000000, 0.900000, -1.633689
0.000000, 0.950000, 0.166282
0.050000, 0.950000, -0.392933
0.100000, 0.950000, -0.707769
0.150000, 0.950000, -0.637774
0.200000, 0.950000, -0.171282
0.250000, 0.950000, 0.572087
0.300000, 0.950000, 1.386443
0.350000, 0.950000, 2.054986
0.400000, 0.950000, 2.427399
0.450000, 0.950000, 2.470589
0.500000, 0.950000, 2.274463
0.550000, 0.950000, 2.011616
0.600000, 0.950000, 1.867237
0.650000, 0.950000, 1.966492
0.700000, 0.950000, 2.327209
0.750000, 0.950000, 2.855514
0.800000, 0.950000, 3.385298
0.850000, 0.950000, 3.745449
0.900000, 0.950000, 3.828142
0.950000, 0.950000, 3.631303
1.000000, 0.950000, 3.258560
1.050000, 0.950000, 2.876704
1.100000, 0.950000, 2.647377
1.150000, 0.950000, 2.659910
1.200000, 0.950000, 2.892008
1.250000, 0.950000, 3.214348
1.300000, 0.950000, 3.438179
1.350000, 0.950000, 3.388216
1.400000, 0.950000, 2.972996
1.450000, 0.950000, 2.225341
1.500000, 0.950000, 1.296640
1.550000, 0.950000, 0.406043
1.600000, 0.950000, -0.237120
1.650000, 0.950000, -0.508952
1.700000, 0.950000, -0.416320
1.750000, 0.950000, -0.094646
1.800000, 0.950000, 0.241369
1.850000, 0.950000, 0.376042
1.900000, 0.950000, 0.171121
1.950000, 0.950000, -0.384627
2.000000, 0.950000, -1.172735
0.000000, 1.000000, 0.254676
0.050000, 1.000000, -0.274792
0.100000, 1.000000, -0.555684
0.150000, 1.000000, -0.445344
0.200000, 1.000000, 0.067394
0.250000, 1.000000, 0.859396
0.300000, 1.000000, 1.718875
0.350000, 1.000000, 2.422168
0.400000, 1.000000, 2.813006
0.450000, 1.000000, 2.855050
0.500000, 1.000000, 2.638912
0.550000, 1.000000, 2.342128
0.600000, 1.000000, 2.158227
0.650000, 1.000000, 2.222315
0.700000, 1.000000, 2.561348
0.750000, 1.000000, 3.087354
0.800000, 1.000000, 3.635088
0.850000, 1.000000, 4.028557
0.900000, 1.000000, 4.150002
0.950000, 1.000000, 3.984373
1.000000, 1.000000, 3.622231
1.050000, 1.000000, 3.220461
1.100000, 1.000000, 2.936747
1.150000, 1.000000, 2.864020
1.200000, 1.000000, 2.991114
1.250000, 1.000000, 3.205576
1.300000, 1.000000, 3.338006
1.350000, 1.000000, 3.230878
1.400000, 1.000000, 2.804876
1.450000, 1.000000, 2.096338
1.500000, 1.000000, 1.250239
1.550000, 1.000000, 0.470231
1.600000, 1.000000, -0.056028
1.650000, 1.000000, -0.228057
1.700000, 1.000000, -0.072813
1.750000, 1.000000, 0.262090
1.800000, 1.000000, 0.560710
1.850000, 1.000000, 0.617852
1.900000, 1.000000, 0.315687
1.950000, 1.000000, -0.330732
2.000000, 1.000000, -1.176380
0.000000, 1.050000, 0.039927
0.050000, 1.050000, -0.460106
0.100000, 1.050000, -0.707719
0.150000, 1.050000, -0.557921
0.200000, 1.050000, -0.000409
0.250000, 1.050000, 0.837388
0.300000, 1.050000, 1.736905
0.350000, 1.050000, 2.467117
0.400000, 1.050000, 2.866110
0.450000, 1.050000, 2.895646
0.500000, 1.050000, 2.649272
0.550000, 1.050000, 2.312055
0.600000, 1.050000, 2.088019
0.650000, 1.050000, 2.123059
0.700000, 1.050000, 2.452196
0.750000, 1.050000, 2.990250
0.800000, 1.050000, 3.568173
0.850000, 1.050000, 3.999977
0.900000, 1.050000, 4.153854
0.950000, 1.050000, 4.000117
1.000000, 1.050000, 3.618060
1.050000, 1.050000, 3.160122
1.100000, 1.050000, 2.788319
1.150000, 1.050000, 2.608554
1.200000, 1.050000, 2.628897
1.250000, 1.050000, 2.758220
1.300000, 1.050000, 2.845500
1.350000, 1.050000, 2.743961
1.400000, 1.050000, 2.374296
1.450000, 1.050000, 1.761435
1.500000, 1.050000, 1.029629
1.550000, 1.050000, 0.356996
1.600000, 1.050000, -0.093194
1.650000, 1.050000, -0.237707
1.700000, 1.050000, -0.109036
1.750000, 1.050000, 0.153323
1.800000, 1.050000, 0.353902
1.850000, 1.050000, 0.315942
1.900000, 1.050000, -0.048558
1.950000, 1.050000, -0.700576
2.000000, 1.050000, -1.483168
0.000000, 1.100000, -0.414935
0.050000, 1.100000, -0.886630
0.100000, 1.100000, -1.102372
0.150000, 1.100000, -0.914717
0.200000, 1.100000, -0.314660
0.250000, 1.100000, 0.565219
0.300000, 1.100000, 1.498711
0.350000, 1.100000, 2.247106
0.400000, 1.100000, 2.643518
0.450000, 1.100000, 2.649601
0.500000, 1.100000, 2.364420
0.550000, 1.100000, 1.983174
0.600000, 1.100000, 1.722007
0.650000, 1.100000, 1.737382
0.700000, 1.100000, 2.069896
0.750000, 1.100000, 2.632693
0.800000, 1.100000, 3.247547
0.850000, 1.100000, 3.713777
0.900000, 1.100000, 3.883239
0.950000, 1.100000, 3.713009
1.000000, 1.100000, 3.276566
1.050000, 1.100000, 2.730538
1.100000, 1.100000, 2.251106
1.150000, 1.100000, 1.965456
1.200000, 1.100000, 1.904945
1.250000, 1.100000, 1.997652
1.300000, 1.100000, 2.102237
1.350000, 1.100000, 2.068826
1.400000, 1.100000, 1.802239
1.450000, 1.100000, 1.302206
1.500000, 1.100000, 0.664653
1.550000, 1.100000, 0.043652
1.600000, 1.100000, -0.410604
1.650000, 1.100000, -0.612873
1.700000, 1.100000, -0.578272
1.750000, 1.100000, -0.417385
1.800000, 1.100000, -0.292384
1.850000, 1.100000, -0.351058
1.900000, 1.100000, -0.664801
1.950000, 1.100000, -1.195528
2.000000, 1.100000, -1.805583
0.000000, 1.150000, -0.945044
0.050000, 1.150000, -1.390251
0.100000, 1.150000, -1.576223
0.150000, 1.150000, -1.352972
0.200000, 1.150000, -0.713293
0.250000, 1.150000, 0.204160
0.300000, 1.150000, 1.164712
0.350000, 1.150000, 1.921869
0.400000, 1.150000, 2.304846
0.450000, 1.150000, 2.277422
0.500000, 1.150000, 1.946988
0.550000, 1.150000, 1.521249
0.600000, 1.150000, 1.229288
0.650000, 1.150000, 1.236602
0.700000, 1.150000, 1.585428
0.750000, 1.150000, 2.181778
0.800000, 1.150000, 2.832913
0.850000, 1.150000, 3.320250
0.900000, 1.150000, 3.479873
0.950000, 1.150000, 3.260639
1.000000, 1.150000, 2.738936
1.050000, 1.150000, 2.085869
1.100000, 1.150000, 1.500552
1.150000, 1.150000, 1.135560
1.200000, 1.150000, 1.042832
1.250000, 1.150000, 1.159799
1.300000, 1.150000, 1.339688
1.350000, 1.150000, 1.412988
1.400000, 1.150000, 1.255505
1.450000, 1.150000, 0.836514
1.500000, 1.150000, 0.228891
1.550000, 1.150000, -0.421718
1.600000, 1.150000, -0.955588
1.650000, 1.150000, -1.261734
1.700000, 1.150000, -1.319942
1.750000, 1.150000, -1.205702
1.800000, 1.150000, -1.056637
1.850000, 1.150000, -1.014377
1.900000, 1.150000, -1.165481
1.950000, 1.150000, -1.505284
2.000000, 1.150000, -1.939345
0.000000, 1.200000, -1.347091
0.050000, 1.200000, -1.768366
0.100000, 1.200000, -1.927300
0.150000, 1.200000, -1.671294
0.200000, 1.200000, -0.995529
0.250000, 1.200000, -0.045709
0.300000, 1.200000, 0.934275
0.350000, 1.200000, 1.690328
0.400000, 1.200000, 2.049266
0.450000, 1.200000, 1.979610
0.500000, 1.200000, 1.599965
0.550000, 1.200000, 1.132434
0.600000, 1.200000, 0.818764
0.650000, 1.200000, 0.830516
0.700000, 1.200000, 1.206381
0.750000, 1.200000, 1.839380
0.800000, 1.200000, 2.517926
0.850000, 1.200000, 3.004828
0.900000, 1.200000, 3.124478
0.950000, 1.200000, 2.825963
1.000000, 1.200000, 2.199256
1.050000, 1.200000, 1.439439
1.100000, 1.200000, 0.773268
1.150000, 1.200000, 0.376058
1.200000, 1.200000, 0.309888
1.250000, 1.200000, 0.505515
1.300000, 1.200000, 0.793594
1.350000, 1.200000, 0.972278
1.400000, 1.200000, 0.884975
1.450000, 1.200000, 0.478870
1.500000, 1.200000, -0.177215
1.550000, 1.200000, -0.921225
1.600000, 1.200000, -1.560542
1.650000, 1.200000, -1.944312
1.700000, 1.200000, -2.017786
1.750000, 1.200000, -1.838601
1.800000, 1.200000, -1.549966
1.850000, 1.200000, -1.322270
1.900000, 1.200000, -1.286460
1.950000, 1.200000, -1.485066
2.000000, 1.200000, -1.859300
0.000000, 1.250000, -1.457677
0.050000, 1.250000, -1.858215
0.100000, 1.250000, -1.993396
0.150000, 1.250000, -1.707972
0.200000, 1.250000, -1.000176
0.250000, 1.250000, -0.023786
0.300000, 1.250000, 0.967458
0.350000, 1.250000, 1.712357
0.400000, 1.250000, 2.037269
0.450000, 1.250000, 1.918383
0.500000, 1.250000, 1.488286
0.550000, 1.250000, 0.984623
0.600000, 1.250000, 0.660236
0.650000, 1.250000, 0.688354
0.700000, 1.250000, 1.098080
0.750000, 1.250000, 1.763981
0.800000, 1.250000, 2.453282
0.850000, 1.250000, 2.912760
0.900000, 1.250000, 2.962781
0.950000, 1.250000, 2.563504
1.000000, 1.250000, 1.828918
1.050000, 1.250000, 0.983962
1.100000, 1.250000, 0.281176
1.150000, 1.250000, -0.091774
1.200000, 1.250000, -0.079284
1.250000, 1.250000, 0.224906
1.300000, 1.250000, 0.616145
1.350000, 1.250000, 0.857987
1.400000, 1.250000, 0.772028
1.450000, 1.250000, 0.304873
1.500000, 1.250000, -0.452405
1.550000, 1.250000, -1.298895
1.600000, 1.250000, -1.998926
1.650000, 1.250000, -2.369024
1.700000, 1.250000, -2.344219
1.750000, 1.250000, -1.999338
1.800000, 1.250000, -1.518119
1.850000, 1.250000, -1.122603
1.900000, 1.250000, -0.989853
1.950000, 1.250000, -1.187359
2.000000, 1.250000, -1.650891
0.000000, 1.300000, -1.216671
0.050000, 1.300000, -1.600230
0.100000, 1.300000, -1.715399
0.150000, 1.300000, -1.404288
0.200000, 1.300000, -0.668934
0.250000, 1.300000, 0.327764
0.300000, 1.300000, 1.321728
0.350000, 1.300000, 2.045512
0.400000, 1.300000, 2.327378
0.450000, 1.300000, 2.154322
0.500000, 1.300000, 1.675332
0.550000, 1.300000, 1.143743
0.600000, 1.300000, 0.820501
0.650000, 1.300000, 0.874872
0.700000, 1.300000, 1.320074
0.750000, 1.300000, 2.008065
0.800000, 1.300000, 2.685403
0.850000, 1.300000, 3.089042
0.900000, 1.300000, 3.045879
0.950000, 1.300000, 2.538529
1.000000, 1.300000, 1.712543
1.050000, 1.300000, 0.822437
1.100000, 1.300000, 0.136955
1.150000, 1.300000, -0.160690
1.200000, 1.300000, -0.040011
1.250000, 1.300000, 0.367340
1.300000, 1.300000, 0.819319
1.350000, 1.300000, 1.056719
1.400000, 1.300000, 0.902602
1.450000, 1.300000, 0.330387
1.500000, 1.300000, -0.525007
1.550000, 1.300000, -1.417082
1.600000, 1.300000, -2.079769
1.650000, 1.300000, -2.326785
1.700000, 1.300000, -2.120871
1.750000, 1.300000, -1.586949
1.800000, 1.300000, -0.964394
1.850000, 1.300000, -0.516630
1.900000, 1.300000, -0.432244
1.950000, 1.300000, -0.754903
2.000000, 1.300000, -1.368371
0.000000, 1.350000, -0.691360
0.050000, 1.350000, -1.062160
0.100000, 1.350000, -1.161412
0.150000, 1.350000, -0.828631
0.200000, 1.350000, -0.070497
0.250000, 1.350000, 0.939911
0.300000, 1.350000, 1.927874
0.350000, 1.350000, 2.620945
0.400000, 1.350000, 2.852052
0.450000, 1.350000, 2.622183
0.500000, 1.350000, 2.098587
0.550000, 1.350000, 1.549222
0.600000, 1.350000, 1.238713
0.650000, 1.350000, 1.325874
0.700000, 1.350000, 1.802233
0.750000, 1.350000, 2.495201
0.800000, 1.350000, 3.134648
0.850000, 1.350000, 3.457256
0.900000, 1.350000, 3.308488
0.950000, 1.350000, 2.702924
1.000000, 1.350000, 1.819772
1.050000, 1.350000, 0.935256
1.100000, 1.350000, 0.317902
1.150000, 1.350000, 0.126967
1.200000, 1.350000, 0.353031
1.250000, 1.350000, 0.823539
1.300000, 1.350000, 1.271076
1.350000, 1.350000, 1.438031
1.400000, 1.350000, 1.177338
1.450000, 1.350000, 0.510508
1.500000, 1.350000, -0.379368
1.550000, 1.350000, -1.216958
1.600000, 1.350000, -1.739665
1.650000, 1.350000, -1.797887
1.700000, 1.350000, -1.412024
1.750000, 1.350000, -0.764348
1.800000, 1.350000, -0.128927
1.850000, 1.350000, 0.233396
1.900000, 1.350000, 0.174577
1.950000, 1.350000, -0.284768
2.000000, 1.350000, -0.964645
0.000000, 1.400000, -0.052124
0.050000, 1.400000, -0.414744
0.100000, 1.400000, -0.502411
0.150000, 1.400000, -0.152150
0.200000, 1.400000, 0.623798
0.250000, 1.400000, 1.641116
0.300000, 1.400000, 2.614373
0.350000, 1.400000, 3.267772
0.400000, 1.400000, 3.442004
0.450000, 1.400000, 3.155132
0.500000, 1.400000, 2.593718
0.550000, 1.400000, 2.037909
0.600000, 1.400000, 1.750296
0.650000, 1.400000, 1.872421
0.700000, 1.400000, 2.369661
0.750000, 1.400000, 3.045920
0.800000, 1.400000, 3.621949
0.850000, 1.400000, 3.846123
0.900000, 1.400000, 3.593903
0.950000, 1.400000, 2.916964
1.000000, 1.400000, 2.023031
1.050000, 1.400000, 1.194852
1.100000, 1.400000, 0.680575
1.150000, 1.400000, 0.598744
1.200000, 1.400000, 0.894988
1.250000, 1.400000, 1.366841
1.300000, 1.400000, 1.746219
1.350000, 1.400000, 1.806598
1.400000, 1.400000, 1.452602
1.450000, 1.400000, 0.757112
1.500000, 1.400000, -0.068017
1.550000, 1.400000, -0.755379
1.600000, 1.400000, -1.086287
1.650000, 1.400000, -0.974897
1.700000, 1.400000, -0.499633
1.750000, 1.400000, 0.129569
1.800000, 1.400000, 0.654458
1.850000, 1.400000, 0.868891
1.900000, 1.400000, 0.697120
1.950000, 1.400000, 0.219830
2.000000, 1.400000, -0.361249
0.000000, 1.450000, 0.491095
0.050000, 1.450000, 0.131834
0.100000, 1.450000, 0.051301
0.150000, 1.450000, 0.414800
0.200000, 1.450000, 1.203522
0.250000, 1.450000, 2.220892
0.300000, 1.450000, 3.170949
0.350000, 1.450000, 3.776618
0.400000, 1.450000, 3.889704
0.450000, 1.450000, 3.548138
0.500000, 1.450000, 2.957816
0.550000, 1.450000, 2.407228
0.600000, 1.450000, 2.150193
0.650000, 1.450000, 2.304506
0.700000, 1.450000, 2.807110
0.750000, 1.450000, 3.442913
0.800000, 1.450000, 3.934294
0.850000, 1.450000, 4.054103
0.900000, 1.450000, 3.716277
0.950000, 1.450000, 3.008222
1.000000, 1.450000, 2.153405
1.050000, 1.450000, 1.420903
1.100000, 1.450000, 1.019455
1.150000, 1.450000, 1.018666
1.200000, 1.450000, 1.327796
1.250000, 1.450000, 1.738599
1.300000, 1.450000, 2.012918
1.350000, 1.450000, 1.978681
1.400000, 1.450000, 1.596024
1.450000, 1.450000, 0.968688
1.500000, 1.450000, 0.298567
1.550000, 1.450000, -0.196223
1.600000, 1.450000, -0.365998
1.650000, 1.450000, -0.183773
1.700000, 1.450000, 0.250357
1.750000, 1.450000, 0.753649
1.800000, 1.450000, 1.134052
1.850000, 1.450000, 1.262530
1.900000, 1.450000, 1.116825
1.950000, 1.450000, 0.781918
2.000000, 1.450000, 0.410031
0.000000, 1.500000, 0.767310
0.050000, 1.500000, 0.406465
0.100000, 1.500000, 0.328619
0.150000, 1.500000, 0.701181
0.200000, 1.500000, 1.497682
0.250000, 1.500000, 2.508323
0.300000, 1.500000, 3.427091
0.350000, 1.500000, 3.978115
0.400000, 1.500000, 4.027825
0.450000, 1.500000, 3.636305
0.500000, 1.500000, 3.027617
0.550000, 1.500000, 2.493344
0.600000, 1.500000, 2.271221
0.650000, 1.500000, 2.449921
0.700000, 1.500000, 2.938557
0.750000, 1.500000, 3.511118
0.800000, 1.500000, 3.904522
0.850000, 1.500000, 3.927652
0.900000, 1.500000, 3.536162
0.950000, 1.500000, 2.844240
1.000000, 1.500000, 2.072026
1.050000, 1.500000, 1.453815
1.100000, 1.500000, 1.146621
1.150000, 1.500000, 1.175762
1.200000, 1.500000, 1.436430
1.250000, 1.500000, 1.746040
1.300000, 1.500000, 1.922242
1.350000, 1.500000, 1.853524
1.400000, 1.500000, 1.535614
1.450000, 1.500000, 1.063286
1.500000, 1.500000, 0.585821
1.550000, 1.500000, 0.247472
1.600000, 1.500000, 0.137043
1.650000, 1.500000, 0.263691
1.700000, 1.500000, 0.563446
1.750000, 1.500000, 0.928986
1.800000, 1.500000, 1.248402
1.850000, 1.500000, 1.438800
1.900000, 1.500000, 1.465735
1.950000, 1.500000, 1.346298
2.000000, 1.500000, 1.138793
0.000000, 1.550000, 0.708034
0.050000, 1.550000, 0.340666
0.100000, 1.550000, 0.261187
0.150000, 1.550000, 0.638818
0.200000, 1.550000, 1.438259
0.250000, 1.550000, 2.435602
0.300000, 1.550000, 3.315588
0.350000, 1.550000, 3.806415
0.400000, 1.550000, 3.792680
0.450000, 1.550000, 3.358213
0.500000, 1.550000, 2.742728
0.550000, 1.550000, 2.234433
0.600000, 1.550000, 2.047616
0.650000, 1.550000, 2.238336
0.700000, 1.550000, 2.691866
0.750000, 1.550000, 3.182518
0.800000, 1.550000, 3.475288
0.850000, 1.550000, 3.423184
0.900000, 1.550000, 3.019889
0.950000, 1.550000, 2.390148
1.000000, 1.550000, 1.728524
1.050000, 1.550000, 1.217689
1.100000, 1.550000, 0.962126
1.150000, 1.550000, 0.961658
1.200000, 1.550000, 1.128926
1.250000, 1.550000, 1.336055
1.300000, 1.550000, 1.466673
1.350000, 1.550000, 1.452439
1.400000, 1.550000, 1.284758
1.450000, 1.550000, 1.005002
1.500000, 1.550000, 0.683977
1.550000, 1.550000, 0.401099
1.600000, 1.550000, 0.228122
1.650000, 1.550000, 0.216395
1.700000, 1.550000, 0.384831
1.750000, 1.550000, 0.708964
1.800000, 1.550000, 1.116727
1.850000, 1.550000, 1.498905
1.900000, 1.550000, 1.738311
1.950000, 1.550000, 1.752194
2.000000, 1.550000, 1.532064
0.000000, 1.600000, 0.371633
0.050000, 1.600000, -0.007070
0.100000, 1.600000, -0.092253
0.150000, 1.600000, 0.286743
0.200000, 1.600000, 1.084548
0.250000, 1.600000, 2.062365
0.300000, 1.600000, 2.896843
0.350000, 1.600000, 3.323472
0.400000, 1.600000, 3.248442
0.450000, 1.600000, 2.780027
0.500000, 1.600000, 2.169682
0.550000, 1.600000, 1.694807
0.600000, 1.600000, 1.539505
0.650000, 1.600000, 1.726302
0.700000, 1.600000, 2.124173
0.750000, 1.600000, 2.521265
0.800000, 1.600000, 2.722879
0.850000, 1.600000, 2.628733
0.900000, 1.600000, 2.259233
0.950000, 1.600000, 1.728110
1.000000, 1.600000, 1.183389
1.050000, 1.600000, 0.748623
1.100000, 1.600000, 0.488994
1.150000, 1.600000, 0.408913
1.200000, 1.600000, 0.470733
1.250000, 1.600000, 0.617149
1.300000, 1.600000, 0.785110
1.350000, 1.600000, 0.910858
1.400000, 1.600000, 0.934975
1.450000, 1.600000, 0.816351
1.500000, 1.600000, 0.554673
1.550000, 1.600000, 0.209246
1.600000, 1.600000, -0.103253
1.650000, 1.600000, -0.242514
1.700000, 1.600000, -0.103163
1.750000, 1.600000, 0.326412
1.800000, 1.600000, 0.936908
1.850000, 1.600000, 1.524610
1.900000, 1.600000, 1.868869
1.950000, 1.600000, 1.830302
2.000000, 1.600000, 1.423723
0.000000, 1.650000, -0.080778
0.050000, 1.650000, -0.475378
0.100000, 1.650000, -0.569975
0.150000, 1.650000, -0.192925
0.200000, 1.650000, 0.599028
0.250000, 1.650000, 1.551549
0.300000, 1.650000, 2.334722
0.350000, 1.650000, 2.694851
0.400000, 1.650000, 2.562877
0.450000, 1.650000, 2.071141
0.500000, 1.650000, 1.477546
0.550000, 1.650000, 1.040689
0.600000, 1.650000, 0.909048
0.650000, 1.650000, 1.073847
0.700000, 1.650000, 1.398614
0.750000, 1.650000, 1.699743
0.800000, 1.650000, 1.831689
0.850000, 1.650000, 1.736459
0.900000, 1.650000, 1.442919
0.950000, 1.650000, 1.030281
1.000000, 1.650000, 0.585362
1.050000, 1.650000, 0.178113
1.100000, 1.650000, -0.139273
1.150000, 1.650000, -0.323230
1.200000, 1.650000, -0.339035
1.250000, 1.650000, -0.178946
1.300000, 1.650000, 0.112097
1.350000, 1.650000, 0.426638
1.400000, 1.650000, 0.620367
1.450000, 1.650000, 0.572579
1.500000, 1.650000, 0.255324
1.550000, 1.650000, -0.228477
1.600000, 1.650000, -0.668511
1.650000, 1.650000, -0.832667
1.700000, 1.650000, -0.579543
1.750000, 1.650000, 0.058164
1.800000, 1.650000, 0.867362
1.850000, 1.650000, 1.537715
1.900000, 1.650000, 1.800550
1.950000, 1.650000, 1.557774
2.000000, 1.650000, 0.935473
0.000000, 1.700000, -0.448637
0.050000, 1.700000, -0.863330
0.100000, 1.700000, -0.970585
0.150000, 1.700000, -0.598308
0.200000, 1.700000, 0.184017
0.250000, 1.700000, 1.106039
0.300000, 1.700000, 1.833181
0.350000, 1.700000, 2.126316
0.400000, 1.700000, 1.943851
0.450000, 1.700000, 1.440610
0.500000, 1.700000, 0.874366
0.550000, 1.700000, 0.476848
0.600000, 1.700000, 0.357471
0.650000, 1.700000, 0.481834
0.700000, 1.700000, 0.721534
0.750000, 1.700000, 0.934789
0.800000, 1.700000, 1.028752
0.850000, 1.700000, 0.975750
0.900000, 1.700000, 0.789948
0.950000, 1.700000, 0.495044
1.000000, 1.700000, 0.112738
1.050000, 1.700000, -0.321085
1.100000, 1.700000, -0.732539
1.150000, 1.700000, -1.009307
1.200000, 1.700000, -1.040376
1.250000, 1.700000, -0.782010
1.300000, 1.700000, -0.309858
1.350000, 1.700000, 0.184632
1.400000, 1.700000, 0.467763
1.450000, 1.700000, 0.378840
1.500000, 1.700000, -0.072789
1.550000, 1.700000, -0.687910
1.600000, 1.700000, -1.157029
1.650000, 1.700000, -1.207411
1.700000, 1.700000, -0.744558
1.750000, 1.700000, 0.087797
1.800000, 1.700000, 0.965720
1.850000, 1.700000, 1.536091
1.900000, 1.700000, 1.585294
1.950000, 1.700000, 1.139537
2.000000, 1.700000, 0.446029
0.000000, 1.750000, -0.570219
0.050000, 1.750000, -1.008732
0.100000, 1.750000, -1.131329
0.150000, 1.750000, -0.766093
0.200000, 1.750000, 0.003343
0.250000, 1.750000, 0.890320
0.300000, 1.750000, 1.557895
0.350000, 1.750000, 1.785408
0.400000, 1.750000, 1.560844
0.450000, 1.750000, 1.058605
0.500000, 1.750000, 0.528676
0.550000, 1.750000, 0.168351
0.600000, 1.750000, 0.047162
0.650000, 1.750000, 0.114238
0.700000, 1.750000, 0.264330
0.750000, 1.750000, 0.408325
0.800000, 1.750000, 0.502862
0.850000, 1.750000, 0.531674
0.900000, 1.750000, 0.469534
0.950000, 1.750000, 0.270825
1.000000, 1.750000, -0.098253
1.050000, 1.750000, -0.604620
1.100000, 1.750000, -1.117547
1.150000, 1.750000, -1.440960
1.200000, 1.750000, -1.407085
1.250000, 1.750000, -0.983022
1.300000, 1.750000, -0.321829
1.350000, 1.750000, 0.286415
1.400000, 1.750000, 0.551072
1.450000, 1.750000, 0.336239
1.500000, 1.750000, -0.253144
1.550000, 1.750000, -0.909671
1.600000, 1.750000, -1.273348
1.650000, 1.750000, -1.115598
1.700000, 1.750000, -0.458096
1.750000, 1.750000, 0.438256
1.800000, 1.750000, 1.207208
1.850000, 1.750000, 1.559677
1.900000, 1.750000, 1.416688
1.950000, 1.750000, 0.926384
2.000000, 1.750000, 0.365960
0.000000, 1.800000, -0.385959
0.050000, 1.800000, -0.851451
0.100000, 1.800000, -0.991434
0.150000, 1.800000, -0.634887
0.200000, 1.800000, 0.118967
0.250000, 1.800000, 0.967089
0.300000, 1.800000, 1.572845
0.350000, 1.800000, 1.737988
0.400000, 1.800000, 1.481414
0.450000, 1.800000, 0.992838
0.500000, 1.800000, 0.506012
0.550000, 1.800000, 0.177338
0.600000, 1.800000, 0.038749
0.650000, 1.800000, 0.035206
0.700000, 1.800000, 0.099838
0.750000, 1.800000, 0.202462
0.800000, 1.800000, 0.338533
0.850000, 1.800000, 0.479225
0.900000, 1.800000, 0.537872
0.950000, 1.800000, 0.396941
1.000000, 1.800000, -0.009532
1.050000, 1.800000, -0.613939
1.100000, 1.800000, -1.202444
1.150000, 1.800000, -1.501794
1.200000, 1.800000, -1.328349
1.250000, 1.800000, -0.711703
1.300000, 1.800000, 0.090827
1.350000, 1.800000, 0.711937
1.400000, 1.800000, 0.866061
1.450000, 1.800000, 0.506743
1.500000, 1.800000, -0.143626
1.550000, 1.800000, -0.711807
1.600000, 1.800000, -0.872750
1.650000, 1.800000, -0.516299
1.700000, 1.800000, 0.209927
1.750000, 1.800000, 0.997309
1.800000, 1.800000, 1.547173
1.850000, 1.800000, 1.713503
1.900000, 1.800000, 1.542320
1.950000, 1.800000, 1.202653
2.000000, 1.800000, 0.869214
0.000000, 1.850000, 0.037420
0.050000, 1.850000, -0.457562
0.100000, 1.850000, -0.616274
0.150000, 1.850000, -0.269396
0.200000, 1.850000, 0.466789
0.250000, 1.850000, 1.273040
0.300000, 1.850000, 1.816076
0.350000, 1.850000, 1.923940
0.400000, 1.850000, 1.646849
0.450000, 1.850000, 1.184203
0.500000, 1.850000, 0.744671
0.550000, 1.850000, 0.439045
0.600000, 1.850000, 0.267334
0.650000, 1.850000, 0.185088
0.700000, 1.850000, 0.177503
0.750000, 1.850000, 0.273458
0.800000, 1.850000, 0.489404
0.850000, 1.850000, 0.757920
0.900000, 1.850000, 0.915909
0.950000, 1.850000, 0.784877
1.000000, 1.850000, 0.300873
1.050000, 1.850000, -0.398636
1.100000, 1.850000, -1.007855
1.150000, 1.850000, -1.206272
1.200000, 1.850000, -0.847391
1.250000, 1.850000, -0.062924
1.300000, 1.850000, 0.791854
1.350000, 1.850000, 1.327522
1.400000, 1.850000, 1.333758
1.450000, 1.850000, 0.888484
1.500000, 1.850000, 0.300035
1.550000, 1.850000, -0.076366
1.600000, 1.850000, -0.031786
1.650000, 1.850000, 0.407317
1.700000, 1.850000, 1.033561
1.750000, 1.850000, 1.603041
1.800000, 1.850000, 1.966766
1.850000, 1.850000, 2.110394
1.900000, 1.850000, 2.098122
1.950000, 1.850000, 1.984922
2.000000, 1.850000, 1.774686
0.000000, 1.900000, 0.531215
0.050000, 1.900000, 0.004942
0.100000, 1.900000, -0.173090
0.150000, 1.900000, 0.163829
0.200000, 1.900000, 0.880887
0.250000, 1.900000, 1.643087
0.300000, 1.900000, 2.123888
0.350000, 1.900000, 2.181319
0.400000, 1.900000, 1.896247
0.450000, 1.900000, 1.470871
0.500000, 1.900000, 1.079961
0.550000, 1.900000, 0.786303
0.600000, 1.900000, 0.567090
0.650000, 1.900000, 0.404646
0.700000, 1.900000, 0.346638
0.750000, 1.900000, 0.474019
0.800000, 1.900000, 0.800633
0.850000, 1.900000, 1.196188
0.900000, 1.900000, 1.416995
0.950000, 1.900000, 1.248121
1.000000, 1.900000, 0.666875
1.050000, 1.900000, -0.094971
1.100000, 1.900000, -0.653433
1.150000, 1.900000, -0.689208
1.200000, 1.900000, -0.143414
1.250000, 1.900000, 0.737992
1.300000, 1.900000, 1.544406
1.350000, 1.900000, 1.936870
1.400000, 1.900000, 1.830153
1.450000, 1.900000, 1.410945
1.500000, 1.900000, 0.995136
1.550000, 1.900000, 0.831206
1.600000, 1.900000, 0.980640
1.650000, 1.900000, 1.338318
1.700000, 1.900000, 1.750930
1.750000, 1.900000, 2.128218
1.800000, 1.900000, 2.463749
1.850000, 1.900000, 2.766288
1.900000, 1.900000, 2.980038
1.950000, 1.900000, 2.980365
2.000000, 1.900000, 2.664828
0.000000, 1.950000, 0.888230
0.050000, 1.950000, 0.329628
0.100000, 1.950000, 0.132461
0.150000, 1.950000, 0.459829
0.200000, 1.950000, 1.156935
0.250000, 1.950000, 1.873759
0.300000, 1.950000, 2.294211
0.350000, 1.950000, 2.309666
0.400000, 1.950000, 2.029805
0.450000, 1.950000, 1.651604
0.500000, 1.950000, 1.307686
0.550000, 1.950000, 1.013236
0.600000, 1.950000, 0.734946
0.650000, 1.950000, 0.498196
0.700000, 1.950000, 0.418617
0.750000, 1.950000, 0.614891
0.800000, 1.950000, 1.071297
0.850000, 1.950000, 1.576250
0.900000, 1.950000, 1.814554
0.950000, 1.950000, 1.570192
1.000000, 1.950000, 0.898274
1.050000, 1.950000, 0.130830
1.100000, 1.950000, -0.306341
1.150000, 1.950000, -0.151193
1.200000, 1.950000, 0.535798
1.250000, 1.950000, 1.418305
1.300000, 1.950000, 2.099565
1.350000, 1.950000, 2.355343
1.400000, 1.950000, 2.230680
1.450000, 1.950000, 1.953856
1.500000, 1.950000, 1.753517
1.550000, 1.950000, 1.722908
1.600000, 1.950000, 1.819891
1.650000, 1.950000, 1.973360
1.700000, 1.950000, 2.182992
1.750000, 1.950000, 2.515732
1.800000, 1.950000, 3.001900
1.850000, 1.950000, 3.530907
1.900000, 1.950000, 3.858183
1.950000, 1.950000, 3.747385
2.000000, 1.950000, 3.154290
0.000000, 2.000000, 0.941230
0.050000, 2.000000, 0.350048
0.100000, 2.000000, 0.134717
0.150000, 2.000000, 0.453629
0.200000, 2.000000, 1.130573
0.250000, 2.000000, 1.801562
0.300000, 2.000000, 2.164920
0.350000, 2.000000, 2.148293
0.400000, 2.000000, 1.887060
0.450000, 2.000000, 1.564066
0.500000, 2.000000, 1.262626
0.550000, 2.000000, 0.953909
0.600000, 2.000000, 0.609082
0.650000, 2.000000, 0.311461
0.700000, 2.000000, 0.243889
0.750000, 2.000000, 0.541747
0.800000, 2.000000, 1.132682
0.850000, 2.000000, 1.715015
0.900000, 2.000000, 1.924761
0.950000, 2.000000, 1.585709
1.000000, 2.000000, 0.856250
1.050000, 2.000000, 0.151863
1.100000, 2.000000, -0.112771
1.150000, 2.000000, 0.218370
1.200000, 2.000000, 0.965189
1.250000, 2.000000, 1.758397
1.300000, 2.000000, 2.289722
1.350000, 2.000000, 2.479091
1.400000, 2.000000, 2.453227
1.450000, 2.000000, 2.385594
1.500000, 2.000000, 2.349637
1.550000, 2.000000, 2.306402
1.600000, 2.000000, 2.216936
1.650000, 2.000000, 2.154684
1.700000, 2.000000, 2.293109
1.750000, 2.000000, 2.758933
1.800000, 2.000000, 3.472086
1.850000, 2.000000, 4.124296
1.900000, 2.000000, 4.346270
1.950000, 2.000000, 3.957915
2.000000, 2.000000, 3.115251
