0.000000, 0.000000, 1.976952
0.050000, 0.000000, 1.860795
0.100000, 0.000000, 1.757440
0.150000, 0.000000, 1.670243
0.200000, 0.000000, 1.602374
0.250000, 0.000000, 1.556739
0.300000, 0.000000, 1.535912
0.350000, 0.000000, 1.542062
0.400000, 0.000000, 1.576907
0.450000, 0.000000, 1.641664
0.500000, 0.000000, 1.737018
0.550000, 0.000000, 1.863106
0.600000, 0.000000, 2.019505
0.650000, 0.000000, 2.205245
0.700000, 0.000000, 2.418830
0.750000, 0.000000, 2.658267
0.800000, 0.000000, 2.921116
0.850000, 0.000000, 3.204546
0.900000, 0.000000, 3.505399
0.950000, 0.000000, 3.820267
1.000000, 0.000000, 4.145572
1.050000, 0.000000, 4.477648
1.100000, 0.000000, 4.812828
1.150000, 0.000000, 5.147535
1.200000, 0.000000, 5.478359
1.250000, 0.000000, 5.802143
1.300000, 0.000000, 6.116057
1.350000, 0.000000, 6.417659
1.400000, 0.000000, 6.704959
1.450000, 0.000000, 6.976459
1.500000, 0.000000, 7.231188
1.550000, 0.000000, 7.468725
1.600000, 0.000000, 7.689206
1.650000, 0.000000, 7.893316
1.700000, 0.000000, 8.082273
1.750000, 0.000000, 8.257793
1.800000, 0.000000, 8.422047
1.850000, 0.000000, 8.577608
1.900000, 0.000000, 8.727382
1.950000, 0.000000, 8.874541
2.000000, 0.000000, 9.022438
0.000000, 0.050000, 1.803960
0.050000, 0.050000, 1.693978
0.100000, 0.050000, 1.596775
0.150000, 0.050000, 1.515689
0.200000, 0.050000, 1.453875
0.250000, 0.050000, 1.414225
0.300000, 0.050000, 1.399294
0.350000, 0.050000, 1.411241
0.400000, 0.050000, 1.451768
0.450000, 0.050000, 1.522079
0.500000, 0.050000, 1.622847
0.550000, 0.050000, 1.754196
0.600000, 0.050000, 1.915695
0.650000, 0.050000, 2.106362
0.700000, 0.050000, 2.324693
0.750000, 0.050000, 2.568688
0.800000, 0.050000, 2.835900
0.850000, 0.050000, 3.123492
0.900000, 0.050000, 3.428305
0.950000, 0.050000, 3.746925
1.000000, 0.050000, 4.075774
1.050000, 0.050000, 4.411184
1.100000, 0.050000, 4.749491
1.150000, 0.050000, 5.087119
1.200000, 0.050000, 5.420662
1.250000, 0.050000, 5.746968
1.300000, 0.050000, 6.063211
1.350000, 0.050000, 6.366958
1.400000, 0.050000, 6.656225
1.450000, 0.050000, 6.929524
1.500000, 0.050000, 7.185894
1.550000, 0.050000, 7.424926
1.600000, 0.050000, 7.646766
1.650000, 0.050000, 7.852113
1.700000, 0.050000, 8.042197
1.750000, 0.050000, 8.218748
1.800000, 0.050000, 8.383953
1.850000, 0.050000, 8.540397
1.900000, 0.050000, 8.691005
1.950000, 0.050000, 8.838960
2.000000, 0.050000, 8.987633
0.000000, 0.100000, 1.463597
0.050000, 0.100000, 1.359767
0.100000, 0.100000, 1.268673
0.150000, 0.100000, 1.193637
0.200000, 0.100000, 1.137796
0.250000, 0.100000, 1.104024
0.300000, 0.100000, 1.094862
0.350000, 0.100000, 1.112451
0.400000, 0.100000, 1.158479
0.450000, 0.100000, 1.234134
0.500000, 0.100000, 1.340077
0.550000, 0.100000, 1.476419
0.600000, 0.100000, 1.642717
0.650000, 0.100000, 1.837980
0.700000, 0.100000, 2.060694
0.750000, 0.100000, 2.308849
0.800000, 0.100000, 2.579993
0.850000, 0.100000, 2.871284
0.900000, 0.100000, 3.179555
0.950000, 0.100000, 3.501393
1.000000, 0.100000, 3.833215
1.050000, 0.100000, 4.171354
1.100000, 0.100000, 4.512146
1.150000, 0.100000, 4.852017
1.200000, 0.100000, 5.187564
1.250000, 0.100000, 5.515640
1.300000, 0.100000, 5.833424
1.350000, 0.100000, 6.138491
1.400000, 0.100000, 6.428863
1.450000, 0.100000, 6.703061
1.500000, 0.100000, 6.960136
1.550000, 0.100000, 7.199687
1.600000, 0.100000, 7.421874
1.650000, 0.100000, 7.627407
1.700000, 0.100000, 7.817529
1.750000, 0.100000, 7.993984
1.800000, 0.100000, 8.158973
1.850000, 0.100000, 8.315097
1.900000, 0.100000, 8.465293
1.950000, 0.100000, 8.612762
2.000000, 0.100000, 8.760888
0.000000, 0.150000, 1.061745
0.050000, 0.150000, 0.964026
0.100000, 0.150000, 0.878983
0.150000, 0.150000, 0.809914
0.200000, 0.150000, 0.759937
0.250000, 0.150000, 0.731904
0.300000, 0.150000, 0.728337
0.350000, 0.150000, 0.751359
0.400000, 0.150000, 0.802638
0.450000, 0.150000, 0.883347
0.500000, 0.150000, 0.994129
0.550000, 0.150000, 1.135082
0.600000, 0.150000, 1.305747
0.650000, 0.150000, 1.505122
0.700000, 0.150000, 1.731682
0.750000, 0.150000, 1.983407
0.800000, 0.150000, 2.257836
0.850000, 0.150000, 2.552121
0.900000, 0.150000, 2.863089
0.950000, 0.150000, 3.187324
1.000000, 0.150000, 3.521240
1.050000, 0.150000, 3.861169
1.100000, 0.150000, 4.203448
1.150000, 0.150000, 4.544505
1.200000, 0.150000, 4.880942
1.250000, 0.150000, 5.209615
1.300000, 0.150000, 5.527711
1.350000, 0.150000, 5.832812
1.400000, 0.150000, 6.122951
1.450000, 0.150000, 6.396658
1.500000, 0.150000, 6.652995
1.550000, 0.150000, 6.891576
1.600000, 0.150000, 7.112573
1.650000, 0.150000, 7.316712
1.700000, 0.150000, 7.505252
1.750000, 0.150000, 7.679953
1.800000, 0.150000, 7.843032
1.850000, 0.150000, 7.997109
1.900000, 0.150000, 8.145139
1.950000, 0.150000, 8.290342
2.000000, 0.150000, 8.436122
0.000000, 0.200000, 0.729273
0.050000, 0.200000, 0.637609
0.100000, 0.200000, 0.558539
0.150000, 0.200000, 0.495334
0.200000, 0.200000, 0.451083
0.250000, 0.200000, 0.428617
0.300000, 0.200000, 0.430431
0.350000, 0.200000, 0.458623
0.400000, 0.200000, 0.514841
0.450000, 0.200000, 0.600237
0.500000, 0.200000, 0.715434
0.550000, 0.200000, 0.860510
0.600000, 0.200000, 1.034993
0.650000, 0.200000, 1.237866
0.700000, 0.200000, 1.467589
0.750000, 0.200000, 1.722135
0.800000, 0.200000, 1.999032
0.850000, 0.200000, 2.295425
0.900000, 0.200000, 2.608139
0.950000, 0.200000, 2.933753
1.000000, 0.200000, 3.268682
1.050000, 0.200000, 3.609260
1.100000, 0.200000, 3.951829
1.150000, 0.200000, 4.292821
1.200000, 0.200000, 4.628847
1.250000, 0.200000, 4.956775
1.300000, 0.200000, 5.273802
1.350000, 0.200000, 5.577526
1.400000, 0.200000, 5.865995
1.450000, 0.200000, 6.137758
1.500000, 0.200000, 6.391896
1.550000, 0.200000, 6.628043
1.600000, 0.200000, 6.846396
1.650000, 0.200000, 7.047702
1.700000, 0.200000, 7.233248
1.750000, 0.200000, 7.404819
1.800000, 0.200000, 7.564660
1.850000, 0.200000, 7.715418
1.900000, 0.200000, 7.860077
1.950000, 0.200000, 8.001887
2.000000, 0.200000, 8.144280
0.000000, 0.250000, 0.572030
0.050000, 0.250000, 0.486351
0.100000, 0.250000, 0.413159
0.150000, 0.250000, 0.355693
0.200000, 0.250000, 0.317009
0.250000, 0.250000, 0.299904
0.300000, 0.250000, 0.306843
0.350000, 0.250000, 0.339896
0.400000, 0.250000, 0.400681
0.450000, 0.250000, 0.490327
0.500000, 0.250000, 0.609434
0.550000, 0.250000, 0.758061
0.600000, 0.250000, 0.935717
0.650000, 0.250000, 1.141369
0.700000, 0.250000, 1.373467
0.750000, 0.250000, 1.629975
0.800000, 0.250000, 1.908415
0.850000, 0.250000, 2.205930
0.900000, 0.250000, 2.519345
0.950000, 0.250000, 2.845244
1.000000, 0.250000, 3.180049
1.050000, 0.250000, 3.520105
1.100000, 0.250000, 3.861766
1.150000, 0.250000, 4.201483
1.200000, 0.250000, 4.535885
1.250000, 0.250000, 4.861863
1.300000, 0.250000, 5.176642
1.350000, 0.250000, 5.477844
1.400000, 0.250000, 5.763551
1.450000, 0.250000, 6.032342
1.500000, 0.250000, 6.283335
1.550000, 0.250000, 6.516201
1.600000, 0.250000, 6.731172
1.650000, 0.250000, 6.929038
1.700000, 0.250000, 7.111124
1.750000, 0.250000, 7.279258
1.800000, 0.250000, 7.435726
1.850000, 0.250000, 7.583217
1.900000, 0.250000, 7.724758
1.950000, 0.250000, 7.863639
2.000000, 0.250000, 8.003335
0.000000, 0.300000, 0.630400
0.050000, 0.300000, 0.550618
0.100000, 0.300000, 0.483195
0.150000, 0.300000, 0.431324
0.200000, 0.300000, 0.398021
0.250000, 0.300000, 0.386041
0.300000, 0.300000, 0.397812
0.350000, 0.300000, 0.435368
0.400000, 0.300000, 0.500297
0.450000, 0.300000, 0.593698
0.500000, 0.300000, 0.716146
0.550000, 0.300000, 0.867680
0.600000, 0.300000, 1.047792
0.650000, 0.300000, 1.255440
0.700000, 0.300000, 1.489065
0.750000, 0.300000, 1.746628
0.800000, 0.300000, 2.025656
0.850000, 0.300000, 2.323298
0.900000, 0.300000, 2.636394
0.950000, 0.300000, 2.961543
1.000000, 0.300000, 3.295190
1.050000, 0.300000, 3.633708
1.100000, 0.300000, 3.973481
1.150000, 0.300000, 4.310995
1.200000, 0.300000, 4.642920
1.250000, 0.300000, 4.966188
1.300000, 0.300000, 5.278068
1.350000, 0.300000, 5.576233
1.400000, 0.300000, 5.858812
1.450000, 0.300000, 6.124440
1.500000, 0.300000, 6.372285
1.550000, 0.300000, 6.602072
1.600000, 0.300000, 6.814089
1.650000, 0.300000, 7.009179
1.700000, 0.300000, 7.188720
1.750000, 0.300000, 7.354591
1.800000, 0.300000, 7.509128
1.850000, 0.300000, 7.655069
1.900000, 0.300000, 7.795483
1.950000, 0.300000, 7.933703
2.000000, 0.300000, 8.073241
0.000000, 0.350000, 0.863846
0.050000, 0.350000, 0.789860
0.100000, 0.350000, 0.728079
0.150000, 0.350000, 0.681641
0.200000, 0.350000, 0.653508
0.250000, 0.350000, 0.646388
0.300000, 0.350000, 0.662663
0.350000, 0.350000, 0.704326
0.400000, 0.350000, 0.772928
0.450000, 0.350000, 0.869538
0.500000, 0.350000, 0.994709
0.550000, 0.350000, 1.148461
0.600000, 0.350000, 1.330277
0.650000, 0.350000, 1.539109
0.700000, 0.350000, 1.773404
0.750000, 0.350000, 2.031134
0.800000, 0.350000, 2.309845
0.850000, 0.350000, 2.606712
0.900000, 0.350000, 2.918605
0.950000, 0.350000, 3.242166
1.000000, 0.350000, 3.573883
1.050000, 0.350000, 3.910178
1.100000, 0.350000, 4.247492
1.150000, 0.350000, 4.582371
1.200000, 0.350000, 4.911546
1.250000, 0.350000, 5.232015
1.300000, 0.350000, 5.541114
1.350000, 0.350000, 5.836583
1.400000, 0.350000, 6.116621
1.450000, 0.350000, 6.379926
1.500000, 0.350000, 6.625733
1.550000, 0.350000, 6.853828
1.600000, 0.350000, 7.064557
1.650000, 0.350000, 7.258816
1.700000, 0.350000, 7.438032
1.750000, 0.350000, 7.604124
1.800000, 0.350000, 7.759466
1.850000, 0.350000, 7.906822
1.900000, 0.350000, 8.049282
1.950000, 0.350000, 8.190191
2.000000, 0.350000, 8.333063
0.000000, 0.400000, 1.166361
0.050000, 0.400000, 1.098058
0.100000, 0.400000, 1.041777
0.150000, 0.400000, 1.000590
0.200000, 0.400000, 0.977397
0.250000, 0.400000, 0.974845
0.300000, 0.400000, 0.995263
0.350000, 0.400000, 1.040599
0.400000, 0.400000, 1.112367
0.450000, 0.400000, 1.211605
0.500000, 0.400000, 1.338849
0.550000, 0.400000, 1.494108
0.600000, 0.400000, 1.676866
0.650000, 0.400000, 1.886090
0.700000, 0.400000, 2.120247
0.750000, 0.400000, 2.377342
0.800000, 0.400000, 2.654964
0.850000, 0.400000, 2.950338
0.900000, 0.400000, 3.260397
0.950000, 0.400000, 3.581846
1.000000, 0.400000, 3.911248
1.050000, 0.400000, 4.245104
1.100000, 0.400000, 4.579936
1.150000, 0.400000, 4.912373
1.200000, 0.400000, 5.239230
1.250000, 0.400000, 5.557588
1.300000, 0.400000, 5.864864
1.350000, 0.400000, 6.158875
1.400000, 0.400000, 6.437888
1.450000, 0.400000, 6.700666
1.500000, 0.400000, 6.946500
1.550000, 0.400000, 7.175222
1.600000, 0.400000, 7.387212
1.650000, 0.400000, 7.583392
1.700000, 0.400000, 7.765198
1.750000, 0.400000, 7.934554
1.800000, 0.400000, 8.093817
1.850000, 0.400000, 8.245728
1.900000, 0.400000, 8.393340
1.950000, 0.400000, 8.539947
2.000000, 0.400000, 8.689005
0.000000, 0.450000, 1.406928
0.050000, 0.450000, 1.344179
0.100000, 0.450000, 1.293242
0.150000, 0.450000, 1.257109
0.200000, 0.450000, 1.238602
0.250000, 0.450000, 1.240301
0.300000, 0.450000, 1.264473
0.350000, 0.450000, 1.313019
0.400000, 0.450000, 1.387415
0.450000, 0.450000, 1.488678
0.500000, 0.450000, 1.617331
0.550000, 0.450000, 1.773391
0.600000, 0.450000, 1.956363
0.650000, 0.450000, 2.165246
0.700000, 0.450000, 2.398558
0.750000, 0.450000, 2.654366
0.800000, 0.450000, 2.930332
0.850000, 0.450000, 3.223765
0.900000, 0.450000, 3.531688
0.950000, 0.450000, 3.850907
1.000000, 0.450000, 4.178085
1.050000, 0.450000, 4.509827
1.100000, 0.450000, 4.842757
1.150000, 0.450000, 5.173602
1.200000, 0.450000, 5.499272
1.250000, 0.450000, 5.816931
1.300000, 0.450000, 6.124070
1.350000, 0.450000, 6.418566
1.400000, 0.450000, 6.698735
1.450000, 0.450000, 6.963372
1.500000, 0.450000, 7.211779
1.550000, 0.450000, 7.443787
1.600000, 0.450000, 7.659756
1.650000, 0.450000, 7.860566
1.700000, 0.450000, 8.047599
1.750000, 0.450000, 8.222705
1.800000, 0.450000, 8.388155
1.850000, 0.450000, 8.546587
1.900000, 0.450000, 8.700943
1.950000, 0.450000, 8.854395
2.000000, 0.450000, 9.010272
0.000000, 0.500000, 1.479515
0.050000, 0.500000, 1.422179
0.100000, 0.500000, 1.376417
0.150000, 0.500000, 1.345124
0.200000, 0.500000, 1.331031
0.250000, 0.500000, 1.336640
0.300000, 0.500000, 1.364154
0.350000, 0.500000, 1.415422
0.400000, 0.500000, 1.491891
0.450000, 0.500000, 1.594563
0.500000, 0.500000, 1.723970
0.550000, 0.500000, 1.880157
0.600000, 0.500000, 2.062675
0.650000, 0.500000, 2.270590
0.700000, 0.500000, 2.502502
0.750000, 0.500000, 2.756577
0.800000, 0.500000, 3.030584
0.850000, 0.500000, 3.321953
0.900000, 0.500000, 3.627831
0.950000, 0.500000, 3.945147
1.000000, 0.500000, 4.270691
1.050000, 0.500000, 4.601184
1.100000, 0.500000, 4.933357
1.150000, 0.500000, 5.264034
1.200000, 0.500000, 5.590200
1.250000, 0.500000, 5.909081
1.300000, 0.500000, 6.218202
1.350000, 0.500000, 6.515457
1.400000, 0.500000, 6.799148
1.450000, 0.500000, 7.068035
1.500000, 0.500000, 7.321362
1.550000, 0.500000, 7.558873
1.600000, 0.500000, 7.780824
1.650000, 0.500000, 7.987971
1.700000, 0.500000, 8.181555
1.750000, 0.500000, 8.363271
1.800000, 0.500000, 8.535229
1.850000, 0.500000, 8.699901
1.900000, 0.500000, 8.860062
1.950000, 0.500000, 9.018727
2.000000, 0.500000, 9.179072
0.000000, 0.550000, 1.343532
0.050000, 0.550000, 1.291458
0.100000, 0.550000, 1.250689
0.150000, 0.550000, 1.224006
0.200000, 0.550000, 1.214037
0.250000, 0.550000, 1.223196
0.300000, 0.550000, 1.253617
0.350000, 0.550000, 1.307104
0.400000, 0.550000, 1.385079
0.450000, 0.550000, 1.488552
0.500000, 0.550000, 1.618086
0.550000, 0.550000, 1.773783
0.600000, 0.550000, 1.955276
0.650000, 0.550000, 2.161736
0.700000, 0.550000, 2.391886
0.750000, 0.550000, 2.644027
0.800000, 0.550000, 2.916078
0.850000, 0.550000, 3.205618
0.900000, 0.550000, 3.509943
0.950000, 0.550000, 3.826125
1.000000, 0.550000, 4.151083
1.050000, 0.550000, 4.481649
1.100000, 0.550000, 4.814644
1.150000, 0.550000, 5.146950
1.200000, 0.550000, 5.475587
1.250000, 0.550000, 5.797776
1.300000, 0.550000, 6.111011
1.350000, 0.550000, 6.413115
1.400000, 0.550000, 6.702293
1.450000, 0.550000, 6.977173
1.500000, 0.550000, 7.236844
1.550000, 0.550000, 7.480872
1.600000, 0.550000, 7.709320
1.650000, 0.550000, 7.922742
1.700000, 0.550000, 8.122171
1.750000, 0.550000, 8.309103
1.800000, 0.550000, 8.485455
1.850000, 0.550000, 8.653529
1.900000, 0.550000, 8.815955
1.950000, 0.550000, 8.975632
2.000000, 0.550000, 9.135659
0.000000, 0.600000, 1.039282
0.050000, 0.600000, 0.992307
0.100000, 0.600000, 0.956338
0.150000, 0.600000, 0.934023
0.200000, 0.600000, 0.927872
0.250000, 0.600000, 0.940203
0.300000, 0.600000, 0.973081
0.350000, 0.600000, 1.028271
0.400000, 0.600000, 1.107190
0.450000, 0.600000, 1.210876
0.500000, 0.600000, 1.339956
0.550000, 0.600000, 1.494628
0.600000, 0.600000, 1.674649
0.650000, 0.600000, 1.879339
0.700000, 0.600000, 2.107586
0.750000, 0.600000, 2.357869
0.800000, 0.600000, 2.628284
0.850000, 0.600000, 2.916584
0.900000, 0.600000, 3.220226
0.950000, 0.600000, 3.536420
1.000000, 0.600000, 3.862195
1.050000, 0.600000, 4.194458
1.100000, 0.600000, 4.530066
1.150000, 0.600000, 4.865897
1.200000, 0.600000, 5.198917
1.250000, 0.600000, 5.526255
1.300000, 0.600000, 5.845269
1.350000, 0.600000, 6.153609
1.400000, 0.600000, 6.449275
1.450000, 0.600000, 6.730667
1.500000, 0.600000, 6.996628
1.550000, 0.600000, 7.246477
1.600000, 0.600000, 7.480030
1.650000, 0.600000, 7.697608
1.700000, 0.600000, 7.900041
1.750000, 0.600000, 8.088654
1.800000, 0.600000, 8.265236
1.850000, 0.600000, 8.432015
1.900000, 0.600000, 8.591598
1.950000, 0.600000, 8.746926
2.000000, 0.600000, 8.901200
0.000000, 0.650000, 0.672514
0.050000, 0.650000, 0.630466
0.100000, 0.650000, 0.599093
0.150000, 0.650000, 0.580889
0.200000, 0.650000, 0.578236
0.250000, 0.650000, 0.593347
0.300000, 0.650000, 0.628220
0.350000, 0.650000, 0.684594
0.400000, 0.650000, 0.763904
0.450000, 0.650000, 0.867250
0.500000, 0.650000, 0.995362
0.550000, 0.650000, 1.148578
0.600000, 0.650000, 1.326830
0.650000, 0.650000, 1.529630
0.700000, 0.650000, 1.756075
0.750000, 0.650000, 2.004853
0.800000, 0.650000, 2.274260
0.850000, 0.650000, 2.562229
0.900000, 0.650000, 2.866362
0.950000, 0.650000, 3.183980
1.000000, 0.650000, 3.512168
1.050000, 0.650000, 3.847840
1.100000, 0.650000, 4.187800
1.150000, 0.650000, 4.528820
1.200000, 0.650000, 4.867704
1.250000, 0.650000, 5.201373
1.300000, 0.650000, 5.526934
1.350000, 0.650000, 5.841761
1.400000, 0.650000, 6.143558
1.450000, 0.650000, 6.430426
1.500000, 0.650000, 6.700925
1.550000, 0.650000, 6.954111
1.600000, 0.650000, 7.189580
1.650000, 0.650000, 7.407488
1.700000, 0.650000, 7.608561
1.750000, 0.650000, 7.794091
1.800000, 0.650000, 7.965917
1.850000, 0.650000, 8.126389
1.900000, 0.650000, 8.278321
1.950000, 0.650000, 8.424927
2.000000, 0.650000, 8.569750
0.000000, 0.700000, 0.373965
0.050000, 0.700000, 0.336663
0.100000, 0.700000, 0.309672
0.150000, 0.700000, 0.295315
0.200000, 0.700000, 0.295826
0.250000, 0.700000, 0.313312
0.300000, 0.700000, 0.349711
0.350000, 0.700000, 0.406755
0.400000, 0.700000, 0.485927
0.450000, 0.700000, 0.588429
0.500000, 0.700000, 0.715141
0.550000, 0.700000, 0.866595
0.600000, 0.700000, 1.042944
0.650000, 0.700000, 1.243942
0.700000, 0.700000, 1.468928
0.750000, 0.700000, 1.716820
0.800000, 0.700000, 1.986118
0.850000, 0.700000, 2.274912
0.900000, 0.700000, 2.580912
0.950000, 0.700000, 2.901480
1.000000, 0.700000, 3.233673
1.050000, 0.700000, 3.574305
1.100000, 0.700000, 3.920015
1.150000, 0.700000, 4.267340
1.200000, 0.700000, 4.612800
1.250000, 0.700000, 4.952993
1.300000, 0.700000, 5.284680
1.350000, 0.700000, 5.604883
1.400000, 0.700000, 5.910973
1.450000, 0.700000, 6.200754
1.500000, 0.700000, 6.472541
1.550000, 0.700000, 6.725219
1.600000, 0.700000, 6.958298
1.650000, 0.700000, 7.171940
1.700000, 0.700000, 7.366981
1.750000, 0.700000, 7.544920
1.800000, 0.700000, 7.707897
1.850000, 0.700000, 7.858649
1.900000, 0.700000, 8.000442
1.950000, 0.700000, 8.136997
2.000000, 0.700000, 8.272385
0.000000, 0.750000, 0.249366
0.050000, 0.750000, 0.216622
0.100000, 0.750000, 0.193791
0.150000, 0.750000, 0.183004
0.200000, 0.750000, 0.186335
0.250000, 0.750000, 0.205783
0.300000, 0.750000, 0.243238
0.350000, 0.750000, 0.300449
0.400000, 0.750000, 0.378986
0.450000, 0.750000, 0.480201
0.500000, 0.750000, 0.605179
0.550000, 0.750000, 0.754700
0.600000, 0.750000, 0.929190
0.650000, 0.750000, 1.128683
0.700000, 0.750000, 1.352784
0.750000, 0.750000, 1.600642
0.800000, 0.750000, 1.870935
0.850000, 0.750000, 2.161864
0.900000, 0.750000, 2.471168
0.950000, 0.750000, 2.796149
1.000000, 0.750000, 3.133719
1.050000, 0.750000, 3.480462
1.100000, 0.750000, 3.832712
1.150000, 0.750000, 4.186648
1.200000, 0.750000, 4.538395
1.250000, 0.750000, 4.884141
1.300000, 0.750000, 5.220257
1.350000, 0.750000, 5.543411
1.400000, 0.750000, 5.850687
1.450000, 0.750000, 6.139695
1.500000, 0.750000, 6.408656
1.550000, 0.750000, 6.656484
1.600000, 0.750000, 6.882841
1.650000, 0.750000, 7.088167
1.700000, 0.750000, 7.273683
1.750000, 0.750000, 7.441374
1.800000, 0.750000, 7.593940
1.850000, 0.750000, 7.734719
1.900000, 0.750000, 7.867597
1.950000, 0.750000, 7.996886
2.000000, 0.750000, 8.127196
0.000000, 0.800000, 0.338984
0.050000, 0.800000, 0.310603
0.100000, 0.800000, 0.291705
0.150000, 0.800000, 0.284203
0.200000, 0.800000, 0.290001
0.250000, 0.800000, 0.310993
0.300000, 0.800000, 0.349035
0.350000, 0.800000, 0.405929
0.400000, 0.800000, 0.483378
0.450000, 0.800000, 0.582936
0.500000, 0.800000, 0.705956
0.550000, 0.800000, 0.853520
0.600000, 0.800000, 1.026374
0.650000, 0.800000, 1.224860
0.700000, 0.800000, 1.448851
0.750000, 0.800000, 1.697704
0.800000, 0.800000, 1.970222
0.850000, 0.800000, 2.264629
0.900000, 0.800000, 2.578583
0.950000, 0.800000, 2.909195
1.000000, 0.800000, 3.253089
1.050000, 0.800000, 3.606475
1.100000, 0.800000, 3.965255
1.150000, 0.800000, 4.325141
1.200000, 0.800000, 4.681798
1.250000, 0.800000, 5.030988
1.300000, 0.800000, 5.368724
1.350000, 0.800000, 5.691422
1.400000, 0.800000, 5.996037
1.450000, 0.800000, 6.280194
1.500000, 0.800000, 6.542280
1.550000, 0.800000, 6.781529
1.600000, 0.800000, 6.998056
1.650000, 0.800000, 7.192870
1.700000, 0.800000, 7.367847
1.750000, 0.800000, 7.525670
1.800000, 0.800000, 7.669739
1.850000, 0.800000, 7.804048
1.900000, 0.800000, 7.933048
1.950000, 0.800000, 8.061489
2.000000, 0.800000, 8.194253
0.000000, 0.850000, 0.602179
0.050000, 0.850000, 0.577960
0.100000, 0.850000, 0.562761
0.150000, 0.850000, 0.558252
0.200000, 0.850000, 0.566159
0.250000, 0.850000, 0.588272
0.300000, 0.850000, 0.626443
0.350000, 0.850000, 0.682561
0.400000, 0.850000, 0.758517
0.450000, 0.850000, 0.856134
0.500000, 0.850000, 0.977090
0.550000, 0.850000, 1.122825
0.600000, 0.850000, 1.294439
0.650000, 0.850000, 1.492593
0.700000, 0.850000, 1.717410
0.750000, 0.850000, 1.968398
0.800000, 0.850000, 2.244394
0.850000, 0.850000, 2.543528
0.900000, 0.850000, 2.863233
0.950000, 0.850000, 3.200278
1.000000, 0.850000, 3.550846
1.050000, 0.850000, 3.910642
1.100000, 0.850000, 4.275037
1.150000, 0.850000, 4.639229
1.200000, 0.850000, 4.998428
1.250000, 0.850000, 5.348046
1.300000, 0.850000, 5.683886
1.350000, 0.850000, 6.002319
1.400000, 0.850000, 6.300438
1.450000, 0.850000, 6.576187
1.500000, 0.850000, 6.828444
1.550000, 0.850000, 7.057074
1.600000, 0.850000, 7.262931
1.650000, 0.850000, 7.447816
1.700000, 0.850000, 7.614394
1.750000, 0.850000, 7.766079
1.800000, 0.850000, 7.906883
1.850000, 0.850000, 8.041247
1.900000, 0.850000, 8.173860
1.950000, 0.850000, 8.309474
2.000000, 0.850000, 8.452726
0.000000, 0.900000, 0.932848
0.050000, 0.900000, 0.912589
0.100000, 0.900000, 0.900848
0.150000, 0.900000, 0.899037
0.200000, 0.900000, 0.908689
0.250000, 0.900000, 0.931504
0.300000, 0.900000, 0.969354
0.350000, 0.900000, 1.024271
0.400000, 0.900000, 1.098391
0.450000, 0.900000, 1.193873
0.500000, 0.900000, 1.312783
0.550000, 0.900000, 1.456966
0.600000, 0.900000, 1.627897
0.650000, 0.900000, 1.826543
0.700000, 0.900000, 2.053226
0.750000, 0.900000, 2.307518
0.800000, 0.900000, 2.588164
0.850000, 0.900000, 2.893049
0.900000, 0.900000, 3.219219
0.950000, 0.900000, 3.562942
1.000000, 0.900000, 3.919825
1.050000, 0.900000, 4.284974
1.100000, 0.900000, 4.653189
1.150000, 0.900000, 5.019188
1.200000, 0.900000, 5.377838
1.250000, 0.900000, 5.724389
1.300000, 0.900000, 6.054689
1.350000, 0.900000, 6.365374
1.400000, 0.900000, 6.654014
1.450000, 0.900000, 6.919212
1.500000, 0.900000, 7.160648
1.550000, 0.900000, 7.379070
1.600000, 0.900000, 7.576223
1.650000, 0.900000, 7.754737
1.700000, 0.900000, 7.917975
1.750000, 0.900000, 8.069844
1.800000, 0.900000, 8.214603
1.850000, 0.900000, 8.356655
1.900000, 0.900000, 8.500356
1.950000, 0.900000, 8.649847
2.000000, 0.900000, 8.808914
0.000000, 0.950000, 1.199887
0.050000, 0.950000, 1.183379
0.100000, 0.950000, 1.174856
0.150000, 0.950000, 1.175441
0.200000, 0.950000, 1.186473
0.250000, 0.950000, 1.209573
0.300000, 0.950000, 1.246673
0.350000, 0.950000, 1.300002
0.400000, 0.950000, 1.372010
0.450000, 0.950000, 1.465262
0.500000, 0.950000, 1.582270
0.550000, 0.950000, 1.725319
0.600000, 0.950000, 1.896262
0.650000, 0.950000, 2.096331
0.700000, 0.950000, 2.325964
0.750000, 0.950000, 2.584669
0.800000, 0.950000, 2.870946
0.850000, 0.950000, 3.182264
0.900000, 0.950000, 3.515113
0.950000, 0.950000, 3.865115
1.000000, 0.950000, 4.227206
1.050000, 0.950000, 4.595864
1.100000, 0.950000, 4.965373
1.150000, 0.950000, 5.330107
1.200000, 0.950000, 5.684814
1.250000, 0.950000, 6.024875
1.300000, 0.950000, 6.346531
1.350000, 0.950000, 6.647047
1.400000, 0.950000, 6.924817
1.450000, 0.950000, 7.179397
1.500000, 0.950000, 7.411471
1.550000, 0.950000, 7.622741
1.600000, 0.950000, 7.815776
1.650000, 0.950000, 7.993811
1.700000, 0.950000, 8.160525
1.750000, 0.950000, 8.319811
1.800000, 0.950000, 8.475568
1.850000, 0.950000, 8.631508
1.900000, 0.950000, 8.791015
1.950000, 0.950000, 8.957050
2.000000, 0.950000, 9.132109
0.000000, 1.000000, 1.297188
0.050000, 1.000000, 1.284225
0.100000, 1.000000, 1.278675
0.150000, 1.000000, 1.281354
0.200000, 1.000000, 1.293399
0.250000, 1.000000, 1.316374
0.300000, 1.000000, 1.352317
0.350000, 1.000000, 1.403715
0.400000, 1.000000, 1.473409
0.450000, 1.000000, 1.564437
0.500000, 1.000000, 1.679810
0.550000, 1.000000, 1.822273
0.600000, 1.000000, 1.994033
0.650000, 1.000000, 2.196516
0.700000, 1.000000, 2.430153
0.750000, 1.000000, 2.694236
0.800000, 1.000000, 2.986836
0.850000, 1.000000, 3.304829
0.900000, 1.000000, 3.643992
0.950000, 1.000000, 3.999203
1.000000, 1.000000, 4.364697
1.050000, 1.000000, 4.734385
1.100000, 1.000000, 5.102194
1.150000, 1.000000, 5.462406
1.200000, 1.000000, 5.809978
1.250000, 1.000000, 6.140798
1.300000, 1.000000, 6.451880
1.350000, 1.000000, 6.741467
1.400000, 1.000000, 7.009046
1.450000, 1.000000, 7.255274
1.500000, 1.000000, 7.481828
1.550000, 1.000000, 7.691190
1.600000, 1.000000, 7.886400
1.650000, 1.000000, 8.070790
1.700000, 1.000000, 8.247731
1.750000, 1.000000, 8.420419
1.800000, 1.000000, 8.591709
1.850000, 1.000000, 8.764018
1.900000, 1.000000, 8.939298
1.950000, 1.000000, 9.119085
2.000000, 1.000000, 9.304594
0.000000, 1.050000, 1.184098
0.050000, 1.050000, 1.174469
0.100000, 1.050000, 1.171648
0.150000, 1.050000, 1.176117
0.200000, 1.050000, 1.188811
0.250000, 1.050000, 1.211264
0.300000, 1.050000, 1.245669
0.350000, 1.050000, 1.294844
0.400000, 1.050000, 1.362100
0.450000, 1.050000, 1.451012
0.500000, 1.050000, 1.565137
0.550000, 1.050000, 1.707673
0.600000, 1.050000, 1.881130
0.650000, 1.050000, 2.087021
0.700000, 1.050000, 2.325620
0.750000, 1.050000, 2.595813
0.800000, 1.050000, 2.895057
0.850000, 1.050000, 3.219459
0.900000, 1.050000, 3.563974
0.950000, 1.050000, 3.922695
1.000000, 1.050000, 4.289219
1.050000, 1.050000, 4.657062
1.100000, 1.050000, 5.020062
1.150000, 1.050000, 5.372767
1.200000, 1.050000, 5.710738
1.250000, 1.050000, 6.030770
1.300000, 1.050000, 6.330999
1.350000, 1.050000, 6.610890
1.400000, 1.050000, 6.871114
1.450000, 1.050000, 7.113345
1.500000, 1.050000, 7.339972
1.550000, 1.050000, 7.553792
1.600000, 1.050000, 7.757704
1.650000, 1.050000, 7.954428
1.700000, 1.050000, 8.146303
1.750000, 1.050000, 8.335159
1.800000, 1.050000, 8.522291
1.850000, 1.050000, 8.708528
1.900000, 1.050000, 8.894381
1.950000, 1.050000, 9.080253
2.000000, 1.050000, 9.266688
0.000000, 1.100000, 0.900866
0.050000, 1.100000, 0.894364
0.100000, 1.100000, 0.894027
0.150000, 1.100000, 0.899984
0.200000, 1.100000, 0.912967
0.250000, 1.100000, 0.934513
0.300000, 1.100000, 0.967030
0.350000, 1.100000, 1.013746
0.400000, 1.100000, 1.078519
0.450000, 1.100000, 1.165530
0.500000, 1.100000, 1.278898
0.550000, 1.100000, 1.422255
0.600000, 1.100000, 1.598326
0.650000, 1.100000, 1.808569
0.700000, 1.100000, 2.052917
0.750000, 1.100000, 2.329651
0.800000, 1.100000, 2.635424
0.850000, 1.100000, 2.965441
0.900000, 1.100000, 3.313777
0.950000, 1.100000, 3.673791
1.000000, 1.100000, 4.038615
1.050000, 1.100000, 4.401649
1.100000, 1.100000, 4.757021
1.150000, 1.100000, 5.099958
1.200000, 1.100000, 5.427045
1.250000, 1.100000, 5.736333
1.300000, 1.100000, 6.027303
1.350000, 1.100000, 6.300689
1.400000, 1.100000, 6.558197
1.450000, 1.100000, 6.802141
1.500000, 1.100000, 7.035068
1.550000, 1.100000, 7.259390
1.600000, 1.100000, 7.477096
1.650000, 1.100000, 7.689561
1.700000, 1.100000, 7.897475
1.750000, 1.100000, 8.100913
1.800000, 1.100000, 8.299510
1.850000, 1.100000, 8.492744
1.900000, 1.100000, 8.680262
1.950000, 1.100000, 8.862225
2.000000, 1.100000, 9.039611
0.000000, 1.150000, 0.553197
0.050000, 1.150000, 0.549616
0.100000, 1.150000, 0.551523
0.150000, 1.150000, 0.558666
0.200000, 1.150000, 0.571585
0.250000, 1.150000, 0.591854
0.300000, 1.150000, 0.622169
0.350000, 1.150000, 0.666250
0.400000, 1.150000, 0.728581
0.450000, 1.150000, 0.814000
0.500000, 1.150000, 0.927200
0.550000, 1.150000, 1.072187
0.600000, 1.150000, 1.251782
0.650000, 1.150000, 1.467214
0.700000, 1.150000, 1.717867
0.750000, 1.150000, 2.001212
0.800000, 1.150000, 2.312935
0.850000, 1.150000, 2.647258
0.900000, 1.150000, 2.997401
0.950000, 1.150000, 3.356150
1.000000, 1.150000, 3.716453
1.050000, 1.150000, 4.071979
1.100000, 1.150000, 4.417583
1.150000, 1.150000, 4.749610
1.200000, 1.150000, 5.066024
1.250000, 1.150000, 5.366348
1.300000, 1.150000, 5.651427
1.350000, 1.150000, 5.923053
1.400000, 1.150000, 6.183521
1.450000, 1.150000, 6.435153
1.500000, 1.150000, 6.679881
1.550000, 1.150000, 6.918930
1.600000, 1.150000, 7.152656
1.650000, 1.150000, 7.380545
1.700000, 1.150000, 7.601391
1.750000, 1.150000, 7.813613
1.800000, 1.150000, 8.015670
1.850000, 1.150000, 8.206523
1.900000, 1.150000, 8.386070
1.950000, 1.150000, 8.555492
2.000000, 1.150000, 8.717461
0.000000, 1.200000, 0.271800
0.050000, 1.200000, 0.270938
0.100000, 1.200000, 0.274850
0.150000, 1.200000, 0.282882
0.200000, 1.200000, 0.295390
0.250000, 1.200000, 0.314036
0.300000, 1.200000, 0.341873
0.350000, 1.200000, 0.383204
0.400000, 1.200000, 0.443217
0.450000, 1.200000, 0.527449
0.500000, 1.200000, 0.641145
0.550000, 1.200000, 0.788602
0.600000, 1.200000, 0.972581
0.650000, 1.200000, 1.193877
0.700000, 1.200000, 1.451107
0.750000, 1.200000, 1.740738
0.800000, 1.200000, 2.057372
0.850000, 1.200000, 2.394236
0.900000, 1.200000, 2.743831
0.950000, 1.200000, 3.098636
1.000000, 1.200000, 3.451803
1.050000, 1.200000, 3.797729
1.100000, 1.200000, 4.132450
1.150000, 1.200000, 4.453804
1.200000, 1.200000, 4.761358
1.250000, 1.200000, 5.056110
1.300000, 1.200000, 5.340017
1.350000, 1.200000, 5.615436
1.400000, 1.200000, 5.884547
1.450000, 1.200000, 6.148857
1.500000, 1.200000, 6.408856
1.550000, 1.200000, 6.663877
1.600000, 1.200000, 6.912182
1.650000, 1.200000, 7.151261
1.700000, 1.200000, 7.378305
1.750000, 1.200000, 7.590782
1.800000, 1.200000, 7.787026
1.850000, 1.200000, 7.966764
1.900000, 1.200000, 8.131481
1.950000, 1.200000, 8.284590
2.000000, 1.200000, 8.431343
0.000000, 1.250000, 0.162387
0.050000, 1.250000, 0.164046
0.100000, 1.250000, 0.169727
0.150000, 1.250000, 0.178357
0.200000, 1.250000, 0.190120
0.250000, 1.250000, 0.206816
0.300000, 1.250000, 0.231943
0.350000, 1.250000, 0.270475
0.400000, 1.250000, 0.328377
0.450000, 1.250000, 0.411910
0.500000, 1.250000, 0.526828
0.550000, 1.250000, 0.677593
0.600000, 1.250000, 0.866721
0.650000, 1.250000, 1.094348
0.700000, 1.250000, 1.358101
0.750000, 1.250000, 1.653286
0.800000, 1.250000, 1.973363
0.850000, 1.250000, 2.310656
0.900000, 1.250000, 2.657183
0.950000, 1.250000, 3.005500
1.000000, 1.250000, 3.349425
1.050000, 1.250000, 3.684564
1.100000, 1.250000, 4.008540
1.150000, 1.250000, 4.320930
1.200000, 1.250000, 4.622911
1.250000, 1.250000, 4.916691
1.300000, 1.250000, 5.204806
1.350000, 1.250000, 5.489425
1.400000, 1.250000, 5.771746
1.450000, 1.250000, 6.051612
1.500000, 1.250000, 6.327386
1.550000, 1.250000, 6.596122
1.600000, 1.250000, 6.854007
1.650000, 1.250000, 7.097005
1.700000, 1.250000, 7.321600
1.750000, 1.250000, 7.525534
1.800000, 1.250000, 7.708409
1.850000, 1.250000, 7.872067
1.900000, 1.250000, 8.020672
1.950000, 1.250000, 8.160490
2.000000, 1.250000, 8.299368
0.000000, 1.300000, 0.265219
0.050000, 1.300000, 0.269208
0.100000, 1.300000, 0.276430
0.150000, 1.300000, 0.285372
0.200000, 1.300000, 0.296066
0.250000, 1.300000, 0.310513
0.300000, 1.300000, 0.332742
0.350000, 1.300000, 0.368493
0.400000, 1.300000, 0.424572
0.450000, 1.300000, 0.507968
0.500000, 1.300000, 0.624868
0.550000, 1.300000, 0.779747
0.600000, 1.300000, 0.974654
0.650000, 1.300000, 1.208828
0.700000, 1.300000, 1.478707
0.750000, 1.300000, 1.778320
0.800000, 1.300000, 2.100018
0.850000, 1.300000, 2.435415
0.900000, 1.300000, 2.776402
0.950000, 1.300000, 3.116074
1.000000, 1.300000, 3.449426
1.050000, 1.300000, 3.773712
1.100000, 1.300000, 4.088428
1.150000, 1.300000, 4.394927
1.200000, 1.300000, 4.695738
1.250000, 1.300000, 4.993725
1.300000, 1.300000, 5.291221
1.350000, 1.300000, 5.589300
1.400000, 1.300000, 5.887306
1.450000, 1.300000, 6.182738
1.500000, 1.300000, 6.471503
1.550000, 1.300000, 6.748502
1.600000, 1.300000, 7.008462
1.650000, 1.300000, 7.246875
1.700000, 1.300000, 7.460878
1.750000, 1.300000, 7.649951
1.800000, 1.300000, 7.816278
1.850000, 1.300000, 7.964745
1.900000, 1.300000, 8.102529
1.950000, 1.300000, 8.238371
2.000000, 1.300000, 8.381611
0.000000, 1.350000, 0.539661
0.050000, 1.350000, 0.545795
0.100000, 1.350000, 0.554336
0.150000, 1.350000, 0.563312
0.200000, 1.350000, 0.572629
0.250000, 1.350000, 0.584555
0.300000, 1.350000, 0.603746
0.350000, 1.350000, 0.636801
0.400000, 1.350000, 0.691422
0.450000, 1.350000, 0.775303
0.500000, 1.350000, 0.894962
0.550000, 1.350000, 1.054691
0.600000, 1.350000, 1.255833
0.650000, 1.350000, 1.496494
0.700000, 1.350000, 1.771749
0.750000, 1.350000, 2.074314
0.800000, 1.350000, 2.395555
0.850000, 1.350000, 2.726688
0.900000, 1.350000, 3.059926
0.950000, 1.350000, 3.389429
1.000000, 1.350000, 3.711853
1.050000, 1.350000, 4.026441
1.100000, 1.350000, 4.334654
1.150000, 1.350000, 4.639393
1.200000, 1.350000, 4.943997
1.250000, 1.350000, 5.251183
1.300000, 1.350000, 5.562139
1.350000, 1.350000, 5.875937
1.400000, 1.350000, 6.189382
1.450000, 1.350000, 6.497331
1.500000, 1.350000, 6.793434
1.550000, 1.350000, 7.071167
1.600000, 1.350000, 7.324979
1.650000, 1.350000, 7.551353
1.700000, 1.350000, 7.749587
1.750000, 1.350000, 7.922154
1.800000, 1.350000, 8.074576
1.850000, 1.350000, 8.214827
1.900000, 1.350000, 8.352353
1.950000, 1.350000, 8.496884
2.000000, 1.350000, 8.657236
0.000000, 1.400000, 0.879631
0.050000, 1.400000, 0.887731
0.100000, 1.400000, 0.897378
0.150000, 1.400000, 0.906120
0.200000, 1.400000, 0.913767
0.250000, 1.400000, 0.922931
0.300000, 1.400000, 0.938995
0.350000, 1.400000, 0.969508
0.400000, 1.400000, 1.023104
0.450000, 1.400000, 1.108142
0.500000, 1.400000, 1.231323
0.550000, 1.400000, 1.396538
0.600000, 1.400000, 1.604169
0.650000, 1.400000, 1.850960
0.700000, 1.400000, 2.130509
0.750000, 1.400000, 2.434260
0.800000, 1.400000, 2.752840
0.850000, 1.400000, 3.077476
0.900000, 1.400000, 3.401236
0.950000, 1.400000, 3.719869
1.000000, 1.400000, 4.032101
1.050000, 1.400000, 4.339336
1.100000, 1.400000, 4.644831
1.150000, 1.400000, 4.952530
1.200000, 1.400000, 5.265777
1.250000, 1.400000, 5.586174
1.300000, 1.400000, 5.912814
1.350000, 1.400000, 6.242052
1.400000, 1.400000, 6.567848
1.450000, 1.400000, 6.882660
1.500000, 1.400000, 7.178685
1.550000, 1.400000, 7.449254
1.600000, 1.400000, 7.690087
1.650000, 1.400000, 7.900190
1.700000, 1.400000, 8.082221
1.750000, 1.400000, 8.242236
1.800000, 1.400000, 8.388875
1.850000, 1.400000, 8.532133
1.900000, 1.400000, 8.681924
1.950000, 1.400000, 8.846725
2.000000, 1.400000, 9.032524
0.000000, 1.450000, 1.154052
0.050000, 1.450000, 1.163952
0.100000, 1.450000, 1.174498
0.150000, 1.450000, 1.182749
0.200000, 1.450000, 1.188452
0.250000, 1.450000, 1.194645
0.300000, 1.450000, 1.207544
0.350000, 1.450000, 1.235735
0.400000, 1.450000, 1.288805
0.450000, 1.450000, 1.375701
0.500000, 1.450000, 1.503132
0.550000, 1.450000, 1.674340
0.600000, 1.450000, 1.888482
0.650000, 1.450000, 2.140751
0.700000, 1.450000, 2.423212
0.750000, 1.450000, 2.726189
0.800000, 1.450000, 3.039918
0.850000, 1.450000, 3.356147
0.900000, 1.450000, 3.669356
0.950000, 1.450000, 3.977371
1.000000, 1.450000, 4.281251
1.050000, 1.450000, 4.584488
1.100000, 1.450000, 4.891697
1.150000, 1.450000, 5.207084
1.200000, 1.450000, 5.533009
1.250000, 1.450000, 5.868962
1.300000, 1.450000, 6.211169
1.350000, 1.450000, 6.552923
1.400000, 1.450000, 6.885582
1.450000, 1.450000, 7.200045
1.500000, 1.450000, 7.488410
1.550000, 1.450000, 7.745474
1.600000, 1.450000, 7.969791
1.650000, 1.450000, 8.164052
1.700000, 1.450000, 8.334723
1.750000, 1.450000, 8.491003
1.800000, 1.450000, 8.643315
1.850000, 1.450000, 8.801622
1.900000, 1.450000, 8.973906
1.950000, 1.450000, 9.165110
2.000000, 1.450000, 9.376736
0.000000, 1.500000, 1.256860
0.050000, 1.500000, 1.268402
0.100000, 1.500000, 1.279652
0.150000, 1.500000, 1.287166
0.200000, 1.500000, 1.290670
0.250000, 1.500000, 1.293717
0.300000, 1.500000, 1.303469
0.350000, 1.500000, 1.329622
0.400000, 1.500000, 1.382718
0.450000, 1.500000, 1.472188
0.500000, 1.500000, 1.604538
0.550000, 1.500000, 1.782090
0.600000, 1.500000, 2.002523
0.650000, 1.500000, 2.259329
0.700000, 1.500000, 2.543078
0.750000, 1.500000, 2.843229
0.800000, 1.500000, 3.150084
0.850000, 1.500000, 3.456483
0.900000, 1.500000, 3.758872
0.950000, 1.500000, 4.057524
1.000000, 1.500000, 4.355885
1.050000, 1.500000, 4.659194
1.100000, 1.500000, 4.972703
1.150000, 1.500000, 5.299891
1.200000, 1.500000, 5.641087
1.250000, 1.500000, 5.992815
1.300000, 1.500000, 6.348013
1.350000, 1.500000, 6.697105
1.400000, 1.500000, 7.029687
1.450000, 1.500000, 7.336489
1.500000, 1.500000, 7.611181
1.550000, 1.500000, 7.851636
1.600000, 1.500000, 8.060384
1.650000, 1.500000, 8.244159
1.700000, 1.500000, 8.412627
1.750000, 1.500000, 8.576581
1.800000, 1.500000, 8.745978
1.850000, 1.500000, 8.928246
1.900000, 1.500000, 9.127215
1.950000, 1.500000, 9.342891
2.000000, 1.500000, 9.572114
0.000000, 1.550000, 1.147454
0.050000, 1.550000, 1.160490
0.100000, 1.550000, 1.172261
0.150000, 1.550000, 1.178804
0.200000, 1.550000, 1.179874
0.250000, 1.550000, 1.179640
0.300000, 1.550000, 1.186313
0.350000, 1.550000, 1.210774
0.400000, 1.550000, 1.264497
0.450000, 1.550000, 1.357253
0.500000, 1.550000, 1.495106
0.550000, 1.550000, 1.679176
0.600000, 1.550000, 1.905429
0.650000, 1.550000, 2.165572
0.700000, 1.550000, 2.448814
0.750000, 1.550000, 2.744115
0.800000, 1.550000, 3.042390
0.850000, 1.550000, 3.338171
0.900000, 1.550000, 3.630351
0.950000, 1.550000, 3.921851
1.000000, 1.550000, 4.218304
1.050000, 1.550000, 4.526072
1.100000, 1.550000, 4.850082
1.150000, 1.550000, 5.191998
1.200000, 1.550000, 5.549165
1.250000, 1.550000, 5.914608
1.300000, 1.550000, 6.278069
1.350000, 1.550000, 6.627894
1.400000, 1.550000, 6.953313
1.450000, 1.550000, 7.246611
1.500000, 1.550000, 7.504693
1.550000, 1.550000, 7.729679
1.600000, 1.550000, 7.928402
1.650000, 1.550000, 8.110918
1.700000, 1.550000, 8.288386
1.750000, 1.550000, 8.470792
1.800000, 1.550000, 8.665049
1.850000, 1.550000, 8.873898
1.900000, 1.550000, 9.095863
1.950000, 1.550000, 9.326246
2.000000, 1.550000, 9.558923
0.000000, 1.600000, 0.866150
0.050000, 1.600000, 0.880545
0.100000, 1.600000, 0.892662
0.150000, 1.600000, 0.898016
0.200000, 1.600000, 0.896441
0.250000, 1.600000, 0.892826
0.300000, 1.600000, 0.896545
0.350000, 1.600000, 0.919718
0.400000, 1.600000, 0.974702
0.450000, 1.600000, 1.071436
0.500000, 1.600000, 1.215272
0.550000, 1.600000, 1.405839
0.600000, 1.600000, 1.637196
0.650000, 1.600000, 1.899255
0.700000, 1.600000, 2.180107
0.750000, 1.600000, 2.468687
0.800000, 1.600000, 2.757132
0.850000, 1.600000, 3.042243
0.900000, 1.600000, 3.325718
0.950000, 1.600000, 3.613101
1.000000, 1.600000, 3.911729
1.050000, 1.600000, 4.228198
1.100000, 1.600000, 4.566003
1.150000, 1.600000, 4.923938
1.200000, 1.600000, 5.295685
1.250000, 1.600000, 5.670708
1.300000, 1.600000, 6.036244
1.350000, 1.600000, 6.379921
1.400000, 1.600000, 6.692360
1.450000, 1.600000, 6.969143
1.500000, 1.600000, 7.211656
1.550000, 1.600000, 7.426616
1.600000, 1.600000, 7.624397
1.650000, 1.600000, 7.816571
1.700000, 1.600000, 8.013274
1.750000, 1.600000, 8.221038
1.800000, 1.600000, 8.441628
1.850000, 1.600000, 8.672147
1.900000, 1.600000, 8.906384
1.950000, 1.600000, 9.137047
2.000000, 1.600000, 9.358318
0.000000, 1.650000, 0.518727
0.050000, 1.650000, 0.534359
0.100000, 1.650000, 0.546662
0.150000, 1.650000, 0.550622
0.200000, 1.650000, 0.546215
0.250000, 1.650000, 0.539159
0.300000, 1.650000, 0.540102
0.350000, 1.650000, 0.562444
0.400000, 1.650000, 0.619348
0.450000, 1.650000, 0.720713
0.500000, 1.650000, 0.870886
0.550000, 1.650000, 1.067727
0.600000, 1.650000, 1.303241
0.650000, 1.650000, 1.565630
0.700000, 1.650000, 1.842217
0.750000, 1.650000, 2.122479
0.800000, 1.650000, 2.400413
0.850000, 1.650000, 2.675594
0.900000, 1.650000, 2.952699
0.950000, 1.650000, 3.239603
1.000000, 1.650000, 3.544585
1.050000, 1.650000, 3.873390
1.100000, 1.650000, 4.226935
1.150000, 1.650000, 4.600294
1.200000, 1.650000, 4.983230
1.250000, 1.650000, 5.362172
1.300000, 1.650000, 5.723124
1.350000, 1.650000, 6.054763
1.400000, 1.650000, 6.350931
1.450000, 1.650000, 6.611871
1.500000, 1.650000, 6.843898
1.550000, 1.650000, 7.057599
1.600000, 1.650000, 7.265039
1.650000, 1.650000, 7.476700
1.700000, 1.650000, 7.698978
1.750000, 1.650000, 7.932857
1.800000, 1.650000, 8.174135
1.850000, 1.650000, 8.415105
1.900000, 1.650000, 8.647250
1.950000, 1.650000, 8.864224
2.000000, 1.650000, 9.064322
0.000000, 1.700000, 0.235981
0.050000, 1.700000, 0.252740
0.100000, 1.700000, 0.265081
0.150000, 1.700000, 0.267459
0.200000, 1.700000, 0.260058
0.250000, 1.700000, 0.249542
0.300000, 1.700000, 0.247939
0.350000, 1.700000, 0.269956
0.400000, 1.700000, 0.329452
0.450000, 1.700000, 0.436043
0.500000, 1.700000, 0.592767
0.550000, 1.700000, 0.795454
0.600000, 1.700000, 1.033972
0.650000, 1.700000, 1.295001
0.700000, 1.700000, 1.565555
0.750000, 1.700000, 1.836293
0.800000, 1.700000, 2.103687
0.850000, 1.700000, 2.370469
0.900000, 1.700000, 2.644234
0.950000, 1.700000, 2.934614
1.000000, 1.700000, 3.249824
1.050000, 1.700000, 3.593561
1.100000, 1.700000, 3.963147
1.150000, 1.700000, 4.349438
1.200000, 1.700000, 4.738572
1.250000, 1.700000, 5.115065
1.300000, 1.700000, 5.465425
1.350000, 1.700000, 5.781294
1.400000, 1.700000, 6.061258
1.450000, 1.700000, 6.310838
1.500000, 1.700000, 6.540663
1.550000, 1.700000, 6.763365
1.600000, 1.700000, 6.990038
1.650000, 1.700000, 7.227275
1.700000, 1.700000, 7.475583
1.750000, 1.700000, 7.729632
1.800000, 1.700000, 7.980239
1.850000, 1.700000, 8.217552
1.900000, 1.700000, 8.434494
1.950000, 1.700000, 8.629534
2.000000, 1.700000, 8.807953
0.000000, 1.750000, 0.123719
0.050000, 1.750000, 0.141509
0.100000, 1.750000, 0.153754
0.150000, 1.750000, 0.154377
0.200000, 1.750000, 0.143846
0.250000, 1.750000, 0.129894
0.300000, 1.750000, 0.126028
0.350000, 1.750000, 0.148267
0.400000, 1.750000, 0.211026
0.450000, 1.750000, 0.323367
0.500000, 1.750000, 0.486701
0.550000, 1.750000, 0.694603
0.600000, 1.750000, 0.934802
0.650000, 1.750000, 1.192749
0.700000, 1.750000, 1.455712
0.750000, 1.750000, 1.716202
0.800000, 1.750000, 1.973728
0.850000, 1.750000, 2.234372
0.900000, 1.750000, 2.508322
0.950000, 1.750000, 2.806118
1.000000, 1.750000, 3.134730
1.050000, 1.750000, 3.494635
1.100000, 1.750000, 3.878802
1.150000, 1.750000, 4.273877
1.200000, 1.750000, 4.663267
1.250000, 1.750000, 5.031217
1.300000, 1.750000, 5.366715
1.350000, 1.750000, 5.666078
1.400000, 1.750000, 5.933491
1.450000, 1.750000, 6.179336
1.500000, 1.750000, 6.416835
1.550000, 1.750000, 6.657989
1.600000, 1.750000, 6.910020
1.650000, 1.750000, 7.173372
1.700000, 1.750000, 7.441849
1.750000, 1.750000, 7.704850
1.800000, 1.750000, 7.951025
1.850000, 1.750000, 8.172278
1.900000, 1.750000, 8.366905
1.950000, 1.750000, 8.540929
2.000000, 1.750000, 8.707226
0.000000, 1.800000, 0.222308
0.050000, 1.800000, 0.241049
0.100000, 1.800000, 0.253078
0.150000, 1.800000, 0.251791
0.200000, 1.800000, 0.238022
0.250000, 1.800000, 0.220696
0.300000, 1.800000, 0.214900
0.350000, 1.800000, 0.237944
0.400000, 1.800000, 0.304624
0.450000, 1.800000, 0.423152
0.500000, 1.800000, 0.592993
0.550000, 1.800000, 0.805290
0.600000, 1.800000, 1.045720
0.650000, 1.800000, 1.298910
0.700000, 1.800000, 1.553023
0.750000, 1.800000, 1.803102
0.800000, 1.800000, 2.052132
0.850000, 1.800000, 2.309511
0.900000, 1.800000, 2.587415
0.950000, 1.800000, 2.896210
1.000000, 1.800000, 3.240354
1.050000, 1.800000, 3.616102
1.100000, 1.800000, 4.011733
1.150000, 1.800000, 4.410268
1.200000, 1.800000, 4.793846
1.250000, 1.800000, 5.148427
1.300000, 1.800000, 5.467377
1.350000, 1.800000, 5.752835
1.400000, 1.800000, 6.014465
1.450000, 1.800000, 6.265982
1.500000, 1.800000, 6.520566
1.550000, 1.800000, 6.786580
1.600000, 1.800000, 7.064944
1.650000, 1.800000, 7.348985
1.700000, 1.800000, 7.626792
1.750000, 1.800000, 7.885359
1.800000, 1.800000, 8.115199
1.850000, 1.800000, 8.313986
1.900000, 1.800000, 8.488073
1.950000, 1.800000, 8.651403
2.000000, 1.800000, 8.822113
0.000000, 1.850000, 0.491226
0.050000, 1.850000, 0.510851
0.100000, 1.850000, 0.522559
0.150000, 1.850000, 0.519225
0.200000, 1.850000, 0.502137
0.250000, 1.850000, 0.481545
0.300000, 1.850000, 0.474198
0.350000, 1.850000, 0.498656
0.400000, 1.850000, 0.569892
0.450000, 1.850000, 0.694941
0.500000, 1.850000, 0.871022
0.550000, 1.850000, 1.086721
0.600000, 1.850000, 1.325855
0.650000, 1.850000, 1.572739
0.700000, 1.850000, 1.817132
0.750000, 1.850000, 2.057239
0.800000, 1.850000, 2.299798
0.850000, 1.850000, 2.557232
0.900000, 1.850000, 2.842824
0.950000, 1.850000, 3.165507
1.000000, 1.850000, 3.526020
1.050000, 1.850000, 3.915697
1.100000, 1.850000, 4.318324
1.150000, 1.850000, 4.714478
1.200000, 1.850000, 5.086940
1.250000, 1.850000, 5.425441
1.300000, 1.850000, 5.729200
1.350000, 1.850000, 6.006444
1.400000, 1.850000, 6.271080
1.450000, 1.850000, 6.537647
1.500000, 1.850000, 6.816191
1.550000, 1.850000, 7.108786
1.600000, 1.850000, 7.408821
1.650000, 1.850000, 7.703312
1.700000, 1.850000, 7.977461
1.750000, 1.850000, 8.219970
1.800000, 1.850000, 8.427343
1.850000, 1.850000, 8.605762
1.900000, 1.850000, 8.769896
1.950000, 1.850000, 8.939014
2.000000, 1.850000, 9.131661
0.000000, 1.900000, 0.824512
0.050000, 1.900000, 0.844969
0.100000, 1.900000, 0.856266
0.150000, 1.900000, 0.850767
0.200000, 1.900000, 0.830308
0.250000, 1.900000, 0.806597
0.300000, 1.900000, 0.798124
0.350000, 1.900000, 0.824628
0.400000, 1.900000, 0.901015
0.450000, 1.900000, 1.032808
0.500000, 1.900000, 1.214695
0.550000, 1.900000, 1.432659
0.600000, 1.900000, 1.668950
0.650000, 1.900000, 1.908182
0.700000, 1.900000, 2.142437
0.750000, 1.900000, 2.373628
0.800000, 1.900000, 2.612309
0.850000, 1.900000, 2.873357
0.900000, 1.900000, 3.170036
0.950000, 1.900000, 3.508526
1.000000, 1.900000, 3.884812
1.050000, 1.900000, 4.285060
1.100000, 1.900000, 4.689354
1.150000, 1.900000, 5.077537
1.200000, 1.900000, 5.435169
1.250000, 1.900000, 5.757558
1.300000, 1.900000, 6.050496
1.350000, 1.900000, 6.327481
1.400000, 1.900000, 6.604383
1.450000, 1.900000, 6.893443
1.500000, 1.900000, 7.198672
1.550000, 1.900000, 7.514263
1.600000, 1.900000, 7.826569
1.650000, 1.900000, 8.118968
1.700000, 1.900000, 8.377916
1.750000, 1.900000, 8.598109
1.800000, 1.900000, 8.784942
1.850000, 1.900000, 8.953407
1.900000, 1.900000, 9.123790
1.950000, 1.900000, 9.315632
2.000000, 1.900000, 9.542032
0.000000, 1.950000, 1.091220
0.050000, 1.950000, 1.112474
0.100000, 1.950000, 1.123284
0.150000, 1.950000, 1.115519
0.200000, 1.950000, 1.091667
0.250000, 1.950000, 1.065027
0.300000, 1.950000, 1.055893
0.350000, 1.950000, 1.085086
0.400000, 1.950000, 1.167171
0.450000, 1.950000, 1.305809
0.500000, 1.950000, 1.492909
0.550000, 1.950000, 1.711884
0.600000, 1.950000, 1.943827
0.650000, 1.950000, 2.174337
0.700000, 1.950000, 2.398540
0.750000, 1.950000, 2.622466
0.800000, 1.950000, 2.860299
0.850000, 1.950000, 3.128520
0.900000, 1.950000, 3.439077
0.950000, 1.950000, 3.794110
1.000000, 1.950000, 4.184147
1.050000, 1.950000, 4.590482
1.100000, 1.950000, 4.990866
1.150000, 1.950000, 5.366508
1.200000, 1.950000, 5.707827
1.250000, 1.950000, 6.016925
1.300000, 1.950000, 6.305887
1.350000, 1.950000, 6.591561
1.400000, 1.950000, 6.888732
1.450000, 1.950000, 7.204196
1.500000, 1.950000, 7.533898
1.550000, 1.950000, 7.864195
1.600000, 1.950000, 8.176781
1.650000, 1.950000, 8.455492
1.700000, 1.950000, 8.692504
1.750000, 1.950000, 8.891681
1.800000, 1.950000, 9.067821
1.850000, 1.950000, 9.242075
1.900000, 1.950000, 9.435181
1.950000, 1.950000, 9.660952
2.000000, 1.950000, 9.922357
0.000000, 2.000000, 1.185419
0.050000, 2.000000, 1.207450
0.100000, 2.000000, 1.217713
0.150000, 2.000000, 1.207601
0.200000, 2.000000, 1.180363
0.250000, 2.000000, 1.151025
0.300000, 2.000000, 1.141733
0.350000, 2.000000, 1.174261
0.400000, 2.000000, 1.262532
0.450000, 2.000000, 1.407988
0.500000, 2.000000, 1.599557
0.550000, 2.000000, 1.818214
0.600000, 2.000000, 2.044404
0.650000, 2.000000, 2.265463
0.700000, 2.000000, 2.480231
0.750000, 2.000000, 2.699078
0.800000, 2.000000, 2.939366
0.850000, 2.000000, 3.218074
0.900000, 2.000000, 3.544446
0.950000, 2.000000, 3.915471
1.000000, 2.000000, 4.315959
1.050000, 2.000000, 4.723219
1.100000, 2.000000, 5.114555
1.150000, 2.000000, 5.474780
1.200000, 2.000000, 5.800883
1.250000, 2.000000, 6.102106
1.300000, 2.000000, 6.395430
1.350000, 2.000000, 6.698216
1.400000, 2.000000, 7.020834
1.450000, 2.000000, 7.362124
1.500000, 2.000000, 7.709423
1.550000, 2.000000, 8.043174
1.600000, 2.000000, 8.344355
1.650000, 2.000000, 8.601892
1.700000, 2.000000, 8.817226
1.750000, 2.000000, 9.004281
1.800000, 2.000000, 9.184833
1.850000, 2.000000, 9.381025
1.900000, 2.000000, 9.607884
1.950000, 2.000000, 9.868660
2.000000, 2.000000, 10.154745
