0.000000, 0.000000, 0.063868
0.050000, 0.000000, -0.062256
0.100000, 0.000000, -0.196198
0.150000, 0.000000, -0.331516
0.200000, 0.000000, -0.462529
0.250000, 0.000000, -0.584798
0.300000, 0.000000, -0.695447
0.350000, 0.000000, -0.793308
0.400000, 0.000000, -0.878880
0.450000, 0.000000, -0.954096
0.500000, 0.000000, -1.021940
0.550000, 0.000000, -1.085955
0.600000, 0.000000, -1.149683
0.650000, 0.000000, -1.216109
0.700000, 0.000000, -1.287166
0.750000, 0.000000, -1.363352
0.800000, 0.000000, -1.443500
0.850000, 0.000000, -1.524734
0.900000, 0.000000, -1.602614
0.950000, 0.000000, -1.671460
1.000000, 0.000000, -1.724829
1.050000, 0.000000, -1.756097
1.100000, 0.000000, -1.759087
1.150000, 0.000000, -1.728695
1.200000, 0.000000, -1.661437
1.250000, 0.000000, -1.555869
1.300000, 0.000000, -1.412838
1.350000, 0.000000, -1.235539
1.400000, 0.000000, -1.029360
1.450000, 0.000000, -0.801530
1.500000, 0.000000, -0.560613
1.550000, 0.000000, -0.315866
1.600000, 0.000000, -0.076549
1.650000, 0.000000, 0.148777
1.700000, 0.000000, 0.352879
1.750000, 0.000000, 0.530372
1.800000, 0.000000, 0.678062
1.850000, 0.000000, 0.795100
1.900000, 0.000000, 0.882929
1.950000, 0.000000, 0.945035
2.000000, 0.000000, 0.986522
0.000000, 0.050000, 0.274840
0.050000, 0.050000, 0.129860
0.100000, 0.050000, -0.022268
0.150000, 0.050000, -0.174675
0.200000, 0.050000, -0.321279
0.250000, 0.050000, -0.457277
0.300000, 0.050000, -0.579475
0.350000, 0.050000, -0.686442
0.400000, 0.050000, -0.778471
0.450000, 0.050000, -0.857356
0.500000, 0.050000, -0.926012
0.550000, 0.050000, -0.987981
0.600000, 0.050000, -1.046876
0.650000, 0.050000, -1.105822
0.700000, 0.050000, -1.166955
0.750000, 0.050000, -1.231038
0.800000, 0.050000, -1.297222
0.850000, 0.050000, -1.362995
0.900000, 0.050000, -1.424319
0.950000, 0.050000, -1.475941
1.000000, 0.050000, -1.511864
1.050000, 0.050000, -1.525911
1.100000, 0.050000, -1.512353
1.150000, 0.050000, -1.466512
1.200000, 0.050000, -1.385305
1.250000, 0.050000, -1.267652
1.300000, 0.050000, -1.114720
1.350000, 0.050000, -0.929967
1.400000, 0.050000, -0.718985
1.450000, 0.050000, -0.489144
1.500000, 0.050000, -0.249076
1.550000, 0.050000, -0.008040
1.600000, 0.050000, 0.224775
1.650000, 0.050000, 0.440947
1.700000, 0.050000, 0.633447
1.750000, 0.050000, 0.797155
1.800000, 0.050000, 0.929193
1.850000, 0.050000, 1.029078
1.900000, 0.050000, 1.098653
1.950000, 0.050000, 1.141833
2.000000, 0.050000, 1.164164
0.000000, 0.100000, 0.734165
0.050000, 0.100000, 0.571000
0.100000, 0.100000, 0.401782
0.150000, 0.100000, 0.233783
0.200000, 0.100000, 0.073446
0.250000, 0.100000, -0.074107
0.300000, 0.100000, -0.205419
0.350000, 0.100000, -0.318854
0.400000, 0.100000, -0.414568
0.450000, 0.100000, -0.494285
0.500000, 0.100000, -0.560920
0.550000, 0.100000, -0.618088
0.600000, 0.100000, -0.669540
0.650000, 0.100000, -0.718605
0.700000, 0.100000, -0.767687
0.750000, 0.100000, -0.817865
0.800000, 0.100000, -0.868657
0.850000, 0.100000, -0.917951
0.900000, 0.100000, -0.962138
0.950000, 0.100000, -0.996410
1.000000, 0.100000, -1.015221
1.050000, 0.100000, -1.012839
1.100000, 0.100000, -0.983962
1.150000, 0.100000, -0.924316
1.200000, 0.100000, -0.831181
1.250000, 0.100000, -0.703796
1.300000, 0.100000, -0.543594
1.350000, 0.100000, -0.354237
1.400000, 0.100000, -0.141456
1.450000, 0.100000, 0.087307
1.500000, 0.100000, 0.323419
1.550000, 0.100000, 0.557691
1.600000, 0.100000, 0.781073
1.650000, 0.100000, 0.985346
1.700000, 0.100000, 1.163746
1.750000, 0.100000, 1.311469
1.800000, 0.100000, 1.426003
1.850000, 0.100000, 1.507262
1.900000, 0.100000, 1.557519
1.950000, 0.100000, 1.581131
2.000000, 0.100000, 1.584095
0.000000, 0.150000, 1.353489
0.050000, 0.150000, 1.173235
0.100000, 0.150000, 0.988424
0.150000, 0.150000, 0.806691
0.200000, 0.150000, 0.634795
0.250000, 0.150000, 0.478120
0.300000, 0.150000, 0.340326
0.350000, 0.150000, 0.223186
0.400000, 0.150000, 0.126613
0.450000, 0.150000, 0.048881
0.500000, 0.150000, -0.012999
0.550000, 0.150000, -0.062779
0.600000, 0.150000, -0.104419
0.650000, 0.150000, -0.141514
0.700000, 0.150000, -0.176787
0.750000, 0.150000, -0.211683
0.800000, 0.150000, -0.246122
0.850000, 0.150000, -0.278424
0.900000, 0.150000, -0.305423
0.950000, 0.150000, -0.322765
1.000000, 0.150000, -0.325347
1.050000, 0.150000, -0.307870
1.100000, 0.150000, -0.265434
1.150000, 0.150000, -0.194128
1.200000, 0.150000, -0.091554
1.250000, 0.150000, 0.042784
1.300000, 0.150000, 0.207248
1.350000, 0.150000, 0.398033
1.400000, 0.150000, 0.609338
1.450000, 0.150000, 0.833719
1.500000, 0.150000, 1.062613
1.550000, 0.150000, 1.286968
1.600000, 0.150000, 1.497938
1.650000, 0.150000, 1.687565
1.700000, 0.150000, 1.849404
1.750000, 0.150000, 1.979013
1.800000, 0.150000, 2.074279
1.850000, 0.150000, 2.135545
1.900000, 0.150000, 2.165526
1.950000, 0.150000, 2.169027
2.000000, 0.150000, 2.152489
0.000000, 0.200000, 2.007266
0.050000, 0.200000, 1.811420
0.100000, 0.200000, 1.612877
0.150000, 0.200000, 1.419585
0.200000, 0.200000, 1.238563
0.250000, 0.200000, 1.075398
0.300000, 0.200000, 0.933884
0.350000, 0.200000, 0.815861
0.400000, 0.200000, 0.721238
0.450000, 0.200000, 0.648216
0.500000, 0.200000, 0.593664
0.550000, 0.200000, 0.553621
0.600000, 0.200000, 0.523860
0.650000, 0.200000, 0.500464
0.700000, 0.200000, 0.480344
0.750000, 0.200000, 0.461649
0.800000, 0.200000, 0.444030
0.850000, 0.200000, 0.428719
0.900000, 0.200000, 0.418428
0.950000, 0.200000, 0.417064
1.000000, 0.200000, 0.429299
1.050000, 0.200000, 0.460031
1.100000, 0.200000, 0.513791
1.150000, 0.200000, 0.594169
1.200000, 0.200000, 0.703297
1.250000, 0.200000, 0.841464
1.300000, 0.200000, 1.006890
1.350000, 0.200000, 1.195700
1.400000, 0.200000, 1.402088
1.450000, 0.200000, 1.618681
1.500000, 0.200000, 1.837051
1.550000, 0.200000, 2.048349
1.600000, 0.200000, 2.243992
1.650000, 0.200000, 2.416340
1.700000, 0.200000, 2.559309
1.750000, 0.200000, 2.668857
1.800000, 0.200000, 2.743299
1.850000, 0.200000, 2.783419
1.900000, 0.200000, 2.792383
1.950000, 0.200000, 2.775440
2.000000, 0.200000, 2.739458
0.000000, 0.250000, 2.560338
0.050000, 0.250000, 2.350764
0.100000, 0.250000, 2.140666
0.150000, 0.250000, 1.938252
0.200000, 0.250000, 1.750740
0.250000, 0.250000, 1.583848
0.300000, 0.250000, 1.441438
0.350000, 0.250000, 1.325341
0.400000, 0.250000, 1.235392
0.450000, 0.250000, 1.169647
0.500000, 0.250000, 1.124764
0.550000, 0.250000, 1.096514
0.600000, 0.250000, 1.080346
0.650000, 0.250000, 1.071973
0.700000, 0.250000, 1.067901
0.750000, 0.250000, 1.065847
0.800000, 0.250000, 1.065010
0.850000, 0.250000, 1.066171
0.900000, 0.250000, 1.071592
0.950000, 0.250000, 1.084748
1.000000, 0.250000, 1.109907
1.050000, 0.250000, 1.151596
1.100000, 0.250000, 1.214029
1.150000, 0.250000, 1.300526
1.200000, 0.250000, 1.413011
1.250000, 0.250000, 1.551633
1.300000, 0.250000, 1.714539
1.350000, 0.250000, 1.897850
1.400000, 0.250000, 2.095830
1.450000, 0.250000, 2.301242
1.500000, 0.250000, 2.505863
1.550000, 0.250000, 2.701106
1.600000, 0.250000, 2.878705
1.650000, 0.250000, 3.031384
1.700000, 0.250000, 3.153460
1.750000, 0.250000, 3.241318
1.800000, 0.250000, 3.293718
1.850000, 0.250000, 3.311895
1.900000, 0.250000, 3.299460
1.950000, 0.250000, 3.262090
2.000000, 0.250000, 3.207058
0.000000, 0.300000, 2.897691
0.050000, 0.300000, 2.676567
0.100000, 0.300000, 2.457356
0.150000, 0.300000, 2.248460
0.200000, 0.300000, 2.057227
0.250000, 0.300000, 1.889439
0.300000, 0.300000, 1.748947
0.350000, 0.300000, 1.637504
0.400000, 0.300000, 1.554798
0.450000, 0.300000, 1.498672
0.500000, 0.300000, 1.465513
0.550000, 0.300000, 1.450765
0.600000, 0.300000, 1.449506
0.650000, 0.300000, 1.457041
0.700000, 0.300000, 1.469442
0.750000, 0.300000, 1.483974
0.800000, 0.300000, 1.499381
0.850000, 0.300000, 1.515994
0.900000, 0.300000, 1.535640
0.950000, 0.300000, 1.561391
1.000000, 0.300000, 1.597145
1.050000, 0.300000, 1.647107
1.100000, 0.300000, 1.715223
1.150000, 0.300000, 1.804606
1.200000, 0.300000, 1.917039
1.250000, 0.300000, 2.052597
1.300000, 0.300000, 2.209426
1.350000, 0.300000, 2.383717
1.400000, 0.300000, 2.569872
1.450000, 0.300000, 2.760859
1.500000, 0.300000, 2.948719
1.550000, 0.300000, 3.125185
1.600000, 0.300000, 3.282357
1.650000, 0.300000, 3.413361
1.700000, 0.300000, 3.512944
1.750000, 0.300000, 3.577941
1.800000, 0.300000, 3.607564
1.850000, 0.300000, 3.603497
1.900000, 0.300000, 3.569784
1.950000, 0.300000, 3.512508
2.000000, 0.300000, 3.439311
0.000000, 0.350000, 2.949882
0.050000, 0.350000, 2.719653
0.100000, 0.350000, 2.493973
0.150000, 0.350000, 2.281372
0.200000, 0.350000, 2.089256
0.250000, 0.350000, 1.923395
0.300000, 0.350000, 1.787556
0.350000, 0.350000, 1.683345
0.400000, 0.350000, 1.610232
0.450000, 0.350000, 1.565785
0.500000, 0.350000, 1.546063
0.550000, 0.350000, 1.546134
0.600000, 0.350000, 1.560669
0.650000, 0.350000, 1.584535
0.700000, 0.350000, 1.613350
0.750000, 0.350000, 1.643922
0.800000, 0.350000, 1.674545
0.850000, 0.350000, 1.705113
0.900000, 0.350000, 1.737049
0.950000, 0.350000, 1.773056
1.000000, 0.350000, 1.816707
1.050000, 0.350000, 1.871944
1.100000, 0.350000, 1.942503
1.150000, 0.350000, 2.031357
1.200000, 0.350000, 2.140218
1.250000, 0.350000, 2.269162
1.300000, 0.350000, 2.416406
1.350000, 0.350000, 2.578282
1.400000, 0.350000, 2.749399
1.450000, 0.350000, 2.922993
1.500000, 0.350000, 3.091428
1.550000, 0.350000, 3.246807
1.600000, 0.350000, 3.381635
1.650000, 0.350000, 3.489476
1.700000, 0.350000, 3.565529
1.750000, 0.350000, 3.607086
1.800000, 0.350000, 3.613814
1.850000, 0.350000, 3.587835
1.900000, 0.350000, 3.533604
1.950000, 0.350000, 3.457581
2.000000, 0.350000, 3.367737
0.000000, 0.400000, 2.708601
0.050000, 0.400000, 2.471915
0.100000, 0.400000, 2.242550
0.150000, 0.400000, 2.029089
0.200000, 0.400000, 1.838924
0.250000, 0.400000, 1.677736
0.300000, 0.400000, 1.549141
0.350000, 0.400000, 1.454522
0.400000, 0.400000, 1.393072
0.450000, 0.400000, 1.362028
0.500000, 0.400000, 1.357070
0.550000, 0.400000, 1.372855
0.600000, 0.400000, 1.403612
0.650000, 0.400000, 1.443756
0.700000, 0.400000, 1.488443
0.750000, 0.400000, 1.534030
0.800000, 0.400000, 1.578376
0.850000, 0.400000, 1.620967
0.900000, 0.400000, 1.662859
0.950000, 0.400000, 1.706430
1.000000, 0.400000, 1.754990
1.050000, 0.400000, 1.812274
1.100000, 0.400000, 1.881879
1.150000, 0.400000, 1.966710
1.200000, 0.400000, 2.068483
1.250000, 0.400000, 2.187347
1.300000, 0.400000, 2.321665
1.350000, 0.400000, 2.467980
1.400000, 0.400000, 2.621175
1.450000, 0.400000, 2.774813
1.500000, 0.400000, 2.921633
1.550000, 0.400000, 3.054151
1.600000, 0.400000, 3.165314
1.650000, 0.400000, 3.249144
1.700000, 0.400000, 3.301305
1.750000, 0.400000, 3.319551
1.800000, 0.400000, 3.303993
1.850000, 0.400000, 3.257173
1.900000, 0.400000, 3.183928
1.950000, 0.400000, 3.091056
2.000000, 0.400000, 2.986813
0.000000, 0.450000, 2.228953
0.050000, 0.450000, 1.988597
0.100000, 0.450000, 1.758401
0.150000, 0.450000, 1.546925
0.200000, 0.450000, 1.361470
0.250000, 0.450000, 1.207559
0.300000, 0.450000, 1.088583
0.350000, 0.450000, 1.005643
0.400000, 0.450000, 0.957596
0.450000, 0.450000, 0.941297
0.500000, 0.450000, 0.952011
0.550000, 0.450000, 0.983951
0.600000, 0.450000, 1.030891
0.650000, 0.450000, 1.086783
0.700000, 0.450000, 1.146330
0.750000, 0.450000, 1.205452
0.800000, 0.450000, 1.261601
0.850000, 0.450000, 1.313896
0.900000, 0.450000, 1.363070
0.950000, 0.450000, 1.411238
1.000000, 0.450000, 1.461505
1.050000, 0.450000, 1.517472
1.100000, 0.450000, 1.582670
1.150000, 0.450000, 1.660012
1.200000, 0.450000, 1.751292
1.250000, 0.450000, 1.856811
1.300000, 0.450000, 1.975149
1.350000, 0.450000, 2.103127
1.400000, 0.450000, 2.235963
1.450000, 0.450000, 2.367602
1.500000, 0.450000, 2.491203
1.550000, 0.450000, 2.599732
1.600000, 0.450000, 2.686602
1.650000, 0.450000, 2.746308
1.700000, 0.450000, 2.774984
1.750000, 0.450000, 2.770835
1.800000, 0.450000, 2.734401
1.850000, 0.450000, 2.668614
1.900000, 0.450000, 2.578657
1.950000, 0.450000, 2.471619
2.000000, 0.450000, 2.355986
0.000000, 0.500000, 1.617962
0.050000, 0.500000, 1.376795
0.100000, 0.500000, 1.148618
0.150000, 0.500000, 0.941898
0.200000, 0.500000, 0.763771
0.250000, 0.500000, 0.619530
0.300000, 0.500000, 0.512277
0.350000, 0.500000, 0.442774
0.400000, 0.500000, 0.409491
0.450000, 0.500000, 0.408864
0.500000, 0.500000, 0.435711
0.550000, 0.500000, 0.483786
0.600000, 0.500000, 0.546398
0.650000, 0.500000, 0.617044
0.700000, 0.500000, 0.689989
0.750000, 0.500000, 0.760747
0.800000, 0.500000, 0.826401
0.850000, 0.500000, 0.885751
0.900000, 0.500000, 0.939268
0.950000, 0.500000, 0.988865
1.000000, 0.500000, 1.037518
1.050000, 0.500000, 1.088763
1.100000, 0.500000, 1.146147
1.150000, 0.500000, 1.212667
1.200000, 0.500000, 1.290275
1.250000, 0.500000, 1.379494
1.300000, 0.500000, 1.479191
1.350000, 0.500000, 1.586531
1.400000, 0.500000, 1.697122
1.450000, 0.500000, 1.805337
1.500000, 0.500000, 1.904794
1.550000, 0.500000, 1.988933
1.600000, 0.500000, 2.051651
1.650000, 0.500000, 2.087918
1.700000, 0.500000, 2.094331
1.750000, 0.500000, 2.069531
1.800000, 0.500000, 2.014455
1.850000, 0.500000, 1.932387
1.900000, 0.500000, 1.828807
1.950000, 0.500000, 1.711043
2.000000, 0.500000, 1.587752
0.000000, 0.550000, 1.011776
0.050000, 0.550000, 0.772655
0.100000, 0.550000, 0.549280
0.150000, 0.550000, 0.349947
0.200000, 0.550000, 0.181557
0.250000, 0.550000, 0.049109
0.300000, 0.550000, -0.044642
0.350000, 0.550000, -0.099325
0.400000, 0.550000, -0.116894
0.450000, 0.550000, -0.101366
0.500000, 0.550000, -0.058384
0.550000, 0.550000, 0.005337
0.600000, 0.550000, 0.082649
0.650000, 0.550000, 0.166610
0.700000, 0.550000, 0.251079
0.750000, 0.550000, 0.331200
0.800000, 0.550000, 0.403740
0.850000, 0.550000, 0.467238
0.900000, 0.550000, 0.521967
0.950000, 0.550000, 0.569714
1.000000, 0.550000, 0.613399
1.050000, 0.550000, 0.656577
1.100000, 0.550000, 0.702886
1.150000, 0.550000, 0.755488
1.200000, 0.550000, 0.816567
1.250000, 0.550000, 0.886942
1.300000, 0.550000, 0.965832
1.350000, 0.550000, 1.050801
1.400000, 0.550000, 1.137894
1.450000, 0.550000, 1.221955
1.500000, 0.550000, 1.297083
1.550000, 0.550000, 1.357211
1.600000, 0.550000, 1.396721
1.650000, 0.550000, 1.411054
1.700000, 0.550000, 1.397249
1.750000, 0.550000, 1.354350
1.800000, 0.550000, 1.283653
1.850000, 0.550000, 1.188744
1.900000, 0.550000, 1.075343
1.950000, 0.550000, 0.950950
2.000000, 0.550000, 0.824323
0.000000, 0.600000, 0.546545
0.050000, 0.600000, 0.312256
0.100000, 0.600000, 0.096324
0.150000, 0.600000, -0.093197
0.200000, 0.600000, -0.249708
0.250000, 0.600000, -0.368564
0.300000, 0.600000, -0.447405
0.350000, 0.600000, -0.486294
0.400000, 0.600000, -0.487641
0.450000, 0.600000, -0.455930
0.500000, 0.600000, -0.397276
0.550000, 0.600000, -0.318855
0.600000, 0.600000, -0.228255
0.650000, 0.600000, -0.132827
0.700000, 0.600000, -0.039080
0.750000, 0.600000, 0.047814
0.800000, 0.600000, 0.124364
0.850000, 0.600000, 0.188916
0.900000, 0.600000, 0.241620
0.950000, 0.600000, 0.284213
1.000000, 0.600000, 0.319640
1.050000, 0.600000, 0.351557
1.100000, 0.600000, 0.383775
1.150000, 0.600000, 0.419696
1.200000, 0.600000, 0.461810
1.250000, 0.600000, 0.511297
1.300000, 0.600000, 0.567785
1.350000, 0.600000, 0.629288
1.400000, 0.600000, 0.692328
1.450000, 0.600000, 0.752242
1.500000, 0.600000, 0.803630
1.550000, 0.600000, 0.840919
1.600000, 0.600000, 0.858968
1.650000, 0.600000, 0.853665
1.700000, 0.600000, 0.822459
1.750000, 0.600000, 0.764755
1.800000, 0.600000, 0.682151
1.850000, 0.600000, 0.578473
1.900000, 0.600000, 0.459613
1.950000, 0.600000, 0.333166
2.000000, 0.600000, 0.207912
0.000000, 0.650000, 0.329290
0.050000, 0.650000, 0.102481
0.100000, 0.650000, -0.103570
0.150000, 0.650000, -0.281120
0.200000, 0.650000, -0.423932
0.250000, 0.650000, -0.527765
0.300000, 0.650000, -0.590698
0.350000, 0.650000, -0.613257
0.400000, 0.650000, -0.598327
0.450000, 0.650000, -0.550867
0.500000, 0.650000, -0.477460
0.550000, 0.650000, -0.385723
0.600000, 0.650000, -0.283656
0.650000, 0.650000, -0.178979
0.700000, 0.650000, -0.078515
0.750000, 0.650000, 0.012309
0.800000, 0.650000, 0.089809
0.850000, 0.650000, 0.152215
0.900000, 0.650000, 0.199634
0.950000, 0.650000, 0.233834
1.000000, 0.650000, 0.257870
1.050000, 0.650000, 0.275578
1.100000, 0.650000, 0.291021
1.150000, 0.650000, 0.307917
1.200000, 0.650000, 0.329127
1.250000, 0.650000, 0.356252
1.300000, 0.650000, 0.389379
1.350000, 0.650000, 0.427009
1.400000, 0.650000, 0.466167
1.450000, 0.650000, 0.502698
1.500000, 0.650000, 0.531705
1.550000, 0.650000, 0.548096
1.600000, 0.650000, 0.547182
1.650000, 0.650000, 0.525265
1.700000, 0.650000, 0.480151
1.750000, 0.650000, 0.411549
1.800000, 0.650000, 0.321291
1.850000, 0.650000, 0.213370
1.900000, 0.650000, 0.093762
1.950000, 0.650000, -0.029927
2.000000, 0.650000, -0.148985
0.000000, 0.700000, 0.415118
0.050000, 0.700000, 0.198233
0.100000, 0.700000, 0.004234
0.150000, 0.700000, -0.159508
0.200000, 0.700000, -0.287167
0.250000, 0.700000, -0.374951
0.300000, 0.700000, -0.421412
0.350000, 0.700000, -0.427557
0.400000, 0.700000, -0.396754
0.450000, 0.700000, -0.334435
0.500000, 0.700000, -0.247629
0.550000, 0.700000, -0.144369
0.600000, 0.700000, -0.033024
0.650000, 0.700000, 0.078371
0.700000, 0.700000, 0.182736
0.750000, 0.700000, 0.274459
0.800000, 0.700000, 0.349744
0.850000, 0.700000, 0.406781
0.900000, 0.700000, 0.445718
0.950000, 0.700000, 0.468440
1.000000, 0.700000, 0.478193
1.050000, 0.700000, 0.479074
1.100000, 0.700000, 0.475474
1.150000, 0.700000, 0.471492
1.200000, 0.700000, 0.470422
1.250000, 0.700000, 0.474335
1.300000, 0.700000, 0.483814
1.350000, 0.700000, 0.497872
1.400000, 0.700000, 0.514051
1.450000, 0.700000, 0.528703
1.500000, 0.700000, 0.537417
1.550000, 0.700000, 0.535556
1.600000, 0.700000, 0.518843
1.650000, 0.700000, 0.483935
1.700000, 0.700000, 0.428938
1.750000, 0.700000, 0.353786
1.800000, 0.700000, 0.260466
1.850000, 0.700000, 0.153042
1.900000, 0.700000, 0.037486
1.950000, 0.700000, -0.078684
2.000000, 0.700000, -0.186922
0.000000, 0.750000, 0.795718
0.050000, 0.750000, 0.590937
0.100000, 0.750000, 0.410842
0.150000, 0.750000, 0.262383
0.200000, 0.750000, 0.150925
0.250000, 0.750000, 0.079781
0.300000, 0.750000, 0.049906
0.350000, 0.750000, 0.059802
0.400000, 0.750000, 0.105620
0.450000, 0.750000, 0.181474
0.500000, 0.750000, 0.279916
0.550000, 0.750000, 0.392540
0.600000, 0.750000, 0.510657
0.650000, 0.750000, 0.625981
0.700000, 0.750000, 0.731246
0.750000, 0.750000, 0.820730
0.800000, 0.750000, 0.890605
0.850000, 0.750000, 0.939110
0.900000, 0.750000, 0.966516
0.950000, 0.750000, 0.974912
1.000000, 0.750000, 0.967813
1.050000, 0.750000, 0.949657
1.100000, 0.750000, 0.925227
1.150000, 0.750000, 0.899067
1.200000, 0.750000, 0.874950
1.250000, 0.750000, 0.855454
1.300000, 0.750000, 0.841684
1.350000, 0.750000, 0.833175
1.400000, 0.750000, 0.827982
1.450000, 0.750000, 0.822946
1.500000, 0.750000, 0.814112
1.550000, 0.750000, 0.797249
1.600000, 0.750000, 0.768433
1.650000, 0.750000, 0.724609
1.700000, 0.750000, 0.664099
1.750000, 0.750000, 0.586975
1.800000, 0.750000, 0.495279
1.850000, 0.750000, 0.393050
1.900000, 0.750000, 0.286147
1.950000, 0.750000, 0.181898
2.000000, 0.750000, 0.088579
0.000000, 0.800000, 1.401650
0.050000, 0.800000, 1.210832
0.100000, 0.800000, 1.046130
0.150000, 0.800000, 0.914022
0.200000, 0.800000, 0.819385
0.250000, 0.800000, 0.765023
0.300000, 0.800000, 0.751393
0.350000, 0.800000, 0.776503
0.400000, 0.800000, 0.836044
0.450000, 0.800000, 0.923702
0.500000, 0.800000, 1.031649
0.550000, 0.800000, 1.151158
0.600000, 0.800000, 1.273286
0.650000, 0.800000, 1.389560
0.700000, 0.800000, 1.492610
0.750000, 0.800000, 1.576684
0.800000, 0.800000, 1.638011
0.850000, 0.800000, 1.674960
0.900000, 0.800000, 1.688017
0.950000, 0.800000, 1.679552
1.000000, 0.800000, 1.653431
1.050000, 0.800000, 1.614498
1.100000, 0.800000, 1.567989
1.150000, 0.800000, 1.518941
1.200000, 0.800000, 1.471645
1.250000, 0.800000, 1.429206
1.300000, 0.800000, 1.393262
1.350000, 0.800000, 1.363862
1.400000, 0.800000, 1.339553
1.450000, 0.800000, 1.317628
1.500000, 0.800000, 1.294535
1.550000, 0.800000, 1.266389
1.600000, 0.800000, 1.229541
1.650000, 0.800000, 1.181138
1.700000, 0.800000, 1.119619
1.750000, 0.800000, 1.045092
1.800000, 0.800000, 0.959548
1.850000, 0.800000, 0.866887
1.900000, 0.800000, 0.772751
1.950000, 0.800000, 0.684166
2.000000, 0.800000, 0.609037
0.000000, 0.850000, 2.117895
0.050000, 0.850000, 1.942539
0.100000, 0.850000, 1.794315
0.150000, 0.850000, 1.679201
0.200000, 0.850000, 1.601553
0.250000, 0.850000, 1.563664
0.300000, 0.850000, 1.565485
0.350000, 0.850000, 1.604551
0.400000, 0.850000, 1.676116
0.450000, 0.850000, 1.773476
0.500000, 0.850000, 1.888479
0.550000, 0.850000, 2.012136
0.600000, 0.850000, 2.135317
0.650000, 0.850000, 2.249446
0.700000, 0.850000, 2.347126
0.750000, 0.850000, 2.422668
0.800000, 0.850000, 2.472440
0.850000, 0.850000, 2.495033
0.900000, 0.850000, 2.491227
0.950000, 0.850000, 2.463753
1.000000, 0.850000, 2.416896
1.050000, 0.850000, 2.355967
1.100000, 0.850000, 2.286706
1.150000, 0.850000, 2.214677
1.200000, 0.850000, 2.144708
1.250000, 0.850000, 2.080443
1.300000, 0.850000, 2.024037
1.350000, 0.850000, 1.976033
1.400000, 0.850000, 1.935427
1.450000, 0.850000, 1.899909
1.500000, 0.850000, 1.866261
1.550000, 0.850000, 1.830861
1.600000, 0.850000, 1.790242
1.650000, 0.850000, 1.741648
1.700000, 0.850000, 1.683530
1.750000, 0.850000, 1.615917
1.800000, 0.850000, 1.540634
1.850000, 0.850000, 1.461331
1.900000, 0.850000, 1.383319
1.950000, 0.850000, 1.313220
2.000000, 0.850000, 1.258475
0.000000, 0.900000, 2.809299
0.050000, 0.900000, 2.650499
0.100000, 0.900000, 2.519412
0.150000, 0.900000, 2.421485
0.200000, 0.900000, 2.360546
0.250000, 0.900000, 2.338368
0.300000, 0.900000, 2.354415
0.350000, 0.900000, 2.405772
0.400000, 0.900000, 2.487291
0.450000, 0.900000, 2.591934
0.500000, 0.900000, 2.711279
0.550000, 0.900000, 2.836148
0.600000, 0.900000, 2.957305
0.650000, 0.900000, 3.066148
0.700000, 0.900000, 3.155347
0.750000, 0.900000, 3.219358
0.800000, 0.900000, 3.254780
0.850000, 0.900000, 3.260511
0.900000, 0.900000, 3.237701
0.950000, 0.900000, 3.189514
1.000000, 0.900000, 3.120715
1.050000, 0.900000, 3.037131
1.100000, 0.900000, 2.945041
1.150000, 0.900000, 2.850555
1.200000, 0.900000, 2.759046
1.250000, 0.900000, 2.674681
1.300000, 0.900000, 2.600106
1.350000, 0.900000, 2.536313
1.400000, 0.900000, 2.482685
1.450000, 0.900000, 2.437236
1.500000, 0.900000, 2.396994
1.550000, 0.900000, 2.358499
1.600000, 0.900000, 2.318359
1.650000, 0.900000, 2.273804
1.700000, 0.900000, 2.223176
1.750000, 0.900000, 2.166309
1.800000, 0.900000, 2.104744
1.850000, 0.900000, 2.041771
1.900000, 0.900000, 1.982266
1.950000, 0.900000, 1.932360
2.000000, 0.900000, 1.898948
0.000000, 0.950000, 3.350315
0.050000, 0.950000, 3.208738
0.100000, 0.950000, 3.095001
0.150000, 0.950000, 3.014005
0.200000, 0.950000, 2.969044
0.250000, 0.950000, 2.961386
0.300000, 0.950000, 2.990028
0.350000, 0.950000, 3.051640
0.400000, 0.950000, 3.140724
0.450000, 0.950000, 3.249964
0.500000, 0.950000, 3.370738
0.550000, 0.950000, 3.493757
0.600000, 0.950000, 3.609760
0.650000, 0.950000, 3.710211
0.700000, 0.950000, 3.787931
0.750000, 0.950000, 3.837616
0.800000, 0.950000, 3.856178
0.850000, 0.950000, 3.842899
0.900000, 0.950000, 3.799376
0.950000, 0.950000, 3.729267
1.000000, 0.950000, 3.637864
1.050000, 0.950000, 3.531545
1.100000, 0.950000, 3.417148
1.150000, 0.950000, 3.301335
1.200000, 0.950000, 3.190005
1.250000, 0.950000, 3.087819
1.300000, 0.950000, 2.997867
1.350000, 0.950000, 2.921521
1.400000, 0.950000, 2.858476
1.450000, 0.950000, 2.806974
1.500000, 0.950000, 2.764185
1.550000, 0.950000, 2.726701
1.600000, 0.950000, 2.691085
1.650000, 0.950000, 2.654431
1.700000, 0.950000, 2.614852
1.750000, 0.950000, 2.571869
1.800000, 0.950000, 2.526632
1.850000, 0.950000, 2.481969
1.900000, 0.950000, 2.442237
1.950000, 0.950000, 2.413004
2.000000, 0.950000, 2.400570
0.000000, 1.000000, 3.652587
0.050000, 1.000000, 3.528457
0.100000, 1.000000, 3.431833
0.150000, 1.000000, 3.367064
0.200000, 1.000000, 3.336921
0.250000, 1.000000, 3.342187
0.300000, 1.000000, 3.381423
0.350000, 1.000000, 3.450933
0.400000, 1.000000, 3.544926
0.450000, 1.000000, 3.655873
0.500000, 1.000000, 3.775032
0.550000, 1.000000, 3.893084
0.600000, 1.000000, 4.000829
0.650000, 1.000000, 4.089888
0.700000, 1.000000, 4.153325
0.750000, 1.000000, 4.186159
0.800000, 1.000000, 4.185698
0.850000, 1.000000, 4.151683
0.900000, 1.000000, 4.086219
0.950000, 1.000000, 3.993506
1.000000, 1.000000, 3.879401
1.050000, 1.000000, 3.750853
1.100000, 1.000000, 3.615259
1.150000, 1.000000, 3.479815
1.200000, 1.000000, 3.350916
1.250000, 1.000000, 3.233664
1.300000, 1.000000, 3.131524
1.350000, 1.000000, 3.046164
1.400000, 1.000000, 2.977492
1.450000, 1.000000, 2.923873
1.500000, 1.000000, 2.882501
1.550000, 1.000000, 2.849894
1.600000, 1.000000, 2.822452
1.650000, 1.000000, 2.797006
1.700000, 1.000000, 2.771328
1.750000, 1.000000, 2.744515
1.800000, 1.000000, 2.717231
1.850000, 1.000000, 2.691763
1.900000, 1.000000, 2.671891
1.950000, 1.000000, 2.662577
2.000000, 1.000000, 2.669513
0.000000, 1.050000, 3.684341
0.050000, 1.050000, 3.577431
0.100000, 1.050000, 3.497236
0.150000, 1.050000, 3.447563
0.200000, 1.050000, 3.430674
0.250000, 1.050000, 3.446898
0.300000, 1.050000, 3.494407
0.350000, 1.050000, 3.569191
0.400000, 1.050000, 3.665231
0.450000, 1.050000, 3.774861
0.500000, 1.050000, 3.889299
0.550000, 1.050000, 3.999283
0.600000, 1.050000, 4.095768
0.650000, 1.050000, 4.170618
0.700000, 1.050000, 4.217228
0.750000, 1.050000, 4.231024
0.800000, 1.050000, 4.209786
0.850000, 1.050000, 4.153775
0.900000, 1.050000, 4.065656
0.950000, 1.050000, 3.950208
1.000000, 1.050000, 3.813874
1.050000, 1.050000, 3.664173
1.100000, 1.050000, 3.509044
1.150000, 1.050000, 3.356184
1.200000, 1.050000, 3.212428
1.250000, 1.050000, 3.083246
1.300000, 1.050000, 2.972388
1.350000, 1.050000, 2.881722
1.400000, 1.050000, 2.811255
1.450000, 1.050000, 2.759351
1.500000, 1.050000, 2.723104
1.550000, 1.050000, 2.698836
1.600000, 1.050000, 2.682655
1.650000, 1.050000, 2.671019
1.700000, 1.050000, 2.661250
1.750000, 1.050000, 2.651935
1.800000, 1.050000, 2.643180
1.850000, 1.050000, 2.636680
1.900000, 1.050000, 2.635609
1.950000, 1.050000, 2.644327
2.000000, 1.050000, 2.667937
0.000000, 1.100000, 3.477351
0.050000, 1.100000, 3.386990
0.100000, 1.100000, 3.322113
0.150000, 1.100000, 3.286000
0.200000, 1.100000, 3.280434
0.250000, 1.100000, 3.305331
0.300000, 1.100000, 3.358523
0.350000, 1.100000, 3.435751
0.400000, 1.100000, 3.530836
0.450000, 1.100000, 3.636059
0.500000, 1.100000, 3.742684
0.550000, 1.100000, 3.841593
0.600000, 1.100000, 3.923986
0.650000, 1.100000, 3.982061
0.700000, 1.100000, 4.009628
0.750000, 1.100000, 4.002595
0.800000, 1.100000, 3.959278
0.850000, 1.100000, 3.880515
0.900000, 1.100000, 3.769566
0.950000, 1.100000, 3.631812
1.000000, 1.100000, 3.474280
1.050000, 1.100000, 3.305045
1.100000, 1.100000, 3.132551
1.150000, 1.100000, 2.964938
1.200000, 1.100000, 2.809405
1.250000, 1.100000, 2.671701
1.300000, 1.100000, 2.555759
1.350000, 1.100000, 2.463525
1.400000, 1.100000, 2.394983
1.450000, 1.100000, 2.348368
1.500000, 1.100000, 2.320548
1.550000, 1.100000, 2.307524
1.600000, 1.100000, 2.304999
1.650000, 1.100000, 2.308958
1.700000, 1.100000, 2.316188
1.750000, 1.100000, 2.324704
1.800000, 1.100000, 2.334012
1.850000, 1.100000, 2.345205
1.900000, 1.100000, 2.360863
1.950000, 1.100000, 2.384783
2.000000, 1.100000, 2.421553
0.000000, 1.150000, 3.119973
0.050000, 1.150000, 3.045062
0.100000, 1.150000, 2.993990
0.150000, 1.150000, 2.969536
0.200000, 1.150000, 2.973043
0.250000, 1.150000, 3.004058
0.300000, 1.150000, 3.060137
0.350000, 1.150000, 3.136835
0.400000, 1.150000, 3.227898
0.450000, 1.150000, 3.325632
0.500000, 1.150000, 3.421434
0.550000, 1.150000, 3.506426
0.600000, 1.150000, 3.572138
0.650000, 1.150000, 3.611188
0.700000, 1.150000, 3.617877
0.750000, 1.150000, 3.588665
0.800000, 1.150000, 3.522461
0.850000, 1.150000, 3.420716
0.900000, 1.150000, 3.287311
0.950000, 1.150000, 3.128229
1.000000, 1.150000, 2.951067
1.050000, 1.150000, 2.764415
1.100000, 1.150000, 2.577168
1.150000, 1.150000, 2.397830
1.200000, 1.150000, 2.233873
1.250000, 1.150000, 2.091214
1.300000, 1.150000, 1.973848
1.350000, 1.150000, 1.883676
1.400000, 1.150000, 1.820525
1.450000, 1.150000, 1.782375
1.500000, 1.150000, 1.765743
1.550000, 1.150000, 1.766198
1.600000, 1.150000, 1.778941
1.650000, 1.150000, 1.799404
1.700000, 1.150000, 1.823787
1.750000, 1.150000, 1.849502
1.800000, 1.150000, 1.875456
1.850000, 1.150000, 1.902166
1.900000, 1.150000, 1.931678
1.950000, 1.150000, 1.967310
2.000000, 1.150000, 2.013246
0.000000, 1.200000, 2.737754
0.050000, 1.200000, 2.676791
0.100000, 1.200000, 2.637647
0.150000, 1.200000, 2.622632
0.200000, 1.200000, 2.632693
0.250000, 1.200000, 2.667066
0.300000, 1.200000, 2.723092
0.350000, 1.200000, 2.796219
0.400000, 1.200000, 2.880193
0.450000, 1.200000, 2.967435
0.500000, 1.200000, 3.049564
0.550000, 1.200000, 3.118027
0.600000, 1.200000, 3.164773
0.650000, 1.200000, 3.182919
0.700000, 1.200000, 3.167329
0.750000, 1.200000, 3.115070
0.800000, 1.200000, 3.025686
0.850000, 1.200000, 2.901270
0.900000, 1.200000, 2.746324
0.950000, 1.200000, 2.567422
1.000000, 1.200000, 2.372691
1.050000, 1.200000, 2.171181
1.100000, 1.200000, 1.972158
1.150000, 1.200000, 1.784394
1.200000, 1.200000, 1.615525
1.250000, 1.200000, 1.471513
1.300000, 1.200000, 1.356286
1.350000, 1.200000, 1.271563
1.400000, 1.200000, 1.216889
1.450000, 1.200000, 1.189861
1.500000, 1.200000, 1.186537
1.550000, 1.200000, 1.201956
1.600000, 1.200000, 1.230750
1.650000, 1.200000, 1.267748
1.700000, 1.200000, 1.308546
1.750000, 1.200000, 1.349964
1.800000, 1.200000, 1.390351
1.850000, 1.200000, 1.429721
1.900000, 1.200000, 1.469684
1.950000, 1.200000, 1.513208
2.000000, 1.200000, 1.564218
0.000000, 1.250000, 2.465848
0.050000, 1.250000, 2.416970
0.100000, 1.250000, 2.387558
0.150000, 1.250000, 2.379496
0.200000, 1.250000, 2.393386
0.250000, 1.250000, 2.428214
0.300000, 1.250000, 2.481176
0.350000, 1.250000, 2.547688
0.400000, 1.250000, 2.621583
0.450000, 1.250000, 2.695480
0.500000, 1.250000, 2.761309
0.550000, 1.250000, 2.810928
0.600000, 1.250000, 2.836786
0.650000, 1.250000, 2.832570
0.700000, 1.250000, 2.793768
0.750000, 1.250000, 2.718100
0.800000, 1.250000, 2.605774
0.850000, 1.250000, 2.459531
0.900000, 1.250000, 2.284485
0.950000, 1.250000, 2.087762
1.000000, 1.250000, 1.877965
1.050000, 1.250000, 1.664525
1.100000, 1.250000, 1.456980
1.150000, 1.250000, 1.264262
1.200000, 1.250000, 1.094039
1.250000, 1.250000, 0.952190
1.300000, 1.250000, 0.842439
1.350000, 1.250000, 0.766193
1.400000, 1.250000, 0.722585
1.450000, 1.250000, 0.708724
1.500000, 1.250000, 0.720114
1.550000, 1.250000, 0.751203
1.600000, 1.250000, 0.796007
1.650000, 1.250000, 0.848746
1.700000, 1.250000, 0.904435
1.750000, 1.250000, 0.959353
1.800000, 1.250000, 1.011381
1.850000, 1.250000, 1.060139
1.900000, 1.250000, 1.106942
1.950000, 1.250000, 1.154563
2.000000, 1.250000, 1.206839
0.000000, 1.300000, 2.419274
0.050000, 1.300000, 2.380296
0.100000, 1.300000, 2.358155
0.150000, 1.300000, 2.354354
0.200000, 1.300000, 2.369207
0.250000, 1.300000, 2.401514
0.300000, 1.300000, 2.448400
0.350000, 1.300000, 2.505327
0.400000, 1.300000, 2.566296
0.450000, 1.300000, 2.624212
0.500000, 1.300000, 2.671401
0.550000, 1.300000, 2.700212
0.600000, 1.300000, 2.703669
0.650000, 1.300000, 2.676092
0.700000, 1.300000, 2.613642
0.750000, 1.300000, 2.514725
0.800000, 1.300000, 2.380224
0.850000, 1.300000, 2.213519
0.900000, 1.300000, 2.020305
0.950000, 1.300000, 1.808204
1.000000, 1.300000, 1.586219
1.050000, 1.300000, 1.364062
1.100000, 1.300000, 1.151433
1.150000, 1.300000, 0.957291
1.200000, 1.300000, 0.789207
1.250000, 1.300000, 0.652834
1.300000, 1.300000, 0.551558
1.350000, 1.300000, 0.486347
1.400000, 1.300000, 0.455815
1.450000, 1.300000, 0.456491
1.500000, 1.300000, 0.483262
1.550000, 1.300000, 0.529949
1.600000, 1.300000, 0.589954
1.650000, 1.300000, 0.656920
1.700000, 1.300000, 0.725341
1.750000, 1.300000, 0.791060
1.800000, 1.300000, 0.851609
1.850000, 1.300000, 0.906366
1.900000, 1.300000, 0.956514
1.950000, 1.300000, 1.004805
2.000000, 1.300000, 1.055165
0.000000, 1.350000, 2.667472
0.050000, 1.350000, 2.635949
0.100000, 1.350000, 2.618411
0.150000, 1.350000, 2.616039
0.200000, 1.350000, 2.628916
0.250000, 1.350000, 2.655725
0.300000, 1.350000, 2.693590
0.350000, 1.350000, 2.738102
0.400000, 1.350000, 2.783511
0.450000, 1.350000, 2.823090
0.500000, 1.350000, 2.849641
0.550000, 1.350000, 2.856081
0.600000, 1.350000, 2.836072
0.650000, 1.350000, 2.784622
0.700000, 1.350000, 2.698599
0.750000, 1.350000, 2.577116
0.800000, 1.350000, 2.421723
0.850000, 1.350000, 2.236415
0.900000, 1.350000, 2.027411
0.950000, 1.350000, 1.802758
1.000000, 1.350000, 1.571758
1.050000, 1.350000, 1.344296
1.100000, 1.350000, 1.130098
1.150000, 1.350000, 0.938018
1.200000, 1.350000, 0.775384
1.250000, 1.350000, 0.647487
1.300000, 1.350000, 0.557246
1.350000, 1.350000, 0.505080
1.400000, 1.350000, 0.488992
1.450000, 1.350000, 0.504871
1.500000, 1.350000, 0.546959
1.550000, 1.350000, 0.608452
1.600000, 1.350000, 0.682179
1.650000, 1.350000, 0.761281
1.700000, 1.350000, 0.839842
1.750000, 1.350000, 0.913400
1.800000, 1.350000, 0.979295
1.850000, 1.350000, 1.036837
1.900000, 1.350000, 1.087253
1.950000, 1.350000, 1.133448
2.000000, 1.350000, 1.179598
0.000000, 1.400000, 3.218753
0.050000, 1.400000, 3.192032
0.100000, 1.400000, 3.176293
0.150000, 1.400000, 3.172446
0.200000, 1.400000, 3.180406
0.250000, 1.400000, 3.198806
0.300000, 1.400000, 3.224847
0.350000, 1.400000, 3.254321
0.400000, 1.400000, 3.281807
0.450000, 1.400000, 3.301027
0.500000, 1.400000, 3.305333
0.550000, 1.400000, 3.288276
0.600000, 1.400000, 3.244214
0.650000, 1.400000, 3.168881
0.700000, 1.400000, 3.059880
0.750000, 1.400000, 2.917024
0.800000, 1.400000, 2.742516
0.850000, 1.400000, 2.540910
0.900000, 1.400000, 2.318885
0.950000, 1.400000, 2.084814
1.000000, 1.400000, 1.848188
1.050000, 1.400000, 1.618930
1.100000, 1.400000, 1.406657
1.150000, 1.400000, 1.219969
1.200000, 1.400000, 1.065811
1.250000, 1.400000, 0.948981
1.300000, 1.400000, 0.871816
1.350000, 1.400000, 0.834093
1.400000, 1.400000, 0.833149
1.450000, 1.400000, 0.864201
1.500000, 1.400000, 0.920855
1.550000, 1.400000, 0.995732
1.600000, 1.400000, 1.081170
1.650000, 1.400000, 1.169925
1.700000, 1.400000, 1.255813
1.750000, 1.400000, 1.334232
1.800000, 1.400000, 1.402511
1.850000, 1.400000, 1.460066
1.900000, 1.400000, 1.508341
1.950000, 1.400000, 1.550548
2.000000, 1.400000, 1.591237
0.000000, 1.450000, 4.018010
0.050000, 1.450000, 3.993302
0.100000, 1.450000, 3.976484
0.150000, 1.450000, 3.968255
0.200000, 1.450000, 3.968427
0.250000, 1.450000, 3.975647
0.300000, 1.450000, 3.987262
0.350000, 1.450000, 3.999343
0.400000, 1.450000, 4.006873
0.450000, 1.450000, 4.004094
0.500000, 1.450000, 3.984976
0.550000, 1.450000, 3.943764
0.600000, 1.450000, 3.875555
0.650000, 1.450000, 3.776841
0.700000, 1.450000, 3.645960
0.750000, 1.450000, 3.483417
0.800000, 1.450000, 3.292019
0.850000, 1.450000, 3.076821
0.900000, 1.450000, 2.844864
0.950000, 1.450000, 2.604740
1.000000, 1.450000, 2.365997
1.050000, 1.450000, 2.138454
1.100000, 1.450000, 1.931470
1.150000, 1.450000, 1.753247
1.200000, 1.450000, 1.610211
1.250000, 1.450000, 1.506548
1.300000, 1.450000, 1.443920
1.350000, 1.450000, 1.421401
1.400000, 1.450000, 1.435629
1.450000, 1.450000, 1.481167
1.500000, 1.450000, 1.551035
1.550000, 1.450000, 1.637369
1.600000, 1.450000, 1.732140
1.650000, 1.450000, 1.827869
1.700000, 1.450000, 1.918279
1.750000, 1.450000, 1.998806
1.800000, 1.450000, 2.066950
1.850000, 1.450000, 2.122401
1.900000, 1.450000, 2.166966
1.950000, 1.450000, 2.204274
2.000000, 1.450000, 2.239316
0.000000, 1.500000, 4.958222
0.050000, 1.500000, 4.932664
0.100000, 1.500000, 4.911890
0.150000, 1.500000, 4.896443
0.200000, 1.500000, 4.886091
0.250000, 1.500000, 4.879561
0.300000, 1.500000, 4.874416
0.350000, 1.500000, 4.867072
0.400000, 1.500000, 4.852987
0.450000, 1.500000, 4.826990
0.500000, 1.500000, 4.783727
0.550000, 1.500000, 4.718186
0.600000, 1.500000, 4.626238
0.650000, 1.500000, 4.505142
0.700000, 1.500000, 4.353968
0.750000, 1.500000, 4.173876
0.800000, 1.500000, 3.968220
0.850000, 1.500000, 3.742467
0.900000, 1.500000, 3.503916
0.950000, 1.500000, 3.261246
1.000000, 1.500000, 3.023919
1.050000, 1.500000, 2.801501
1.100000, 1.500000, 2.602944
1.150000, 1.500000, 2.435909
1.200000, 1.500000, 2.306181
1.250000, 1.500000, 2.217232
1.300000, 1.500000, 2.169986
1.350000, 1.500000, 2.162782
1.400000, 1.500000, 2.191577
1.450000, 1.500000, 2.250329
1.500000, 1.500000, 2.331570
1.550000, 1.500000, 2.427078
1.600000, 1.500000, 2.528616
1.650000, 1.500000, 2.628651
1.700000, 1.500000, 2.720994
1.750000, 1.500000, 2.801308
1.800000, 1.500000, 2.867424
1.850000, 1.500000, 2.919448
1.900000, 1.500000, 2.959645
1.950000, 1.500000, 2.992114
2.000000, 1.500000, 3.022284
0.000000, 1.550000, 5.903239
0.050000, 1.550000, 5.873970
0.100000, 1.550000, 5.846433
0.150000, 1.550000, 5.821069
0.200000, 1.550000, 5.797659
0.250000, 1.550000, 5.775075
0.300000, 1.550000, 5.751153
0.350000, 1.550000, 5.722721
0.400000, 1.550000, 5.685775
0.450000, 1.550000, 5.635789
0.500000, 1.550000, 5.568136
0.550000, 1.550000, 5.478585
0.600000, 1.550000, 5.363797
0.650000, 1.550000, 5.221803
0.700000, 1.550000, 5.052378
0.750000, 1.550000, 4.857283
0.800000, 1.550000, 4.640345
0.850000, 1.550000, 4.407337
0.900000, 1.550000, 4.165692
0.950000, 1.550000, 3.924032
1.000000, 1.550000, 3.691583
1.050000, 1.550000, 3.477503
1.100000, 1.550000, 3.290190
1.150000, 1.550000, 3.136634
1.200000, 1.550000, 3.021871
1.250000, 1.550000, 2.948591
1.300000, 1.550000, 2.916943
1.350000, 1.550000, 2.924546
1.400000, 1.550000, 2.966724
1.450000, 1.550000, 3.036934
1.500000, 1.550000, 3.127348
1.550000, 1.550000, 3.229556
1.600000, 1.550000, 3.335295
1.650000, 1.550000, 3.437167
1.700000, 1.550000, 3.529261
1.750000, 1.550000, 3.607627
1.800000, 1.550000, 3.670563
1.850000, 1.550000, 3.718677
1.900000, 1.550000, 3.754729
1.950000, 1.550000, 3.783261
2.000000, 1.550000, 3.810057
0.000000, 1.600000, 6.716913
0.050000, 1.600000, 6.681141
0.100000, 1.600000, 6.644171
0.150000, 1.600000, 6.606395
0.200000, 1.600000, 6.567659
0.250000, 1.600000, 6.527030
0.300000, 1.600000, 6.482681
0.350000, 1.600000, 6.431906
0.400000, 1.600000, 6.371295
0.450000, 1.600000, 6.297015
0.500000, 1.600000, 6.205210
0.550000, 1.600000, 6.092451
0.600000, 1.600000, 5.956202
0.650000, 1.600000, 5.795246
0.700000, 1.600000, 5.610021
0.750000, 1.600000, 5.402824
0.800000, 1.600000, 5.177853
0.850000, 1.600000, 4.941074
0.900000, 1.600000, 4.699908
0.950000, 1.600000, 4.462772
1.000000, 1.600000, 4.238497
1.050000, 1.600000, 4.035679
1.100000, 1.600000, 3.862022
1.150000, 1.600000, 3.723734
1.200000, 1.600000, 3.625021
1.250000, 1.600000, 3.567751
1.300000, 1.600000, 3.551304
1.350000, 1.600000, 3.572629
1.400000, 1.600000, 3.626519
1.450000, 1.600000, 3.706061
1.500000, 1.600000, 3.803243
1.550000, 1.600000, 3.909652
1.600000, 1.600000, 4.017197
1.650000, 1.600000, 4.118806
1.700000, 1.600000, 4.209010
1.750000, 1.600000, 4.284378
1.800000, 1.600000, 4.343754
1.850000, 1.600000, 4.388270
1.900000, 1.600000, 4.421139
1.950000, 1.600000, 4.447241
2.000000, 1.600000, 4.472552
0.000000, 1.650000, 7.292220
0.050000, 1.650000, 7.247295
0.100000, 1.650000, 7.198426
0.150000, 1.650000, 7.146004
0.200000, 1.650000, 7.089989
0.250000, 1.650000, 7.029691
0.300000, 1.650000, 6.963666
0.350000, 1.650000, 6.889729
0.400000, 1.650000, 6.805107
0.450000, 1.650000, 6.706703
0.500000, 1.650000, 6.591460
0.550000, 1.650000, 6.456767
0.600000, 1.650000, 6.300882
0.650000, 1.650000, 6.123310
0.700000, 1.650000, 5.925095
0.750000, 1.650000, 5.708983
0.800000, 1.650000, 5.479432
0.850000, 1.650000, 5.242462
0.900000, 1.650000, 5.005335
0.950000, 1.650000, 4.776100
1.000000, 1.650000, 4.563033
1.050000, 1.650000, 4.374025
1.100000, 1.650000, 4.215963
1.150000, 1.650000, 4.094179
1.200000, 1.650000, 4.012001
1.250000, 1.650000, 3.970473
1.300000, 1.650000, 3.968252
1.350000, 1.650000, 4.001714
1.400000, 1.650000, 4.065256
1.450000, 1.650000, 4.151772
1.500000, 1.650000, 4.253260
1.550000, 1.650000, 4.361506
1.600000, 1.650000, 4.468788
1.650000, 1.650000, 4.568528
1.700000, 1.650000, 4.655829
1.750000, 1.650000, 4.727856
1.800000, 1.650000, 4.784011
1.850000, 1.650000, 4.825895
1.900000, 1.650000, 4.857051
1.950000, 1.650000, 4.882515
2.000000, 1.650000, 4.908217
0.000000, 1.700000, 7.574055
0.050000, 1.700000, 7.517528
0.100000, 1.700000, 7.454559
0.150000, 1.700000, 7.385576
0.200000, 1.700000, 7.310690
0.250000, 1.700000, 7.229500
0.300000, 1.700000, 7.140983
0.350000, 1.700000, 7.043515
0.400000, 1.700000, 6.935001
0.450000, 1.700000, 6.813112
0.500000, 1.700000, 6.675606
0.550000, 1.700000, 6.520694
0.600000, 1.700000, 6.347408
0.650000, 1.700000, 6.155929
0.700000, 1.700000, 5.947830
0.750000, 1.700000, 5.726205
0.800000, 1.700000, 5.495646
0.850000, 1.700000, 5.262077
0.900000, 1.700000, 5.032440
0.950000, 1.700000, 4.814254
1.000000, 1.700000, 4.615087
1.050000, 1.700000, 4.441988
1.100000, 1.700000, 4.300926
1.150000, 1.700000, 4.196294
1.200000, 1.700000, 4.130532
1.250000, 1.700000, 4.103894
1.300000, 1.700000, 4.114406
1.350000, 1.700000, 4.158008
1.400000, 1.700000, 4.228877
1.450000, 1.700000, 4.319914
1.500000, 1.700000, 4.423335
1.550000, 1.700000, 4.531332
1.600000, 1.700000, 4.636724
1.650000, 1.700000, 4.733562
1.700000, 1.700000, 4.817596
1.750000, 1.700000, 4.886593
1.800000, 1.700000, 4.940451
1.850000, 1.700000, 4.981104
1.900000, 1.700000, 5.012223
1.950000, 1.700000, 5.038749
2.000000, 1.700000, 5.066287
0.000000, 1.750000, 7.570728
0.050000, 1.750000, 7.500415
0.100000, 1.750000, 7.421462
0.150000, 1.750000, 7.334364
0.200000, 1.750000, 7.239418
0.250000, 1.750000, 7.136538
0.300000, 1.750000, 7.025159
0.350000, 1.750000, 6.904252
0.400000, 1.750000, 6.772426
0.450000, 1.750000, 6.628143
0.500000, 1.750000, 6.469985
0.550000, 1.750000, 6.296975
0.600000, 1.750000, 6.108883
0.650000, 1.750000, 5.906506
0.700000, 1.750000, 5.691858
0.750000, 1.750000, 5.468261
0.800000, 1.750000, 5.240298
0.850000, 1.750000, 5.013644
0.900000, 1.750000, 4.794752
0.950000, 1.750000, 4.590451
1.000000, 1.750000, 4.407454
1.050000, 1.750000, 4.251854
1.100000, 1.750000, 4.128622
1.150000, 1.750000, 4.041189
1.200000, 1.750000, 3.991129
1.250000, 1.750000, 3.977992
1.300000, 1.750000, 3.999305
1.350000, 1.750000, 4.050744
1.400000, 1.750000, 4.126476
1.450000, 1.750000, 4.219622
1.500000, 1.750000, 4.322829
1.550000, 1.750000, 4.428878
1.600000, 1.750000, 4.531272
1.650000, 1.750000, 4.624768
1.700000, 1.750000, 4.705773
1.750000, 1.750000, 4.772586
1.800000, 1.750000, 4.825453
1.850000, 1.750000, 4.866428
1.900000, 1.750000, 4.899049
1.950000, 1.750000, 4.927866
2.000000, 1.750000, 4.957861
0.000000, 1.800000, 7.351682
0.050000, 1.800000, 7.265717
0.100000, 1.800000, 7.169259
0.150000, 1.800000, 7.062894
0.200000, 1.800000, 6.947124
0.250000, 1.800000, 6.822201
0.300000, 1.800000, 6.688046
0.350000, 1.800000, 6.544243
0.400000, 1.800000, 6.390131
0.450000, 1.800000, 6.224972
0.500000, 1.800000, 6.048172
0.550000, 1.800000, 5.859541
0.600000, 1.800000, 5.659543
0.650000, 1.800000, 5.449513
0.700000, 1.800000, 5.231802
0.750000, 1.800000, 5.009829
0.800000, 1.800000, 4.788018
0.850000, 1.800000, 4.571625
0.900000, 1.800000, 4.366451
0.950000, 1.800000, 4.178477
1.000000, 1.800000, 4.013434
1.050000, 1.800000, 3.876362
1.100000, 1.800000, 3.771194
1.150000, 1.800000, 3.700407
1.200000, 1.800000, 3.664780
1.250000, 1.800000, 3.663283
1.300000, 1.800000, 3.693117
1.350000, 1.800000, 3.749903
1.400000, 1.800000, 3.828018
1.450000, 1.800000, 3.921029
1.500000, 1.800000, 4.022209
1.550000, 1.800000, 4.125078
1.600000, 1.800000, 4.223912
1.650000, 1.800000, 4.314187
1.700000, 1.800000, 4.392895
1.750000, 1.800000, 4.458717
1.800000, 1.800000, 4.512027
1.850000, 1.800000, 4.554720
1.900000, 1.800000, 4.589895
1.950000, 1.800000, 4.621407
2.000000, 1.800000, 4.653341
0.000000, 1.850000, 7.031931
0.050000, 1.850000, 6.928814
0.100000, 1.850000, 6.813730
0.150000, 1.850000, 6.687371
0.200000, 1.850000, 6.550456
0.250000, 1.850000, 6.403590
0.300000, 1.850000, 6.247191
0.350000, 1.850000, 6.081475
0.400000, 1.850000, 5.906523
0.450000, 1.850000, 5.722397
0.500000, 1.850000, 5.529316
0.550000, 1.850000, 5.327844
0.600000, 1.850000, 5.119077
0.650000, 1.850000, 4.904802
0.700000, 1.850000, 4.687589
0.750000, 1.850000, 4.470810
0.800000, 1.850000, 4.258569
0.850000, 1.850000, 4.055533
0.900000, 1.850000, 3.866689
0.950000, 1.850000, 3.697025
1.000000, 1.850000, 3.551178
1.050000, 1.850000, 3.433074
1.100000, 1.850000, 3.345598
1.150000, 1.850000, 3.290328
1.200000, 1.850000, 3.267362
1.250000, 1.850000, 3.275253
1.300000, 1.850000, 3.311085
1.350000, 1.850000, 3.370657
1.400000, 1.850000, 3.448785
1.450000, 1.850000, 3.539692
1.500000, 1.850000, 3.637445
1.550000, 1.850000, 3.736403
1.600000, 1.850000, 3.831640
1.650000, 1.850000, 3.919282
1.700000, 1.850000, 3.996758
1.750000, 1.850000, 4.062903
1.800000, 1.850000, 4.117931
1.850000, 1.850000, 4.163266
1.900000, 1.850000, 4.201250
1.950000, 1.850000, 4.234762
2.000000, 1.850000, 4.266782
0.000000, 1.900000, 6.746633
0.050000, 1.900000, 6.625262
0.100000, 1.900000, 6.490860
0.150000, 1.900000, 6.344225
0.200000, 1.900000, 6.186292
0.250000, 1.900000, 6.018027
0.300000, 1.900000, 5.840350
0.350000, 1.900000, 5.654117
0.400000, 1.900000, 5.460151
0.450000, 1.900000, 5.259312
0.500000, 1.900000, 5.052609
0.550000, 1.900000, 4.841315
0.600000, 1.900000, 4.627090
0.650000, 1.900000, 4.412067
0.700000, 1.900000, 4.198906
0.750000, 1.900000, 3.990781
0.800000, 1.900000, 3.791305
0.850000, 1.900000, 3.604393
0.900000, 1.900000, 3.434057
0.950000, 1.900000, 3.284166
1.000000, 1.900000, 3.158178
1.050000, 1.900000, 3.058875
1.100000, 1.900000, 2.988129
1.150000, 1.900000, 2.946713
1.200000, 1.900000, 2.934197
1.250000, 1.900000, 2.948929
1.300000, 1.900000, 2.988106
1.350000, 1.900000, 3.047945
1.400000, 1.900000, 3.123932
1.450000, 1.900000, 3.211129
1.500000, 1.900000, 3.304514
1.550000, 1.900000, 3.399328
1.600000, 1.900000, 3.491381
1.650000, 1.900000, 3.577311
1.700000, 1.900000, 3.654750
1.750000, 1.900000, 3.722397
1.800000, 1.900000, 3.779979
1.850000, 1.900000, 3.828122
1.900000, 1.900000, 3.868125
1.950000, 1.900000, 3.901677
2.000000, 1.900000, 3.930554
0.000000, 1.950000, 6.621333
0.050000, 1.950000, 6.481036
0.100000, 1.950000, 6.327066
0.150000, 1.950000, 6.160320
0.200000, 1.950000, 5.981944
0.250000, 1.950000, 5.793252
0.300000, 1.950000, 5.595669
0.350000, 1.950000, 5.390688
0.400000, 1.950000, 5.179873
0.450000, 1.950000, 4.964868
0.500000, 1.950000, 4.747439
0.550000, 1.950000, 4.529517
0.600000, 1.950000, 4.313237
0.650000, 1.950000, 4.100973
0.700000, 1.950000, 3.895331
0.750000, 1.950000, 3.699126
0.800000, 1.950000, 3.515315
0.850000, 1.950000, 3.346889
0.900000, 1.950000, 3.196746
0.950000, 1.950000, 3.067527
1.000000, 1.950000, 2.961459
1.050000, 1.950000, 2.880188
1.100000, 1.950000, 2.824644
1.150000, 1.950000, 2.794939
1.200000, 1.950000, 2.790316
1.250000, 1.950000, 2.809145
1.300000, 1.950000, 2.848992
1.350000, 1.950000, 2.906736
1.400000, 1.950000, 2.978734
1.450000, 1.950000, 3.061031
1.500000, 1.950000, 3.149578
1.550000, 1.950000, 3.240454
1.600000, 1.950000, 3.330078
1.650000, 1.950000, 3.415370
1.700000, 1.950000, 3.493871
1.750000, 1.950000, 3.563808
1.800000, 1.950000, 3.624086
1.850000, 1.950000, 3.674229
1.900000, 1.950000, 3.714272
1.950000, 1.950000, 3.744615
2.000000, 1.950000, 3.765860
0.000000, 2.000000, 6.744388
0.050000, 2.000000, 6.584935
0.100000, 2.000000, 6.411598
0.150000, 2.000000, 6.225351
0.200000, 2.000000, 6.027530
0.250000, 2.000000, 5.819787
0.300000, 2.000000, 5.604039
0.350000, 2.000000, 5.382413
0.400000, 2.000000, 5.157198
0.450000, 2.000000, 4.930804
0.500000, 2.000000, 4.705716
0.550000, 2.000000, 4.484458
0.600000, 2.000000, 4.269551
0.650000, 2.000000, 4.063482
0.700000, 2.000000, 3.868660
0.750000, 2.000000, 3.687374
0.800000, 2.000000, 3.521753
0.850000, 2.000000, 3.373711
0.900000, 2.000000, 3.244902
0.950000, 2.000000, 3.136661
1.000000, 2.000000, 3.049962
1.050000, 2.000000, 2.985366
1.100000, 2.000000, 2.942981
1.150000, 2.000000, 2.922443
1.200000, 2.000000, 2.922893
1.250000, 2.000000, 2.942989
1.300000, 2.000000, 2.980920
1.350000, 2.000000, 3.034453
1.400000, 2.000000, 3.100990
1.450000, 2.000000, 3.177641
1.500000, 2.000000, 3.261315
1.550000, 2.000000, 3.348818
1.600000, 2.000000, 3.436957
1.650000, 2.000000, 3.522639
1.700000, 2.000000, 3.602977
1.750000, 2.000000, 3.675371
1.800000, 2.000000, 3.737587
1.850000, 2.000000, 3.787817
1.900000, 2.000000, 3.824716
1.950000, 2.000000, 3.847428
2.000000, 2.000000, 3.855586
