0.000000, 0.000000, 0.680668
0.050000, 0.000000, 1.461328
0.100000, 0.000000, 1.953264
0.150000, 0.000000, 1.987116
0.200000, 0.000000, 1.563522
0.250000, 0.000000, 0.853103
0.300000, 0.000000, 0.131602
0.350000, 0.000000, -0.325055
0.400000, 0.000000, -0.345697
0.450000, 0.000000, 0.071218
0.500000, 0.000000, 0.757560
0.550000, 0.000000, 1.440333
0.600000, 0.000000, 1.846538
0.650000, 0.000000, 1.808048
0.700000, 0.000000, 1.326403
0.750000, 0.000000, 0.572774
0.800000, 0.000000, -0.176912
0.850000, 0.000000, -0.646912
0.900000, 0.000000, -0.666606
0.950000, 0.000000, -0.235355
1.000000, 0.000000, 0.477479
1.050000, 0.000000, 1.197370
1.100000, 0.000000, 1.649525
1.150000, 0.000000, 1.663806
1.200000, 0.000000, 1.239576
1.250000, 0.000000, 0.545712
1.300000, 0.000000, -0.144209
1.350000, 0.000000, -0.556794
1.400000, 0.000000, -0.523716
1.450000, 0.000000, -0.046516
1.500000, 0.000000, 0.703436
1.550000, 0.000000, 1.449819
1.600000, 0.000000, 1.916310
1.650000, 0.000000, 1.931539
1.700000, 0.000000, 1.493966
1.750000, 0.000000, 0.771917
1.800000, 0.000000, 0.038786
1.850000, 0.000000, -0.431850
1.900000, 0.000000, -0.471115
1.950000, 0.000000, -0.079645
2.000000, 0.000000, 0.572420
0.000000, 0.050000, 0.623312
0.050000, 0.050000, 1.388455
0.100000, 0.050000, 1.865265
0.150000, 0.050000, 1.884630
0.200000, 0.050000, 1.447424
0.250000, 0.050000, 0.724479
0.300000, 0.050000, -0.008277
0.350000, 0.050000, -0.474761
0.400000, 0.050000, -0.503683
0.450000, 0.050000, -0.093420
0.500000, 0.050000, 0.587940
0.550000, 0.050000, 1.267402
0.600000, 0.050000, 1.671928
0.650000, 0.050000, 1.633309
0.700000, 0.050000, 1.152968
0.750000, 0.050000, 0.401923
0.800000, 0.050000, -0.344082
0.850000, 0.050000, -0.809516
0.900000, 0.050000, -0.823991
0.950000, 0.050000, -0.387116
1.000000, 0.050000, 0.331491
1.050000, 0.050000, 1.057040
1.100000, 0.050000, 1.514483
1.150000, 0.050000, 1.533433
1.200000, 0.050000, 1.113021
1.250000, 0.050000, 0.421913
1.300000, 0.050000, -0.266497
1.350000, 0.050000, -0.678971
1.400000, 0.050000, -0.647299
1.450000, 0.050000, -0.173101
1.500000, 0.050000, 0.572211
1.550000, 0.050000, 1.312318
1.600000, 0.050000, 1.770939
1.650000, 0.050000, 1.776785
1.700000, 0.050000, 1.328435
1.750000, 0.050000, 0.594371
1.800000, 0.050000, -0.151828
1.850000, 0.050000, -0.636374
1.900000, 0.050000, -0.690154
1.950000, 0.050000, -0.313557
2.000000, 0.050000, 0.323537
0.000000, 0.100000, 0.543708
0.050000, 0.100000, 1.293725
0.100000, 0.100000, 1.756052
0.150000, 0.100000, 1.761820
0.200000, 0.100000, 1.312117
0.250000, 0.100000, 0.577968
0.300000, 0.100000, -0.164539
0.350000, 0.100000, -0.639197
0.400000, 0.100000, -0.674627
0.450000, 0.100000, -0.269162
0.500000, 0.100000, 0.409119
0.550000, 0.100000, 1.087185
0.600000, 0.100000, 1.491921
0.650000, 0.100000, 1.455008
0.700000, 0.100000, 0.977720
0.750000, 0.100000, 0.230896
0.800000, 0.100000, -0.509928
0.850000, 0.100000, -0.969447
0.900000, 0.100000, -0.977516
0.950000, 0.100000, -0.533999
1.000000, 0.100000, 0.191231
1.050000, 0.100000, 0.923130
1.100000, 0.100000, 1.386407
1.150000, 0.100000, 1.410446
1.200000, 0.100000, 0.994170
1.250000, 0.100000, 0.306065
1.300000, 0.100000, -0.380624
1.350000, 0.100000, -0.792773
1.400000, 0.100000, -0.762250
1.450000, 0.100000, -0.290712
1.500000, 0.100000, 0.450434
1.550000, 0.100000, 1.184911
1.600000, 0.100000, 1.636524
1.650000, 0.100000, 1.634105
1.700000, 0.100000, 1.176391
1.750000, 0.100000, 0.432051
1.800000, 0.100000, -0.325122
1.850000, 0.100000, -0.821104
1.900000, 0.100000, -0.886532
1.950000, 0.100000, -0.521534
2.000000, 0.100000, 0.104274
0.000000, 0.150000, 0.444122
0.050000, 0.150000, 1.179653
0.100000, 0.150000, 1.628382
0.150000, 0.150000, 1.621668
0.200000, 0.150000, 1.160802
0.250000, 0.150000, 0.416979
0.300000, 0.150000, -0.333577
0.350000, 0.150000, -0.814563
0.400000, 0.150000, -0.854542
0.450000, 0.150000, -0.451832
0.500000, 0.150000, 0.225463
0.550000, 0.150000, 0.904245
0.600000, 0.150000, 1.311296
0.650000, 0.150000, 1.278157
0.700000, 0.150000, 0.805930
0.750000, 0.150000, 0.065254
0.800000, 0.150000, -0.668552
0.850000, 0.150000, -1.120424
0.900000, 0.150000, -1.120462
0.950000, 0.150000, -0.668783
1.000000, 0.150000, 0.064492
1.050000, 0.150000, 0.804080
1.100000, 0.150000, 1.274462
1.150000, 0.150000, 1.304820
1.200000, 0.150000, 0.893898
1.250000, 0.150000, 0.210035
1.300000, 0.150000, -0.473642
1.350000, 0.150000, -0.884083
1.400000, 0.150000, -0.853195
1.450000, 0.150000, -0.382633
1.500000, 0.150000, 0.356238
1.550000, 0.150000, 1.087223
1.600000, 0.150000, 1.534242
1.650000, 0.150000, 1.526282
1.700000, 0.150000, 1.062259
1.750000, 0.150000, 0.311053
1.800000, 0.150000, -0.453316
1.850000, 0.150000, -0.956581
1.900000, 0.150000, -1.029127
1.950000, 0.150000, -0.670827
2.000000, 0.150000, -0.051047
0.000000, 0.200000, 0.328116
0.050000, 0.200000, 1.050034
0.100000, 0.200000, 1.486267
0.150000, 0.200000, 1.468390
0.200000, 0.200000, 0.997881
0.250000, 0.200000, 0.246086
0.300000, 0.200000, -0.510659
0.350000, 0.200000, -0.995978
0.400000, 0.200000, -1.038407
0.450000, 0.200000, -0.636275
0.500000, 0.200000, 0.042260
0.550000, 0.200000, 0.724006
0.600000, 0.200000, 1.135616
0.650000, 0.200000, 1.108468
0.700000, 0.200000, 0.643473
0.750000, 0.200000, -0.088944
0.800000, 0.200000, -0.813699
0.850000, 0.200000, -1.255969
0.900000, 0.200000, -1.246106
0.950000, 0.200000, -0.784474
1.000000, 0.200000, -0.041438
1.050000, 0.200000, 0.707492
1.100000, 0.200000, 1.186589
1.150000, 0.200000, 1.224848
1.200000, 0.200000, 0.820856
1.250000, 0.200000, 0.142828
1.300000, 0.200000, -0.536196
1.350000, 0.200000, -0.943220
1.400000, 0.200000, -0.910162
1.450000, 0.200000, -0.438653
1.500000, 0.200000, 0.300006
1.550000, 0.200000, 1.029717
1.600000, 0.200000, 1.474533
1.650000, 0.200000, 1.463599
1.700000, 0.200000, 0.996019
1.750000, 0.200000, 0.240874
1.800000, 0.200000, -0.527598
1.850000, 0.200000, -1.034902
1.900000, 0.200000, -1.111196
1.950000, 0.200000, -0.756132
2.000000, 0.200000, -0.138864
0.000000, 0.250000, 0.200245
0.050000, 0.250000, 0.909637
0.100000, 0.250000, 1.334666
0.150000, 0.250000, 1.307115
0.200000, 0.250000, 0.828634
0.250000, 0.250000, 0.070702
0.300000, 0.250000, -0.690254
0.350000, 0.250000, -1.177812
0.400000, 0.250000, -1.220503
0.450000, 0.250000, -0.816694
0.500000, 0.250000, -0.134624
0.550000, 0.250000, 0.552396
0.600000, 0.250000, 0.970865
0.650000, 0.250000, 0.951975
0.700000, 0.250000, 0.496426
0.750000, 0.250000, -0.225589
0.800000, 0.250000, -0.939233
0.850000, 0.250000, -1.369938
0.900000, 0.250000, -1.348314
0.950000, 0.250000, -0.874977
1.000000, 0.250000, -0.120534
1.050000, 0.250000, 0.639277
1.100000, 0.250000, 1.128524
1.150000, 0.250000, 1.176022
1.200000, 0.250000, 0.780210
1.250000, 0.250000, 0.109185
1.300000, 0.250000, -0.564094
1.350000, 0.250000, -0.966676
1.400000, 0.250000, -0.930487
1.450000, 0.250000, -0.457130
1.500000, 0.250000, 0.282154
1.550000, 0.250000, 1.011363
1.600000, 0.250000, 1.454671
1.650000, 0.250000, 1.441371
1.700000, 0.250000, 0.970731
1.750000, 0.250000, 0.212014
1.800000, 0.250000, -0.560352
1.850000, 0.250000, -1.071683
1.900000, 0.250000, -1.151947
1.950000, 0.250000, -0.800616
2.000000, 0.250000, -0.186679
0.000000, 0.300000, 0.065676
0.050000, 0.300000, 0.763813
0.100000, 0.300000, 1.179091
0.150000, 0.300000, 1.143491
0.200000, 0.300000, 0.658822
0.250000, 0.300000, -0.103322
0.300000, 0.300000, -0.866442
0.350000, 0.300000, -1.354091
0.400000, 0.300000, -1.394819
0.450000, 0.300000, -0.987059
0.500000, 0.300000, -0.299158
0.550000, 0.300000, 0.395428
0.600000, 0.300000, 0.823017
0.650000, 0.300000, 0.814587
0.700000, 0.300000, 0.370603
0.750000, 0.300000, -0.339000
0.800000, 0.300000, -1.039653
0.850000, 0.300000, -1.457065
0.900000, 0.300000, -1.422120
0.950000, 0.300000, -0.935706
1.000000, 0.300000, -0.168688
1.050000, 0.300000, 0.602956
1.100000, 0.300000, 1.103076
1.150000, 0.300000, 1.160298
1.200000, 0.300000, 0.772899
1.250000, 0.300000, 0.108850
1.300000, 0.300000, -0.558980
1.350000, 0.300000, -0.957697
1.400000, 0.300000, -0.919245
1.450000, 0.300000, -0.445212
1.500000, 0.300000, 0.293213
1.550000, 0.300000, 1.020106
1.600000, 0.300000, 1.459749
1.650000, 0.300000, 1.441566
1.700000, 0.300000, 0.964975
1.750000, 0.300000, 0.199399
1.800000, 0.300000, -0.580560
1.850000, 0.300000, -1.100045
1.900000, 0.300000, -1.188852
1.950000, 0.300000, -0.846289
2.000000, 0.300000, -0.241193
0.000000, 0.350000, -0.070242
0.050000, 0.350000, 0.618069
0.100000, 0.350000, 1.025173
0.150000, 0.350000, 0.983245
0.200000, 0.350000, 0.494242
0.250000, 0.350000, -0.270140
0.300000, 0.350000, -1.033351
0.350000, 0.350000, -1.518938
0.400000, 0.350000, -1.555498
0.450000, 0.350000, -1.141556
0.500000, 0.350000, -0.445596
0.550000, 0.350000, 0.258747
0.600000, 0.350000, 0.697576
0.650000, 0.350000, 0.701624
0.700000, 0.350000, 0.271080
0.750000, 0.350000, -0.424410
0.800000, 0.350000, -1.110584
0.850000, 0.350000, -1.513459
0.900000, 0.350000, -1.464232
0.950000, 0.350000, -0.964092
1.000000, 0.350000, -0.184193
1.050000, 0.350000, 0.599218
1.100000, 0.350000, 1.109746
1.150000, 0.350000, 1.175803
1.200000, 0.350000, 0.795485
1.250000, 0.350000, 0.136620
1.300000, 0.350000, -0.528030
1.350000, 0.350000, -0.925635
1.400000, 0.350000, -0.888167
1.450000, 0.350000, -0.417197
1.500000, 0.350000, 0.316136
1.550000, 0.350000, 1.035995
1.600000, 0.350000, 1.466783
1.650000, 0.350000, 1.438072
1.700000, 0.350000, 0.949450
1.750000, 0.350000, 0.170537
1.800000, 0.350000, -0.623863
1.850000, 0.350000, -1.158675
1.900000, 0.350000, -1.263474
1.950000, 0.350000, -0.937349
2.000000, 0.350000, -0.348922
0.000000, 0.400000, -0.202401
0.050000, 0.400000, 0.477629
0.100000, 0.400000, 0.878225
0.150000, 0.400000, 0.831748
0.200000, 0.400000, 0.340295
0.250000, 0.400000, -0.424349
0.300000, 0.400000, -1.185597
0.350000, 0.400000, -1.667016
0.400000, 0.400000, -1.697275
0.450000, 0.400000, -1.275023
0.500000, 0.400000, -0.568917
0.550000, 0.400000, 0.147189
0.600000, 0.400000, 0.599139
0.650000, 0.400000, 0.617371
0.700000, 0.400000, 0.201755
0.750000, 0.400000, -0.478407
0.800000, 0.400000, -1.149206
0.850000, 0.400000, -1.537023
0.900000, 0.400000, -1.473411
0.950000, 0.400000, -0.959908
1.000000, 0.400000, -0.167997
1.050000, 0.400000, 0.625770
1.100000, 0.400000, 1.144724
1.150000, 0.400000, 1.217041
1.200000, 0.400000, 0.840623
1.250000, 0.400000, 0.183148
1.300000, 0.400000, -0.482720
1.350000, 0.400000, -0.884199
1.400000, 0.400000, -0.853258
1.450000, 0.400000, -0.391416
1.500000, 0.400000, 0.330295
1.550000, 0.400000, 1.036189
1.600000, 0.400000, 1.450866
1.650000, 0.400000, 1.404131
1.700000, 0.400000, 0.895847
1.750000, 0.400000, 0.095932
1.800000, 0.400000, -0.720484
1.850000, 0.400000, -1.277986
1.900000, 0.400000, -1.405797
1.950000, 0.400000, -1.102651
2.000000, 0.400000, -0.536816
0.000000, 0.450000, -0.326339
0.050000, 0.450000, 0.347040
0.100000, 0.450000, 0.742838
0.150000, 0.450000, 0.693606
0.200000, 0.450000, 0.201575
0.250000, 0.450000, -0.561392
0.300000, 0.450000, -1.318689
0.350000, 0.450000, -1.793926
0.400000, 0.450000, -1.815875
0.450000, 0.450000, -1.383347
0.500000, 0.450000, -0.665218
0.550000, 0.450000, 0.064388
0.600000, 0.450000, 0.530999
0.650000, 0.450000, 0.564698
0.700000, 0.450000, 0.164970
0.750000, 0.450000, -0.499290
0.800000, 0.450000, -1.154594
0.850000, 0.450000, -1.527743
0.900000, 0.450000, -1.450705
0.950000, 0.450000, -0.925413
1.000000, 0.450000, -0.123720
1.050000, 0.450000, 0.677490
1.100000, 0.450000, 1.201262
1.150000, 0.450000, 1.275539
1.200000, 0.450000, 0.898048
1.250000, 0.450000, 0.236357
1.300000, 0.450000, -0.436912
1.350000, 0.450000, -0.848951
1.400000, 0.450000, -0.831629
1.450000, 0.450000, -0.386295
1.500000, 0.450000, 0.316253
1.550000, 0.450000, 1.000630
1.600000, 0.450000, 1.391792
1.650000, 0.450000, 1.319952
1.700000, 0.450000, 0.785425
1.750000, 0.450000, -0.041389
1.800000, 0.450000, -0.884850
1.850000, 0.450000, -1.469019
1.900000, 0.450000, -1.622599
1.950000, 0.450000, -1.343805
2.000000, 0.450000, -0.800413
0.000000, 0.500000, -0.438556
0.050000, 0.500000, 0.229840
0.100000, 0.500000, 0.622559
0.150000, 0.500000, 0.572340
0.200000, 0.500000, 0.081549
0.250000, 0.500000, -0.677883
0.300000, 0.500000, -1.429349
0.350000, 0.500000, -1.896527
0.400000, 0.500000, -1.908330
0.450000, 0.500000, -1.463778
0.500000, 0.500000, -0.732024
0.550000, 0.500000, 0.012474
0.600000, 0.500000, 0.494855
0.650000, 0.500000, 0.544772
0.700000, 0.500000, 0.161247
0.750000, 0.500000, -0.487310
0.800000, 0.500000, -1.127901
0.850000, 0.500000, -1.487814
0.900000, 0.500000, -1.399481
0.950000, 0.500000, -0.865267
1.000000, 0.500000, -0.057411
1.050000, 0.500000, 0.746875
1.100000, 0.500000, 1.270379
1.150000, 0.500000, 1.340863
1.200000, 0.500000, 0.955963
1.250000, 0.500000, 0.283244
1.300000, 0.500000, -0.404580
1.350000, 0.500000, -0.834512
1.400000, 0.500000, -0.838140
1.450000, 0.500000, -0.416444
1.500000, 0.500000, 0.260229
1.550000, 0.500000, 0.917019
1.600000, 0.500000, 1.279466
1.650000, 0.500000, 1.178420
1.700000, 0.500000, 0.614859
1.750000, 0.500000, -0.240129
1.800000, 0.500000, -1.110222
1.850000, 0.500000, -1.718814
1.900000, 0.500000, -1.893973
1.950000, 0.500000, -1.633334
2.000000, 0.500000, -1.104157
0.000000, 0.550000, -0.536745
0.050000, 0.550000, 0.128340
0.100000, 0.550000, 0.519662
0.150000, 0.550000, 0.470160
0.200000, 0.550000, -0.017667
0.250000, 0.550000, -0.771824
0.300000, 0.550000, -1.515724
0.350000, 0.550000, -1.973145
0.400000, 0.550000, -1.973185
0.450000, 0.550000, -1.515134
0.500000, 0.550000, -0.768488
0.550000, 0.550000, -0.008122
0.600000, 0.550000, 0.490628
0.650000, 0.550000, 0.556896
0.700000, 0.550000, 0.189151
0.750000, 0.550000, -0.444761
0.800000, 0.550000, -1.072403
0.850000, 0.550000, -1.421598
0.900000, 0.550000, -1.325275
0.950000, 0.550000, -0.786235
1.000000, 0.550000, 0.022926
1.050000, 0.550000, 0.824729
1.100000, 0.550000, 1.341800
1.150000, 0.550000, 1.401851
1.200000, 0.550000, 1.002590
1.250000, 0.550000, 0.311777
1.300000, 0.550000, -0.397558
1.350000, 0.550000, -0.851985
1.400000, 0.550000, -0.882550
1.450000, 0.550000, -0.489595
1.500000, 0.550000, 0.157248
1.550000, 0.550000, 0.783897
1.600000, 0.550000, 1.116710
1.650000, 0.550000, 0.987367
1.700000, 0.550000, 0.397672
1.750000, 0.550000, -0.480498
1.800000, 0.550000, -1.370089
1.850000, 0.550000, -1.993846
1.900000, 0.550000, -2.179291
1.950000, 0.550000, -1.923640
2.000000, 0.550000, -1.393873
0.000000, 0.600000, -0.619890
0.050000, 0.600000, 0.043515
0.100000, 0.600000, 0.435049
0.150000, 0.600000, 0.387861
0.200000, 0.600000, -0.095406
0.250000, 0.600000, -0.842705
0.300000, 0.600000, -1.577486
0.350000, 0.600000, -2.023666
0.400000, 0.600000, -2.010586
0.450000, 0.600000, -1.537874
0.500000, 0.600000, -0.775457
0.550000, 0.600000, 0.001278
0.600000, 0.600000, 0.516422
0.650000, 0.600000, 0.598490
0.700000, 0.600000, 0.245308
0.750000, 0.600000, -0.375915
0.800000, 0.600000, -0.993355
0.850000, 0.600000, -1.335396
0.900000, 0.600000, -1.235449
0.950000, 0.600000, -0.696699
1.000000, 0.600000, 0.107995
1.050000, 0.600000, 0.901026
1.100000, 0.600000, 1.405037
1.150000, 0.600000, 1.447914
1.200000, 0.600000, 1.027690
1.250000, 0.600000, 0.312602
1.300000, 0.600000, -0.423708
1.350000, 0.600000, -0.907071
1.400000, 0.600000, -0.967699
1.450000, 0.600000, -0.605022
1.500000, 0.600000, 0.012284
1.550000, 0.600000, 0.611105
1.600000, 0.600000, 0.918745
1.650000, 0.600000, 0.767775
1.700000, 0.600000, 0.160800
1.750000, 0.600000, -0.729625
1.800000, 0.600000, -1.625914
1.850000, 0.600000, -2.250453
1.900000, 0.600000, -2.430599
1.950000, 0.600000, -2.163600
2.000000, 0.600000, -1.616676
0.000000, 0.650000, -0.688247
0.050000, 0.650000, -0.024970
0.100000, 0.650000, 0.368269
0.150000, 0.650000, 0.324856
0.200000, 0.650000, -0.152421
0.250000, 0.650000, -0.891462
0.300000, 0.650000, -1.615782
0.350000, 0.650000, -2.049485
0.400000, 0.650000, -2.022220
0.450000, 0.650000, -1.534041
0.500000, 0.650000, -0.755406
0.550000, 0.650000, 0.037679
0.600000, 0.650000, 0.568623
0.650000, 0.650000, 0.665221
0.700000, 0.650000, 0.324577
0.750000, 0.650000, -0.286795
0.800000, 0.650000, -0.897699
0.850000, 0.650000, -1.237055
0.900000, 0.650000, -1.138681
0.950000, 0.650000, -0.606016
1.000000, 0.650000, 0.187994
1.050000, 0.650000, 0.965844
1.100000, 0.650000, 1.450470
1.150000, 0.650000, 1.470236
1.200000, 0.650000, 1.023828
1.250000, 0.650000, 0.280294
1.300000, 0.650000, -0.485785
1.350000, 0.650000, -0.999207
1.400000, 0.650000, -1.089096
1.450000, 0.650000, -0.753784
1.500000, 0.650000, -0.160880
1.550000, 0.650000, 0.417485
1.600000, 0.650000, 0.709477
1.650000, 0.650000, 0.548365
1.700000, 0.650000, -0.062748
1.750000, 0.650000, -0.951030
1.800000, 0.650000, -1.838866
1.850000, 0.650000, -2.448861
1.900000, 0.650000, -2.608841
1.950000, 0.650000, -2.316762
2.000000, 0.650000, -1.740768
0.000000, 0.700000, -0.743198
0.050000, 0.700000, -0.078617
0.100000, 0.700000, 0.317675
0.150000, 0.700000, 0.279322
0.200000, 0.700000, -0.190722
0.250000, 0.700000, -0.920317
0.300000, 0.700000, -1.633073
0.350000, 0.700000, -2.053336
0.400000, 0.700000, -2.011143
0.450000, 0.700000, -1.507075
0.500000, 0.700000, -0.712238
0.550000, 0.700000, 0.096628
0.600000, 0.700000, 0.642135
0.650000, 0.700000, 0.751270
0.700000, 0.700000, 0.420355
0.750000, 0.700000, -0.184808
0.800000, 0.700000, -0.793619
0.850000, 0.700000, -1.135437
0.900000, 0.700000, -1.044332
0.950000, 0.700000, -0.523783
1.000000, 0.700000, 0.253455
1.050000, 0.700000, 1.010295
1.100000, 0.700000, 1.470314
1.150000, 0.700000, 1.462719
1.200000, 0.700000, 0.987209
1.250000, 0.700000, 0.213968
1.300000, 0.700000, -0.581204
1.350000, 0.700000, -1.121874
1.400000, 0.700000, -1.235969
1.450000, 0.700000, -0.920724
1.500000, 0.700000, -0.342808
1.550000, 0.700000, 0.226380
1.600000, 0.700000, 0.515490
1.650000, 0.700000, 0.357994
1.700000, 0.700000, -0.243102
1.750000, 0.700000, -1.115364
1.800000, 0.700000, -1.981868
1.850000, 0.700000, -2.566176
1.900000, 0.700000, -2.697297
1.950000, 0.700000, -2.374545
2.000000, 0.700000, -1.767531
0.000000, 0.750000, -0.787007
0.050000, 0.750000, -0.119841
0.100000, 0.750000, 0.280671
0.150000, 0.750000, 0.248468
0.200000, 0.750000, -0.213318
0.250000, 0.750000, -0.932511
0.300000, 0.750000, -1.632855
0.350000, 0.750000, -2.039005
0.400000, 0.750000, -1.981483
0.450000, 0.750000, -1.461514
0.500000, 0.750000, -0.650974
0.550000, 0.750000, 0.172537
0.600000, 0.750000, 0.730733
0.650000, 0.750000, 0.849720
0.700000, 0.750000, 0.525013
0.750000, 0.750000, -0.078259
0.800000, 0.750000, -0.689985
0.850000, 0.750000, -1.039788
0.900000, 0.750000, -0.961742
0.950000, 0.750000, -0.459056
1.000000, 0.750000, 0.296062
1.050000, 0.750000, 1.027331
1.100000, 0.750000, 1.459360
1.150000, 0.750000, 1.422569
1.200000, 0.750000, 0.917987
1.250000, 0.750000, 0.117177
1.300000, 0.750000, -0.702713
1.350000, 0.750000, -1.264005
1.400000, 0.750000, -1.393560
1.450000, 0.750000, -1.087799
1.500000, 0.750000, -0.512872
1.550000, 0.750000, 0.059998
1.600000, 0.750000, 0.359279
1.650000, 0.750000, 0.217899
1.700000, 0.750000, -0.362016
1.750000, 0.750000, -1.209214
1.800000, 0.750000, -2.048187
1.850000, 0.750000, -2.604080
1.900000, 0.750000, -2.707559
1.950000, 0.750000, -2.359579
2.000000, 0.750000, -1.731284
0.000000, 0.800000, -0.822488
0.050000, 0.800000, -0.151641
0.100000, 0.800000, 0.254053
0.150000, 0.800000, 0.228866
0.200000, 0.800000, -0.223868
0.250000, 0.800000, -0.931951
0.300000, 0.800000, -1.619303
0.350000, 0.800000, -2.010973
0.400000, 0.800000, -1.938078
0.450000, 0.800000, -1.402613
0.500000, 0.800000, -0.577360
0.550000, 0.800000, 0.259100
0.600000, 0.800000, 0.827498
0.650000, 0.800000, 0.953020
0.700000, 0.800000, 0.630407
0.750000, 0.800000, 0.024220
0.800000, 0.800000, -0.595731
0.850000, 0.800000, -0.959061
0.900000, 0.800000, -0.899508
0.950000, 0.800000, -0.419621
1.000000, 0.800000, 0.309356
1.050000, 0.800000, 1.012362
1.100000, 0.800000, 1.415415
1.150000, 0.800000, 1.350447
1.200000, 0.800000, 0.820014
1.250000, 0.800000, -0.002884
1.300000, 0.800000, -0.839847
1.350000, 0.800000, -1.412214
1.400000, 0.800000, -1.546216
1.450000, 0.800000, -1.238037
1.500000, 0.800000, -0.654026
1.550000, 0.800000, -0.066024
1.600000, 0.800000, 0.253413
1.650000, 0.800000, 0.135846
1.700000, 0.800000, -0.418228
1.750000, 0.800000, -1.239346
1.800000, 0.800000, -2.053840
1.850000, 0.800000, -2.588616
1.900000, 0.800000, -2.675910
1.950000, 0.800000, -2.317940
2.000000, 0.800000, -1.686709
0.000000, 0.850000, -0.852642
0.050000, 0.850000, -0.177230
0.100000, 0.850000, 0.234379
0.150000, 0.850000, 0.216840
0.200000, 0.850000, -0.226292
0.250000, 0.850000, -0.922810
0.300000, 0.850000, -1.596869
0.350000, 0.850000, -1.974002
0.400000, 0.850000, -1.886049
0.450000, 0.850000, -1.335916
0.500000, 0.850000, -0.497427
0.550000, 0.850000, 0.349751
0.600000, 0.850000, 0.925303
0.650000, 0.850000, 1.053510
0.700000, 0.850000, 0.728435
0.750000, 0.850000, 0.114263
0.800000, 0.850000, -0.519215
0.850000, 0.850000, -0.901243
0.900000, 0.850000, -0.864810
0.950000, 0.850000, -0.411354
1.000000, 0.850000, 0.289277
1.050000, 0.850000, 0.963624
1.100000, 0.850000, 1.339396
1.150000, 0.850000, 1.250192
1.200000, 0.850000, 0.700077
1.250000, 0.850000, -0.136709
1.300000, 0.850000, -0.980904
1.350000, 0.850000, -1.553439
1.400000, 0.850000, -1.680634
1.450000, 0.850000, -1.359277
1.500000, 0.850000, -0.756798
1.550000, 0.850000, -0.146539
1.600000, 0.850000, 0.197133
1.650000, 0.850000, 0.103782
1.700000, 0.850000, -0.428131
1.750000, 0.850000, -1.231065
1.800000, 0.850000, -2.033000
1.850000, 0.850000, -2.562090
1.900000, 0.850000, -2.651300
1.950000, 0.850000, -2.302987
2.000000, 0.850000, -1.688675
0.000000, 0.900000, -0.880283
0.050000, 0.900000, -0.199651
0.100000, 0.900000, 0.218364
0.150000, 0.900000, 0.208855
0.200000, 0.900000, -0.224376
0.250000, 0.900000, -0.909132
0.300000, 0.900000, -1.569871
0.350000, 0.900000, -1.932722
0.400000, 0.900000, -1.830384
0.450000, 0.900000, -1.266825
0.500000, 0.900000, -0.417041
0.550000, 0.900000, 0.438127
0.600000, 0.900000, 1.017303
0.650000, 0.900000, 1.143938
0.700000, 0.900000, 0.811593
0.750000, 0.900000, 0.184362
0.800000, 0.900000, -0.467609
0.850000, 0.900000, -0.872757
0.900000, 0.900000, -0.862843
0.950000, 0.900000, -0.437743
1.000000, 0.900000, 0.234484
1.050000, 0.900000, 0.882252
1.100000, 0.900000, 1.235082
1.150000, 0.900000, 1.128156
1.200000, 0.900000, 0.566760
1.250000, 0.900000, -0.274133
1.300000, 0.900000, -1.115090
1.350000, 0.900000, -1.677477
1.400000, 0.900000, -1.788632
1.450000, 0.900000, -1.446884
1.500000, 0.900000, -0.821608
1.550000, 0.900000, -0.188343
1.600000, 0.900000, 0.176275
1.650000, 0.900000, 0.099668
1.700000, 0.900000, -0.421530
1.750000, 0.900000, -1.221111
1.800000, 0.900000, -2.027767
1.850000, 0.900000, -2.569647
1.900000, 0.900000, -2.678965
1.950000, 0.900000, -2.356618
2.000000, 0.900000, -1.772051
0.000000, 0.950000, -0.907694
0.050000, 0.950000, -0.221439
0.100000, 0.950000, 0.203219
0.150000, 0.950000, 0.201872
0.200000, 0.950000, -0.221407
0.250000, 0.950000, -0.894458
0.300000, 0.950000, -1.542119
0.350000, 0.950000, -1.891245
0.400000, 0.950000, -1.775543
0.450000, 0.950000, -1.200196
0.500000, 0.950000, -0.341490
0.550000, 0.950000, 0.518505
0.600000, 0.950000, 1.097391
0.650000, 0.950000, 1.217940
0.700000, 0.950000, 0.873480
0.750000, 0.950000, 0.228386
0.800000, 0.950000, -0.446385
0.850000, 0.950000, -0.877963
0.900000, 0.950000, -0.896405
0.950000, 0.950000, -0.499615
1.000000, 0.950000, 0.146416
1.050000, 0.950000, 0.772072
1.100000, 0.950000, 1.108551
1.150000, 0.950000, 0.992256
1.200000, 0.950000, 0.429092
1.250000, 0.950000, -0.406031
1.300000, 0.950000, -1.234449
1.350000, 0.950000, -1.778954
1.400000, 0.950000, -1.868865
1.450000, 0.950000, -1.504861
1.500000, 0.950000, -0.858836
1.550000, 0.950000, -0.208770
1.600000, 0.950000, 0.166579
1.650000, 0.950000, 0.093051
1.700000, 0.950000, -0.433578
1.750000, 0.950000, -1.247121
1.800000, 0.950000, -2.075403
1.850000, 0.950000, -2.644866
1.900000, 0.950000, -2.785297
1.950000, 0.950000, -2.494640
2.000000, 0.950000, -1.939122
0.000000, 1.000000, -0.936365
0.050000, 1.000000, -0.244338
0.100000, 1.000000, 0.186942
0.150000, 1.000000, 0.193641
0.200000, 1.000000, -0.219876
0.250000, 1.000000, -0.881520
0.300000, 1.000000, -1.516607
0.350000, 1.000000, -1.852851
0.400000, 1.000000, -1.725137
0.450000, 1.000000, -1.140009
0.500000, 1.000000, -0.275140
0.550000, 1.000000, 0.586159
0.600000, 1.000000, 1.160579
0.650000, 1.000000, 1.270444
0.700000, 1.000000, 0.909212
0.750000, 1.000000, 0.241998
0.800000, 1.000000, -0.458913
0.850000, 1.000000, -0.918838
0.900000, 1.000000, -0.965685
0.950000, 1.000000, -0.595090
1.000000, 1.000000, 0.029113
1.050000, 1.000000, 0.639121
1.100000, 1.000000, 0.967393
1.150000, 1.000000, 0.850874
1.200000, 1.000000, 0.295204
1.250000, 1.000000, -0.525784
1.300000, 1.000000, -1.335241
1.350000, 1.000000, -1.858346
1.400000, 1.000000, -1.927140
1.450000, 1.000000, -1.545087
1.500000, 1.000000, -0.886617
1.550000, 1.000000, -0.231716
1.600000, 1.000000, 0.139628
1.650000, 1.000000, 0.052985
1.700000, 1.000000, -0.495108
1.750000, 1.000000, -1.336692
1.800000, 1.000000, -2.196947
1.850000, 1.000000, -2.799024
1.900000, 1.000000, -2.969089
1.950000, 1.000000, -2.701502
2.000000, 1.000000, -2.159319
0.000000, 1.050000, -0.966812
0.050000, 1.050000, -0.269125
0.100000, 1.050000, 0.168505
0.150000, 1.050000, 0.182892
0.200000, 1.050000, -0.221283
0.250000, 1.050000, -0.872046
0.300000, 1.050000, -1.495300
0.350000, 1.050000, -1.819777
0.400000, 1.050000, -1.681707
0.450000, 1.050000, -1.089135
0.500000, 1.050000, -0.221190
0.550000, 1.050000, 0.637626
0.600000, 1.050000, 1.203273
0.650000, 1.050000, 1.297958
0.700000, 1.050000, 0.915715
0.750000, 1.050000, 0.222930
0.800000, 1.050000, -0.506244
0.850000, 1.050000, -0.994828
0.900000, 1.050000, -1.068253
0.950000, 1.050000, -0.719771
1.000000, 1.050000, -0.111215
1.050000, 1.050000, 0.490974
1.100000, 1.050000, 0.819786
1.150000, 1.050000, 0.711755
1.200000, 1.050000, 0.171178
1.250000, 1.050000, -0.630280
1.300000, 1.050000, -1.418538
1.350000, 1.050000, -1.921844
1.400000, 1.050000, -1.975252
1.450000, 1.050000, -1.584815
1.500000, 1.050000, -0.926797
1.550000, 1.050000, -0.281997
1.600000, 1.050000, 0.069968
1.650000, 1.050000, -0.043762
1.700000, 1.050000, -0.623986
1.750000, 1.050000, -1.499237
1.800000, 1.050000, -2.390703
1.850000, 1.050000, -3.017490
1.900000, 1.050000, -3.202138
1.950000, 1.050000, -2.936235
2.000000, 1.050000, -2.381292
0.000000, 1.100000, -0.998517
0.050000, 1.100000, -0.295543
0.100000, 1.100000, 0.147921
0.150000, 1.100000, 0.169414
0.200000, 1.100000, -0.226047
0.250000, 1.100000, -0.866660
0.300000, 1.100000, -1.479040
0.350000, 1.100000, -1.793110
0.400000, 1.100000, -1.646614
0.450000, 1.100000, -1.049223
0.500000, 1.100000, -0.181546
0.550000, 1.100000, 0.670836
0.600000, 1.100000, 1.223424
0.650000, 1.100000, 1.298724
0.700000, 1.100000, 0.891874
0.750000, 1.100000, 0.171099
0.800000, 1.100000, -0.587051
0.850000, 1.100000, -1.102915
0.900000, 1.100000, -1.199283
0.950000, 1.100000, -0.867152
1.000000, 1.100000, -0.266803
1.050000, 1.100000, 0.335926
1.100000, 1.100000, 0.673550
1.150000, 1.100000, 0.581058
1.200000, 1.100000, 0.060268
1.250000, 1.100000, -0.720280
1.300000, 1.100000, -1.489907
1.350000, 1.100000, -1.980097
1.400000, 1.100000, -2.028539
1.450000, 1.100000, -1.642935
1.500000, 1.100000, -0.999932
1.550000, 1.100000, -0.379315
1.600000, 1.100000, -0.058334
1.650000, 1.100000, -0.206349
1.700000, 1.100000, -0.819898
1.750000, 1.100000, -1.722993
1.800000, 1.100000, -2.632592
1.850000, 1.100000, -3.264420
1.900000, 1.100000, -3.438955
1.950000, 1.100000, -3.147389
2.000000, 1.100000, -2.552656
0.000000, 1.150000, -1.029994
0.050000, 1.150000, -0.322351
0.100000, 1.150000, 0.126202
0.150000, 1.150000, 0.154014
0.200000, 1.150000, -0.233546
0.250000, 1.150000, -0.864920
0.300000, 1.150000, -1.467576
0.350000, 1.150000, -1.772811
0.400000, 1.150000, -1.620055
0.450000, 1.150000, -1.020704
0.500000, 1.150000, -0.156820
0.550000, 1.150000, 0.685130
0.600000, 1.150000, 1.220543
0.650000, 1.150000, 1.272731
0.700000, 1.150000, 0.838521
0.750000, 1.150000, 0.088550
0.800000, 1.150000, -0.697777
0.850000, 1.150000, -1.237878
0.900000, 1.150000, -1.351967
0.950000, 1.150000, -1.029205
1.000000, 1.150000, -0.429081
1.050000, 1.150000, 0.182137
1.100000, 1.150000, 0.535300
1.150000, 1.150000, 0.462666
1.200000, 1.150000, -0.037405
1.250000, 1.150000, -0.800112
1.300000, 1.150000, -1.558256
1.350000, 1.150000, -2.046036
1.400000, 1.150000, -2.102639
1.450000, 1.150000, -1.735753
1.500000, 1.150000, -1.120402
1.550000, 1.150000, -0.533258
1.600000, 1.150000, -0.247307
1.650000, 1.150000, -0.427005
1.700000, 1.150000, -1.063995
1.750000, 1.150000, -1.978070
1.800000, 1.150000, -2.883269
1.850000, 1.150000, -3.494183
1.900000, 1.150000, -3.632213
1.950000, 1.150000, -3.291535
2.000000, 1.150000, -2.639868
0.000000, 1.200000, -1.058956
0.050000, 1.200000, -0.347495
0.100000, 1.200000, 0.105194
0.150000, 1.200000, 0.138360
0.200000, 1.200000, -0.242270
0.250000, 1.200000, -0.865464
0.300000, 1.200000, -1.459708
0.350000, 1.200000, -1.757861
0.400000, 1.200000, -1.601206
0.450000, 1.200000, -1.002928
0.500000, 1.200000, -0.146453
0.550000, 1.200000, 0.681136
0.600000, 1.200000, 1.195586
0.650000, 1.200000, 1.221591
0.700000, 1.200000, 0.758278
0.750000, 1.200000, -0.020765
0.800000, 1.200000, -0.832943
0.850000, 1.200000, -1.392725
0.900000, 1.200000, -1.518096
0.950000, 1.200000, -1.197101
1.000000, 1.200000, -0.589483
1.050000, 1.200000, 0.036827
1.100000, 1.200000, 0.409778
1.150000, 1.200000, 0.357862
1.200000, 1.200000, -0.124644
1.250000, 1.200000, -0.876720
1.300000, 1.200000, -1.634027
1.350000, 1.200000, -2.132188
1.400000, 1.200000, -2.210059
1.450000, 1.200000, -1.873166
1.500000, 1.200000, -1.292741
1.550000, 1.200000, -0.740499
1.600000, 1.200000, -0.483974
1.650000, 1.200000, -0.682463
1.700000, 1.200000, -1.323530
1.750000, 1.200000, -2.224652
1.800000, 1.200000, -3.099778
1.850000, 1.200000, -3.665794
1.900000, 1.200000, -3.748605
1.950000, 1.200000, -3.348600
2.000000, 1.200000, -2.640642
0.000000, 1.250000, -1.082593
0.050000, 1.250000, -0.368375
0.100000, 1.250000, 0.087317
0.150000, 1.250000, 0.124724
0.200000, 1.250000, -0.250070
0.250000, 1.250000, -0.866261
0.300000, 1.250000, -1.453528
0.350000, 1.250000, -1.746498
0.400000, 1.250000, -1.588452
0.450000, 1.250000, -0.994391
0.500000, 1.250000, -0.148944
0.550000, 1.250000, 0.660551
0.600000, 1.250000, 1.150726
0.650000, 1.250000, 1.148285
0.700000, 1.250000, 0.655266
0.750000, 1.250000, -0.151347
0.800000, 1.250000, -0.985613
0.850000, 1.250000, -1.559284
0.900000, 1.250000, -1.688761
0.950000, 1.250000, -1.361996
1.000000, 1.250000, -0.740244
1.050000, 1.250000, -0.094403
1.100000, 1.250000, 0.299457
1.150000, 1.250000, 0.265384
1.200000, 1.250000, -0.206492
1.250000, 1.250000, -0.958259
1.300000, 1.250000, -1.727056
1.350000, 1.250000, -2.247970
1.400000, 1.250000, -2.357255
1.450000, 1.250000, -2.056048
1.500000, 1.250000, -1.509999
1.550000, 1.250000, -0.984877
1.600000, 1.250000, -0.742847
1.650000, 1.250000, -0.939330
1.700000, 1.250000, -1.560227
1.750000, 1.250000, -2.423989
1.800000, 1.250000, -3.248202
1.850000, 1.250000, -3.755660
1.900000, 1.250000, -3.779680
1.950000, 1.250000, -3.328524
2.000000, 1.250000, -2.584223
0.000000, 1.300000, -1.097901
0.050000, 1.300000, -0.382174
0.100000, 1.300000, 0.075240
0.150000, 1.300000, 0.115660
0.200000, 1.300000, -0.254482
0.250000, 1.300000, -0.864928
0.300000, 1.300000, -1.446747
0.350000, 1.300000, -1.736536
0.400000, 1.300000, -1.579708
0.450000, 1.300000, -0.993049
0.500000, 1.300000, -0.162156
0.550000, 1.300000, 0.625827
0.600000, 1.300000, 1.089029
0.650000, 1.300000, 1.056818
0.700000, 1.300000, 0.534705
0.750000, 1.300000, -0.296625
0.800000, 1.300000, -1.147964
0.850000, 1.300000, -1.728867
0.900000, 1.300000, -1.855106
0.950000, 1.300000, -1.515802
1.000000, 1.300000, -0.875089
1.050000, 1.300000, -0.208049
1.100000, 1.300000, 0.204442
1.150000, 1.300000, 0.181851
1.200000, 1.300000, -0.289187
1.250000, 1.300000, -1.052444
1.300000, 1.300000, -1.844479
1.350000, 1.300000, -2.397473
1.400000, 1.300000, -2.542786
1.450000, 1.300000, -2.275399
1.500000, 1.300000, -1.754539
1.550000, 1.300000, -1.240396
1.600000, 1.300000, -0.991440
1.650000, 1.300000, -1.162050
1.700000, 1.300000, -1.740117
1.750000, 1.300000, -2.548983
1.800000, 1.300000, -3.313390
1.850000, 1.300000, -3.764517
1.900000, 1.300000, -3.743978
1.950000, 1.300000, -3.266884
2.000000, 1.300000, -2.519476
0.000000, 1.350000, -1.102067
0.050000, 1.350000, -0.386228
0.100000, 1.350000, 0.071510
0.150000, 1.350000, 0.113638
0.200000, 1.350000, -0.253087
0.250000, 1.350000, -0.859091
0.300000, 1.350000, -1.437044
0.350000, 1.350000, -1.725722
0.400000, 1.350000, -1.572768
0.450000, 1.350000, -0.996668
0.500000, 1.350000, -0.183668
0.550000, 1.350000, 0.579820
0.600000, 1.350000, 1.014085
0.650000, 1.350000, 0.951815
0.700000, 1.350000, 0.402454
0.750000, 1.350000, -0.449497
0.800000, 1.350000, -1.311911
0.850000, 1.350000, -1.892982
0.900000, 1.350000, -2.009073
0.950000, 1.350000, -1.651889
1.000000, 1.350000, -0.989774
1.050000, 1.350000, -0.302936
1.100000, 1.350000, 0.122672
1.150000, 1.350000, 0.102490
1.200000, 1.350000, -0.378929
1.250000, 1.350000, -1.164938
1.300000, 1.350000, -1.989053
1.350000, 1.350000, -2.578170
1.400000, 1.350000, -2.756963
1.450000, 1.350000, -2.513498
1.500000, 1.350000, -2.001148
1.550000, 1.350000, -1.476497
1.600000, 1.350000, -1.197496
1.650000, 1.350000, -1.321417
1.700000, 1.350000, -1.842164
1.750000, 1.350000, -2.591336
1.800000, 1.350000, -3.302845
1.850000, 1.350000, -3.716368
1.900000, 1.350000, -3.679812
1.950000, 1.350000, -3.211162
2.000000, 1.350000, -2.495453
0.000000, 1.400000, -1.092828
0.050000, 1.400000, -0.378394
0.100000, 1.400000, 0.078195
0.150000, 1.400000, 0.120688
0.200000, 1.400000, -0.243867
0.250000, 1.400000, -0.846740
0.300000, 1.400000, -1.422431
0.350000, 1.400000, -1.712092
0.400000, 1.400000, -1.565666
0.450000, 1.400000, -1.003184
0.500000, 1.400000, -0.211135
0.550000, 1.400000, 0.525418
0.600000, 1.400000, 0.929619
0.650000, 1.400000, 0.838088
0.700000, 1.400000, 0.264522
0.750000, 1.400000, -0.602891
0.800000, 1.400000, -1.469751
0.850000, 1.400000, -2.044015
0.900000, 1.400000, -2.144067
0.950000, 1.400000, -1.765637
1.000000, 1.400000, -1.082407
1.050000, 1.400000, -0.380182
1.100000, 1.400000, 0.050391
1.150000, 1.400000, 0.022050
1.200000, 1.400000, -0.480638
1.250000, 1.400000, -1.298061
1.300000, 1.400000, -2.158205
1.350000, 1.400000, -2.780802
1.400000, 1.400000, -2.983076
1.450000, 1.400000, -2.746852
1.500000, 1.400000, -2.221830
1.550000, 1.400000, -1.664426
1.600000, 1.400000, -1.336222
1.650000, 1.400000, -1.401485
1.700000, 1.400000, -1.863346
1.750000, 1.400000, -2.563229
1.800000, 1.400000, -3.243626
1.850000, 1.400000, -3.649849
1.900000, 1.400000, -3.631282
1.950000, 1.400000, -3.202759
2.000000, 1.400000, -2.541949
0.000000, 1.450000, -1.068800
0.050000, 1.450000, -0.357369
0.100000, 1.450000, 0.096560
0.150000, 1.450000, 0.138078
0.200000, 1.450000, -0.225530
0.250000, 1.450000, -0.826556
0.300000, 1.450000, -1.401570
0.350000, 1.450000, -1.694295
0.400000, 1.450000, -1.556995
0.450000, 1.450000, -1.011022
0.500000, 1.450000, -0.242612
0.550000, 1.450000, 0.465199
0.600000, 1.450000, 0.839123
0.650000, 1.450000, 0.720228
0.700000, 1.450000, 0.126594
0.750000, 1.450000, -0.750302
0.800000, 1.450000, -1.614745
0.850000, 1.450000, -2.175831
0.900000, 1.450000, -2.255491
0.950000, 1.450000, -1.854806
1.000000, 1.450000, -1.153525
1.050000, 1.450000, -0.442917
1.100000, 1.450000, -0.017177
1.150000, 1.450000, -0.064236
1.200000, 1.450000, -0.596917
1.250000, 1.450000, -1.450027
1.300000, 1.450000, -2.343990
1.350000, 1.450000, -2.990508
1.400000, 1.450000, -3.200024
1.450000, 1.450000, -2.950405
1.500000, 1.450000, -2.391301
1.550000, 1.450000, -1.783293
1.600000, 1.450000, -1.395779
1.650000, 1.450000, -1.403118
1.700000, 1.450000, -1.818872
1.750000, 1.450000, -2.493110
1.800000, 1.450000, -3.173322
1.850000, 1.450000, -3.604962
1.900000, 1.450000, -3.632460
1.950000, 1.450000, -3.261387
2.000000, 1.450000, -2.657580
0.000000, 1.500000, -1.029728
0.050000, 1.500000, -0.322937
0.100000, 1.500000, 0.126826
0.150000, 1.500000, 0.166068
0.200000, 1.500000, -0.197752
0.250000, 1.500000, -0.798152
0.300000, 1.500000, -1.374025
0.350000, 1.500000, -1.671843
0.400000, 1.500000, -1.546165
0.450000, 1.500000, -1.019355
0.500000, 1.500000, -0.276819
0.550000, 1.500000, 0.401162
0.600000, 1.500000, 0.745549
0.650000, 1.500000, 0.602251
0.700000, 1.500000, -0.006371
0.750000, 1.500000, -0.886256
0.800000, 1.500000, -1.741614
0.850000, 1.500000, -2.284233
0.900000, 1.500000, -2.341096
0.950000, 1.500000, -1.919661
1.000000, 1.500000, -1.205936
1.050000, 1.500000, -0.495780
1.100000, 1.500000, -0.085055
1.150000, 1.500000, -0.159767
1.200000, 1.500000, -0.727373
1.250000, 1.500000, -1.614859
1.300000, 1.500000, -2.534011
1.350000, 1.500000, -3.189039
1.400000, 1.500000, -3.385883
1.450000, 1.500000, -3.102182
1.500000, 1.500000, -2.492026
1.550000, 1.500000, -1.824454
1.600000, 1.500000, -1.379747
1.650000, 1.500000, -1.343313
1.700000, 1.500000, -1.737513
1.750000, 1.500000, -2.416908
1.800000, 1.500000, -3.127970
1.850000, 1.500000, -3.609591
1.900000, 1.500000, -3.695289
1.950000, 1.500000, -3.377607
2.000000, 1.500000, -2.810034
0.000000, 1.550000, -0.976627
0.050000, 1.550000, -0.276112
0.100000, 1.550000, 0.168021
0.150000, 1.550000, 0.203771
0.200000, 1.550000, -0.161323
0.250000, 1.550000, -0.762226
0.300000, 1.550000, -1.340415
0.350000, 1.550000, -1.645265
0.400000, 1.550000, -1.533553
0.450000, 1.550000, -1.028260
0.500000, 1.550000, -0.313311
0.550000, 1.550000, 0.334529
0.600000, 1.550000, 0.651088
0.650000, 1.550000, 0.487334
0.700000, 1.550000, -0.130465
0.750000, 1.550000, -1.006668
0.800000, 1.550000, -1.846894
0.850000, 1.550000, -2.367255
0.900000, 1.550000, -2.401113
0.950000, 1.550000, -1.962877
1.000000, 1.550000, -1.244318
1.050000, 1.550000, -0.544262
1.100000, 1.550000, -0.157719
1.150000, 1.550000, -0.265905
1.200000, 1.550000, -0.868413
1.250000, 1.550000, -1.783019
1.300000, 1.550000, -2.713150
1.350000, 1.550000, -3.357670
1.400000, 1.550000, -3.521761
1.450000, 1.550000, -3.187456
1.500000, 1.550000, -2.517736
1.550000, 1.550000, -1.793241
1.600000, 1.550000, -1.305989
1.650000, 1.550000, -1.250517
1.700000, 1.550000, -1.653412
1.750000, 1.550000, -2.367309
1.800000, 1.550000, -3.130751
1.850000, 1.550000, -3.670298
1.900000, 1.550000, -3.805444
1.950000, 1.550000, -3.516281
2.000000, 1.550000, -2.948460
0.000000, 1.600000, -0.911807
0.050000, 1.600000, -0.219162
0.100000, 1.600000, 0.217963
0.150000, 1.600000, 0.249119
0.200000, 1.600000, -0.118178
0.250000, 1.600000, -0.720588
0.300000, 1.600000, -1.302442
0.350000, 1.600000, -1.616147
0.400000, 1.600000, -1.520547
0.450000, 1.600000, -1.038769
0.500000, 1.600000, -0.352534
0.550000, 1.600000, 0.265671
0.600000, 1.600000, 0.557057
0.650000, 1.600000, 0.377655
0.700000, 1.600000, -0.243025
0.750000, 1.600000, -1.109057
0.800000, 1.600000, -1.929129
0.850000, 1.600000, -2.425254
0.900000, 1.600000, -2.438166
0.950000, 1.600000, -1.989199
1.000000, 1.600000, -1.274644
1.050000, 1.600000, -0.593967
1.100000, 1.600000, -0.238409
1.150000, 1.600000, -0.381624
1.200000, 1.600000, -1.013559
1.250000, 1.600000, -1.942660
1.300000, 1.600000, -2.865864
1.350000, 1.600000, -3.480340
1.400000, 1.600000, -3.595228
1.450000, 1.600000, -3.201612
1.500000, 1.600000, -2.474700
1.550000, 1.600000, -1.707659
1.600000, 1.600000, -1.202218
1.650000, 1.600000, -1.157199
1.700000, 1.600000, -1.596681
1.750000, 1.600000, -2.364288
1.800000, 1.600000, -3.184994
1.850000, 1.600000, -3.770450
1.900000, 1.600000, -3.927618
1.950000, 1.600000, -3.629734
2.000000, 1.600000, -3.023299
0.000000, 1.650000, -0.838765
0.050000, 1.650000, -0.155503
0.100000, 1.650000, 0.273358
0.150000, 1.650000, 0.298972
0.200000, 1.650000, -0.071298
0.250000, 1.650000, -0.676075
0.300000, 1.650000, -1.262812
0.350000, 1.650000, -1.587046
0.400000, 1.650000, -1.509469
0.450000, 1.650000, -1.052795
0.500000, 1.650000, -0.395767
0.550000, 1.650000, 0.194141
0.600000, 1.650000, 0.463900
0.650000, 1.650000, 0.274356
0.700000, 1.650000, -0.342709
0.750000, 1.650000, -1.192624
0.800000, 1.650000, -1.988883
0.850000, 1.650000, -2.460792
0.900000, 1.650000, -2.456960
0.950000, 1.650000, -2.004914
1.000000, 1.650000, -1.303473
1.050000, 1.650000, -0.649884
1.100000, 1.650000, -0.328611
1.150000, 1.650000, -0.503509
1.200000, 1.650000, -1.154234
1.250000, 1.650000, -2.081329
1.300000, 1.650000, -2.978661
1.350000, 1.650000, -3.546447
1.400000, 1.650000, -3.602677
1.450000, 1.650000, -3.151138
1.500000, 1.650000, -2.380453
1.550000, 1.650000, -1.594375
1.600000, 1.650000, -1.099386
1.650000, 1.650000, -1.091631
1.700000, 1.650000, -1.585404
1.750000, 1.650000, -2.409692
1.800000, 1.650000, -3.273687
1.850000, 1.650000, -3.876303
1.900000, 1.650000, -4.018418
1.950000, 1.650000, -3.675827
2.000000, 1.650000, -3.005992
0.000000, 1.700000, -0.761965
0.050000, 1.700000, -0.089479
0.100000, 1.700000, 0.330017
0.150000, 1.700000, 0.349323
0.200000, 1.700000, -0.024505
0.250000, 1.700000, -0.632341
0.300000, 1.700000, -1.225030
0.350000, 1.700000, -1.561294
0.400000, 1.700000, -1.503379
0.450000, 1.700000, -1.072949
0.500000, 1.700000, -0.444955
0.550000, 1.700000, 0.118820
0.600000, 1.700000, 0.371298
0.650000, 1.700000, 0.177617
0.700000, 1.700000, -0.429431
0.750000, 1.700000, -1.258166
0.800000, 1.700000, -2.028583
0.850000, 1.700000, -2.478332
0.900000, 1.700000, -2.463784
0.950000, 1.700000, -2.017170
1.000000, 1.700000, -1.337193
1.050000, 1.700000, -0.715735
1.100000, 1.700000, -0.427787
1.150000, 1.700000, -0.626126
1.200000, 1.700000, -1.280928
1.250000, 1.700000, -2.187853
1.300000, 1.700000, -3.042355
1.350000, 1.700000, -3.552821
1.400000, 1.700000, -3.550165
1.450000, 1.700000, -3.052519
1.500000, 1.700000, -2.260279
1.550000, 1.700000, -1.482896
1.600000, 1.700000, -1.024495
1.650000, 1.700000, -1.071030
1.700000, 1.700000, -1.621260
1.750000, 1.700000, -2.487450
1.800000, 1.700000, -3.365613
1.850000, 1.700000, -3.949000
1.900000, 1.700000, -4.042368
1.950000, 1.700000, -3.634345
2.000000, 1.700000, -2.901003
0.000000, 1.750000, -0.686512
0.050000, 1.750000, -0.026042
0.100000, 1.750000, 0.383178
0.150000, 1.750000, 0.395618
0.200000, 1.750000, 0.017850
0.250000, 1.750000, -0.593557
0.300000, 1.750000, -1.193104
0.350000, 1.750000, -1.542706
0.400000, 1.750000, -1.505793
0.450000, 1.750000, -1.102262
0.500000, 1.750000, -0.502442
0.550000, 1.750000, 0.038151
0.600000, 1.750000, 0.278374
0.650000, 1.750000, 0.086835
0.700000, 1.750000, -0.504193
0.750000, 1.750000, -1.307863
0.800000, 1.750000, -2.052200
0.850000, 1.750000, -2.483764
0.900000, 1.750000, -2.465864
0.950000, 1.750000, -2.033211
1.000000, 1.750000, -1.381277
1.050000, 1.750000, -0.793486
1.100000, 1.750000, -0.533381
1.150000, 1.750000, -0.742700
1.200000, 1.750000, -1.384549
1.250000, 1.750000, -2.254114
1.300000, 1.750000, -3.053720
1.350000, 1.750000, -3.504493
1.400000, 1.750000, -3.452547
1.450000, 1.750000, -2.929256
1.500000, 1.750000, -2.142174
1.550000, 1.750000, -1.399292
1.600000, 1.750000, -0.994600
1.650000, 1.750000, -1.097818
1.700000, 1.750000, -1.689949
1.750000, 1.750000, -2.569299
1.800000, 1.750000, -3.426164
1.850000, 1.750000, -3.958517
1.900000, 1.750000, -3.985437
1.950000, 1.750000, -3.515676
2.000000, 1.750000, -2.745495
0.000000, 1.800000, -0.617759
0.050000, 1.800000, 0.029643
0.100000, 1.800000, 0.427889
0.150000, 1.800000, 0.433133
0.200000, 1.800000, 0.051264
0.250000, 1.800000, -0.564039
0.300000, 1.800000, -1.171179
0.350000, 1.800000, -1.535222
0.400000, 1.800000, -1.520325
0.450000, 1.800000, -1.143838
0.500000, 1.800000, -0.570651
0.550000, 1.800000, -0.049556
0.600000, 1.800000, 0.183970
0.650000, 1.800000, 0.000884
0.700000, 1.800000, -0.568812
0.750000, 1.800000, -1.344952
0.800000, 1.800000, -2.064809
0.850000, 1.800000, -2.483815
0.900000, 1.800000, -2.470636
0.950000, 1.800000, -2.059609
1.000000, 1.800000, -1.439647
1.050000, 1.800000, -0.883066
1.100000, 1.800000, -0.641096
1.150000, 1.800000, -0.846014
1.200000, 1.800000, -1.457791
1.250000, 1.800000, -2.276443
1.300000, 1.800000, -3.016243
1.350000, 1.800000, -3.414117
1.400000, 1.800000, -3.331060
1.450000, 1.800000, -2.807583
1.500000, 1.800000, -2.051351
1.550000, 1.800000, -1.360850
1.600000, 1.800000, -1.013422
1.650000, 1.800000, -1.159928
1.700000, 1.800000, -1.766228
1.750000, 1.800000, -2.624279
1.800000, 1.800000, -3.429372
1.850000, 1.800000, -3.894872
1.900000, 1.800000, -3.861327
1.950000, 1.800000, -3.358537
2.000000, 1.800000, -2.596685
0.000000, 1.850000, -0.560870
0.050000, 1.850000, 0.072623
0.100000, 1.850000, 0.459432
0.150000, 1.850000, 0.457393
0.200000, 1.850000, 0.071485
0.250000, 1.850000, -0.547845
0.300000, 1.850000, -1.163139
0.350000, 1.850000, -1.542508
0.400000, 1.850000, -1.550301
0.450000, 1.850000, -1.200483
0.500000, 1.850000, -0.651717
0.550000, 1.850000, -0.145787
0.600000, 1.850000, 0.086956
0.650000, 1.850000, -0.081585
0.700000, 1.850000, -0.625594
0.750000, 1.850000, -1.373319
0.800000, 1.850000, -2.072060
0.850000, 1.850000, -2.485379
0.900000, 1.850000, -2.484990
0.950000, 1.850000, -2.101547
1.000000, 1.850000, -1.514198
1.050000, 1.850000, -0.982328
1.100000, 1.850000, -0.745398
1.150000, 1.850000, -0.929403
1.200000, 1.850000, -1.496282
1.250000, 1.850000, -2.256375
1.300000, 1.850000, -2.939844
1.350000, 1.850000, -3.300114
1.400000, 1.850000, -3.209757
1.450000, 1.850000, -2.711698
1.500000, 1.850000, -2.005446
1.550000, 1.850000, -1.372871
1.600000, 1.850000, -1.071353
1.650000, 1.850000, -1.235019
1.700000, 1.850000, -1.822089
1.750000, 1.850000, -2.629107
1.800000, 1.850000, -3.367347
1.850000, 1.850000, -3.772841
1.900000, 1.850000, -3.708241
1.950000, 1.850000, -3.217455
2.000000, 1.850000, -2.511609
0.000000, 1.900000, -0.520401
0.050000, 1.900000, 0.098576
0.100000, 1.900000, 0.473737
0.150000, 1.900000, 0.464581
0.200000, 1.900000, 0.074924
0.250000, 1.900000, -0.548376
0.300000, 1.900000, -1.172213
0.350000, 1.900000, -1.567574
0.400000, 1.900000, -1.598379
0.450000, 1.900000, -1.274329
0.500000, 1.900000, -0.747143
0.550000, 1.900000, -0.251500
0.600000, 1.900000, -0.013457
0.650000, 1.900000, -0.161832
0.700000, 1.900000, -0.676982
0.750000, 1.900000, -1.397065
0.800000, 1.900000, -2.079621
0.850000, 1.900000, -2.494856
0.900000, 1.900000, -2.514575
0.950000, 1.900000, -2.162245
1.000000, 1.900000, -1.604531
1.050000, 1.900000, -1.087243
1.100000, 1.900000, -0.840200
1.150000, 1.900000, -0.987700
1.200000, 1.900000, -1.499359
1.250000, 1.900000, -2.200662
1.300000, 1.900000, -2.839572
1.350000, 1.900000, -3.183826
1.400000, 1.900000, -3.111457
1.450000, 1.900000, -2.659463
1.500000, 1.900000, -2.011411
1.550000, 1.900000, -1.428284
1.600000, 1.900000, -1.148788
1.650000, 1.900000, -1.297401
1.700000, 1.900000, -1.835724
1.750000, 1.900000, -2.576294
1.800000, 1.900000, -3.254069
1.850000, 1.900000, -3.628508
1.900000, 1.900000, -3.577141
1.950000, 1.900000, -3.144458
2.000000, 1.900000, -2.526875
0.000000, 1.950000, -0.499914
0.050000, 1.950000, 0.104190
0.100000, 1.950000, 0.467753
0.150000, 1.950000, 0.451898
0.200000, 1.950000, 0.059005
0.250000, 1.950000, -0.568027
0.300000, 1.950000, -1.200632
0.350000, 1.950000, -1.612432
0.400000, 1.950000, -1.666216
0.450000, 1.950000, -1.366518
0.500000, 1.950000, -0.857487
0.550000, 1.950000, -0.366831
0.600000, 1.950000, -0.117440
0.650000, 1.950000, -0.240736
0.700000, 1.950000, -0.725212
0.750000, 1.950000, -1.420068
0.800000, 1.950000, -2.092633
0.850000, 1.950000, -2.517526
0.900000, 1.950000, -2.563211
0.950000, 1.950000, -2.242570
1.000000, 1.950000, -1.707926
1.050000, 1.950000, -1.192322
1.100000, 1.950000, -0.919617
1.150000, 1.950000, -1.018005
1.200000, 1.950000, -1.470337
1.250000, 1.950000, -2.120489
1.300000, 1.950000, -2.733460
1.350000, 1.950000, -3.086158
1.400000, 1.950000, -3.053916
1.450000, 1.950000, -2.659372
1.500000, 1.950000, -2.064711
1.550000, 1.950000, -1.510103
1.600000, 1.950000, -1.221886
1.650000, 1.950000, -1.325792
1.700000, 1.950000, -1.798683
1.750000, 1.950000, -2.477515
1.800000, 1.950000, -3.122261
1.850000, 1.950000, -3.508705
1.900000, 1.950000, -3.515440
1.950000, 1.950000, -3.171490
2.000000, 1.950000, -2.646047
0.000000, 2.000000, -0.501675
0.050000, 2.000000, 0.087458
0.100000, 2.000000, 0.439735
0.150000, 2.000000, 0.417852
0.200000, 2.000000, 0.022447
0.250000, 2.000000, -0.607916
0.300000, 2.000000, -1.249362
0.350000, 2.000000, -1.677831
0.400000, 2.000000, -1.754208
0.450000, 2.000000, -1.476952
0.500000, 2.000000, -0.982136
0.550000, 2.000000, -0.490890
0.600000, 2.000000, -0.224343
0.650000, 2.000000, -0.318569
0.700000, 2.000000, -0.772025
0.750000, 2.000000, -1.445599
0.800000, 2.000000, -2.115229
0.850000, 2.000000, -2.557041
0.900000, 2.000000, -2.632470
0.950000, 2.000000, -2.340878
1.000000, 2.000000, -1.819569
1.050000, 2.000000, -1.291206
1.100000, 2.000000, -0.978709
1.150000, 2.000000, -1.020163
1.200000, 2.000000, -1.416205
1.250000, 2.000000, -2.030014
1.300000, 2.000000, -2.639878
1.350000, 2.000000, -3.024275
1.400000, 2.000000, -3.046933
1.450000, 2.000000, -2.709392
1.500000, 2.000000, -2.150966
1.550000, 2.000000, -1.596109
1.600000, 2.000000, -1.269277
1.650000, 2.000000, -1.309783
1.700000, 2.000000, -1.719168
1.750000, 2.000000, -2.361161
1.800000, 2.000000, -3.014236
1.850000, 2.000000, -3.456684
1.900000, 2.000000, -3.551684
1.950000, 2.000000, -3.299873
2.000000, 2.000000, -2.839334
