0.000000, 0.000000, 0.020889
0.050000, 0.000000, 0.431624
0.100000, 0.000000, 0.751444
0.150000, 0.000000, 0.915340
0.200000, 0.000000, 0.890646
0.250000, 0.000000, 0.684174
0.300000, 0.000000, 0.340748
0.350000, 0.000000, -0.066538
0.400000, 0.000000, -0.452222
0.450000, 0.000000, -0.737067
0.500000, 0.000000, -0.865287
0.550000, 0.000000, -0.816664
0.600000, 0.000000, -0.610900
0.650000, 0.000000, -0.303266
0.700000, 0.000000, 0.027508
0.750000, 0.000000, 0.296456
0.800000, 0.000000, 0.430970
0.850000, 0.000000, 0.386696
0.900000, 0.000000, 0.157273
0.950000, 0.000000, -0.224203
1.000000, 0.000000, -0.692318
1.050000, 0.000000, -1.163524
1.100000, 0.000000, -1.554273
1.150000, 0.000000, -1.799151
1.200000, 0.000000, -1.865061
1.250000, 0.000000, -1.758365
1.300000, 0.000000, -1.523416
1.350000, 0.000000, -1.232825
1.400000, 0.000000, -0.971554
1.450000, 0.000000, -0.818335
1.500000, 0.000000, -0.828439
1.550000, 0.000000, -1.021568
1.600000, 0.000000, -1.377503
1.650000, 0.000000, -1.840459
1.700000, 0.000000, -2.331200
1.750000, 0.000000, -2.764261
1.800000, 0.000000, -3.066551
1.850000, 0.000000, -3.193245
1.900000, 0.000000, -3.137530
1.950000, 0.000000, -2.932074
2.000000, 0.000000, -2.641883
0.000000, 0.050000, 0.094249
0.050000, 0.050000, 0.506003
0.100000, 0.050000, 0.826883
0.150000, 0.050000, 0.991910
0.200000, 0.050000, 0.968445
0.250000, 0.050000, 0.763326
0.300000, 0.050000, 0.421403
0.350000, 0.050000, 0.015796
0.400000, 0.050000, -0.368010
0.450000, 0.050000, -0.650755
0.500000, 0.050000, -0.776632
0.550000, 0.050000, -0.725403
0.600000, 0.050000, -0.516751
0.650000, 0.050000, -0.205932
0.700000, 0.050000, 0.128337
0.750000, 0.050000, 0.401106
0.800000, 0.050000, 0.539776
0.850000, 0.050000, 0.500001
0.900000, 0.050000, 0.275426
0.950000, 0.050000, -0.100849
1.000000, 0.050000, -0.563408
1.050000, 0.050000, -1.028704
1.100000, 0.050000, -1.413190
1.150000, 0.050000, -1.651459
1.200000, 0.050000, -1.710422
1.250000, 0.050000, -1.596447
1.300000, 0.050000, -1.353903
1.350000, 0.050000, -1.055410
1.400000, 0.050000, -0.785949
1.450000, 0.050000, -0.624268
1.500000, 0.050000, -0.625657
1.550000, 0.050000, -0.809840
1.600000, 0.050000, -1.156619
1.650000, 0.050000, -1.610233
1.700000, 0.050000, -2.091471
1.750000, 0.050000, -2.514896
1.800000, 0.050000, -2.807442
1.850000, 0.050000, -2.924311
1.900000, 0.050000, -2.858721
1.950000, 0.050000, -2.643367
2.000000, 0.050000, -2.343285
0.000000, 0.100000, 0.161074
0.050000, 0.100000, 0.573889
0.100000, 0.100000, 0.895898
0.150000, 0.100000, 1.062145
0.200000, 0.100000, 1.040014
0.250000, 0.100000, 0.836368
0.300000, 0.100000, 0.496077
0.350000, 0.100000, 0.092282
0.400000, 0.100000, -0.289513
0.450000, 0.100000, -0.570029
0.500000, 0.100000, -0.693443
0.550000, 0.100000, -0.639502
0.600000, 0.100000, -0.427878
0.650000, 0.100000, -0.113812
0.700000, 0.100000, 0.223986
0.750000, 0.100000, 0.500573
0.800000, 0.100000, 0.643356
0.850000, 0.100000, 0.607991
0.900000, 0.100000, 0.388125
0.950000, 0.100000, 0.016856
1.000000, 0.100000, -0.440404
1.050000, 0.100000, -0.900113
1.100000, 0.100000, -1.278733
1.150000, 0.100000, -1.510867
1.200000, 0.100000, -1.563438
1.250000, 0.100000, -1.442831
1.300000, 0.100000, -1.193428
1.350000, 0.100000, -0.887870
1.400000, 0.100000, -0.611157
1.450000, 0.100000, -0.442060
1.500000, 0.100000, -0.435892
1.550000, 0.100000, -0.612402
1.600000, 0.100000, -0.951420
1.650000, 0.100000, -1.397213
1.700000, 0.100000, -1.870596
1.750000, 0.100000, -2.286165
1.800000, 0.100000, -2.570882
1.850000, 0.100000, -2.679982
1.900000, 0.100000, -2.606714
1.950000, 0.100000, -2.383805
2.000000, 0.100000, -2.076323
0.000000, 0.150000, 0.220513
0.050000, 0.150000, 0.634458
0.100000, 0.150000, 0.957687
0.150000, 0.150000, 1.125259
0.200000, 0.150000, 1.104576
0.250000, 0.150000, 0.902514
0.300000, 0.150000, 0.563958
0.350000, 0.150000, 0.162061
0.400000, 0.150000, -0.217659
0.450000, 0.150000, -0.495915
0.500000, 0.150000, -0.616876
0.550000, 0.150000, -0.560281
0.600000, 0.150000, -0.345797
0.650000, 0.150000, -0.028664
0.700000, 0.150000, 0.312412
0.750000, 0.150000, 0.592486
0.800000, 0.150000, 0.738961
0.850000, 0.150000, 0.707488
0.900000, 0.150000, 0.491708
0.950000, 0.150000, 0.124709
1.000000, 0.150000, -0.328109
1.050000, 0.150000, -0.783217
1.100000, 0.150000, -1.157093
1.150000, 0.150000, -1.384358
1.200000, 0.150000, -1.431954
1.250000, 0.150000, -1.306288
1.300000, 0.150000, -1.051765
1.350000, 0.150000, -0.741051
1.400000, 0.150000, -0.459174
1.450000, 0.150000, -0.284931
1.500000, 0.150000, -0.273666
1.550000, 0.150000, -0.445159
1.600000, 0.150000, -0.779271
1.650000, 0.150000, -1.220301
1.700000, 0.150000, -1.689100
1.750000, 0.150000, -2.100294
1.800000, 0.150000, -2.380883
1.850000, 0.150000, -2.486135
1.900000, 0.150000, -2.409333
1.950000, 0.150000, -2.183240
2.000000, 0.150000, -1.872956
0.000000, 0.200000, 0.271360
0.050000, 0.200000, 0.686534
0.100000, 0.200000, 1.011098
0.150000, 0.200000, 1.180117
0.200000, 0.200000, 1.160999
0.250000, 0.200000, 0.960623
0.300000, 0.200000, 0.623879
0.350000, 0.200000, 0.223921
0.400000, 0.200000, -0.153733
0.450000, 0.200000, -0.429797
0.500000, 0.200000, -0.548441
0.550000, 0.200000, -0.489411
0.600000, 0.200000, -0.272377
0.650000, 0.200000, 0.047413
0.700000, 0.200000, 0.391241
0.750000, 0.200000, 0.674152
0.800000, 0.200000, 0.823537
0.850000, 0.200000, 0.795032
0.900000, 0.200000, 0.582260
0.950000, 0.200000, 0.218290
1.000000, 0.200000, -0.231498
1.050000, 0.200000, -0.683596
1.100000, 0.200000, -1.054508
1.150000, 0.200000, -1.278879
1.200000, 0.200000, -1.323678
1.250000, 0.200000, -1.195341
1.300000, 0.200000, -0.938302
1.350000, 0.200000, -0.625260
1.400000, 0.200000, -0.341272
1.450000, 0.200000, -0.165170
1.500000, 0.200000, -0.152331
1.550000, 0.200000, -0.322568
1.600000, 0.200000, -0.655779
1.650000, 0.200000, -1.096296
1.700000, 0.200000, -1.565005
1.750000, 0.200000, -1.976569
1.800000, 0.200000, -2.258021
1.850000, 0.200000, -2.364663
1.900000, 0.200000, -2.289812
1.950000, 0.200000, -2.066263
2.000000, 0.200000, -1.759149
0.000000, 0.250000, 0.312340
0.050000, 0.250000, 0.728868
0.100000, 0.250000, 1.054903
0.150000, 0.250000, 1.225507
0.200000, 0.250000, 1.208075
0.250000, 0.250000, 1.009479
0.300000, 0.250000, 0.674597
0.350000, 0.250000, 0.276569
0.400000, 0.250000, -0.099098
0.450000, 0.250000, -0.373134
0.500000, 0.250000, -0.489725
0.550000, 0.250000, -0.428632
0.600000, 0.250000, -0.209548
0.650000, 0.250000, 0.112261
0.700000, 0.250000, 0.458057
0.750000, 0.250000, 0.742861
0.800000, 0.250000, 0.894039
0.850000, 0.250000, 0.867202
0.900000, 0.250000, 0.655947
0.950000, 0.250000, 0.293317
1.000000, 0.250000, -0.155339
1.050000, 0.250000, -0.606543
1.100000, 0.250000, -0.976828
1.150000, 0.250000, -1.200870
1.200000, 0.250000, -1.245671
1.250000, 0.250000, -1.117699
1.300000, 0.250000, -0.861421
1.350000, 0.250000, -0.549568
1.400000, 0.250000, -0.267231
1.450000, 0.250000, -0.093274
1.500000, 0.250000, -0.083106
1.550000, 0.250000, -0.256574
1.600000, 0.250000, -0.593605
1.650000, 0.250000, -1.038564
1.700000, 0.250000, -1.512364
1.750000, 0.250000, -1.929697
1.800000, 0.250000, -2.217623
1.850000, 0.250000, -2.331470
1.900000, 0.250000, -2.264579
1.950000, 0.250000, -2.049765
2.000000, 0.250000, -1.752181
0.000000, 0.300000, 0.342403
0.050000, 0.300000, 0.760434
0.100000, 0.300000, 1.088102
0.150000, 0.300000, 1.260440
0.200000, 0.300000, 1.244821
0.250000, 0.300000, 1.048086
0.300000, 0.300000, 0.715086
0.350000, 0.300000, 0.318933
0.400000, 0.300000, -0.054898
0.450000, 0.300000, -0.327165
0.500000, 0.300000, -0.442087
0.550000, 0.300000, -0.379458
0.600000, 0.300000, -0.159002
0.650000, 0.300000, 0.163981
0.700000, 0.300000, 0.510719
0.750000, 0.300000, 0.796199
0.800000, 0.300000, 0.947753
0.850000, 0.300000, 0.920959
0.900000, 0.300000, 0.709377
0.950000, 0.300000, 0.346017
1.000000, 0.300000, -0.103806
1.050000, 0.300000, -0.556647
1.100000, 0.300000, -0.929072
1.150000, 0.300000, -1.155790
1.200000, 0.300000, -1.203835
1.250000, 0.300000, -1.079702
1.300000, 0.300000, -0.827891
1.350000, 0.300000, -0.521158
1.400000, 0.300000, -0.244620
1.450000, 0.300000, -0.077168
1.500000, 0.300000, -0.074231
1.550000, 0.300000, -0.255677
1.600000, 0.300000, -0.601450
1.650000, 0.300000, -1.055932
1.700000, 0.300000, -1.540049
1.750000, 0.300000, -1.968503
1.800000, 0.300000, -2.268361
1.850000, 0.300000, -2.394956
1.900000, 0.300000, -2.341630
1.950000, 0.300000, -2.141195
2.000000, 0.300000, -1.858801
0.000000, 0.350000, 0.360982
0.050000, 0.350000, 0.780691
0.100000, 0.350000, 1.110171
0.150000, 0.350000, 1.284408
0.200000, 0.350000, 1.270728
0.250000, 0.350000, 1.075923
0.300000, 0.350000, 0.744798
0.350000, 0.350000, 0.350416
0.400000, 0.350000, -0.021798
0.450000, 0.350000, -0.292649
0.500000, 0.350000, -0.406406
0.550000, 0.350000, -0.342908
0.600000, 0.350000, -0.121926
0.650000, 0.350000, 0.201191
0.700000, 0.350000, 0.547630
0.750000, 0.350000, 0.832332
0.800000, 0.350000, 0.982588
0.850000, 0.350000, 0.953935
0.900000, 0.350000, 0.739896
0.950000, 0.350000, 0.373443
1.000000, 0.350000, -0.080140
1.050000, 0.350000, -0.537441
1.100000, 0.350000, -0.915055
1.150000, 0.350000, -1.147716
1.200000, 0.350000, -1.202479
1.250000, 0.350000, -1.085861
1.300000, 0.350000, -0.842374
1.350000, 0.350000, -0.544789
1.400000, 0.350000, -0.278231
1.450000, 0.350000, -0.121593
1.500000, 0.350000, -0.130308
1.550000, 0.350000, -0.324237
1.600000, 0.350000, -0.683319
1.650000, 0.350000, -1.151921
1.700000, 0.350000, -1.650955
1.750000, 0.350000, -2.095100
1.800000, 0.350000, -2.411399
1.850000, 0.350000, -2.555155
1.900000, 0.350000, -2.519675
1.950000, 0.350000, -2.337734
2.000000, 0.350000, -2.074438
0.000000, 0.400000, 0.368146
0.050000, 0.400000, 0.789734
0.100000, 0.400000, 1.121225
0.150000, 0.400000, 1.297536
0.200000, 0.400000, 1.285921
0.250000, 0.400000, 1.093104
0.300000, 0.400000, 0.763816
0.350000, 0.400000, 0.371050
0.400000, 0.400000, 0.000165
0.450000, 0.400000, -0.269713
0.500000, 0.400000, -0.382917
0.550000, 0.400000, -0.319351
0.600000, 0.400000, -0.098845
0.650000, 0.400000, 0.223198
0.700000, 0.400000, 0.567907
0.750000, 0.400000, 0.850177
0.800000, 0.400000, 0.997253
0.850000, 0.400000, 0.964630
0.900000, 0.400000, 0.745795
0.950000, 0.400000, 0.373691
1.000000, 0.400000, -0.086425
1.050000, 0.400000, -0.551162
1.100000, 0.400000, -0.937127
1.150000, 0.400000, -1.179065
1.200000, 0.400000, -1.244033
1.250000, 0.400000, -1.138542
1.300000, 0.400000, -0.907098
1.350000, 0.400000, -0.622454
1.400000, 0.400000, -0.369712
1.450000, 0.400000, -0.227737
1.500000, 0.400000, -0.251926
1.550000, 0.400000, -0.462101
1.600000, 0.400000, -0.838152
1.650000, 0.400000, -1.324395
1.700000, 0.400000, -1.841680
1.750000, 0.400000, -2.304625
1.800000, 0.400000, -2.640202
1.850000, 0.400000, -2.803639
1.900000, 0.400000, -2.788165
1.950000, 0.400000, -2.626470
2.000000, 0.400000, -2.383572
0.000000, 0.450000, 0.364627
0.050000, 0.450000, 0.788315
0.100000, 0.450000, 1.122034
0.150000, 0.450000, 1.300606
0.200000, 0.450000, 1.291183
0.250000, 0.450000, 1.100394
0.300000, 0.450000, 0.772874
0.350000, 0.450000, 0.381525
0.400000, 0.450000, 0.011612
0.450000, 0.450000, -0.257822
0.500000, 0.450000, -0.371193
0.550000, 0.450000, -0.308481
0.600000, 0.450000, -0.089586
0.650000, 0.450000, 0.230022
0.700000, 0.450000, 0.571417
0.750000, 0.450000, 0.849444
0.800000, 0.450000, 0.991303
0.850000, 0.450000, 0.952458
0.900000, 0.450000, 0.726370
0.950000, 0.450000, 0.345964
1.000000, 0.450000, -0.123510
1.050000, 0.450000, -0.598658
1.100000, 0.450000, -0.996078
1.150000, 0.450000, -1.250491
1.200000, 0.450000, -1.328926
1.250000, 0.450000, -1.237856
1.300000, 0.450000, -1.021734
1.350000, 0.450000, -0.753258
1.400000, 0.450000, -0.517464
1.450000, 0.450000, -0.393141
1.500000, 0.450000, -0.435605
1.550000, 0.450000, -0.664585
1.600000, 0.450000, -1.059875
1.650000, 0.450000, -1.565685
1.700000, 0.450000, -2.102759
1.750000, 0.450000, -2.585597
1.800000, 0.450000, -2.941051
1.850000, 0.450000, -3.124226
1.900000, 0.450000, -3.128224
1.950000, 0.450000, -2.985606
2.000000, 0.450000, -2.761261
0.000000, 0.500000, 0.351701
0.050000, 0.500000, 0.777731
0.100000, 0.500000, 1.113914
0.150000, 0.500000, 1.294939
0.200000, 0.500000, 1.287832
0.250000, 0.500000, 1.099097
0.300000, 0.500000, 0.773245
0.350000, 0.500000, 0.383062
0.400000, 0.500000, 0.013702
0.450000, 0.500000, -0.255900
0.500000, 0.500000, -0.370253
0.550000, 0.500000, -0.309426
0.600000, 0.500000, -0.093398
0.650000, 0.500000, 0.222296
0.700000, 0.500000, 0.558672
0.750000, 0.500000, 0.830532
0.800000, 0.500000, 0.965047
0.850000, 0.500000, 0.917661
0.900000, 0.500000, 0.681831
0.950000, 0.500000, 0.290492
1.000000, 0.500000, -0.191085
1.050000, 0.500000, -0.679468
1.100000, 0.500000, -1.091205
1.150000, 0.500000, -1.360955
1.200000, 0.500000, -1.455670
1.250000, 0.500000, -1.381733
1.300000, 0.500000, -1.183499
1.350000, 0.500000, -0.933552
1.400000, 0.500000, -0.716807
1.450000, 0.500000, -0.611921
1.500000, 0.500000, -0.674070
1.550000, 0.500000, -0.922836
1.600000, 0.500000, -1.337858
1.650000, 0.500000, -1.863189
1.700000, 0.500000, -2.419409
1.750000, 0.500000, -2.920852
1.800000, 0.500000, -3.294206
1.850000, 0.500000, -3.494408
1.900000, 0.500000, -3.514396
1.950000, 0.500000, -3.386571
2.000000, 0.500000, -3.175662
0.000000, 0.550000, 0.330956
0.050000, 0.550000, 0.759593
0.100000, 0.550000, 1.098487
0.150000, 0.550000, 1.282166
0.200000, 0.550000, 1.277496
0.250000, 0.550000, 1.090821
0.300000, 0.550000, 0.766506
0.350000, 0.550000, 0.377192
0.400000, 0.550000, 0.007900
0.450000, 0.550000, -0.262555
0.500000, 0.550000, -0.378793
0.550000, 0.550000, -0.320979
0.600000, 0.550000, -0.109169
0.650000, 0.550000, 0.201036
0.700000, 0.550000, 0.530608
0.750000, 0.550000, 0.794318
0.800000, 0.550000, 0.919330
0.850000, 0.550000, 0.861096
0.900000, 0.550000, 0.613102
0.950000, 0.550000, 0.208329
1.000000, 0.550000, -0.287883
1.050000, 0.550000, -0.792021
1.100000, 0.550000, -1.220529
1.150000, 0.550000, -1.507946
1.200000, 0.550000, -1.621089
1.250000, 0.550000, -1.566194
1.300000, 0.550000, -1.387450
1.350000, 0.550000, -1.157266
1.400000, 0.550000, -0.960373
1.450000, 0.550000, -0.875234
1.500000, 0.550000, -0.956823
1.550000, 0.550000, -1.224519
1.600000, 0.550000, -1.657752
1.650000, 0.550000, -2.200368
1.700000, 0.550000, -2.772738
1.750000, 0.550000, -3.288997
1.800000, 0.550000, -3.675633
1.850000, 0.550000, -3.887398
1.900000, 0.550000, -3.917049
1.950000, 0.550000, -3.796823
2.000000, 0.550000, -3.591296
0.000000, 0.600000, 0.304004
0.050000, 0.600000, 0.735528
0.100000, 0.600000, 1.077395
0.150000, 0.600000, 1.263933
0.200000, 0.600000, 1.261813
0.250000, 0.600000, 1.077189
0.300000, 0.600000, 0.754246
0.350000, 0.600000, 0.365457
0.400000, 0.600000, -0.004310
0.450000, 0.600000, -0.276377
0.500000, 0.600000, -0.395482
0.550000, 0.600000, -0.341886
0.600000, 0.600000, -0.135722
0.650000, 0.600000, 0.167357
0.700000, 0.600000, 0.488297
0.750000, 0.600000, 0.741867
0.800000, 0.600000, 0.855252
0.850000, 0.600000, 0.783955
0.900000, 0.600000, 0.521534
0.950000, 0.600000, 0.101072
1.000000, 0.600000, -0.411971
1.050000, 0.600000, -0.933934
1.100000, 0.600000, -1.381095
1.150000, 0.600000, -1.687806
1.200000, 0.600000, -1.820680
1.250000, 0.600000, -1.785733
1.300000, 0.600000, -1.626922
1.350000, 0.600000, -1.416415
1.400000, 0.600000, -1.238690
1.450000, 0.600000, -1.171959
1.500000, 0.600000, -1.270941
1.550000, 0.600000, -1.554758
1.600000, 0.600000, -2.002596
1.650000, 0.600000, -2.558058
1.700000, 0.600000, -3.141290
1.750000, 0.600000, -3.666209
1.800000, 0.600000, -4.059110
1.850000, 0.600000, -4.274566
1.900000, 0.600000, -4.305184
1.950000, 0.600000, -4.183070
2.000000, 0.600000, -3.972703
0.000000, 0.650000, 0.272180
0.050000, 0.650000, 0.706888
0.100000, 0.650000, 1.052002
0.150000, 0.650000, 1.241608
0.200000, 0.650000, 1.242144
0.250000, 0.650000, 1.059540
0.300000, 0.650000, 0.737771
0.350000, 0.650000, 0.349116
0.400000, 0.650000, -0.021726
0.450000, 0.650000, -0.296227
0.500000, 0.650000, -0.419247
0.550000, 0.650000, -0.371139
0.600000, 0.650000, -0.172101
0.650000, 0.650000, 0.122186
0.700000, 0.650000, 0.432667
0.750000, 0.650000, 0.674149
0.800000, 0.650000, 0.773884
0.850000, 0.650000, 0.687477
0.900000, 0.650000, 0.408622
0.950000, 0.650000, -0.029438
1.000000, 0.650000, -0.561048
1.050000, 0.650000, -1.102328
1.100000, 0.650000, -1.569314
1.150000, 0.650000, -1.896096
1.200000, 0.650000, -2.049007
1.250000, 0.650000, -2.033769
1.300000, 0.650000, -1.894041
1.350000, 0.650000, -1.701681
1.400000, 0.650000, -1.540864
1.450000, 0.650000, -1.489497
1.500000, 0.650000, -1.602005
1.550000, 0.650000, -1.897232
1.600000, 0.650000, -2.354098
1.650000, 0.650000, -2.915967
1.700000, 0.650000, -3.502767
1.750000, 0.650000, -4.028233
1.800000, 0.650000, -4.418504
1.850000, 0.650000, -4.628039
1.900000, 0.650000, -4.649366
1.950000, 0.650000, -4.514559
2.000000, 0.650000, -4.288102
0.000000, 0.700000, 0.236316
0.050000, 0.700000, 0.674521
0.100000, 0.700000, 1.023164
0.150000, 0.700000, 1.216048
0.200000, 0.700000, 1.219336
0.250000, 0.700000, 1.038699
0.300000, 0.700000, 0.717872
0.350000, 0.700000, 0.328918
0.400000, 0.700000, -0.043653
0.450000, 0.700000, -0.321468
0.500000, 0.700000, -0.449507
0.550000, 0.700000, -0.408204
0.600000, 0.700000, -0.217798
0.650000, 0.700000, 0.066031
0.700000, 0.700000, 0.364271
0.750000, 0.700000, 0.591814
0.800000, 0.700000, 0.676042
0.850000, 0.700000, 0.572726
0.900000, 0.700000, 0.275765
0.950000, 0.700000, -0.181353
1.000000, 0.700000, -0.732701
1.050000, 0.700000, -1.294100
1.100000, 0.700000, -1.781259
1.150000, 0.700000, -2.127926
1.200000, 0.700000, -2.300081
1.250000, 0.700000, -2.303083
1.300000, 0.700000, -2.180228
1.350000, 0.700000, -2.003017
1.400000, 0.700000, -1.855278
1.450000, 0.700000, -1.814592
1.500000, 0.700000, -1.935077
1.550000, 0.700000, -2.235304
1.600000, 0.700000, -2.693952
1.650000, 0.700000, -3.254187
1.700000, 0.700000, -3.835779
1.750000, 0.700000, -4.352358
1.800000, 0.700000, -4.730009
1.850000, 0.700000, -4.923191
1.900000, 0.700000, -4.924489
1.950000, 0.700000, -4.766089
2.000000, 0.700000, -4.512650
0.000000, 0.750000, 0.196624
0.050000, 0.750000, 0.638650
0.100000, 0.750000, 0.991110
0.150000, 0.750000, 1.187481
0.200000, 0.750000, 1.193606
0.250000, 0.750000, 1.014862
0.300000, 0.750000, 0.694711
0.350000, 0.750000, 0.304980
0.400000, 0.750000, -0.070024
0.450000, 0.750000, -0.352083
0.500000, 0.750000, -0.486287
0.550000, 0.750000, -0.453134
0.600000, 0.750000, -0.272869
0.650000, 0.750000, -0.001128
0.700000, 0.750000, 0.283174
0.750000, 0.750000, 0.495078
0.800000, 0.750000, 0.562167
0.850000, 0.750000, 0.440459
0.900000, 0.750000, 0.124145
0.950000, 0.750000, -0.352960
1.000000, 0.750000, -0.924566
1.050000, 0.750000, -1.506104
1.100000, 0.750000, -2.012878
1.150000, 0.750000, -2.378216
1.200000, 0.750000, -2.567672
1.250000, 0.750000, -2.586188
1.300000, 0.750000, -2.476652
1.350000, 0.750000, -2.310181
1.400000, 0.750000, -2.170246
1.450000, 0.750000, -2.134107
1.500000, 0.750000, -2.255608
1.550000, 0.750000, -2.553095
1.600000, 0.750000, -3.005078
1.650000, 0.750000, -3.554618
1.700000, 0.750000, -4.121446
1.750000, 0.750000, -4.619221
1.800000, 0.750000, -4.974130
1.850000, 0.750000, -5.140805
1.900000, 0.750000, -5.112079
1.950000, 0.750000, -4.920452
2.000000, 0.750000, -4.630970
0.000000, 0.800000, 0.152713
0.050000, 0.800000, 0.598895
0.100000, 0.800000, 0.955469
0.150000, 0.800000, 1.155531
0.200000, 0.800000, 1.164567
0.250000, 0.800000, 0.987616
0.300000, 0.800000, 0.667841
0.350000, 0.800000, 0.276812
0.400000, 0.800000, -0.101373
0.450000, 0.800000, -0.388648
0.500000, 0.800000, -0.530197
0.550000, 0.800000, -0.506546
0.600000, 0.800000, -0.337908
0.650000, 0.800000, -0.079817
0.700000, 0.800000, 0.188977
0.750000, 0.800000, 0.383743
0.800000, 0.800000, 0.432347
0.850000, 0.800000, 0.291148
0.900000, 0.800000, -0.045280
0.950000, 0.800000, -0.542696
1.000000, 0.800000, -1.134357
1.050000, 0.800000, -1.735217
1.100000, 0.800000, -2.260095
1.150000, 0.800000, -2.641830
1.200000, 0.800000, -2.845501
1.250000, 0.800000, -2.875595
1.300000, 0.800000, -2.774576
1.350000, 0.800000, -2.613183
1.400000, 0.800000, -2.474557
1.450000, 0.800000, -2.435691
1.500000, 0.800000, -2.550234
1.550000, 0.800000, -2.836407
1.600000, 0.800000, -3.272685
1.650000, 0.800000, -3.802171
1.700000, 0.800000, -4.344734
1.750000, 0.800000, -4.814253
1.800000, 0.800000, -5.137227
1.850000, 0.800000, -5.268687
1.900000, 0.800000, -5.201941
1.950000, 0.800000, -4.970046
2.000000, 0.800000, -4.638667
0.000000, 0.850000, 0.103752
0.050000, 0.850000, 0.554433
0.100000, 0.850000, 0.915417
0.150000, 0.850000, 1.119372
0.200000, 0.850000, 1.131375
0.250000, 0.850000, 0.956093
0.300000, 0.850000, 0.636360
0.350000, 0.850000, 0.243471
0.400000, 0.850000, -0.138683
0.450000, 0.850000, -0.432180
0.500000, 0.850000, -0.582270
0.550000, 0.850000, -0.569467
0.600000, 0.850000, -0.413892
0.650000, 0.850000, -0.170911
0.700000, 0.850000, 0.080974
0.750000, 0.850000, 0.257348
0.800000, 0.850000, 0.286461
0.850000, 0.850000, 0.125110
0.900000, 0.850000, -0.231644
0.950000, 0.850000, -0.749039
1.000000, 0.850000, -1.359784
1.050000, 0.850000, -1.978279
1.100000, 0.850000, -2.518787
1.150000, 0.850000, -2.913613
1.200000, 0.850000, -3.127333
1.250000, 0.850000, -3.163971
1.300000, 0.850000, -3.065593
1.350000, 0.850000, -2.902603
1.400000, 0.850000, -2.757894
1.450000, 0.850000, -2.708297
1.500000, 0.850000, -2.807398
1.550000, 0.850000, -3.073460
1.600000, 0.850000, -3.485101
1.650000, 0.850000, -3.985681
1.700000, 0.850000, -4.495429
1.750000, 0.850000, -4.928690
1.800000, 0.850000, -5.212524
1.850000, 0.850000, -5.302612
1.900000, 0.850000, -5.192993
1.950000, 0.850000, -4.917520
2.000000, 0.850000, -4.542708
0.000000, 0.900000, 0.048716
0.050000, 0.900000, 0.504245
0.100000, 0.900000, 0.869938
0.150000, 0.900000, 1.077979
0.200000, 0.900000, 1.092989
0.250000, 0.900000, 0.919225
0.300000, 0.900000, 0.599165
0.350000, 0.900000, 0.203820
0.400000, 0.900000, -0.183129
0.450000, 0.900000, -0.483881
0.500000, 0.900000, -0.643713
0.550000, 0.900000, -0.643074
0.600000, 0.900000, -0.501925
0.650000, 0.900000, -0.275380
0.700000, 0.900000, -0.041599
0.750000, 0.900000, 0.115421
0.800000, 0.900000, 0.124421
0.850000, 0.900000, -0.057257
0.900000, 0.900000, -0.433959
0.950000, 0.900000, -0.970307
1.000000, 0.900000, -1.598379
1.050000, 0.900000, -2.231951
1.100000, 0.900000, -2.784690
1.150000, 0.900000, -3.188341
1.200000, 0.900000, -3.406981
1.250000, 0.900000, -3.444214
1.300000, 0.900000, -3.341768
1.350000, 0.900000, -3.169819
1.400000, 0.900000, -3.011140
1.450000, 0.900000, -2.942566
1.500000, 0.900000, -3.017813
1.550000, 0.900000, -3.255399
1.600000, 0.900000, -3.634334
1.650000, 0.900000, -4.098484
1.700000, 0.900000, -4.568707
1.750000, 0.900000, -4.960083
1.800000, 0.900000, -5.200501
1.850000, 0.900000, -5.246548
1.900000, 0.900000, -5.093231
1.950000, 0.900000, -4.775410
2.000000, 0.900000, -4.360626
0.000000, 0.950000, -0.013310
0.050000, 0.950000, 0.447420
0.100000, 0.950000, 0.818119
0.150000, 0.950000, 1.030429
0.200000, 0.950000, 1.048469
0.250000, 0.950000, 0.876044
0.300000, 0.950000, 0.555254
0.350000, 0.950000, 0.156817
0.400000, 0.950000, -0.235784
0.450000, 0.950000, -0.544837
0.500000, 0.950000, -0.715603
0.550000, 0.950000, -0.728398
0.600000, 0.950000, -0.602939
0.650000, 0.950000, -0.393990
0.700000, 0.950000, -0.179268
0.750000, 0.950000, -0.042234
0.800000, 0.950000, -0.053546
0.850000, 0.950000, -0.255202
0.900000, 0.950000, -0.650857
0.950000, 0.950000, -1.204425
1.000000, 0.950000, -1.847286
1.050000, 0.950000, -2.492549
1.100000, 0.950000, -3.053261
1.150000, 0.950000, -3.460629
1.200000, 0.950000, -3.678278
1.250000, 0.950000, -3.709472
1.300000, 0.950000, -3.595731
1.350000, 0.950000, -3.407153
1.400000, 0.950000, -3.226585
1.450000, 0.950000, -3.131087
1.500000, 0.950000, -3.174750
1.550000, 0.950000, -3.376621
1.600000, 0.950000, -3.716373
1.650000, 0.950000, -4.138672
1.700000, 0.950000, -4.565287
1.750000, 0.950000, -4.912304
1.800000, 0.950000, -5.108692
1.850000, 0.950000, -5.112164
1.900000, 0.950000, -4.918877
1.950000, 0.950000, -4.564831
2.000000, 0.950000, -4.118671
0.000000, 1.000000, -0.082860
0.050000, 1.000000, 0.383426
0.100000, 1.000000, 0.759424
0.150000, 1.000000, 0.976177
0.200000, 1.000000, 0.997247
0.250000, 1.000000, 0.825953
0.300000, 1.000000, 0.503997
0.350000, 1.000000, 0.101799
0.400000, 1.000000, -0.297335
0.450000, 1.000000, -0.615746
0.500000, 1.000000, -0.798614
0.550000, 1.000000, -0.826045
0.600000, 1.000000, -0.717416
0.650000, 1.000000, -0.527035
0.700000, 1.000000, -0.332051
0.750000, 1.000000, -0.215275
0.800000, 1.000000, -0.246642
0.850000, 1.000000, -0.467382
0.900000, 1.000000, -0.880364
0.950000, 1.000000, -1.448721
1.000000, 1.000000, -2.103088
1.050000, 1.000000, -2.755890
1.100000, 1.000000, -3.319579
1.150000, 1.000000, -3.724876
1.200000, 1.000000, -3.935058
1.250000, 1.000000, -3.953190
1.300000, 1.000000, -3.820758
1.350000, 1.000000, -3.608001
1.400000, 1.000000, -3.398088
1.450000, 1.000000, -3.268575
1.500000, 1.000000, -3.274222
1.550000, 1.000000, -3.434903
1.600000, 1.000000, -3.731259
1.650000, 1.000000, -4.109046
1.700000, 1.000000, -4.491214
1.750000, 1.000000, -4.795093
1.800000, 1.000000, -4.950927
1.850000, 1.000000, -4.917702
1.900000, 1.000000, -4.692802
1.950000, 1.000000, -4.313381
2.000000, 1.000000, -3.849123
0.000000, 1.050000, -0.159890
0.050000, 1.050000, 0.312306
0.100000, 1.050000, 0.693891
0.150000, 1.050000, 0.915244
0.200000, 1.050000, 0.939324
0.250000, 1.050000, 0.768925
0.300000, 1.050000, 0.445332
0.350000, 1.050000, 0.038673
0.400000, 1.050000, -0.367896
0.450000, 1.050000, -0.696718
0.500000, 1.050000, -0.892821
0.550000, 1.050000, -0.936007
0.600000, 1.050000, -0.845204
0.650000, 1.050000, -0.674139
0.700000, 1.050000, -0.499274
0.750000, 1.050000, -0.402638
0.800000, 1.050000, -0.453326
0.850000, 1.050000, -0.691701
0.900000, 1.050000, -1.119761
0.950000, 1.050000, -1.699808
1.000000, 1.050000, -2.361715
1.050000, 1.050000, -3.017244
1.100000, 1.050000, -3.578316
1.150000, 1.050000, -3.975281
1.200000, 1.050000, -4.171219
1.250000, 1.050000, -4.169196
1.300000, 1.050000, -4.010899
1.350000, 1.050000, -3.766983
1.400000, 1.050000, -3.521230
1.450000, 1.050000, -3.352008
1.500000, 1.050000, -3.315063
1.550000, 1.050000, -3.431411
1.600000, 1.050000, -3.682957
1.650000, 1.050000, -4.016808
1.700000, 1.050000, -4.357316
1.750000, 1.050000, -4.623222
1.800000, 1.050000, -4.746142
1.850000, 1.050000, -4.686357
1.900000, 1.050000, -4.442420
1.950000, 1.050000, -4.052490
2.000000, 1.050000, -3.587055
0.000000, 1.100000, -0.243714
0.050000, 1.100000, 0.234745
0.100000, 1.100000, 0.622196
0.150000, 1.100000, 0.848293
0.200000, 1.100000, 0.875337
0.250000, 1.100000, 0.705566
0.300000, 1.100000, 0.379832
0.350000, 1.100000, -0.032016
0.400000, 1.100000, -0.446936
0.450000, 1.100000, -0.787213
0.500000, 1.100000, -0.997633
0.550000, 1.100000, -1.057589
0.600000, 1.100000, -0.985439
0.650000, 1.100000, -0.834200
0.700000, 1.100000, -0.679508
0.750000, 1.100000, -0.602486
0.800000, 1.100000, -0.671278
0.850000, 1.100000, -0.925284
0.900000, 1.100000, -1.365574
0.950000, 1.100000, -1.953595
1.000000, 1.100000, -2.618478
1.050000, 1.100000, -3.271391
1.100000, 1.100000, -3.823842
1.150000, 1.100000, -4.205973
1.200000, 1.100000, -4.380881
1.250000, 1.100000, -4.351887
1.300000, 1.100000, -4.161176
1.350000, 1.100000, -3.880129
1.400000, 1.100000, -3.593477
1.450000, 1.100000, -3.380734
1.500000, 1.100000, -3.298956
1.550000, 1.100000, -3.370593
1.600000, 1.100000, -3.579071
1.650000, 1.100000, -3.873049
1.700000, 1.100000, -4.178412
1.750000, 1.100000, -4.415361
1.800000, 1.100000, -4.516849
1.850000, 1.100000, -4.444316
1.900000, 1.100000, -4.197252
1.950000, 1.100000, -3.814491
2.000000, 1.100000, -3.366897
0.000000, 1.150000, -0.333071
0.050000, 1.150000, 0.151996
0.100000, 1.150000, 0.545582
0.150000, 1.150000, 0.776549
0.200000, 1.150000, 0.806487
0.250000, 1.150000, 0.637044
0.300000, 1.150000, 0.308635
0.350000, 1.150000, -0.109156
0.400000, 1.150000, -0.533353
0.450000, 1.150000, -0.886105
0.500000, 1.150000, -1.111863
0.550000, 1.150000, -1.189486
0.600000, 1.150000, -1.136629
0.650000, 1.150000, -1.005461
0.700000, 1.150000, -0.870655
0.750000, 1.150000, -0.812304
0.800000, 1.150000, -0.897493
0.850000, 1.150000, -1.164590
0.900000, 1.150000, -1.613705
0.950000, 1.150000, -2.205442
1.000000, 1.150000, -2.868255
1.050000, 1.150000, -3.512836
1.100000, 1.150000, -4.050452
1.150000, 1.150000, -4.411262
1.200000, 1.150000, -4.558654
1.250000, 1.150000, -4.496511
1.300000, 1.150000, -4.267847
1.350000, 1.150000, -3.945125
1.400000, 1.150000, -3.614372
1.450000, 1.150000, -3.356576
1.500000, 1.150000, -3.230402
1.550000, 1.150000, -3.259981
1.600000, 1.150000, -3.430438
1.650000, 1.150000, -3.692079
1.700000, 1.150000, -3.972328
1.750000, 1.150000, -4.192748
1.800000, 1.150000, -4.287422
1.850000, 1.150000, -4.218632
1.900000, 1.150000, -3.986388
1.950000, 1.150000, -3.629676
2.000000, 1.150000, -3.219136
0.000000, 1.200000, -0.426328
0.050000, 1.200000, 0.065687
0.100000, 1.200000, 0.465664
0.150000, 1.200000, 0.701606
0.200000, 1.200000, 0.734341
0.250000, 1.200000, 0.564896
0.300000, 1.200000, 0.233243
0.350000, 1.200000, -0.191266
0.400000, 1.200000, -0.625668
0.450000, 1.200000, -0.991887
0.500000, 1.200000, -1.233924
0.550000, 1.200000, -1.329976
0.600000, 1.200000, -1.296851
0.650000, 1.200000, -1.185719
0.700000, 1.200000, -1.070157
0.750000, 1.200000, -1.029107
0.800000, 1.200000, -1.128511
0.850000, 1.200000, -1.405656
0.900000, 1.200000, -1.859692
0.950000, 1.200000, -2.450438
1.000000, 1.200000, -3.105783
1.050000, 1.200000, -3.736121
1.100000, 1.200000, -4.252707
1.150000, 1.200000, -4.586001
1.200000, 1.200000, -4.700000
1.250000, 1.200000, -4.599508
1.300000, 1.200000, -4.328733
1.350000, 1.200000, -3.961579
1.400000, 1.200000, -3.585712
1.450000, 1.200000, -3.283894
1.500000, 1.200000, -3.116635
1.550000, 1.200000, -3.109908
1.600000, 1.200000, -3.250600
1.650000, 1.200000, -3.490626
1.700000, 1.200000, -3.758791
1.750000, 1.200000, -3.977745
1.800000, 1.200000, -4.082309
1.850000, 1.200000, -4.035105
1.900000, 1.200000, -3.836057
1.950000, 1.200000, -3.523623
2.000000, 1.200000, -3.167474
0.000000, 1.250000, -0.521759
0.050000, 1.250000, -0.022466
0.100000, 1.250000, 0.384144
0.150000, 1.250000, 0.625145
0.200000, 1.250000, 0.660551
0.250000, 1.250000, 0.490741
0.300000, 1.250000, 0.155248
0.350000, 1.250000, -0.276775
0.400000, 1.250000, -0.722305
0.450000, 1.250000, -1.102944
0.500000, 1.250000, -1.362114
0.550000, 1.250000, -1.477207
0.600000, 1.250000, -1.464030
0.650000, 1.250000, -1.372608
0.700000, 1.250000, -1.275286
0.750000, 1.250000, -1.249750
0.800000, 1.250000, -1.360732
0.850000, 1.250000, -1.644422
0.900000, 1.250000, -2.099051
0.950000, 1.250000, -2.683759
1.000000, 1.250000, -3.326043
1.050000, 1.250000, -3.936224
1.100000, 1.250000, -4.425841
1.150000, 1.250000, -4.725985
1.200000, 1.250000, -4.801635
1.250000, 1.250000, -4.658890
1.300000, 1.250000, -4.343537
1.350000, 1.250000, -3.931270
1.400000, 1.250000, -3.511696
1.450000, 1.250000, -3.169588
1.500000, 1.250000, -2.967442
1.550000, 1.250000, -2.933114
1.600000, 1.250000, -3.055171
1.650000, 1.250000, -3.286930
1.700000, 1.250000, -3.558237
1.750000, 1.250000, -3.792368
1.800000, 1.250000, -3.924298
1.850000, 1.250000, -3.916317
1.900000, 1.250000, -3.767508
1.950000, 1.250000, -3.515003
2.000000, 1.250000, -3.226692
0.000000, 1.300000, -0.617843
0.050000, 1.300000, -0.110954
0.100000, 1.300000, 0.302515
0.150000, 1.300000, 0.548636
0.200000, 1.300000, 0.586557
0.250000, 1.300000, 0.415986
0.300000, 1.300000, 0.076027
0.350000, 1.300000, -0.364321
0.400000, 1.300000, -0.821894
0.450000, 1.300000, -1.217855
0.500000, 1.300000, -1.494913
0.550000, 1.300000, -1.629496
0.600000, 1.300000, -1.636252
0.650000, 1.300000, -1.563913
0.700000, 1.300000, -1.483463
0.750000, 1.300000, -1.471247
0.800000, 1.300000, -1.590747
0.850000, 1.300000, -1.877076
0.900000, 1.300000, -2.327639
0.950000, 1.300000, -2.901051
1.000000, 1.300000, -3.524643
1.050000, 1.300000, -4.108960
1.100000, 1.300000, -4.566162
1.150000, 1.300000, -4.828354
1.200000, 1.300000, -4.861893
1.250000, 1.300000, -4.674570
1.300000, 1.300000, -4.314110
1.350000, 1.300000, -3.858314
1.400000, 1.300000, -3.398966
1.450000, 1.300000, -3.022980
1.500000, 1.300000, -2.794863
1.550000, 1.300000, -2.744234
1.600000, 1.300000, -2.861091
1.650000, 1.300000, -3.099756
1.700000, 1.300000, -3.390591
1.750000, 1.300000, -3.656849
1.800000, 1.300000, -3.832923
1.850000, 1.300000, -3.879952
1.900000, 1.300000, -3.795338
1.950000, 1.300000, -3.614050
2.000000, 1.300000, -3.401403
0.000000, 1.350000, -0.713529
0.050000, 1.350000, -0.198738
0.100000, 1.350000, 0.221796
0.150000, 1.350000, 0.473072
0.200000, 1.350000, 0.513323
0.250000, 1.350000, 0.341562
0.300000, 1.350000, -0.003517
0.350000, 1.350000, -0.453013
0.400000, 1.350000, -0.923526
0.450000, 1.350000, -1.335656
0.500000, 1.350000, -1.631243
0.550000, 1.350000, -1.785590
0.600000, 1.350000, -1.812022
0.650000, 1.350000, -1.757830
0.700000, 1.350000, -1.692529
0.750000, 1.350000, -1.691053
0.800000, 1.350000, -1.815630
0.850000, 1.350000, -2.100363
0.900000, 1.350000, -2.541966
0.950000, 1.350000, -3.098749
1.000000, 1.350000, -3.698163
1.050000, 1.350000, -4.251321
1.100000, 1.350000, -4.671392
1.150000, 1.350000, -4.891908
1.200000, 1.350000, -4.881016
1.250000, 1.350000, -4.648579
1.300000, 1.350000, -4.244591
1.350000, 1.350000, -3.749199
1.400000, 1.350000, -3.256497
1.450000, 1.350000, -2.855551
1.500000, 1.350000, -2.612733
1.550000, 1.350000, -2.559142
1.600000, 1.350000, -2.685761
1.650000, 1.350000, -2.947338
1.700000, 1.350000, -3.274047
1.750000, 1.350000, -3.588319
1.800000, 1.350000, -3.823098
1.850000, 1.350000, -3.937498
1.900000, 1.350000, -3.926384
1.950000, 1.350000, -3.821778
2.000000, 1.350000, -3.685773
0.000000, 1.400000, -0.808387
0.050000, 1.400000, -0.285407
0.100000, 1.400000, 0.142379
0.150000, 1.400000, 0.398820
0.200000, 1.400000, 0.441181
0.250000, 1.400000, 0.267770
0.300000, 1.400000, -0.083109
0.350000, 1.400000, -0.542584
0.400000, 1.400000, -1.026913
0.450000, 1.400000, -1.455991
0.500000, 1.400000, -1.770627
0.550000, 1.400000, -1.944826
0.600000, 1.400000, -1.990427
0.650000, 1.400000, -1.953143
0.700000, 1.400000, -1.900920
0.750000, 1.400000, -1.907247
0.800000, 1.400000, -2.033133
0.850000, 1.400000, -2.311783
0.900000, 1.400000, -2.739417
0.950000, 1.400000, -3.274311
1.000000, 1.400000, -3.844380
1.050000, 1.400000, -4.361697
1.100000, 1.400000, -4.740870
1.150000, 1.400000, -4.917285
1.200000, 1.400000, -4.861278
1.250000, 1.400000, -4.585135
1.300000, 1.400000, -4.141372
1.350000, 1.400000, -3.612627
1.400000, 1.400000, -3.095306
1.450000, 1.400000, -2.680472
1.500000, 1.400000, -2.436051
1.550000, 1.400000, -2.394140
1.600000, 1.400000, -2.546082
1.650000, 1.400000, -2.846296
1.700000, 1.400000, -3.223915
1.750000, 1.400000, -3.599643
1.800000, 1.400000, -3.904068
1.850000, 1.400000, -4.093411
1.900000, 1.400000, -4.159236
1.950000, 1.400000, -4.130015
2.000000, 1.400000, -4.064206
0.000000, 1.450000, -0.902644
0.050000, 1.450000, -0.371201
0.100000, 1.450000, 0.064001
0.150000, 1.450000, 0.325588
0.200000, 1.450000, 0.369808
0.250000, 1.450000, 0.194252
0.300000, 1.450000, -0.163131
0.350000, 1.450000, -0.633422
0.400000, 1.450000, -1.132414
0.450000, 1.450000, -1.579144
0.500000, 1.450000, -1.913217
0.550000, 1.450000, -2.107162
0.600000, 1.450000, -2.171171
0.650000, 1.450000, -2.149251
0.700000, 1.450000, -2.107708
0.750000, 1.450000, -2.118583
0.800000, 1.450000, -2.241743
0.850000, 1.450000, -2.509662
0.900000, 1.450000, -2.918319
0.950000, 1.450000, -3.426289
1.000000, 1.450000, -3.962342
1.050000, 1.450000, -4.439950
1.100000, 1.450000, -4.775602
1.150000, 1.450000, -4.906965
1.200000, 1.450000, -4.806936
1.250000, 1.450000, -4.490502
1.300000, 1.450000, -4.012862
1.350000, 1.450000, -3.459156
1.400000, 1.450000, -2.927947
1.450000, 1.450000, -2.511967
1.500000, 1.450000, -2.280188
1.550000, 1.450000, -2.265041
1.600000, 1.450000, -2.457435
1.650000, 1.450000, -2.810559
1.700000, 1.450000, -3.251568
1.750000, 1.450000, -3.698498
1.800000, 1.450000, -4.078708
1.850000, 1.450000, -4.344779
1.900000, 1.450000, -4.484413
1.950000, 1.450000, -4.522200
2.000000, 1.450000, -4.512918
0.000000, 1.500000, -0.997060
0.050000, 1.500000, -0.456902
0.100000, 1.500000, -0.014143
0.150000, 1.500000, 0.252540
0.200000, 1.500000, 0.298335
0.250000, 1.500000, 0.120107
0.300000, 1.500000, -0.244507
0.350000, 1.500000, -0.726449
0.400000, 1.500000, -1.240915
0.450000, 1.500000, -1.705920
0.500000, 1.500000, -2.059678
0.550000, 1.500000, -2.273064
0.600000, 1.500000, -2.354464
0.650000, 1.500000, -2.346071
0.700000, 1.500000, -2.312506
0.750000, 1.500000, -2.324397
0.800000, 1.500000, -2.440597
0.850000, 1.500000, -2.693075
0.900000, 1.500000, -3.077877
0.950000, 1.500000, -3.554264
1.000000, 1.500000, -4.052301
1.050000, 1.500000, -4.487318
1.100000, 1.500000, -4.778136
1.150000, 1.500000, -4.865102
1.200000, 1.500000, -4.723988
1.250000, 1.500000, -4.372668
1.300000, 1.500000, -3.869057
1.350000, 1.500000, -3.300650
1.400000, 1.500000, -2.767839
1.450000, 1.500000, -2.364500
1.500000, 1.500000, -2.159965
1.550000, 1.500000, -2.186168
1.600000, 1.500000, -2.432644
1.650000, 1.500000, -2.850382
1.700000, 1.500000, -3.363585
1.750000, 1.500000, -3.886744
1.800000, 1.500000, -4.343251
1.850000, 1.500000, -4.681525
1.900000, 1.500000, -4.885150
1.950000, 1.500000, -4.974888
2.000000, 1.500000, -5.002223
0.000000, 1.550000, -1.092708
0.050000, 1.550000, -0.543604
0.100000, 1.550000, -0.093173
0.150000, 1.550000, 0.178528
0.200000, 1.550000, 0.225578
0.250000, 1.550000, 0.044120
0.300000, 1.550000, -0.328472
0.350000, 1.550000, -0.822897
0.400000, 1.550000, -1.353610
0.450000, 1.550000, -1.837419
0.500000, 1.550000, -2.210963
0.550000, 1.550000, -2.443278
0.600000, 1.550000, -2.540801
0.650000, 1.550000, -2.543817
0.700000, 1.550000, -2.515252
0.750000, 1.550000, -2.524402
0.800000, 1.550000, -2.629291
0.850000, 1.550000, -2.861656
0.900000, 1.550000, -3.217983
0.950000, 1.550000, -3.658654
1.000000, 1.550000, -4.115501
1.050000, 1.550000, -4.506185
1.100000, 1.550000, -4.752293
1.150000, 1.550000, -4.797201
1.200000, 1.550000, -4.619781
1.250000, 1.550000, -4.240860
1.300000, 1.550000, -3.720948
1.350000, 1.550000, -3.149578
1.400000, 1.550000, -2.628447
1.450000, 1.550000, -2.251873
1.500000, 1.550000, -2.088687
1.550000, 1.550000, -2.169359
1.600000, 1.550000, -2.481040
1.650000, 1.550000, -2.971519
1.700000, 1.550000, -3.561156
1.750000, 1.550000, -4.160159
1.800000, 1.550000, -4.687466
1.850000, 1.550000, -5.087137
1.900000, 1.550000, -5.338778
1.950000, 1.550000, -5.459830
2.000000, 1.550000, -5.499346
0.000000, 1.600000, -1.190682
0.050000, 1.600000, -0.632423
0.100000, 1.600000, -0.174230
0.150000, 1.600000, 0.102377
0.200000, 1.600000, 0.150328
0.250000, 1.600000, -0.034951
0.300000, 1.600000, -0.416285
0.350000, 1.600000, -0.924018
0.400000, 1.600000, -1.471700
0.450000, 1.600000, -1.974748
0.500000, 1.600000, -2.368025
0.550000, 1.600000, -2.618551
0.600000, 1.600000, -2.730679
0.650000, 1.600000, -2.742723
0.700000, 1.600000, -2.715940
0.750000, 1.600000, -2.718426
0.800000, 1.600000, -2.807608
0.850000, 1.600000, -3.015337
0.900000, 1.600000, -3.338957
0.950000, 1.600000, -3.740445
1.000000, 1.600000, -4.153897
1.050000, 1.600000, -4.499771
1.100000, 1.600000, -4.702810
1.150000, 1.600000, -4.709697
1.200000, 1.600000, -4.502512
1.250000, 1.600000, -4.104956
1.300000, 1.600000, -3.579844
1.350000, 1.600000, -3.018237
1.400000, 1.600000, -2.522429
1.450000, 1.600000, -2.186306
1.500000, 1.600000, -2.077203
1.550000, 1.600000, -2.223079
1.600000, 1.600000, -2.607676
1.650000, 1.600000, -3.174663
1.700000, 1.600000, -3.839816
1.750000, 1.600000, -4.508590
1.800000, 1.600000, -5.095312
1.850000, 1.600000, -5.539897
1.900000, 1.600000, -5.818578
1.950000, 1.600000, -5.946457
2.000000, 1.600000, -5.971491
0.000000, 1.650000, -1.291806
0.050000, 1.650000, -0.724204
0.100000, 1.650000, -0.258189
0.150000, 1.650000, 0.023180
0.200000, 1.650000, 0.071644
0.250000, 1.650000, -0.118076
0.300000, 1.650000, -0.508933
0.350000, 1.650000, -1.030787
0.400000, 1.650000, -1.596109
0.450000, 1.650000, -2.118726
0.500000, 1.650000, -2.531523
0.550000, 1.650000, -2.799334
0.600000, 1.650000, -2.924308
0.650000, 1.650000, -2.942758
0.700000, 1.650000, -2.914341
0.750000, 1.650000, -2.906132
0.800000, 1.650000, -2.975261
0.850000, 1.650000, -3.154084
0.900000, 1.650000, -3.441274
0.950000, 1.650000, -3.800912
1.000000, 1.650000, -4.169851
1.050000, 1.650000, -4.471788
1.100000, 1.650000, -4.634955
1.150000, 1.650000, -4.609505
1.200000, 1.650000, -4.380705
1.250000, 1.650000, -3.974882
1.300000, 1.650000, -3.456675
1.350000, 1.650000, -2.917980
1.400000, 1.650000, -2.460809
1.450000, 1.650000, -2.177597
1.500000, 1.650000, -2.133108
1.550000, 1.650000, -2.351725
1.600000, 1.650000, -2.812830
1.650000, 1.650000, -3.455215
1.700000, 1.650000, -4.189596
1.750000, 1.650000, -4.916544
1.800000, 1.650000, -5.546043
1.850000, 1.650000, -6.014544
1.900000, 1.650000, -6.295990
1.950000, 1.650000, -6.404585
2.000000, 1.650000, -6.388912
0.000000, 1.700000, -1.396402
0.050000, 1.700000, -0.819298
0.100000, 1.700000, -0.345430
0.150000, 1.700000, -0.059475
0.200000, 1.700000, -0.010922
0.250000, 1.700000, -0.205733
0.300000, 1.700000, -0.606907
0.350000, 1.700000, -1.143677
0.400000, 1.700000, -1.727252
0.450000, 1.700000, -2.269656
0.500000, 1.700000, -2.701599
0.550000, 1.700000, -2.985561
0.600000, 1.700000, -3.121396
0.650000, 1.700000, -3.143415
0.700000, 1.700000, -3.109791
0.750000, 1.700000, -3.086817
0.800000, 1.700000, -3.131680
0.850000, 1.700000, -3.277688
0.900000, 1.700000, -3.525354
0.950000, 1.700000, -3.841383
1.000000, 1.700000, -4.165875
1.050000, 1.700000, -4.426153
1.100000, 1.700000, -4.554174
1.150000, 1.700000, -4.503611
1.200000, 1.700000, -4.262727
1.250000, 1.700000, -3.860046
1.300000, 1.700000, -3.361367
1.350000, 1.700000, -2.858546
1.400000, 1.700000, -2.452285
1.450000, 1.700000, -2.232462
1.500000, 1.700000, -2.260168
1.550000, 1.700000, -2.555218
1.600000, 1.700000, -3.091840
1.650000, 1.700000, -3.803452
1.700000, 1.700000, -4.595586
1.750000, 1.700000, -5.364223
1.800000, 1.700000, -6.015737
1.850000, 1.700000, -6.484276
1.900000, 1.700000, -6.743026
1.950000, 1.700000, -6.807111
2.000000, 1.700000, -6.727724
0.000000, 1.750000, -1.504186
0.050000, 1.750000, -0.917445
0.100000, 1.750000, -0.435720
0.150000, 1.750000, -0.145392
0.200000, 1.750000, -0.097208
0.250000, 1.750000, -0.297788
0.300000, 1.750000, -0.710083
0.350000, 1.750000, -1.262544
0.400000, 1.750000, -1.864918
0.450000, 1.750000, -2.427215
0.500000, 1.750000, -2.877764
0.550000, 1.750000, -3.176541
0.600000, 1.750000, -3.321037
0.650000, 1.750000, -3.343602
0.700000, 1.750000, -3.301091
0.750000, 1.750000, -3.259313
0.800000, 1.750000, -3.275920
0.850000, 1.750000, -3.385671
0.900000, 1.750000, -3.591451
0.950000, 1.750000, -3.863122
1.000000, 1.750000, -4.144476
1.050000, 1.750000, -4.366780
1.100000, 1.750000, -4.465845
1.150000, 1.750000, -4.398752
1.200000, 1.750000, -4.156403
1.250000, 1.750000, -3.768898
1.300000, 1.750000, -3.302347
1.350000, 1.750000, -2.847540
1.400000, 1.750000, -2.502734
1.450000, 1.750000, -2.354114
1.500000, 1.750000, -2.458048
1.550000, 1.750000, -2.828944
1.600000, 1.750000, -3.435335
1.650000, 1.750000, -4.205123
1.700000, 1.750000, -5.038945
1.750000, 1.750000, -5.828960
1.800000, 1.750000, -6.479144
1.850000, 1.750000, -6.922949
1.900000, 1.750000, -7.134699
1.950000, 1.750000, -7.132494
2.000000, 1.750000, -6.972191
0.000000, 1.800000, -1.614282
0.050000, 1.800000, -1.017797
0.100000, 1.800000, -0.528243
0.150000, 1.800000, -0.233787
0.200000, 1.800000, -0.186465
0.250000, 1.800000, -0.393520
0.300000, 1.800000, -0.817748
0.350000, 1.800000, -1.386650
0.400000, 1.800000, -2.008302
0.450000, 1.800000, -2.590476
0.500000, 1.800000, -3.058924
0.550000, 1.800000, -3.370984
0.600000, 1.800000, -3.521744
0.650000, 1.800000, -3.541680
0.700000, 1.800000, -3.486549
0.750000, 1.800000, -3.422029
0.800000, 1.800000, -3.406701
0.850000, 1.800000, -3.477311
0.900000, 1.800000, -3.639676
0.950000, 1.800000, -3.867316
1.000000, 1.800000, -4.108117
1.050000, 1.800000, -4.297508
1.100000, 1.800000, -4.375140
1.150000, 1.800000, -4.301233
1.200000, 1.800000, -4.068773
1.250000, 1.800000, -3.708635
1.300000, 1.800000, -3.286227
1.350000, 1.800000, -2.890126
1.400000, 1.800000, -2.614966
1.450000, 1.800000, -2.542130
1.500000, 1.800000, -2.722361
1.550000, 1.800000, -3.164057
1.600000, 1.800000, -3.829863
1.650000, 1.800000, -4.642428
1.700000, 1.800000, -5.498265
1.750000, 1.800000, -6.286951
1.800000, 1.800000, -6.911723
1.850000, 1.800000, -7.307298
1.900000, 1.800000, -7.451260
1.950000, 1.800000, -7.366790
2.000000, 1.800000, -7.116300
0.000000, 1.850000, -1.725388
0.050000, 1.850000, -1.119079
0.100000, 1.850000, -0.621757
0.150000, 1.850000, -0.323452
0.200000, 1.850000, -0.277520
0.250000, 1.850000, -0.491780
0.300000, 1.850000, -0.928756
0.350000, 1.850000, -1.514818
0.400000, 1.850000, -2.156152
0.450000, 1.850000, -2.758064
0.500000, 1.850000, -3.243539
0.550000, 1.850000, -3.567162
0.600000, 1.850000, -3.721613
0.650000, 1.850000, -3.735628
0.700000, 1.850000, -3.664143
0.750000, 1.850000, -3.573117
0.800000, 1.850000, -3.522574
0.850000, 1.850000, -3.551812
0.900000, 1.850000, -3.670136
0.950000, 1.850000, -3.855201
1.000000, 1.850000, -4.059304
1.050000, 1.850000, -4.222135
1.100000, 1.850000, -4.287019
1.150000, 1.850000, -4.216856
1.200000, 1.850000, -4.005982
1.250000, 1.850000, -3.685067
1.300000, 1.850000, -3.317669
1.350000, 1.850000, -2.988939
1.400000, 1.850000, -2.788722
1.450000, 1.850000, -2.792614
1.500000, 1.850000, -3.045048
1.550000, 1.850000, -3.548141
1.600000, 1.850000, -4.258861
1.650000, 1.850000, -5.095341
1.700000, 1.850000, -5.951217
1.750000, 1.850000, -6.715168
1.800000, 1.850000, -7.291711
1.850000, 1.850000, -7.619007
1.900000, 1.850000, -7.680059
1.950000, 1.850000, -7.505054
2.000000, 1.850000, -7.164446
0.000000, 1.900000, -1.836030
0.050000, 1.900000, -1.219845
0.100000, 1.900000, -0.714845
0.150000, 1.900000, -0.413006
0.200000, 1.900000, -0.369025
0.250000, 1.900000, -0.591245
0.300000, 1.900000, -1.041785
0.350000, 1.900000, -1.645694
0.400000, 1.900000, -2.307033
0.450000, 1.900000, -2.928417
0.500000, 1.900000, -3.429883
0.550000, 1.900000, -3.763169
0.600000, 1.900000, -3.918587
0.650000, 1.900000, -3.923311
0.700000, 1.900000, -3.831797
0.750000, 1.900000, -3.710746
0.800000, 1.900000, -3.622184
0.850000, 1.900000, -3.608548
0.900000, 1.900000, -3.683174
0.950000, 1.900000, -3.828269
1.000000, 1.900000, -4.000759
1.050000, 1.900000, -4.144554
1.100000, 1.900000, -4.206311
1.150000, 1.900000, -4.150967
1.200000, 1.900000, -3.973289
1.250000, 1.900000, -3.702613
1.300000, 1.900000, -3.399411
1.350000, 1.900000, -3.144180
1.400000, 1.900000, -3.020903
1.450000, 1.900000, -3.098604
1.500000, 1.900000, -3.415029
1.550000, 1.900000, -3.966138
1.600000, 1.900000, -4.703898
1.650000, 1.900000, -5.543143
1.700000, 1.900000, -6.376323
1.750000, 1.900000, -7.093274
1.800000, 1.900000, -7.602029
1.850000, 1.900000, -7.846415
1.900000, 1.900000, -7.816828
1.950000, 1.900000, -7.551963
2.000000, 1.900000, -7.131158
0.000000, 1.950000, -1.944860
0.050000, 1.950000, -1.318777
0.100000, 1.950000, -0.806222
0.150000, 1.950000, -0.501199
0.200000, 1.950000, -0.459763
0.250000, 1.950000, -0.690717
0.300000, 1.950000, -1.155637
0.350000, 1.950000, -1.778040
0.400000, 1.950000, -2.459624
0.450000, 1.950000, -3.100087
0.500000, 1.950000, -3.616345
0.550000, 1.950000, -3.957229
0.600000, 1.950000, -4.110760
0.650000, 1.950000, -4.102790
0.700000, 1.950000, -3.987684
0.750000, 1.950000, -3.833406
0.800000, 1.950000, -3.704576
0.850000, 1.950000, -3.647363
0.900000, 1.950000, -3.679640
0.950000, 1.950000, -3.788511
1.000000, 1.950000, -3.935625
1.050000, 1.950000, -4.068911
1.100000, 1.950000, -4.137837
1.150000, 1.950000, -4.108543
1.200000, 1.950000, -3.975142
1.250000, 1.950000, -3.764395
1.300000, 1.950000, -3.532409
1.350000, 1.950000, -3.353861
1.400000, 1.950000, -3.305968
1.450000, 1.950000, -3.450677
1.500000, 1.950000, -3.819054
1.550000, 1.950000, -4.401476
1.600000, 1.950000, -5.146064
1.650000, 1.950000, -5.966025
1.700000, 1.950000, -6.754694
1.750000, 1.950000, -7.405356
1.800000, 1.950000, -7.831845
1.850000, 1.950000, -7.985696
1.900000, 1.950000, -7.866249
1.950000, 1.950000, -7.521561
2.000000, 1.950000, -7.039852
0.000000, 2.000000, -2.050940
0.050000, 2.000000, -1.414967
0.100000, 2.000000, -0.895011
0.150000, 2.000000, -0.587187
0.200000, 2.000000, -0.548920
0.250000, 2.000000, -0.789404
0.300000, 2.000000, -1.269514
0.350000, 2.000000, -1.911015
0.400000, 2.000000, -2.612998
0.450000, 2.000000, -3.272013
0.500000, 2.000000, -3.801707
0.550000, 2.000000, -4.147973
0.600000, 2.000000, -4.296664
0.650000, 2.000000, -4.272605
0.700000, 2.000000, -4.130516
0.750000, 2.000000, -3.940195
0.800000, 2.000000, -3.769468
0.850000, 2.000000, -3.668822
0.900000, 2.000000, -3.661127
0.950000, 2.000000, -3.738622
1.000000, 2.000000, -3.867639
1.050000, 2.000000, -3.999747
1.100000, 2.000000, -4.086514
1.150000, 2.000000, -4.094274
1.200000, 2.000000, -4.015264
1.250000, 2.000000, -3.872355
1.300000, 2.000000, -3.716034
1.350000, 2.000000, -3.614127
1.400000, 2.000000, -3.636431
1.450000, 2.000000, -3.837667
1.500000, 2.000000, -4.242660
1.550000, 2.000000, -4.837263
1.600000, 2.000000, -5.567369
1.650000, 2.000000, -6.346624
1.700000, 2.000000, -7.071579
1.750000, 2.000000, -7.641324
1.800000, 2.000000, -7.977626
1.850000, 2.000000, -8.041359
1.900000, 2.000000, -7.841716
1.950000, 2.000000, -7.436124
2.000000, 2.000000, -6.920695
