0.000000, 0.000000, 0.845483
0.050000, 0.000000, 1.048498
0.100000, 0.000000, 1.247657
0.150000, 0.000000, 1.437585
0.200000, 0.000000, 1.613093
0.250000, 0.000000, 1.769311
0.300000, 0.000000, 1.901815
0.350000, 0.000000, 2.006747
0.400000, 0.000000, 2.080921
0.450000, 0.000000, 2.121912
0.500000, 0.000000, 2.128127
0.550000, 0.000000, 2.098855
0.600000, 0.000000, 2.034292
0.650000, 0.000000, 1.935544
0.700000, 0.000000, 1.804605
0.750000, 0.000000, 1.644309
0.800000, 0.000000, 1.458259
0.850000, 0.000000, 1.250739
0.900000, 0.000000, 1.026598
0.950000, 0.000000, 0.791128
1.000000, 0.000000, 0.549920
1.050000, 0.000000, 0.308718
1.100000, 0.000000, 0.073265
1.150000, 0.000000, -0.150846
1.200000, 0.000000, -0.358326
1.250000, 0.000000, -0.544323
1.300000, 0.000000, -0.704556
1.350000, 0.000000, -0.835419
1.400000, 0.000000, -0.934079
1.450000, 0.000000, -0.998543
1.500000, 0.000000, -1.027705
1.550000, 0.000000, -1.021367
1.600000, 0.000000, -0.980242
1.650000, 0.000000, -0.905922
1.700000, 0.000000, -0.800833
1.750000, 0.000000, -0.668160
1.800000, 0.000000, -0.511762
1.850000, 0.000000, -0.336062
1.900000, 0.000000, -0.145930
1.950000, 0.000000, 0.053444
2.000000, 0.000000, 0.256686
0.000000, 0.050000, 1.150120
0.050000, 0.050000, 1.386236
0.100000, 0.050000, 1.618353
0.150000, 0.050000, 1.841001
0.200000, 0.050000, 2.048910
0.250000, 0.050000, 2.237142
0.300000, 0.050000, 2.401224
0.350000, 0.050000, 2.537267
0.400000, 0.050000, 2.642077
0.450000, 0.050000, 2.713237
0.500000, 0.050000, 2.749185
0.550000, 0.050000, 2.749253
0.600000, 0.050000, 2.713695
0.650000, 0.050000, 2.643683
0.700000, 0.050000, 2.541280
0.750000, 0.050000, 2.409390
0.800000, 0.050000, 2.251681
0.850000, 0.050000, 2.072490
0.900000, 0.050000, 1.876708
0.950000, 0.050000, 1.669648
1.000000, 0.050000, 1.456909
1.050000, 0.050000, 1.244218
1.100000, 0.050000, 1.037284
1.150000, 0.050000, 0.841646
1.200000, 0.050000, 0.662524
1.250000, 0.050000, 0.504684
1.300000, 0.050000, 0.372314
1.350000, 0.050000, 0.268921
1.400000, 0.050000, 0.197239
1.450000, 0.050000, 0.159165
1.500000, 0.050000, 0.155720
1.550000, 0.050000, 0.187025
1.600000, 0.050000, 0.252313
1.650000, 0.050000, 0.349950
1.700000, 0.050000, 0.477493
1.750000, 0.050000, 0.631758
1.800000, 0.050000, 0.808909
1.850000, 0.050000, 1.004561
1.900000, 0.050000, 1.213898
1.950000, 0.050000, 1.431798
2.000000, 0.050000, 1.652960
0.000000, 0.100000, 1.759721
0.050000, 0.100000, 2.028795
0.100000, 0.100000, 2.293548
0.150000, 0.100000, 2.548331
0.200000, 0.100000, 2.787706
0.250000, 0.100000, 3.006585
0.300000, 0.100000, 3.200371
0.350000, 0.100000, 3.365067
0.400000, 0.100000, 3.497395
0.450000, 0.100000, 3.594877
0.500000, 0.100000, 3.655902
0.550000, 0.100000, 3.679772
0.600000, 0.100000, 3.666724
0.650000, 0.100000, 3.617915
0.700000, 0.100000, 3.535400
0.750000, 0.100000, 3.422071
0.800000, 0.100000, 3.281578
0.850000, 0.100000, 3.118229
0.900000, 0.100000, 2.936875
0.950000, 0.100000, 2.742775
1.000000, 0.100000, 2.541455
1.050000, 0.100000, 2.338558
1.100000, 0.100000, 2.139693
1.150000, 0.100000, 1.950285
1.200000, 0.100000, 1.775434
1.250000, 0.100000, 1.619781
1.300000, 0.100000, 1.487390
1.350000, 0.100000, 1.381646
1.400000, 0.100000, 1.305173
1.450000, 0.100000, 1.259771
1.500000, 0.100000, 1.246384
1.550000, 0.100000, 1.265077
1.600000, 0.100000, 1.315048
1.650000, 0.100000, 1.394661
1.700000, 0.100000, 1.501492
1.750000, 0.100000, 1.632401
1.800000, 0.100000, 1.783623
1.850000, 0.100000, 1.950864
1.900000, 0.100000, 2.129416
1.950000, 0.100000, 2.314275
2.000000, 0.100000, 2.500270
0.000000, 0.150000, 2.487148
0.050000, 0.150000, 2.788943
0.100000, 0.150000, 3.085830
0.150000, 0.150000, 3.371797
0.200000, 0.150000, 3.641059
0.250000, 0.150000, 3.888214
0.300000, 0.150000, 4.108369
0.350000, 0.150000, 4.297272
0.400000, 0.150000, 4.451410
0.450000, 0.150000, 4.568102
0.500000, 0.150000, 4.645564
0.550000, 0.150000, 4.682949
0.600000, 0.150000, 4.680362
0.650000, 0.150000, 4.638853
0.700000, 0.150000, 4.560381
0.750000, 0.150000, 4.447754
0.800000, 0.150000, 4.304548
0.850000, 0.150000, 4.135005
0.900000, 0.150000, 3.943913
0.950000, 0.150000, 3.736474
1.000000, 0.150000, 3.518162
1.050000, 0.150000, 3.294577
1.100000, 0.150000, 3.071292
1.150000, 0.150000, 2.853711
1.200000, 0.150000, 2.646928
1.250000, 0.150000, 2.455599
1.300000, 0.150000, 2.283828
1.350000, 0.150000, 2.135069
1.400000, 0.150000, 2.012050
1.450000, 0.150000, 1.916710
1.500000, 0.150000, 1.850171
1.550000, 0.150000, 1.812717
1.600000, 0.150000, 1.803806
1.650000, 0.150000, 1.822101
1.700000, 0.150000, 1.865516
1.750000, 0.150000, 1.931283
1.800000, 0.150000, 2.016038
1.850000, 0.150000, 2.115914
1.900000, 0.150000, 2.226647
1.950000, 0.150000, 2.343692
2.000000, 0.150000, 2.462339
0.000000, 0.200000, 3.101041
0.050000, 0.200000, 3.435236
0.100000, 0.200000, 3.763589
0.150000, 0.200000, 4.079444
0.200000, 0.200000, 4.376409
0.250000, 0.200000, 4.648517
0.300000, 0.200000, 4.890356
0.350000, 0.200000, 5.097209
0.400000, 0.200000, 5.265155
0.450000, 0.200000, 5.391165
0.500000, 0.200000, 5.473165
0.550000, 0.200000, 5.510079
0.600000, 0.200000, 5.501843
0.650000, 0.200000, 5.449399
0.700000, 0.200000, 5.354651
0.750000, 0.200000, 5.220411
0.800000, 0.200000, 5.050311
0.850000, 0.200000, 4.848702
0.900000, 0.200000, 4.620533
0.950000, 0.200000, 4.371217
1.000000, 0.200000, 4.106489
1.050000, 0.200000, 3.832261
1.100000, 0.200000, 3.554468
1.150000, 0.200000, 3.278926
1.200000, 0.200000, 3.011193
1.250000, 0.200000, 2.756438
1.300000, 0.200000, 2.519330
1.350000, 0.200000, 2.303936
1.400000, 0.200000, 2.113639
1.450000, 0.200000, 1.951082
1.500000, 0.200000, 1.818121
1.550000, 0.200000, 1.715813
1.600000, 0.200000, 1.644409
1.650000, 0.200000, 1.603381
1.700000, 0.200000, 1.591458
1.750000, 0.200000, 1.606683
1.800000, 0.200000, 1.646484
1.850000, 0.200000, 1.707760
1.900000, 0.200000, 1.786973
1.950000, 0.200000, 1.880249
2.000000, 0.200000, 1.983488
0.000000, 0.250000, 3.414119
0.050000, 0.250000, 3.780328
0.100000, 0.250000, 4.139330
0.150000, 0.250000, 4.483458
0.200000, 0.250000, 4.805377
0.250000, 0.250000, 5.098243
0.300000, 0.250000, 5.355868
0.350000, 0.250000, 5.572861
0.400000, 0.250000, 5.744748
0.450000, 0.250000, 5.868069
0.500000, 0.250000, 5.940458
0.550000, 0.250000, 5.960682
0.600000, 0.250000, 5.928661
0.650000, 0.250000, 5.845458
0.700000, 0.250000, 5.713239
0.750000, 0.250000, 5.535208
0.800000, 0.250000, 5.315520
0.850000, 0.250000, 5.059169
0.900000, 0.250000, 4.771858
0.950000, 0.250000, 4.459860
1.000000, 0.250000, 4.129862
1.050000, 0.250000, 3.788806
1.100000, 0.250000, 3.443727
1.150000, 0.250000, 3.101597
1.200000, 0.250000, 2.769165
1.250000, 0.250000, 2.452817
1.300000, 0.250000, 2.158446
1.350000, 0.250000, 1.891331
1.400000, 0.250000, 1.656039
1.450000, 0.250000, 1.456348
1.500000, 0.250000, 1.295186
1.550000, 0.250000, 1.174590
1.600000, 0.250000, 1.095691
1.650000, 0.250000, 1.058712
1.700000, 0.250000, 1.062995
1.750000, 0.250000, 1.107036
1.800000, 0.250000, 1.188545
1.850000, 0.250000, 1.304513
1.900000, 0.250000, 1.451302
1.950000, 0.250000, 1.624735
2.000000, 0.250000, 1.820198
0.000000, 0.300000, 3.354630
0.050000, 0.300000, 3.752418
0.100000, 0.300000, 4.141122
0.150000, 0.300000, 4.511622
0.200000, 0.300000, 4.855224
0.250000, 0.300000, 5.163876
0.300000, 0.300000, 5.430355
0.350000, 0.300000, 5.648439
0.400000, 0.300000, 5.813057
0.450000, 0.300000, 5.920401
0.500000, 0.300000, 5.968014
0.550000, 0.300000, 5.954839
0.600000, 0.300000, 5.881239
0.650000, 0.300000, 5.748976
0.700000, 0.300000, 5.561160
0.750000, 0.300000, 5.322168
0.800000, 0.300000, 5.037525
0.850000, 0.300000, 4.713770
0.900000, 0.300000, 4.358291
0.950000, 0.300000, 3.979145
1.000000, 0.300000, 3.584869
1.050000, 0.300000, 3.184274
1.100000, 0.300000, 2.786245
1.150000, 0.300000, 2.399533
1.200000, 0.300000, 2.032563
1.250000, 0.300000, 1.693247
1.300000, 0.300000, 1.388810
1.350000, 0.300000, 1.125640
1.400000, 0.300000, 0.909155
1.450000, 0.300000, 0.743694
1.500000, 0.300000, 0.632433
1.550000, 0.300000, 0.577331
1.600000, 0.300000, 0.579095
1.650000, 0.300000, 0.637185
1.700000, 0.300000, 0.749831
1.750000, 0.300000, 0.914085
1.800000, 0.300000, 1.125896
1.850000, 0.300000, 1.380203
1.900000, 0.300000, 1.671052
1.950000, 0.300000, 1.991729
2.000000, 0.300000, 2.334909
0.000000, 0.350000, 2.993654
0.050000, 0.350000, 3.422553
0.100000, 0.350000, 3.839910
0.150000, 0.350000, 4.234616
0.200000, 0.350000, 4.596169
0.250000, 0.350000, 4.914960
0.300000, 0.350000, 5.182531
0.350000, 0.350000, 5.391788
0.400000, 0.350000, 5.537201
0.450000, 0.350000, 5.614932
0.500000, 0.350000, 5.622945
0.550000, 0.350000, 5.561041
0.600000, 0.350000, 5.430864
0.650000, 0.350000, 5.235844
0.700000, 0.350000, 4.981100
0.750000, 0.350000, 4.673295
0.800000, 0.350000, 4.320450
0.850000, 0.350000, 3.931730
0.900000, 0.350000, 3.517192
0.950000, 0.350000, 3.087523
1.000000, 0.350000, 2.653749
1.050000, 0.350000, 2.226954
1.100000, 0.350000, 1.817986
1.150000, 0.350000, 1.437185
1.200000, 0.350000, 1.094112
1.250000, 0.350000, 0.797315
1.300000, 0.350000, 0.554113
1.350000, 0.350000, 0.370420
1.400000, 0.350000, 0.250598
1.450000, 0.350000, 0.197363
1.500000, 0.350000, 0.211723
1.550000, 0.350000, 0.292959
1.600000, 0.350000, 0.438662
1.650000, 0.350000, 0.644795
1.700000, 0.350000, 0.905807
1.750000, 0.350000, 1.214778
1.800000, 0.350000, 1.563600
1.850000, 0.350000, 1.943184
1.900000, 0.350000, 2.343690
1.950000, 0.350000, 2.754775
2.000000, 0.350000, 3.165854
0.000000, 0.400000, 2.517833
0.050000, 0.400000, 2.977367
0.100000, 0.400000, 3.422244
0.150000, 0.400000, 3.838759
0.200000, 0.400000, 4.214120
0.250000, 0.400000, 4.536852
0.300000, 0.400000, 4.797154
0.350000, 0.400000, 4.987206
0.400000, 0.400000, 5.101406
0.450000, 0.400000, 5.136539
0.500000, 0.400000, 5.091860
0.550000, 0.400000, 4.969107
0.600000, 0.400000, 4.772426
0.650000, 0.400000, 4.508221
0.700000, 0.400000, 4.184938
0.750000, 0.400000, 3.812775
0.800000, 0.400000, 3.403348
0.850000, 0.400000, 2.969312
0.900000, 0.400000, 2.523950
0.950000, 0.400000, 2.080746
1.000000, 0.400000, 1.652967
1.050000, 0.400000, 1.253243
1.100000, 0.400000, 0.893180
1.150000, 0.400000, 0.583012
1.200000, 0.400000, 0.331298
1.250000, 0.400000, 0.144679
1.300000, 0.400000, 0.027699
1.350000, 0.400000, -0.017304
1.400000, 0.400000, 0.009763
1.450000, 0.400000, 0.106784
1.500000, 0.400000, 0.269535
1.550000, 0.400000, 0.491854
1.600000, 0.400000, 0.765871
1.650000, 0.400000, 1.082279
1.700000, 0.400000, 1.430654
1.750000, 0.400000, 1.799801
1.800000, 0.400000, 2.178119
1.850000, 0.400000, 2.553967
1.900000, 0.400000, 2.916028
1.950000, 0.400000, 3.253656
2.000000, 0.400000, 3.557187
0.000000, 0.450000, 2.157966
0.050000, 0.450000, 2.647670
0.100000, 0.450000, 3.118867
0.150000, 0.450000, 3.554593
0.200000, 0.450000, 3.939272
0.250000, 0.450000, 4.259315
0.300000, 0.450000, 4.503640
0.350000, 0.450000, 4.664080
0.400000, 0.450000, 4.735681
0.450000, 0.450000, 4.716865
0.500000, 0.450000, 4.609456
0.550000, 0.450000, 4.418566
0.600000, 0.450000, 4.152362
0.650000, 0.450000, 3.821697
0.700000, 0.450000, 3.439648
0.750000, 0.450000, 3.020971
0.800000, 0.450000, 2.581489
0.850000, 0.450000, 2.137455
0.900000, 0.450000, 1.704901
0.950000, 0.450000, 1.299018
1.000000, 0.450000, 0.933567
1.050000, 0.450000, 0.620377
1.100000, 0.450000, 0.368920
1.150000, 0.450000, 0.186002
1.200000, 0.450000, 0.075562
1.250000, 0.450000, 0.038605
1.300000, 0.450000, 0.073247
1.350000, 0.450000, 0.174894
1.400000, 0.450000, 0.336515
1.450000, 0.450000, 0.549022
1.500000, 0.450000, 0.801718
1.550000, 0.450000, 1.082808
1.600000, 0.450000, 1.379933
1.650000, 0.450000, 1.680719
1.700000, 0.450000, 1.973303
1.750000, 0.450000, 2.246823
1.800000, 0.450000, 2.491845
1.850000, 0.450000, 2.700712
1.900000, 0.450000, 2.867802
1.950000, 0.450000, 2.989680
2.000000, 0.450000, 3.065154
0.000000, 0.500000, 2.100730
0.050000, 0.500000, 2.620167
0.100000, 0.500000, 3.116441
0.150000, 0.500000, 3.568604
0.200000, 0.500000, 3.957820
0.250000, 0.500000, 4.268253
0.300000, 0.500000, 4.487801
0.350000, 0.500000, 4.608641
0.400000, 0.500000, 4.627551
0.450000, 0.500000, 4.546004
0.500000, 0.500000, 4.370024
0.550000, 0.500000, 4.109810
0.600000, 0.500000, 3.779165
0.650000, 0.500000, 3.394743
0.700000, 0.500000, 2.975168
0.750000, 0.500000, 2.540068
0.800000, 0.500000, 2.109077
0.850000, 0.500000, 1.700858
0.900000, 0.500000, 1.332194
0.950000, 0.500000, 1.017208
1.000000, 0.500000, 0.766729
1.050000, 0.500000, 0.587857
1.100000, 0.500000, 0.483735
1.150000, 0.500000, 0.453544
1.200000, 0.500000, 0.492700
1.250000, 0.500000, 0.593268
1.300000, 0.500000, 0.744541
1.350000, 0.500000, 0.933753
1.400000, 0.500000, 1.146893
1.450000, 0.500000, 1.369570
1.500000, 0.500000, 1.587867
1.550000, 0.500000, 1.789149
1.600000, 0.500000, 1.962775
1.650000, 0.500000, 2.100676
1.700000, 0.500000, 2.197757
1.750000, 0.500000, 2.252118
1.800000, 0.500000, 2.265072
1.850000, 0.500000, 2.240969
1.900000, 0.500000, 2.186821
1.950000, 0.500000, 2.111783
2.000000, 0.500000, 2.026489
0.000000, 0.550000, 2.417269
0.050000, 0.550000, 2.966045
0.100000, 0.550000, 3.486122
0.150000, 0.550000, 3.951800
0.200000, 0.550000, 4.340545
0.250000, 0.550000, 4.634288
0.300000, 0.550000, 4.820437
0.350000, 0.550000, 4.892548
0.400000, 0.550000, 4.850609
0.450000, 0.550000, 4.700926
0.500000, 0.550000, 4.455621
0.550000, 0.550000, 4.131769
0.600000, 0.550000, 3.750248
0.650000, 0.550000, 3.334363
0.700000, 0.550000, 2.908349
0.750000, 0.550000, 2.495836
0.800000, 0.550000, 2.118402
0.850000, 0.550000, 1.794268
0.900000, 0.550000, 1.537265
0.950000, 0.550000, 1.356096
1.000000, 0.550000, 1.253968
1.050000, 0.550000, 1.228592
1.100000, 0.550000, 1.272564
1.150000, 0.550000, 1.374078
1.200000, 0.550000, 1.517937
1.250000, 0.550000, 1.686768
1.300000, 0.550000, 1.862380
1.350000, 0.550000, 2.027141
1.400000, 0.550000, 2.165306
1.450000, 0.550000, 2.264182
1.500000, 0.550000, 2.315063
1.550000, 0.550000, 2.313866
1.600000, 0.550000, 2.261417
1.650000, 0.550000, 2.163384
1.700000, 0.550000, 2.029848
1.750000, 0.550000, 1.874539
1.800000, 0.550000, 1.713814
1.850000, 0.550000, 1.565411
1.900000, 0.550000, 1.447100
1.950000, 0.550000, 1.375306
2.000000, 0.550000, 1.363806
0.000000, 0.600000, 3.035924
0.050000, 0.600000, 3.613705
0.100000, 0.600000, 4.156291
0.150000, 0.600000, 4.632431
0.200000, 0.600000, 5.015527
0.250000, 0.600000, 5.285485
0.300000, 0.600000, 5.430055
0.350000, 0.600000, 5.445589
0.400000, 0.600000, 5.337145
0.450000, 0.600000, 5.117940
0.500000, 0.600000, 4.808194
0.550000, 0.600000, 4.433466
0.600000, 0.600000, 4.022609
0.650000, 0.600000, 3.605509
0.700000, 0.600000, 3.210787
0.750000, 0.600000, 2.863642
0.800000, 0.600000, 2.584010
0.850000, 0.600000, 2.385171
0.900000, 0.600000, 2.272916
0.950000, 0.600000, 2.245339
1.000000, 0.600000, 2.293255
1.050000, 0.600000, 2.401208
1.100000, 0.600000, 2.548986
1.150000, 0.600000, 2.713514
1.200000, 0.600000, 2.870963
1.250000, 0.600000, 2.998908
1.300000, 0.600000, 3.078352
1.350000, 0.600000, 3.095453
1.400000, 0.600000, 3.042814
1.450000, 0.600000, 2.920216
1.500000, 0.600000, 2.734751
1.550000, 0.600000, 2.500330
1.600000, 0.600000, 2.236600
1.650000, 0.600000, 1.967370
1.700000, 0.600000, 1.718655
1.750000, 0.600000, 1.516508
1.800000, 0.600000, 1.384800
1.850000, 0.600000, 1.343145
1.900000, 0.600000, 1.405127
1.950000, 0.600000, 1.576972
2.000000, 0.600000, 1.856793
0.000000, 0.650000, 3.769531
0.050000, 0.650000, 4.376047
0.100000, 0.650000, 4.939837
0.150000, 0.650000, 5.423276
0.200000, 0.650000, 5.795437
0.250000, 0.650000, 6.034636
0.300000, 0.650000, 6.130146
0.350000, 0.650000, 6.082924
0.400000, 0.650000, 5.905295
0.450000, 0.650000, 5.619629
0.500000, 0.650000, 5.256126
0.550000, 0.650000, 4.849936
0.600000, 0.650000, 4.437864
0.650000, 0.650000, 4.054988
0.700000, 0.650000, 3.731482
0.750000, 0.650000, 3.489956
0.800000, 0.650000, 3.343540
0.850000, 0.650000, 3.294906
0.900000, 0.650000, 3.336286
0.950000, 0.650000, 3.450507
1.000000, 0.650000, 3.612921
1.050000, 0.650000, 3.794041
1.100000, 0.650000, 3.962646
1.150000, 0.650000, 4.089039
1.200000, 0.650000, 4.148158
1.250000, 0.650000, 4.122238
1.300000, 0.650000, 4.002772
1.350000, 0.650000, 3.791571
1.400000, 0.650000, 3.500837
1.450000, 0.650000, 3.152213
1.500000, 0.650000, 2.774915
1.550000, 0.650000, 2.403102
1.600000, 0.650000, 2.072731
1.650000, 0.650000, 1.818193
1.700000, 0.650000, 1.669040
1.750000, 0.650000, 1.647097
1.800000, 0.650000, 1.764262
1.850000, 0.650000, 2.021165
1.900000, 0.650000, 2.406843
1.950000, 0.650000, 2.899455
2.000000, 0.650000, 3.467987
0.000000, 0.700000, 4.386860
0.050000, 0.700000, 5.021913
0.100000, 0.700000, 5.605591
0.150000, 0.700000, 6.093072
0.200000, 0.700000, 6.448957
0.250000, 0.700000, 6.650685
0.300000, 0.700000, 6.690599
0.350000, 0.700000, 6.576448
0.400000, 0.700000, 6.330280
0.450000, 0.700000, 5.985849
0.500000, 0.700000, 5.584820
0.550000, 0.700000, 5.172189
0.600000, 0.700000, 4.791410
0.650000, 0.700000, 4.479750
0.700000, 0.700000, 4.264386
0.750000, 0.700000, 4.159643
0.800000, 0.700000, 4.165681
0.850000, 0.700000, 4.268762
0.900000, 0.700000, 4.443063
0.950000, 0.700000, 4.653822
1.000000, 0.700000, 4.861491
1.050000, 0.700000, 5.026412
1.100000, 0.700000, 5.113526
1.150000, 0.700000, 5.096580
1.200000, 0.700000, 4.961379
1.250000, 0.700000, 4.707715
1.300000, 0.700000, 4.349765
1.350000, 0.700000, 3.914895
1.400000, 0.700000, 3.440997
1.450000, 0.700000, 2.972645
1.500000, 0.700000, 2.556460
1.550000, 0.700000, 2.236206
1.600000, 0.700000, 2.048113
1.650000, 0.700000, 2.016959
1.700000, 0.700000, 2.153307
1.750000, 0.700000, 2.452215
1.800000, 0.700000, 2.893552
1.850000, 0.700000, 3.443898
1.900000, 0.700000, 4.059818
1.950000, 0.700000, 4.692176
2.000000, 0.700000, 5.291027
0.000000, 0.750000, 4.700915
0.050000, 0.750000, 5.364375
0.100000, 0.750000, 5.966614
0.150000, 0.750000, 6.454797
0.200000, 0.750000, 6.789070
0.250000, 0.750000, 6.947007
0.300000, 0.750000, 6.925959
0.350000, 0.750000, 6.742994
0.400000, 0.750000, 6.432469
0.450000, 0.750000, 6.041523
0.500000, 0.750000, 5.624072
0.550000, 0.750000, 5.234029
0.600000, 0.750000, 4.918617
0.650000, 0.750000, 4.712576
0.700000, 0.750000, 4.633995
0.750000, 0.750000, 4.682275
0.800000, 0.750000, 4.838475
0.850000, 0.750000, 5.067978
0.900000, 0.750000, 5.325164
0.950000, 0.750000, 5.559478
1.000000, 0.750000, 5.722149
1.050000, 0.750000, 5.772715
1.100000, 0.750000, 5.684532
1.150000, 0.750000, 5.448576
1.200000, 0.750000, 5.075065
1.250000, 0.750000, 4.592670
1.300000, 0.750000, 4.045422
1.350000, 0.750000, 3.487669
1.400000, 0.750000, 2.977708
1.450000, 0.750000, 2.570869
1.500000, 0.750000, 2.312890
1.550000, 0.750000, 2.234409
1.600000, 0.750000, 2.347238
1.650000, 0.750000, 2.642888
1.700000, 0.750000, 3.093515
1.750000, 0.750000, 3.655186
1.800000, 0.750000, 4.273049
1.850000, 0.750000, 4.887792
1.900000, 0.750000, 5.442580
1.950000, 0.750000, 5.889638
2.000000, 0.750000, 6.195666
0.000000, 0.800000, 4.640365
0.050000, 0.800000, 5.332165
0.100000, 0.800000, 5.951620
0.150000, 0.800000, 6.437091
0.200000, 0.800000, 6.744469
0.250000, 0.800000, 6.852818
0.300000, 0.800000, 6.766815
0.350000, 0.800000, 6.515649
0.400000, 0.800000, 6.148542
0.450000, 0.800000, 5.727541
0.500000, 0.800000, 5.318580
0.550000, 0.800000, 4.982093
0.600000, 0.800000, 4.764485
0.650000, 0.800000, 4.691660
0.700000, 0.800000, 4.765532
0.750000, 0.800000, 4.963974
0.800000, 0.800000, 5.244236
0.850000, 0.800000, 5.549332
0.900000, 0.800000, 5.816487
0.950000, 0.800000, 5.986458
1.000000, 0.800000, 6.012402
1.050000, 0.800000, 5.867030
1.100000, 0.800000, 5.547034
1.150000, 0.800000, 5.074159
1.200000, 0.800000, 4.492732
1.250000, 0.800000, 3.864004
1.300000, 0.800000, 3.258082
1.350000, 0.800000, 2.744555
1.400000, 0.800000, 2.383142
1.450000, 0.800000, 2.215647
1.500000, 0.800000, 2.260347
1.550000, 0.800000, 2.509603
1.600000, 0.800000, 2.931010
1.650000, 0.800000, 3.471930
1.700000, 0.800000, 4.066769
1.750000, 0.800000, 4.645980
1.800000, 0.800000, 5.145528
1.850000, 0.800000, 5.515499
1.900000, 0.800000, 5.726642
1.950000, 0.800000, 5.773959
2.000000, 0.800000, 5.676821
0.000000, 0.850000, 4.276820
0.050000, 0.850000, 4.996950
0.100000, 0.850000, 5.632246
0.150000, 0.850000, 6.111523
0.200000, 0.850000, 6.386835
0.250000, 0.850000, 6.440442
0.300000, 0.850000, 6.287036
0.350000, 0.850000, 5.970904
0.400000, 0.850000, 5.558481
0.450000, 0.850000, 5.127482
0.500000, 0.850000, 4.754336
0.550000, 0.850000, 4.501935
0.600000, 0.850000, 4.409620
0.650000, 0.850000, 4.487001
0.700000, 0.850000, 4.712589
0.750000, 0.850000, 5.037452
0.800000, 0.850000, 5.393307
0.850000, 0.850000, 5.703764
0.900000, 0.850000, 5.896932
0.950000, 0.850000, 5.917375
1.000000, 0.850000, 5.735521
1.050000, 0.850000, 5.353011
1.100000, 0.850000, 4.803129
1.150000, 0.850000, 4.146233
1.200000, 0.850000, 3.460888
1.250000, 0.850000, 2.832088
1.300000, 0.850000, 2.338425
1.350000, 0.850000, 2.040203
1.400000, 0.850000, 1.970388
1.450000, 0.850000, 2.129785
1.500000, 0.850000, 2.487229
1.550000, 0.850000, 2.984715
1.600000, 0.850000, 3.546681
1.650000, 0.850000, 4.091949
1.700000, 0.850000, 4.546442
1.750000, 0.850000, 4.854661
1.800000, 0.850000, 4.988126
1.850000, 0.850000, 4.949423
1.900000, 0.850000, 4.771260
1.950000, 0.850000, 4.510667
2.000000, 0.850000, 4.239296
0.000000, 0.900000, 3.797540
0.050000, 0.900000, 4.546027
0.100000, 0.900000, 5.195752
0.150000, 0.900000, 5.665291
0.200000, 0.900000, 5.903526
0.250000, 0.900000, 5.897991
0.300000, 0.900000, 5.676416
0.350000, 0.900000, 5.301227
0.400000, 0.900000, 4.857979
0.450000, 0.900000, 4.439789
0.500000, 0.900000, 4.130532
0.550000, 0.900000, 3.989792
0.600000, 0.900000, 4.042225
0.650000, 0.900000, 4.273241
0.700000, 0.900000, 4.631750
0.750000, 0.900000, 5.039499
0.800000, 0.900000, 5.405322
0.850000, 0.900000, 5.641792
0.900000, 0.900000, 5.681286
0.950000, 0.900000, 5.488632
1.000000, 0.900000, 5.068060
1.050000, 0.900000, 4.463222
1.100000, 0.900000, 3.750252
1.150000, 0.900000, 3.025080
1.200000, 0.900000, 2.387232
1.250000, 0.900000, 1.922957
1.300000, 0.900000, 1.690665
1.350000, 0.900000, 1.711225
1.400000, 0.900000, 1.964837
1.450000, 0.900000, 2.395010
1.500000, 0.900000, 2.918927
1.550000, 0.900000, 3.442358
1.600000, 0.900000, 3.876469
1.650000, 0.900000, 4.153531
1.700000, 0.900000, 4.238773
1.750000, 0.900000, 4.136249
1.800000, 0.900000, 3.887711
1.850000, 0.900000, 3.564685
1.900000, 0.900000, 3.255168
1.950000, 0.900000, 3.047324
2.000000, 0.900000, 3.013075
0.000000, 0.950000, 3.433987
0.050000, 0.950000, 4.210886
0.100000, 0.950000, 4.873570
0.150000, 0.950000, 5.329769
0.200000, 0.950000, 5.526128
0.250000, 0.950000, 5.457911
0.300000, 0.950000, 5.169188
0.350000, 0.950000, 4.743475
0.400000, 0.950000, 4.286693
0.450000, 0.950000, 3.905822
0.500000, 0.950000, 3.687464
0.550000, 0.950000, 3.680541
0.600000, 0.950000, 3.886566
0.650000, 0.950000, 4.259380
0.700000, 0.950000, 4.714427
0.750000, 0.950000, 5.145730
0.800000, 0.950000, 5.447211
0.850000, 0.950000, 5.534153
0.900000, 0.950000, 5.360549
0.950000, 0.950000, 4.928926
1.000000, 0.950000, 4.290660
1.050000, 0.950000, 3.536732
1.100000, 0.950000, 2.780706
1.150000, 0.950000, 2.137264
1.200000, 0.950000, 1.700521
1.250000, 0.950000, 1.526347
1.300000, 0.950000, 1.622184
1.350000, 0.950000, 1.946321
1.400000, 0.950000, 2.416767
1.450000, 0.950000, 2.927945
1.500000, 0.950000, 3.371911
1.550000, 0.950000, 3.659894
1.600000, 0.950000, 3.739914
1.650000, 0.950000, 3.606994
1.700000, 0.950000, 3.303957
1.750000, 0.950000, 2.912648
1.800000, 0.950000, 2.537332
1.850000, 0.950000, 2.283535
1.900000, 0.950000, 2.236524
1.950000, 0.950000, 2.443685
2.000000, 0.950000, 2.904285
0.000000, 1.000000, 3.373517
0.050000, 1.000000, 4.178884
0.100000, 1.000000, 4.852988
0.150000, 1.000000, 5.292196
0.200000, 1.000000, 5.442138
0.250000, 1.000000, 5.308651
0.300000, 1.000000, 4.955650
0.350000, 1.000000, 4.490439
0.400000, 1.000000, 4.039652
0.450000, 1.000000, 3.721109
0.500000, 1.000000, 3.617722
0.550000, 1.000000, 3.759151
0.600000, 1.000000, 4.115220
0.650000, 1.000000, 4.602532
0.700000, 1.000000, 5.102834
0.750000, 1.000000, 5.489140
0.800000, 1.000000, 5.653893
0.850000, 1.000000, 5.533037
0.900000, 1.000000, 5.120715
0.950000, 1.000000, 4.471398
1.000000, 1.000000, 3.688936
1.050000, 1.000000, 2.904919
1.100000, 1.000000, 2.251022
1.150000, 1.000000, 1.831353
1.200000, 1.000000, 1.700787
1.250000, 1.000000, 1.854008
1.300000, 1.000000, 2.227598
1.350000, 1.000000, 2.714708
1.400000, 1.000000, 3.189083
1.450000, 1.000000, 3.533193
1.500000, 1.000000, 3.664305
1.550000, 1.000000, 3.552819
1.600000, 1.000000, 3.228852
1.650000, 1.000000, 2.775620
1.700000, 1.000000, 2.311087
1.750000, 1.000000, 1.961860
1.800000, 1.000000, 1.835041
1.850000, 1.000000, 1.994189
1.900000, 1.000000, 2.444641
1.950000, 1.000000, 3.131418
2.000000, 1.000000, 3.950199
0.000000, 1.050000, 3.687925
0.050000, 1.050000, 4.521803
0.100000, 1.050000, 5.205702
0.150000, 1.050000, 5.624221
0.200000, 1.050000, 5.723521
0.250000, 1.050000, 5.523205
0.300000, 1.050000, 5.110666
0.350000, 1.050000, 4.619254
0.400000, 1.050000, 4.195538
0.450000, 1.050000, 3.963530
0.500000, 1.050000, 3.994461
0.550000, 1.050000, 4.289386
0.600000, 1.050000, 4.778783
0.650000, 1.050000, 5.339262
0.700000, 1.050000, 5.823365
0.750000, 1.050000, 6.095316
0.800000, 1.050000, 6.064131
0.850000, 1.050000, 5.706138
0.900000, 1.050000, 5.071488
0.950000, 1.050000, 4.273081
1.000000, 1.050000, 3.460529
1.050000, 1.050000, 2.785395
1.100000, 1.050000, 2.365998
1.150000, 1.050000, 2.260216
1.200000, 1.050000, 2.452769
1.250000, 1.050000, 2.860008
1.300000, 1.050000, 3.351026
1.350000, 1.050000, 3.780013
1.400000, 1.050000, 4.022050
1.450000, 1.050000, 4.003747
1.500000, 1.050000, 3.721358
1.550000, 1.050000, 3.241997
1.600000, 1.050000, 2.687678
1.650000, 1.050000, 2.205982
1.700000, 1.050000, 1.934396
1.750000, 1.050000, 1.966892
1.800000, 1.050000, 2.330755
1.850000, 1.050000, 2.979253
1.900000, 1.050000, 3.801918
1.950000, 1.050000, 4.649995
2.000000, 1.050000, 5.370991
0.000000, 1.100000, 4.306144
0.050000, 1.100000, 5.168541
0.100000, 1.100000, 5.860508
0.150000, 1.100000, 6.254608
0.200000, 1.100000, 6.299399
0.250000, 1.100000, 6.031798
0.300000, 1.100000, 5.566308
0.350000, 1.100000, 5.063958
0.400000, 1.100000, 4.689147
0.450000, 1.100000, 4.565745
0.500000, 1.100000, 4.744011
0.550000, 1.100000, 5.187029
0.600000, 1.100000, 5.780233
0.650000, 1.100000, 6.361539
0.700000, 1.100000, 6.764151
0.750000, 1.100000, 6.860804
0.800000, 1.100000, 6.597807
0.850000, 1.100000, 6.009927
0.900000, 1.100000, 5.212189
0.950000, 1.100000, 4.370726
1.000000, 1.100000, 3.660304
1.050000, 1.100000, 3.219669
1.100000, 1.100000, 3.116394
1.150000, 1.100000, 3.330452
1.200000, 1.100000, 3.760784
1.250000, 1.100000, 4.253100
1.300000, 1.100000, 4.641592
1.350000, 1.100000, 4.793546
1.400000, 1.100000, 4.645120
1.450000, 1.100000, 4.218863
1.500000, 1.100000, 3.618336
1.550000, 1.100000, 3.001254
1.600000, 1.100000, 2.538180
1.650000, 1.100000, 2.367624
1.700000, 1.100000, 2.559352
1.750000, 1.100000, 3.095539
1.800000, 1.100000, 3.874748
1.850000, 1.100000, 4.737693
1.900000, 1.100000, 5.508048
1.950000, 1.100000, 6.037610
2.000000, 1.100000, 6.243972
0.000000, 1.150000, 5.041507
0.050000, 1.150000, 5.932378
0.100000, 1.150000, 6.630575
0.150000, 1.150000, 6.996502
0.200000, 1.150000, 6.983332
0.250000, 1.150000, 6.649142
0.300000, 1.150000, 6.139071
0.350000, 1.150000, 5.642631
0.400000, 1.150000, 5.338453
0.450000, 1.150000, 5.342301
0.500000, 1.150000, 5.673294
0.550000, 1.150000, 6.248018
0.600000, 1.150000, 6.904236
0.650000, 1.150000, 7.447407
0.700000, 1.150000, 7.706680
0.750000, 1.150000, 7.584323
0.800000, 1.150000, 7.084407
0.850000, 1.150000, 6.312506
0.900000, 1.150000, 5.446492
0.950000, 1.150000, 4.686759
1.000000, 1.150000, 4.200110
1.050000, 1.150000, 4.073362
1.100000, 1.150000, 4.289927
1.150000, 1.150000, 4.736031
1.200000, 1.150000, 5.234771
1.250000, 1.150000, 5.598196
1.300000, 1.150000, 5.682453
1.350000, 1.150000, 5.430176
1.400000, 1.150000, 4.887912
1.450000, 1.150000, 4.193593
1.500000, 1.150000, 3.537602
1.550000, 1.150000, 3.108580
1.600000, 1.150000, 3.039495
1.650000, 1.150000, 3.369427
1.700000, 1.150000, 4.032012
1.750000, 1.150000, 4.873882
1.800000, 1.150000, 5.697813
1.850000, 1.150000, 6.318260
1.900000, 1.150000, 6.613366
1.950000, 1.150000, 6.558602
2.000000, 1.150000, 6.232395
0.000000, 1.200000, 5.663163
0.050000, 1.200000, 6.582391
0.100000, 1.200000, 7.284859
0.150000, 1.200000, 7.618853
0.200000, 1.200000, 7.544733
0.250000, 1.200000, 7.145845
0.300000, 1.200000, 6.601236
0.350000, 1.200000, 6.128693
0.400000, 1.200000, 5.915874
0.450000, 1.200000, 6.060997
0.500000, 1.200000, 6.541585
0.550000, 1.200000, 7.221011
0.600000, 1.200000, 7.890820
0.650000, 1.200000, 8.335660
0.700000, 1.200000, 8.400613
0.750000, 1.200000, 8.039947
0.800000, 1.200000, 7.332114
0.850000, 1.200000, 6.456295
0.900000, 1.200000, 5.637779
0.950000, 1.200000, 5.079150
1.000000, 1.200000, 4.898678
1.050000, 1.200000, 5.095051
1.100000, 1.200000, 5.549393
1.150000, 1.200000, 6.063906
1.200000, 1.200000, 6.425042
1.250000, 1.200000, 6.471517
1.300000, 1.200000, 6.145934
1.350000, 1.200000, 5.513918
1.400000, 1.200000, 4.744762
1.450000, 1.200000, 4.059585
1.500000, 1.200000, 3.663118
1.550000, 1.200000, 3.680343
1.600000, 1.200000, 4.117700
1.650000, 1.200000, 4.860930
1.700000, 1.200000, 5.710249
1.750000, 1.200000, 6.441886
1.800000, 1.200000, 6.876872
1.850000, 1.200000, 6.935665
1.900000, 1.200000, 6.661647
1.950000, 1.200000, 6.206203
2.000000, 1.200000, 5.780070
0.000000, 1.250000, 5.984349
0.050000, 1.250000, 6.931734
0.100000, 1.250000, 7.636389
0.150000, 1.250000, 7.934708
0.200000, 1.250000, 7.797162
0.250000, 1.250000, 7.336681
0.300000, 1.250000, 6.769103
0.350000, 1.250000, 6.339080
0.400000, 1.250000, 6.236438
0.450000, 1.250000, 6.531222
0.500000, 1.250000, 7.149337
0.550000, 1.250000, 7.897026
0.600000, 1.250000, 8.525948
0.650000, 1.250000, 8.816924
0.700000, 1.250000, 8.654132
0.750000, 1.250000, 8.064736
0.800000, 1.250000, 7.210570
0.850000, 1.250000, 6.334679
0.900000, 1.250000, 5.680687
0.950000, 1.250000, 5.412160
1.000000, 1.250000, 5.559083
1.050000, 1.250000, 6.009472
1.100000, 1.250000, 6.548893
1.150000, 1.250000, 6.934514
1.200000, 1.250000, 6.978700
1.250000, 1.250000, 6.613917
1.300000, 1.250000, 5.917026
1.350000, 1.250000, 5.084738
1.400000, 1.250000, 4.368471
1.450000, 1.250000, 3.990530
1.500000, 1.250000, 4.069845
1.550000, 1.250000, 4.582268
1.600000, 1.250000, 5.368823
1.650000, 1.250000, 6.189104
1.700000, 1.250000, 6.801843
1.750000, 1.250000, 7.045502
1.800000, 1.250000, 6.891743
1.850000, 1.250000, 6.453781
1.900000, 1.250000, 5.946839
1.950000, 1.250000, 5.614071
2.000000, 1.250000, 5.642961
0.000000, 1.300000, 5.933813
0.050000, 1.300000, 6.909061
0.100000, 1.300000, 7.613695
0.150000, 1.300000, 7.872633
0.200000, 1.300000, 7.669751
0.250000, 1.300000, 7.152007
0.300000, 1.300000, 6.574363
0.350000, 1.300000, 6.205575
0.400000, 1.300000, 6.229155
0.450000, 1.300000, 6.675561
0.500000, 1.300000, 7.410306
0.550000, 1.300000, 8.182334
0.600000, 1.300000, 8.715088
0.650000, 1.300000, 8.807154
0.700000, 1.300000, 8.405879
0.750000, 1.300000, 7.627184
0.800000, 1.300000, 6.714344
0.850000, 1.300000, 5.950712
0.900000, 1.300000, 5.558092
0.950000, 1.300000, 5.617693
1.000000, 1.300000, 6.042369
1.050000, 1.300000, 6.610187
1.100000, 1.300000, 7.047082
1.150000, 1.300000, 7.128468
1.200000, 1.300000, 6.762813
1.250000, 1.300000, 6.026723
1.300000, 1.300000, 5.138725
1.350000, 1.300000, 4.381255
1.400000, 1.300000, 3.999169
1.450000, 1.300000, 4.111667
1.500000, 1.300000, 4.669637
1.550000, 1.300000, 5.473912
1.600000, 1.300000, 6.247796
1.650000, 1.300000, 6.737478
1.700000, 1.300000, 6.803822
1.750000, 1.300000, 6.472165
1.800000, 1.300000, 5.922034
1.850000, 1.300000, 5.420547
1.900000, 1.300000, 5.223771
1.950000, 1.300000, 5.481932
2.000000, 1.300000, 6.183009
0.000000, 1.350000, 5.583086
0.050000, 1.350000, 6.585805
0.100000, 1.350000, 7.288087
0.150000, 1.350000, 7.504011
0.200000, 1.350000, 7.234493
0.250000, 1.350000, 6.665028
0.300000, 1.350000, 6.091330
0.350000, 1.350000, 5.802018
0.400000, 1.350000, 5.964289
0.450000, 1.350000, 6.557345
0.500000, 1.350000, 7.379655
0.550000, 1.350000, 8.127232
0.600000, 1.350000, 8.512327
0.650000, 1.350000, 8.376090
0.700000, 1.350000, 7.751145
0.750000, 1.350000, 6.849567
0.800000, 1.350000, 5.980954
0.850000, 1.350000, 5.432628
0.900000, 1.350000, 5.358789
0.950000, 1.350000, 5.721967
1.000000, 1.350000, 6.309616
1.050000, 1.350000, 6.819311
1.100000, 1.350000, 6.979172
1.150000, 1.350000, 6.656327
1.200000, 1.350000, 5.910935
1.250000, 1.350000, 4.974571
1.300000, 1.350000, 4.161392
1.350000, 1.350000, 3.746770
1.400000, 1.350000, 3.860872
1.450000, 1.350000, 4.438753
1.500000, 1.350000, 5.246495
1.550000, 1.350000, 5.973125
1.600000, 1.350000, 6.352357
1.650000, 1.350000, 6.266517
1.700000, 1.350000, 5.792005
1.750000, 1.350000, 5.168525
1.800000, 1.350000, 4.704144
1.850000, 1.350000, 4.653363
1.900000, 1.350000, 5.115932
1.950000, 1.350000, 5.996059
2.000000, 1.350000, 7.037993
0.000000, 1.400000, 5.119194
0.050000, 1.400000, 6.148890
0.100000, 1.400000, 6.846382
0.150000, 1.400000, 7.015760
0.200000, 1.400000, 6.678965
0.250000, 1.400000, 6.064504
0.300000, 1.400000, 5.509613
0.350000, 1.400000, 5.316964
0.400000, 1.400000, 5.626124
0.450000, 1.400000, 6.353734
0.500000, 1.400000, 7.227563
0.550000, 1.400000, 7.900165
0.600000, 1.400000, 8.094456
0.650000, 1.400000, 7.720124
0.700000, 1.400000, 6.912016
0.750000, 1.400000, 5.974375
0.800000, 1.400000, 5.254310
0.850000, 1.400000, 4.997580
0.900000, 1.400000, 5.247169
0.950000, 1.400000, 5.827181
1.000000, 1.400000, 6.418760
1.050000, 1.400000, 6.696116
1.100000, 1.400000, 6.465515
1.150000, 1.400000, 5.748831
1.200000, 1.400000, 4.776547
1.250000, 1.400000, 3.893072
1.300000, 1.400000, 3.414074
1.350000, 1.400000, 3.495640
1.400000, 1.400000, 4.070152
1.450000, 1.400000, 4.875738
1.500000, 1.400000, 5.566934
1.550000, 1.400000, 5.860072
1.600000, 1.400000, 5.652392
1.650000, 1.400000, 5.064878
1.700000, 1.400000, 4.390850
1.750000, 1.400000, 3.971910
1.800000, 1.400000, 4.053340
1.850000, 1.400000, 4.679661
1.900000, 1.400000, 5.674236
1.950000, 1.400000, 6.711522
2.000000, 1.400000, 7.451688
0.000000, 1.450000, 4.773222
0.050000, 1.450000, 5.829308
0.100000, 1.450000, 6.519473
0.150000, 1.450000, 6.638912
0.200000, 1.450000, 6.234899
0.250000, 1.450000, 5.583306
0.300000, 1.450000, 5.062644
0.350000, 1.450000, 4.982222
0.400000, 1.450000, 5.441637
0.450000, 1.450000, 6.284733
0.500000, 1.450000, 7.168733
0.550000, 1.450000, 7.717533
0.600000, 1.450000, 7.690350
0.650000, 1.450000, 7.089992
0.700000, 1.450000, 6.162155
0.750000, 1.450000, 5.286027
0.800000, 1.450000, 4.805306
0.850000, 1.450000, 4.875470
0.900000, 1.450000, 5.395834
0.950000, 1.450000, 6.056852
1.000000, 1.450000, 6.481361
1.050000, 1.450000, 6.396305
1.100000, 1.450000, 5.757749
1.150000, 1.450000, 4.773005
1.200000, 1.450000, 3.809862
1.250000, 1.450000, 3.233624
1.300000, 1.450000, 3.245064
1.350000, 1.450000, 3.792013
1.400000, 1.450000, 4.594230
1.450000, 1.450000, 5.270362
1.500000, 1.450000, 5.509948
1.550000, 1.450000, 5.213239
1.600000, 1.450000, 4.536027
1.650000, 1.450000, 3.819369
1.700000, 1.450000, 3.435774
1.750000, 1.450000, 3.620930
1.800000, 1.450000, 4.366562
1.850000, 1.450000, 5.422561
1.900000, 1.450000, 6.407474
1.950000, 1.450000, 6.977788
2.000000, 1.450000, 6.980049
0.000000, 1.500000, 4.732027
0.050000, 1.500000, 5.813830
0.100000, 1.500000, 6.494052
0.150000, 1.500000, 6.560340
0.200000, 1.500000, 6.089905
0.250000, 1.500000, 5.410110
0.300000, 1.500000, 4.939350
0.350000, 1.500000, 4.984547
0.400000, 1.500000, 5.592354
0.450000, 1.500000, 6.525396
0.500000, 1.500000, 7.374996
0.550000, 1.500000, 7.756381
0.600000, 1.500000, 7.492852
0.650000, 1.500000, 6.700661
0.700000, 1.500000, 5.733938
0.750000, 1.500000, 5.016015
0.800000, 1.500000, 4.837973
0.850000, 1.500000, 5.220880
0.900000, 1.500000, 5.907717
0.950000, 1.500000, 6.488784
1.000000, 1.500000, 6.600440
1.050000, 1.500000, 6.101883
1.100000, 1.500000, 5.145189
1.150000, 1.500000, 4.104981
1.200000, 1.500000, 3.401361
1.250000, 1.500000, 3.300905
1.300000, 1.500000, 3.791001
1.350000, 1.500000, 4.587722
1.400000, 1.500000, 5.273393
1.450000, 1.500000, 5.497915
1.500000, 1.500000, 5.147335
1.550000, 1.500000, 4.398882
1.600000, 1.500000, 3.636072
1.650000, 1.500000, 3.264591
1.700000, 1.500000, 3.517176
1.750000, 1.500000, 4.341017
1.800000, 1.500000, 5.421682
1.850000, 1.500000, 6.332116
1.900000, 1.500000, 6.735375
1.950000, 1.500000, 6.543987
2.000000, 1.500000, 5.959632
0.000000, 1.550000, 5.066815
0.050000, 1.550000, 6.173585
0.100000, 1.550000, 6.841194
0.150000, 1.550000, 6.851335
0.200000, 1.550000, 6.316047
0.250000, 1.550000, 5.617964
0.300000, 1.550000, 5.212696
0.350000, 1.550000, 5.394234
0.400000, 1.550000, 6.143123
0.450000, 1.550000, 7.134935
0.500000, 1.550000, 7.904727
0.550000, 1.550000, 8.083633
0.600000, 1.550000, 7.586880
0.650000, 1.550000, 6.657297
0.700000, 1.550000, 5.742133
0.750000, 1.550000, 5.265984
0.800000, 1.550000, 5.415678
0.850000, 1.550000, 6.046815
0.900000, 1.550000, 6.759598
0.950000, 1.550000, 7.105217
1.000000, 1.550000, 6.817404
1.050000, 1.550000, 5.950971
1.100000, 1.550000, 4.856557
1.150000, 1.550000, 4.004408
1.200000, 1.550000, 3.747036
1.250000, 1.550000, 4.141778
1.300000, 1.550000, 4.923725
1.350000, 1.550000, 5.642801
1.400000, 1.550000, 5.894980
1.450000, 1.550000, 5.529655
1.500000, 1.550000, 4.727331
1.550000, 1.550000, 3.907969
1.600000, 1.550000, 3.516760
1.650000, 1.550000, 3.796621
1.700000, 1.550000, 4.663504
1.750000, 1.550000, 5.748164
1.800000, 1.550000, 6.583099
1.850000, 1.550000, 6.839331
1.900000, 1.550000, 6.492253
1.950000, 1.550000, 5.831982
2.000000, 1.550000, 5.312990
0.000000, 1.600000, 5.705864
0.050000, 1.600000, 6.836796
0.100000, 1.600000, 7.489090
0.150000, 1.600000, 7.440349
0.200000, 1.600000, 6.842567
0.250000, 1.600000, 6.136988
0.300000, 1.600000, 5.812385
0.350000, 1.600000, 6.137861
0.400000, 1.600000, 7.015064
0.450000, 1.600000, 8.029985
0.500000, 1.600000, 8.676278
0.550000, 1.600000, 8.629109
0.600000, 1.600000, 7.921074
0.650000, 1.600000, 6.924850
0.700000, 1.600000, 6.151964
0.750000, 1.600000, 5.976738
0.800000, 1.600000, 6.435010
0.850000, 1.600000, 7.206706
0.900000, 1.600000, 7.791633
0.950000, 1.600000, 7.783161
1.000000, 1.600000, 7.091360
1.050000, 1.600000, 5.994577
1.100000, 1.600000, 4.991407
1.150000, 1.600000, 4.533247
1.200000, 1.600000, 4.782317
1.250000, 1.600000, 5.526257
1.300000, 1.600000, 6.295533
1.350000, 1.600000, 6.619958
1.400000, 1.600000, 6.285224
1.450000, 1.600000, 5.450367
1.500000, 1.600000, 4.562445
1.550000, 1.600000, 4.114684
1.600000, 1.600000, 4.379166
1.650000, 1.600000, 5.258979
1.700000, 1.600000, 6.339975
1.750000, 1.600000, 7.114108
1.800000, 1.600000, 7.253320
1.850000, 1.600000, 6.785548
1.900000, 1.600000, 6.077493
1.950000, 1.600000, 5.633539
2.000000, 1.600000, 5.819873
0.000000, 1.650000, 6.461832
0.050000, 1.650000, 7.616082
0.100000, 1.650000, 8.250351
0.150000, 1.650000, 8.140292
0.200000, 1.650000, 7.483187
0.250000, 1.650000, 6.781658
0.300000, 1.650000, 6.552123
0.350000, 1.650000, 7.025642
0.400000, 1.650000, 8.013120
0.450000, 1.650000, 9.012419
0.500000, 1.650000, 9.495827
0.550000, 1.650000, 9.212724
0.600000, 1.650000, 8.333492
0.650000, 1.650000, 7.351961
0.700000, 1.650000, 6.802459
0.750000, 1.650000, 6.954035
0.800000, 1.650000, 7.657578
0.850000, 1.650000, 8.433622
0.900000, 1.650000, 8.750343
0.950000, 1.650000, 8.331889
1.000000, 1.650000, 7.319777
1.050000, 1.650000, 6.194528
1.100000, 1.650000, 5.502499
1.150000, 1.650000, 5.544827
1.200000, 1.650000, 6.207196
1.250000, 1.650000, 7.028186
1.300000, 1.650000, 7.466863
1.350000, 1.650000, 7.215766
1.400000, 1.650000, 6.379359
1.450000, 1.650000, 5.415357
1.500000, 1.650000, 4.872613
1.550000, 1.650000, 5.076193
1.600000, 1.650000, 5.940627
1.650000, 1.650000, 7.018671
1.700000, 1.650000, 7.757560
1.750000, 1.650000, 7.815506
1.800000, 1.650000, 7.256577
1.850000, 1.650000, 6.511981
1.900000, 1.650000, 6.130064
1.950000, 1.650000, 6.458752
2.000000, 1.650000, 7.442994
0.000000, 1.700000, 7.103200
0.050000, 1.700000, 8.279904
0.100000, 1.700000, 8.893461
0.150000, 1.700000, 8.719986
0.200000, 1.700000, 8.007543
0.250000, 1.700000, 7.322220
0.300000, 1.700000, 7.201048
0.350000, 1.700000, 7.822933
0.400000, 1.700000, 8.897774
0.450000, 1.700000, 9.841282
0.500000, 1.700000, 10.129187
0.550000, 1.700000, 9.615467
0.600000, 1.700000, 8.621057
0.650000, 1.700000, 7.739086
0.700000, 1.700000, 7.475086
0.750000, 1.700000, 7.940942
0.800000, 1.700000, 8.788696
0.850000, 1.700000, 9.424393
0.900000, 1.700000, 9.371865
0.950000, 1.700000, 8.565131
1.000000, 1.700000, 7.391523
1.050000, 1.700000, 6.459222
1.100000, 1.700000, 6.230506
1.150000, 1.700000, 6.743692
1.200000, 1.700000, 7.592793
1.250000, 1.700000, 8.177204
1.300000, 1.700000, 8.069487
1.350000, 1.700000, 7.277533
1.400000, 1.700000, 6.241610
1.450000, 1.700000, 5.568042
1.500000, 1.700000, 5.661477
1.550000, 1.700000, 6.479355
1.600000, 1.700000, 7.557902
1.650000, 1.700000, 8.293839
1.700000, 1.700000, 8.310491
1.750000, 1.700000, 7.685656
1.800000, 1.700000, 6.902690
1.850000, 1.700000, 6.554574
1.900000, 1.700000, 6.981016
1.950000, 1.700000, 8.059321
2.000000, 1.700000, 9.276284
0.000000, 1.750000, 7.442592
0.050000, 1.750000, 8.640889
0.100000, 1.750000, 9.231090
0.150000, 1.750000, 8.992473
0.200000, 1.750000, 8.229487
0.250000, 1.750000, 7.572981
0.300000, 1.750000, 7.572022
0.350000, 1.750000, 8.338623
0.400000, 1.750000, 9.473642
0.450000, 1.750000, 10.321522
0.500000, 1.750000, 10.390267
0.550000, 1.750000, 9.666878
0.600000, 1.750000, 8.625629
0.650000, 1.750000, 7.923864
0.700000, 1.750000, 7.980713
0.750000, 1.750000, 8.709332
0.800000, 1.750000, 9.574627
0.850000, 1.750000, 9.939333
0.900000, 1.750000, 9.476060
0.950000, 1.750000, 8.380541
1.000000, 1.750000, 7.249016
1.050000, 1.750000, 6.698437
1.100000, 1.750000, 6.973413
1.150000, 1.750000, 7.792281
1.200000, 1.750000, 8.531150
1.250000, 1.750000, 8.627583
1.300000, 1.750000, 7.944550
1.350000, 1.750000, 6.860773
1.400000, 1.750000, 6.029389
1.450000, 1.750000, 5.959918
1.500000, 1.750000, 6.692038
1.550000, 1.750000, 7.770735
1.600000, 1.750000, 8.538755
1.650000, 1.750000, 8.558505
1.700000, 1.750000, 7.892376
1.750000, 1.750000, 7.061426
1.800000, 1.750000, 6.709006
1.850000, 1.750000, 7.185437
1.900000, 1.750000, 8.320601
1.950000, 1.750000, 9.530575
2.000000, 1.750000, 10.189876
0.000000, 1.800000, 7.408223
0.050000, 1.800000, 8.627272
0.100000, 1.800000, 9.191545
0.150000, 1.800000, 8.886460
0.200000, 1.800000, 8.078522
0.250000, 1.800000, 7.463722
0.300000, 1.800000, 7.593066
0.350000, 1.800000, 8.496679
0.400000, 1.800000, 9.661193
0.450000, 1.800000, 10.375776
0.500000, 1.800000, 10.212455
0.550000, 1.800000, 9.315386
0.600000, 1.800000, 8.303154
0.650000, 1.800000, 7.850262
0.700000, 1.800000, 8.231283
0.750000, 1.800000, 9.136428
0.800000, 1.800000, 9.883408
0.850000, 1.800000, 9.882031
0.900000, 1.800000, 9.036755
0.950000, 1.800000, 7.814459
1.000000, 1.800000, 6.931429
1.050000, 1.800000, 6.871533
1.100000, 1.800000, 7.561855
1.150000, 1.800000, 8.425445
1.200000, 1.800000, 8.775369
1.250000, 1.800000, 8.283057
1.300000, 1.800000, 7.203651
1.350000, 1.800000, 6.205625
1.400000, 1.800000, 5.920052
1.450000, 1.800000, 6.514783
1.500000, 1.800000, 7.581936
1.550000, 1.800000, 8.414903
1.600000, 1.800000, 8.487200
1.650000, 1.800000, 7.808809
1.700000, 1.800000, 6.918642
1.750000, 1.800000, 6.518239
1.800000, 1.800000, 6.994864
1.850000, 1.800000, 8.157073
1.900000, 1.800000, 9.361921
1.950000, 1.800000, 9.947701
2.000000, 1.800000, 9.679139
0.000000, 1.850000, 7.071205
0.050000, 1.850000, 8.310206
0.100000, 1.850000, 8.846067
0.150000, 1.850000, 8.473617
0.200000, 1.850000, 7.627079
0.250000, 1.850000, 7.066972
0.300000, 1.850000, 7.334654
0.350000, 1.850000, 8.363544
0.400000, 1.850000, 9.524322
0.450000, 1.850000, 10.071925
0.500000, 1.850000, 9.675633
0.550000, 1.850000, 8.654264
0.600000, 1.850000, 7.748781
0.650000, 1.850000, 7.594446
0.700000, 1.850000, 8.268910
0.750000, 1.850000, 9.238453
0.800000, 1.850000, 9.740660
0.850000, 1.850000, 9.330609
0.900000, 1.850000, 8.201010
0.950000, 1.850000, 7.047943
1.000000, 1.850000, 6.577859
1.050000, 1.850000, 7.007313
1.100000, 1.850000, 7.912081
1.150000, 1.850000, 8.533173
1.200000, 1.850000, 8.321443
1.250000, 1.850000, 7.332376
1.300000, 1.850000, 6.189446
1.350000, 1.850000, 5.642125
1.400000, 1.850000, 6.033655
1.450000, 1.850000, 7.058063
1.500000, 1.850000, 7.979651
1.550000, 1.850000, 8.158416
1.600000, 1.850000, 7.506709
1.650000, 1.850000, 6.551494
1.700000, 1.850000, 6.057808
1.750000, 1.850000, 6.481952
1.800000, 1.850000, 7.644354
1.850000, 1.850000, 8.855428
1.900000, 1.850000, 9.404721
1.950000, 1.850000, 9.064600
2.000000, 1.850000, 8.249377
0.000000, 1.900000, 6.618278
0.050000, 1.900000, 7.876485
0.100000, 1.900000, 8.381560
0.150000, 1.900000, 7.941292
0.200000, 1.900000, 7.063233
0.250000, 1.900000, 6.570703
0.300000, 1.900000, 6.982444
0.350000, 1.900000, 8.120991
0.400000, 1.900000, 9.243324
0.450000, 1.900000, 9.595956
0.500000, 1.900000, 8.978426
0.550000, 1.900000, 7.892894
0.600000, 1.900000, 7.167703
0.650000, 1.900000, 7.337065
0.700000, 1.900000, 8.241772
0.750000, 1.900000, 9.150182
0.800000, 1.900000, 9.308744
0.850000, 1.900000, 8.509387
0.900000, 1.900000, 7.248435
0.950000, 1.900000, 6.357874
1.000000, 1.900000, 6.385252
1.050000, 1.900000, 7.186919
1.100000, 1.900000, 8.039378
1.150000, 1.900000, 8.185221
1.200000, 1.900000, 7.404367
1.250000, 1.900000, 6.182375
1.300000, 1.900000, 5.349611
1.350000, 1.900000, 5.461635
1.400000, 1.900000, 6.385171
1.450000, 1.900000, 7.399917
1.500000, 1.900000, 7.739852
1.550000, 1.900000, 7.168280
1.600000, 1.900000, 6.155596
1.650000, 1.900000, 5.526518
1.700000, 1.900000, 5.841192
1.750000, 1.900000, 6.974057
1.800000, 1.900000, 8.206144
1.850000, 1.900000, 8.761662
1.900000, 1.900000, 8.386745
1.950000, 1.900000, 7.536638
2.000000, 1.900000, 7.031093
0.000000, 1.950000, 6.280397
0.050000, 1.950000, 7.557130
0.100000, 1.950000, 8.029164
0.150000, 1.950000, 7.521081
0.200000, 1.950000, 6.619254
0.250000, 1.950000, 6.206880
0.300000, 1.950000, 6.765867
0.350000, 1.950000, 7.994821
0.400000, 1.950000, 9.043696
0.450000, 1.950000, 9.180579
0.500000, 1.950000, 8.366133
0.550000, 1.950000, 7.283845
0.600000, 1.950000, 6.802293
0.650000, 1.950000, 7.292422
0.700000, 1.950000, 8.336875
0.750000, 1.950000, 9.059984
0.800000, 1.950000, 8.818806
0.850000, 1.950000, 7.711539
0.900000, 1.950000, 6.503336
0.950000, 1.950000, 6.027779
1.000000, 1.950000, 6.534774
1.050000, 1.950000, 7.497740
1.100000, 1.950000, 8.031684
1.150000, 1.950000, 7.593201
1.200000, 1.950000, 6.411667
1.250000, 1.950000, 5.312352
1.300000, 1.950000, 5.070516
1.350000, 1.950000, 5.804506
1.400000, 1.950000, 6.885201
1.450000, 1.950000, 7.432976
1.500000, 1.950000, 7.011208
1.550000, 1.950000, 5.970754
1.600000, 1.950000, 5.174386
1.650000, 1.950000, 5.317951
1.700000, 1.950000, 6.382241
1.750000, 1.950000, 7.646775
1.800000, 1.950000, 8.254668
1.850000, 1.950000, 7.884286
1.900000, 1.950000, 6.999383
1.950000, 1.950000, 6.481028
2.000000, 1.950000, 6.930920
0.000000, 2.000000, 6.244445
0.050000, 2.000000, 7.539097
0.100000, 2.000000, 7.975965
0.150000, 2.000000, 7.400535
0.200000, 2.000000, 6.483299
0.250000, 2.000000, 6.163149
0.300000, 2.000000, 6.869852
0.350000, 2.000000, 8.166706
0.400000, 2.000000, 9.108034
0.450000, 2.000000, 9.016858
0.500000, 2.000000, 8.041644
0.550000, 2.000000, 7.033150
0.600000, 2.000000, 6.842920
0.650000, 2.000000, 7.621759
0.700000, 2.000000, 8.696531
0.750000, 2.000000, 9.126818
0.800000, 2.000000, 8.482473
0.850000, 2.000000, 7.200973
0.900000, 2.000000, 6.229893
0.950000, 2.000000, 6.249185
1.000000, 2.000000, 7.114360
1.050000, 2.000000, 7.979542
1.100000, 2.000000, 7.998851
1.150000, 2.000000, 7.027800
1.200000, 2.000000, 5.746341
1.250000, 2.000000, 5.102048
1.300000, 2.000000, 5.532399
1.350000, 2.000000, 6.607247
1.400000, 2.000000, 7.386173
1.450000, 2.000000, 7.196042
1.500000, 2.000000, 6.187659
1.550000, 2.000000, 5.212567
1.600000, 2.000000, 5.121526
1.650000, 2.000000, 6.062999
1.700000, 2.000000, 7.360010
1.750000, 2.000000, 8.066882
1.800000, 2.000000, 7.746912
1.850000, 2.000000, 6.829869
1.900000, 2.000000, 6.254643
1.950000, 2.000000, 6.691726
2.000000, 2.000000, 7.986605
