0.000000, 0.000000, -2.247089
0.050000, 0.000000, -2.199139
0.100000, 0.000000, -2.152117
0.150000, 0.000000, -2.094666
0.200000, 0.000000, -2.020379
0.250000, 0.000000, -1.928998
0.300000, 0.000000, -1.826209
0.350000, 0.000000, -1.722071
0.400000, 0.000000, -1.628443
0.450000, 0.000000, -1.555964
0.500000, 0.000000, -1.511269
0.550000, 0.000000, -1.495051
0.600000, 0.000000, -1.501403
0.650000, 0.000000, -1.518606
0.700000, 0.000000, -1.531187
0.750000, 0.000000, -1.522831
0.800000, 0.000000, -1.479499
0.850000, 0.000000, -1.392110
0.900000, 0.000000, -1.258189
0.950000, 0.000000, -1.082143
1.000000, 0.000000, -0.874107
1.050000, 0.000000, -0.647616
1.100000, 0.000000, -0.416617
1.150000, 0.000000, -0.192466
1.200000, 0.000000, 0.018430
1.250000, 0.000000, 0.215813
1.300000, 0.000000, 0.405367
1.350000, 0.000000, 0.597154
1.400000, 0.000000, 0.803031
1.450000, 0.000000, 1.033639
1.500000, 0.000000, 1.295611
1.550000, 0.000000, 1.589640
1.600000, 0.000000, 1.909820
1.650000, 0.000000, 2.244432
1.700000, 0.000000, 2.578003
1.750000, 0.000000, 2.894217
1.800000, 0.000000, 3.179036
1.850000, 0.000000, 3.423378
1.900000, 0.000000, 3.624769
1.950000, 0.000000, 3.787616
2.000000, 0.000000, 3.922054
0.000000, 0.050000, -2.129127
0.050000, 0.050000, -2.067406
0.100000, 0.050000, -2.006020
0.150000, 0.050000, -1.933239
0.200000, 0.050000, -1.842305
0.250000, 0.050000, -1.732647
0.300000, 0.050000, -1.609675
0.350000, 0.050000, -1.483225
0.400000, 0.050000, -1.364987
0.450000, 0.050000, -1.265488
0.500000, 0.050000, -1.191317
0.550000, 0.050000, -1.143182
0.600000, 0.050000, -1.115257
0.650000, 0.050000, -1.095966
0.700000, 0.050000, -1.070039
0.750000, 0.050000, -1.021416
0.800000, 0.050000, -0.936366
0.850000, 0.050000, -0.806156
0.900000, 0.050000, -0.628690
0.950000, 0.050000, -0.408783
1.000000, 0.050000, -0.156989
1.050000, 0.050000, 0.112731
1.100000, 0.050000, 0.386011
1.150000, 0.050000, 0.651089
1.200000, 0.050000, 0.901178
1.250000, 0.050000, 1.135674
1.300000, 0.050000, 1.359957
1.350000, 0.050000, 1.583833
1.400000, 0.050000, 1.818960
1.450000, 0.050000, 2.075838
1.500000, 0.050000, 2.361024
1.550000, 0.050000, 2.675197
1.600000, 0.050000, 3.012503
1.650000, 0.050000, 3.361337
1.700000, 0.050000, 3.706401
1.750000, 0.050000, 4.031607
1.800000, 0.050000, 4.323197
1.850000, 0.050000, 4.572409
1.900000, 0.050000, 4.777124
1.950000, 0.050000, 4.942128
2.000000, 0.050000, 5.077951
0.000000, 0.100000, -1.702107
0.050000, 0.100000, -1.626023
0.100000, 0.100000, -1.549390
0.150000, 0.100000, -1.460231
0.200000, 0.100000, -1.351572
0.250000, 0.100000, -1.222666
0.300000, 0.100000, -1.078800
0.350000, 0.100000, -0.929734
0.400000, 0.100000, -0.787143
0.450000, 0.100000, -0.661602
0.500000, 0.100000, -0.559804
0.550000, 0.100000, -0.482626
0.600000, 0.100000, -0.424473
0.650000, 0.100000, -0.374052
0.700000, 0.100000, -0.316431
0.750000, 0.100000, -0.235932
0.800000, 0.100000, -0.119245
0.850000, 0.100000, 0.041916
0.900000, 0.100000, 0.249172
0.950000, 0.100000, 0.497231
1.000000, 0.100000, 0.775056
1.050000, 0.100000, 1.068214
1.100000, 0.100000, 1.361886
1.150000, 0.100000, 1.643891
1.200000, 0.100000, 1.907057
1.250000, 0.100000, 2.150444
1.300000, 0.100000, 2.379151
1.350000, 0.100000, 2.602764
1.400000, 0.100000, 2.832784
1.450000, 0.100000, 3.079624
1.500000, 0.100000, 3.349824
1.550000, 0.100000, 3.644117
1.600000, 0.100000, 3.956769
1.650000, 0.100000, 4.276361
1.700000, 0.100000, 4.587846
1.750000, 0.100000, 4.875438
1.800000, 0.100000, 5.125729
1.850000, 0.100000, 5.330349
1.900000, 0.100000, 5.487598
1.950000, 0.100000, 5.602706
2.000000, 0.100000, 5.686655
0.000000, 0.150000, -1.167926
0.050000, 0.150000, -1.076511
0.100000, 0.150000, -0.983500
0.150000, 0.150000, -0.876899
0.200000, 0.150000, -0.749758
0.250000, 0.150000, -0.601396
0.300000, 0.150000, -0.437210
0.350000, 0.150000, -0.267126
0.400000, 0.150000, -0.103032
0.450000, 0.150000, 0.044234
0.500000, 0.150000, 0.167663
0.550000, 0.150000, 0.266017
0.600000, 0.150000, 0.344490
0.650000, 0.150000, 0.413937
0.700000, 0.150000, 0.488825
0.750000, 0.150000, 0.584344
0.800000, 0.150000, 0.713310
0.850000, 0.150000, 0.883509
0.900000, 0.150000, 1.096077
0.950000, 0.150000, 1.345251
1.000000, 0.150000, 1.619559
1.050000, 0.150000, 1.904172
1.100000, 0.150000, 2.183929
1.150000, 0.150000, 2.446363
1.200000, 0.150000, 2.684085
1.250000, 0.150000, 2.896017
1.300000, 0.150000, 3.087199
1.350000, 0.150000, 3.267240
1.400000, 0.150000, 3.447757
1.450000, 0.150000, 3.639364
1.500000, 0.150000, 3.848889
1.550000, 0.150000, 4.077439
1.600000, 0.150000, 4.319735
1.650000, 0.150000, 4.564888
1.700000, 0.150000, 4.798446
1.750000, 0.150000, 5.005278
1.800000, 0.150000, 5.172680
1.850000, 0.150000, 5.293025
1.900000, 0.150000, 5.365382
1.950000, 0.150000, 5.395763
2.000000, 0.150000, 5.395939
0.000000, 0.200000, -0.775893
0.050000, 0.200000, -0.667831
0.100000, 0.200000, -0.557095
0.150000, 0.200000, -0.432011
0.200000, 0.200000, -0.285988
0.250000, 0.200000, -0.118734
0.300000, 0.200000, 0.063932
0.350000, 0.200000, 0.251636
0.400000, 0.200000, 0.432018
0.450000, 0.200000, 0.593750
0.500000, 0.200000, 0.729322
0.550000, 0.200000, 0.836994
0.600000, 0.200000, 0.921464
0.650000, 0.200000, 0.993105
0.700000, 0.200000, 1.065929
0.750000, 0.200000, 1.154707
0.800000, 0.200000, 1.271882
0.850000, 0.200000, 1.424923
0.900000, 0.200000, 1.614719
0.950000, 0.200000, 1.835335
1.000000, 0.200000, 2.075209
1.050000, 0.200000, 2.319518
1.100000, 0.200000, 2.553202
1.150000, 0.200000, 2.763999
1.200000, 0.200000, 2.944834
1.250000, 0.200000, 3.095044
1.300000, 0.200000, 3.220192
1.350000, 0.200000, 3.330513
1.400000, 0.200000, 3.438349
1.450000, 0.200000, 3.555125
1.500000, 0.200000, 3.688569
1.550000, 0.200000, 3.840754
1.600000, 0.200000, 4.007428
1.650000, 0.200000, 4.178772
1.700000, 0.200000, 4.341436
1.750000, 0.200000, 4.481405
1.800000, 0.200000, 4.587085
1.850000, 0.200000, 4.651941
1.900000, 0.200000, 4.676094
1.950000, 0.200000, 4.666554
2.000000, 0.200000, 4.636016
0.000000, 0.250000, -0.727146
0.050000, 0.250000, -0.600806
0.100000, 0.250000, -0.470823
0.150000, 0.250000, -0.326283
0.200000, 0.250000, -0.161368
0.250000, 0.250000, 0.023436
0.300000, 0.250000, 0.221544
0.350000, 0.250000, 0.421844
0.400000, 0.250000, 0.611281
0.450000, 0.250000, 0.777884
0.500000, 0.250000, 0.913578
0.550000, 0.250000, 1.016136
0.600000, 0.250000, 1.089869
0.650000, 0.250000, 1.144872
0.700000, 0.250000, 1.194996
0.750000, 0.250000, 1.254980
0.800000, 0.250000, 1.337365
0.850000, 0.250000, 1.449859
0.900000, 0.250000, 1.593722
0.950000, 0.250000, 1.763536
1.000000, 0.250000, 1.948385
1.050000, 0.250000, 2.134224
1.100000, 0.250000, 2.306890
1.150000, 0.250000, 2.455125
1.200000, 0.250000, 2.572956
1.250000, 0.250000, 2.660900
1.300000, 0.250000, 2.725759
1.350000, 0.250000, 2.779054
1.400000, 0.250000, 2.834422
1.450000, 0.250000, 2.904590
1.500000, 0.250000, 2.998552
1.550000, 0.250000, 3.119598
1.600000, 0.250000, 3.264616
1.650000, 0.250000, 3.424828
1.700000, 0.250000, 3.587798
1.750000, 0.250000, 3.740279
1.800000, 0.250000, 3.871282
1.850000, 0.250000, 3.974689
1.900000, 0.250000, 4.050840
1.950000, 0.250000, 4.106754
2.000000, 0.250000, 4.154909
0.000000, 0.300000, -1.097337
0.050000, 0.300000, -0.950815
0.100000, 0.300000, -0.799937
0.150000, 0.300000, -0.635078
0.200000, 0.300000, -0.451683
0.250000, 0.300000, -0.251437
0.300000, 0.300000, -0.042027
0.350000, 0.300000, 0.164461
0.400000, 0.300000, 0.354161
0.450000, 0.300000, 0.514479
0.500000, 0.300000, 0.636920
0.550000, 0.300000, 0.719068
0.600000, 0.300000, 0.765274
0.650000, 0.300000, 0.785916
0.700000, 0.300000, 0.795366
0.750000, 0.300000, 0.809115
0.800000, 0.300000, 0.840675
0.850000, 0.300000, 0.898922
0.900000, 0.300000, 0.986462
0.950000, 0.300000, 1.099363
1.000000, 0.300000, 1.228309
1.050000, 0.300000, 1.360924
1.100000, 0.300000, 1.484751
1.150000, 0.300000, 1.590227
1.200000, 0.300000, 1.673017
1.250000, 0.300000, 1.735183
1.300000, 0.300000, 1.784932
1.350000, 0.300000, 1.835009
1.400000, 0.300000, 1.900060
1.450000, 0.300000, 1.993570
1.500000, 0.300000, 2.125011
1.550000, 0.300000, 2.297850
1.600000, 0.300000, 2.508834
1.650000, 0.300000, 2.748710
1.700000, 0.300000, 3.004240
1.750000, 0.300000, 3.261043
1.800000, 0.300000, 3.506683
1.850000, 0.300000, 3.733296
1.900000, 0.300000, 3.939208
1.950000, 0.300000, 4.129182
2.000000, 0.300000, 4.313247
0.000000, 0.350000, -1.807129
0.050000, 0.350000, -1.638295
0.100000, 0.350000, -1.464801
0.150000, 0.350000, -1.278924
0.200000, 0.350000, -1.077908
0.250000, 0.350000, -0.865066
0.300000, 0.350000, -0.649469
0.350000, 0.350000, -0.444285
0.400000, 0.350000, -0.264120
0.450000, 0.350000, -0.121920
0.500000, 0.350000, -0.026129
0.550000, 0.350000, 0.021297
0.600000, 0.350000, 0.025578
0.650000, 0.350000, -0.001659
0.700000, 0.350000, -0.044449
0.750000, 0.350000, -0.085408
0.800000, 0.350000, -0.108898
0.850000, 0.350000, -0.103751
0.900000, 0.350000, -0.064982
0.950000, 0.350000, 0.005855
1.000000, 0.350000, 0.101744
1.050000, 0.350000, 0.212440
1.100000, 0.350000, 0.327363
1.150000, 0.350000, 0.438501
1.200000, 0.350000, 0.542674
1.250000, 0.350000, 0.642645
1.300000, 0.350000, 0.746827
1.350000, 0.350000, 0.867637
1.400000, 0.350000, 1.018858
1.450000, 0.350000, 1.212565
1.500000, 0.350000, 1.456305
1.550000, 0.350000, 1.751135
1.600000, 0.350000, 2.090960
1.650000, 0.350000, 2.463326
1.700000, 0.350000, 2.851507
1.750000, 0.350000, 3.237453
1.800000, 0.350000, 3.604965
1.850000, 0.350000, 3.942437
1.900000, 0.350000, 4.244583
1.950000, 0.350000, 4.512798
2.000000, 0.350000, 4.754087
0.000000, 0.400000, -2.651785
0.050000, 0.400000, -2.458341
0.100000, 0.400000, -2.260495
0.150000, 0.400000, -2.053114
0.200000, 0.400000, -1.835811
0.250000, 0.400000, -1.613914
0.300000, 0.400000, -1.398053
0.350000, 0.400000, -1.202404
0.400000, 0.400000, -1.041966
0.450000, 0.400000, -0.929435
0.500000, 0.400000, -0.872353
0.550000, 0.400000, -0.871152
0.600000, 0.400000, -0.918522
0.650000, 0.400000, -1.000269
0.700000, 0.400000, -1.097491
0.750000, 0.400000, -1.189631
0.800000, 0.400000, -1.257784
0.850000, 0.400000, -1.287580
0.900000, 0.400000, -1.271053
0.950000, 0.400000, -1.207145
1.000000, 0.400000, -1.100777
1.050000, 0.400000, -0.960737
1.100000, 0.400000, -0.796888
1.150000, 0.400000, -0.617337
1.200000, 0.400000, -0.426211
1.250000, 0.400000, -0.222556
1.300000, 0.400000, -0.000600
1.350000, 0.400000, 0.248672
1.400000, 0.400000, 0.534970
1.450000, 0.400000, 0.865766
1.500000, 0.400000, 1.243624
1.550000, 0.400000, 1.664422
1.600000, 0.400000, 2.116884
1.650000, 0.400000, 2.583571
1.700000, 0.400000, 3.043181
1.750000, 0.400000, 3.473679
1.800000, 0.400000, 3.855665
1.850000, 0.400000, 4.175265
1.900000, 0.400000, 4.425989
1.950000, 0.400000, 4.609181
2.000000, 0.400000, 4.733003
0.000000, 0.450000, -3.378581
0.050000, 0.450000, -3.158117
0.100000, 0.450000, -2.934228
0.150000, 0.450000, -2.705123
0.200000, 0.450000, -2.473354
0.250000, 0.450000, -2.246585
0.300000, 0.450000, -2.037010
0.350000, 0.450000, -1.859479
0.400000, 0.450000, -1.728710
0.450000, 0.450000, -1.656152
0.500000, 0.450000, -1.647188
0.550000, 0.450000, -1.699280
0.600000, 0.450000, -1.801500
0.650000, 0.450000, -1.935587
0.700000, 0.450000, -2.078363
0.750000, 0.450000, -2.205035
0.800000, 0.450000, -2.292776
0.850000, 0.450000, -2.323855
0.900000, 0.450000, -2.287748
0.950000, 0.450000, -2.181839
1.000000, 0.450000, -2.010648
1.050000, 0.450000, -1.783815
1.100000, 0.450000, -1.513341
1.150000, 0.450000, -1.210719
1.200000, 0.450000, -0.884617
1.250000, 0.450000, -0.539602
1.300000, 0.450000, -0.176172
1.350000, 0.450000, 0.207937
1.400000, 0.450000, 0.615524
1.450000, 0.450000, 1.047326
1.500000, 0.450000, 1.499693
1.550000, 0.450000, 1.963146
1.600000, 0.450000, 2.422214
1.650000, 0.450000, 2.856696
1.700000, 0.450000, 3.244161
1.750000, 0.450000, 3.563223
1.800000, 0.450000, 3.796961
1.850000, 0.450000, 3.935793
1.900000, 0.450000, 3.979215
1.950000, 0.450000, 3.936058
2.000000, 0.450000, 3.823198
0.000000, 0.500000, -3.782468
0.050000, 0.500000, -3.532528
0.100000, 0.500000, -3.281012
0.150000, 0.500000, -3.030276
0.200000, 0.500000, -2.786363
0.250000, 0.500000, -2.559474
0.300000, 0.500000, -2.363150
0.350000, 0.500000, -2.212270
0.400000, 0.500000, -2.120210
0.450000, 0.500000, -2.095770
0.500000, 0.500000, -2.140537
0.550000, 0.500000, -2.247279
0.600000, 0.500000, -2.399806
0.650000, 0.500000, -2.574407
0.700000, 0.500000, -2.742671
0.750000, 0.500000, -2.875212
0.800000, 0.500000, -2.945630
0.850000, 0.500000, -2.933979
0.900000, 0.500000, -2.829133
0.950000, 0.500000, -2.629653
1.000000, 0.500000, -2.343052
1.050000, 0.500000, -1.983720
1.100000, 0.500000, -1.569963
1.150000, 0.500000, -1.120842
1.200000, 0.500000, -0.653446
1.250000, 0.500000, -0.181141
1.300000, 0.500000, 0.286918
1.350000, 0.500000, 0.745030
1.400000, 0.500000, 1.189254
1.450000, 0.500000, 1.615288
1.500000, 0.500000, 2.016553
1.550000, 0.500000, 2.383048
1.600000, 0.500000, 2.701355
1.650000, 0.500000, 2.955924
1.700000, 0.500000, 3.131447
1.750000, 0.500000, 3.215858
1.800000, 0.500000, 3.203333
1.850000, 0.500000, 3.096624
1.900000, 0.500000, 2.908174
1.950000, 0.500000, 2.659672
2.000000, 0.500000, 2.380052
0.000000, 0.550000, -3.783490
0.050000, 0.550000, -3.501633
0.100000, 0.550000, -3.221074
0.150000, 0.550000, -2.949162
0.200000, 0.550000, -2.695931
0.250000, 0.550000, -2.474155
0.300000, 0.550000, -2.298242
0.350000, 0.550000, -2.182084
0.400000, 0.550000, -2.136248
0.450000, 0.550000, -2.165102
0.500000, 0.550000, -2.264519
0.550000, 0.550000, -2.420761
0.600000, 0.550000, -2.610903
0.650000, 0.550000, -2.804891
0.700000, 0.550000, -2.968977
0.750000, 0.550000, -3.070010
0.800000, 0.550000, -3.079844
0.850000, 0.550000, -2.979131
0.900000, 0.550000, -2.759821
0.950000, 0.550000, -2.425966
1.000000, 0.550000, -1.992744
1.050000, 0.550000, -1.483931
1.100000, 0.550000, -0.928337
1.150000, 0.550000, -0.355923
1.200000, 0.550000, 0.205732
1.250000, 0.550000, 0.733994
1.300000, 0.550000, 1.212432
1.350000, 0.550000, 1.630733
1.400000, 0.550000, 1.983506
1.450000, 0.550000, 2.268474
1.500000, 0.550000, 2.484624
1.550000, 0.550000, 2.630879
1.600000, 0.550000, 2.705684
1.650000, 0.550000, 2.707628
1.700000, 0.550000, 2.636969
1.750000, 0.550000, 2.497655
1.800000, 0.550000, 2.299254
1.850000, 0.550000, 2.058221
1.900000, 0.550000, 1.798016
1.950000, 0.550000, 1.547797
2.000000, 0.550000, 1.339771
0.000000, 0.600000, -3.456389
0.050000, 0.600000, -3.140255
0.100000, 0.600000, -2.829468
0.150000, 0.600000, -2.537236
0.200000, 0.600000, -2.278008
0.250000, 0.600000, -2.066969
0.300000, 0.600000, -1.918583
0.350000, 0.600000, -1.844350
0.400000, 0.600000, -1.850165
0.450000, 0.600000, -1.933868
0.500000, 0.600000, -2.083593
0.550000, 0.600000, -2.277450
0.600000, 0.600000, -2.484838
0.650000, 0.600000, -2.669391
0.700000, 0.600000, -2.793210
0.750000, 0.600000, -2.821773
0.800000, 0.600000, -2.728743
0.850000, 0.600000, -2.499845
0.900000, 0.600000, -2.135161
0.950000, 0.600000, -1.649411
1.000000, 0.600000, -1.070183
1.050000, 0.600000, -0.434390
1.100000, 0.600000, 0.216421
1.150000, 0.600000, 0.841143
1.200000, 0.600000, 1.403739
1.250000, 0.600000, 1.876744
1.300000, 0.600000, 2.243202
1.350000, 0.600000, 2.496911
1.400000, 0.600000, 2.641194
1.450000, 0.600000, 2.686646
1.500000, 0.600000, 2.648476
1.550000, 0.600000, 2.544037
1.600000, 0.600000, 2.391024
1.650000, 0.600000, 2.206580
1.700000, 0.600000, 2.007283
1.750000, 0.600000, 1.809732
1.800000, 0.600000, 1.631288
1.850000, 0.600000, 1.490488
1.900000, 0.600000, 1.406728
1.950000, 0.600000, 1.399018
2.000000, 0.600000, 1.483862
0.000000, 0.650000, -3.001128
0.050000, 0.650000, -2.648501
0.100000, 0.650000, -2.306584
0.150000, 0.650000, -1.995325
0.200000, 0.650000, -1.733904
0.250000, 0.650000, -1.539503
0.300000, 0.650000, -1.425478
0.350000, 0.650000, -1.399124
0.400000, 0.650000, -1.459449
0.450000, 0.650000, -1.595493
0.500000, 0.650000, -1.785731
0.550000, 0.650000, -1.998975
0.600000, 0.650000, -2.196928
0.650000, 0.650000, -2.338264
0.700000, 0.650000, -2.383727
0.750000, 0.650000, -2.301561
0.800000, 0.650000, -2.072373
0.850000, 0.650000, -1.692611
0.900000, 0.650000, -1.175989
0.950000, 0.650000, -0.552530
1.000000, 0.650000, 0.134729
1.050000, 0.650000, 0.834909
1.100000, 0.650000, 1.495575
1.150000, 0.650000, 2.069185
1.200000, 0.650000, 2.518720
1.250000, 0.650000, 2.821685
1.300000, 0.650000, 2.971977
1.350000, 0.650000, 2.979462
1.400000, 0.650000, 2.867503
1.450000, 0.650000, 2.669021
1.500000, 0.650000, 2.421808
1.550000, 0.650000, 2.163905
1.600000, 0.650000, 1.929719
1.650000, 0.650000, 1.747324
1.700000, 0.650000, 1.637112
1.750000, 0.650000, 1.611658
1.800000, 0.650000, 1.676465
1.850000, 0.650000, 1.831121
1.900000, 0.650000, 2.070431
1.950000, 0.650000, 2.385222
2.000000, 0.650000, 2.762696
0.000000, 0.700000, -2.665602
0.050000, 0.700000, -2.274466
0.100000, 0.700000, -1.900855
0.150000, 0.700000, -1.572330
0.200000, 0.700000, -1.312973
0.250000, 0.700000, -1.141271
0.300000, 0.700000, -1.067921
0.350000, 0.700000, -1.093806
0.400000, 0.700000, -1.208564
0.450000, 0.700000, -1.390161
0.500000, 0.700000, -1.605888
0.550000, 0.700000, -1.814954
0.600000, 0.700000, -1.972639
0.650000, 0.700000, -2.035620
0.700000, 0.700000, -1.967815
0.750000, 0.700000, -1.745902
0.800000, 0.700000, -1.363588
0.850000, 0.700000, -0.833818
0.900000, 0.700000, -0.188419
0.950000, 0.700000, 0.524997
1.000000, 0.700000, 1.248554
1.050000, 0.700000, 1.921329
1.100000, 0.700000, 2.487255
1.150000, 0.700000, 2.902513
1.200000, 0.700000, 3.141296
1.250000, 0.700000, 3.199080
1.300000, 0.700000, 3.092903
1.350000, 0.700000, 2.858662
1.400000, 0.700000, 2.545902
1.450000, 0.700000, 2.210935
1.500000, 0.700000, 1.909383
1.550000, 0.700000, 1.689251
1.600000, 0.700000, 1.585504
1.650000, 0.700000, 1.616796
1.700000, 0.700000, 1.784640
1.750000, 0.700000, 2.074868
1.800000, 0.700000, 2.460907
1.850000, 0.700000, 2.908189
1.900000, 0.700000, 3.378905
1.950000, 0.700000, 3.836424
2.000000, 0.700000, 4.248853
0.000000, 0.750000, -2.650086
0.050000, 0.750000, -2.218684
0.100000, 0.750000, -1.813197
0.150000, 0.750000, -1.469651
0.200000, 0.750000, -1.217035
0.250000, 0.750000, -1.074128
0.300000, 0.750000, -1.047012
0.350000, 0.750000, -1.127606
0.400000, 0.750000, -1.293544
0.450000, 0.750000, -1.509674
0.500000, 0.750000, -1.731269
0.550000, 0.750000, -1.908827
0.600000, 0.750000, -1.994043
0.650000, 0.750000, -1.946294
0.700000, 0.750000, -1.738743
0.750000, 0.750000, -1.363130
0.800000, 0.750000, -0.832372
0.850000, 0.750000, -0.180367
0.900000, 0.750000, 0.541251
0.950000, 0.750000, 1.269128
1.000000, 0.750000, 1.936301
1.050000, 0.750000, 2.481266
1.100000, 0.750000, 2.856679
1.150000, 0.750000, 3.036341
1.200000, 0.750000, 3.019311
1.250000, 0.750000, 2.830440
1.300000, 0.750000, 2.517125
1.350000, 0.750000, 2.142742
1.400000, 0.750000, 1.777689
1.450000, 0.750000, 1.489415
1.500000, 0.750000, 1.332953
1.550000, 0.750000, 1.343381
1.600000, 0.750000, 1.531346
1.650000, 0.750000, 1.882257
1.700000, 0.750000, 2.359171
1.750000, 0.750000, 2.908835
1.800000, 0.750000, 3.469847
1.850000, 0.750000, 3.981646
1.900000, 0.750000, 4.392947
1.950000, 0.750000, 4.668445
2.000000, 0.750000, 4.792898
0.000000, 0.800000, -3.029942
0.050000, 0.800000, -2.556822
0.100000, 0.800000, -2.119697
0.150000, 0.800000, -1.763873
0.200000, 0.800000, -1.523048
0.250000, 0.800000, -1.414931
0.300000, 0.800000, -1.438640
0.350000, 0.800000, -1.574284
0.400000, 0.800000, -1.784885
0.450000, 0.800000, -2.020603
0.500000, 0.800000, -2.224875
0.550000, 0.800000, -2.341849
0.600000, 0.800000, -2.324201
0.650000, 0.800000, -2.140294
0.700000, 0.800000, -1.779616
0.750000, 0.800000, -1.255560
0.800000, 0.800000, -0.604940
0.850000, 0.800000, 0.115946
0.900000, 0.800000, 0.838353
0.950000, 0.800000, 1.490380
1.000000, 0.800000, 2.007229
1.050000, 0.800000, 2.340909
1.100000, 0.800000, 2.467844
1.150000, 0.800000, 2.393092
1.200000, 0.800000, 2.150352
1.250000, 0.800000, 1.797579
1.300000, 0.800000, 1.408735
1.350000, 0.800000, 1.062855
1.400000, 0.800000, 0.832078
1.450000, 0.800000, 0.770542
1.500000, 0.800000, 0.905927
1.550000, 0.800000, 1.235053
1.600000, 0.800000, 1.724297
1.650000, 0.800000, 2.314833
1.700000, 0.800000, 2.931886
1.750000, 0.800000, 3.496537
1.800000, 0.800000, 3.938203
1.850000, 0.800000, 4.205790
1.900000, 0.800000, 4.275730
1.950000, 0.800000, 4.155660
2.000000, 0.800000, 3.883188
0.000000, 0.850000, -3.726121
0.050000, 0.850000, -3.210180
0.100000, 0.850000, -2.742105
0.150000, 0.850000, -2.377243
0.200000, 0.850000, -2.153575
0.250000, 0.850000, -2.086006
0.300000, 0.850000, -2.163962
0.350000, 0.850000, -2.352705
0.400000, 0.850000, -2.598250
0.450000, 0.850000, -2.835250
0.500000, 0.850000, -2.996792
0.550000, 0.850000, -3.024705
0.600000, 0.850000, -2.878872
0.650000, 0.850000, -2.544100
0.700000, 0.850000, -2.033415
0.750000, 0.850000, -1.387123
0.800000, 0.850000, -0.667622
0.850000, 0.850000, 0.049416
0.900000, 0.850000, 0.686267
0.950000, 0.850000, 1.175088
1.000000, 0.850000, 1.468720
1.050000, 0.850000, 1.548563
1.100000, 0.850000, 1.428161
1.150000, 0.850000, 1.151744
1.200000, 0.850000, 0.787785
1.250000, 0.850000, 0.418454
1.300000, 0.850000, 0.126573
1.350000, 0.850000, -0.017854
1.400000, 0.850000, 0.030690
1.450000, 0.850000, 0.285369
1.500000, 0.850000, 0.724364
1.550000, 0.850000, 1.294040
1.600000, 0.850000, 1.917540
1.650000, 0.850000, 2.507471
1.700000, 0.850000, 2.980629
1.750000, 0.850000, 3.272296
1.800000, 0.850000, 3.347677
1.850000, 0.850000, 3.208464
1.900000, 0.850000, 2.893337
1.950000, 0.850000, 2.472197
2.000000, 0.850000, 2.035053
0.000000, 0.900000, -4.534753
0.050000, 0.900000, -3.975267
0.100000, 0.900000, -3.477401
0.150000, 0.900000, -3.107228
0.200000, 0.900000, -2.906332
0.250000, 0.900000, -2.884695
0.300000, 0.900000, -3.018974
0.350000, 0.900000, -3.256489
0.400000, 0.900000, -3.524275
0.450000, 0.900000, -3.741695
0.500000, 0.900000, -3.834499
0.550000, 0.900000, -3.747946
0.600000, 0.900000, -3.456740
0.650000, 0.900000, -2.970030
0.700000, 0.900000, -2.330568
0.750000, 0.900000, -1.608058
0.800000, 0.900000, -0.887768
0.850000, 0.900000, -0.256285
0.900000, 0.900000, 0.213189
0.950000, 0.900000, 0.473459
1.000000, 0.900000, 0.511662
1.050000, 0.900000, 0.351775
1.100000, 0.900000, 0.050772
1.150000, 0.900000, -0.310997
1.200000, 0.900000, -0.643645
1.250000, 0.900000, -0.863419
1.300000, 0.900000, -0.907490
1.350000, 0.900000, -0.745240
1.400000, 0.900000, -0.383969
1.450000, 0.900000, 0.132087
1.500000, 0.900000, 0.729362
1.550000, 0.900000, 1.317958
1.600000, 0.900000, 1.807815
1.650000, 0.900000, 2.125188
1.700000, 0.900000, 2.226486
1.750000, 0.900000, 2.106926
1.800000, 0.900000, 1.802345
1.850000, 0.900000, 1.383709
1.900000, 0.900000, 0.945180
1.950000, 0.900000, 0.587779
2.000000, 0.900000, 0.401524
0.000000, 0.950000, -5.204525
0.050000, 0.950000, -4.601178
0.100000, 0.950000, -4.075161
0.150000, 0.950000, -3.703872
0.200000, 0.950000, -3.531535
0.250000, 0.950000, -3.560700
0.300000, 0.950000, -3.751892
0.350000, 0.950000, -4.031470
0.400000, 0.950000, -4.306185
0.450000, 0.950000, -4.481605
0.500000, 0.950000, -4.480837
0.550000, 0.950000, -4.259910
0.600000, 0.950000, -3.816808
0.650000, 0.950000, -3.192390
0.700000, 0.950000, -2.462970
0.750000, 0.950000, -1.725999
0.800000, 0.950000, -1.081560
0.850000, 0.950000, -0.613283
0.900000, 0.950000, -0.372360
0.950000, 0.950000, -0.367770
1.000000, 0.950000, -0.564634
1.050000, 0.950000, -0.891035
1.100000, 0.950000, -1.252012
1.150000, 0.950000, -1.548022
1.200000, 0.950000, -1.694303
1.250000, 0.950000, -1.637356
1.300000, 0.950000, -1.365344
1.350000, 0.950000, -0.910343
1.400000, 0.950000, -0.341976
1.450000, 0.950000, 0.246354
1.500000, 0.950000, 0.755986
1.550000, 0.950000, 1.102670
1.600000, 0.950000, 1.233544
1.650000, 0.950000, 1.138068
1.700000, 0.950000, 0.850744
1.750000, 0.950000, 0.445027
1.800000, 0.950000, 0.019560
1.850000, 0.950000, -0.320632
1.900000, 0.950000, -0.484345
1.950000, 0.950000, -0.411855
2.000000, 0.950000, -0.086564
0.000000, 1.000000, -5.532324
0.050000, 1.000000, -4.885218
0.100000, 1.000000, -4.333170
0.150000, 1.000000, -3.965398
0.200000, 1.000000, -3.827495
0.250000, 1.000000, -3.911684
0.300000, 1.000000, -4.158780
0.350000, 1.000000, -4.471415
0.400000, 1.000000, -4.735651
0.450000, 1.000000, -4.846248
0.500000, 1.000000, -4.730071
0.550000, 1.000000, -4.362523
0.600000, 1.000000, -3.773414
0.650000, 1.000000, -3.040965
0.700000, 1.000000, -2.275248
0.750000, 1.000000, -1.594660
0.800000, 1.000000, -1.100545
0.850000, 1.000000, -0.855485
0.900000, 1.000000, -0.869991
0.950000, 1.000000, -1.100468
1.000000, 1.000000, -1.458922
1.050000, 1.000000, -1.832249
1.100000, 1.000000, -2.106938
1.150000, 1.000000, -2.193771
1.200000, 1.000000, -2.047153
1.250000, 1.000000, -1.674863
1.300000, 1.000000, -1.136085
1.350000, 1.000000, -0.528188
1.400000, 1.000000, 0.034892
1.450000, 1.000000, 0.447912
1.500000, 1.000000, 0.637739
1.550000, 1.000000, 0.579777
1.600000, 1.000000, 0.303834
1.650000, 1.000000, -0.111869
1.700000, 1.000000, -0.557259
1.750000, 1.000000, -0.913939
1.800000, 1.000000, -1.080566
1.850000, 1.000000, -0.994556
1.900000, 1.000000, -0.645401
1.950000, 1.000000, -0.076692
2.000000, 1.000000, 0.623573
0.000000, 1.050000, -5.440592
0.050000, 1.050000, -4.750257
0.100000, 1.050000, -4.174772
0.150000, 1.050000, -3.815543
0.200000, 1.050000, -3.717945
0.250000, 1.050000, -3.860604
0.300000, 1.050000, -4.160923
0.350000, 1.050000, -4.495478
0.400000, 1.050000, -4.730370
0.450000, 1.050000, -4.754174
0.500000, 1.050000, -4.505497
0.550000, 1.050000, -3.988468
0.600000, 1.050000, -3.272380
0.650000, 1.050000, -2.475545
0.700000, 1.050000, -1.737232
0.750000, 1.050000, -1.184454
0.800000, 1.050000, -0.901624
0.850000, 1.050000, -0.910401
0.900000, 1.050000, -1.164637
0.950000, 1.050000, -1.561628
1.000000, 1.050000, -1.967008
1.050000, 1.050000, -2.247253
1.100000, 1.050000, -2.301969
1.150000, 1.050000, -2.088145
1.200000, 1.050000, -1.630486
1.250000, 1.050000, -1.015315
1.300000, 1.050000, -0.369472
1.350000, 1.050000, 0.170694
1.400000, 1.050000, 0.492783
1.450000, 1.050000, 0.536129
1.500000, 1.050000, 0.307188
1.550000, 1.050000, -0.121252
1.600000, 1.050000, -0.626894
1.650000, 1.050000, -1.066794
1.700000, 1.050000, -1.311332
1.750000, 1.050000, -1.275107
1.800000, 1.050000, -0.937306
1.850000, 1.050000, -0.346591
1.900000, 1.050000, 0.390701
1.950000, 1.050000, 1.136263
2.000000, 1.050000, 1.753239
0.000000, 1.100000, -5.006886
0.050000, 1.100000, -4.274271
0.100000, 1.100000, -3.678392
0.150000, 1.100000, -3.333080
0.200000, 1.100000, -3.281554
0.250000, 1.100000, -3.485232
0.300000, 1.100000, -3.834389
0.350000, 1.100000, -4.177848
0.400000, 1.100000, -4.363815
0.450000, 1.100000, -4.280993
0.500000, 1.100000, -3.889034
0.550000, 1.100000, -3.230168
0.600000, 1.100000, -2.418862
0.650000, 1.100000, -1.612171
0.700000, 1.100000, -0.968598
0.750000, 1.100000, -0.606334
0.800000, 1.100000, -0.571982
0.850000, 1.100000, -0.828096
0.900000, 1.100000, -1.262932
0.950000, 1.100000, -1.719898
1.000000, 1.100000, -2.038990
1.050000, 1.100000, -2.099262
1.100000, 1.100000, -1.851074
1.150000, 1.100000, -1.329508
1.200000, 1.100000, -0.645311
1.250000, 1.100000, 0.044372
1.300000, 1.100000, 0.577800
1.350000, 1.100000, 0.832000
1.400000, 1.100000, 0.756188
1.450000, 1.100000, 0.386347
1.500000, 1.100000, -0.163020
1.550000, 1.100000, -0.727946
1.600000, 1.100000, -1.137323
1.650000, 1.100000, -1.257434
1.700000, 1.100000, -1.026963
1.750000, 1.100000, -0.473219
1.800000, 1.100000, 0.294818
1.850000, 1.100000, 1.114911
1.900000, 1.100000, 1.814104
1.950000, 1.100000, 2.254256
2.000000, 1.100000, 2.368629
0.000000, 1.150000, -4.434322
0.050000, 1.150000, -3.660779
0.100000, 1.150000, -3.047974
0.150000, 1.150000, -2.722233
0.200000, 1.150000, -2.722343
0.250000, 1.150000, -2.988583
0.300000, 1.150000, -3.380500
0.350000, 1.150000, -3.718298
0.400000, 1.150000, -3.835850
0.450000, 1.150000, -3.629958
0.500000, 1.150000, -3.091500
0.550000, 1.150000, -2.309341
0.600000, 1.150000, -1.445727
0.650000, 1.150000, -0.690148
0.700000, 1.150000, -0.204928
0.750000, 1.150000, -0.078260
0.800000, 1.150000, -0.298321
0.850000, 1.150000, -0.756100
0.900000, 1.150000, -1.276289
0.950000, 1.150000, -1.667495
1.000000, 1.150000, -1.777410
1.050000, 1.150000, -1.537025
1.100000, 1.150000, -0.981095
1.150000, 1.150000, -0.238759
1.200000, 1.150000, 0.503175
1.250000, 1.150000, 1.053912
1.300000, 1.150000, 1.274002
1.350000, 1.150000, 1.116445
1.400000, 1.150000, 0.641651
1.450000, 1.150000, 0.001776
1.500000, 1.150000, -0.601302
1.550000, 1.150000, -0.972539
1.600000, 1.150000, -0.978756
1.650000, 1.150000, -0.586450
1.700000, 1.150000, 0.128500
1.750000, 1.150000, 1.002125
1.800000, 1.150000, 1.828748
1.850000, 1.150000, 2.419354
1.900000, 1.150000, 2.655417
1.950000, 1.150000, 2.522836
2.000000, 1.150000, 2.116296
0.000000, 1.200000, -3.974209
0.050000, 1.200000, -3.161473
0.100000, 1.200000, -2.535591
0.150000, 1.200000, -2.235294
0.200000, 1.200000, -2.292292
0.250000, 1.200000, -2.621536
0.300000, 1.200000, -3.048494
0.350000, 1.200000, -3.364908
0.400000, 1.200000, -3.395507
0.450000, 1.200000, -3.054640
0.500000, 1.200000, -2.374887
0.550000, 1.200000, -1.498469
0.600000, 1.200000, -0.633915
0.650000, 1.200000, 0.008603
0.700000, 1.200000, 0.283072
0.750000, 1.200000, 0.153928
0.800000, 1.200000, -0.291844
0.850000, 1.200000, -0.870843
0.900000, 1.200000, -1.359720
0.950000, 1.200000, -1.564559
1.000000, 1.200000, -1.381576
1.050000, 1.200000, -0.830149
1.100000, 1.200000, -0.047681
1.150000, 1.200000, 0.752392
1.200000, 1.200000, 1.346614
1.250000, 1.200000, 1.571217
1.300000, 1.200000, 1.373905
1.350000, 1.200000, 0.831556
1.400000, 1.200000, 0.128156
1.450000, 1.200000, -0.500418
1.500000, 1.200000, -0.837893
1.550000, 1.200000, -0.753383
1.600000, 1.200000, -0.241192
1.650000, 1.200000, 0.577672
1.700000, 1.200000, 1.492805
1.750000, 1.200000, 2.269085
1.800000, 1.200000, 2.718852
1.850000, 1.200000, 2.759381
1.900000, 1.200000, 2.438008
1.950000, 1.200000, 1.917233
2.000000, 1.200000, 1.424453
0.000000, 1.250000, -3.830420
0.050000, 1.250000, -2.980571
0.100000, 1.250000, -2.345798
0.150000, 1.250000, -2.076955
0.200000, 1.250000, -2.195675
0.250000, 1.250000, -2.587186
0.300000, 1.250000, -3.039922
0.350000, 1.250000, -3.318530
0.400000, 1.250000, -3.245446
0.450000, 1.250000, -2.763217
0.500000, 1.250000, -1.956175
0.550000, 1.250000, -1.023800
0.600000, 1.250000, -0.214503
0.650000, 1.250000, 0.257975
0.700000, 1.250000, 0.287263
0.750000, 1.250000, -0.088537
0.800000, 1.250000, -0.698210
0.850000, 1.250000, -1.293767
0.900000, 1.250000, -1.633087
0.950000, 1.250000, -1.561206
1.000000, 1.250000, -1.062878
1.050000, 1.250000, -0.268571
1.100000, 1.250000, 0.588408
1.150000, 1.250000, 1.249535
1.200000, 1.250000, 1.517623
1.250000, 1.250000, 1.323399
1.300000, 1.250000, 0.749777
1.350000, 1.250000, 0.005609
1.400000, 1.250000, -0.642467
1.450000, 1.250000, -0.957424
1.500000, 1.250000, -0.809433
1.550000, 1.250000, -0.217828
1.600000, 1.250000, 0.656417
1.650000, 1.250000, 1.565090
1.700000, 1.250000, 2.255736
1.750000, 1.250000, 2.555506
1.800000, 1.250000, 2.427932
1.850000, 1.250000, 1.983850
1.900000, 1.250000, 1.443095
1.950000, 1.250000, 1.060083
2.000000, 1.250000, 1.038388
0.000000, 1.300000, -4.082002
0.050000, 1.300000, -3.197425
0.100000, 1.300000, -2.558228
0.150000, 1.300000, -2.326911
0.200000, 1.300000, -2.511665
0.250000, 1.300000, -2.963463
0.300000, 1.300000, -3.431309
0.350000, 1.300000, -3.655485
0.400000, 1.300000, -3.464627
0.450000, 1.300000, -2.840924
0.500000, 1.300000, -1.929253
0.550000, 1.300000, -0.986499
0.600000, 1.300000, -0.289182
0.650000, 1.300000, -0.032870
0.700000, 1.300000, -0.260051
0.750000, 1.300000, -0.842989
0.800000, 1.300000, -1.528191
0.850000, 1.300000, -2.026785
0.900000, 1.300000, -2.118295
0.950000, 1.300000, -1.730331
1.000000, 1.300000, -0.965238
1.050000, 1.300000, -0.063866
1.100000, 1.300000, 0.680699
1.150000, 1.300000, 1.028488
1.200000, 1.300000, 0.879174
1.250000, 1.300000, 0.308640
1.300000, 1.300000, -0.457577
1.350000, 1.300000, -1.124354
1.400000, 1.300000, -1.431699
1.450000, 1.300000, -1.246440
1.500000, 1.300000, -0.608001
1.550000, 1.300000, 0.287950
1.600000, 1.300000, 1.161718
1.650000, 1.300000, 1.751293
1.700000, 1.300000, 1.906644
1.750000, 1.300000, 1.642586
1.800000, 1.300000, 1.131416
1.850000, 1.300000, 0.638418
1.900000, 1.300000, 0.424096
1.950000, 1.300000, 0.648930
2.000000, 1.300000, 1.315335
0.000000, 1.350000, -4.653595
0.050000, 1.350000, -3.736929
0.100000, 1.350000, -3.097995
0.150000, 1.350000, -2.910249
0.200000, 1.350000, -3.164723
0.250000, 1.350000, -3.673548
0.300000, 1.350000, -4.144612
0.350000, 1.350000, -4.298054
0.400000, 1.350000, -3.978735
0.450000, 1.350000, -3.220195
0.500000, 1.350000, -2.234520
0.550000, 1.350000, -1.331578
0.600000, 1.350000, -0.798852
0.650000, 1.350000, -0.788765
0.700000, 1.350000, -1.257672
0.750000, 1.350000, -1.980751
0.800000, 1.350000, -2.637451
0.850000, 1.350000, -2.934591
0.900000, 1.350000, -2.719426
0.950000, 1.350000, -2.038709
1.000000, 1.350000, -1.120720
1.050000, 1.350000, -0.287080
1.100000, 1.350000, 0.171520
1.150000, 1.350000, 0.107552
1.200000, 1.350000, -0.426555
1.250000, 1.350000, -1.198908
1.300000, 1.350000, -1.887733
1.350000, 1.350000, -2.205057
1.400000, 1.350000, -2.006401
1.450000, 1.350000, -1.344051
1.500000, 1.350000, -0.443610
1.550000, 1.350000, 0.386481
1.600000, 1.350000, 0.876695
1.650000, 1.350000, 0.901664
1.700000, 1.350000, 0.527864
1.750000, 1.350000, -0.014582
1.800000, 1.350000, -0.424454
1.850000, 1.350000, -0.449596
1.900000, 1.350000, 0.012777
1.950000, 1.350000, 0.875173
2.000000, 1.350000, 1.894373
0.000000, 1.400000, -5.344922
0.050000, 1.400000, -4.399006
0.100000, 1.400000, -3.765179
0.150000, 1.400000, -3.626937
0.200000, 1.400000, -3.954092
0.250000, 1.400000, -4.515385
0.300000, 1.400000, -4.976765
0.350000, 1.400000, -5.044038
0.400000, 1.400000, -4.589642
0.450000, 1.400000, -3.709813
0.500000, 1.400000, -2.687501
0.550000, 1.400000, -1.876009
0.600000, 1.400000, -1.551774
0.650000, 1.400000, -1.797928
0.700000, 1.400000, -2.467637
0.750000, 1.400000, -3.243009
0.800000, 1.400000, -3.765433
0.850000, 1.400000, -3.783252
0.900000, 1.400000, -3.255359
0.950000, 1.400000, -2.367547
1.000000, 1.400000, -1.454846
1.050000, 1.400000, -0.862195
1.100000, 1.400000, -0.801497
1.150000, 1.400000, -1.264447
1.200000, 1.400000, -2.027159
1.250000, 1.400000, -2.744188
1.300000, 1.400000, -3.092283
1.350000, 1.400000, -2.903606
1.400000, 1.400000, -2.232863
1.450000, 1.400000, -1.330716
1.500000, 1.400000, -0.535281
1.550000, 1.400000, -0.127829
1.600000, 1.400000, -0.213683
1.650000, 1.400000, -0.678435
1.700000, 1.400000, -1.237736
1.750000, 1.400000, -1.559347
1.800000, 1.400000, -1.405657
1.850000, 1.400000, -0.736236
1.900000, 1.400000, 0.273172
1.950000, 1.400000, 1.303510
2.000000, 1.400000, 2.026619
0.000000, 1.450000, -5.908090
0.050000, 1.450000, -4.935903
0.100000, 1.450000, -4.312114
0.150000, 1.450000, -4.229105
0.200000, 1.450000, -4.631090
0.250000, 1.450000, -5.238992
0.300000, 1.450000, -5.677031
0.350000, 1.450000, -5.644106
0.400000, 1.450000, -5.052621
0.450000, 1.450000, -4.071786
0.500000, 1.450000, -3.055243
0.550000, 1.450000, -2.384816
0.600000, 1.450000, -2.300097
0.650000, 1.450000, -2.790185
0.700000, 1.450000, -3.596379
0.750000, 1.450000, -4.325058
0.800000, 1.450000, -4.620744
0.850000, 1.450000, -4.322348
0.900000, 1.450000, -3.533077
0.950000, 1.450000, -2.572992
1.000000, 1.450000, -1.835600
1.050000, 1.450000, -1.612623
1.100000, 1.450000, -1.965112
1.150000, 1.450000, -2.698097
1.200000, 1.450000, -3.449508
1.250000, 1.450000, -3.852921
1.300000, 1.450000, -3.700799
1.350000, 1.450000, -3.035031
1.400000, 1.450000, -2.124491
1.450000, 1.450000, -1.340341
1.500000, 1.450000, -0.985776
1.550000, 1.450000, -1.157345
1.600000, 1.450000, -1.700577
1.650000, 1.450000, -2.280014
1.700000, 1.450000, -2.532046
1.750000, 1.450000, -2.231443
1.800000, 1.450000, -1.396172
1.850000, 1.450000, -0.282687
1.900000, 1.450000, 0.726791
1.950000, 1.450000, 1.294795
2.000000, 1.450000, 1.280442
0.000000, 1.500000, -6.143135
0.050000, 1.500000, -5.147735
0.100000, 1.500000, -4.538931
0.150000, 1.500000, -4.516597
0.200000, 1.500000, -4.994664
0.250000, 1.500000, -5.642047
0.300000, 1.500000, -6.042607
0.350000, 1.500000, -5.897384
0.400000, 1.500000, -5.171780
0.450000, 1.500000, -4.116436
0.500000, 1.500000, -3.150994
0.550000, 1.500000, -2.665684
0.600000, 1.500000, -2.835284
0.650000, 1.500000, -3.534416
0.700000, 1.500000, -4.394948
0.750000, 1.500000, -4.978538
0.800000, 1.500000, -4.982375
0.850000, 1.500000, -4.380370
0.900000, 1.500000, -3.432821
0.950000, 1.500000, -2.560378
1.000000, 1.500000, -2.142790
1.050000, 1.500000, -2.338582
1.100000, 1.500000, -3.011497
1.150000, 1.500000, -3.798193
1.200000, 1.500000, -4.284000
1.250000, 1.500000, -4.201946
1.300000, 1.500000, -3.559377
1.350000, 1.500000, -2.631607
1.400000, 1.500000, -1.826073
1.450000, 1.500000, -1.482793
1.500000, 1.500000, -1.707571
1.550000, 1.500000, -2.318618
1.600000, 1.500000, -2.932714
1.650000, 1.500000, -3.149793
1.700000, 1.500000, -2.747326
1.750000, 1.500000, -1.790820
1.800000, 1.500000, -0.606725
1.850000, 1.500000, 0.370071
1.900000, 1.500000, 0.801810
1.950000, 1.500000, 0.608406
2.000000, 1.500000, 0.006138
0.000000, 1.550000, -5.975315
0.050000, 1.550000, -4.959770
0.100000, 1.550000, -4.370848
0.150000, 1.550000, -4.414256
0.200000, 1.550000, -4.968688
0.250000, 1.550000, -5.647210
0.300000, 1.550000, -5.995976
0.350000, 1.550000, -5.728763
0.400000, 1.550000, -4.877190
0.450000, 1.550000, -3.779192
0.500000, 1.550000, -2.910708
0.550000, 1.550000, -2.645637
0.600000, 1.550000, -3.065932
0.650000, 1.550000, -3.918528
0.700000, 1.550000, -4.741289
0.750000, 1.550000, -5.094319
0.800000, 1.550000, -4.779458
0.850000, 1.550000, -3.936903
0.900000, 1.550000, -2.970433
0.950000, 1.550000, -2.339902
1.000000, 1.550000, -2.326961
1.050000, 1.550000, -2.893231
1.100000, 1.550000, -3.702632
1.150000, 1.550000, -4.295638
1.200000, 1.550000, -4.325699
1.250000, 1.550000, -3.736551
1.300000, 1.550000, -2.789635
1.350000, 1.550000, -1.927724
1.400000, 1.550000, -1.544830
1.450000, 1.550000, -1.780571
1.500000, 1.550000, -2.444827
1.550000, 1.550000, -3.111957
1.600000, 1.550000, -3.337105
1.650000, 1.550000, -2.884429
1.700000, 1.550000, -1.850598
1.750000, 1.550000, -0.619950
1.800000, 1.550000, 0.326660
1.850000, 1.550000, 0.652714
1.900000, 1.550000, 0.334482
1.950000, 1.550000, -0.328364
2.000000, 1.550000, -0.865301
0.000000, 1.600000, -5.484586
0.050000, 1.600000, -4.451915
0.100000, 1.600000, -3.887647
0.150000, 1.600000, -4.001411
0.200000, 1.600000, -4.631465
0.250000, 1.600000, -5.331643
0.300000, 1.600000, -5.614444
0.350000, 1.600000, -5.218389
0.400000, 1.600000, -4.254180
0.450000, 1.600000, -3.149575
0.500000, 1.600000, -2.421853
0.550000, 1.600000, -2.400283
0.600000, 1.600000, -3.048397
0.650000, 1.600000, -3.982165
0.700000, 1.600000, -4.674488
0.750000, 1.600000, -4.735804
0.800000, 1.600000, -4.119666
0.850000, 1.600000, -3.142855
0.900000, 1.600000, -2.310027
0.950000, 1.600000, -2.038479
1.000000, 1.600000, -2.432356
1.050000, 1.600000, -3.228324
1.100000, 1.600000, -3.941460
1.150000, 1.600000, -4.131306
1.200000, 1.600000, -3.642959
1.250000, 1.600000, -2.691757
1.300000, 1.600000, -1.745318
1.350000, 1.600000, -1.266961
1.400000, 1.600000, -1.460135
1.450000, 1.600000, -2.153254
1.500000, 1.600000, -2.888374
1.550000, 1.600000, -3.166557
1.600000, 1.600000, -2.717572
1.650000, 1.600000, -1.647968
1.700000, 1.600000, -0.386995
1.750000, 1.600000, 0.540963
1.800000, 1.600000, 0.795048
1.850000, 1.600000, 0.397629
1.900000, 1.600000, -0.281460
1.950000, 1.600000, -0.727071
2.000000, 1.600000, -0.557582
0.000000, 1.650000, -4.875996
0.050000, 1.650000, -3.829103
0.100000, 1.650000, -3.294076
0.150000, 1.650000, -3.482280
0.200000, 1.650000, -4.186142
0.250000, 1.650000, -4.897452
0.300000, 1.650000, -5.100589
0.350000, 1.650000, -4.572044
0.400000, 1.650000, -3.513514
0.450000, 1.650000, -2.441114
0.500000, 1.650000, -1.893305
0.550000, 1.650000, -2.124362
0.600000, 1.650000, -2.958862
0.650000, 1.650000, -3.890581
0.700000, 1.650000, -4.369217
0.750000, 1.650000, -4.110915
0.800000, 1.650000, -3.255151
0.850000, 1.650000, -2.278945
0.900000, 1.650000, -1.718675
0.950000, 1.650000, -1.859977
1.000000, 1.650000, -2.574080
1.050000, 1.650000, -3.394246
1.100000, 1.650000, -3.787593
1.150000, 1.650000, -3.465022
1.200000, 1.650000, -2.550116
1.250000, 1.650000, -1.509105
1.300000, 1.650000, -0.881764
1.350000, 1.650000, -0.968014
1.400000, 1.650000, -1.650909
1.450000, 1.650000, -2.458713
1.500000, 1.650000, -2.831475
1.550000, 1.650000, -2.439902
1.600000, 1.650000, -1.373989
1.650000, 1.650000, -0.093226
1.700000, 1.650000, 0.833278
1.750000, 1.650000, 1.048120
1.800000, 1.650000, 0.604757
1.850000, 1.650000, -0.068837
1.900000, 1.650000, -0.420178
1.950000, 1.650000, -0.091622
2.000000, 1.650000, 0.874581
0.000000, 1.700000, -4.402271
0.050000, 1.700000, -3.343886
0.100000, 1.700000, -2.842437
0.150000, 1.700000, -3.108569
0.200000, 1.700000, -3.883325
0.250000, 1.700000, -4.594329
0.300000, 1.700000, -4.704906
0.350000, 1.700000, -4.043709
0.400000, 1.700000, -2.913751
0.450000, 1.700000, -1.913496
0.500000, 1.700000, -1.577628
0.550000, 1.700000, -2.054866
0.600000, 1.700000, -3.018005
0.650000, 1.700000, -3.860640
0.700000, 1.700000, -4.061219
0.750000, 1.700000, -3.493847
0.800000, 1.700000, -2.497945
0.850000, 1.700000, -1.665634
0.900000, 1.700000, -1.477224
0.950000, 1.700000, -2.007148
1.000000, 1.700000, -2.879316
1.050000, 1.700000, -3.498631
1.100000, 1.700000, -3.416968
1.150000, 1.700000, -2.609918
1.200000, 1.700000, -1.494830
1.250000, 1.700000, -0.678305
1.300000, 1.700000, -0.586261
1.350000, 1.700000, -1.201661
1.400000, 1.700000, -2.070056
1.450000, 1.700000, -2.570591
1.500000, 1.700000, -2.288854
1.550000, 1.700000, -1.265917
1.600000, 1.700000, 0.027137
1.650000, 1.700000, 0.973432
1.700000, 1.700000, 1.180730
1.750000, 1.700000, 0.713581
1.800000, 1.700000, 0.047164
1.850000, 1.700000, -0.227897
1.900000, 1.700000, 0.230870
1.950000, 1.700000, 1.307544
2.000000, 1.700000, 2.498937
0.000000, 1.750000, -4.268146
0.050000, 1.750000, -3.200769
0.100000, 1.750000, -2.736935
0.150000, 1.750000, -3.083826
0.200000, 1.750000, -3.925445
0.250000, 1.750000, -4.623937
0.300000, 1.750000, -4.630192
0.350000, 1.750000, -3.839852
0.400000, 1.750000, -2.665341
0.450000, 1.750000, -1.776523
0.500000, 1.750000, -1.675307
0.550000, 1.750000, -2.376269
0.600000, 1.750000, -3.397645
0.650000, 1.750000, -4.068182
0.700000, 1.750000, -3.953080
0.750000, 1.750000, -3.126273
0.800000, 1.750000, -2.115383
0.850000, 1.750000, -1.556055
0.900000, 1.750000, -1.778873
0.950000, 1.750000, -2.594953
1.000000, 1.750000, -3.418085
1.050000, 1.750000, -3.644495
1.100000, 1.750000, -3.045313
1.150000, 1.750000, -1.918382
1.200000, 1.750000, -0.900639
1.250000, 1.750000, -0.560624
1.300000, 1.750000, -1.032407
1.350000, 1.750000, -1.926196
1.400000, 1.750000, -2.573756
1.450000, 1.750000, -2.452077
1.500000, 1.750000, -1.514436
1.550000, 1.750000, -0.217358
1.600000, 1.750000, 0.773007
1.650000, 1.750000, 1.006184
1.700000, 1.750000, 0.531492
1.750000, 1.750000, -0.140677
1.800000, 1.750000, -0.374280
1.850000, 1.750000, 0.177057
1.900000, 1.750000, 1.342789
1.950000, 1.750000, 2.542965
2.000000, 1.750000, 3.161591
0.000000, 1.800000, -4.552960
0.050000, 1.800000, -3.478812
0.100000, 1.800000, -3.056276
0.150000, 1.800000, -3.486056
0.200000, 1.800000, -4.389397
0.250000, 1.800000, -5.062567
0.300000, 1.800000, -4.954184
0.350000, 1.800000, -4.041973
0.400000, 1.800000, -2.852988
0.450000, 1.800000, -2.112418
0.500000, 1.800000, -2.257465
0.550000, 1.800000, -3.144304
0.600000, 1.800000, -4.145722
0.650000, 1.800000, -4.573007
0.700000, 1.800000, -4.136674
0.750000, 1.800000, -3.134893
0.800000, 1.800000, -2.243349
0.850000, 1.800000, -2.050307
0.900000, 1.800000, -2.653087
0.950000, 1.800000, -3.590053
1.000000, 1.800000, -4.154344
1.050000, 1.800000, -3.876326
1.100000, 1.800000, -2.846909
1.150000, 1.800000, -1.661392
1.200000, 1.800000, -1.020504
1.250000, 1.800000, -1.257831
1.300000, 1.800000, -2.113210
1.350000, 1.800000, -2.905700
1.400000, 1.800000, -2.989699
1.450000, 1.800000, -2.186438
1.500000, 1.800000, -0.899975
1.550000, 1.800000, 0.159620
1.600000, 1.800000, 0.457458
1.650000, 1.800000, -0.006811
1.700000, 1.800000, -0.704558
1.750000, 1.800000, -0.943913
1.800000, 1.800000, -0.346593
1.850000, 1.800000, 0.888621
1.900000, 1.800000, 2.115481
1.950000, 1.800000, 2.675939
2.000000, 1.800000, 2.346923
0.000000, 1.850000, -5.181060
0.050000, 1.850000, -4.102042
0.100000, 1.850000, -3.724099
0.150000, 1.850000, -4.238153
0.200000, 1.850000, -5.196984
0.250000, 1.850000, -5.831603
0.300000, 1.850000, -5.600014
0.350000, 1.850000, -4.576944
0.400000, 1.850000, -3.405831
0.450000, 1.850000, -2.846028
0.500000, 1.850000, -3.236615
0.550000, 1.850000, -4.257779
0.600000, 1.850000, -5.158965
0.650000, 1.850000, -5.290795
0.700000, 1.850000, -4.561835
0.750000, 1.850000, -3.495537
0.800000, 1.850000, -2.848205
0.850000, 1.850000, -3.061962
0.900000, 1.850000, -3.944165
0.950000, 1.850000, -4.802687
1.000000, 1.850000, -4.940777
1.050000, 1.850000, -4.158054
1.100000, 1.850000, -2.899258
1.150000, 1.850000, -1.943228
1.200000, 1.850000, -1.852418
1.250000, 1.850000, -2.574356
1.300000, 1.850000, -3.478651
1.350000, 1.850000, -3.803285
1.400000, 1.850000, -3.192720
1.450000, 1.850000, -1.945396
1.500000, 1.850000, -0.795621
1.550000, 1.850000, -0.386770
1.600000, 1.850000, -0.812403
1.650000, 1.850000, -1.552847
1.700000, 1.850000, -1.852061
1.750000, 1.850000, -1.265019
1.800000, 1.850000, 0.016178
1.850000, 1.850000, 1.291570
1.900000, 1.850000, 1.847153
1.950000, 1.850000, 1.461943
2.000000, 1.850000, 0.566867
0.000000, 1.900000, -5.951308
0.050000, 1.900000, -4.868966
0.100000, 1.900000, -4.538489
0.150000, 1.900000, -5.137436
0.200000, 1.900000, -6.144471
0.250000, 1.900000, -6.727090
0.300000, 1.900000, -6.365742
0.350000, 1.900000, -5.246437
0.400000, 1.900000, -4.126746
0.450000, 1.900000, -3.774245
0.500000, 1.900000, -4.396705
0.550000, 1.900000, -5.489623
0.600000, 1.900000, -6.214363
0.650000, 1.900000, -6.023124
0.700000, 1.900000, -5.062757
0.750000, 1.900000, -4.055874
0.800000, 1.900000, -3.749904
0.850000, 1.900000, -4.348729
0.900000, 1.900000, -5.354333
0.950000, 1.900000, -5.938040
1.000000, 1.900000, -5.563261
1.050000, 1.900000, -4.392400
1.100000, 1.900000, -3.171704
1.150000, 1.900000, -2.678804
1.200000, 1.900000, -3.145430
1.250000, 1.900000, -4.086750
1.300000, 1.900000, -4.664612
1.350000, 1.900000, -4.312552
1.400000, 1.900000, -3.154951
1.450000, 1.900000, -1.907558
1.500000, 1.900000, -1.335521
1.550000, 1.900000, -1.676641
1.600000, 1.900000, -2.463131
1.650000, 1.900000, -2.875828
1.700000, 1.900000, -2.364933
1.750000, 1.900000, -1.070926
1.800000, 1.900000, 0.271399
1.850000, 1.900000, 0.875514
1.900000, 1.900000, 0.487131
1.950000, 1.900000, -0.427233
2.000000, 1.900000, -1.028278
0.000000, 1.950000, -6.614394
0.050000, 1.950000, -5.529895
0.100000, 1.950000, -5.249314
0.150000, 1.950000, -5.932987
0.200000, 1.950000, -6.979943
0.250000, 1.950000, -7.497109
0.300000, 1.950000, -7.001701
0.350000, 1.950000, -5.804155
0.400000, 1.950000, -4.769488
0.450000, 1.950000, -4.643336
0.500000, 1.950000, -5.471140
0.550000, 1.950000, -6.565775
0.600000, 1.950000, -7.048007
0.650000, 1.950000, -6.534266
0.700000, 1.950000, -5.431172
0.750000, 1.950000, -4.606310
0.800000, 1.950000, -4.695907
0.850000, 1.950000, -5.595801
0.900000, 1.950000, -6.537667
0.950000, 1.950000, -6.691482
1.000000, 1.950000, -5.820486
1.050000, 1.950000, -4.472771
1.100000, 1.950000, -3.557485
1.150000, 1.950000, -3.637318
1.200000, 1.950000, -4.492138
1.250000, 1.950000, -5.295695
1.300000, 1.950000, -5.265711
1.350000, 1.950000, -4.276088
1.400000, 1.950000, -2.950547
1.450000, 1.950000, -2.165487
1.500000, 1.950000, -2.354858
1.550000, 1.950000, -3.165420
1.600000, 1.950000, -3.734676
1.650000, 1.950000, -3.373205
1.700000, 1.950000, -2.114193
1.750000, 1.950000, -0.696683
1.800000, 1.950000, 0.005924
1.850000, 1.950000, -0.335629
1.900000, 1.950000, -1.253166
1.950000, 1.950000, -1.851285
2.000000, 1.950000, -1.509680
0.000000, 2.000000, -6.968424
0.050000, 2.000000, -5.882539
0.100000, 2.000000, -5.653832
0.150000, 2.000000, -6.421279
0.200000, 2.000000, -7.498948
0.250000, 2.000000, -7.937421
0.300000, 2.000000, -7.306102
0.350000, 2.000000, -6.051333
0.400000, 2.000000, -5.134132
0.450000, 2.000000, -5.244663
0.500000, 2.000000, -6.239227
0.550000, 2.000000, -7.262268
0.600000, 2.000000, -7.451630
0.650000, 2.000000, -6.645259
0.700000, 2.000000, -5.507210
0.750000, 2.000000, -4.970324
0.800000, 2.000000, -5.456846
0.850000, 2.000000, -6.521413
0.900000, 2.000000, -7.212390
0.950000, 2.000000, -6.854659
1.000000, 2.000000, -5.608688
1.050000, 2.000000, -4.344263
1.100000, 2.000000, -3.931580
1.150000, 2.000000, -4.532326
1.200000, 2.000000, -5.473386
1.250000, 2.000000, -5.805857
1.300000, 2.000000, -5.087773
1.350000, 2.000000, -3.745355
1.400000, 2.000000, -2.715905
1.450000, 2.000000, -2.668307
1.500000, 2.000000, -3.445594
1.550000, 2.000000, -4.190824
1.600000, 2.000000, -4.053653
1.650000, 2.000000, -2.895469
1.700000, 2.000000, -1.411267
1.750000, 2.000000, -0.566524
1.800000, 2.000000, -0.811559
1.850000, 2.000000, -1.719172
1.900000, 2.000000, -2.342679
1.950000, 2.000000, -1.998147
2.000000, 2.000000, -0.825775
