0.000000, 0.000000, 3.047260
0.050000, 0.000000, 2.997122
0.100000, 0.000000, 2.962632
0.150000, 0.000000, 2.951845
0.200000, 0.000000, 2.968810
0.250000, 0.000000, 3.012690
0.300000, 0.000000, 3.077935
0.350000, 0.000000, 3.155497
0.400000, 0.000000, 3.234799
0.450000, 0.000000, 3.306034
0.500000, 0.000000, 3.362304
0.550000, 0.000000, 3.401120
0.600000, 0.000000, 3.424941
0.650000, 0.000000, 3.440634
0.700000, 0.000000, 3.457976
0.750000, 0.000000, 3.487521
0.800000, 0.000000, 3.538292
0.850000, 0.000000, 3.615817
0.900000, 0.000000, 3.720919
0.950000, 0.000000, 3.849538
1.000000, 0.000000, 3.993609
1.050000, 0.000000, 4.142828
1.100000, 0.000000, 4.286889
1.150000, 0.000000, 4.417738
1.200000, 0.000000, 4.531324
1.250000, 0.000000, 4.628487
1.300000, 0.000000, 4.714775
1.350000, 0.000000, 4.799236
1.400000, 0.000000, 4.892448
1.450000, 0.000000, 5.004218
1.500000, 0.000000, 5.141443
1.550000, 0.000000, 5.306612
1.600000, 0.000000, 5.497267
1.650000, 0.000000, 5.706541
1.700000, 0.000000, 5.924655
1.750000, 0.000000, 6.141058
1.800000, 0.000000, 6.346725
1.850000, 0.000000, 6.536129
1.900000, 0.000000, 6.708445
1.950000, 0.000000, 6.867736
2.000000, 0.000000, 7.022064
0.000000, 0.050000, 2.877605
0.050000, 0.050000, 2.853206
0.100000, 0.050000, 2.844439
0.150000, 0.050000, 2.859342
0.200000, 0.050000, 2.901951
0.250000, 0.050000, 2.971410
0.300000, 0.050000, 3.062159
0.350000, 0.050000, 3.165134
0.400000, 0.050000, 3.269743
0.450000, 0.050000, 3.366166
0.500000, 0.050000, 3.447492
0.550000, 0.050000, 3.511219
0.600000, 0.050000, 3.559794
0.650000, 0.050000, 3.600071
0.700000, 0.050000, 3.641818
0.750000, 0.050000, 3.695576
0.800000, 0.050000, 3.770357
0.850000, 0.050000, 3.871681
0.900000, 0.050000, 4.000360
0.950000, 0.050000, 4.152323
1.000000, 0.050000, 4.319497
1.050000, 0.050000, 4.491568
1.100000, 0.050000, 4.658222
1.150000, 0.050000, 4.811394
1.200000, 0.050000, 4.947026
1.250000, 0.050000, 5.065948
1.300000, 0.050000, 5.173698
1.350000, 0.050000, 5.279315
1.400000, 0.050000, 5.393368
1.450000, 0.050000, 5.525653
1.500000, 0.050000, 5.683059
1.550000, 0.050000, 5.868065
1.600000, 0.050000, 6.078201
1.650000, 0.050000, 6.306590
1.700000, 0.050000, 6.543444
1.750000, 0.050000, 6.778200
1.800000, 0.050000, 7.001823
1.850000, 0.050000, 7.208774
1.900000, 0.050000, 7.398219
1.950000, 0.050000, 7.574210
2.000000, 0.050000, 7.744798
0.000000, 0.100000, 2.257422
0.050000, 0.100000, 2.258745
0.100000, 0.100000, 2.275602
0.150000, 0.100000, 2.315939
0.200000, 0.100000, 2.383699
0.250000, 0.100000, 2.477934
0.300000, 0.100000, 2.592992
0.350000, 0.100000, 2.719722
0.400000, 0.100000, 2.847442
0.450000, 0.100000, 2.966249
0.500000, 0.100000, 3.069147
0.550000, 0.100000, 3.153553
0.600000, 0.100000, 3.221835
0.650000, 0.100000, 3.280773
0.700000, 0.100000, 3.340061
0.750000, 0.100000, 3.410168
0.800000, 0.100000, 3.500043
0.850000, 0.100000, 3.615140
0.900000, 0.100000, 3.756210
0.950000, 0.100000, 3.919128
1.000000, 0.100000, 4.095768
1.050000, 0.100000, 4.275764
1.100000, 0.100000, 4.448758
1.150000, 0.100000, 4.606643
1.200000, 0.100000, 4.745324
1.250000, 0.100000, 4.865596
1.300000, 0.100000, 4.972968
1.350000, 0.100000, 5.076452
1.400000, 0.100000, 5.186597
1.450000, 0.100000, 5.313181
1.500000, 0.100000, 5.463078
1.550000, 0.100000, 5.638759
1.600000, 0.100000, 5.837749
1.650000, 0.100000, 6.053171
1.700000, 0.100000, 6.275240
1.750000, 0.100000, 6.493403
1.800000, 0.100000, 6.698635
1.850000, 0.100000, 6.885417
1.900000, 0.100000, 7.052935
1.950000, 0.100000, 7.205268
2.000000, 0.100000, 7.350498
0.000000, 0.150000, 1.461937
0.050000, 0.150000, 1.488950
0.100000, 0.150000, 1.531241
0.150000, 0.150000, 1.596508
0.200000, 0.150000, 1.688448
0.250000, 0.150000, 1.805873
0.300000, 0.150000, 1.942898
0.350000, 0.150000, 2.090144
0.400000, 0.150000, 2.236715
0.450000, 0.150000, 2.372498
0.500000, 0.150000, 2.490306
0.550000, 0.150000, 2.587374
0.600000, 0.150000, 2.665903
0.650000, 0.150000, 2.732521
0.700000, 0.150000, 2.796786
0.750000, 0.150000, 2.869052
0.800000, 0.150000, 2.958166
0.850000, 0.150000, 3.069501
0.900000, 0.150000, 3.203747
0.950000, 0.150000, 3.356736
1.000000, 0.150000, 3.520319
1.050000, 0.150000, 3.684131
1.100000, 0.150000, 3.837831
1.150000, 0.150000, 3.973352
1.200000, 0.150000, 4.086657
1.250000, 0.150000, 4.178622
1.300000, 0.150000, 4.254857
1.350000, 0.150000, 4.324493
1.400000, 0.150000, 4.398216
1.450000, 0.150000, 4.485962
1.500000, 0.150000, 4.594780
1.550000, 0.150000, 4.727332
1.600000, 0.150000, 4.881352
1.650000, 0.150000, 5.050183
1.700000, 0.150000, 5.224279
1.750000, 0.150000, 5.393335
1.800000, 0.150000, 5.548589
1.850000, 0.150000, 5.684791
1.900000, 0.150000, 5.801411
1.950000, 0.150000, 5.902813
2.000000, 0.150000, 5.997375
0.000000, 0.200000, 0.831349
0.050000, 0.200000, 0.884006
0.100000, 0.200000, 0.951448
0.150000, 0.200000, 1.040895
0.200000, 0.200000, 1.155577
0.250000, 0.200000, 1.293858
0.300000, 0.200000, 1.449424
0.350000, 0.200000, 1.612498
0.400000, 0.200000, 1.771813
0.450000, 0.200000, 1.916930
0.500000, 0.200000, 2.040368
0.550000, 0.200000, 2.139118
0.600000, 0.200000, 2.215185
0.650000, 0.200000, 2.275048
0.700000, 0.200000, 2.328173
0.750000, 0.200000, 2.384873
0.800000, 0.200000, 2.454012
0.850000, 0.200000, 2.541033
0.900000, 0.200000, 2.646757
0.950000, 0.200000, 2.767197
1.000000, 0.200000, 2.894443
1.050000, 0.200000, 3.018420
1.100000, 0.200000, 3.129127
1.150000, 0.200000, 3.218884
1.200000, 0.200000, 3.284085
1.250000, 0.200000, 3.326079
1.300000, 0.200000, 3.350980
1.350000, 0.200000, 3.368458
1.400000, 0.200000, 3.389762
1.450000, 0.200000, 3.425411
1.500000, 0.200000, 3.483052
1.550000, 0.200000, 3.565956
1.600000, 0.200000, 3.672464
1.650000, 0.200000, 3.796528
1.700000, 0.200000, 3.929198
1.750000, 0.200000, 4.060749
1.800000, 0.200000, 4.182978
1.850000, 0.200000, 4.291169
1.900000, 0.200000, 4.385288
1.950000, 0.200000, 4.470157
2.000000, 0.200000, 4.554569
0.000000, 0.250000, 0.640883
0.050000, 0.250000, 0.719120
0.100000, 0.250000, 0.811338
0.150000, 0.250000, 0.923975
0.200000, 0.250000, 1.059513
0.250000, 0.250000, 1.215611
0.300000, 0.250000, 1.385309
0.350000, 0.250000, 1.558254
0.400000, 0.250000, 1.722690
0.450000, 0.250000, 1.867777
0.500000, 0.250000, 1.985739
0.550000, 0.250000, 2.073378
0.600000, 0.250000, 2.132625
0.650000, 0.250000, 2.170004
0.700000, 0.250000, 2.195141
0.750000, 0.250000, 2.218630
0.800000, 0.250000, 2.249730
0.850000, 0.250000, 2.294391
0.900000, 0.250000, 2.354043
0.950000, 0.250000, 2.425405
1.000000, 0.250000, 2.501359
1.050000, 0.250000, 2.572692
1.100000, 0.250000, 2.630331
1.150000, 0.250000, 2.667569
1.200000, 0.250000, 2.681801
1.250000, 0.250000, 2.675394
1.300000, 0.250000, 2.655478
1.350000, 0.250000, 2.632722
1.400000, 0.250000, 2.619336
1.450000, 0.250000, 2.626750
1.500000, 0.250000, 2.663452
1.550000, 0.250000, 2.733470
1.600000, 0.250000, 2.835808
1.650000, 0.250000, 2.964963
1.700000, 0.250000, 3.112412
1.750000, 0.250000, 3.268723
1.800000, 0.250000, 3.425845
1.850000, 0.250000, 3.579065
1.900000, 0.250000, 3.728200
1.950000, 0.250000, 3.877775
2.000000, 0.250000, 4.036127
0.000000, 0.300000, 0.995658
0.050000, 0.300000, 1.099398
0.100000, 0.300000, 1.215925
0.150000, 0.300000, 1.350529
0.200000, 0.300000, 1.504608
0.250000, 0.300000, 1.674838
0.300000, 0.300000, 1.853399
0.350000, 0.300000, 2.029234
0.400000, 0.300000, 2.190053
0.450000, 0.300000, 2.324677
0.500000, 0.300000, 2.425193
0.550000, 0.300000, 2.488483
0.600000, 0.300000, 2.516769
0.650000, 0.300000, 2.517083
0.700000, 0.300000, 2.499762
0.750000, 0.300000, 2.476304
0.800000, 0.300000, 2.457044
0.850000, 0.300000, 2.449162
0.900000, 0.300000, 2.455438
0.950000, 0.300000, 2.474037
1.000000, 0.300000, 2.499345
1.050000, 0.300000, 2.523679
1.100000, 0.300000, 2.539480
1.150000, 0.300000, 2.541506
1.200000, 0.300000, 2.528529
1.250000, 0.300000, 2.504168
1.300000, 0.300000, 2.476647
1.350000, 0.300000, 2.457536
1.400000, 0.300000, 2.459733
1.450000, 0.300000, 2.495110
1.500000, 0.300000, 2.572339
1.550000, 0.300000, 2.695358
1.600000, 0.300000, 2.862800
1.650000, 0.300000, 3.068507
1.700000, 0.300000, 3.303025
1.750000, 0.300000, 3.555721
1.800000, 0.300000, 3.817097
1.850000, 0.300000, 4.080762
1.900000, 0.300000, 4.344659
1.950000, 0.300000, 4.611271
2.000000, 0.300000, 4.886768
0.000000, 0.350000, 1.790532
0.050000, 0.350000, 1.919685
0.100000, 0.350000, 2.059966
0.150000, 0.350000, 2.215086
0.200000, 0.350000, 2.384993
0.250000, 0.350000, 2.565094
0.300000, 0.350000, 2.746545
0.350000, 0.350000, 2.917542
0.400000, 0.350000, 3.065369
0.450000, 0.350000, 3.178759
0.500000, 0.350000, 3.250069
0.550000, 0.350000, 3.276798
0.600000, 0.350000, 3.262131
0.650000, 0.350000, 3.214378
0.700000, 0.350000, 3.145436
0.750000, 0.350000, 3.068596
0.800000, 0.350000, 2.996167
0.850000, 0.350000, 2.937418
0.900000, 0.350000, 2.897268
0.950000, 0.350000, 2.875995
1.000000, 0.350000, 2.870001
1.050000, 0.350000, 2.873451
1.100000, 0.350000, 2.880394
1.150000, 0.350000, 2.886893
1.200000, 0.350000, 2.892673
1.250000, 0.350000, 2.901896
1.300000, 0.350000, 2.922895
1.350000, 0.350000, 2.966889
1.400000, 0.350000, 3.045953
1.450000, 0.350000, 3.170676
1.500000, 0.350000, 3.348004
1.550000, 0.350000, 3.579737
1.600000, 0.350000, 3.862010
1.650000, 0.350000, 4.185867
1.700000, 0.350000, 4.538822
1.750000, 0.350000, 4.907064
1.800000, 0.350000, 5.277846
1.850000, 0.350000, 5.641559
1.900000, 0.350000, 5.993051
1.950000, 0.350000, 6.331919
2.000000, 0.350000, 6.661752
0.000000, 0.400000, 2.750260
0.050000, 0.400000, 2.904720
0.100000, 0.400000, 3.068113
0.150000, 0.400000, 3.242083
0.200000, 0.400000, 3.424735
0.250000, 0.400000, 3.609957
0.300000, 0.400000, 3.787791
0.350000, 0.400000, 3.945796
0.400000, 0.400000, 4.071137
0.450000, 0.400000, 4.152971
0.500000, 0.400000, 4.184616
0.550000, 0.400000, 4.165045
0.600000, 0.400000, 4.099376
0.650000, 0.400000, 3.998234
0.700000, 0.400000, 3.876125
0.750000, 0.400000, 3.749127
0.800000, 0.400000, 3.632399
0.850000, 0.400000, 3.537988
0.900000, 0.400000, 3.473395
0.950000, 0.400000, 3.441158
1.000000, 0.400000, 3.439499
1.050000, 0.400000, 3.463862
1.100000, 0.400000, 3.508956
1.150000, 0.400000, 3.570821
1.200000, 0.400000, 3.648440
1.250000, 0.400000, 3.744520
1.300000, 0.400000, 3.865240
1.350000, 0.400000, 4.019021
1.400000, 0.400000, 4.214582
1.450000, 0.400000, 4.458701
1.500000, 0.400000, 4.754183
1.550000, 0.400000, 5.098511
1.600000, 0.400000, 5.483480
1.650000, 0.400000, 5.895939
1.700000, 0.400000, 6.319514
1.750000, 0.400000, 6.736976
1.800000, 0.400000, 7.132781
1.850000, 0.400000, 7.495269
1.900000, 0.400000, 7.818086
1.950000, 0.400000, 8.100566
2.000000, 0.400000, 8.347009
0.000000, 0.450000, 3.534624
0.050000, 0.450000, 3.714272
0.100000, 0.450000, 3.900048
0.150000, 0.450000, 4.090996
0.200000, 0.450000, 4.282981
0.250000, 0.450000, 4.468173
0.300000, 0.450000, 4.635543
0.350000, 0.450000, 4.772315
0.400000, 0.450000, 4.866100
0.450000, 0.450000, 4.907284
0.500000, 0.450000, 4.891156
0.550000, 0.450000, 4.819305
0.600000, 0.450000, 4.699982
0.650000, 0.450000, 4.547302
0.700000, 0.450000, 4.379415
0.750000, 0.450000, 4.216004
0.800000, 0.450000, 4.075566
0.850000, 0.450000, 3.973026
0.900000, 0.450000, 3.918104
0.950000, 0.450000, 3.914738
1.000000, 0.450000, 3.961609
1.050000, 0.450000, 4.053599
1.100000, 0.450000, 4.183802
1.150000, 0.450000, 4.345621
1.200000, 0.450000, 4.534455
1.250000, 0.450000, 4.748616
1.300000, 0.450000, 4.989252
1.350000, 0.450000, 5.259343
1.400000, 0.450000, 5.562001
1.450000, 0.450000, 5.898498
1.500000, 0.450000, 6.266520
1.550000, 0.450000, 6.659071
1.600000, 0.450000, 7.064364
1.650000, 0.450000, 7.466774
1.700000, 0.450000, 7.848733
1.750000, 0.450000, 8.193210
1.800000, 0.450000, 8.486305
1.850000, 0.450000, 8.719437
1.900000, 0.450000, 8.890684
1.950000, 0.450000, 9.005020
2.000000, 0.450000, 9.073380
0.000000, 0.500000, 3.868376
0.050000, 0.500000, 4.073080
0.100000, 0.500000, 4.280429
0.150000, 0.500000, 4.486286
0.200000, 0.500000, 4.683901
0.250000, 0.500000, 4.863617
0.300000, 0.500000, 5.013542
0.350000, 0.500000, 5.121107
0.400000, 0.500000, 5.175227
0.450000, 0.500000, 5.168638
0.500000, 0.500000, 5.099889
0.550000, 0.500000, 4.974539
0.600000, 0.500000, 4.805260
0.650000, 0.500000, 4.610726
0.700000, 0.500000, 4.413465
0.750000, 0.500000, 4.237023
0.800000, 0.500000, 4.102940
0.850000, 0.500000, 4.028091
0.900000, 0.500000, 4.022852
0.950000, 0.500000, 4.090395
1.000000, 0.500000, 4.227168
1.050000, 0.500000, 4.424407
1.100000, 0.500000, 4.670296
1.150000, 0.500000, 4.952299
1.200000, 0.500000, 5.259162
1.250000, 0.500000, 5.582198
1.300000, 0.500000, 5.915630
1.350000, 0.500000, 6.256011
1.400000, 0.500000, 6.600944
1.450000, 0.500000, 6.947493
1.500000, 0.500000, 7.290757
1.550000, 0.500000, 7.623018
1.600000, 0.500000, 7.933763
1.650000, 0.500000, 8.210670
1.700000, 0.500000, 8.441412
1.750000, 0.500000, 8.615922
1.800000, 0.500000, 8.728679
1.850000, 0.500000, 8.780476
1.900000, 0.500000, 8.779280
1.950000, 0.500000, 8.739926
2.000000, 0.500000, 8.682636
0.000000, 0.550000, 3.646373
0.050000, 0.550000, 3.875988
0.100000, 0.550000, 4.104015
0.150000, 0.550000, 4.322534
0.200000, 0.550000, 4.521832
0.250000, 0.550000, 4.690437
0.300000, 0.550000, 4.816013
0.350000, 0.550000, 4.887016
0.400000, 0.550000, 4.894837
0.450000, 0.550000, 4.835968
0.500000, 0.550000, 4.713720
0.550000, 0.550000, 4.539043
0.600000, 0.550000, 4.330166
0.650000, 0.550000, 4.111007
0.700000, 0.550000, 3.908536
0.750000, 0.550000, 3.749490
0.800000, 0.550000, 3.656994
0.850000, 0.550000, 3.647648
0.900000, 0.550000, 3.729582
0.950000, 0.550000, 3.901788
1.000000, 0.550000, 4.154802
1.050000, 0.550000, 4.472553
1.100000, 0.550000, 4.834998
1.150000, 0.550000, 5.221017
1.200000, 0.550000, 5.611045
1.250000, 0.550000, 5.988991
1.300000, 0.550000, 6.343188
1.350000, 0.550000, 6.666336
1.400000, 0.550000, 6.954625
1.450000, 0.550000, 7.206390
1.500000, 0.550000, 7.420741
1.550000, 0.550000, 7.596588
1.600000, 0.550000, 7.732334
1.650000, 0.550000, 7.826355
1.700000, 0.550000, 7.878154
1.750000, 0.550000, 7.889871
1.800000, 0.550000, 7.867736
1.850000, 0.550000, 7.823020
1.900000, 0.550000, 7.772120
1.950000, 0.550000, 7.735586
2.000000, 0.550000, 7.736136
0.000000, 0.600000, 2.973727
0.050000, 0.600000, 3.228096
0.100000, 0.600000, 3.475831
0.150000, 0.600000, 3.704597
0.200000, 0.600000, 3.901432
0.250000, 0.600000, 4.053218
0.300000, 0.600000, 4.147833
0.350000, 0.600000, 4.175883
0.400000, 0.600000, 4.132701
0.450000, 0.600000, 4.020179
0.500000, 0.600000, 3.847974
0.550000, 0.600000, 3.633700
0.600000, 0.600000, 3.401864
0.650000, 0.600000, 3.181587
0.700000, 0.600000, 3.003331
0.750000, 0.600000, 2.895124
0.800000, 0.600000, 2.878876
0.850000, 0.600000, 2.967381
0.900000, 0.600000, 3.162541
0.950000, 0.600000, 3.455093
1.000000, 0.600000, 3.825915
1.050000, 0.600000, 4.248657
1.100000, 0.600000, 4.693264
1.150000, 0.600000, 5.129793
1.200000, 0.600000, 5.531906
1.250000, 0.600000, 5.879526
1.300000, 0.600000, 6.160314
1.350000, 0.600000, 6.369886
1.400000, 0.600000, 6.510907
1.450000, 0.600000, 6.591414
1.500000, 0.600000, 6.622825
1.550000, 0.600000, 6.618073
1.600000, 0.600000, 6.590241
1.650000, 0.600000, 6.551864
1.700000, 0.600000, 6.514885
1.750000, 0.600000, 6.491064
1.800000, 0.600000, 6.492509
1.850000, 0.600000, 6.531964
1.900000, 0.600000, 6.622566
1.950000, 0.600000, 6.776911
2.000000, 0.600000, 7.005498
0.000000, 0.650000, 2.125656
0.050000, 0.650000, 2.404610
0.100000, 0.650000, 2.671006
0.150000, 0.650000, 2.907451
0.200000, 0.650000, 3.097532
0.250000, 0.650000, 3.226833
0.300000, 0.650000, 3.284383
0.350000, 0.650000, 3.264366
0.400000, 0.650000, 3.167796
0.450000, 0.650000, 3.003734
0.500000, 0.650000, 2.789676
0.550000, 0.650000, 2.550777
0.600000, 0.650000, 2.317823
0.650000, 0.650000, 2.124057
0.700000, 0.650000, 2.001221
0.750000, 0.650000, 1.975384
0.800000, 0.650000, 2.063193
0.850000, 0.650000, 2.269198
0.900000, 0.650000, 2.584737
0.950000, 0.650000, 2.988638
1.000000, 0.650000, 3.449701
1.050000, 0.650000, 3.930606
1.100000, 0.650000, 4.392678
1.150000, 0.650000, 4.800776
1.200000, 0.650000, 5.127568
1.250000, 0.650000, 5.356585
1.300000, 0.650000, 5.483652
1.350000, 0.650000, 5.516584
1.400000, 0.650000, 5.473328
1.450000, 0.650000, 5.378978
1.500000, 0.650000, 5.262211
1.550000, 0.650000, 5.151760
1.600000, 0.650000, 5.073429
1.650000, 0.650000, 5.048000
1.700000, 0.650000, 5.090158
1.750000, 0.650000, 5.208342
1.800000, 0.650000, 5.405284
1.850000, 0.650000, 5.678877
1.900000, 0.650000, 6.023067
1.950000, 0.650000, 6.428513
2.000000, 0.650000, 6.882955
0.000000, 0.700000, 1.442351
0.050000, 0.700000, 1.745709
0.100000, 0.700000, 2.029645
0.150000, 0.700000, 2.271068
0.200000, 0.700000, 2.450008
0.250000, 0.700000, 2.551322
0.300000, 0.700000, 2.566413
0.350000, 0.700000, 2.494776
0.400000, 0.700000, 2.345038
0.450000, 0.700000, 2.135199
0.500000, 0.700000, 1.891767
0.550000, 0.700000, 1.647657
0.600000, 0.700000, 1.438918
0.650000, 0.700000, 1.300573
0.700000, 0.700000, 1.262083
0.750000, 0.700000, 1.343096
0.800000, 0.700000, 1.550166
0.850000, 0.700000, 1.875048
0.900000, 0.700000, 2.294983
0.950000, 0.700000, 2.775057
1.000000, 0.700000, 3.272419
1.050000, 0.700000, 3.741786
1.100000, 0.700000, 4.141466
1.150000, 0.700000, 4.438987
1.200000, 0.700000, 4.615487
1.250000, 0.700000, 4.668198
1.300000, 0.700000, 4.610650
1.350000, 0.700000, 4.470605
1.400000, 0.700000, 4.286066
1.450000, 0.700000, 4.100017
1.500000, 0.700000, 3.954710
1.550000, 0.700000, 3.886345
1.600000, 0.700000, 3.920901
1.650000, 0.700000, 4.071599
1.700000, 0.700000, 4.338241
1.750000, 0.700000, 4.708301
1.800000, 0.700000, 5.159445
1.850000, 0.700000, 5.662930
1.900000, 0.700000, 6.187312
1.950000, 0.700000, 6.701930
2.000000, 0.700000, 7.179760
0.000000, 0.750000, 1.199028
0.050000, 0.750000, 1.526599
0.100000, 0.750000, 1.826885
0.150000, 0.750000, 2.070467
0.200000, 0.750000, 2.233842
0.250000, 0.750000, 2.301944
0.300000, 0.750000, 2.270089
0.350000, 0.750000, 2.145069
0.400000, 0.750000, 1.945174
0.450000, 0.750000, 1.698921
0.500000, 0.750000, 1.442459
0.550000, 0.750000, 1.215745
0.600000, 0.750000, 1.057845
0.650000, 0.750000, 1.001869
0.700000, 0.750000, 1.070230
0.750000, 0.750000, 1.270951
0.800000, 0.750000, 1.595680
0.850000, 0.750000, 2.019867
0.900000, 0.750000, 2.505280
0.950000, 0.750000, 3.004655
1.000000, 0.750000, 3.467922
1.050000, 0.750000, 3.849155
1.100000, 0.750000, 4.113225
1.150000, 0.750000, 4.241116
1.200000, 0.750000, 4.233034
1.250000, 0.750000, 4.108768
1.300000, 0.750000, 3.905166
1.350000, 0.750000, 3.671055
1.400000, 0.750000, 3.460353
1.450000, 0.750000, 3.324407
1.500000, 0.750000, 3.304722
1.550000, 0.750000, 3.427178
1.600000, 0.750000, 3.698596
1.650000, 0.750000, 4.106130
1.700000, 0.750000, 4.619501
1.750000, 0.750000, 5.195662
1.800000, 0.750000, 5.785116
1.850000, 0.750000, 6.338888
1.900000, 0.750000, 6.815095
1.950000, 0.750000, 7.184206
2.000000, 0.750000, 7.432305
0.000000, 0.800000, 1.500808
0.050000, 0.800000, 1.852389
0.100000, 0.800000, 2.167769
0.150000, 0.800000, 2.410589
0.200000, 0.800000, 2.553988
0.250000, 0.800000, 2.584052
0.300000, 0.800000, 2.501837
0.350000, 0.800000, 2.323649
0.400000, 0.800000, 2.079454
0.450000, 0.800000, 1.809492
0.500000, 0.800000, 1.559384
0.550000, 0.800000, 1.374257
0.600000, 0.800000, 1.292605
0.650000, 0.800000, 1.340686
0.700000, 0.800000, 1.528308
0.750000, 0.800000, 1.846688
0.800000, 0.800000, 2.268874
0.850000, 0.800000, 2.752827
0.900000, 0.800000, 3.246900
0.950000, 0.800000, 3.697027
1.000000, 0.800000, 4.054635
1.050000, 0.800000, 4.284090
1.100000, 0.800000, 4.368502
1.150000, 0.800000, 4.312899
1.200000, 0.800000, 4.144145
1.250000, 0.800000, 3.907480
1.300000, 0.800000, 3.660107
1.350000, 0.800000, 3.462723
1.400000, 0.800000, 3.370298
1.450000, 0.800000, 3.423530
1.500000, 0.800000, 3.642373
1.550000, 0.800000, 4.022696
1.600000, 0.800000, 4.536673
1.650000, 0.800000, 5.136882
1.700000, 0.800000, 5.763492
1.750000, 0.800000, 6.353430
1.800000, 0.800000, 6.850053
1.850000, 0.800000, 7.211803
1.900000, 0.800000, 7.418473
1.950000, 0.800000, 7.474105
2.000000, 0.800000, 7.406108
0.000000, 0.850000, 2.242549
0.050000, 0.850000, 2.617929
0.100000, 0.850000, 2.947081
0.150000, 0.850000, 3.186140
0.200000, 0.850000, 3.305226
0.250000, 0.850000, 3.292929
0.300000, 0.850000, 3.158171
0.350000, 0.850000, 2.929116
0.400000, 0.850000, 2.649259
0.450000, 0.850000, 2.371168
0.500000, 0.850000, 2.148750
0.550000, 0.850000, 2.029127
0.600000, 0.850000, 2.045326
0.650000, 0.850000, 2.210908
0.700000, 0.850000, 2.517406
0.750000, 0.850000, 2.935091
0.800000, 0.850000, 3.417043
0.850000, 0.850000, 3.906046
0.900000, 0.850000, 4.343316
0.950000, 0.850000, 4.677758
1.000000, 0.850000, 4.874299
1.050000, 0.850000, 4.919924
1.100000, 0.850000, 4.826352
1.150000, 0.850000, 4.628794
1.200000, 0.850000, 4.380863
1.250000, 0.850000, 4.146330
1.300000, 0.850000, 3.988975
1.350000, 0.850000, 3.962159
1.400000, 0.850000, 4.099842
1.450000, 0.850000, 4.410568
1.500000, 0.850000, 4.875533
1.550000, 0.850000, 5.451145
1.600000, 0.850000, 6.075777
1.650000, 0.850000, 6.679671
1.700000, 0.850000, 7.196385
1.750000, 0.850000, 7.573901
1.800000, 0.850000, 7.783480
1.850000, 0.850000, 7.824757
1.900000, 0.850000, 7.726120
1.950000, 0.850000, 7.540270
2.000000, 0.850000, 7.335630
0.000000, 0.900000, 3.149012
0.050000, 0.900000, 3.547969
0.100000, 0.900000, 3.889513
0.150000, 0.900000, 4.121748
0.200000, 0.900000, 4.212310
0.250000, 0.900000, 4.153942
0.300000, 0.900000, 3.965808
0.350000, 0.900000, 3.690326
0.400000, 0.900000, 3.386027
0.450000, 0.900000, 3.117607
0.500000, 0.900000, 2.944873
0.550000, 0.900000, 2.912422
0.600000, 0.900000, 3.041847
0.650000, 0.900000, 3.327807
0.700000, 0.900000, 3.738701
0.750000, 0.900000, 4.221865
0.800000, 0.900000, 4.712477
0.850000, 0.900000, 5.144677
0.900000, 0.900000, 5.463014
0.950000, 0.900000, 5.632237
1.000000, 0.900000, 5.643711
1.050000, 0.900000, 5.517272
1.100000, 0.900000, 5.298141
1.150000, 0.900000, 5.049326
1.200000, 0.900000, 4.840788
1.250000, 0.900000, 4.737212
1.300000, 0.900000, 4.786507
1.350000, 0.900000, 5.011093
1.400000, 0.900000, 5.403556
1.450000, 0.900000, 5.927531
1.500000, 0.900000, 6.523746
1.550000, 0.900000, 7.120235
1.600000, 0.900000, 7.644997
1.650000, 0.900000, 8.038843
1.700000, 0.900000, 8.266169
1.750000, 0.900000, 8.321659
1.800000, 0.900000, 8.231655
1.850000, 0.900000, 8.049859
1.900000, 0.900000, 7.848036
1.950000, 0.900000, 7.703338
2.000000, 0.900000, 7.684456
0.000000, 0.950000, 3.879987
0.050000, 0.950000, 4.302288
0.100000, 0.950000, 4.654787
0.150000, 0.950000, 4.877092
0.200000, 0.950000, 4.935107
0.250000, 0.950000, 4.827660
0.300000, 0.950000, 4.586763
0.350000, 0.950000, 4.271409
0.400000, 0.950000, 3.956145
0.450000, 0.950000, 3.716597
0.500000, 0.950000, 3.614771
0.550000, 0.950000, 3.686984
0.600000, 0.950000, 3.936755
0.650000, 0.950000, 4.334065
0.700000, 0.950000, 4.821131
0.750000, 0.950000, 5.323596
0.800000, 0.950000, 5.764960
0.850000, 0.950000, 6.081475
0.900000, 0.950000, 6.234594
0.950000, 0.950000, 6.218552
1.000000, 0.950000, 6.061591
1.050000, 0.950000, 5.820559
1.100000, 0.950000, 5.569925
1.150000, 0.950000, 5.387317
1.200000, 0.950000, 5.338390
1.250000, 0.950000, 5.463969
1.300000, 0.950000, 5.771987
1.350000, 0.950000, 6.235804
1.400000, 0.950000, 6.799263
1.450000, 0.950000, 7.387541
1.500000, 0.950000, 7.921685
1.550000, 0.950000, 8.334027
1.600000, 0.950000, 8.581468
1.650000, 0.950000, 8.654020
1.700000, 0.950000, 8.576917
1.750000, 0.950000, 8.405841
1.800000, 0.950000, 8.216169
1.850000, 0.950000, 8.088303
1.900000, 0.950000, 8.091934
1.950000, 0.950000, 8.272329
2.000000, 0.950000, 8.641314
0.000000, 1.000000, 4.160237
0.050000, 1.000000, 4.605641
0.100000, 1.000000, 4.967605
0.150000, 1.000000, 5.176855
0.200000, 1.000000, 5.198532
0.250000, 1.000000, 5.039793
0.300000, 1.000000, 4.748250
0.350000, 1.000000, 4.401595
0.400000, 1.000000, 4.090665
0.450000, 1.000000, 3.899647
0.500000, 1.000000, 3.887723
0.550000, 1.000000, 4.076177
0.600000, 1.000000, 4.443756
0.650000, 1.000000, 4.931306
0.700000, 1.000000, 5.454672
0.750000, 1.000000, 5.923042
0.800000, 1.000000, 6.258747
0.850000, 1.000000, 6.414195
0.900000, 1.000000, 6.382246
0.950000, 1.000000, 6.197770
1.000000, 1.000000, 5.930048
1.050000, 1.000000, 5.667670
1.100000, 1.000000, 5.499223
1.150000, 1.000000, 5.493980
1.200000, 1.000000, 5.686800
1.250000, 1.000000, 6.070528
1.300000, 1.000000, 6.597549
1.350000, 1.000000, 7.190173
1.400000, 1.000000, 7.757562
1.450000, 1.000000, 8.215530
1.500000, 1.000000, 8.504895
1.550000, 1.000000, 8.604372
1.600000, 1.000000, 8.535215
1.650000, 1.000000, 8.356576
1.700000, 1.000000, 8.152613
1.750000, 1.000000, 8.014136
1.800000, 1.000000, 8.018814
1.850000, 1.000000, 8.214240
1.900000, 1.000000, 8.607554
1.950000, 1.000000, 9.163885
2.000000, 1.000000, 9.813952
0.000000, 1.050000, 3.884634
0.050000, 1.050000, 4.352890
0.100000, 1.050000, 4.722779
0.150000, 1.050000, 4.915844
0.200000, 1.050000, 4.897687
0.250000, 1.050000, 4.686304
0.300000, 1.050000, 4.347762
0.350000, 1.050000, 3.980222
0.400000, 1.050000, 3.690207
0.450000, 1.050000, 3.566815
0.500000, 1.050000, 3.660140
0.550000, 1.050000, 3.969106
0.600000, 1.050000, 4.441676
0.650000, 1.050000, 4.987389
0.700000, 1.050000, 5.499218
0.750000, 1.050000, 5.879453
0.800000, 1.050000, 6.063380
0.850000, 1.050000, 6.034998
0.900000, 1.050000, 5.830985
0.950000, 1.050000, 5.531915
1.000000, 1.050000, 5.242848
1.050000, 1.050000, 5.067945
1.100000, 1.050000, 5.085266
1.150000, 1.050000, 5.327810
1.200000, 1.050000, 5.775430
1.250000, 1.050000, 6.359569
1.300000, 1.050000, 6.979723
1.350000, 1.050000, 7.527670
1.400000, 1.050000, 7.913623
1.450000, 1.050000, 8.087994
1.500000, 1.050000, 8.053501
1.550000, 1.050000, 7.864667
1.600000, 1.050000, 7.614785
1.650000, 1.050000, 7.413489
1.700000, 1.050000, 7.360297
1.750000, 1.050000, 7.520527
1.800000, 1.050000, 7.909389
1.850000, 1.050000, 8.488142
1.900000, 1.050000, 9.173263
1.950000, 1.050000, 9.856459
2.000000, 1.050000, 10.430736
0.000000, 1.100000, 3.158306
0.050000, 1.100000, 3.649155
0.100000, 1.100000, 4.025384
0.150000, 1.100000, 4.199155
0.200000, 1.100000, 4.138004
0.250000, 1.100000, 3.873554
0.300000, 1.100000, 3.493174
0.350000, 1.100000, 3.116776
0.400000, 1.100000, 2.864912
0.450000, 1.100000, 2.826629
0.500000, 1.100000, 3.035641
0.550000, 1.100000, 3.461162
0.600000, 1.100000, 4.015894
0.650000, 1.100000, 4.579073
0.700000, 1.100000, 5.028509
0.750000, 1.100000, 5.273135
0.800000, 1.100000, 5.277403
0.850000, 1.100000, 5.071037
0.900000, 1.100000, 4.741465
0.950000, 1.100000, 4.410893
1.000000, 1.100000, 4.204012
1.050000, 1.100000, 4.214877
1.100000, 1.100000, 4.481735
1.150000, 1.100000, 4.976510
1.200000, 1.100000, 5.611820
1.250000, 1.100000, 6.263751
1.300000, 1.100000, 6.804448
1.350000, 1.100000, 7.135950
1.400000, 1.100000, 7.216334
1.450000, 1.100000, 7.071192
1.500000, 1.100000, 6.787347
1.550000, 1.100000, 6.490345
1.600000, 1.100000, 6.311574
1.650000, 1.100000, 6.353630
1.700000, 1.100000, 6.663054
1.750000, 1.100000, 7.217658
1.800000, 1.100000, 7.931881
1.850000, 1.100000, 8.678864
1.900000, 1.100000, 9.323530
1.950000, 1.100000, 9.758037
2.000000, 1.100000, 9.930292
0.000000, 1.150000, 2.256489
0.050000, 1.150000, 2.769662
0.100000, 1.150000, 3.150605
0.150000, 1.150000, 3.302011
0.200000, 1.150000, 3.195096
0.250000, 1.150000, 2.878127
0.300000, 1.150000, 2.462535
0.350000, 1.150000, 2.090611
0.400000, 1.150000, 1.894112
0.450000, 1.150000, 1.955782
0.500000, 1.150000, 2.284979
0.550000, 1.150000, 2.814516
0.600000, 1.150000, 3.419759
0.650000, 1.150000, 3.954505
0.700000, 1.150000, 4.293365
0.750000, 1.150000, 4.368360
0.800000, 1.150000, 4.189135
0.850000, 1.150000, 3.840814
0.900000, 1.150000, 3.459985
0.950000, 1.150000, 3.195620
1.000000, 1.150000, 3.166104
1.050000, 1.150000, 3.424757
1.100000, 1.150000, 3.943845
1.150000, 1.150000, 4.621821
1.200000, 1.150000, 5.311867
1.250000, 1.150000, 5.863688
1.300000, 1.150000, 6.166633
1.350000, 1.150000, 6.181781
1.400000, 1.150000, 5.953709
1.450000, 1.150000, 5.598439
1.500000, 1.150000, 5.270859
1.550000, 1.150000, 5.120802
1.600000, 1.150000, 5.250279
1.650000, 1.150000, 5.684070
1.700000, 1.150000, 6.362150
1.750000, 1.150000, 7.156214
1.800000, 1.150000, 7.905721
1.850000, 1.150000, 8.463275
1.900000, 1.150000, 8.736484
1.950000, 1.150000, 8.714380
2.000000, 1.150000, 8.470838
0.000000, 1.200000, 1.519395
0.050000, 1.200000, 2.054614
0.100000, 1.200000, 2.438605
0.150000, 1.200000, 2.564636
0.200000, 1.200000, 2.409618
0.250000, 1.200000, 2.041679
0.300000, 1.200000, 1.598878
0.350000, 1.200000, 1.245710
0.400000, 1.200000, 1.121051
0.450000, 1.200000, 1.293937
0.500000, 1.200000, 1.741162
0.550000, 1.200000, 2.353864
0.600000, 1.200000, 2.971191
0.650000, 1.200000, 3.430617
0.700000, 1.200000, 3.619185
0.750000, 1.200000, 3.509598
0.800000, 1.200000, 3.169700
0.850000, 1.200000, 2.742203
0.900000, 1.200000, 2.400767
0.950000, 1.200000, 2.296012
1.000000, 1.200000, 2.508244
1.050000, 1.200000, 3.021696
1.100000, 1.200000, 3.728475
1.150000, 1.200000, 4.461186
1.200000, 1.200000, 5.044298
1.250000, 1.200000, 5.348408
1.300000, 1.200000, 5.330604
1.350000, 1.200000, 5.048342
1.400000, 1.200000, 4.642391
1.450000, 1.200000, 4.293991
1.500000, 1.200000, 4.169334
1.550000, 1.200000, 4.368459
1.600000, 1.200000, 4.894333
1.650000, 1.200000, 5.651694
1.700000, 1.200000, 6.476062
1.750000, 1.200000, 7.184035
1.800000, 1.200000, 7.629401
1.850000, 1.200000, 7.747817
1.900000, 1.200000, 7.576322
1.950000, 1.200000, 7.241729
2.000000, 1.200000, 6.921525
0.000000, 1.250000, 1.222263
0.050000, 1.250000, 1.779240
0.100000, 1.250000, 2.164582
0.150000, 1.250000, 2.262306
0.200000, 1.250000, 2.057316
0.250000, 1.250000, 1.640976
0.300000, 1.250000, 1.180221
0.350000, 1.250000, 0.860638
0.400000, 1.250000, 0.822835
0.450000, 1.250000, 1.113802
0.500000, 1.250000, 1.669902
0.550000, 1.250000, 2.337514
0.600000, 1.250000, 2.924515
0.650000, 1.250000, 3.265338
0.700000, 1.250000, 3.277600
0.750000, 1.250000, 2.991037
0.800000, 1.250000, 2.538740
0.850000, 1.250000, 2.113375
0.900000, 1.250000, 1.902896
0.950000, 1.250000, 2.027296
1.000000, 1.250000, 2.497676
1.050000, 1.250000, 3.211539
1.100000, 1.250000, 3.986111
1.150000, 1.250000, 4.618712
1.200000, 1.250000, 4.954112
1.250000, 1.250000, 4.936364
1.300000, 1.250000, 4.627754
1.350000, 1.250000, 4.188462
1.400000, 1.250000, 3.823648
1.450000, 1.250000, 3.715544
1.500000, 1.250000, 3.963203
1.550000, 1.250000, 4.549919
1.600000, 1.250000, 5.349153
1.650000, 1.250000, 6.166888
1.700000, 1.250000, 6.806197
1.750000, 1.250000, 7.132458
1.800000, 1.250000, 7.117465
1.850000, 1.250000, 6.847863
1.900000, 1.250000, 6.495282
1.950000, 1.250000, 6.258391
2.000000, 1.250000, 6.296416
0.000000, 1.300000, 1.470232
0.050000, 1.300000, 2.048671
0.100000, 1.300000, 2.433635
0.150000, 1.300000, 2.500222
0.200000, 1.300000, 2.243898
0.250000, 1.300000, 1.782741
0.300000, 1.300000, 1.314381
0.350000, 1.300000, 1.043318
0.400000, 1.300000, 1.105236
0.450000, 1.300000, 1.516119
0.500000, 1.300000, 2.165015
0.550000, 1.300000, 2.853392
0.600000, 1.300000, 3.366985
0.650000, 1.300000, 3.554087
0.700000, 1.300000, 3.381733
0.750000, 1.300000, 2.949116
0.800000, 1.300000, 2.453048
0.850000, 1.300000, 2.117700
0.900000, 1.300000, 2.113872
0.950000, 1.300000, 2.496996
1.000000, 1.300000, 3.186379
1.050000, 1.300000, 3.993374
1.100000, 1.300000, 4.688488
1.150000, 1.300000, 5.083338
1.200000, 1.300000, 5.097990
1.250000, 1.300000, 4.789434
1.300000, 1.300000, 4.330975
1.350000, 1.300000, 3.949998
1.400000, 1.300000, 3.846585
1.450000, 1.300000, 4.122279
1.500000, 1.300000, 4.744571
1.550000, 1.300000, 5.559727
1.600000, 1.300000, 6.349056
1.650000, 1.300000, 6.908087
1.700000, 1.300000, 7.119925
1.750000, 1.300000, 6.996346
1.800000, 1.300000, 6.671965
1.850000, 1.300000, 6.353969
1.900000, 1.300000, 6.245949
1.950000, 1.300000, 6.473742
2.000000, 1.300000, 7.040253
0.000000, 1.350000, 2.158185
0.050000, 1.350000, 2.757780
0.100000, 1.350000, 3.140611
0.150000, 1.350000, 3.173350
0.200000, 1.350000, 2.864868
0.250000, 1.350000, 2.363477
0.300000, 1.350000, 1.898762
0.350000, 1.350000, 1.690803
0.400000, 1.350000, 1.862509
0.450000, 1.350000, 2.389702
0.500000, 1.350000, 3.108888
0.550000, 1.350000, 3.780033
0.600000, 1.350000, 4.180049
0.650000, 1.350000, 4.190510
0.700000, 1.350000, 3.845180
0.750000, 1.350000, 3.318496
0.800000, 1.350000, 2.859157
0.850000, 1.350000, 2.694376
0.900000, 1.350000, 2.941949
0.950000, 1.350000, 3.564304
1.000000, 1.350000, 4.382494
1.050000, 1.350000, 5.144814
1.100000, 1.350000, 5.623483
1.150000, 1.350000, 5.701978
1.200000, 1.350000, 5.419219
1.250000, 1.350000, 4.953635
1.300000, 1.350000, 4.553490
1.350000, 1.350000, 4.440704
1.400000, 1.350000, 4.725591
1.450000, 1.350000, 5.365521
1.500000, 1.350000, 6.183292
1.550000, 1.350000, 6.937650
1.600000, 1.350000, 7.418104
1.650000, 1.350000, 7.526848
1.700000, 1.350000, 7.315839
1.750000, 1.350000, 6.964765
1.800000, 1.350000, 6.708917
1.850000, 1.350000, 6.745565
1.900000, 1.350000, 7.155821
1.950000, 1.350000, 7.872760
2.000000, 1.350000, 8.708315
0.000000, 1.400000, 3.010903
0.050000, 1.400000, 3.631339
0.100000, 1.400000, 4.010262
0.150000, 1.400000, 4.006578
0.200000, 1.400000, 3.645677
0.250000, 1.400000, 3.109597
0.300000, 1.400000, 2.660464
0.350000, 1.400000, 2.529373
0.400000, 1.400000, 2.817576
0.450000, 1.400000, 3.451865
0.500000, 1.400000, 4.213326
0.550000, 1.400000, 4.827827
0.600000, 1.400000, 5.080575
0.650000, 1.400000, 4.906760
0.700000, 1.400000, 4.420146
0.750000, 1.400000, 3.867300
0.800000, 1.400000, 3.526237
0.850000, 1.400000, 3.591564
0.900000, 1.400000, 4.093918
0.950000, 1.400000, 4.887269
1.000000, 1.400000, 5.709389
1.050000, 1.400000, 6.290272
1.100000, 1.400000, 6.463371
1.150000, 1.400000, 6.233411
1.200000, 1.400000, 5.772774
1.250000, 1.400000, 5.348326
1.300000, 1.400000, 5.209583
1.350000, 1.400000, 5.485097
1.400000, 1.400000, 6.130325
1.450000, 1.400000, 6.948450
1.500000, 1.400000, 7.674952
1.550000, 1.400000, 8.090009
1.600000, 1.400000, 8.111255
1.650000, 1.400000, 7.827844
1.700000, 1.400000, 7.461644
1.750000, 1.400000, 7.272149
1.800000, 1.400000, 7.445442
1.850000, 1.400000, 8.014274
1.900000, 1.400000, 8.843212
1.950000, 1.400000, 9.685306
2.000000, 1.400000, 10.286562
0.000000, 1.450000, 3.688195
0.050000, 1.450000, 4.329147
0.100000, 1.450000, 4.702368
0.150000, 1.450000, 4.659847
0.200000, 1.450000, 4.246849
0.250000, 1.450000, 3.682533
0.300000, 1.450000, 3.261364
0.350000, 1.450000, 3.219619
0.400000, 1.450000, 3.627217
0.450000, 1.450000, 4.353886
0.500000, 1.450000, 5.125398
0.550000, 1.450000, 5.645114
0.600000, 1.450000, 5.726605
0.650000, 1.450000, 5.377933
0.700000, 1.450000, 4.799621
0.750000, 1.450000, 4.296877
0.800000, 1.450000, 4.144992
0.850000, 1.450000, 4.467814
0.900000, 1.450000, 5.183416
0.950000, 1.450000, 6.041070
1.000000, 1.450000, 6.732880
1.050000, 1.450000, 7.030165
1.100000, 1.450000, 6.883752
1.150000, 1.450000, 6.443665
1.200000, 1.450000, 5.989897
1.250000, 1.450000, 5.805746
1.300000, 1.450000, 6.050799
1.350000, 1.450000, 6.690550
1.400000, 1.450000, 7.513973
1.450000, 1.450000, 8.230716
1.500000, 1.450000, 8.603727
1.550000, 1.450000, 8.557278
1.600000, 1.450000, 8.211544
1.650000, 1.450000, 7.828064
1.700000, 1.450000, 7.690724
1.750000, 1.450000, 7.976025
1.800000, 1.450000, 8.671397
1.850000, 1.450000, 9.578758
1.900000, 1.450000, 10.402178
1.950000, 1.450000, 10.880571
2.000000, 1.450000, 10.905861
0.000000, 1.500000, 3.914845
0.050000, 1.500000, 4.575978
0.100000, 1.500000, 4.941690
0.150000, 1.500000, 4.858091
0.200000, 1.500000, 4.393916
0.250000, 1.500000, 3.808661
0.300000, 1.500000, 3.428019
0.350000, 1.500000, 3.486373
0.400000, 1.500000, 4.012125
0.450000, 1.500000, 4.811333
0.500000, 1.500000, 5.558088
0.550000, 1.500000, 5.948892
0.600000, 1.500000, 5.847441
0.650000, 1.500000, 5.350591
0.700000, 1.500000, 4.743739
0.750000, 1.500000, 4.366618
0.800000, 1.500000, 4.453260
0.850000, 1.500000, 5.022204
0.900000, 1.500000, 5.869056
0.950000, 1.500000, 6.664639
1.000000, 1.500000, 7.111670
1.050000, 1.500000, 7.085098
1.100000, 1.500000, 6.689333
1.150000, 1.500000, 6.205510
1.200000, 1.500000, 5.954665
1.250000, 1.500000, 6.142830
1.300000, 1.500000, 6.762516
1.350000, 1.500000, 7.597746
1.400000, 1.500000, 8.329900
1.450000, 1.500000, 8.693152
1.500000, 1.500000, 8.604406
1.550000, 1.500000, 8.204910
1.600000, 1.500000, 7.793218
1.650000, 1.500000, 7.681479
1.700000, 1.500000, 8.044065
1.750000, 1.500000, 8.831458
1.800000, 1.500000, 9.791223
1.850000, 1.500000, 10.586616
1.900000, 1.500000, 10.956504
1.950000, 1.500000, 10.840291
2.000000, 1.500000, 10.408015
0.000000, 1.550000, 3.585740
0.050000, 1.550000, 4.266709
0.100000, 1.550000, 4.623096
0.150000, 1.550000, 4.496368
0.200000, 1.550000, 3.982544
0.250000, 1.550000, 3.384404
0.300000, 1.550000, 3.056763
0.350000, 1.550000, 3.223831
0.400000, 1.550000, 3.862178
0.450000, 1.550000, 4.709609
0.500000, 1.550000, 5.396074
0.550000, 1.550000, 5.630464
0.600000, 1.550000, 5.348414
0.650000, 1.550000, 4.745865
0.700000, 1.550000, 4.181099
0.750000, 1.550000, 3.994798
0.800000, 1.550000, 4.339308
0.850000, 1.550000, 5.103541
0.900000, 1.550000, 5.971271
0.950000, 1.550000, 6.582706
1.000000, 1.550000, 6.716872
1.050000, 1.550000, 6.401989
1.100000, 1.550000, 5.898056
1.150000, 1.550000, 5.561179
1.200000, 1.550000, 5.659515
1.250000, 1.550000, 6.235271
1.300000, 1.550000, 7.083398
1.350000, 1.550000, 7.857829
1.400000, 1.550000, 8.250682
1.450000, 1.550000, 8.152429
1.500000, 1.550000, 7.710635
1.550000, 1.550000, 7.256687
1.600000, 1.550000, 7.137433
1.650000, 1.550000, 7.537496
1.700000, 1.550000, 8.383073
1.750000, 1.550000, 9.376727
1.800000, 1.550000, 10.146064
1.850000, 1.550000, 10.431097
1.900000, 1.550000, 10.215282
1.950000, 1.550000, 9.733723
2.000000, 1.550000, 9.354413
0.000000, 1.600000, 2.806023
0.050000, 1.600000, 3.506473
0.100000, 1.600000, 3.851715
0.150000, 1.600000, 3.680015
0.200000, 1.600000, 3.118681
0.250000, 1.600000, 2.516369
0.300000, 1.600000, 2.253832
0.350000, 1.600000, 2.535731
0.400000, 1.600000, 3.276775
0.450000, 1.600000, 4.144529
0.500000, 1.600000, 4.736446
0.550000, 1.600000, 4.795837
0.600000, 1.600000, 4.350210
0.650000, 1.600000, 3.697162
0.700000, 1.600000, 3.245282
0.750000, 1.600000, 3.295844
0.800000, 1.600000, 3.882913
0.850000, 1.600000, 4.757801
0.900000, 1.600000, 5.525660
0.950000, 1.600000, 5.859775
1.000000, 1.600000, 5.677342
1.050000, 1.600000, 5.181735
1.100000, 1.600000, 4.748912
1.150000, 1.600000, 4.720283
1.200000, 1.600000, 5.215017
1.250000, 1.600000, 6.064133
1.300000, 1.600000, 6.902355
1.350000, 1.600000, 7.367910
1.400000, 1.600000, 7.301556
1.450000, 1.600000, 6.836322
1.500000, 1.600000, 6.328571
1.550000, 1.600000, 6.167060
1.600000, 1.600000, 6.563016
1.650000, 1.600000, 7.434832
1.700000, 1.600000, 8.450085
1.750000, 1.600000, 9.202556
1.800000, 1.600000, 9.429010
1.850000, 1.600000, 9.148967
1.900000, 1.600000, 8.652329
1.950000, 1.600000, 8.341976
2.000000, 1.600000, 8.516704
0.000000, 1.650000, 1.850941
0.050000, 1.650000, 2.570507
0.100000, 1.650000, 2.902781
0.150000, 1.650000, 2.684491
0.200000, 1.650000, 2.078390
0.250000, 1.650000, 1.481170
0.300000, 1.650000, 1.295185
0.350000, 1.650000, 1.695234
0.400000, 1.650000, 2.524878
0.450000, 1.650000, 3.382585
0.500000, 1.650000, 3.848999
0.550000, 1.650000, 3.725503
0.600000, 1.650000, 3.147478
0.650000, 1.650000, 2.507378
0.700000, 1.650000, 2.231626
0.750000, 1.650000, 2.539023
0.800000, 1.650000, 3.318767
0.850000, 1.650000, 4.197340
0.900000, 1.650000, 4.755151
0.950000, 1.650000, 4.767972
1.000000, 1.650000, 4.334349
1.050000, 1.650000, 3.816084
1.100000, 1.650000, 3.626614
1.150000, 1.650000, 3.989719
1.200000, 1.650000, 4.808023
1.250000, 1.650000, 5.717512
1.300000, 1.650000, 6.297030
1.350000, 1.650000, 6.312300
1.400000, 1.650000, 5.853790
1.450000, 1.650000, 5.288487
1.500000, 1.650000, 5.052476
1.550000, 1.650000, 5.402769
1.600000, 1.650000, 6.270477
1.650000, 1.650000, 7.299530
1.700000, 1.650000, 8.048862
1.750000, 1.650000, 8.242422
1.800000, 1.650000, 7.924058
1.850000, 1.650000, 7.429108
1.900000, 1.650000, 7.189699
1.950000, 1.650000, 7.486112
2.000000, 1.650000, 8.287151
0.000000, 1.700000, 1.060715
0.050000, 1.700000, 1.799020
0.100000, 1.700000, 2.116509
0.150000, 1.700000, 1.850246
0.200000, 1.700000, 1.202718
0.250000, 1.700000, 0.620278
0.300000, 1.700000, 0.521361
0.350000, 1.700000, 1.039848
0.400000, 1.700000, 1.940112
0.450000, 1.700000, 2.756203
0.500000, 1.700000, 3.071399
0.550000, 1.700000, 2.768961
0.600000, 1.700000, 2.102158
0.650000, 1.700000, 1.541195
0.700000, 1.700000, 1.489926
0.750000, 1.700000, 2.044053
0.800000, 1.700000, 2.937036
0.850000, 1.700000, 3.705713
0.900000, 1.700000, 3.974136
0.950000, 1.700000, 3.682527
1.000000, 1.700000, 3.122044
1.050000, 1.700000, 2.754551
1.100000, 1.700000, 2.927697
1.150000, 1.700000, 3.659457
1.200000, 1.700000, 4.624049
1.250000, 1.700000, 5.348480
1.300000, 1.700000, 5.500528
1.350000, 1.700000, 5.092949
1.400000, 1.700000, 4.479249
1.450000, 1.700000, 4.142806
1.500000, 1.700000, 4.406721
1.550000, 1.700000, 5.240004
1.600000, 1.700000, 6.277389
1.650000, 1.700000, 7.040521
1.700000, 1.700000, 7.226203
1.750000, 1.700000, 6.886976
1.800000, 1.700000, 6.395053
1.850000, 1.700000, 6.212432
1.900000, 1.700000, 6.607766
1.950000, 1.700000, 7.492663
2.000000, 1.700000, 8.477034
0.000000, 1.750000, 0.710587
0.050000, 1.750000, 1.467245
0.100000, 1.750000, 1.768141
0.150000, 1.750000, 1.452772
0.200000, 1.750000, 0.767738
0.250000, 1.750000, 0.210058
0.300000, 1.750000, 0.207527
0.350000, 1.750000, 0.841559
0.400000, 1.750000, 1.791044
0.450000, 1.750000, 2.534149
0.500000, 1.750000, 2.679379
0.550000, 1.750000, 2.214147
0.600000, 1.750000, 1.511806
0.650000, 1.750000, 1.092848
0.700000, 1.750000, 1.293455
0.750000, 1.750000, 2.053683
0.800000, 1.750000, 2.960443
0.850000, 1.750000, 3.516698
0.900000, 1.750000, 3.463095
0.950000, 1.750000, 2.944921
1.000000, 1.750000, 2.417037
1.050000, 1.750000, 2.348250
1.100000, 1.750000, 2.915770
1.150000, 1.750000, 3.886991
1.200000, 1.750000, 4.765492
1.250000, 1.750000, 5.108210
1.300000, 1.750000, 4.810418
1.350000, 1.750000, 4.175345
1.400000, 1.750000, 3.723224
1.450000, 1.750000, 3.861576
1.500000, 1.750000, 4.627584
1.550000, 1.750000, 5.667128
1.600000, 1.750000, 6.463329
1.650000, 1.750000, 6.667550
1.700000, 1.750000, 6.320446
1.750000, 1.750000, 5.821698
1.800000, 1.750000, 5.668788
1.850000, 1.750000, 6.133589
1.900000, 1.750000, 7.085374
1.950000, 1.750000, 8.074450
2.000000, 1.750000, 8.622774
0.000000, 1.800000, 0.905700
0.050000, 1.800000, 1.680314
0.100000, 1.800000, 1.962820
0.150000, 1.800000, 1.597471
0.200000, 1.800000, 0.879414
0.250000, 1.800000, 0.356626
0.300000, 1.800000, 0.458349
0.350000, 1.800000, 1.201786
0.400000, 1.800000, 2.176295
0.450000, 1.800000, 2.816690
0.500000, 1.800000, 2.781582
0.550000, 1.800000, 2.181458
0.600000, 1.800000, 1.502697
0.650000, 1.800000, 1.279236
0.700000, 1.800000, 1.734046
0.750000, 1.800000, 2.632583
0.800000, 1.800000, 3.446512
0.850000, 1.800000, 3.715724
0.900000, 1.800000, 3.362538
0.950000, 1.800000, 2.744695
1.000000, 1.800000, 2.411161
1.050000, 1.800000, 2.726558
1.100000, 1.800000, 3.619439
1.150000, 1.800000, 4.625944
1.200000, 1.800000, 5.200304
1.250000, 1.800000, 5.082664
1.300000, 1.800000, 4.475483
1.350000, 1.800000, 3.908943
1.400000, 1.800000, 3.885962
1.450000, 1.800000, 4.546395
1.500000, 1.800000, 5.576796
1.550000, 1.800000, 6.425911
1.600000, 1.800000, 6.679230
1.650000, 1.800000, 6.338633
1.700000, 1.800000, 5.817969
1.750000, 1.800000, 5.658234
1.800000, 1.800000, 6.156270
1.850000, 1.800000, 7.159550
1.900000, 1.800000, 8.166961
1.950000, 1.800000, 8.667876
2.000000, 1.800000, 8.489910
0.000000, 1.850000, 1.540934
0.050000, 1.850000, 2.333096
0.100000, 1.850000, 2.595432
0.150000, 1.850000, 2.179505
0.200000, 1.850000, 1.433436
0.250000, 1.850000, 0.955677
0.300000, 1.850000, 1.167845
0.350000, 1.850000, 2.011331
0.400000, 1.850000, 2.984614
0.450000, 1.850000, 3.495653
0.500000, 1.850000, 3.279210
0.550000, 1.850000, 2.582573
0.600000, 1.850000, 1.987984
0.650000, 1.850000, 1.998661
0.700000, 1.850000, 2.683361
0.750000, 1.850000, 3.632186
0.800000, 1.850000, 4.254094
0.850000, 1.850000, 4.202831
0.900000, 1.850000, 3.626572
0.950000, 1.850000, 3.062660
1.000000, 1.850000, 3.052418
1.050000, 1.850000, 3.751143
1.100000, 1.850000, 4.812253
1.150000, 1.850000, 5.629329
1.200000, 1.850000, 5.764551
1.250000, 1.850000, 5.258893
1.300000, 1.850000, 4.603318
1.350000, 1.850000, 4.391422
1.400000, 1.850000, 4.900626
1.450000, 1.850000, 5.899586
1.500000, 1.850000, 6.818018
1.550000, 1.850000, 7.156775
1.600000, 1.850000, 6.845017
1.650000, 1.850000, 6.289513
1.700000, 1.850000, 6.081178
1.750000, 1.850000, 6.568866
1.800000, 1.850000, 7.605381
1.850000, 1.850000, 8.647979
1.900000, 1.850000, 9.142664
1.950000, 1.850000, 8.918826
2.000000, 1.850000, 8.312926
0.000000, 1.900000, 2.341066
0.050000, 1.900000, 3.150356
0.100000, 1.900000, 3.390766
0.150000, 1.900000, 2.923940
0.200000, 1.900000, 2.155370
0.250000, 1.900000, 1.732628
0.300000, 1.900000, 2.059557
0.350000, 1.900000, 2.990638
0.400000, 1.900000, 3.935247
0.450000, 1.900000, 4.294716
0.500000, 1.900000, 3.905830
0.550000, 1.900000, 3.159489
0.600000, 1.900000, 2.706400
0.650000, 1.900000, 2.970666
0.700000, 1.900000, 3.835560
0.750000, 1.900000, 4.736209
0.800000, 1.900000, 5.088579
0.850000, 1.900000, 4.732010
0.900000, 1.900000, 4.052565
0.950000, 1.900000, 3.694107
1.000000, 1.900000, 4.073548
1.050000, 1.900000, 5.064079
1.100000, 1.900000, 6.084735
1.150000, 1.900000, 6.530353
1.200000, 1.900000, 6.220871
1.250000, 1.900000, 5.534128
1.300000, 1.900000, 5.123114
1.350000, 1.900000, 5.429493
1.400000, 1.900000, 6.357378
1.450000, 1.900000, 7.350822
1.500000, 1.900000, 7.815722
1.550000, 1.900000, 7.568776
1.600000, 1.900000, 6.976195
1.650000, 1.900000, 6.677920
1.700000, 1.900000, 7.104328
1.750000, 1.900000, 8.148466
1.800000, 1.900000, 9.240607
1.850000, 1.900000, 9.770479
1.900000, 1.900000, 9.541736
1.950000, 1.900000, 8.918691
2.000000, 1.900000, 8.555420
0.000000, 1.950000, 2.965897
0.050000, 1.950000, 3.791887
0.100000, 1.950000, 4.008638
0.150000, 1.950000, 3.490882
0.200000, 1.950000, 2.705779
0.250000, 1.950000, 2.347742
0.300000, 1.950000, 2.791709
0.350000, 1.950000, 3.795045
0.400000, 1.950000, 4.683266
0.450000, 1.950000, 4.874591
0.500000, 1.950000, 4.332015
0.550000, 1.950000, 3.588494
0.600000, 1.950000, 3.326285
0.650000, 1.950000, 3.841652
0.700000, 1.950000, 4.815717
0.750000, 1.950000, 5.570859
0.800000, 1.950000, 5.609750
0.850000, 1.950000, 5.011699
0.900000, 1.950000, 4.373406
0.950000, 1.950000, 4.340041
1.000000, 1.950000, 5.095418
1.050000, 1.950000, 6.212814
1.100000, 1.950000, 6.984781
1.150000, 1.950000, 6.973789
1.200000, 1.950000, 6.351819
1.250000, 1.950000, 5.762776
1.300000, 1.950000, 5.816446
1.350000, 1.950000, 6.611972
1.400000, 1.950000, 7.665012
1.450000, 1.950000, 8.294754
1.500000, 1.950000, 8.165048
1.550000, 1.950000, 7.552756
1.600000, 1.950000, 7.131381
1.650000, 1.950000, 7.439873
1.700000, 1.950000, 8.454765
1.750000, 1.950000, 9.603082
1.800000, 1.950000, 10.207062
1.850000, 1.950000, 10.012181
1.900000, 1.950000, 9.384231
1.950000, 1.950000, 9.021107
2.000000, 1.950000, 9.406134
0.000000, 2.000000, 3.140198
0.050000, 2.000000, 3.982447
0.100000, 2.000000, 4.173841
0.150000, 2.000000, 3.605417
0.200000, 2.000000, 2.810163
0.250000, 2.000000, 2.526066
0.300000, 2.000000, 3.087179
0.350000, 2.000000, 4.144851
0.400000, 2.000000, 4.949682
0.450000, 2.000000, 4.962924
0.500000, 2.000000, 4.294697
0.550000, 2.000000, 3.609017
0.600000, 2.000000, 3.574845
0.650000, 2.000000, 4.316066
0.700000, 2.000000, 5.313519
0.750000, 2.000000, 5.838931
0.800000, 2.000000, 5.561726
0.850000, 2.000000, 4.827032
0.900000, 2.000000, 4.374496
0.950000, 2.000000, 4.728999
1.000000, 2.000000, 5.765458
1.050000, 2.000000, 6.807064
1.100000, 2.000000, 7.177009
1.150000, 2.000000, 6.750220
1.200000, 2.000000, 6.051587
1.250000, 2.000000, 5.820774
1.300000, 2.000000, 6.402929
1.350000, 2.000000, 7.467500
1.400000, 2.000000, 8.286241
1.450000, 2.000000, 8.340017
1.500000, 2.000000, 7.752746
1.550000, 2.000000, 7.193419
1.600000, 2.000000, 7.326081
1.650000, 2.000000, 8.260883
1.700000, 2.000000, 9.459108
1.750000, 2.000000, 10.171378
1.800000, 2.000000, 10.049069
1.850000, 2.000000, 9.426253
1.900000, 2.000000, 9.040932
1.950000, 2.000000, 9.426107
2.000000, 2.000000, 10.472823
