0.000000, 0.000000, 2.338768
0.050000, 0.000000, 2.636573
0.100000, 0.000000, 2.902248
0.150000, 0.000000, 3.096207
0.200000, 0.000000, 3.186165
0.250000, 0.000000, 3.150221
0.300000, 0.000000, 2.978908
0.350000, 0.000000, 2.676003
0.400000, 0.000000, 2.258028
0.450000, 0.000000, 1.752505
0.500000, 0.000000, 1.195129
0.550000, 0.000000, 0.626153
0.600000, 0.000000, 0.086348
0.650000, 0.000000, -0.387074
0.700000, 0.000000, -0.764154
0.750000, 0.000000, -1.025149
0.800000, 0.000000, -1.162455
0.850000, 0.000000, -1.181318
0.900000, 0.000000, -1.099255
0.950000, 0.000000, -0.944251
1.000000, 0.000000, -0.751906
1.050000, 0.000000, -0.561831
1.100000, 0.000000, -0.413635
1.150000, 0.000000, -0.342922
1.200000, 0.000000, -0.377673
1.250000, 0.000000, -0.535407
1.300000, 0.000000, -0.821369
1.350000, 0.000000, -1.227957
1.400000, 0.000000, -1.735425
1.450000, 0.000000, -2.313816
1.500000, 0.000000, -2.925918
1.550000, 0.000000, -3.530960
1.600000, 0.000000, -4.088688
1.650000, 0.000000, -4.563407
1.700000, 0.000000, -4.927596
1.750000, 0.000000, -5.164732
1.800000, 0.000000, -5.271039
1.850000, 0.000000, -5.255984
1.900000, 0.000000, -5.141467
1.950000, 0.000000, -4.959774
2.000000, 0.000000, -4.750490
0.000000, 0.050000, 2.379337
0.050000, 0.050000, 2.705898
0.100000, 0.050000, 2.999251
0.150000, 0.050000, 3.219157
0.200000, 0.050000, 3.332771
0.250000, 0.050000, 3.317760
0.300000, 0.050000, 3.164374
0.350000, 0.050000, 2.876271
0.400000, 0.050000, 2.470027
0.450000, 0.050000, 1.973383
0.500000, 0.050000, 1.422412
0.550000, 0.050000, 0.857879
0.600000, 0.050000, 0.321172
0.650000, 0.050000, -0.149808
0.700000, 0.050000, -0.524380
0.750000, 0.050000, -0.782084
0.800000, 0.050000, -0.914646
0.850000, 0.050000, -0.926728
0.900000, 0.050000, -0.835377
0.950000, 0.050000, -0.668250
1.000000, 0.050000, -0.460783
1.050000, 0.050000, -0.252589
1.100000, 0.050000, -0.083453
1.150000, 0.050000, 0.010688
1.200000, 0.050000, 0.001373
1.250000, 0.050000, -0.129508
1.300000, 0.050000, -0.387880
1.350000, 0.050000, -0.766864
1.400000, 0.050000, -1.247445
1.450000, 0.050000, -1.800363
1.500000, 0.050000, -2.389031
1.550000, 0.050000, -2.973198
1.600000, 0.050000, -3.512995
1.650000, 0.050000, -3.972956
1.700000, 0.050000, -4.325621
1.750000, 0.050000, -4.554356
1.800000, 0.050000, -4.655110
1.850000, 0.050000, -4.636925
1.900000, 0.050000, -4.521151
1.950000, 0.050000, -4.339426
2.000000, 0.050000, -4.130632
0.000000, 0.100000, 2.306639
0.050000, 0.100000, 2.660879
0.100000, 0.100000, 2.980157
0.150000, 0.100000, 3.223651
0.200000, 0.100000, 3.358057
0.250000, 0.100000, 3.360735
0.300000, 0.100000, 3.221790
0.350000, 0.100000, 2.944907
0.400000, 0.100000, 2.546860
0.450000, 0.100000, 2.055742
0.500000, 0.100000, 1.508111
0.550000, 0.100000, 0.945326
0.600000, 0.100000, 0.409441
0.650000, 0.100000, -0.060944
0.700000, 0.100000, -0.434456
0.750000, 0.100000, -0.689987
0.800000, 0.100000, -0.818701
0.850000, 0.100000, -0.824811
0.900000, 0.100000, -0.725060
0.950000, 0.100000, -0.546960
1.000000, 0.100000, -0.325969
1.050000, 0.100000, -0.101897
1.100000, 0.100000, 0.085119
1.150000, 0.100000, 0.198644
1.200000, 0.100000, 0.209607
1.250000, 0.100000, 0.099202
1.300000, 0.100000, -0.139237
1.350000, 0.100000, -0.499576
1.400000, 0.100000, -0.963514
1.450000, 0.100000, -1.502431
1.500000, 0.100000, -2.080272
1.550000, 0.100000, -2.657184
1.600000, 0.100000, -3.193540
1.650000, 0.100000, -3.653945
1.700000, 0.100000, -4.010839
1.750000, 0.100000, -4.247323
1.800000, 0.100000, -4.358930
1.850000, 0.100000, -4.354158
1.900000, 0.100000, -4.253718
1.950000, 0.100000, -4.088550
2.000000, 0.100000, -3.896813
0.000000, 0.150000, 2.139421
0.050000, 0.150000, 2.519607
0.100000, 0.150000, 2.862473
0.150000, 0.150000, 3.126687
0.200000, 0.150000, 3.278587
0.250000, 0.150000, 3.295337
0.300000, 0.150000, 3.167021
0.350000, 0.150000, 2.897473
0.400000, 0.150000, 2.503770
0.450000, 0.150000, 2.014446
0.500000, 0.150000, 1.466609
0.550000, 0.150000, 0.902239
0.600000, 0.150000, 0.364048
0.650000, 0.150000, -0.108711
0.700000, 0.150000, -0.484055
0.750000, 0.150000, -0.740348
0.800000, 0.150000, -0.868340
0.850000, 0.150000, -0.871967
0.900000, 0.150000, -0.767855
0.950000, 0.150000, -0.583565
1.000000, 0.150000, -0.354771
1.050000, 0.150000, -0.121655
1.100000, 0.150000, 0.075132
1.150000, 0.150000, 0.198535
1.200000, 0.150000, 0.218775
1.250000, 0.150000, 0.116300
1.300000, 0.150000, -0.116302
1.350000, 0.150000, -0.473610
1.400000, 0.150000, -0.937959
1.450000, 0.150000, -1.481252
1.500000, 0.150000, -2.067821
1.550000, 0.150000, -2.658038
1.600000, 0.150000, -3.212327
1.650000, 0.150000, -3.695173
1.700000, 0.150000, -4.078723
1.750000, 0.150000, -4.345632
1.800000, 0.150000, -4.490854
1.850000, 0.150000, -4.522212
1.900000, 0.150000, -4.459678
1.950000, 0.150000, -4.333426
2.000000, 0.150000, -4.180866
0.000000, 0.200000, 1.906825
0.050000, 0.200000, 2.310668
0.100000, 0.200000, 2.674327
0.150000, 0.200000, 2.956034
0.200000, 0.200000, 3.121857
0.250000, 0.200000, 3.148867
0.300000, 0.200000, 3.027223
0.350000, 0.200000, 2.760994
0.400000, 0.200000, 2.367631
0.450000, 0.200000, 1.876156
0.500000, 0.200000, 1.324241
0.550000, 0.200000, 0.754471
0.600000, 0.200000, 0.210163
0.650000, 0.200000, -0.268861
0.700000, 0.200000, -0.650126
0.750000, 0.200000, -0.911610
0.800000, 0.200000, -1.043811
0.850000, 0.200000, -1.050562
0.900000, 0.200000, -0.948544
0.950000, 0.200000, -0.765536
1.000000, 0.200000, -0.537577
1.050000, 0.200000, -0.305345
1.100000, 0.200000, -0.110091
1.150000, 0.200000, 0.010456
1.200000, 0.200000, 0.025814
1.250000, 0.200000, -0.084273
1.300000, 0.200000, -0.327872
1.350000, 0.200000, -0.700133
1.400000, 0.200000, -1.183844
1.450000, 0.200000, -1.751216
1.500000, 0.200000, -2.366720
1.550000, 0.200000, -2.990689
1.600000, 0.200000, -3.583326
1.650000, 0.200000, -4.108716
1.700000, 0.200000, -4.538451
1.750000, 0.200000, -4.854493
1.800000, 0.200000, -5.050999
1.850000, 0.200000, -5.134930
1.900000, 0.200000, -5.125362
1.950000, 0.200000, -5.051591
2.000000, 0.200000, -4.950202
0.000000, 0.250000, 1.645472
0.050000, 0.250000, 2.070247
0.100000, 0.250000, 2.451595
0.150000, 0.250000, 2.747374
0.200000, 0.250000, 2.923458
0.250000, 0.250000, 2.956894
0.300000, 0.250000, 2.837986
0.350000, 0.250000, 2.571091
0.400000, 0.250000, 2.174068
0.450000, 0.250000, 1.676432
0.500000, 0.250000, 1.116397
0.550000, 0.250000, 0.537105
0.600000, 0.250000, -0.017601
0.650000, 0.250000, -0.507434
0.700000, 0.250000, -0.899549
0.750000, 0.250000, -1.171673
0.800000, 0.250000, -1.314188
0.850000, 0.250000, -1.330959
0.900000, 0.250000, -1.238845
0.950000, 0.250000, -1.065932
1.000000, 0.250000, -0.848690
1.050000, 0.250000, -0.628315
1.100000, 0.250000, -0.446632
1.150000, 0.250000, -0.341970
1.200000, 0.250000, -0.345393
1.250000, 0.250000, -0.477676
1.300000, 0.250000, -0.747318
1.350000, 0.250000, -1.149768
1.400000, 0.250000, -1.667961
1.450000, 0.250000, -2.274081
1.500000, 0.250000, -2.932384
1.550000, 0.250000, -3.602805
1.600000, 0.250000, -4.244967
1.650000, 0.250000, -4.822220
1.700000, 0.250000, -5.305279
1.750000, 0.250000, -5.675131
1.800000, 0.250000, -5.924896
1.850000, 0.250000, -6.060470
1.900000, 0.250000, -6.099889
1.950000, 0.250000, -6.071471
2.000000, 0.250000, -6.010920
0.000000, 0.300000, 1.395770
0.050000, 0.300000, 1.838473
0.100000, 0.300000, 2.234260
0.150000, 0.300000, 2.540669
0.200000, 0.300000, 2.723424
0.250000, 0.300000, 2.759597
0.300000, 0.300000, 2.639667
0.350000, 0.300000, 2.368297
0.400000, 0.300000, 1.963752
0.450000, 0.300000, 1.456017
0.500000, 0.300000, 0.883803
0.550000, 0.300000, 0.290743
0.600000, 0.300000, -0.278876
0.650000, 0.300000, -0.784392
0.700000, 0.300000, -1.192686
0.750000, 0.300000, -1.481325
0.800000, 0.300000, -1.640655
0.850000, 0.300000, -1.674629
0.900000, 0.300000, -1.600304
0.950000, 0.300000, -1.446066
1.000000, 0.300000, -1.248752
1.050000, 0.300000, -1.049967
1.100000, 0.300000, -0.891956
1.150000, 0.300000, -0.813429
1.200000, 0.300000, -0.845766
1.250000, 0.300000, -1.009958
1.300000, 0.300000, -1.314583
1.350000, 0.300000, -1.755014
1.400000, 0.300000, -2.313935
1.450000, 0.300000, -2.963099
1.500000, 0.300000, -3.666151
1.550000, 0.300000, -4.382247
1.600000, 0.300000, -5.070087
1.650000, 0.300000, -5.691975
1.700000, 0.300000, -6.217505
1.750000, 0.300000, -6.626499
1.800000, 0.300000, -6.910915
1.850000, 0.300000, -7.075540
1.900000, 0.300000, -7.137394
1.950000, 0.300000, -7.123912
2.000000, 0.300000, -7.070085
0.000000, 0.350000, 1.197852
0.050000, 0.350000, 1.655356
0.100000, 0.350000, 2.062365
0.150000, 0.350000, 2.376108
0.200000, 0.350000, 2.562182
0.250000, 0.350000, 2.597689
0.300000, 0.350000, 2.473284
0.350000, 0.350000, 2.193921
0.400000, 0.350000, 1.778241
0.450000, 0.350000, 1.256658
0.500000, 0.350000, 0.668329
0.550000, 0.350000, 0.057316
0.600000, 0.350000, -0.531702
0.650000, 0.350000, -1.057744
0.700000, 0.350000, -1.487453
0.750000, 0.350000, -1.798252
0.800000, 0.350000, -1.980436
0.850000, 0.350000, -2.037993
0.900000, 0.350000, -1.988087
0.950000, 0.350000, -1.859261
1.000000, 0.350000, -1.688530
1.050000, 0.350000, -1.517670
1.100000, 0.350000, -1.389055
1.150000, 0.350000, -1.341454
1.200000, 0.350000, -1.406200
1.250000, 0.350000, -1.604114
1.300000, 0.350000, -1.943456
1.350000, 0.350000, -2.419129
1.400000, 0.350000, -3.013185
1.450000, 0.350000, -3.696596
1.500000, 0.350000, -4.432096
1.550000, 0.350000, -5.177819
1.600000, 0.350000, -5.891370
1.650000, 0.350000, -6.533924
1.700000, 0.350000, -7.073957
1.750000, 0.350000, -7.490231
1.800000, 0.350000, -7.773748
1.850000, 0.350000, -7.928489
1.900000, 0.350000, -7.970861
1.950000, 0.350000, -7.927907
2.000000, 0.350000, -7.834480
0.000000, 0.400000, 1.087514
0.050000, 0.400000, 1.556748
0.100000, 0.400000, 1.971954
0.150000, 0.400000, 2.290041
0.200000, 0.400000, 2.476455
0.250000, 0.400000, 2.508302
0.300000, 0.400000, 2.376375
0.350000, 0.400000, 2.085878
0.400000, 0.400000, 1.655782
0.450000, 0.400000, 1.116884
0.500000, 0.400000, 0.508752
0.550000, 0.400000, -0.124148
0.600000, 0.400000, -0.736759
0.650000, 0.400000, -1.287762
0.700000, 0.400000, -1.743514
0.750000, 0.400000, -2.081210
0.800000, 0.400000, -2.290967
0.850000, 0.400000, -2.376640
0.900000, 0.400000, -2.355284
0.950000, 0.400000, -2.255339
1.000000, 0.400000, -2.113704
1.050000, 0.400000, -1.971992
1.100000, 0.400000, -1.872354
1.150000, 0.400000, -1.853247
1.200000, 0.400000, -1.945597
1.250000, 0.400000, -2.169703
1.300000, 0.400000, -2.533191
1.350000, 0.400000, -3.030224
1.400000, 0.400000, -3.642024
1.450000, 0.400000, -4.338660
1.500000, 0.400000, -5.081926
1.550000, 0.400000, -5.829015
1.600000, 0.400000, -6.536631
1.650000, 0.400000, -7.165134
1.700000, 0.400000, -7.682316
1.750000, 0.400000, -8.066431
1.800000, 0.400000, -8.308191
1.850000, 0.400000, -8.411539
1.900000, 0.400000, -8.393118
1.950000, 0.400000, -8.280505
2.000000, 0.400000, -8.109385
0.000000, 0.450000, 1.092581
0.050000, 0.450000, 1.570695
0.100000, 0.450000, 1.991426
0.150000, 0.450000, 2.311308
0.200000, 0.450000, 2.495571
0.250000, 0.450000, 2.521257
0.300000, 0.450000, 2.379230
0.350000, 0.450000, 2.074884
0.400000, 0.450000, 1.627475
0.450000, 0.450000, 1.068154
0.500000, 0.450000, 0.436893
0.550000, 0.450000, -0.221408
0.600000, 0.450000, -0.861248
0.650000, 0.450000, -1.440864
0.700000, 0.450000, -1.926178
0.750000, 0.450000, -2.293962
0.800000, 0.450000, -2.533918
0.850000, 0.450000, -2.649489
0.900000, 0.450000, -2.657314
0.950000, 0.450000, -2.585398
1.000000, 0.450000, -2.470175
1.050000, 0.450000, -2.352758
1.100000, 0.450000, -2.274748
1.150000, 0.450000, -2.274005
1.200000, 0.450000, -2.380809
1.250000, 0.450000, -2.614773
1.300000, 0.450000, -2.982815
1.350000, 0.450000, -3.478383
1.400000, 0.450000, -4.082010
1.450000, 0.450000, -4.763131
1.500000, 0.450000, -5.483001
1.550000, 0.450000, -6.198402
1.600000, 0.450000, -6.865800
1.650000, 0.450000, -7.445523
1.700000, 0.450000, -7.905570
1.750000, 0.450000, -8.224670
1.800000, 0.450000, -8.394291
1.850000, 0.450000, -8.419426
1.900000, 0.450000, -8.318054
1.950000, 0.450000, -8.119363
2.000000, 0.450000, -7.860890
0.000000, 0.500000, 1.230056
0.050000, 0.500000, 1.714576
0.100000, 0.500000, 2.138646
0.150000, 0.500000, 2.458323
0.200000, 0.500000, 2.638507
0.250000, 0.500000, 2.656074
0.300000, 0.500000, 2.501869
0.350000, 0.500000, 2.181407
0.400000, 0.500000, 1.714194
0.450000, 0.500000, 1.131745
0.500000, 0.500000, 0.474487
0.550000, 0.500000, -0.212143
0.600000, 0.500000, -0.882040
0.650000, 0.500000, -1.492791
0.700000, 0.500000, -2.009628
0.750000, 0.500000, -2.408599
0.800000, 0.500000, -2.678665
0.850000, 0.500000, -2.822514
0.900000, 0.500000, -2.856019
0.950000, 0.500000, -2.806419
1.000000, 0.500000, -2.709389
1.050000, 0.500000, -2.605299
1.100000, 0.500000, -2.535035
1.150000, 0.500000, -2.535790
1.200000, 0.500000, -2.637241
1.250000, 0.500000, -2.858481
1.300000, 0.500000, -3.206025
1.350000, 0.500000, -3.673055
1.400000, 0.500000, -4.240003
1.450000, 0.500000, -4.876403
1.500000, 0.500000, -5.543824
1.550000, 0.500000, -6.199607
1.600000, 0.500000, -6.801030
1.650000, 0.500000, -7.309502
1.700000, 0.500000, -7.694364
1.750000, 0.500000, -7.935938
1.800000, 0.500000, -8.027519
1.850000, 0.500000, -7.976116
1.900000, 0.500000, -7.801880
1.950000, 0.500000, -7.536260
2.000000, 0.500000, -7.219086
0.000000, 0.550000, 1.504332
0.050000, 0.550000, 1.993295
0.100000, 0.550000, 2.419114
0.150000, 0.550000, 2.737205
0.200000, 0.550000, 2.911989
0.250000, 0.550000, 2.920033
0.300000, 0.550000, 2.752060
0.350000, 0.550000, 2.413646
0.400000, 0.550000, 1.924546
0.450000, 0.550000, 1.316695
0.500000, 0.550000, 0.631109
0.550000, 0.550000, -0.086042
0.600000, 0.550000, -0.787795
0.650000, 0.550000, -1.430772
0.700000, 0.550000, -1.979162
0.750000, 0.550000, -2.407923
0.800000, 0.550000, -2.704902
0.850000, 0.550000, -2.871677
0.900000, 0.550000, -2.923056
0.950000, 0.550000, -2.885284
1.000000, 0.550000, -2.793143
1.050000, 0.550000, -2.686248
1.100000, 0.550000, -2.604898
1.150000, 0.550000, -2.585894
1.200000, 0.550000, -2.658743
1.250000, 0.550000, -2.842621
1.300000, 0.550000, -3.144389
1.350000, 0.550000, -3.557855
1.400000, 0.550000, -4.064369
1.450000, 0.550000, -4.634663
1.500000, 0.550000, -5.231781
1.550000, 0.550000, -5.814791
1.600000, 0.550000, -6.342923
1.650000, 0.550000, -6.779717
1.700000, 0.550000, -7.096776
1.750000, 0.550000, -7.276748
1.800000, 0.550000, -7.315254
1.850000, 0.550000, -7.221549
1.900000, 0.550000, -7.017870
1.950000, 0.550000, -6.737510
2.000000, 0.550000, -6.421821
0.000000, 0.600000, 1.906659
0.050000, 0.600000, 2.398720
0.100000, 0.600000, 2.825361
0.150000, 0.600000, 3.141146
0.200000, 0.600000, 3.309814
0.250000, 0.600000, 3.307460
0.300000, 0.600000, 3.124574
0.350000, 0.600000, 2.766761
0.400000, 0.600000, 2.254068
0.450000, 0.600000, 1.618988
0.500000, 0.600000, 0.903345
0.550000, 0.600000, 0.154338
0.600000, 0.600000, -0.579848
0.650000, 0.600000, -1.254472
0.700000, 0.600000, -1.832266
0.750000, 0.600000, -2.286695
0.800000, 0.600000, -2.604142
0.850000, 0.600000, -2.784811
0.900000, 0.600000, -2.842287
0.950000, 0.600000, -2.801806
1.000000, 0.600000, -2.697408
1.050000, 0.600000, -2.568284
1.100000, 0.600000, -2.454661
1.150000, 0.600000, -2.393652
1.200000, 0.600000, -2.415473
1.250000, 0.600000, -2.540404
1.300000, 0.600000, -2.776794
1.350000, 0.600000, -3.120296
1.400000, 0.600000, -3.554409
1.450000, 0.600000, -4.052264
1.500000, 0.600000, -4.579485
1.550000, 0.600000, -5.097813
1.600000, 0.600000, -5.569152
1.650000, 0.600000, -5.959617
1.700000, 0.600000, -6.243189
1.750000, 0.600000, -6.404594
1.800000, 0.600000, -6.441135
1.850000, 0.600000, -6.363266
1.900000, 0.600000, -6.193863
1.950000, 0.600000, -5.966242
2.000000, 0.600000, -5.721120
0.000000, 0.650000, 2.415922
0.050000, 0.650000, 2.910424
0.100000, 0.650000, 3.337660
0.150000, 0.650000, 3.651071
0.200000, 0.650000, 3.813474
0.250000, 0.650000, 3.800311
0.300000, 0.650000, 3.601742
0.350000, 0.650000, 3.223403
0.400000, 0.650000, 2.685749
0.450000, 0.650000, 2.022056
0.500000, 0.650000, 1.275277
0.550000, 0.650000, 0.494045
0.600000, 0.650000, -0.271788
0.650000, 0.650000, -0.975653
0.700000, 0.650000, -1.578395
0.750000, 0.650000, -2.051626
0.800000, 0.650000, -2.380020
0.850000, 0.650000, -2.562314
0.900000, 0.650000, -2.610969
0.950000, 0.650000, -2.550516
1.000000, 0.650000, -2.414784
1.050000, 0.650000, -2.243285
1.100000, 0.650000, -2.077123
1.150000, 0.650000, -1.954847
1.200000, 0.650000, -1.908627
1.250000, 0.650000, -1.961170
1.300000, 0.650000, -2.123631
1.350000, 0.650000, -2.394749
1.400000, 0.650000, -2.761266
1.450000, 0.650000, -3.199576
1.500000, 0.650000, -3.678435
1.550000, 0.650000, -4.162442
1.600000, 0.650000, -4.615938
1.650000, 0.650000, -5.006925
1.700000, 0.650000, -5.310604
1.750000, 0.650000, -5.512164
1.800000, 0.650000, -5.608546
1.850000, 0.650000, -5.608998
1.900000, 0.650000, -5.534342
1.950000, 0.650000, -5.415038
2.000000, 0.650000, -5.288228
0.000000, 0.700000, 3.000646
0.050000, 0.700000, 3.497657
0.100000, 0.700000, 3.925953
0.150000, 0.700000, 4.237532
0.200000, 0.700000, 4.394014
0.250000, 0.700000, 4.370001
0.300000, 0.700000, 4.155252
0.350000, 0.700000, 3.755498
0.400000, 0.700000, 3.191801
0.450000, 0.700000, 2.498546
0.500000, 0.700000, 1.720246
0.550000, 0.700000, 0.907459
0.600000, 0.700000, 0.112223
0.650000, 0.700000, -0.616590
0.700000, 0.700000, -1.237547
0.750000, 0.700000, -1.720166
0.800000, 0.700000, -2.047365
0.850000, 0.700000, -2.216600
0.900000, 0.700000, -2.239648
0.950000, 0.700000, -2.141042
1.000000, 0.700000, -1.955347
1.050000, 0.700000, -1.723565
1.100000, 0.700000, -1.489013
1.150000, 0.700000, -1.293090
1.200000, 0.700000, -1.171353
1.250000, 0.700000, -1.150266
1.300000, 0.700000, -1.244939
1.350000, 0.700000, -1.458056
1.400000, 0.700000, -1.780078
1.450000, 0.700000, -2.190683
1.500000, 0.700000, -2.661269
1.550000, 0.700000, -3.158263
1.600000, 0.700000, -3.646873
1.650000, 0.700000, -4.094906
1.700000, 0.700000, -4.476258
1.750000, 0.700000, -4.773707
1.800000, 0.700000, -4.980746
1.850000, 0.700000, -5.102250
1.900000, 0.700000, -5.153919
1.950000, 0.700000, -5.160566
2.000000, 0.700000, -5.153407
0.000000, 0.750000, 3.622058
0.050000, 0.750000, 4.122360
0.100000, 0.750000, 4.552829
0.150000, 0.750000, 4.863645
0.200000, 0.750000, 5.014936
0.250000, 0.750000, 4.980283
0.300000, 0.750000, 4.749020
0.350000, 0.750000, 4.327106
0.400000, 0.750000, 3.736512
0.450000, 0.750000, 3.013169
0.500000, 0.750000, 2.203681
0.550000, 0.750000, 1.361105
0.600000, 0.750000, 0.540200
0.650000, 0.750000, -0.207415
0.700000, 0.750000, -0.837760
0.750000, 0.750000, -1.318223
0.800000, 0.750000, -1.630202
0.850000, 0.750000, -1.770419
0.900000, 0.750000, -1.750815
0.950000, 0.750000, -1.597050
1.000000, 0.750000, -1.345786
1.050000, 0.750000, -1.041019
1.100000, 0.750000, -0.729824
1.150000, 0.750000, -0.457939
1.200000, 0.750000, -0.265595
1.250000, 0.750000, -0.183985
1.300000, 0.750000, -0.232712
1.350000, 0.750000, -0.418409
1.400000, 0.750000, -0.734669
1.450000, 0.750000, -1.163228
1.500000, 0.750000, -1.676282
1.550000, 0.750000, -2.239663
1.600000, 0.750000, -2.816548
1.650000, 0.750000, -3.371312
1.700000, 0.750000, -3.873140
1.750000, 0.750000, -4.299031
1.800000, 0.750000, -4.635907
1.850000, 0.750000, -4.881623
1.900000, 0.750000, -5.044797
1.950000, 0.750000, -5.143500
2.000000, 0.750000, -5.202950
0.000000, 0.800000, 4.237883
0.050000, 0.800000, 4.742928
0.100000, 0.800000, 5.177246
0.150000, 0.800000, 5.488785
0.200000, 0.800000, 5.635867
0.250000, 0.800000, 5.590900
0.300000, 0.800000, 5.342821
0.350000, 0.800000, 4.898053
0.400000, 0.800000, 4.279886
0.450000, 0.800000, 3.526345
0.500000, 0.800000, 2.686746
0.550000, 0.800000, 1.817258
0.600000, 0.800000, 0.975884
0.650000, 0.800000, 0.217323
0.700000, 0.800000, -0.411827
0.750000, 0.800000, -0.877070
0.800000, 0.800000, -1.158891
0.850000, 0.800000, -1.254230
0.900000, 0.800000, -1.176463
0.950000, 0.800000, -0.953894
1.000000, 0.800000, -0.626931
1.050000, 0.800000, -0.244220
1.100000, 0.800000, 0.141892
1.150000, 0.800000, 0.480119
1.200000, 0.800000, 0.724800
1.250000, 0.800000, 0.839830
1.300000, 0.800000, 0.801612
1.350000, 0.800000, 0.600783
1.400000, 0.800000, 0.242569
1.450000, 0.800000, -0.254213
1.500000, 0.800000, -0.859398
1.550000, 0.800000, -1.534690
1.600000, 0.800000, -2.237548
1.650000, 0.800000, -2.925332
1.700000, 0.800000, -3.559304
1.750000, 0.800000, -4.108117
1.800000, 0.800000, -4.550453
1.850000, 0.800000, -4.876583
1.900000, 0.800000, -5.088732
1.950000, 0.800000, -5.200251
2.000000, 0.800000, -5.233700
0.000000, 0.850000, 4.806521
0.050000, 0.850000, 5.318347
0.100000, 0.850000, 5.758636
0.150000, 0.850000, 6.072658
0.200000, 0.850000, 6.216617
0.250000, 0.850000, 6.161629
0.300000, 0.850000, 5.896348
0.350000, 0.850000, 5.427997
0.400000, 0.850000, 4.781714
0.450000, 0.850000, 3.998275
0.500000, 0.850000, 3.130398
0.550000, 0.850000, 2.237983
0.600000, 0.850000, 1.382716
0.650000, 0.850000, 0.622529
0.700000, 0.850000, 0.006439
0.750000, 0.850000, -0.429787
0.800000, 0.850000, -0.666730
0.850000, 0.850000, -0.702925
0.900000, 0.850000, -0.554830
0.950000, 0.850000, -0.255178
1.000000, 0.850000, 0.150123
1.050000, 0.850000, 0.606241
1.100000, 0.850000, 1.054426
1.150000, 0.850000, 1.437296
1.200000, 0.850000, 1.703931
1.250000, 0.850000, 1.814302
1.300000, 0.850000, 1.742641
1.350000, 0.850000, 1.479472
1.400000, 0.850000, 1.032121
1.450000, 0.850000, 0.423709
1.500000, 0.850000, -0.309278
1.550000, 0.850000, -1.120559
1.600000, 0.850000, -1.958451
1.650000, 0.850000, -2.770634
1.700000, 0.850000, -3.508855
1.750000, 0.850000, -4.133138
1.800000, 0.850000, -4.615115
1.850000, 0.850000, -4.940203
1.900000, 0.850000, -5.108441
1.950000, 0.850000, -5.133960
2.000000, 0.850000, -5.043176
0.000000, 0.900000, 5.291181
0.050000, 0.900000, 5.812295
0.100000, 0.900000, 6.260984
0.150000, 0.900000, 6.579367
0.200000, 0.900000, 6.721231
0.250000, 0.900000, 6.656340
0.300000, 0.900000, 6.373270
0.350000, 0.900000, 5.880500
0.400000, 0.900000, 5.205667
0.450000, 0.900000, 4.393047
0.500000, 0.900000, 3.499490
0.550000, 0.900000, 2.589201
0.600000, 0.900000, 1.727837
0.650000, 0.900000, 0.976471
0.700000, 0.900000, 0.385987
0.750000, 0.900000, -0.007586
0.800000, 0.900000, -0.186365
0.850000, 0.900000, -0.152233
0.900000, 0.900000, 0.073363
0.950000, 0.900000, 0.451405
1.000000, 0.900000, 0.928899
1.050000, 0.900000, 1.443744
1.100000, 0.900000, 1.930407
1.150000, 0.900000, 2.325893
1.200000, 0.900000, 2.575449
1.250000, 0.900000, 2.637484
1.300000, 0.900000, 2.487262
1.350000, 0.900000, 2.119034
1.400000, 0.900000, 1.546421
1.450000, 0.900000, 0.801038
1.500000, 0.900000, -0.070509
1.550000, 0.900000, -1.010962
1.600000, 0.900000, -1.957673
1.650000, 0.900000, -2.848299
1.700000, 0.900000, -3.626406
1.750000, 0.900000, -4.246470
1.800000, 0.900000, -4.677821
1.850000, 0.900000, -4.907189
1.900000, 0.900000, -4.939638
1.950000, 0.900000, -4.797821
2.000000, 0.900000, -4.519651
0.000000, 0.950000, 5.663573
0.050000, 0.950000, 6.196810
0.100000, 0.950000, 6.656473
0.150000, 0.950000, 6.981046
0.200000, 0.950000, 7.121628
0.250000, 0.950000, 7.046641
0.300000, 0.950000, 6.744897
0.350000, 0.950000, 6.226715
0.400000, 0.950000, 5.523000
0.450000, 0.950000, 4.682351
0.500000, 0.950000, 3.766478
0.550000, 0.950000, 2.844362
0.600000, 0.950000, 1.985707
0.650000, 0.950000, 1.254312
0.700000, 0.950000, 0.701982
0.750000, 0.950000, 0.363567
0.800000, 0.950000, 0.253592
0.850000, 0.950000, 0.364807
0.900000, 0.950000, 0.668793
0.950000, 0.950000, 1.118571
1.000000, 0.950000, 1.652970
1.050000, 0.950000, 2.202342
1.100000, 0.950000, 2.695088
1.150000, 0.950000, 3.064384
1.200000, 0.950000, 3.254462
1.250000, 0.950000, 3.225869
1.300000, 0.950000, 2.959197
1.350000, 0.950000, 2.456936
1.400000, 0.950000, 1.743285
1.450000, 0.950000, 0.861921
1.500000, 0.950000, -0.128048
1.550000, 0.950000, -1.157572
1.600000, 0.950000, -2.154078
1.650000, 0.950000, -3.048206
1.700000, 0.950000, -3.780244
1.750000, 0.950000, -4.305658
1.800000, 0.950000, -4.599188
1.850000, 0.950000, -4.657154
1.900000, 0.950000, -4.497746
1.950000, 0.950000, -4.159276
2.000000, 0.950000, -3.696575
0.000000, 1.000000, 5.906791
0.050000, 1.000000, 6.455150
0.100000, 1.000000, 6.928336
0.150000, 1.000000, 7.260712
0.200000, 1.000000, 7.400459
0.250000, 1.000000, 7.314755
0.300000, 1.000000, 6.993083
0.350000, 1.000000, 6.448318
0.400000, 1.000000, 5.715508
0.450000, 1.000000, 4.848446
0.500000, 1.000000, 3.914381
0.550000, 1.000000, 2.987375
0.600000, 1.000000, 2.140977
0.650000, 1.000000, 1.440916
0.700000, 1.000000, 0.938549
0.750000, 1.000000, 0.665703
0.800000, 1.000000, 0.631427
0.850000, 1.000000, 0.820980
0.900000, 1.000000, 1.197159
0.950000, 1.000000, 1.703843
1.000000, 1.000000, 2.271411
1.050000, 1.000000, 2.823515
1.100000, 1.000000, 3.284536
1.150000, 1.000000, 3.587002
1.200000, 1.000000, 3.678237
1.250000, 1.000000, 3.525593
1.300000, 1.000000, 3.119741
1.350000, 1.000000, 2.475700
1.400000, 1.000000, 1.631497
1.450000, 1.000000, 0.644571
1.500000, 1.000000, -0.413714
1.550000, 1.000000, -1.464940
1.600000, 1.000000, -2.431202
1.650000, 1.000000, -3.242656
1.700000, 1.000000, -3.844298
1.750000, 1.000000, -4.201324
1.800000, 1.000000, -4.302541
1.850000, 1.000000, -4.161500
1.900000, 1.000000, -3.815231
1.950000, 1.000000, -3.320712
2.000000, 1.000000, -2.749399
0.000000, 1.050000, 6.017083
0.050000, 1.050000, 6.583561
0.100000, 1.050000, 7.072626
0.150000, 1.050000, 7.414045
0.200000, 1.050000, 7.552908
0.250000, 1.050000, 7.455349
0.300000, 1.050000, 7.112085
0.350000, 1.050000, 6.539395
0.400000, 1.050000, 5.777436
0.450000, 1.050000, 4.886080
0.500000, 1.050000, 3.938688
0.550000, 1.050000, 3.014487
0.600000, 1.050000, 2.190318
0.650000, 1.050000, 1.532634
0.700000, 1.050000, 1.090549
0.750000, 1.050000, 0.890688
0.800000, 1.050000, 0.934356
0.850000, 1.050000, 1.197316
0.900000, 1.050000, 1.632222
0.950000, 1.050000, 2.173432
1.000000, 1.050000, 2.743733
1.050000, 1.050000, 3.262259
1.100000, 1.050000, 3.652809
1.150000, 1.050000, 3.851695
1.200000, 1.050000, 3.814313
1.250000, 1.050000, 3.519777
1.300000, 1.050000, 2.973108
1.350000, 1.050000, 2.204792
1.400000, 1.050000, 1.267717
1.450000, 1.050000, 0.231824
1.500000, 1.050000, -0.822976
1.550000, 1.050000, -1.814915
1.600000, 1.050000, -2.668655
1.650000, 1.050000, -3.322922
1.700000, 1.050000, -3.736696
1.750000, 1.050000, -3.893337
1.800000, 1.050000, -3.802232
1.850000, 1.050000, -3.497788
1.900000, 1.050000, -3.035909
1.950000, 1.050000, -2.488289
2.000000, 1.050000, -1.935148
0.000000, 1.100000, 6.004361
0.050000, 1.100000, 6.591779
0.100000, 1.100000, 7.098723
0.150000, 1.100000, 7.449915
0.200000, 1.100000, 7.587244
0.250000, 1.100000, 7.476113
0.300000, 1.100000, 7.109178
0.350000, 1.100000, 6.507092
0.400000, 1.100000, 5.716157
0.450000, 1.100000, 4.803172
0.500000, 1.100000, 3.848034
0.550000, 1.100000, 2.934919
0.600000, 1.100000, 2.143023
0.650000, 1.100000, 1.537877
0.700000, 1.100000, 1.164183
0.750000, 1.100000, 1.040965
0.800000, 1.100000, 1.159550
0.850000, 1.100000, 1.484583
0.900000, 1.100000, 1.957967
0.950000, 1.100000, 2.505260
1.000000, 1.100000, 3.043836
1.050000, 1.100000, 3.491891
1.100000, 1.100000, 3.777317
1.150000, 1.100000, 3.845464
1.200000, 1.100000, 3.664965
1.250000, 1.100000, 3.230990
1.300000, 1.100000, 2.565609
1.350000, 1.100000, 1.715236
1.400000, 1.100000, 0.745477
1.450000, 1.100000, -0.266060
1.500000, 1.100000, -1.238157
1.550000, 1.100000, -2.094689
1.600000, 1.100000, -2.772675
1.650000, 1.100000, -3.228813
1.700000, 1.100000, -3.443829
1.750000, 1.100000, -3.424186
1.800000, 1.100000, -3.201013
1.850000, 1.100000, -2.826422
1.900000, 1.100000, -2.367645
1.950000, 1.100000, -1.899670
2.000000, 1.100000, -1.497186
0.000000, 1.150000, 5.891351
0.050000, 1.150000, 6.502197
0.100000, 1.150000, 7.028525
0.150000, 1.150000, 7.389593
0.200000, 1.150000, 7.524068
0.250000, 1.150000, 7.397051
0.300000, 1.150000, 7.003981
0.350000, 1.150000, 6.370970
0.400000, 1.150000, 5.551540
0.450000, 1.150000, 4.620191
0.500000, 1.150000, 3.663555
0.550000, 1.150000, 2.770199
0.600000, 1.150000, 2.020308
0.650000, 1.150000, 1.476430
0.700000, 1.150000, 1.176382
0.750000, 1.150000, 1.129126
0.800000, 1.150000, 1.314053
0.850000, 1.150000, 1.683729
0.900000, 1.150000, 2.169730
0.950000, 1.150000, 2.690832
1.000000, 1.150000, 3.162578
1.050000, 1.150000, 3.507053
1.100000, 1.150000, 3.661740
1.150000, 1.150000, 3.586429
1.200000, 1.150000, 3.267403
1.250000, 1.150000, 2.718474
1.300000, 1.150000, 1.978822
1.350000, 1.150000, 1.107943
1.400000, 1.150000, 0.178391
1.450000, 1.150000, -0.732798
1.500000, 1.150000, -1.552959
1.550000, 1.150000, -2.221878
1.600000, 1.150000, -2.698188
1.650000, 1.150000, -2.963390
1.700000, 1.150000, -3.023099
1.750000, 1.150000, -2.905474
1.800000, 1.150000, -2.657131
1.850000, 1.150000, -2.337098
1.900000, 1.150000, -2.009623
1.950000, 1.150000, -1.736717
2.000000, 1.150000, -1.571332
0.000000, 1.200000, 5.711500
0.050000, 1.200000, 6.347783
0.100000, 1.200000, 6.894389
0.150000, 1.200000, 7.264734
0.200000, 1.200000, 7.394326
0.250000, 1.200000, 7.248529
0.300000, 1.200000, 6.826545
0.350000, 1.200000, 6.161124
0.400000, 1.200000, 5.314091
0.450000, 1.200000, 4.368288
0.500000, 1.200000, 3.417005
0.550000, 1.200000, 2.552251
0.600000, 1.200000, 1.853389
0.650000, 1.200000, 1.377550
0.700000, 1.200000, 1.153020
0.750000, 1.200000, 1.176372
0.800000, 1.200000, 1.413635
0.850000, 1.200000, 1.805266
0.900000, 1.200000, 2.274186
0.950000, 1.200000, 2.735811
1.000000, 1.200000, 3.108714
1.050000, 1.200000, 3.324573
1.100000, 1.200000, 3.336142
1.150000, 1.200000, 3.122304
1.200000, 1.200000, 2.689645
1.250000, 1.200000, 2.070501
1.300000, 1.200000, 1.317833
1.350000, 1.200000, 0.497744
1.400000, 1.200000, -0.319309
1.450000, 1.200000, -1.067411
1.500000, 1.200000, -1.693041
1.550000, 1.200000, -2.160890
1.600000, 1.200000, -2.457019
1.650000, 1.200000, -2.589070
1.700000, 1.200000, -2.583683
1.750000, 1.200000, -2.481633
1.800000, 1.200000, -2.331488
1.850000, 1.200000, -2.182745
1.900000, 1.200000, -2.079436
1.950000, 1.200000, -2.055031
2.000000, 1.200000, -2.129295
0.000000, 1.250000, 5.505811
0.050000, 1.250000, 6.168946
0.100000, 1.250000, 6.736027
0.150000, 1.250000, 7.114304
0.200000, 1.250000, 7.236284
0.250000, 1.250000, 7.068290
0.300000, 1.250000, 6.614397
0.350000, 1.250000, 5.915254
0.400000, 1.250000, 5.042029
0.450000, 1.250000, 4.086369
0.500000, 1.250000, 3.147809
0.550000, 1.250000, 2.320417
0.600000, 1.250000, 1.680502
0.650000, 1.250000, 1.277052
0.700000, 1.250000, 1.126151
0.750000, 1.250000, 1.210025
0.800000, 1.250000, 1.480709
0.850000, 1.250000, 1.867680
0.900000, 1.250000, 2.288266
0.950000, 1.250000, 2.659263
1.000000, 1.250000, 2.908114
1.050000, 1.250000, 2.982080
1.100000, 1.250000, 2.854211
1.150000, 1.250000, 2.525419
1.200000, 1.250000, 2.022545
1.250000, 1.250000, 1.392909
1.300000, 1.250000, 0.696309
1.350000, 1.250000, -0.004211
1.400000, 1.250000, -0.651406
1.450000, 1.250000, -1.201353
1.500000, 1.250000, -1.628417
1.550000, 1.250000, -1.927075
1.600000, 1.250000, -2.110512
1.650000, 1.250000, -2.206450
1.700000, 1.250000, -2.251028
1.750000, 1.250000, -2.281896
1.800000, 1.250000, -2.331696
1.850000, 1.250000, -2.423026
1.900000, 1.250000, -2.565662
1.950000, 1.250000, -2.756422
2.000000, 1.250000, -2.981561
0.000000, 1.300000, 5.318913
0.050000, 1.300000, 6.009639
0.100000, 1.300000, 6.596654
0.150000, 1.300000, 6.980767
0.200000, 1.300000, 7.091750
0.250000, 1.300000, 6.897714
0.300000, 1.300000, 6.408838
0.350000, 1.300000, 5.674977
0.400000, 1.300000, 4.777606
0.450000, 1.300000, 3.817392
0.500000, 1.300000, 2.899330
0.550000, 1.300000, 2.117715
0.600000, 1.300000, 1.543176
0.650000, 1.300000, 1.213656
0.700000, 1.300000, 1.130543
0.750000, 1.300000, 1.260364
0.800000, 1.300000, 1.541556
0.850000, 1.300000, 1.895085
0.900000, 1.300000, 2.237109
0.950000, 1.300000, 2.491655
1.000000, 1.300000, 2.601327
1.050000, 1.300000, 2.534477
1.100000, 1.300000, 2.287895
1.150000, 1.300000, 1.884832
1.200000, 1.300000, 1.368942
1.250000, 1.300000, 0.795374
1.300000, 1.300000, 0.220658
1.350000, 1.300000, -0.306831
1.400000, 1.300000, -0.754241
1.450000, 1.300000, -1.108272
1.500000, 1.300000, -1.375345
1.550000, 1.300000, -1.578065
1.600000, 1.300000, -1.748835
1.650000, 1.300000, -1.921903
1.700000, 1.300000, -2.125455
1.750000, 1.300000, -2.375250
1.800000, 1.300000, -2.671067
1.850000, 1.300000, -2.996622
1.900000, 1.300000, -3.323016
1.950000, 1.300000, -3.615077
2.000000, 1.300000, -3.839413
0.000000, 1.350000, 5.194767
0.050000, 1.350000, 5.913096
0.100000, 1.350000, 6.518756
0.150000, 1.350000, 6.905900
0.200000, 1.350000, 7.001930
0.250000, 1.350000, 6.777705
0.300000, 1.350000, 6.250848
0.350000, 1.350000, 5.481746
0.400000, 1.350000, 4.563014
0.450000, 1.350000, 3.604265
0.500000, 1.350000, 2.714741
0.550000, 1.350000, 1.986689
0.600000, 1.350000, 1.482115
0.650000, 1.350000, 1.224979
0.700000, 1.350000, 1.199867
0.750000, 1.350000, 1.357107
0.800000, 1.350000, 1.623168
0.850000, 1.350000, 1.914357
0.900000, 1.350000, 2.151322
0.950000, 1.350000, 2.271836
1.000000, 1.350000, 2.239728
1.050000, 1.350000, 2.048602
1.100000, 1.350000, 1.719964
1.150000, 1.350000, 1.296395
1.200000, 1.350000, 0.831294
1.250000, 1.350000, 0.377295
1.300000, 1.350000, -0.024390
1.350000, 1.350000, -0.351644
1.400000, 1.350000, -0.604757
1.450000, 1.350000, -0.804835
1.500000, 1.350000, -0.987736
1.550000, 1.350000, -1.194847
1.600000, 1.350000, -1.462624
1.650000, 1.350000, -1.813059
1.700000, 1.350000, -2.247084
1.750000, 1.350000, -2.742359
1.800000, 1.350000, -3.256048
1.850000, 1.350000, -3.732228
1.900000, 1.350000, -4.112652
1.950000, 1.350000, -4.348877
2.000000, 1.350000, -4.413463
0.000000, 1.400000, 5.172389
0.050000, 1.400000, 5.917606
0.100000, 1.400000, 6.539908
0.150000, 1.400000, 6.926641
0.200000, 1.400000, 7.003309
0.250000, 1.400000, 6.744601
0.300000, 1.400000, 6.177016
0.350000, 1.400000, 5.372780
0.400000, 1.400000, 4.436305
0.450000, 1.400000, 3.485728
0.500000, 1.400000, 2.632883
0.550000, 1.400000, 1.965265
0.600000, 1.400000, 1.533093
0.650000, 1.400000, 1.343552
0.700000, 1.400000, 1.362935
0.750000, 1.400000, 1.525938
0.800000, 1.400000, 1.750045
0.850000, 1.400000, 1.952096
0.900000, 1.400000, 2.063798
0.950000, 1.400000, 2.043275
1.000000, 1.400000, 1.880614
1.050000, 1.400000, 1.596616
1.100000, 1.400000, 1.235294
1.150000, 1.400000, 0.851933
1.200000, 1.400000, 0.499332
1.250000, 1.400000, 0.215190
1.300000, 1.400000, 0.013290
1.350000, 1.400000, -0.119667
1.400000, 1.400000, -0.220924
1.450000, 1.400000, -0.342876
1.500000, 1.400000, -0.540477
1.550000, 1.400000, -0.857502
1.600000, 1.400000, -1.314620
1.650000, 1.400000, -1.901899
1.700000, 1.400000, -2.577559
1.750000, 1.400000, -3.273509
1.800000, 1.400000, -3.906891
1.850000, 1.400000, -4.395571
1.900000, 1.400000, -4.674687
1.950000, 1.400000, -4.711010
2.000000, 1.400000, -4.512211
0.000000, 1.450000, 5.282042
0.050000, 1.450000, 6.052732
0.100000, 1.450000, 6.689036
0.150000, 1.450000, 7.071393
0.200000, 1.450000, 7.123982
0.250000, 1.450000, 6.826527
0.300000, 1.450000, 6.215897
0.350000, 1.450000, 5.377413
0.400000, 1.450000, 4.427713
0.450000, 1.450000, 3.492651
0.500000, 1.450000, 2.684528
0.550000, 1.450000, 2.083016
0.600000, 1.450000, 1.723282
0.650000, 1.450000, 1.593286
0.700000, 1.450000, 1.640375
0.750000, 1.450000, 1.785423
0.800000, 1.450000, 1.941307
0.850000, 1.450000, 2.031728
0.900000, 1.450000, 2.006460
0.950000, 1.450000, 1.849955
1.000000, 1.450000, 1.581733
1.050000, 1.450000, 1.248768
1.100000, 1.450000, 0.911802
1.150000, 1.450000, 0.628788
1.200000, 1.450000, 0.439273
1.250000, 1.450000, 0.353288
1.300000, 1.450000, 0.347303
1.350000, 1.450000, 0.368299
1.400000, 1.450000, 0.345169
1.450000, 1.450000, 0.205073
1.500000, 1.450000, -0.108772
1.550000, 1.450000, -0.621815
1.600000, 1.450000, -1.318885
1.650000, 1.450000, -2.143215
1.700000, 1.450000, -3.004391
1.750000, 1.450000, -3.793986
1.800000, 1.450000, -4.405975
1.850000, 1.450000, -4.757950
1.900000, 1.450000, -4.808875
1.950000, 1.450000, -4.569657
2.000000, 1.450000, -4.104184
0.000000, 1.500000, 5.542246
0.050000, 1.500000, 6.336369
0.100000, 1.500000, 6.983500
0.150000, 1.500000, 7.357130
0.200000, 1.500000, 7.380783
0.250000, 1.500000, 7.040529
0.300000, 1.500000, 6.385151
0.350000, 1.500000, 5.514218
0.400000, 1.500000, 4.556753
0.450000, 1.500000, 3.645087
0.500000, 1.500000, 2.889412
0.550000, 1.500000, 2.358204
0.600000, 1.500000, 2.068367
0.650000, 1.500000, 1.986733
0.700000, 1.500000, 2.042094
0.750000, 1.500000, 2.144675
0.800000, 1.500000, 2.208428
0.850000, 1.500000, 2.171047
0.900000, 1.500000, 2.007219
0.950000, 1.500000, 1.732292
1.000000, 1.500000, 1.395753
1.050000, 1.500000, 1.066274
1.100000, 1.500000, 0.812011
1.150000, 1.500000, 0.680932
1.200000, 1.500000, 0.685950
1.250000, 1.500000, 0.798529
1.300000, 1.500000, 0.952537
1.350000, 1.500000, 1.057704
1.400000, 1.500000, 1.019874
1.450000, 1.500000, 0.763534
1.500000, 1.500000, 0.251534
1.550000, 1.500000, -0.502666
1.600000, 1.500000, -1.433305
1.650000, 1.500000, -2.432030
1.700000, 1.500000, -3.367362
1.750000, 1.500000, -4.110109
1.800000, 1.500000, -4.559511
1.850000, 1.500000, -4.664639
1.900000, 1.500000, -4.436450
1.950000, 1.500000, -3.947769
2.000000, 1.500000, -3.320992
0.000000, 1.550000, 5.957910
0.050000, 1.550000, 6.772908
0.100000, 1.550000, 7.427294
0.150000, 1.550000, 7.787618
0.200000, 1.550000, 7.777520
0.250000, 1.550000, 7.390814
0.300000, 1.550000, 6.689760
0.350000, 1.550000, 5.789201
0.400000, 1.550000, 4.830369
0.450000, 1.550000, 3.950392
0.500000, 1.550000, 3.254336
0.550000, 1.550000, 2.795900
0.600000, 1.550000, 2.570744
0.650000, 1.550000, 2.523432
0.700000, 1.550000, 2.565806
0.750000, 1.550000, 2.601999
0.800000, 1.550000, 2.553842
0.850000, 1.550000, 2.380471
0.900000, 1.550000, 2.087472
0.950000, 1.550000, 1.723473
1.000000, 1.550000, 1.365233
1.050000, 1.550000, 1.095041
1.100000, 1.550000, 0.976184
1.150000, 1.550000, 1.032720
1.200000, 1.550000, 1.238807
1.250000, 1.550000, 1.520578
1.300000, 1.550000, 1.770522
1.350000, 1.550000, 1.871299
1.400000, 1.550000, 1.723554
1.450000, 1.550000, 1.271196
1.500000, 1.550000, 0.518040
1.550000, 1.550000, -0.468448
1.600000, 1.550000, -1.567632
1.650000, 1.550000, -2.628522
1.700000, 1.550000, -3.500147
1.750000, 1.550000, -4.062915
1.800000, 1.550000, -4.254035
1.850000, 1.550000, -4.081360
1.900000, 1.550000, -3.622489
1.950000, 1.550000, -3.009263
2.000000, 1.550000, -2.400998
0.000000, 1.600000, 6.519769
0.050000, 1.600000, 7.352697
0.100000, 1.600000, 8.010525
0.150000, 1.600000, 8.352915
0.200000, 1.600000, 8.304470
0.250000, 1.600000, 7.868238
0.300000, 1.600000, 7.121507
0.350000, 1.600000, 6.195237
0.400000, 1.600000, 5.242340
0.450000, 1.600000, 4.402581
0.500000, 1.600000, 3.772499
0.550000, 1.600000, 3.387354
0.600000, 1.600000, 3.218993
0.650000, 1.600000, 3.189523
0.700000, 1.600000, 3.196783
0.750000, 1.600000, 3.144701
0.800000, 1.600000, 2.970570
0.850000, 1.600000, 2.662166
0.900000, 1.600000, 2.260348
0.950000, 1.600000, 1.846554
1.000000, 1.600000, 1.518558
1.050000, 1.600000, 1.360888
1.100000, 1.600000, 1.417786
1.150000, 1.600000, 1.675996
1.200000, 1.600000, 2.062264
1.250000, 1.600000, 2.456726
1.300000, 1.600000, 2.719339
1.350000, 1.600000, 2.723109
1.400000, 1.600000, 2.386023
1.450000, 1.600000, 1.693713
1.500000, 1.600000, 0.706988
1.550000, 1.600000, -0.448045
1.600000, 1.600000, -1.605353
1.650000, 1.600000, -2.594166
1.700000, 1.600000, -3.275872
1.750000, 1.600000, -3.574026
1.800000, 1.600000, -3.490492
1.850000, 1.600000, -3.103993
1.900000, 1.600000, -2.551534
1.950000, 1.600000, -1.997189
2.000000, 1.600000, -1.595711
0.000000, 1.650000, 7.205188
0.050000, 1.650000, 8.052875
0.100000, 1.650000, 8.710258
0.150000, 1.650000, 9.030207
0.200000, 1.650000, 8.939218
0.250000, 1.650000, 8.451124
0.300000, 1.650000, 7.659757
0.350000, 1.650000, 6.712821
0.400000, 1.650000, 5.773975
0.450000, 1.650000, 4.982996
0.500000, 1.650000, 4.424165
0.550000, 1.650000, 4.110698
0.600000, 1.650000, 3.988665
0.650000, 1.650000, 3.958673
0.700000, 1.650000, 3.908888
0.750000, 1.650000, 3.750075
0.800000, 1.650000, 3.442924
0.850000, 1.650000, 3.010121
0.900000, 1.650000, 2.529860
0.950000, 1.650000, 2.112565
1.000000, 1.650000, 1.867242
1.050000, 1.650000, 1.866759
1.100000, 1.650000, 2.121786
1.150000, 1.650000, 2.570932
1.200000, 1.650000, 3.090351
1.250000, 1.650000, 3.520927
1.300000, 1.650000, 3.706408
1.350000, 1.650000, 3.532812
1.400000, 1.650000, 2.958881
1.450000, 1.650000, 2.029521
1.500000, 1.650000, 0.868401
1.550000, 1.650000, -0.348797
1.600000, 1.650000, -1.434028
1.650000, 1.650000, -2.229697
1.700000, 1.650000, -2.644023
1.750000, 1.650000, -2.670297
1.800000, 1.650000, -2.385429
1.850000, 1.650000, -1.928506
1.900000, 1.650000, -1.465091
1.950000, 1.650000, -1.146558
2.000000, 1.650000, -1.074859
0.000000, 1.700000, 7.980257
0.050000, 1.700000, 8.839468
0.100000, 1.700000, 9.492622
0.150000, 1.700000, 9.785916
0.200000, 1.700000, 9.648741
0.250000, 1.700000, 9.107323
0.300000, 1.700000, 8.273486
0.350000, 1.700000, 7.312046
0.400000, 1.700000, 6.396052
0.450000, 1.700000, 5.662207
0.500000, 1.700000, 5.178562
0.550000, 1.700000, 4.932898
0.600000, 1.700000, 4.844352
0.650000, 1.700000, 4.794253
0.700000, 1.700000, 4.666795
0.750000, 1.700000, 4.387506
0.800000, 1.700000, 3.948211
0.850000, 1.700000, 3.411159
0.900000, 1.700000, 2.891011
0.950000, 1.700000, 2.519784
1.000000, 1.700000, 2.404859
1.050000, 1.700000, 2.592243
1.100000, 1.700000, 3.046028
1.150000, 1.700000, 3.650482
1.200000, 1.700000, 4.234996
1.250000, 1.700000, 4.615608
1.300000, 1.700000, 4.642116
1.350000, 1.700000, 4.238045
1.400000, 1.700000, 3.422480
1.450000, 1.700000, 2.307604
1.500000, 1.700000, 1.072327
1.550000, 1.700000, -0.081164
1.600000, 1.700000, -0.976476
1.650000, 1.700000, -1.504765
1.700000, 1.700000, -1.648282
1.750000, 1.700000, -1.479827
1.800000, 1.700000, -1.138788
1.850000, 1.700000, -0.790811
1.900000, 1.700000, -0.582457
1.950000, 1.700000, -0.603384
2.000000, 1.700000, -0.866266
0.000000, 1.750000, 8.802982
0.050000, 1.750000, 9.670594
0.100000, 1.750000, 10.315999
0.150000, 1.750000, 10.578868
0.200000, 1.750000, 10.392560
0.250000, 1.750000, 9.797332
0.300000, 1.750000, 8.924353
0.350000, 1.750000, 7.955634
0.400000, 1.750000, 7.071798
0.450000, 1.750000, 6.402968
0.500000, 1.750000, 5.996849
0.550000, 1.750000, 5.812787
0.600000, 1.750000, 5.742808
0.650000, 1.750000, 5.652554
0.700000, 1.750000, 5.429207
0.750000, 1.750000, 5.021476
0.800000, 1.750000, 4.459258
0.850000, 1.750000, 3.846737
0.900000, 1.750000, 3.330807
0.950000, 1.750000, 3.054231
1.000000, 1.750000, 3.107693
1.050000, 1.750000, 3.495462
1.100000, 1.750000, 4.125532
1.150000, 1.750000, 4.827967
1.200000, 1.750000, 5.396907
1.250000, 1.750000, 5.644601
1.300000, 1.750000, 5.452181
1.350000, 1.750000, 4.802631
1.400000, 1.750000, 3.786391
1.450000, 1.750000, 2.577869
1.500000, 1.750000, 1.389441
1.550000, 1.750000, 0.415929
1.600000, 1.750000, -0.214769
1.650000, 1.750000, -0.471177
1.700000, 1.750000, -0.419967
1.750000, 1.750000, -0.200143
1.800000, 1.750000, 0.022091
1.850000, 1.750000, 0.104114
1.900000, 1.750000, -0.031833
1.950000, 1.750000, -0.378915
2.000000, 1.750000, -0.853005
0.000000, 1.800000, 9.627260
0.050000, 1.800000, 10.500425
0.100000, 1.800000, 11.134978
0.150000, 1.800000, 11.364232
0.200000, 1.800000, 11.126639
0.250000, 1.800000, 10.478152
0.300000, 1.800000, 9.570522
0.350000, 1.800000, 8.602702
0.400000, 1.800000, 7.760623
0.450000, 1.800000, 7.163932
0.500000, 1.800000, 6.835853
0.550000, 1.800000, 6.704866
0.600000, 1.800000, 6.636852
0.650000, 1.800000, 6.486757
0.700000, 1.800000, 6.152752
0.750000, 1.800000, 5.615185
0.800000, 1.800000, 4.947508
0.850000, 1.800000, 4.295344
0.900000, 1.800000, 3.830042
0.950000, 1.800000, 3.691287
1.000000, 1.800000, 3.937061
1.050000, 1.800000, 4.517153
1.100000, 1.800000, 5.279290
1.150000, 1.800000, 6.006895
1.200000, 1.800000, 6.477638
1.250000, 1.800000, 6.525385
1.300000, 1.800000, 6.086949
1.350000, 1.800000, 5.219527
1.400000, 1.800000, 4.083595
1.450000, 1.800000, 2.896466
1.500000, 1.800000, 1.870624
1.550000, 1.800000, 1.155394
1.600000, 1.800000, 0.799351
1.650000, 1.800000, 0.744275
1.700000, 1.800000, 0.851658
1.750000, 1.800000, 0.952676
1.800000, 1.800000, 0.905442
1.850000, 1.800000, 0.641237
1.900000, 1.800000, 0.185195
1.950000, 1.800000, -0.354942
2.000000, 1.800000, -0.828092
0.000000, 1.850000, 10.407270
0.050000, 1.850000, 11.283565
0.100000, 1.850000, 11.904704
0.150000, 1.850000, 12.097828
0.200000, 1.850000, 11.807663
0.250000, 1.850000, 11.107533
0.300000, 1.850000, 10.170852
0.350000, 1.850000, 9.212915
0.400000, 1.850000, 8.422229
0.450000, 1.850000, 7.903752
0.500000, 1.850000, 7.652210
0.550000, 1.850000, 7.563526
0.600000, 1.850000, 7.479676
0.650000, 1.850000, 7.251259
0.700000, 1.850000, 6.796204
0.750000, 1.850000, 6.134424
0.800000, 1.850000, 5.386333
0.850000, 1.850000, 4.735212
0.900000, 1.850000, 4.365629
0.950000, 1.850000, 4.398275
1.000000, 1.850000, 4.843058
1.050000, 1.850000, 5.586551
1.100000, 1.850000, 6.418836
1.150000, 1.850000, 7.091883
1.200000, 1.850000, 7.391335
1.250000, 1.850000, 7.199010
1.300000, 1.850000, 6.526349
1.350000, 1.850000, 5.508302
1.400000, 1.850000, 4.359869
1.450000, 1.850000, 3.309446
1.500000, 1.850000, 2.530451
1.550000, 1.850000, 2.093024
1.600000, 1.850000, 1.950804
1.650000, 1.850000, 1.966153
1.700000, 1.850000, 1.964590
1.750000, 1.850000, 1.799654
1.800000, 1.850000, 1.406192
1.850000, 1.850000, 0.824078
1.900000, 1.850000, 0.184393
1.950000, 1.850000, -0.337297
2.000000, 1.850000, -0.584822
0.000000, 1.900000, 11.101838
0.050000, 1.900000, 11.979391
0.100000, 1.900000, 12.585195
0.150000, 1.900000, 12.740413
0.200000, 1.900000, 12.397282
0.250000, 1.900000, 11.648165
0.300000, 1.900000, 10.689049
0.350000, 1.900000, 9.750595
0.400000, 1.900000, 9.020702
0.450000, 1.900000, 8.585175
0.500000, 1.900000, 8.406498
0.550000, 1.900000, 8.347256
0.600000, 1.900000, 8.229130
0.650000, 1.900000, 7.905967
0.700000, 1.900000, 7.324585
0.750000, 1.900000, 6.551300
0.800000, 1.900000, 5.754234
0.850000, 1.900000, 5.147025
0.900000, 1.900000, 4.913230
0.950000, 1.900000, 5.137735
1.000000, 1.900000, 5.769377
1.050000, 1.900000, 6.628482
1.100000, 1.900000, 7.457663
1.150000, 1.900000, 7.999409
1.200000, 1.900000, 8.074696
1.250000, 1.900000, 7.636425
1.300000, 1.900000, 6.780006
1.350000, 1.900000, 5.707929
1.400000, 1.900000, 4.660804
1.450000, 1.900000, 3.838572
1.500000, 1.900000, 3.338691
1.550000, 1.900000, 3.131946
1.600000, 1.900000, 3.083314
1.650000, 1.900000, 3.009620
1.700000, 1.900000, 2.752994
1.750000, 1.900000, 2.243758
1.800000, 1.900000, 1.530201
1.850000, 1.900000, 0.764444
1.900000, 1.900000, 0.149053
1.950000, 1.900000, -0.137014
2.000000, 1.900000, -0.007089
0.000000, 1.950000, 11.678373
0.050000, 1.950000, 12.555957
0.100000, 1.950000, 13.145206
0.150000, 1.950000, 13.261507
0.200000, 1.950000, 12.865895
0.250000, 1.950000, 12.071425
0.300000, 1.950000, 11.097373
0.350000, 1.950000, 10.188391
0.400000, 1.950000, 9.528157
0.450000, 1.950000, 9.178709
0.500000, 1.950000, 9.066960
0.550000, 1.950000, 9.022458
0.600000, 1.950000, 8.851593
0.650000, 1.950000, 8.420113
0.700000, 1.950000, 7.712780
0.750000, 1.950000, 6.847440
0.800000, 1.950000, 6.037558
0.850000, 1.950000, 5.516347
0.900000, 1.950000, 5.449890
0.950000, 1.950000, 5.871047
1.000000, 1.950000, 6.658738
1.050000, 1.950000, 7.570943
1.100000, 1.950000, 8.320481
1.150000, 1.950000, 8.667158
1.200000, 1.950000, 8.493943
1.250000, 1.950000, 7.840507
1.300000, 1.950000, 6.882787
1.350000, 1.950000, 5.866546
1.400000, 1.950000, 5.019323
1.450000, 1.950000, 4.472631
1.500000, 1.950000, 4.222214
1.550000, 1.950000, 4.140015
1.600000, 1.950000, 4.032502
1.650000, 1.950000, 3.722995
1.700000, 1.950000, 3.126910
1.750000, 1.950000, 2.291518
1.800000, 1.950000, 1.384906
1.850000, 1.950000, 0.637596
1.900000, 1.950000, 0.257829
1.950000, 1.950000, 0.351443
2.000000, 1.950000, 0.875963
0.000000, 2.000000, 12.115983
0.050000, 2.000000, 12.993078
0.100000, 2.000000, 13.565269
0.150000, 2.000000, 13.642393
0.200000, 2.000000, 13.195611
0.250000, 2.000000, 12.360302
0.300000, 2.000000, 11.379526
0.350000, 2.000000, 10.510144
0.400000, 2.000000, 9.927603
0.450000, 2.000000, 9.665507
0.500000, 2.000000, 9.612460
0.550000, 2.000000, 9.566473
0.600000, 2.000000, 9.325041
0.650000, 2.000000, 8.775250
0.700000, 2.000000, 7.948266
0.750000, 2.000000, 7.016316
0.800000, 2.000000, 6.232435
0.850000, 2.000000, 5.835459
0.900000, 2.000000, 5.956386
0.950000, 2.000000, 6.562074
1.000000, 2.000000, 7.458378
1.050000, 2.000000, 8.352412
1.100000, 2.000000, 8.951291
1.150000, 2.000000, 9.060869
1.200000, 2.000000, 8.648005
1.250000, 2.000000, 7.843695
1.300000, 2.000000, 6.886778
1.350000, 2.000000, 6.030287
1.400000, 2.000000, 5.446449
1.450000, 2.000000, 5.166431
1.500000, 2.000000, 5.077318
1.550000, 2.000000, 4.976605
1.600000, 2.000000, 4.662305
1.650000, 2.000000, 4.023020
1.700000, 2.000000, 3.092354
1.750000, 2.000000, 2.045754
1.800000, 2.000000, 1.140083
1.850000, 2.000000, 0.618398
1.900000, 2.000000, 0.616080
1.950000, 2.000000, 1.104289
2.000000, 2.000000, 1.892863
