0.000000, 0.000000, 1.545890
0.050000, 0.000000, 1.654651
0.100000, 0.000000, 1.752381
0.150000, 0.000000, 1.839370
0.200000, 0.000000, 1.915941
0.250000, 0.000000, 1.982439
0.300000, 0.000000, 2.039228
0.350000, 0.000000, 2.086686
0.400000, 0.000000, 2.125197
0.450000, 0.000000, 2.155150
0.500000, 0.000000, 2.176932
0.550000, 0.000000, 2.190925
0.600000, 0.000000, 2.197504
0.650000, 0.000000, 2.197038
0.700000, 0.000000, 2.189882
0.750000, 0.000000, 2.176381
0.800000, 0.000000, 2.156871
0.850000, 0.000000, 2.131677
0.900000, 0.000000, 2.101114
0.950000, 0.000000, 2.065493
1.000000, 0.000000, 2.025118
1.050000, 0.000000, 1.980292
1.100000, 0.000000, 1.931316
1.150000, 0.000000, 1.878496
1.200000, 0.000000, 1.822140
1.250000, 0.000000, 1.762565
1.300000, 0.000000, 1.700097
1.350000, 0.000000, 1.635069
1.400000, 0.000000, 1.567829
1.450000, 0.000000, 1.498731
1.500000, 0.000000, 1.428143
1.550000, 0.000000, 1.356440
1.600000, 0.000000, 1.284006
1.650000, 0.000000, 1.211227
1.700000, 0.000000, 1.138491
1.750000, 0.000000, 1.066183
1.800000, 0.000000, 0.994681
1.850000, 0.000000, 0.924348
1.900000, 0.000000, 0.855530
1.950000, 0.000000, 0.788550
2.000000, 0.000000, 0.723698
0.000000, 0.050000, 1.739626
0.050000, 0.050000, 1.831919
0.100000, 0.050000, 1.913243
0.150000, 0.050000, 1.983932
0.200000, 0.050000, 2.044350
0.250000, 0.050000, 2.094882
0.300000, 0.050000, 2.135932
0.350000, 0.050000, 2.167915
0.400000, 0.050000, 2.191252
0.450000, 0.050000, 2.206366
0.500000, 0.050000, 2.213676
0.550000, 0.050000, 2.213595
0.600000, 0.050000, 2.206527
0.650000, 0.050000, 2.192863
0.700000, 0.050000, 2.172982
0.750000, 0.050000, 2.147249
0.800000, 0.050000, 2.116016
0.850000, 0.050000, 2.079621
0.900000, 0.050000, 2.038391
0.950000, 0.050000, 1.992641
1.000000, 0.050000, 1.942681
1.050000, 0.050000, 1.888813
1.100000, 0.050000, 1.831336
1.150000, 0.050000, 1.770549
1.200000, 0.050000, 1.706751
1.250000, 0.050000, 1.640247
1.300000, 0.050000, 1.571346
1.350000, 0.050000, 1.500363
1.400000, 0.050000, 1.427623
1.450000, 0.050000, 1.353458
1.500000, 0.050000, 1.278207
1.550000, 0.050000, 1.202217
1.600000, 0.050000, 1.125838
1.650000, 0.050000, 1.049425
1.700000, 0.050000, 0.973329
1.750000, 0.050000, 0.897898
1.800000, 0.050000, 0.823470
1.850000, 0.050000, 0.750371
1.900000, 0.050000, 0.678906
1.950000, 0.050000, 0.609354
2.000000, 0.050000, 0.541966
0.000000, 0.100000, 2.129725
0.050000, 0.100000, 2.205612
0.100000, 0.100000, 2.270638
0.150000, 0.100000, 2.325180
0.200000, 0.100000, 2.369644
0.250000, 0.100000, 2.404457
0.300000, 0.100000, 2.430063
0.350000, 0.100000, 2.446915
0.400000, 0.100000, 2.455472
0.450000, 0.100000, 2.456191
0.500000, 0.100000, 2.449523
0.550000, 0.100000, 2.435911
0.600000, 0.100000, 2.415785
0.650000, 0.100000, 2.389563
0.700000, 0.100000, 2.357645
0.750000, 0.100000, 2.320414
0.800000, 0.100000, 2.278237
0.850000, 0.100000, 2.231465
0.900000, 0.100000, 2.180433
0.950000, 0.100000, 2.125465
1.000000, 0.100000, 2.066869
1.050000, 0.100000, 2.004950
1.100000, 0.100000, 1.940000
1.150000, 0.100000, 1.872312
1.200000, 0.100000, 1.802175
1.250000, 0.100000, 1.729879
1.300000, 0.100000, 1.655716
1.350000, 0.100000, 1.579982
1.400000, 0.100000, 1.502980
1.450000, 0.100000, 1.425015
1.500000, 0.100000, 1.346401
1.550000, 0.100000, 1.267454
1.600000, 0.100000, 1.188493
1.650000, 0.100000, 1.109837
1.700000, 0.100000, 1.031804
1.750000, 0.100000, 0.954704
1.800000, 0.100000, 0.878838
1.850000, 0.100000, 0.804493
1.900000, 0.100000, 0.731933
1.950000, 0.100000, 0.661399
2.000000, 0.100000, 0.593101
0.000000, 0.150000, 2.645758
0.050000, 0.150000, 2.705345
0.100000, 0.150000, 2.754224
0.150000, 0.150000, 2.792819
0.200000, 0.150000, 2.821580
0.250000, 0.150000, 2.840981
0.300000, 0.150000, 2.851508
0.350000, 0.150000, 2.853655
0.400000, 0.150000, 2.847920
0.450000, 0.150000, 2.834795
0.500000, 0.150000, 2.814767
0.550000, 0.150000, 2.788311
0.600000, 0.150000, 2.755885
0.650000, 0.150000, 2.717931
0.700000, 0.150000, 2.674874
0.750000, 0.150000, 2.627116
0.800000, 0.150000, 2.575040
0.850000, 0.150000, 2.519010
0.900000, 0.150000, 2.459371
0.950000, 0.150000, 2.396452
1.000000, 0.150000, 2.330567
1.050000, 0.150000, 2.262016
1.100000, 0.150000, 2.191092
1.150000, 0.150000, 2.118076
1.200000, 0.150000, 2.043250
1.250000, 0.150000, 1.966889
1.300000, 0.150000, 1.889269
1.350000, 0.150000, 1.810668
1.400000, 0.150000, 1.731365
1.450000, 0.150000, 1.651642
1.500000, 0.150000, 1.571784
1.550000, 0.150000, 1.492079
1.600000, 0.150000, 1.412816
1.650000, 0.150000, 1.334279
1.700000, 0.150000, 1.256754
1.750000, 0.150000, 1.180514
1.800000, 0.150000, 1.105824
1.850000, 0.150000, 1.032932
1.900000, 0.150000, 0.962065
1.950000, 0.150000, 0.893427
2.000000, 0.150000, 0.827187
0.000000, 0.200000, 3.187553
0.050000, 0.200000, 3.230987
0.100000, 0.200000, 3.263912
0.150000, 0.200000, 3.286804
0.200000, 0.200000, 3.300167
0.250000, 0.200000, 3.304521
0.300000, 0.200000, 3.300400
0.350000, 0.200000, 3.288345
0.400000, 0.200000, 3.268895
0.450000, 0.200000, 3.242584
0.500000, 0.200000, 3.209937
0.550000, 0.200000, 3.171461
0.600000, 0.200000, 3.127649
0.650000, 0.200000, 3.078970
0.700000, 0.200000, 3.025874
0.750000, 0.200000, 2.968785
0.800000, 0.200000, 2.908105
0.850000, 0.200000, 2.844212
0.900000, 0.200000, 2.777463
0.950000, 0.200000, 2.708194
1.000000, 0.200000, 2.636723
1.050000, 0.200000, 2.563351
1.100000, 0.200000, 2.488366
1.150000, 0.200000, 2.412046
1.200000, 0.200000, 2.334660
1.250000, 0.200000, 2.256472
1.300000, 0.200000, 2.177741
1.350000, 0.200000, 2.098725
1.400000, 0.200000, 2.019682
1.450000, 0.200000, 1.940869
1.500000, 0.200000, 1.862545
1.550000, 0.200000, 1.784967
1.600000, 0.200000, 1.708391
1.650000, 0.200000, 1.633072
1.700000, 0.200000, 1.559257
1.750000, 0.200000, 1.487185
1.800000, 0.200000, 1.417082
1.850000, 0.200000, 1.349159
1.900000, 0.200000, 1.283604
1.950000, 0.200000, 1.220580
2.000000, 0.200000, 1.160219
0.000000, 0.250000, 3.647051
0.050000, 0.250000, 3.674519
0.100000, 0.250000, 3.691725
0.150000, 0.250000, 3.699205
0.200000, 0.250000, 3.697520
0.250000, 0.250000, 3.687248
0.300000, 0.250000, 3.668977
0.350000, 0.250000, 3.643297
0.400000, 0.250000, 3.610798
0.450000, 0.250000, 3.572059
0.500000, 0.250000, 3.527647
0.550000, 0.250000, 3.478110
0.600000, 0.250000, 3.423975
0.650000, 0.250000, 3.365745
0.700000, 0.250000, 3.303897
0.750000, 0.250000, 3.238881
0.800000, 0.250000, 3.171119
0.850000, 0.250000, 3.101007
0.900000, 0.250000, 3.028913
0.950000, 0.250000, 2.955183
1.000000, 0.250000, 2.880140
1.050000, 0.250000, 2.804085
1.100000, 0.250000, 2.727303
1.150000, 0.250000, 2.650066
1.200000, 0.250000, 2.572631
1.250000, 0.250000, 2.495248
1.300000, 0.250000, 2.418158
1.350000, 0.250000, 2.341598
1.400000, 0.250000, 2.265800
1.450000, 0.250000, 2.190995
1.500000, 0.250000, 2.117410
1.550000, 0.250000, 2.045269
1.600000, 0.250000, 1.974793
1.650000, 0.250000, 1.906198
1.700000, 0.250000, 1.839692
1.750000, 0.250000, 1.775472
1.800000, 0.250000, 1.713721
1.850000, 0.250000, 1.654605
1.900000, 0.250000, 1.598267
1.950000, 0.250000, 1.544824
2.000000, 0.250000, 1.494361
0.000000, 0.300000, 3.931891
0.050000, 0.300000, 3.943620
0.100000, 0.300000, 3.945382
0.150000, 0.300000, 3.937783
0.200000, 0.300000, 3.921451
0.250000, 0.300000, 3.897028
0.300000, 0.300000, 3.865165
0.350000, 0.300000, 3.826510
0.400000, 0.300000, 3.781710
0.450000, 0.300000, 3.731397
0.500000, 0.300000, 3.676184
0.550000, 0.300000, 3.616667
0.600000, 0.300000, 3.553412
0.650000, 0.300000, 3.486958
0.700000, 0.300000, 3.417815
0.750000, 0.300000, 3.346460
0.800000, 0.300000, 3.273339
0.850000, 0.300000, 3.198863
0.900000, 0.300000, 3.123417
0.950000, 0.300000, 3.047353
1.000000, 0.300000, 2.970998
1.050000, 0.300000, 2.894653
1.100000, 0.300000, 2.818597
1.150000, 0.300000, 2.743090
1.200000, 0.300000, 2.668375
1.250000, 0.300000, 2.594681
1.300000, 0.300000, 2.522227
1.350000, 0.300000, 2.451220
1.400000, 0.300000, 2.381862
1.450000, 0.300000, 2.314345
1.500000, 0.300000, 2.248858
1.550000, 0.300000, 2.185583
1.600000, 0.300000, 2.124693
1.650000, 0.300000, 2.066356
1.700000, 0.300000, 2.010727
1.750000, 0.300000, 1.957950
1.800000, 0.300000, 1.908151
1.850000, 0.300000, 1.861438
1.900000, 0.300000, 1.817894
1.950000, 0.300000, 1.777576
2.000000, 0.300000, 1.740507
0.000000, 0.350000, 3.985588
0.050000, 0.350000, 3.981842
0.100000, 0.350000, 3.968474
0.150000, 0.350000, 3.946169
0.200000, 0.350000, 3.915635
0.250000, 0.350000, 3.877588
0.300000, 0.350000, 3.832750
0.350000, 0.350000, 3.781839
0.400000, 0.350000, 3.725565
0.450000, 0.350000, 3.664619
0.500000, 0.350000, 3.599673
0.550000, 0.350000, 3.531369
0.600000, 0.350000, 3.460322
0.650000, 0.350000, 3.387110
0.700000, 0.350000, 3.312278
0.750000, 0.350000, 3.236331
0.800000, 0.350000, 3.159738
0.850000, 0.350000, 3.082929
0.900000, 0.350000, 3.006299
0.950000, 0.350000, 2.930204
1.000000, 0.350000, 2.854972
1.050000, 0.350000, 2.780895
1.100000, 0.350000, 2.708241
1.150000, 0.350000, 2.637249
1.200000, 0.350000, 2.568139
1.250000, 0.350000, 2.501109
1.300000, 0.350000, 2.436340
1.350000, 0.350000, 2.374000
1.400000, 0.350000, 2.314242
1.450000, 0.350000, 2.257209
1.500000, 0.350000, 2.203032
1.550000, 0.350000, 2.151831
1.600000, 0.350000, 2.103717
1.650000, 0.350000, 2.058788
1.700000, 0.350000, 2.017127
1.750000, 0.350000, 1.978802
1.800000, 0.350000, 1.943863
1.850000, 0.350000, 1.912336
1.900000, 0.350000, 1.884224
1.950000, 0.350000, 1.859498
2.000000, 0.350000, 1.838096
0.000000, 0.400000, 3.799888
0.050000, 0.400000, 3.780967
0.100000, 0.400000, 3.752819
0.150000, 0.400000, 3.716222
0.200000, 0.400000, 3.671973
0.250000, 0.400000, 3.620877
0.300000, 0.400000, 3.563738
0.350000, 0.400000, 3.501353
0.400000, 0.400000, 3.434505
0.450000, 0.400000, 3.363954
0.500000, 0.400000, 3.290432
0.550000, 0.400000, 3.214640
0.600000, 0.400000, 3.137241
0.650000, 0.400000, 3.058856
0.700000, 0.400000, 2.980064
0.750000, 0.400000, 2.901401
0.800000, 0.400000, 2.823354
0.850000, 0.400000, 2.746367
0.900000, 0.400000, 2.670838
0.950000, 0.400000, 2.597125
1.000000, 0.400000, 2.525540
1.050000, 0.400000, 2.456360
1.100000, 0.400000, 2.389824
1.150000, 0.400000, 2.326139
1.200000, 0.400000, 2.265482
1.250000, 0.400000, 2.208002
1.300000, 0.400000, 2.153826
1.350000, 0.400000, 2.103056
1.400000, 0.400000, 2.055778
1.450000, 0.400000, 2.012058
1.500000, 0.400000, 1.971945
1.550000, 0.400000, 1.935475
1.600000, 0.400000, 1.902664
1.650000, 0.400000, 1.873515
1.700000, 0.400000, 1.848010
1.750000, 0.400000, 1.826115
1.800000, 0.400000, 1.807771
1.850000, 0.400000, 1.792896
1.900000, 0.400000, 1.781381
1.950000, 0.400000, 1.773085
2.000000, 0.400000, 1.767835
0.000000, 0.450000, 3.416624
0.050000, 0.450000, 3.382864
0.100000, 0.450000, 3.340321
0.150000, 0.450000, 3.289881
0.200000, 0.450000, 3.232446
0.250000, 0.450000, 3.168921
0.300000, 0.450000, 3.100207
0.350000, 0.450000, 3.027191
0.400000, 0.450000, 2.950737
0.450000, 0.450000, 2.871683
0.500000, 0.450000, 2.790830
0.550000, 0.450000, 2.708938
0.600000, 0.450000, 2.626722
0.650000, 0.450000, 2.544847
0.700000, 0.450000, 2.463925
0.750000, 0.450000, 2.384515
0.800000, 0.450000, 2.307118
0.850000, 0.450000, 2.232183
0.900000, 0.450000, 2.160102
0.950000, 0.450000, 2.091213
1.000000, 0.450000, 2.025803
1.050000, 0.450000, 1.964111
1.100000, 0.450000, 1.906330
1.150000, 0.450000, 1.852610
1.200000, 0.450000, 1.803059
1.250000, 0.450000, 1.757753
1.300000, 0.450000, 1.716733
1.350000, 0.450000, 1.680008
1.400000, 0.450000, 1.647563
1.450000, 0.450000, 1.619357
1.500000, 0.450000, 1.595324
1.550000, 0.450000, 1.575377
1.600000, 0.450000, 1.559410
1.650000, 0.450000, 1.547293
1.700000, 0.450000, 1.538875
1.750000, 0.450000, 1.533984
1.800000, 0.450000, 1.532422
1.850000, 0.450000, 1.533967
1.900000, 0.450000, 1.538368
1.950000, 0.450000, 1.545345
2.000000, 0.450000, 1.554584
0.000000, 0.500000, 2.918664
0.050000, 0.500000, 2.870433
0.100000, 0.500000, 2.813911
0.150000, 0.500000, 2.750111
0.200000, 0.500000, 2.680056
0.250000, 0.500000, 2.604767
0.300000, 0.500000, 2.525253
0.350000, 0.500000, 2.442502
0.400000, 0.500000, 2.357474
0.450000, 0.500000, 2.271088
0.500000, 0.500000, 2.184220
0.550000, 0.500000, 2.097694
0.600000, 0.500000, 2.012275
0.650000, 0.500000, 1.928670
0.700000, 0.500000, 1.847517
0.750000, 0.500000, 1.769389
0.800000, 0.500000, 1.694792
0.850000, 0.500000, 1.624159
0.900000, 0.500000, 1.557860
0.950000, 0.500000, 1.496194
1.000000, 0.500000, 1.439399
1.050000, 0.500000, 1.387647
1.100000, 0.500000, 1.341056
1.150000, 0.500000, 1.299686
1.200000, 0.500000, 1.263546
1.250000, 0.500000, 1.232601
1.300000, 0.500000, 1.206768
1.350000, 0.500000, 1.185929
1.400000, 0.500000, 1.169927
1.450000, 0.500000, 1.158574
1.500000, 0.500000, 1.151650
1.550000, 0.500000, 1.148912
1.600000, 0.500000, 1.150086
1.650000, 0.500000, 1.154878
1.700000, 0.500000, 1.162967
1.750000, 0.500000, 1.174012
1.800000, 0.500000, 1.187646
1.850000, 0.500000, 1.203480
1.900000, 0.500000, 1.221100
1.950000, 0.500000, 1.240066
2.000000, 0.500000, 1.259908
0.000000, 0.550000, 2.411912
0.050000, 0.550000, 2.349607
0.100000, 0.550000, 2.279553
0.150000, 0.550000, 2.202909
0.200000, 0.550000, 2.120836
0.250000, 0.550000, 2.034485
0.300000, 0.550000, 1.944990
0.350000, 0.550000, 1.853454
0.400000, 0.550000, 1.760937
0.450000, 0.550000, 1.668451
0.500000, 0.550000, 1.576948
0.550000, 0.550000, 1.487317
0.600000, 0.550000, 1.400370
0.650000, 0.550000, 1.316846
0.700000, 0.550000, 1.237401
0.750000, 0.550000, 1.162607
0.800000, 0.550000, 1.092952
0.850000, 0.550000, 1.028838
0.900000, 0.550000, 0.970581
0.950000, 0.550000, 0.918415
1.000000, 0.550000, 0.872491
1.050000, 0.550000, 0.832885
1.100000, 0.550000, 0.799598
1.150000, 0.550000, 0.772562
1.200000, 0.550000, 0.751645
1.250000, 0.550000, 0.736656
1.300000, 0.550000, 0.727348
1.350000, 0.550000, 0.723426
1.400000, 0.550000, 0.724553
1.450000, 0.550000, 0.730351
1.500000, 0.550000, 0.740405
1.550000, 0.550000, 0.754274
1.600000, 0.550000, 0.771486
1.650000, 0.550000, 0.791546
1.700000, 0.550000, 0.813938
1.750000, 0.550000, 0.838128
1.800000, 0.550000, 0.863561
1.850000, 0.550000, 0.889668
1.900000, 0.550000, 0.915864
1.950000, 0.550000, 0.941549
2.000000, 0.550000, 0.966107
0.000000, 0.600000, 2.002302
0.050000, 0.600000, 1.926349
0.100000, 0.600000, 1.843239
0.150000, 0.600000, 1.754294
0.200000, 0.600000, 1.660834
0.250000, 0.600000, 1.564161
0.300000, 0.600000, 1.465546
0.350000, 0.600000, 1.366217
0.400000, 0.600000, 1.267348
0.450000, 0.600000, 1.170046
0.500000, 0.600000, 1.075341
0.550000, 0.600000, 0.984180
0.600000, 0.600000, 0.897420
0.650000, 0.600000, 0.815817
0.700000, 0.600000, 0.740027
0.750000, 0.600000, 0.670601
0.800000, 0.600000, 0.607982
0.850000, 0.600000, 0.552509
0.900000, 0.600000, 0.504412
0.950000, 0.600000, 0.463818
1.000000, 0.600000, 0.430756
1.050000, 0.600000, 0.405156
1.100000, 0.600000, 0.386859
1.150000, 0.600000, 0.375621
1.200000, 0.600000, 0.371118
1.250000, 0.600000, 0.372958
1.300000, 0.600000, 0.380681
1.350000, 0.600000, 0.393772
1.400000, 0.600000, 0.411666
1.450000, 0.600000, 0.433754
1.500000, 0.600000, 0.459393
1.550000, 0.600000, 0.487909
1.600000, 0.600000, 0.518607
1.650000, 0.600000, 0.550772
1.700000, 0.600000, 0.583678
1.750000, 0.600000, 0.616591
1.800000, 0.600000, 0.648772
1.850000, 0.600000, 0.679482
1.900000, 0.600000, 0.707985
1.950000, 0.600000, 0.733550
2.000000, 0.600000, 0.755450
0.000000, 0.650000, 1.772791
0.050000, 0.650000, 1.683640
0.100000, 0.650000, 1.587972
0.150000, 0.650000, 1.487296
0.200000, 0.650000, 1.383111
0.250000, 0.650000, 1.276886
0.300000, 0.650000, 1.170047
0.350000, 0.650000, 1.063961
0.400000, 0.650000, 0.959918
0.450000, 0.650000, 0.859126
0.500000, 0.650000, 0.762690
0.550000, 0.650000, 0.671612
0.600000, 0.650000, 0.586772
0.650000, 0.650000, 0.508931
0.700000, 0.650000, 0.438719
0.750000, 0.650000, 0.376637
0.800000, 0.650000, 0.323049
0.850000, 0.650000, 0.278190
0.900000, 0.650000, 0.242162
0.950000, 0.650000, 0.214940
1.000000, 0.650000, 0.196377
1.050000, 0.650000, 0.186209
1.100000, 0.650000, 0.184063
1.150000, 0.650000, 0.189466
1.200000, 0.650000, 0.201852
1.250000, 0.650000, 0.220574
1.300000, 0.650000, 0.244914
1.350000, 0.650000, 0.274092
1.400000, 0.650000, 0.307278
1.450000, 0.650000, 0.343601
1.500000, 0.650000, 0.382161
1.550000, 0.650000, 0.422038
1.600000, 0.650000, 0.462300
1.650000, 0.650000, 0.502015
1.700000, 0.650000, 0.540258
1.750000, 0.650000, 0.576114
1.800000, 0.650000, 0.608693
1.850000, 0.650000, 0.637128
1.900000, 0.650000, 0.660586
1.950000, 0.650000, 0.678267
2.000000, 0.650000, 0.689413
0.000000, 0.700000, 1.765360
0.050000, 0.700000, 1.663485
0.100000, 0.700000, 1.555779
0.150000, 0.700000, 1.443964
0.200000, 0.700000, 1.329740
0.250000, 0.700000, 1.214764
0.300000, 0.700000, 1.100631
0.350000, 0.700000, 0.988854
0.400000, 0.700000, 0.880853
0.450000, 0.700000, 0.777930
0.500000, 0.700000, 0.681263
0.550000, 0.700000, 0.591892
0.600000, 0.700000, 0.510708
0.650000, 0.700000, 0.438445
0.700000, 0.700000, 0.375679
0.750000, 0.700000, 0.322819
0.800000, 0.700000, 0.280110
0.850000, 0.700000, 0.247636
0.900000, 0.700000, 0.225317
0.950000, 0.700000, 0.212921
1.000000, 0.700000, 0.210071
1.050000, 0.700000, 0.216248
1.100000, 0.700000, 0.230812
1.150000, 0.700000, 0.253002
1.200000, 0.700000, 0.281961
1.250000, 0.700000, 0.316740
1.300000, 0.700000, 0.356319
1.350000, 0.700000, 0.399619
1.400000, 0.700000, 0.445520
1.450000, 0.700000, 0.492870
1.500000, 0.700000, 0.540507
1.550000, 0.700000, 0.587268
1.600000, 0.700000, 0.632005
1.650000, 0.700000, 0.673594
1.700000, 0.700000, 0.710952
1.750000, 0.700000, 0.743044
1.800000, 0.700000, 0.768891
1.850000, 0.700000, 0.787582
1.900000, 0.700000, 0.798276
1.950000, 0.700000, 0.800211
2.000000, 0.700000, 0.792707
0.000000, 0.750000, 1.971963
0.050000, 0.750000, 1.857856
0.100000, 0.750000, 1.738651
0.150000, 0.750000, 1.616309
0.200000, 0.750000, 1.492755
0.250000, 0.750000, 1.369851
0.300000, 0.750000, 1.249379
0.350000, 0.750000, 1.133011
0.400000, 0.750000, 1.022292
0.450000, 0.750000, 0.918623
0.500000, 0.750000, 0.823239
0.550000, 0.750000, 0.737202
0.600000, 0.750000, 0.661385
0.650000, 0.750000, 0.596466
0.700000, 0.750000, 0.542922
0.750000, 0.750000, 0.501028
0.800000, 0.750000, 0.470857
0.850000, 0.750000, 0.452282
0.900000, 0.750000, 0.444986
0.950000, 0.750000, 0.448468
1.000000, 0.750000, 0.462056
1.050000, 0.750000, 0.484921
1.100000, 0.750000, 0.516092
1.150000, 0.750000, 0.554473
1.200000, 0.750000, 0.598864
1.250000, 0.750000, 0.647978
1.300000, 0.750000, 0.700462
1.350000, 0.750000, 0.754922
1.400000, 0.750000, 0.809936
1.450000, 0.750000, 0.864081
1.500000, 0.750000, 0.915953
1.550000, 0.750000, 0.964178
1.600000, 0.750000, 1.007442
1.650000, 0.750000, 1.044497
1.700000, 0.750000, 1.074180
1.750000, 0.750000, 1.095426
1.800000, 0.750000, 1.107278
1.850000, 0.750000, 1.108896
1.900000, 0.750000, 1.099565
1.950000, 0.750000, 1.078697
2.000000, 0.750000, 1.045834
0.000000, 0.800000, 2.336375
0.050000, 0.800000, 2.210544
0.100000, 0.800000, 2.080396
0.150000, 0.800000, 1.948155
0.200000, 0.800000, 1.815996
0.250000, 0.800000, 1.686011
0.300000, 0.800000, 1.560179
0.350000, 0.800000, 1.440339
0.400000, 0.800000, 1.328167
0.450000, 0.800000, 1.225148
0.500000, 0.800000, 1.132563
0.550000, 0.800000, 1.051469
0.600000, 0.800000, 0.982688
0.650000, 0.800000, 0.926800
0.700000, 0.800000, 0.884135
0.750000, 0.800000, 0.854778
0.800000, 0.800000, 0.838569
0.850000, 0.800000, 0.835109
0.900000, 0.800000, 0.843774
0.950000, 0.800000, 0.863731
1.000000, 0.800000, 0.893949
1.050000, 0.800000, 0.933227
1.100000, 0.800000, 0.980211
1.150000, 0.800000, 1.033424
1.200000, 0.800000, 1.091285
1.250000, 0.800000, 1.152146
1.300000, 0.800000, 1.214310
1.350000, 0.800000, 1.276070
1.400000, 0.800000, 1.335724
1.450000, 0.800000, 1.391614
1.500000, 0.800000, 1.442144
1.550000, 0.800000, 1.485805
1.600000, 0.800000, 1.521201
1.650000, 0.800000, 1.547062
1.700000, 0.800000, 1.562265
1.750000, 0.800000, 1.565847
1.800000, 0.800000, 1.557016
1.850000, 0.800000, 1.535156
1.900000, 0.800000, 1.499832
1.950000, 0.800000, 1.450794
2.000000, 0.800000, 1.387971
0.000000, 0.850000, 2.766553
0.050000, 0.850000, 2.629523
0.100000, 0.850000, 2.488997
0.150000, 0.850000, 2.347498
0.200000, 0.850000, 2.207476
0.250000, 0.850000, 2.071272
0.300000, 0.850000, 1.941077
0.350000, 0.850000, 1.818904
0.400000, 0.850000, 1.706553
0.450000, 0.850000, 1.605586
0.500000, 0.850000, 1.517304
0.550000, 0.850000, 1.442728
0.600000, 0.850000, 1.382588
0.650000, 0.850000, 1.337314
0.700000, 0.850000, 1.307034
0.750000, 0.850000, 1.291577
0.800000, 0.850000, 1.290482
0.850000, 0.850000, 1.303009
0.900000, 0.850000, 1.328159
0.950000, 0.850000, 1.364695
1.000000, 0.850000, 1.411168
1.050000, 0.850000, 1.465947
1.100000, 0.850000, 1.527253
1.150000, 0.850000, 1.593188
1.200000, 0.850000, 1.661779
1.250000, 0.850000, 1.731007
1.300000, 0.850000, 1.798850
1.350000, 0.850000, 1.863317
1.400000, 0.850000, 1.922483
1.450000, 0.850000, 1.974522
1.500000, 0.850000, 2.017740
1.550000, 0.850000, 2.050601
1.600000, 0.850000, 2.071754
1.650000, 0.850000, 2.080048
1.700000, 0.850000, 2.074555
1.750000, 0.850000, 2.054578
1.800000, 0.850000, 2.019657
1.850000, 0.850000, 1.969573
1.900000, 0.850000, 1.904348
1.950000, 0.850000, 1.824231
2.000000, 0.850000, 1.729693
0.000000, 0.900000, 3.154811
0.050000, 0.900000, 3.007112
0.100000, 0.900000, 2.856786
0.150000, 0.900000, 2.706680
0.200000, 0.900000, 2.559548
0.250000, 0.900000, 2.417998
0.300000, 0.900000, 2.284450
0.350000, 0.900000, 2.161093
0.400000, 0.900000, 2.049845
0.450000, 0.900000, 1.952325
0.500000, 0.900000, 1.869825
0.550000, 0.900000, 1.803291
0.600000, 0.900000, 1.753311
0.650000, 0.900000, 1.720106
0.700000, 0.900000, 1.703534
0.750000, 0.900000, 1.703101
0.800000, 0.900000, 1.717967
0.850000, 0.900000, 1.746979
0.900000, 0.900000, 1.788689
0.950000, 0.900000, 1.841392
1.000000, 0.900000, 1.903162
1.050000, 0.900000, 1.971894
1.100000, 0.900000, 2.045350
1.150000, 0.900000, 2.121200
1.200000, 0.900000, 2.197078
1.250000, 0.900000, 2.270624
1.300000, 0.900000, 2.339531
1.350000, 0.900000, 2.401595
1.400000, 0.900000, 2.454755
1.450000, 0.900000, 2.497131
1.500000, 0.900000, 2.527059
1.550000, 0.900000, 2.543124
1.600000, 0.900000, 2.544181
1.650000, 0.900000, 2.529374
1.700000, 0.900000, 2.498148
1.750000, 0.900000, 2.450255
1.800000, 0.900000, 2.385751
1.850000, 0.900000, 2.304989
1.900000, 0.900000, 2.208604
1.950000, 0.900000, 2.097494
2.000000, 0.900000, 1.972793
0.000000, 0.950000, 3.401396
0.050000, 0.950000, 3.243569
0.100000, 0.950000, 3.084023
0.150000, 0.950000, 2.925967
0.200000, 0.950000, 2.772485
0.250000, 0.950000, 2.626474
0.300000, 0.950000, 2.490593
0.350000, 0.950000, 2.367205
0.400000, 0.950000, 2.258337
0.450000, 0.950000, 2.165642
0.500000, 0.950000, 2.090365
0.550000, 0.950000, 2.033331
0.600000, 0.950000, 1.994924
0.650000, 0.950000, 1.975090
0.700000, 0.950000, 1.973345
0.750000, 0.950000, 1.988789
0.800000, 0.950000, 2.020130
0.850000, 0.950000, 2.065721
0.900000, 0.950000, 2.123598
0.950000, 0.950000, 2.191527
1.000000, 0.950000, 2.267058
1.050000, 0.950000, 2.347582
1.100000, 0.950000, 2.430387
1.150000, 0.950000, 2.512723
1.200000, 0.950000, 2.591863
1.250000, 0.950000, 2.665162
1.300000, 0.950000, 2.730112
1.350000, 0.950000, 2.784402
1.400000, 0.950000, 2.825961
1.450000, 0.950000, 2.853004
1.500000, 0.950000, 2.864068
1.550000, 0.950000, 2.858036
1.600000, 0.950000, 2.834161
1.650000, 0.950000, 2.792073
1.700000, 0.950000, 2.731785
1.750000, 0.950000, 2.653682
1.800000, 0.950000, 2.558505
1.850000, 0.950000, 2.447331
1.900000, 0.950000, 2.321535
1.950000, 0.950000, 2.182755
2.000000, 0.950000, 2.032845
0.000000, 1.000000, 3.436352
0.050000, 1.000000, 3.268939
0.100000, 1.000000, 3.100759
0.150000, 1.000000, 2.935412
0.200000, 1.000000, 2.776344
0.250000, 1.000000, 2.626761
0.300000, 1.000000, 2.489568
0.350000, 1.000000, 2.367303
0.400000, 1.000000, 2.262083
0.450000, 1.000000, 2.175562
0.500000, 1.000000, 2.108900
0.550000, 1.000000, 2.062738
0.600000, 1.000000, 2.037192
0.650000, 1.000000, 2.031858
0.700000, 1.000000, 2.045825
0.750000, 1.000000, 2.077708
0.800000, 1.000000, 2.125679
0.850000, 1.000000, 2.187525
0.900000, 1.000000, 2.260699
0.950000, 1.000000, 2.342389
1.000000, 1.000000, 2.429589
1.050000, 1.000000, 2.519172
1.100000, 1.000000, 2.607971
1.150000, 1.000000, 2.692852
1.200000, 1.000000, 2.770794
1.250000, 1.000000, 2.838960
1.300000, 1.000000, 2.894763
1.350000, 1.000000, 2.935929
1.400000, 1.000000, 2.960546
1.450000, 1.000000, 2.967107
1.500000, 1.000000, 2.954543
1.550000, 1.000000, 2.922243
1.600000, 1.000000, 2.870059
1.650000, 1.000000, 2.798308
1.700000, 1.000000, 2.707751
1.750000, 1.000000, 2.599569
1.800000, 1.000000, 2.475326
1.850000, 1.000000, 2.336918
1.900000, 1.000000, 2.186520
1.950000, 1.000000, 2.026523
2.000000, 1.000000, 1.859464
0.000000, 1.050000, 3.234876
0.050000, 1.050000, 3.058421
0.100000, 1.050000, 2.882189
0.150000, 1.050000, 2.710212
0.200000, 1.050000, 2.546322
0.250000, 1.050000, 2.394056
0.300000, 1.050000, 2.256573
0.350000, 1.050000, 2.136577
0.400000, 1.050000, 2.036253
0.450000, 1.050000, 1.957221
0.500000, 1.050000, 1.900499
0.550000, 1.050000, 1.866482
0.600000, 1.050000, 1.854942
0.650000, 1.050000, 1.865040
0.700000, 1.050000, 1.895353
0.750000, 1.050000, 1.943923
0.800000, 1.050000, 2.008307
0.850000, 1.050000, 2.085654
0.900000, 1.050000, 2.172781
0.950000, 1.050000, 2.266262
1.000000, 1.050000, 2.362522
1.050000, 1.050000, 2.457933
1.100000, 1.050000, 2.548914
1.150000, 1.050000, 2.632021
1.200000, 1.050000, 2.704046
1.250000, 1.050000, 2.762090
1.300000, 1.050000, 2.803648
1.350000, 1.050000, 2.826664
1.400000, 1.050000, 2.829584
1.450000, 1.050000, 2.811392
1.500000, 1.050000, 2.771628
1.550000, 1.050000, 2.710396
1.600000, 1.050000, 2.628350
1.650000, 1.050000, 2.526670
1.700000, 1.050000, 2.407018
1.750000, 1.050000, 2.271485
1.800000, 1.050000, 2.122525
1.850000, 1.050000, 1.962877
1.900000, 1.050000, 1.795480
1.950000, 1.050000, 1.623382
2.000000, 1.050000, 1.449651
0.000000, 1.100000, 2.822842
0.050000, 1.100000, 2.637887
0.100000, 1.100000, 2.454182
0.150000, 1.100000, 2.276230
0.200000, 1.100000, 2.108280
0.250000, 1.100000, 1.954217
0.300000, 1.100000, 1.817459
0.350000, 1.100000, 1.700864
0.400000, 1.100000, 1.606659
0.450000, 1.100000, 1.536383
0.500000, 1.100000, 1.490850
0.550000, 1.100000, 1.470137
0.600000, 1.100000, 1.473587
0.650000, 1.100000, 1.499836
0.700000, 1.100000, 1.546859
0.750000, 1.100000, 1.612036
0.800000, 1.100000, 1.692234
0.850000, 1.100000, 1.783902
0.900000, 1.100000, 1.883179
0.950000, 1.100000, 1.986010
1.000000, 1.100000, 2.088263
1.050000, 1.100000, 2.185856
1.100000, 1.100000, 2.274870
1.150000, 1.100000, 2.351667
1.200000, 1.100000, 2.412988
1.250000, 1.100000, 2.456052
1.300000, 1.100000, 2.478625
1.350000, 1.100000, 2.479086
1.400000, 1.100000, 2.456461
1.450000, 1.100000, 2.410450
1.500000, 1.100000, 2.341420
1.550000, 1.100000, 2.250393
1.600000, 1.100000, 2.138995
1.650000, 1.100000, 2.009409
1.700000, 1.100000, 1.864287
1.750000, 1.100000, 1.706671
1.800000, 1.100000, 1.539883
1.850000, 1.100000, 1.367419
1.900000, 1.100000, 1.192832
1.950000, 1.100000, 1.019615
2.000000, 1.100000, 0.851084
0.000000, 1.150000, 2.271275
0.050000, 1.150000, 2.078353
0.100000, 1.150000, 1.887748
0.150000, 1.150000, 1.704468
0.200000, 1.150000, 1.533213
0.250000, 1.150000, 1.378234
0.300000, 1.150000, 1.243206
0.350000, 1.150000, 1.131126
0.400000, 1.150000, 1.044228
0.450000, 1.150000, 0.983915
0.500000, 1.150000, 0.950733
0.550000, 1.150000, 0.944355
0.600000, 1.150000, 0.963603
0.650000, 1.150000, 1.006492
0.700000, 1.150000, 1.070303
0.750000, 1.150000, 1.151671
0.800000, 1.150000, 1.246700
0.850000, 1.150000, 1.351091
0.900000, 1.150000, 1.460283
0.950000, 1.150000, 1.569600
1.000000, 1.150000, 1.674398
1.050000, 1.150000, 1.770217
1.100000, 1.150000, 1.852920
1.150000, 1.150000, 1.918820
1.200000, 1.150000, 1.964797
1.250000, 1.150000, 1.988387
1.300000, 1.150000, 1.987859
1.350000, 1.150000, 1.962258
1.400000, 1.150000, 1.911428
1.450000, 1.150000, 1.836006
1.500000, 1.150000, 1.737390
1.550000, 1.150000, 1.617683
1.600000, 1.150000, 1.479612
1.650000, 1.150000, 1.326424
1.700000, 1.150000, 1.161776
1.750000, 1.150000, 0.989593
1.800000, 1.150000, 0.813936
1.850000, 1.150000, 0.638853
1.900000, 1.150000, 0.468236
1.950000, 1.150000, 0.305681
2.000000, 1.150000, 0.154360
0.000000, 1.200000, 1.680978
0.050000, 1.200000, 1.480614
0.100000, 1.200000, 1.283669
0.150000, 1.200000, 1.095700
0.200000, 1.200000, 0.921886
0.250000, 1.200000, 0.766858
0.300000, 1.200000, 0.634549
0.350000, 1.200000, 0.528075
0.400000, 1.200000, 0.449630
0.450000, 1.200000, 0.400424
0.500000, 1.200000, 0.380653
0.550000, 1.200000, 0.389497
0.600000, 1.200000, 0.425159
0.650000, 1.200000, 0.484937
0.700000, 1.200000, 0.565320
0.750000, 1.200000, 0.662120
0.800000, 1.200000, 0.770620
0.850000, 1.200000, 0.885740
0.900000, 1.200000, 1.002220
0.950000, 1.200000, 1.114799
1.000000, 1.200000, 1.218399
1.050000, 1.200000, 1.308300
1.100000, 1.200000, 1.380300
1.150000, 1.200000, 1.430856
1.200000, 1.200000, 1.457198
1.250000, 1.200000, 1.457422
1.300000, 1.200000, 1.430542
1.350000, 1.200000, 1.376516
1.400000, 1.200000, 1.296234
1.450000, 1.200000, 1.191475
1.500000, 1.200000, 1.064827
1.550000, 1.200000, 0.919586
1.600000, 1.200000, 0.759625
1.650000, 1.200000, 0.589239
1.700000, 1.200000, 0.412981
1.750000, 1.200000, 0.235488
1.800000, 1.200000, 0.061301
1.850000, 1.200000, -0.105310
1.900000, 1.200000, -0.260510
1.950000, 1.200000, -0.401051
2.000000, 1.200000, -0.524395
0.000000, 1.250000, 1.160673
0.050000, 1.250000, 0.953380
0.100000, 1.250000, 0.750642
0.150000, 1.250000, 0.558609
0.200000, 1.250000, 0.382967
0.250000, 1.250000, 0.228744
0.300000, 1.250000, 0.100125
0.350000, 1.250000, 0.000314
0.400000, 1.250000, -0.068581
0.450000, 1.250000, -0.105613
0.500000, 1.250000, -0.111024
0.550000, 1.250000, -0.086224
0.600000, 1.250000, -0.033732
0.650000, 1.250000, 0.042929
0.700000, 1.250000, 0.139368
0.750000, 1.250000, 0.250503
0.800000, 1.250000, 0.370750
0.850000, 1.250000, 0.494238
0.900000, 1.250000, 0.615034
0.950000, 1.250000, 0.727366
1.000000, 1.250000, 0.825834
1.050000, 1.250000, 0.905614
1.100000, 1.250000, 0.962633
1.150000, 1.250000, 0.993715
1.200000, 1.250000, 0.996691
1.250000, 1.250000, 0.970470
1.300000, 1.250000, 0.915067
1.350000, 1.250000, 0.831591
1.400000, 1.250000, 0.722181
1.450000, 1.250000, 0.589918
1.500000, 1.250000, 0.438681
1.550000, 1.250000, 0.272990
1.600000, 1.250000, 0.097812
1.650000, 1.250000, -0.081644
1.700000, 1.250000, -0.260147
1.750000, 1.250000, -0.432653
1.800000, 1.250000, -0.594521
1.850000, 1.250000, -0.741706
1.900000, 1.250000, -0.870926
1.950000, 1.250000, -0.979804
2.000000, 1.250000, -1.066975
0.000000, 1.300000, 0.803408
0.050000, 1.300000, 0.589681
0.100000, 1.300000, 0.381682
0.150000, 1.300000, 0.186192
0.200000, 1.300000, 0.009440
0.250000, 1.300000, -0.143143
0.300000, 1.300000, -0.267126
0.350000, 1.300000, -0.359251
0.400000, 1.300000, -0.417554
0.450000, 1.300000, -0.441430
0.500000, 1.300000, -0.431653
0.550000, 1.300000, -0.390329
0.600000, 1.300000, -0.320806
0.650000, 1.300000, -0.227528
0.700000, 1.300000, -0.115849
0.750000, 1.300000, 0.008191
0.800000, 1.300000, 0.138118
0.850000, 1.300000, 0.267284
0.900000, 1.300000, 0.389145
0.950000, 1.300000, 0.497520
1.000000, 1.300000, 0.586841
1.050000, 1.300000, 0.652376
1.100000, 1.300000, 0.690410
1.150000, 1.300000, 0.698391
1.200000, 1.300000, 0.675015
1.250000, 1.300000, 0.620271
1.300000, 1.300000, 0.535421
1.350000, 1.300000, 0.422935
1.400000, 1.300000, 0.286366
1.450000, 1.300000, 0.130185
1.500000, 1.300000, -0.040418
1.550000, 1.300000, -0.219772
1.600000, 1.300000, -0.401980
1.650000, 1.300000, -0.581178
1.700000, 1.300000, -0.751798
1.750000, 1.300000, -0.908818
1.800000, 1.300000, -1.047987
1.850000, 1.300000, -1.166017
1.900000, 1.300000, -1.260736
1.950000, 1.300000, -1.331194
2.000000, 1.300000, -1.377716
0.000000, 1.350000, 0.666382
0.050000, 1.350000, 0.446700
0.100000, 1.350000, 0.233950
0.150000, 1.350000, 0.035592
0.200000, 1.350000, -0.141575
0.250000, 1.350000, -0.291702
0.300000, 1.350000, -0.410131
0.350000, 1.350000, -0.493590
0.400000, 1.350000, -0.540322
0.450000, 1.350000, -0.550153
0.500000, 1.350000, -0.524491
0.550000, 1.350000, -0.466248
0.600000, 1.350000, -0.379713
0.650000, 1.350000, -0.270348
0.700000, 1.350000, -0.144547
0.750000, 1.350000, -0.009348
0.800000, 1.350000, 0.127878
0.850000, 1.350000, 0.259753
0.900000, 1.350000, 0.379211
0.950000, 1.350000, 0.479811
1.000000, 1.350000, 0.556008
1.050000, 1.350000, 0.603393
1.100000, 1.350000, 0.618872
1.150000, 1.350000, 0.600791
1.200000, 1.350000, 0.548990
1.250000, 1.350000, 0.464795
1.300000, 1.350000, 0.350937
1.350000, 1.350000, 0.211409
1.400000, 1.350000, 0.051271
1.450000, 1.350000, -0.123604
1.500000, 1.350000, -0.306806
1.550000, 1.350000, -0.491701
1.600000, 1.350000, -0.671749
1.650000, 1.350000, -0.840813
1.700000, 1.350000, -0.993455
1.750000, 1.350000, -1.125202
1.800000, 1.350000, -1.232757
1.850000, 1.350000, -1.314174
1.900000, 1.350000, -1.368953
1.950000, 1.350000, -1.398085
2.000000, 1.350000, -1.404017
0.000000, 1.400000, 0.758579
0.050000, 1.400000, 0.533399
0.100000, 1.400000, 0.316386
0.150000, 1.400000, 0.115727
0.200000, 1.400000, -0.061179
0.250000, 1.400000, -0.208061
0.300000, 1.400000, -0.320051
0.350000, 1.400000, -0.393909
0.400000, 1.400000, -0.428162
0.450000, 1.400000, -0.423160
0.500000, 1.400000, -0.381054
0.550000, 1.400000, -0.305683
0.600000, 1.400000, -0.202381
0.650000, 1.400000, -0.077724
0.700000, 1.400000, 0.060792
0.750000, 1.400000, 0.205104
0.800000, 1.400000, 0.346971
0.850000, 1.400000, 0.478357
0.900000, 1.400000, 0.591809
0.950000, 1.400000, 0.680808
1.000000, 1.400000, 0.740063
1.050000, 1.400000, 0.765751
1.100000, 1.400000, 0.755686
1.150000, 1.400000, 0.709399
1.200000, 1.400000, 0.628147
1.250000, 1.400000, 0.514824
1.300000, 1.400000, 0.373806
1.350000, 1.400000, 0.210709
1.400000, 1.400000, 0.032104
1.450000, 1.400000, -0.154829
1.500000, 1.400000, -0.342667
1.550000, 1.400000, -0.524127
1.600000, 1.400000, -0.692437
1.650000, 1.400000, -0.841686
1.700000, 1.400000, -0.967127
1.750000, 1.400000, -1.065430
1.800000, 1.400000, -1.134859
1.850000, 1.400000, -1.175375
1.900000, 1.400000, -1.188657
1.950000, 1.400000, -1.178035
2.000000, 1.400000, -1.148345
0.000000, 1.450000, 1.038910
0.050000, 1.450000, 0.808662
0.100000, 1.450000, 0.587851
0.150000, 1.450000, 0.385433
0.200000, 1.450000, 0.209436
0.250000, 1.450000, 0.066562
0.300000, 1.450000, -0.038139
0.350000, 1.450000, -0.101514
0.400000, 1.450000, -0.122453
0.450000, 1.450000, -0.101938
0.500000, 1.450000, -0.042979
0.550000, 1.450000, 0.049543
0.600000, 1.450000, 0.169136
0.650000, 1.450000, 0.308028
0.700000, 1.450000, 0.457571
0.750000, 1.450000, 0.608679
0.800000, 1.450000, 0.752290
0.850000, 1.450000, 0.879825
0.900000, 1.450000, 0.983614
0.950000, 1.450000, 1.057281
1.000000, 1.450000, 1.096053
1.050000, 1.450000, 1.096988
1.100000, 1.450000, 1.059103
1.150000, 1.450000, 0.983406
1.200000, 1.450000, 0.872816
1.250000, 1.450000, 0.731990
1.300000, 1.450000, 0.567054
1.350000, 1.450000, 0.385263
1.400000, 1.450000, 0.194600
1.450000, 1.450000, 0.003334
1.500000, 1.450000, -0.180429
1.550000, 1.450000, -0.349192
1.600000, 1.450000, -0.496480
1.650000, 1.450000, -0.617195
1.700000, 1.450000, -0.707907
1.750000, 1.450000, -0.767048
1.800000, 1.450000, -0.795016
1.850000, 1.450000, -0.794177
1.900000, 1.450000, -0.768754
1.950000, 1.450000, -0.724630
2.000000, 1.450000, -0.669062
0.000000, 1.500000, 1.425262
0.050000, 1.500000, 1.190351
0.100000, 1.500000, 0.966177
0.150000, 1.500000, 0.762515
0.200000, 1.500000, 0.588052
0.250000, 1.500000, 0.449917
0.300000, 1.500000, 0.353314
0.350000, 1.500000, 0.301249
0.400000, 1.500000, 0.294374
0.450000, 1.500000, 0.330969
0.500000, 1.500000, 0.407038
0.550000, 1.500000, 0.516538
0.600000, 1.500000, 0.651714
0.650000, 1.500000, 0.803528
0.700000, 1.500000, 0.962148
0.750000, 1.500000, 1.117490
0.800000, 1.500000, 1.259760
0.850000, 1.500000, 1.379983
0.900000, 1.500000, 1.470482
0.950000, 1.500000, 1.525284
1.000000, 1.500000, 1.540429
1.050000, 1.500000, 1.514164
1.100000, 1.500000, 1.447014
1.150000, 1.500000, 1.341730
1.200000, 1.500000, 1.203108
1.250000, 1.500000, 1.037693
1.300000, 1.500000, 0.853391
1.350000, 1.500000, 0.659001
1.400000, 1.500000, 0.463702
1.450000, 1.500000, 0.276511
1.500000, 1.500000, 0.105764
1.550000, 1.500000, -0.041379
1.600000, 1.500000, -0.159354
1.650000, 1.500000, -0.244526
1.700000, 1.500000, -0.295415
1.750000, 1.500000, -0.312801
1.800000, 1.500000, -0.299700
1.850000, 1.500000, -0.261223
1.900000, 1.500000, -0.204307
1.950000, 1.500000, -0.137348
2.000000, 1.500000, -0.069759
0.000000, 1.550000, 1.812489
0.050000, 1.550000, 1.573290
0.100000, 1.550000, 1.346158
0.150000, 1.550000, 1.141740
0.200000, 1.550000, 0.969403
0.250000, 1.550000, 0.836705
0.300000, 1.550000, 0.748968
0.350000, 1.550000, 0.708977
0.400000, 1.550000, 0.716833
0.450000, 1.550000, 0.769952
0.500000, 1.550000, 0.863228
0.550000, 1.550000, 0.989335
0.600000, 1.550000, 1.139160
0.650000, 1.550000, 1.302333
0.700000, 1.550000, 1.467838
0.750000, 1.550000, 1.624645
0.800000, 1.550000, 1.762350
0.850000, 1.550000, 1.871773
0.900000, 1.550000, 1.945476
0.950000, 1.550000, 1.978181
1.000000, 1.550000, 1.967058
1.050000, 1.550000, 1.911860
1.100000, 1.550000, 1.814915
1.150000, 1.550000, 1.680952
1.200000, 1.550000, 1.516797
1.250000, 1.550000, 1.330931
1.300000, 1.550000, 1.132965
1.350000, 1.550000, 0.933035
1.400000, 1.550000, 0.741170
1.450000, 1.550000, 0.566677
1.500000, 1.550000, 0.417550
1.550000, 1.550000, 0.299976
1.600000, 1.550000, 0.217938
1.650000, 1.550000, 0.172952
1.700000, 1.550000, 0.163955
1.750000, 1.550000, 0.187338
1.800000, 1.550000, 0.237142
1.850000, 1.550000, 0.305386
1.900000, 1.550000, 0.382520
1.950000, 1.550000, 0.457971
2.000000, 1.550000, 0.520752
0.000000, 1.600000, 2.095413
0.050000, 1.600000, 1.852271
0.100000, 1.600000, 1.622556
0.150000, 1.600000, 1.417835
0.200000, 1.600000, 1.248186
0.250000, 1.600000, 1.121588
0.300000, 1.600000, 1.043437
0.350000, 1.600000, 1.016222
0.400000, 1.600000, 1.039381
0.450000, 1.600000, 1.109344
0.500000, 1.600000, 1.219762
0.550000, 1.600000, 1.361906
0.600000, 1.600000, 1.525217
0.650000, 1.600000, 1.697955
0.700000, 1.600000, 1.867933
0.750000, 1.600000, 2.023268
0.800000, 1.600000, 2.153105
0.850000, 1.600000, 2.248285
0.900000, 1.600000, 2.301892
0.950000, 1.600000, 2.309665
1.000000, 1.600000, 2.270233
1.050000, 1.600000, 2.185174
1.100000, 1.600000, 2.058877
1.150000, 1.600000, 1.898240
1.200000, 1.600000, 1.712194
1.250000, 1.600000, 1.511112
1.300000, 1.600000, 1.306117
1.350000, 1.600000, 1.108346
1.400000, 1.600000, 0.928219
1.450000, 1.600000, 0.774748
1.500000, 1.600000, 0.654934
1.550000, 1.600000, 0.573297
1.600000, 1.600000, 0.531561
1.650000, 1.600000, 0.528516
1.700000, 1.600000, 0.560069
1.750000, 1.600000, 0.619471
1.800000, 1.600000, 0.697724
1.850000, 1.600000, 0.784122
1.900000, 1.600000, 0.866905
1.950000, 1.600000, 0.933986
2.000000, 1.600000, 0.973690
0.000000, 1.650000, 2.191835
0.050000, 1.650000, 1.945057
0.100000, 1.650000, 1.713100
0.150000, 1.650000, 1.508499
0.200000, 1.650000, 1.342067
0.250000, 1.650000, 1.222194
0.300000, 1.650000, 1.154301
0.350000, 1.650000, 1.140493
0.400000, 1.650000, 1.179432
0.450000, 1.650000, 1.266427
0.500000, 1.650000, 1.393753
0.550000, 1.650000, 1.551167
0.600000, 1.650000, 1.726582
0.650000, 1.650000, 1.906871
0.700000, 1.650000, 2.078723
0.750000, 1.650000, 2.229523
0.800000, 1.650000, 2.348166
0.850000, 1.650000, 2.425779
0.900000, 1.650000, 2.456285
0.950000, 1.650000, 2.436778
1.000000, 1.650000, 2.367683
1.050000, 1.650000, 2.252694
1.100000, 1.650000, 2.098491
1.150000, 1.650000, 1.914253
1.200000, 1.650000, 1.711008
1.250000, 1.650000, 1.500856
1.300000, 1.650000, 1.296119
1.350000, 1.650000, 1.108482
1.400000, 1.650000, 0.948171
1.450000, 1.650000, 0.823233
1.500000, 1.650000, 0.738962
1.550000, 1.650000, 0.697511
1.600000, 1.650000, 0.697717
1.650000, 1.650000, 0.735143
1.700000, 1.650000, 0.802354
1.750000, 1.650000, 0.889380
1.800000, 1.650000, 0.984365
1.850000, 1.650000, 1.074333
1.900000, 1.650000, 1.146044
1.950000, 1.650000, 1.186853
2.000000, 1.650000, 1.185551
0.000000, 1.700000, 2.060514
0.050000, 1.700000, 1.810377
0.100000, 1.700000, 1.576483
0.150000, 1.700000, 1.372389
0.200000, 1.700000, 1.209668
0.250000, 1.700000, 1.097103
0.300000, 1.700000, 1.040087
0.350000, 1.700000, 1.040248
0.400000, 1.700000, 1.095343
0.450000, 1.700000, 1.199425
0.500000, 1.700000, 1.343258
0.550000, 1.700000, 1.514975
0.600000, 1.700000, 1.700904
0.650000, 1.700000, 1.886528
0.700000, 1.700000, 2.057497
0.750000, 1.700000, 2.200621
0.800000, 1.700000, 2.304785
0.850000, 1.700000, 2.361702
0.900000, 1.700000, 2.366475
0.950000, 1.700000, 2.317905
1.000000, 1.700000, 2.218541
1.050000, 1.700000, 2.074457
1.100000, 1.700000, 1.894785
1.150000, 1.700000, 1.691020
1.200000, 1.700000, 1.476166
1.250000, 1.700000, 1.263769
1.300000, 1.700000, 1.066915
1.350000, 1.700000, 0.897256
1.400000, 1.700000, 0.764146
1.450000, 1.700000, 0.673937
1.500000, 1.700000, 0.629489
1.550000, 1.700000, 0.629930
1.600000, 1.700000, 0.670685
1.650000, 1.700000, 0.743769
1.700000, 1.700000, 0.838323
1.750000, 1.700000, 0.941357
1.800000, 1.700000, 1.038648
1.850000, 1.700000, 1.115730
1.900000, 1.700000, 1.158898
1.950000, 1.700000, 1.156171
2.000000, 1.700000, 1.098123
0.000000, 1.750000, 1.710230
0.050000, 1.750000, 1.456970
0.100000, 1.750000, 1.221407
0.150000, 1.750000, 1.018173
0.200000, 1.750000, 0.859620
0.250000, 1.750000, 0.754907
0.300000, 1.750000, 0.709334
0.350000, 1.750000, 0.723947
0.400000, 1.750000, 0.795472
0.450000, 1.750000, 0.916557
0.500000, 1.750000, 1.076327
0.550000, 1.750000, 1.261188
0.600000, 1.750000, 1.455841
0.650000, 1.750000, 1.644409
0.700000, 1.750000, 1.811612
0.750000, 1.750000, 1.943891
0.800000, 1.750000, 2.030391
0.850000, 1.750000, 2.063749
0.900000, 1.750000, 2.040606
0.950000, 1.750000, 1.961826
1.000000, 1.750000, 1.832383
1.050000, 1.750000, 1.660949
1.100000, 1.750000, 1.459192
1.150000, 1.750000, 1.240861
1.200000, 1.750000, 1.020697
1.250000, 1.750000, 0.813287
1.300000, 1.750000, 0.631918
1.350000, 1.750000, 0.487533
1.400000, 1.750000, 0.387867
1.450000, 1.750000, 0.336820
1.500000, 1.750000, 0.334127
1.550000, 1.750000, 0.375337
1.600000, 1.750000, 0.452111
1.650000, 1.750000, 0.552819
1.700000, 1.750000, 0.663381
1.750000, 1.750000, 0.768297
1.800000, 1.750000, 0.851791
1.850000, 1.750000, 0.898975
1.900000, 1.750000, 0.896950
1.950000, 1.750000, 0.835763
2.000000, 1.750000, 0.709143
0.000000, 1.800000, 1.197919
0.050000, 1.800000, 0.941734
0.100000, 1.800000, 0.704733
0.150000, 1.800000, 0.502675
0.200000, 1.800000, 0.348709
0.250000, 1.800000, 0.252348
0.300000, 1.800000, 0.218726
0.350000, 1.800000, 0.248199
0.400000, 1.800000, 0.336319
0.450000, 1.800000, 0.474187
0.500000, 1.800000, 0.649153
0.550000, 1.800000, 0.845813
0.600000, 1.800000, 1.047213
0.650000, 1.800000, 1.236179
0.700000, 1.800000, 1.396651
0.750000, 1.800000, 1.514935
0.800000, 1.800000, 1.580752
0.850000, 1.800000, 1.588019
0.900000, 1.800000, 1.535294
0.950000, 1.800000, 1.425841
1.000000, 1.800000, 1.267331
1.050000, 1.800000, 1.071181
1.100000, 1.800000, 0.851596
1.150000, 1.800000, 0.624395
1.200000, 1.800000, 0.405702
1.250000, 1.800000, 0.210610
1.300000, 1.800000, 0.051941
1.350000, 1.800000, -0.060831
1.400000, 1.800000, -0.122370
1.450000, 1.800000, -0.131957
1.500000, 1.800000, -0.093581
1.550000, 1.800000, -0.015667
1.600000, 1.800000, 0.089556
1.650000, 1.800000, 0.206996
1.700000, 1.800000, 0.319864
1.750000, 1.800000, 0.410983
1.800000, 1.800000, 0.464129
1.850000, 1.800000, 0.465301
1.900000, 1.800000, 0.403820
1.950000, 1.800000, 0.273163
2.000000, 1.800000, 0.071477
0.000000, 1.850000, 0.616312
0.050000, 1.850000, 0.357361
0.100000, 1.850000, 0.119113
0.150000, 1.850000, -0.081492
0.200000, 1.850000, -0.230489
0.250000, 1.850000, -0.318042
0.300000, 1.850000, -0.339261
0.350000, 1.850000, -0.294601
0.400000, 1.850000, -0.189830
0.450000, 1.850000, -0.035543
0.500000, 1.850000, 0.153713
0.550000, 1.850000, 0.360646
0.600000, 1.850000, 0.566649
0.650000, 1.850000, 0.753340
0.700000, 1.850000, 0.904068
0.750000, 1.850000, 1.005279
0.800000, 1.850000, 1.047617
0.850000, 1.850000, 1.026661
0.900000, 1.850000, 0.943257
0.950000, 1.850000, 0.803393
1.000000, 1.850000, 0.617649
1.050000, 1.850000, 0.400258
1.100000, 1.850000, 0.167858
1.150000, 1.850000, -0.061962
1.200000, 1.850000, -0.272183
1.250000, 1.850000, -0.447849
1.300000, 1.850000, -0.577363
1.350000, 1.850000, -0.653522
1.400000, 1.850000, -0.674161
1.450000, 1.850000, -0.642392
1.500000, 1.850000, -0.566378
1.550000, 1.850000, -0.458697
1.600000, 1.850000, -0.335321
1.650000, 1.850000, -0.214310
1.700000, 1.850000, -0.114329
1.750000, 1.850000, -0.053107
1.800000, 1.850000, -0.045973
1.850000, 1.850000, -0.104584
1.900000, 1.850000, -0.235962
1.950000, 1.850000, -0.441917
2.000000, 1.850000, -0.718893
0.000000, 1.900000, 0.073760
0.050000, 1.900000, -0.187840
0.100000, 1.900000, -0.427182
0.150000, 1.900000, -0.626093
0.200000, 1.900000, -0.769779
0.250000, 1.900000, -0.848116
0.300000, 1.900000, -0.856540
0.350000, 1.900000, -0.796449
0.400000, 1.900000, -0.675080
0.450000, 1.900000, -0.504877
0.500000, 1.900000, -0.302402
0.550000, 1.900000, -0.086894
0.600000, 1.900000, 0.121417
0.650000, 1.900000, 0.303063
0.700000, 1.900000, 0.441027
0.750000, 1.900000, 0.522213
0.800000, 1.900000, 0.538558
0.850000, 1.900000, 0.487701
0.900000, 1.900000, 0.373137
0.950000, 1.900000, 0.203862
1.000000, 1.900000, -0.006484
1.050000, 1.900000, -0.240874
1.100000, 1.900000, -0.480465
1.150000, 1.900000, -0.706314
1.200000, 1.900000, -0.901119
1.250000, 1.900000, -1.050804
1.300000, 1.900000, -1.145817
1.350000, 1.900000, -1.182036
1.400000, 1.900000, -1.161179
1.450000, 1.900000, -1.090704
1.500000, 1.900000, -0.983197
1.550000, 1.900000, -0.855299
1.600000, 1.900000, -0.726273
1.650000, 1.900000, -0.616335
1.700000, 1.900000, -0.544896
1.750000, 1.900000, -0.528867
1.800000, 1.900000, -0.581189
1.850000, 1.900000, -0.709697
1.900000, 1.900000, -0.916443
1.950000, 1.900000, -1.197516
2.000000, 1.900000, -1.543393
0.000000, 1.950000, -0.329357
0.050000, 1.950000, -0.593527
0.100000, 1.950000, -0.833851
0.150000, 1.950000, -1.030868
0.200000, 1.950000, -1.168939
0.250000, 1.950000, -1.237694
0.300000, 1.950000, -1.232994
0.350000, 1.950000, -1.157311
0.400000, 1.950000, -1.019511
0.450000, 1.950000, -0.834035
0.500000, 1.950000, -0.619573
0.550000, 1.950000, -0.397345
0.600000, 1.950000, -0.189154
0.650000, 1.950000, -0.015392
0.700000, 1.950000, 0.106826
0.750000, 1.950000, 0.165209
0.800000, 1.950000, 0.153385
0.850000, 1.950000, 0.071448
0.900000, 1.950000, -0.074109
0.950000, 1.950000, -0.271054
1.000000, 1.950000, -0.502617
1.050000, 1.950000, -0.749108
1.100000, 1.950000, -0.989818
1.150000, 1.950000, -1.205005
1.200000, 1.950000, -1.377795
1.250000, 1.950000, -1.495818
1.300000, 1.950000, -1.552411
1.350000, 1.950000, -1.547303
1.400000, 1.950000, -1.486692
1.450000, 1.950000, -1.382716
1.500000, 1.950000, -1.252374
1.550000, 1.950000, -1.115984
1.600000, 1.950000, -0.995328
1.650000, 1.950000, -0.911661
1.700000, 1.950000, -0.883759
1.750000, 1.950000, -0.926190
1.800000, 1.950000, -1.047982
1.850000, 1.950000, -1.251788
1.900000, 1.950000, -1.533652
1.950000, 1.950000, -1.883377
2.000000, 1.950000, -2.285473
0.000000, 2.000000, -0.522482
0.050000, 2.000000, -0.789189
0.100000, 2.000000, -1.030423
0.150000, 2.000000, -1.225381
0.200000, 2.000000, -1.357574
0.250000, 2.000000, -1.416431
0.300000, 2.000000, -1.398337
0.350000, 2.000000, -1.306987
0.400000, 2.000000, -1.153036
0.450000, 2.000000, -0.953070
0.500000, 2.000000, -0.728004
0.550000, 2.000000, -0.501060
0.600000, 2.000000, -0.295528
0.650000, 2.000000, -0.132520
0.700000, 2.000000, -0.028952
0.750000, 2.000000, 0.004072
0.800000, 2.000000, -0.037713
0.850000, 2.000000, -0.151364
0.900000, 2.000000, -0.327084
0.950000, 2.000000, -0.549238
1.000000, 2.000000, -0.797950
1.050000, 2.000000, -1.051113
1.100000, 2.000000, -1.286622
1.150000, 2.000000, -1.484600
1.200000, 2.000000, -1.629413
1.250000, 2.000000, -1.711262
1.300000, 2.000000, -1.727207
1.350000, 2.000000, -1.681509
1.400000, 2.000000, -1.585276
1.450000, 2.000000, -1.455421
1.500000, 2.000000, -1.313058
1.550000, 2.000000, -1.181476
1.600000, 2.000000, -1.083898
1.650000, 2.000000, -1.041237
1.700000, 2.000000, -1.070081
1.750000, 2.000000, -1.181084
1.800000, 2.000000, -1.377942
1.850000, 2.000000, -1.657038
1.900000, 2.000000, -2.007803
1.950000, 2.000000, -2.413747
2.000000, 2.000000, -2.854067
