0.000000, 0.000000, 0.933319
0.050000, 0.000000, 0.789225
0.100000, 0.000000, 0.711919
0.150000, 0.000000, 0.717999
0.200000, 0.000000, 0.817348
0.250000, 0.000000, 1.011884
0.300000, 0.000000, 1.295015
0.350000, 0.000000, 1.651839
0.400000, 0.000000, 2.060126
0.450000, 0.000000, 2.491999
0.500000, 0.000000, 2.916165
0.550000, 0.000000, 3.300530
0.600000, 0.000000, 3.614949
0.650000, 0.000000, 3.833865
0.700000, 0.000000, 3.938601
0.750000, 0.000000, 3.919095
0.800000, 0.000000, 3.774901
0.850000, 0.000000, 3.515368
0.900000, 0.000000, 3.158971
0.950000, 0.000000, 2.731842
1.000000, 0.000000, 2.265623
1.050000, 0.000000, 1.794841
1.100000, 0.000000, 1.354024
1.150000, 0.000000, 0.974815
1.200000, 0.000000, 0.683344
1.250000, 0.000000, 0.498087
1.300000, 0.000000, 0.428394
1.350000, 0.000000, 0.473818
1.400000, 0.000000, 0.624296
1.450000, 0.000000, 0.861153
1.500000, 0.000000, 1.158831
1.550000, 0.000000, 1.487184
1.600000, 0.000000, 1.814119
1.650000, 0.000000, 2.108344
1.700000, 0.000000, 2.341981
1.750000, 0.000000, 2.492799
1.800000, 0.000000, 2.545898
1.850000, 0.000000, 2.494684
1.900000, 0.000000, 2.341076
1.950000, 0.000000, 2.094958
2.000000, 0.000000, 1.772927
0.000000, 0.050000, 0.739394
0.050000, 0.050000, 0.647838
0.100000, 0.050000, 0.619016
0.150000, 0.050000, 0.667069
0.200000, 0.050000, 0.799785
0.250000, 0.050000, 1.017465
0.300000, 0.050000, 1.312460
0.350000, 0.050000, 1.669437
0.400000, 0.050000, 2.066383
0.450000, 0.050000, 2.476267
0.500000, 0.050000, 2.869237
0.550000, 0.050000, 3.215146
0.600000, 0.050000, 3.486194
0.650000, 0.050000, 3.659442
0.700000, 0.050000, 3.718960
0.750000, 0.050000, 3.657403
0.800000, 0.050000, 3.476868
0.850000, 0.050000, 3.188932
0.900000, 0.050000, 2.813858
0.950000, 0.050000, 2.379026
1.000000, 0.050000, 1.916722
1.050000, 0.050000, 1.461470
1.100000, 0.050000, 1.047156
1.150000, 0.050000, 0.704171
1.200000, 0.050000, 0.456856
1.250000, 0.050000, 0.321458
1.300000, 0.050000, 0.304782
1.350000, 0.050000, 0.403660
1.400000, 0.050000, 0.605284
1.450000, 0.050000, 0.888358
1.500000, 0.050000, 1.224976
1.550000, 0.050000, 1.583044
1.600000, 0.050000, 1.929029
1.650000, 0.050000, 2.230787
1.700000, 0.050000, 2.460222
1.750000, 0.050000, 2.595536
1.800000, 0.050000, 2.622881
1.850000, 0.050000, 2.537279
1.900000, 0.050000, 2.342745
1.950000, 0.050000, 2.051613
2.000000, 0.050000, 1.683159
0.000000, 0.100000, 0.186716
0.050000, 0.100000, 0.143643
0.100000, 0.100000, 0.156789
0.150000, 0.100000, 0.238196
0.200000, 0.100000, 0.394026
0.250000, 0.100000, 0.623521
0.300000, 0.100000, 0.918594
0.350000, 0.100000, 1.264123
0.400000, 0.100000, 1.638938
0.450000, 0.100000, 2.017444
0.500000, 0.100000, 2.371727
0.550000, 0.100000, 2.673983
0.600000, 0.100000, 2.899027
0.650000, 0.100000, 3.026658
0.700000, 0.100000, 3.043660
0.750000, 0.100000, 2.945227
0.800000, 0.100000, 2.735679
0.850000, 0.100000, 2.428375
0.900000, 0.100000, 2.044824
0.950000, 0.100000, 1.613043
1.000000, 0.100000, 1.165311
1.050000, 0.100000, 0.735509
1.100000, 0.100000, 0.356263
1.150000, 0.100000, 0.056173
1.200000, 0.100000, -0.142652
1.250000, 0.100000, -0.226515
1.300000, 0.100000, -0.191334
1.350000, 0.100000, -0.043026
1.400000, 0.100000, 0.202977
1.450000, 0.100000, 0.523027
1.500000, 0.100000, 0.887267
1.550000, 0.100000, 1.262161
1.600000, 0.100000, 1.613322
1.650000, 0.100000, 1.908387
1.700000, 0.100000, 2.119688
1.750000, 0.100000, 2.226477
1.800000, 0.100000, 2.216522
1.850000, 0.100000, 2.086939
1.900000, 0.100000, 1.844191
1.950000, 0.100000, 1.503291
2.000000, 0.100000, 1.086265
0.000000, 0.150000, -0.479548
0.050000, 0.150000, -0.480648
0.100000, 0.150000, -0.434148
0.150000, 0.150000, -0.329642
0.200000, 0.150000, -0.162038
0.250000, 0.150000, 0.067459
0.300000, 0.150000, 0.350960
0.350000, 0.150000, 0.674179
0.400000, 0.150000, 1.017369
0.450000, 0.150000, 1.356866
0.500000, 0.150000, 1.667090
0.550000, 0.150000, 1.922841
0.600000, 0.150000, 2.101663
0.650000, 0.150000, 2.186064
0.700000, 0.150000, 2.165356
0.750000, 0.150000, 2.036949
0.800000, 0.150000, 1.806940
0.850000, 0.150000, 1.489927
0.900000, 0.150000, 1.108049
0.950000, 0.150000, 0.689314
1.000000, 0.150000, 0.265350
1.050000, 0.150000, -0.131225
1.100000, 0.150000, -0.469577
1.150000, 0.150000, -0.723343
1.200000, 0.150000, -0.872964
1.250000, 0.150000, -0.907469
1.300000, 0.150000, -0.825526
1.350000, 0.150000, -0.635674
1.400000, 0.150000, -0.355697
1.450000, 0.150000, -0.011191
1.500000, 0.150000, 0.366548
1.550000, 0.150000, 0.743131
1.600000, 0.150000, 1.083957
1.650000, 0.150000, 1.357095
1.700000, 0.150000, 1.535934
1.750000, 0.150000, 1.601348
1.800000, 0.150000, 1.543204
1.850000, 0.150000, 1.361077
1.900000, 0.150000, 1.064115
1.950000, 0.150000, 0.670091
2.000000, 0.150000, 0.203718
0.000000, 0.200000, -0.957851
0.050000, 0.200000, -0.925582
0.100000, 0.200000, -0.855969
0.150000, 0.200000, -0.739688
0.200000, 0.200000, -0.572114
0.250000, 0.200000, -0.354266
0.300000, 0.200000, -0.093212
0.350000, 0.200000, 0.198168
0.400000, 0.200000, 0.502047
0.450000, 0.200000, 0.797080
0.500000, 0.200000, 1.060279
0.550000, 0.200000, 1.269164
0.600000, 0.200000, 1.403976
0.650000, 0.200000, 1.449743
0.700000, 0.200000, 1.397988
0.750000, 0.200000, 1.247889
0.800000, 0.200000, 1.006777
0.850000, 0.200000, 0.689878
0.900000, 0.200000, 0.319322
0.950000, 0.200000, -0.077538
1.000000, 0.200000, -0.470332
1.050000, 0.200000, -0.828231
1.100000, 0.200000, -1.122636
1.150000, 0.200000, -1.329725
1.200000, 0.200000, -1.432657
1.250000, 0.200000, -1.423200
1.300000, 0.200000, -1.302634
1.350000, 0.200000, -1.081836
1.400000, 0.200000, -0.780523
1.450000, 0.200000, -0.425716
1.500000, 0.200000, -0.049543
1.550000, 0.200000, 0.313411
1.600000, 0.200000, 0.628997
1.650000, 0.200000, 0.866365
1.700000, 0.200000, 1.000547
1.750000, 0.200000, 1.014540
1.800000, 0.200000, 0.900697
1.850000, 0.200000, 0.661301
1.900000, 0.200000, 0.308290
1.950000, 0.200000, -0.137852
2.000000, 0.200000, -0.649920
0.000000, 0.250000, -1.007574
0.050000, 0.250000, -0.952161
0.100000, 0.250000, -0.870733
0.150000, 0.250000, -0.754451
0.200000, 0.250000, -0.598525
0.250000, 0.250000, -0.403176
0.300000, 0.250000, -0.174082
0.350000, 0.250000, 0.077777
0.400000, 0.250000, 0.336878
0.450000, 0.250000, 0.584452
0.500000, 0.250000, 0.800219
0.550000, 0.250000, 0.964385
0.600000, 0.250000, 1.059703
0.650000, 0.250000, 1.073405
0.700000, 0.250000, 0.998778
0.750000, 0.250000, 0.836237
0.800000, 0.250000, 0.593742
0.850000, 0.250000, 0.286515
0.900000, 0.250000, -0.063962
0.950000, 0.250000, -0.431580
1.000000, 0.250000, -0.787746
1.050000, 0.250000, -1.103848
1.100000, 0.250000, -1.353807
1.150000, 0.250000, -1.516497
1.200000, 0.250000, -1.577793
1.250000, 0.250000, -1.532046
1.300000, 0.250000, -1.382843
1.350000, 0.250000, -1.142964
1.400000, 0.250000, -0.833517
1.450000, 0.250000, -0.482318
1.500000, 0.250000, -0.121659
1.550000, 0.250000, 0.214368
1.600000, 0.250000, 0.492730
1.650000, 0.250000, 0.684258
1.700000, 0.250000, 0.766147
1.750000, 0.250000, 0.723915
1.800000, 0.250000, 0.552660
1.850000, 0.250000, 0.257490
1.900000, 0.250000, -0.146912
1.950000, 0.250000, -0.637537
2.000000, 0.250000, -1.185021
0.000000, 0.300000, -0.543742
0.050000, 0.300000, -0.476466
0.100000, 0.300000, -0.394959
0.150000, 0.300000, -0.290249
0.200000, 0.300000, -0.156771
0.250000, 0.300000, 0.006618
0.300000, 0.300000, 0.196117
0.350000, 0.300000, 0.403028
0.400000, 0.300000, 0.614387
0.450000, 0.300000, 0.814117
0.500000, 0.300000, 0.984611
0.550000, 0.300000, 1.108582
0.600000, 0.300000, 1.170980
0.650000, 0.300000, 1.160804
0.700000, 0.300000, 1.072582
0.750000, 0.300000, 0.907367
0.800000, 0.300000, 0.673128
0.850000, 0.300000, 0.384460
0.900000, 0.300000, 0.061623
0.950000, 0.300000, -0.271024
1.000000, 0.300000, -0.587073
1.050000, 0.300000, -0.860399
1.100000, 0.300000, -1.067581
1.150000, 0.300000, -1.190168
1.200000, 0.300000, -1.216572
1.250000, 0.300000, -1.143410
1.300000, 0.300000, -0.976124
1.350000, 0.300000, -0.728839
1.400000, 0.300000, -0.423413
1.450000, 0.300000, -0.087779
1.500000, 0.300000, 0.246308
1.550000, 0.300000, 0.545912
1.600000, 0.300000, 0.779723
1.650000, 0.300000, 0.920767
1.700000, 0.300000, 0.948792
1.750000, 0.300000, 0.852088
1.800000, 0.300000, 0.628598
1.850000, 0.300000, 0.286189
1.900000, 0.300000, -0.157924
1.950000, 0.300000, -0.678570
2.000000, 0.300000, -1.244708
0.000000, 0.350000, 0.327174
0.050000, 0.350000, 0.394604
0.100000, 0.350000, 0.464662
0.150000, 0.350000, 0.547062
0.200000, 0.350000, 0.648702
0.250000, 0.350000, 0.772570
0.300000, 0.350000, 0.917121
0.350000, 0.350000, 1.076192
0.400000, 0.350000, 1.239491
0.450000, 0.350000, 1.393600
0.500000, 0.350000, 1.523411
0.550000, 0.350000, 1.613828
0.600000, 0.350000, 1.651575
0.650000, 0.350000, 1.626898
0.700000, 0.350000, 1.534982
0.750000, 0.350000, 1.376909
0.800000, 0.350000, 1.160053
0.850000, 0.350000, 0.897819
0.900000, 0.350000, 0.608756
0.950000, 0.350000, 0.315084
1.000000, 0.350000, 0.040771
1.050000, 0.350000, -0.190664
1.100000, 0.350000, -0.358421
1.150000, 0.350000, -0.446535
1.200000, 0.350000, -0.445629
1.250000, 0.350000, -0.354120
1.300000, 0.350000, -0.178749
1.350000, 0.350000, 0.065657
1.400000, 0.350000, 0.357166
1.450000, 0.350000, 0.668414
1.500000, 0.350000, 0.968833
1.550000, 0.350000, 1.227228
1.600000, 0.350000, 1.414496
1.650000, 0.350000, 1.506217
1.700000, 0.350000, 1.484900
1.750000, 0.350000, 1.341661
1.800000, 0.350000, 1.077169
1.850000, 0.350000, 0.701779
1.900000, 0.350000, 0.234813
1.950000, 0.350000, -0.296950
2.000000, 0.350000, -0.861443
0.000000, 0.400000, 1.344248
0.050000, 0.400000, 1.400335
0.100000, 0.400000, 1.448263
0.150000, 0.400000, 1.499038
0.200000, 0.400000, 1.561367
0.250000, 0.400000, 1.640457
0.300000, 0.400000, 1.737265
0.350000, 0.400000, 1.848276
0.400000, 0.400000, 1.965836
0.450000, 0.400000, 2.079012
0.500000, 0.400000, 2.174884
0.550000, 0.400000, 2.240132
0.600000, 0.400000, 2.262739
0.650000, 0.400000, 2.233630
0.700000, 0.400000, 2.148047
0.750000, 0.400000, 2.006516
0.800000, 0.400000, 1.815263
0.850000, 0.400000, 1.586033
0.900000, 0.400000, 1.335292
0.950000, 0.400000, 1.082876
1.000000, 0.400000, 0.850211
1.050000, 0.400000, 0.658252
1.100000, 0.400000, 0.525374
1.150000, 0.400000, 0.465387
1.200000, 0.400000, 0.485912
1.250000, 0.400000, 0.587282
1.300000, 0.400000, 0.762085
1.350000, 0.400000, 0.995442
1.400000, 0.400000, 1.266002
1.450000, 0.400000, 1.547585
1.500000, 0.400000, 1.811347
1.550000, 0.400000, 2.028269
1.600000, 0.400000, 2.171753
1.650000, 0.400000, 2.220079
1.700000, 0.400000, 2.158502
1.750000, 0.400000, 1.980770
1.800000, 0.400000, 1.689935
1.850000, 0.400000, 1.298336
1.900000, 0.400000, 0.826776
1.950000, 0.400000, 0.302918
2.000000, 0.400000, -0.240936
0.000000, 0.450000, 2.187934
0.050000, 0.450000, 2.222033
0.100000, 0.450000, 2.238582
0.150000, 0.450000, 2.250349
0.200000, 0.450000, 2.268213
0.250000, 0.450000, 2.299845
0.300000, 0.450000, 2.348809
0.350000, 0.450000, 2.414200
0.400000, 0.450000, 2.490826
0.450000, 0.450000, 2.569934
0.500000, 0.450000, 2.640378
0.550000, 0.450000, 2.690110
0.600000, 0.450000, 2.707812
0.650000, 0.450000, 2.684502
0.700000, 0.450000, 2.614905
0.750000, 0.450000, 2.498453
0.800000, 0.450000, 2.339770
0.850000, 0.450000, 2.148581
0.900000, 0.450000, 1.939035
0.950000, 0.450000, 1.728489
1.000000, 0.450000, 1.535870
1.050000, 0.450000, 1.379765
1.100000, 0.450000, 1.276442
1.150000, 0.450000, 1.237999
1.200000, 0.450000, 1.270830
1.250000, 0.450000, 1.374606
1.300000, 0.450000, 1.541860
1.350000, 0.450000, 1.758269
1.400000, 0.450000, 2.003620
1.450000, 0.450000, 2.253394
1.500000, 0.450000, 2.480840
1.550000, 0.450000, 2.659341
1.600000, 0.450000, 2.764879
1.650000, 0.450000, 2.778344
1.700000, 0.450000, 2.687475
1.750000, 0.450000, 2.488244
1.800000, 0.450000, 2.185519
1.850000, 0.450000, 1.792954
1.900000, 0.450000, 1.332067
1.950000, 0.450000, 0.830594
2.000000, 0.450000, 0.320247
0.000000, 0.500000, 2.598373
0.050000, 0.500000, 2.601277
0.100000, 0.500000, 2.579139
0.150000, 0.500000, 2.546846
0.200000, 0.500000, 2.517686
0.250000, 0.500000, 2.501885
0.300000, 0.500000, 2.505577
0.350000, 0.500000, 2.530283
0.400000, 0.500000, 2.572971
0.450000, 0.500000, 2.626651
0.500000, 0.500000, 2.681455
0.550000, 0.500000, 2.726053
0.600000, 0.500000, 2.749253
0.650000, 0.500000, 2.741601
0.700000, 0.500000, 2.696785
0.750000, 0.500000, 2.612697
0.800000, 0.500000, 2.492011
0.850000, 0.500000, 2.342204
0.900000, 0.500000, 2.175017
0.950000, 0.500000, 2.005371
1.000000, 0.500000, 1.849876
1.050000, 0.500000, 1.725056
1.100000, 0.500000, 1.645488
1.150000, 0.500000, 1.622048
1.200000, 0.500000, 1.660454
1.250000, 0.500000, 1.760279
1.300000, 0.500000, 1.914548
1.350000, 0.500000, 2.109988
1.400000, 0.500000, 2.327938
1.450000, 0.500000, 2.545837
1.500000, 0.500000, 2.739185
1.550000, 0.500000, 2.883780
1.600000, 0.500000, 2.958037
1.650000, 0.500000, 2.945150
1.700000, 0.500000, 2.834900
1.750000, 0.500000, 2.624901
1.800000, 0.500000, 2.321174
1.850000, 0.500000, 1.937947
1.900000, 0.500000, 1.496693
1.950000, 0.500000, 1.024473
2.000000, 0.500000, 0.551718
0.000000, 0.550000, 2.471170
0.050000, 0.550000, 2.435617
0.100000, 0.550000, 2.369827
0.150000, 0.550000, 2.291029
0.200000, 0.550000, 2.215002
0.250000, 0.550000, 2.154482
0.300000, 0.550000, 2.117978
0.350000, 0.550000, 2.109132
0.400000, 0.550000, 2.126651
0.450000, 0.550000, 2.164814
0.500000, 0.550000, 2.214484
0.550000, 0.550000, 2.264483
0.600000, 0.550000, 2.303192
0.650000, 0.550000, 2.320174
0.700000, 0.550000, 2.307646
0.750000, 0.550000, 2.261622
0.800000, 0.550000, 2.182603
0.850000, 0.550000, 2.075728
0.900000, 0.550000, 1.950365
0.950000, 0.550000, 1.819169
1.000000, 0.550000, 1.696716
1.050000, 0.550000, 1.597848
1.100000, 0.550000, 1.535904
1.150000, 0.550000, 1.521039
1.200000, 0.550000, 1.558800
1.250000, 0.550000, 1.649152
1.300000, 0.550000, 1.786042
1.350000, 0.550000, 1.957597
1.400000, 0.550000, 2.146943
1.450000, 0.550000, 2.333588
1.500000, 0.550000, 2.495256
1.550000, 0.550000, 2.609986
1.600000, 0.550000, 2.658316
1.650000, 0.550000, 2.625317
1.700000, 0.550000, 2.502274
1.750000, 0.550000, 2.287850
1.800000, 0.550000, 1.988575
1.850000, 0.550000, 1.618617
1.900000, 0.550000, 1.198809
1.950000, 0.550000, 0.755027
2.000000, 0.550000, 0.316022
0.000000, 0.600000, 1.894268
0.050000, 0.600000, 1.815343
0.100000, 0.600000, 1.703549
0.150000, 0.600000, 1.578529
0.200000, 0.600000, 1.458493
0.250000, 0.600000, 1.358479
0.300000, 0.600000, 1.289055
0.350000, 0.600000, 1.255558
0.400000, 0.600000, 1.257936
0.450000, 0.600000, 1.291195
0.500000, 0.600000, 1.346363
0.550000, 0.600000, 1.411870
0.600000, 0.600000, 1.475170
0.650000, 0.600000, 1.524421
0.700000, 0.600000, 1.550037
0.750000, 0.600000, 1.545939
0.800000, 0.600000, 1.510363
0.850000, 0.600000, 1.446143
0.900000, 0.600000, 1.360423
0.950000, 0.600000, 1.263851
1.000000, 0.600000, 1.169318
1.050000, 0.600000, 1.090395
1.100000, 0.600000, 1.039631
1.150000, 0.600000, 1.026912
1.200000, 0.600000, 1.058046
1.250000, 0.600000, 1.133762
1.300000, 0.600000, 1.249227
1.350000, 0.600000, 1.394163
1.400000, 0.600000, 1.553566
1.450000, 0.600000, 1.708976
1.500000, 0.600000, 1.840179
1.550000, 0.600000, 1.927190
1.600000, 0.600000, 1.952308
1.650000, 0.600000, 1.902045
1.700000, 0.600000, 1.768722
1.750000, 0.600000, 1.551563
1.800000, 0.600000, 1.257157
1.850000, 0.600000, 0.899217
1.900000, 0.600000, 0.497639
1.950000, 0.600000, 0.076934
2.000000, 0.600000, -0.335852
0.000000, 0.650000, 1.111983
0.050000, 0.650000, 0.987392
0.100000, 0.650000, 0.829980
0.150000, 0.650000, 0.661729
0.200000, 0.650000, 0.503060
0.250000, 0.650000, 0.370981
0.300000, 0.650000, 0.277680
0.350000, 0.650000, 0.229681
0.400000, 0.650000, 0.227627
0.450000, 0.650000, 0.266685
0.500000, 0.650000, 0.337511
0.550000, 0.650000, 0.427652
0.600000, 0.650000, 0.523220
0.650000, 0.650000, 0.610649
0.700000, 0.650000, 0.678341
0.750000, 0.650000, 0.718034
0.800000, 0.650000, 0.725726
0.850000, 0.650000, 0.702080
0.900000, 0.650000, 0.652257
0.950000, 0.650000, 0.585211
1.000000, 0.650000, 0.512519
1.050000, 0.650000, 0.446880
1.100000, 0.650000, 0.400457
1.150000, 0.650000, 0.383242
1.200000, 0.650000, 0.401634
1.250000, 0.650000, 0.457385
1.300000, 0.650000, 0.547057
1.350000, 0.650000, 0.662047
1.400000, 0.650000, 0.789205
1.450000, 0.650000, 0.911995
1.500000, 0.650000, 1.012080
1.550000, 0.650000, 1.071199
1.600000, 0.650000, 1.073121
1.650000, 0.650000, 1.005496
1.700000, 0.650000, 0.861385
1.750000, 0.650000, 0.640324
1.800000, 0.650000, 0.348772
1.850000, 0.650000, -0.000110
1.900000, 0.650000, -0.387358
1.950000, 0.650000, -0.789707
2.000000, 0.650000, -1.181584
0.000000, 0.700000, 0.430085
0.050000, 0.700000, 0.260275
0.100000, 0.700000, 0.060348
0.150000, 0.700000, -0.145612
0.200000, 0.700000, -0.335329
0.250000, 0.700000, -0.490280
0.300000, 0.700000, -0.597177
0.350000, 0.700000, -0.648870
0.400000, 0.700000, -0.644590
0.450000, 0.700000, -0.589546
0.500000, 0.700000, -0.493939
0.550000, 0.700000, -0.371510
0.600000, 0.700000, -0.237797
0.650000, 0.700000, -0.108293
0.700000, 0.700000, 0.003313
0.750000, 0.700000, 0.086598
0.800000, 0.700000, 0.135451
0.850000, 0.700000, 0.148584
0.900000, 0.700000, 0.129461
0.950000, 0.700000, 0.085677
1.000000, 0.700000, 0.027849
1.050000, 0.700000, -0.031838
1.100000, 0.700000, -0.081273
1.150000, 0.700000, -0.110062
1.200000, 0.700000, -0.110983
1.250000, 0.700000, -0.081088
1.300000, 0.700000, -0.022320
1.350000, 0.700000, 0.058427
1.400000, 0.700000, 0.149832
1.450000, 0.700000, 0.237202
1.500000, 0.700000, 0.303971
1.550000, 0.700000, 0.333474
1.600000, 0.700000, 0.310830
1.650000, 0.700000, 0.224725
1.700000, 0.700000, 0.068899
1.750000, 0.700000, -0.156814
1.800000, 0.700000, -0.446042
1.850000, 0.700000, -0.786073
1.900000, 0.700000, -1.158714
1.950000, 0.700000, -1.541745
2.000000, 0.700000, -1.910833
0.000000, 0.750000, 0.098257
0.050000, 0.750000, -0.113604
0.100000, 0.750000, -0.350408
0.150000, 0.750000, -0.586341
0.200000, 0.750000, -0.797751
0.250000, 0.750000, -0.965143
0.300000, 0.750000, -1.074714
0.350000, 0.750000, -1.119265
0.400000, 0.750000, -1.098444
0.450000, 0.750000, -1.018320
0.500000, 0.750000, -0.890349
0.550000, 0.750000, -0.729856
0.600000, 0.750000, -0.554218
0.650000, 0.750000, -0.380922
0.700000, 0.750000, -0.225725
0.750000, 0.750000, -0.101078
0.800000, 0.750000, -0.014995
0.850000, 0.750000, 0.029548
0.900000, 0.750000, 0.034623
0.950000, 0.750000, 0.006785
1.000000, 0.750000, -0.043990
1.050000, 0.750000, -0.105732
1.100000, 0.750000, -0.166117
1.150000, 0.750000, -0.214127
1.200000, 0.750000, -0.241534
1.250000, 0.750000, -0.244055
1.300000, 0.750000, -0.222040
1.350000, 0.750000, -0.180602
1.400000, 0.750000, -0.129187
1.450000, 0.750000, -0.080595
1.500000, 0.750000, -0.049581
1.550000, 0.750000, -0.051156
1.600000, 0.750000, -0.098783
1.650000, 0.750000, -0.202655
1.700000, 0.750000, -0.368253
1.750000, 0.750000, -0.595346
1.800000, 0.750000, -0.877551
1.850000, 0.750000, -1.202536
1.900000, 0.750000, -1.552851
1.950000, 0.750000, -1.907345
2.000000, 0.750000, -2.243032
0.000000, 0.800000, 0.214872
0.050000, 0.800000, -0.033330
0.100000, 0.800000, -0.299147
0.150000, 0.800000, -0.555541
0.200000, 0.800000, -0.778054
0.250000, 0.800000, -0.946829
0.300000, 0.800000, -1.048144
0.350000, 0.800000, -1.075312
0.400000, 0.800000, -1.028888
0.450000, 0.800000, -0.916195
0.500000, 0.800000, -0.750227
0.550000, 0.800000, -0.548066
0.600000, 0.800000, -0.328984
0.650000, 0.800000, -0.112421
0.700000, 0.800000, 0.083938
0.750000, 0.800000, 0.245814
0.800000, 0.800000, 0.363545
0.850000, 0.800000, 0.432749
0.900000, 0.800000, 0.454396
0.950000, 0.800000, 0.434285
1.000000, 0.800000, 0.382020
1.050000, 0.800000, 0.309599
1.100000, 0.800000, 0.229775
1.150000, 0.800000, 0.154391
1.200000, 0.800000, 0.092864
1.250000, 0.800000, 0.050981
1.300000, 0.800000, 0.030165
1.350000, 0.800000, 0.027263
1.400000, 0.800000, 0.034903
1.450000, 0.800000, 0.042376
1.500000, 0.800000, 0.036951
1.550000, 0.800000, 0.005470
1.600000, 0.800000, -0.063930
1.650000, 0.800000, -0.180187
1.700000, 0.800000, -0.347936
1.750000, 0.800000, -0.566566
1.800000, 0.800000, -0.829820
1.850000, 0.800000, -1.126003
1.900000, 0.800000, -1.438811
1.950000, 0.800000, -1.748702
2.000000, 0.800000, -2.034708
0.000000, 0.850000, 0.690459
0.050000, 0.850000, 0.413855
0.100000, 0.850000, 0.128670
0.150000, 0.850000, -0.137434
0.200000, 0.850000, -0.359832
0.250000, 0.850000, -0.518936
0.300000, 0.850000, -0.601692
0.350000, 0.850000, -0.602425
0.400000, 0.850000, -0.522998
0.450000, 0.850000, -0.372263
0.500000, 0.850000, -0.164912
0.550000, 0.850000, 0.080180
0.600000, 0.850000, 0.341916
0.650000, 0.850000, 0.599053
0.700000, 0.850000, 0.832191
0.750000, 0.850000, 1.025478
0.800000, 0.850000, 1.167870
0.850000, 0.850000, 1.253850
0.900000, 0.850000, 1.283542
0.950000, 0.850000, 1.262229
1.000000, 0.850000, 1.199366
1.050000, 0.850000, 1.107192
1.100000, 0.850000, 0.999106
1.150000, 0.850000, 0.887999
1.200000, 0.850000, 0.784722
1.250000, 0.850000, 0.696850
1.300000, 0.850000, 0.627881
1.350000, 0.850000, 0.576957
1.400000, 0.850000, 0.539124
1.450000, 0.850000, 0.506097
1.500000, 0.850000, 0.467457
1.550000, 0.850000, 0.412118
1.600000, 0.850000, 0.329913
1.650000, 0.850000, 0.213119
1.700000, 0.850000, 0.057721
1.750000, 0.850000, -0.135713
1.800000, 0.850000, -0.361675
1.850000, 0.850000, -0.609935
1.900000, 0.850000, -0.866327
1.950000, 0.850000, -1.114042
2.000000, 0.850000, -1.335318
0.000000, 0.900000, 1.283749
0.050000, 0.900000, 0.988468
0.100000, 0.900000, 0.694806
0.150000, 0.900000, 0.430375
0.200000, 0.900000, 0.219298
0.250000, 0.900000, 0.080273
0.300000, 0.900000, 0.025158
0.350000, 0.900000, 0.058199
0.400000, 0.900000, 0.175948
0.450000, 0.900000, 0.367877
0.500000, 0.900000, 0.617587
0.550000, 0.900000, 0.904504
0.600000, 0.900000, 1.205882
0.650000, 0.900000, 1.498917
0.700000, 0.900000, 1.762755
0.750000, 0.900000, 1.980239
0.800000, 0.900000, 2.139203
0.850000, 0.900000, 2.233229
0.900000, 0.900000, 2.261805
0.950000, 0.900000, 2.229905
1.000000, 0.900000, 2.147037
1.050000, 0.900000, 2.025904
1.100000, 0.900000, 1.880810
1.150000, 0.900000, 1.726010
1.200000, 0.900000, 1.574157
1.250000, 0.900000, 1.435030
1.300000, 0.900000, 1.314662
1.350000, 0.900000, 1.214949
1.400000, 0.900000, 1.133777
1.450000, 0.900000, 1.065627
1.500000, 0.900000, 1.002592
1.550000, 0.900000, 0.935669
1.600000, 0.900000, 0.856171
1.650000, 0.900000, 0.757102
1.700000, 0.900000, 0.634310
1.750000, 0.900000, 0.487302
1.800000, 0.900000, 0.319589
1.850000, 0.900000, 0.138533
1.900000, 0.900000, -0.045314
1.950000, 0.900000, -0.219324
2.000000, 0.900000, -0.370233
0.000000, 0.950000, 1.696428
0.050000, 0.950000, 1.393444
0.100000, 0.950000, 1.102833
0.150000, 0.950000, 0.851448
0.200000, 0.950000, 0.662246
0.250000, 0.950000, 0.552464
0.300000, 0.950000, 0.532319
0.350000, 0.950000, 0.604334
0.400000, 0.950000, 0.763341
0.450000, 0.950000, 0.997140
0.500000, 0.950000, 1.287749
0.550000, 0.950000, 1.613115
0.600000, 0.950000, 1.949119
0.650000, 0.950000, 2.271679
0.700000, 0.950000, 2.558779
0.750000, 0.950000, 2.792209
0.800000, 0.950000, 2.958900
0.850000, 0.950000, 3.051724
0.900000, 0.950000, 3.069713
0.950000, 0.950000, 3.017713
1.000000, 0.950000, 2.905506
1.050000, 0.950000, 2.746543
1.100000, 0.950000, 2.556395
1.150000, 0.950000, 2.351121
1.200000, 0.950000, 2.145693
1.250000, 0.950000, 1.952655
1.300000, 0.950000, 1.781125
1.350000, 0.950000, 1.636247
1.400000, 0.950000, 1.519104
1.450000, 0.950000, 1.427097
1.500000, 0.950000, 1.354717
1.550000, 0.950000, 1.294613
1.600000, 0.950000, 1.238806
1.650000, 0.950000, 1.179920
1.700000, 0.950000, 1.112269
1.750000, 0.950000, 1.032677
1.800000, 0.950000, 0.940936
1.850000, 0.950000, 0.839840
1.900000, 0.950000, 0.734805
1.950000, 0.950000, 0.633092
2.000000, 0.950000, 0.542752
0.000000, 1.000000, 1.690263
0.050000, 1.000000, 1.391194
0.100000, 1.000000, 1.115156
0.150000, 1.000000, 0.887538
0.200000, 1.000000, 0.729508
0.250000, 1.000000, 0.656353
0.300000, 1.000000, 0.676325
0.350000, 1.000000, 0.790076
0.400000, 1.000000, 0.990730
0.450000, 1.000000, 1.264575
0.500000, 1.000000, 1.592309
0.550000, 1.000000, 1.950717
0.600000, 1.000000, 2.314640
0.650000, 1.000000, 2.659042
0.700000, 1.000000, 2.961005
0.750000, 1.000000, 3.201489
0.800000, 1.000000, 3.366690
0.850000, 1.000000, 3.448916
0.900000, 1.000000, 3.446900
0.950000, 1.000000, 3.365561
1.000000, 1.000000, 3.215242
1.050000, 1.000000, 3.010527
1.100000, 1.000000, 2.768753
1.150000, 1.000000, 2.508373
1.200000, 1.000000, 2.247323
1.250000, 1.000000, 2.001540
1.300000, 1.000000, 1.783773
1.350000, 1.000000, 1.602770
1.400000, 1.000000, 1.462900
1.450000, 1.000000, 1.364226
1.500000, 1.000000, 1.302987
1.550000, 1.000000, 1.272424
1.600000, 1.000000, 1.263828
1.650000, 1.000000, 1.267705
1.700000, 1.000000, 1.274914
1.750000, 1.000000, 1.277660
1.800000, 1.000000, 1.270233
1.850000, 1.000000, 1.249439
1.900000, 1.000000, 1.214661
1.950000, 1.000000, 1.167586
2.000000, 1.000000, 1.111621
0.000000, 1.050000, 1.181695
0.050000, 1.050000, 0.898156
0.100000, 1.050000, 0.647567
0.150000, 1.050000, 0.453177
0.200000, 1.050000, 0.333821
0.250000, 1.050000, 0.302465
0.300000, 1.050000, 0.365212
0.350000, 1.050000, 0.520854
0.400000, 1.050000, 0.760985
0.450000, 1.050000, 1.070684
0.500000, 1.050000, 1.429702
0.550000, 1.050000, 1.814062
0.600000, 1.050000, 2.197930
0.650000, 1.050000, 2.555616
0.700000, 1.050000, 2.863532
0.750000, 1.050000, 3.101961
0.800000, 1.050000, 3.256482
0.850000, 1.050000, 3.318955
0.900000, 1.050000, 3.287980
0.950000, 1.050000, 3.168811
1.000000, 1.050000, 2.972740
1.050000, 1.050000, 2.716013
1.100000, 1.050000, 2.418375
1.150000, 1.050000, 2.101386
1.200000, 1.050000, 1.786641
1.250000, 1.050000, 1.494056
1.300000, 1.050000, 1.240365
1.350000, 1.050000, 1.037942
1.400000, 1.050000, 0.894048
1.450000, 1.050000, 0.810544
1.500000, 1.050000, 0.784091
1.550000, 1.050000, 0.806787
1.600000, 1.050000, 0.867170
1.650000, 1.050000, 0.951486
1.700000, 1.050000, 1.045089
1.750000, 1.050000, 1.133830
1.800000, 1.050000, 1.205312
1.850000, 1.050000, 1.249891
1.900000, 1.050000, 1.261330
1.950000, 1.050000, 1.237070
2.000000, 1.050000, 1.178086
0.000000, 1.100000, 0.277551
0.050000, 1.100000, 0.020514
0.100000, 1.100000, -0.195007
0.150000, 1.100000, -0.348502
0.200000, 1.100000, -0.423910
0.250000, 1.100000, -0.410822
0.300000, 1.100000, -0.305297
0.350000, 1.100000, -0.110230
0.400000, 1.100000, 0.164780
0.450000, 1.100000, 0.504034
0.500000, 1.100000, 0.886807
0.550000, 1.100000, 1.288792
0.600000, 1.100000, 1.683840
0.650000, 1.100000, 2.045866
0.700000, 1.100000, 2.350770
0.750000, 1.100000, 2.578248
0.800000, 1.100000, 2.713331
0.850000, 1.100000, 2.747541
0.900000, 1.100000, 2.679559
0.950000, 1.100000, 2.515336
1.000000, 1.100000, 2.267639
1.050000, 1.100000, 1.955048
1.100000, 1.100000, 1.600479
1.150000, 1.100000, 1.229354
1.200000, 1.100000, 0.867551
1.250000, 1.100000, 0.539329
1.300000, 1.100000, 0.265376
1.350000, 1.100000, 0.061181
1.400000, 1.100000, -0.064152
1.450000, 1.100000, -0.108523
1.500000, 1.100000, -0.076841
1.550000, 1.100000, 0.019599
1.600000, 1.100000, 0.164288
1.650000, 1.100000, 0.337135
1.700000, 1.100000, 0.516395
1.750000, 1.100000, 0.680705
1.800000, 1.100000, 0.811034
1.850000, 1.100000, 0.892362
1.900000, 1.100000, 0.914912
1.950000, 1.100000, 0.874832
2.000000, 1.100000, 0.774248
0.000000, 1.150000, -0.761957
0.050000, 1.150000, -0.982770
0.100000, 1.150000, -1.155396
0.150000, 1.150000, -1.262567
0.200000, 1.150000, -1.291298
0.250000, 1.150000, -1.233812
0.300000, 1.150000, -1.088183
0.350000, 1.150000, -0.858643
0.400000, 1.150000, -0.555507
0.450000, 1.150000, -0.194709
0.500000, 1.150000, 0.203068
0.550000, 1.150000, 0.613627
0.600000, 1.150000, 1.010822
0.650000, 1.150000, 1.368352
0.700000, 1.150000, 1.661682
0.750000, 1.150000, 1.869939
0.800000, 1.150000, 1.977648
0.850000, 1.150000, 1.976136
0.900000, 1.150000, 1.864460
0.950000, 1.150000, 1.649763
1.000000, 1.150000, 1.346960
1.050000, 1.150000, 0.977760
1.100000, 1.150000, 0.569055
1.150000, 1.150000, 0.150801
1.200000, 1.150000, -0.246449
1.250000, 1.150000, -0.594150
1.300000, 1.150000, -0.868254
1.350000, 1.150000, -1.051351
1.400000, 1.150000, -1.134251
1.450000, 1.150000, -1.116814
1.500000, 1.150000, -1.007945
1.550000, 1.150000, -0.824729
1.600000, 1.150000, -0.590771
1.650000, 1.150000, -0.333896
1.700000, 1.150000, -0.083435
1.750000, 1.150000, 0.132624
1.800000, 1.150000, 0.290336
1.850000, 1.150000, 0.372060
1.900000, 1.150000, 0.368033
1.950000, 1.150000, 0.277104
2.000000, 1.150000, 0.106535
0.000000, 1.200000, -1.619034
0.050000, 1.200000, -1.795691
0.100000, 1.200000, -1.919827
0.150000, 1.200000, -1.977795
0.200000, 1.200000, -1.959836
0.250000, 1.200000, -1.860714
0.300000, 1.200000, -1.680194
0.350000, 1.200000, -1.423342
0.400000, 1.200000, -1.100587
0.450000, 1.200000, -0.727483
0.500000, 1.200000, -0.324132
0.550000, 1.200000, 0.085782
0.600000, 1.200000, 0.476350
0.650000, 1.200000, 0.821138
0.700000, 1.200000, 1.095154
0.750000, 1.200000, 1.276926
0.800000, 1.200000, 1.350515
0.850000, 1.200000, 1.307253
0.900000, 1.200000, 1.147001
0.950000, 1.200000, 0.878729
1.000000, 1.200000, 0.520304
1.050000, 1.200000, 0.097408
1.100000, 1.200000, -0.358354
1.150000, 1.200000, -0.812055
1.200000, 1.200000, -1.228509
1.250000, 1.200000, -1.575516
1.300000, 1.200000, -1.826963
1.350000, 1.200000, -1.965423
1.400000, 1.200000, -1.983983
1.450000, 1.200000, -1.887037
1.500000, 1.200000, -1.689952
1.550000, 1.200000, -1.417594
1.600000, 1.200000, -1.101847
1.650000, 1.200000, -0.778386
1.700000, 1.200000, -0.483024
1.750000, 1.200000, -0.248066
1.800000, 1.200000, -0.099045
1.850000, 1.200000, -0.052226
1.900000, 1.200000, -0.113161
1.950000, 1.200000, -0.276450
2.000000, 1.200000, -0.526739
0.000000, 1.250000, -2.036505
0.050000, 1.250000, -2.163303
0.100000, 1.250000, -2.235903
0.150000, 1.250000, -2.244514
0.200000, 1.250000, -2.182594
0.250000, 1.250000, -2.047181
0.300000, 1.250000, -1.839245
0.350000, 1.250000, -1.564048
0.400000, 1.250000, -1.231432
0.450000, 1.250000, -0.855921
0.500000, 1.250000, -0.456521
0.550000, 1.250000, -0.056080
0.600000, 1.250000, 0.319851
0.650000, 1.250000, 0.644674
0.700000, 1.250000, 0.892835
0.750000, 1.250000, 1.042191
0.800000, 1.250000, 1.076418
0.850000, 1.250000, 0.987166
0.900000, 1.250000, 0.775660
0.950000, 1.250000, 0.453476
1.000000, 1.250000, 0.042306
1.050000, 1.250000, -0.427391
1.100000, 1.250000, -0.918791
1.150000, 1.250000, -1.391971
1.200000, 1.250000, -1.807731
1.250000, 1.250000, -2.131555
1.300000, 1.250000, -2.337266
1.350000, 1.250000, -2.409914
1.400000, 1.250000, -2.347556
1.450000, 1.250000, -2.161639
1.500000, 1.250000, -1.875932
1.550000, 1.250000, -1.524074
1.600000, 1.250000, -1.146002
1.650000, 1.250000, -0.783674
1.700000, 1.250000, -0.476575
1.750000, 1.250000, -0.257540
1.800000, 1.250000, -0.149391
1.850000, 1.250000, -0.162792
1.900000, 1.250000, -0.295555
1.950000, 1.250000, -0.533465
2.000000, 1.250000, -0.852501
0.000000, 1.300000, -1.913453
0.050000, 1.300000, -1.987234
0.100000, 1.300000, -2.007977
0.150000, 1.300000, -1.969825
0.200000, 1.300000, -1.869282
0.250000, 1.300000, -1.705232
0.300000, 1.300000, -1.479214
0.350000, 1.300000, -1.195931
0.400000, 1.300000, -0.863883
0.450000, 1.300000, -0.495922
0.500000, 1.300000, -0.109507
0.550000, 1.300000, 0.273555
0.600000, 1.300000, 0.628062
0.650000, 1.300000, 0.927092
0.700000, 1.300000, 1.144349
0.750000, 1.300000, 1.256952
0.800000, 1.300000, 1.248348
0.850000, 1.300000, 1.110943
0.900000, 1.300000, 0.848037
0.950000, 1.300000, 0.474692
1.000000, 1.300000, 0.017286
1.050000, 1.300000, -0.488336
1.100000, 1.300000, -0.999997
1.150000, 1.300000, -1.473328
1.200000, 1.300000, -1.866431
1.250000, 1.300000, -2.144520
1.300000, 1.300000, -2.283936
1.350000, 1.300000, -2.275005
1.400000, 1.300000, -2.123337
1.450000, 1.300000, -1.849350
1.500000, 1.300000, -1.486059
1.550000, 1.300000, -1.075363
1.600000, 1.300000, -0.663308
1.650000, 1.300000, -0.294901
1.700000, 1.300000, -0.009150
1.750000, 1.300000, 0.165061
1.800000, 1.300000, 0.211752
1.850000, 1.300000, 0.128963
1.900000, 1.300000, -0.071880
1.950000, 1.300000, -0.368214
2.000000, 1.300000, -0.729820
0.000000, 1.350000, -1.341891
0.050000, 1.350000, -1.362218
0.100000, 1.350000, -1.333531
0.150000, 1.350000, -1.253836
0.200000, 1.350000, -1.122347
0.250000, 1.350000, -0.939216
0.300000, 1.350000, -0.705791
0.350000, 1.350000, -0.425388
0.400000, 1.350000, -0.104388
0.450000, 1.350000, 0.246625
0.500000, 1.350000, 0.612071
0.550000, 1.350000, 0.971248
0.600000, 1.350000, 1.299136
0.650000, 1.350000, 1.568219
0.700000, 1.350000, 1.751234
0.750000, 1.350000, 1.824527
0.800000, 1.350000, 1.771583
0.850000, 1.350000, 1.586157
0.900000, 1.350000, 1.274462
0.950000, 1.350000, 0.855952
1.000000, 1.350000, 0.362420
1.050000, 1.350000, -0.164621
1.100000, 1.350000, -0.678055
1.150000, 1.350000, -1.130288
1.200000, 1.350000, -1.478754
1.250000, 1.350000, -1.691031
1.300000, 1.350000, -1.748868
1.350000, 1.350000, -1.650533
1.400000, 1.350000, -1.411132
1.450000, 1.350000, -1.060819
1.500000, 1.350000, -0.641141
1.550000, 1.350000, -0.200014
1.600000, 1.350000, 0.213982
1.650000, 1.350000, 0.557211
1.700000, 1.350000, 0.795733
1.750000, 1.350000, 0.908597
1.800000, 1.350000, 0.889306
1.850000, 1.350000, 0.745337
1.900000, 1.350000, 0.495913
1.950000, 1.350000, 0.168471
2.000000, 1.350000, -0.205609
0.000000, 1.400000, -0.570583
0.050000, 1.400000, -0.539763
0.100000, 1.400000, -0.466698
0.150000, 1.400000, -0.353028
0.200000, 1.400000, -0.200203
0.250000, 1.400000, -0.008938
0.300000, 1.400000, 0.220465
0.350000, 1.400000, 0.486952
0.400000, 1.400000, 0.787002
0.450000, 1.400000, 1.112806
0.500000, 1.400000, 1.450851
0.550000, 1.400000, 1.781424
0.600000, 1.400000, 2.079369
0.650000, 1.400000, 2.316208
0.700000, 1.400000, 2.463469
0.750000, 1.400000, 2.496773
0.800000, 1.400000, 2.400053
0.850000, 1.400000, 2.169154
0.900000, 1.400000, 1.814120
0.950000, 1.400000, 1.359640
1.000000, 1.400000, 0.843381
1.050000, 1.400000, 0.312315
1.100000, 1.400000, -0.182557
1.150000, 1.400000, -0.592358
1.200000, 1.400000, -0.876484
1.250000, 1.400000, -1.007842
1.300000, 1.400000, -0.976369
1.350000, 1.400000, -0.790302
1.400000, 1.400000, -0.475010
1.450000, 1.400000, -0.069569
1.500000, 1.400000, 0.378393
1.550000, 1.400000, 0.818772
1.600000, 1.400000, 1.205097
1.650000, 1.400000, 1.499770
1.700000, 1.400000, 1.677746
1.750000, 1.400000, 1.728210
1.800000, 1.400000, 1.654180
1.850000, 1.400000, 1.470279
1.900000, 1.400000, 1.199215
1.950000, 1.400000, 0.867660
2.000000, 1.400000, 0.502252
0.000000, 1.450000, 0.090133
0.050000, 1.450000, 0.167170
0.100000, 1.450000, 0.277210
0.150000, 1.450000, 0.415337
0.200000, 1.450000, 0.578463
0.250000, 1.450000, 0.766120
0.300000, 1.450000, 0.979958
0.350000, 1.450000, 1.222059
0.400000, 1.450000, 1.492444
0.450000, 1.450000, 1.786439
0.500000, 1.450000, 2.092609
0.550000, 1.450000, 2.391929
0.600000, 1.450000, 2.658637
0.650000, 1.450000, 2.862857
0.700000, 1.450000, 2.974698
0.750000, 1.450000, 2.969224
0.800000, 1.450000, 2.831386
0.850000, 1.450000, 2.559986
0.900000, 1.450000, 2.169829
0.950000, 1.450000, 1.691491
1.000000, 1.450000, 1.168565
1.050000, 1.450000, 0.652670
1.100000, 1.450000, 0.196930
1.150000, 1.450000, -0.151061
1.200000, 1.450000, -0.355679
1.250000, 1.450000, -0.398066
1.300000, 1.450000, -0.278523
1.350000, 1.450000, -0.016129
1.400000, 1.450000, 0.354290
1.450000, 1.450000, 0.787298
1.500000, 1.450000, 1.233195
1.550000, 1.450000, 1.644512
1.600000, 1.450000, 1.981634
1.650000, 1.450000, 2.216716
1.700000, 1.450000, 2.335448
1.750000, 1.450000, 2.336596
1.800000, 1.450000, 2.229693
1.850000, 1.450000, 2.031523
1.900000, 1.450000, 1.762238
1.950000, 1.450000, 1.441886
2.000000, 1.450000, 1.087996
0.000000, 1.500000, 0.386129
0.050000, 1.500000, 0.502106
0.100000, 1.500000, 0.639769
0.150000, 1.500000, 0.791394
0.200000, 1.500000, 0.952954
0.250000, 1.500000, 1.125097
0.300000, 1.500000, 1.312363
0.350000, 1.500000, 1.520795
0.400000, 1.500000, 1.754524
0.450000, 1.500000, 2.012203
0.500000, 1.500000, 2.284274
0.550000, 1.500000, 2.551914
0.600000, 1.500000, 2.788158
0.650000, 1.500000, 2.961260
0.700000, 1.500000, 3.039784
0.750000, 1.500000, 2.998556
0.800000, 1.500000, 2.824278
0.850000, 1.500000, 2.519664
0.900000, 1.500000, 2.105112
0.950000, 1.500000, 1.617429
1.000000, 1.500000, 1.105645
1.050000, 1.500000, 0.624535
1.100000, 1.500000, 0.226930
1.150000, 1.500000, -0.043874
1.200000, 1.500000, -0.160276
1.250000, 1.500000, -0.114042
1.300000, 1.500000, 0.083086
1.350000, 1.500000, 0.401867
1.400000, 1.500000, 0.800570
1.450000, 1.500000, 1.231513
1.500000, 1.500000, 1.647903
1.550000, 1.500000, 2.009766
1.600000, 1.500000, 2.288021
1.650000, 1.500000, 2.466176
1.700000, 1.500000, 2.539651
1.750000, 1.500000, 2.513227
1.800000, 1.500000, 2.397444
1.850000, 1.500000, 2.204937
1.900000, 1.500000, 1.947600
1.950000, 1.500000, 1.635181
2.000000, 1.500000, 1.275499
0.000000, 1.550000, 0.214959
0.050000, 1.550000, 0.360650
0.100000, 1.550000, 0.515140
0.150000, 1.550000, 0.668454
0.200000, 1.550000, 0.816385
0.250000, 1.550000, 0.961601
0.300000, 1.550000, 1.112444
0.350000, 1.550000, 1.279667
0.400000, 1.550000, 1.471923
0.450000, 1.550000, 1.691181
0.500000, 1.550000, 1.929347
0.550000, 1.550000, 2.167121
0.600000, 1.550000, 2.375646
0.650000, 1.550000, 2.520856
0.700000, 1.550000, 2.569764
0.750000, 1.550000, 2.497457
0.800000, 1.550000, 2.293274
0.850000, 1.550000, 1.964801
0.900000, 1.550000, 1.538666
0.950000, 1.550000, 1.057802
1.000000, 1.550000, 0.575558
1.050000, 1.550000, 0.147708
1.100000, 1.550000, -0.176153
1.150000, 1.550000, -0.360182
1.200000, 1.550000, -0.387441
1.250000, 1.550000, -0.261706
1.300000, 1.550000, -0.005742
1.350000, 1.550000, 0.343470
1.400000, 1.550000, 0.741426
1.450000, 1.550000, 1.143307
1.500000, 1.550000, 1.510243
1.550000, 1.550000, 1.813507
1.600000, 1.550000, 2.036053
1.650000, 1.550000, 2.171447
1.700000, 1.550000, 2.220860
1.750000, 1.550000, 2.189179
1.800000, 1.550000, 2.081440
1.850000, 1.550000, 1.900609
1.900000, 1.550000, 1.647294
1.950000, 1.550000, 1.321428
2.000000, 1.550000, 0.925361
0.000000, 1.600000, -0.337383
0.050000, 1.600000, -0.172642
0.100000, 1.600000, -0.012976
0.150000, 1.600000, 0.130003
0.200000, 1.600000, 0.252694
0.250000, 1.600000, 0.360686
0.300000, 1.600000, 0.466978
0.350000, 1.600000, 0.587658
0.400000, 1.600000, 0.736130
0.450000, 1.600000, 0.917442
0.500000, 1.600000, 1.124327
0.550000, 1.600000, 1.336175
0.600000, 1.600000, 1.521488
0.650000, 1.600000, 1.643501
0.700000, 1.600000, 1.667844
0.750000, 1.600000, 1.570554
0.800000, 1.600000, 1.344597
0.850000, 1.600000, 1.003320
0.900000, 1.600000, 0.579892
0.950000, 1.600000, 0.122718
1.000000, 1.600000, -0.312315
1.050000, 1.600000, -0.671186
1.100000, 1.600000, -0.910741
1.150000, 1.600000, -1.005501
1.200000, 1.600000, -0.950971
1.250000, 1.600000, -0.762911
1.300000, 1.600000, -0.472963
1.350000, 1.600000, -0.121811
1.400000, 1.600000, 0.248474
1.450000, 1.600000, 0.601152
1.500000, 1.600000, 0.909222
1.550000, 1.600000, 1.156776
1.600000, 1.600000, 1.337403
1.650000, 1.600000, 1.450479
1.700000, 1.600000, 1.496705
1.750000, 1.600000, 1.474386
1.800000, 1.600000, 1.377667
1.850000, 1.600000, 1.197347
1.900000, 1.600000, 0.924138
1.950000, 1.600000, 0.553482
2.000000, 1.600000, 0.090516
0.000000, 1.650000, -1.032313
0.050000, 1.650000, -0.860039
0.100000, 1.650000, -0.707066
0.150000, 1.650000, -0.586015
0.200000, 1.650000, -0.499094
0.250000, 1.650000, -0.436941
0.300000, 1.650000, -0.381133
0.350000, 1.650000, -0.309776
0.400000, 1.650000, -0.204699
0.450000, 1.650000, -0.058249
0.500000, 1.650000, 0.122285
0.550000, 1.650000, 0.314020
0.600000, 1.650000, 0.482069
0.650000, 1.650000, 0.586721
0.700000, 1.650000, 0.592583
0.750000, 1.650000, 0.477526
0.800000, 1.650000, 0.239185
0.850000, 1.650000, -0.102630
0.900000, 1.650000, -0.508333
0.950000, 1.650000, -0.925323
1.000000, 1.650000, -1.297593
1.050000, 1.650000, -1.576025
1.100000, 1.650000, -1.727049
1.150000, 1.650000, -1.737781
1.200000, 1.650000, -1.616665
1.250000, 1.650000, -1.389739
1.300000, 1.650000, -1.093711
1.350000, 1.650000, -0.767737
1.400000, 1.650000, -0.446008
1.450000, 1.650000, -0.152921
1.500000, 1.650000, 0.098221
1.550000, 1.650000, 0.303015
1.600000, 1.650000, 0.461323
1.650000, 1.650000, 0.571883
1.700000, 1.650000, 0.628048
1.750000, 1.650000, 0.616172
1.800000, 1.650000, 0.517362
1.850000, 1.650000, 0.312325
1.900000, 1.650000, -0.011956
1.950000, 1.650000, -0.455556
2.000000, 1.650000, -1.000981
0.000000, 1.700000, -1.573266
0.050000, 1.700000, -1.405192
0.100000, 1.700000, -1.270354
0.150000, 1.700000, -1.181765
0.200000, 1.700000, -1.139501
0.250000, 1.700000, -1.129642
0.300000, 1.700000, -1.127697
0.350000, 1.700000, -1.105681
0.400000, 1.700000, -1.040866
0.450000, 1.700000, -0.923706
0.500000, 1.700000, -0.762555
0.550000, 1.700000, -0.583612
0.600000, 1.700000, -0.425842
0.650000, 1.700000, -0.331979
0.700000, 1.700000, -0.337831
0.750000, 1.700000, -0.462661
0.800000, 1.700000, -0.703153
0.850000, 1.700000, -1.032616
0.900000, 1.700000, -1.405714
0.950000, 1.700000, -1.767563
1.000000, 1.700000, -2.064972
1.050000, 1.700000, -2.257011
1.100000, 1.700000, -2.322378
1.150000, 1.700000, -2.261909
1.200000, 1.700000, -2.095892
1.250000, 1.700000, -1.857229
1.300000, 1.700000, -1.582549
1.350000, 1.700000, -1.303804
1.400000, 1.700000, -1.042621
1.450000, 1.700000, -0.808778
1.500000, 1.700000, -0.602894
1.550000, 1.700000, -0.422161
1.600000, 1.700000, -0.267040
1.650000, 1.700000, -0.146541
1.700000, 1.700000, -0.080157
1.750000, 1.700000, -0.095499
1.800000, 1.700000, -0.221993
1.850000, 1.700000, -0.482247
1.900000, 1.700000, -0.883480
1.950000, 1.700000, -1.411556
2.000000, 1.700000, -2.029584
0.000000, 1.750000, -1.722725
0.050000, 1.750000, -1.570156
0.100000, 1.750000, -1.463843
0.150000, 1.750000, -1.416628
0.200000, 1.750000, -1.425785
0.250000, 1.750000, -1.472151
0.300000, 1.750000, -1.524679
0.350000, 1.750000, -1.549198
0.400000, 1.750000, -1.518874
0.450000, 1.750000, -1.423215
0.500000, 1.750000, -1.272831
0.550000, 1.750000, -1.098314
0.600000, 1.750000, -0.943279
0.650000, 1.750000, -0.853317
0.700000, 1.750000, -0.863822
0.750000, 1.750000, -0.990031
0.800000, 1.750000, -1.222061
0.850000, 1.750000, -1.526328
0.900000, 1.750000, -1.853000
0.950000, 1.750000, -2.147433
1.000000, 1.750000, -2.362505
1.050000, 1.750000, -2.468548
1.100000, 1.750000, -2.458346
1.150000, 1.750000, -2.346128
1.200000, 1.750000, -2.161212
1.250000, 1.750000, -1.938471
1.300000, 1.750000, -1.708616
1.350000, 1.750000, -1.491217
1.400000, 1.750000, -1.292435
1.450000, 1.750000, -1.107907
1.500000, 1.750000, -0.929595
1.550000, 1.750000, -0.754120
1.600000, 1.750000, -0.589635
1.650000, 1.750000, -0.458695
1.700000, 1.750000, -0.395777
1.750000, 1.750000, -0.439804
1.800000, 1.750000, -0.623568
1.850000, 1.750000, -0.963042
1.900000, 1.750000, -1.449759
1.950000, 1.750000, -2.048683
2.000000, 1.750000, -2.702563
0.000000, 1.800000, -1.396772
0.050000, 1.800000, -1.269958
0.100000, 1.800000, -1.200944
0.150000, 1.800000, -1.201918
0.200000, 1.800000, -1.266774
0.250000, 1.800000, -1.370552
0.300000, 1.800000, -1.475315
0.350000, 1.800000, -1.540836
0.400000, 1.800000, -1.536856
0.450000, 1.800000, -1.453085
0.500000, 1.800000, -1.303704
0.550000, 1.800000, -1.124734
0.600000, 1.800000, -0.964831
0.650000, 1.800000, -0.872015
0.700000, 1.800000, -0.880196
0.750000, 1.800000, -0.999383
0.800000, 1.800000, -1.212461
0.850000, 1.800000, -1.479436
0.900000, 1.800000, -1.747859
0.950000, 1.800000, -1.966320
1.000000, 1.800000, -2.097077
1.050000, 1.800000, -2.124212
1.100000, 1.800000, -2.055162
1.150000, 1.800000, -1.915561
1.200000, 1.800000, -1.739337
1.250000, 1.800000, -1.557468
1.300000, 1.800000, -1.389071
1.350000, 1.800000, -1.237654
1.400000, 1.800000, -1.093612
1.450000, 1.800000, -0.941957
1.500000, 1.800000, -0.772524
1.550000, 1.800000, -0.589004
1.600000, 1.800000, -0.413501
1.650000, 1.800000, -0.284650
1.700000, 1.800000, -0.249417
1.750000, 1.800000, -0.350714
1.800000, 1.800000, -0.614430
1.850000, 1.800000, -1.039789
1.900000, 1.800000, -1.596092
1.950000, 1.800000, -2.227087
2.000000, 1.800000, -2.861987
0.000000, 1.850000, -0.700821
0.050000, 1.850000, -0.608394
0.100000, 1.850000, -0.583362
0.150000, 1.850000, -0.636880
0.200000, 1.850000, -0.759005
0.250000, 1.850000, -0.918557
0.300000, 1.850000, -1.070558
0.350000, 1.850000, -1.169060
0.400000, 1.850000, -1.181289
0.450000, 1.850000, -1.098485
0.500000, 1.850000, -0.939766
0.550000, 1.850000, -0.747528
0.600000, 1.850000, -0.575606
0.650000, 1.850000, -0.473733
0.700000, 1.850000, -0.473062
0.750000, 1.850000, -0.577202
0.800000, 1.850000, -0.761479
0.850000, 1.850000, -0.980531
0.900000, 1.850000, -1.181749
0.950000, 1.850000, -1.320250
1.000000, 1.850000, -1.370706
1.050000, 1.850000, -1.332468
1.100000, 1.850000, -1.226669
1.150000, 1.850000, -1.086672
1.200000, 1.850000, -0.945352
1.250000, 1.850000, -0.823704
1.300000, 1.850000, -0.724694
1.350000, 1.850000, -0.634459
1.400000, 1.850000, -0.530347
1.450000, 1.850000, -0.392962
1.500000, 1.850000, -0.217865
1.550000, 1.850000, -0.022670
1.600000, 1.850000, 0.153344
1.650000, 1.850000, 0.257478
1.700000, 1.850000, 0.237494
1.750000, 1.850000, 0.056977
1.800000, 1.850000, -0.292624
1.850000, 1.850000, -0.787114
1.900000, 1.850000, -1.373529
1.950000, 1.850000, -1.981898
2.000000, 1.850000, -2.541372
0.000000, 1.900000, 0.107304
0.050000, 1.900000, 0.158804
0.100000, 1.900000, 0.135622
0.150000, 1.900000, 0.027890
0.200000, 1.900000, -0.150284
0.250000, 1.900000, -0.361226
0.300000, 1.900000, -0.552939
0.350000, 1.900000, -0.674295
0.400000, 1.900000, -0.691118
0.450000, 1.900000, -0.597641
0.500000, 1.900000, -0.419288
0.550000, 1.900000, -0.205603
0.600000, 1.900000, -0.015452
0.650000, 1.900000, 0.100751
0.700000, 1.900000, 0.116029
0.750000, 1.900000, 0.034215
0.800000, 1.900000, -0.112554
0.850000, 1.900000, -0.275191
0.900000, 1.900000, -0.403865
0.950000, 1.900000, -0.463554
1.000000, 1.900000, -0.443753
1.050000, 1.900000, -0.359297
1.100000, 1.900000, -0.242387
1.150000, 1.900000, -0.128967
1.200000, 1.900000, -0.044555
1.250000, 1.900000, 0.005265
1.300000, 1.900000, 0.036194
1.350000, 1.900000, 0.077850
1.400000, 1.900000, 0.160321
1.450000, 1.900000, 0.299485
1.500000, 1.900000, 0.486529
1.550000, 1.900000, 0.685746
1.600000, 1.900000, 0.841868
1.650000, 1.900000, 0.894929
1.700000, 1.900000, 0.797993
1.750000, 1.900000, 0.531993
1.800000, 1.900000, 0.112805
1.850000, 1.900000, -0.411797
1.900000, 1.900000, -0.974368
1.950000, 1.900000, -1.505228
2.000000, 1.900000, -1.949531
0.000000, 1.950000, 0.713038
0.050000, 1.950000, 0.719525
0.100000, 1.950000, 0.646575
0.150000, 1.950000, 0.485719
0.200000, 1.950000, 0.255427
0.250000, 1.950000, 0.000001
0.300000, 1.950000, -0.221733
0.350000, 1.950000, -0.354206
0.400000, 1.950000, -0.363123
0.450000, 1.950000, -0.247261
0.500000, 1.950000, -0.039655
0.550000, 1.950000, 0.202467
0.600000, 1.950000, 0.415696
0.650000, 1.950000, 0.550256
0.700000, 1.950000, 0.584851
0.750000, 1.950000, 0.531574
0.800000, 1.950000, 0.429407
0.850000, 1.950000, 0.328947
0.900000, 1.950000, 0.273978
0.950000, 1.950000, 0.286586
1.000000, 1.950000, 0.361025
1.050000, 1.950000, 0.468296
1.100000, 1.950000, 0.569386
1.150000, 1.950000, 0.631957
1.200000, 1.950000, 0.644009
1.250000, 1.950000, 0.619208
1.300000, 1.950000, 0.591713
1.350000, 1.950000, 0.602260
1.400000, 1.950000, 0.680619
1.450000, 1.950000, 0.830986
1.500000, 1.950000, 1.025963
1.550000, 1.950000, 1.211734
1.600000, 1.950000, 1.323064
1.650000, 1.950000, 1.303182
1.700000, 1.950000, 1.121771
1.750000, 1.950000, 0.784921
1.800000, 1.950000, 0.333663
1.850000, 1.950000, -0.168313
1.900000, 1.950000, -0.653376
1.950000, 1.950000, -1.068601
2.000000, 1.950000, -1.388012
0.000000, 2.000000, 0.863107
0.050000, 2.000000, 0.823171
0.100000, 2.000000, 0.701649
0.150000, 2.000000, 0.491446
0.200000, 2.000000, 0.215458
0.250000, 2.000000, -0.075383
0.300000, 2.000000, -0.315771
0.350000, 2.000000, -0.446598
0.400000, 2.000000, -0.434877
0.450000, 2.000000, -0.285508
0.500000, 2.000000, -0.040311
0.550000, 2.000000, 0.235562
0.600000, 2.000000, 0.475009
0.650000, 2.000000, 0.630478
0.700000, 2.000000, 0.687863
0.750000, 2.000000, 0.667986
0.800000, 2.000000, 0.615501
0.850000, 2.000000, 0.579771
0.900000, 2.000000, 0.595169
0.950000, 2.000000, 0.668346
1.000000, 2.000000, 0.777160
1.050000, 2.000000, 0.881412
1.100000, 2.000000, 0.940901
1.150000, 2.000000, 0.933487
1.200000, 2.000000, 0.865819
1.250000, 2.000000, 0.772271
1.300000, 2.000000, 0.702207
1.350000, 2.000000, 0.700280
1.400000, 2.000000, 0.787311
1.450000, 2.000000, 0.949196
1.500000, 2.000000, 1.138381
1.550000, 2.000000, 1.287766
1.600000, 2.000000, 1.332197
1.650000, 2.000000, 1.229856
1.700000, 2.000000, 0.975842
1.750000, 2.000000, 0.603141
1.800000, 2.000000, 0.170862
1.850000, 2.000000, -0.255687
1.900000, 2.000000, -0.625578
1.950000, 2.000000, -0.915912
2.000000, 2.000000, -1.133786
