0.000000, 0.000000, 2.546647
0.050000, 0.000000, 2.701010
0.100000, 0.000000, 2.848062
0.150000, 0.000000, 2.983503
0.200000, 0.000000, 3.103245
0.250000, 0.000000, 3.203512
0.300000, 0.000000, 3.280932
0.350000, 0.000000, 3.332620
0.400000, 0.000000, 3.356248
0.450000, 0.000000, 3.350106
0.500000, 0.000000, 3.313136
0.550000, 0.000000, 3.244966
0.600000, 0.000000, 3.145913
0.650000, 0.000000, 3.016977
0.700000, 0.000000, 2.859814
0.750000, 0.000000, 2.676699
0.800000, 0.000000, 2.470462
0.850000, 0.000000, 2.244426
0.900000, 0.000000, 2.002317
0.950000, 0.000000, 1.748176
1.000000, 0.000000, 1.486259
1.050000, 0.000000, 1.220930
1.100000, 0.000000, 0.956550
1.150000, 0.000000, 0.697375
1.200000, 0.000000, 0.447446
1.250000, 0.000000, 0.210491
1.300000, 0.000000, -0.010169
1.350000, 0.000000, -0.211702
1.400000, 0.000000, -0.391836
1.450000, 0.000000, -0.548912
1.500000, 0.000000, -0.681932
1.550000, 0.000000, -0.790578
1.600000, 0.000000, -0.875223
1.650000, 0.000000, -0.936923
1.700000, 0.000000, -0.977390
1.750000, 0.000000, -0.998952
1.800000, 0.000000, -1.004492
1.850000, 0.000000, -0.997384
1.900000, 0.000000, -0.981403
1.950000, 0.000000, -0.960638
2.000000, 0.000000, -0.939387
0.000000, 0.050000, 2.585067
0.050000, 0.050000, 2.737437
0.100000, 0.050000, 2.882490
0.150000, 0.050000, 3.015926
0.200000, 0.050000, 3.133653
0.250000, 0.050000, 3.231892
0.300000, 0.050000, 3.307270
0.350000, 0.050000, 3.356897
0.400000, 0.050000, 3.378446
0.450000, 0.050000, 3.370202
0.500000, 0.050000, 3.331107
0.550000, 0.050000, 3.260786
0.600000, 0.050000, 3.159554
0.650000, 0.050000, 3.028410
0.700000, 0.050000, 2.869009
0.750000, 0.050000, 2.683624
0.800000, 0.050000, 2.475086
0.850000, 0.050000, 2.246715
0.900000, 0.050000, 2.002238
0.950000, 0.050000, 1.745696
1.000000, 0.050000, 1.481345
1.050000, 0.050000, 1.213548
1.100000, 0.050000, 0.946668
1.150000, 0.050000, 0.684962
1.200000, 0.050000, 0.432471
1.250000, 0.050000, 0.192925
1.300000, 0.050000, -0.030355
1.350000, 0.050000, -0.234533
1.400000, 0.050000, -0.417335
1.450000, 0.050000, -0.577103
1.500000, 0.050000, -0.712833
1.550000, 0.050000, -0.824206
1.600000, 0.050000, -0.911593
1.650000, 0.050000, -0.976047
1.700000, 0.050000, -1.019276
1.750000, 0.050000, -1.043604
1.800000, 0.050000, -1.051914
1.850000, 0.050000, -1.047573
1.900000, 0.050000, -1.034356
1.950000, 0.050000, -1.016346
2.000000, 0.050000, -0.997839
0.000000, 0.100000, 2.517341
0.050000, 0.100000, 2.667712
0.100000, 0.100000, 2.810762
0.150000, 0.100000, 2.942188
0.200000, 0.100000, 3.057899
0.250000, 0.100000, 3.154114
0.300000, 0.100000, 3.227460
0.350000, 0.100000, 3.275049
0.400000, 0.100000, 3.294550
0.450000, 0.100000, 3.284250
0.500000, 0.100000, 3.243091
0.550000, 0.100000, 3.170698
0.600000, 0.100000, 3.067388
0.650000, 0.100000, 2.934158
0.700000, 0.100000, 2.772666
0.750000, 0.100000, 2.585186
0.800000, 0.100000, 2.374548
0.850000, 0.100000, 2.144076
0.900000, 0.100000, 1.897498
0.950000, 0.100000, 1.638858
1.000000, 0.100000, 1.372412
1.050000, 0.100000, 1.102526
1.100000, 0.100000, 0.833568
1.150000, 0.100000, 0.569796
1.200000, 0.100000, 0.315254
1.250000, 0.100000, 0.073676
1.300000, 0.100000, -0.151612
1.350000, 0.100000, -0.357773
1.400000, 0.100000, -0.542529
1.450000, 0.100000, -0.704214
1.500000, 0.100000, -0.841824
1.550000, 0.100000, -0.955034
1.600000, 0.100000, -1.044210
1.650000, 0.100000, -1.110400
1.700000, 0.100000, -1.155308
1.750000, 0.100000, -1.181254
1.800000, 0.100000, -1.191114
1.850000, 0.100000, -1.188252
1.900000, 0.100000, -1.176436
1.950000, 0.100000, -1.159745
2.000000, 0.100000, -1.142471
0.000000, 0.150000, 2.360050
0.050000, 0.150000, 2.508416
0.100000, 0.150000, 2.649456
0.150000, 0.150000, 2.778871
0.200000, 0.150000, 2.892573
0.250000, 0.150000, 2.986787
0.300000, 0.150000, 3.058141
0.350000, 0.150000, 3.103750
0.400000, 0.150000, 3.121290
0.450000, 0.150000, 3.109050
0.500000, 0.150000, 3.065977
0.550000, 0.150000, 2.991700
0.600000, 0.150000, 2.886540
0.650000, 0.150000, 2.751500
0.700000, 0.150000, 2.588242
0.750000, 0.150000, 2.399044
0.800000, 0.150000, 2.186744
0.850000, 0.150000, 1.954669
0.900000, 0.150000, 1.706554
0.950000, 0.150000, 1.446447
1.000000, 0.150000, 1.178611
1.050000, 0.150000, 0.907419
1.100000, 0.150000, 0.637243
1.150000, 0.150000, 0.372348
1.200000, 0.150000, 0.116787
1.250000, 0.150000, -0.125703
1.300000, 0.150000, -0.351787
1.350000, 0.150000, -0.558623
1.400000, 0.150000, -0.743923
1.450000, 0.150000, -0.906017
1.500000, 0.150000, -1.043893
1.550000, 0.150000, -1.157218
1.600000, 0.150000, -1.246352
1.650000, 0.150000, -1.312335
1.700000, 0.150000, -1.356865
1.750000, 0.150000, -1.382254
1.800000, 0.150000, -1.391372
1.850000, 0.150000, -1.387575
1.900000, 0.150000, -1.374625
1.950000, 0.150000, -1.356595
2.000000, 0.150000, -1.337769
0.000000, 0.200000, 2.139020
0.050000, 0.200000, 2.285371
0.100000, 0.200000, 2.424394
0.150000, 0.200000, 2.551801
0.200000, 0.200000, 2.663513
0.250000, 0.200000, 2.755764
0.300000, 0.200000, 2.825191
0.350000, 0.200000, 2.868922
0.400000, 0.200000, 2.884640
0.450000, 0.200000, 2.870645
0.500000, 0.200000, 2.825894
0.550000, 0.200000, 2.750026
0.600000, 0.200000, 2.643372
0.650000, 0.200000, 2.506945
0.700000, 0.200000, 2.342418
0.750000, 0.200000, 2.152079
0.800000, 0.200000, 1.938775
0.850000, 0.200000, 1.705845
0.900000, 0.200000, 1.457033
0.950000, 0.200000, 1.196397
1.000000, 0.200000, 0.928213
1.050000, 0.200000, 0.656861
1.100000, 0.200000, 0.386725
1.150000, 0.200000, 0.122079
1.200000, 0.200000, -0.133013
1.250000, 0.200000, -0.374805
1.300000, 0.200000, -0.599953
1.350000, 0.200000, -0.805604
1.400000, 0.200000, -0.989461
1.450000, 0.200000, -1.149847
1.500000, 0.200000, -1.285737
1.550000, 0.200000, -1.396793
1.600000, 0.200000, -1.483365
1.650000, 0.200000, -1.546486
1.700000, 0.200000, -1.587846
1.750000, 0.200000, -1.609749
1.800000, 0.200000, -1.615058
1.850000, 0.200000, -1.607124
1.900000, 0.200000, -1.589702
1.950000, 0.200000, -1.566859
2.000000, 0.200000, -1.542875
0.000000, 0.250000, 1.886792
0.050000, 0.250000, 2.031116
0.100000, 0.250000, 2.168116
0.150000, 0.250000, 2.293520
0.200000, 0.250000, 2.403269
0.250000, 0.250000, 2.493614
0.300000, 0.250000, 2.561210
0.350000, 0.250000, 2.603201
0.400000, 0.250000, 2.617290
0.450000, 0.250000, 2.601793
0.500000, 0.250000, 2.555684
0.550000, 0.250000, 2.478619
0.600000, 0.250000, 2.370947
0.650000, 0.250000, 2.233698
0.700000, 0.250000, 2.068561
0.750000, 0.250000, 1.877838
0.800000, 0.250000, 1.664396
0.850000, 0.250000, 1.431585
0.900000, 0.250000, 1.183167
0.950000, 0.250000, 0.923215
1.000000, 0.250000, 0.656016
1.050000, 0.250000, 0.385967
1.100000, 0.250000, 0.117462
1.150000, 0.250000, -0.145209
1.200000, 0.250000, -0.397974
1.250000, 0.250000, -0.637072
1.300000, 0.250000, -0.859150
1.350000, 0.250000, -1.061345
1.400000, 0.250000, -1.241352
1.450000, 0.250000, -1.397484
1.500000, 0.250000, -1.528710
1.550000, 0.250000, -1.634684
1.600000, 0.250000, -1.715750
1.650000, 0.250000, -1.772938
1.700000, 0.250000, -1.807931
1.750000, 0.250000, -1.823033
1.800000, 0.250000, -1.821103
1.850000, 0.250000, -1.805492
1.900000, 0.250000, -1.779954
1.950000, 0.250000, -1.748558
2.000000, 0.250000, -1.715585
0.000000, 0.300000, 1.639438
0.050000, 0.300000, 1.781718
0.100000, 0.300000, 1.916687
0.150000, 0.300000, 2.040099
0.200000, 0.300000, 2.147922
0.250000, 0.300000, 2.236435
0.300000, 0.300000, 2.302322
0.350000, 0.300000, 2.342752
0.400000, 0.300000, 2.355455
0.450000, 0.300000, 2.338774
0.500000, 0.300000, 2.291708
0.550000, 0.300000, 2.213940
0.600000, 0.300000, 2.105841
0.650000, 0.300000, 1.968465
0.700000, 0.300000, 1.803524
0.750000, 0.300000, 1.613344
0.800000, 0.300000, 1.400810
0.850000, 0.300000, 1.169294
0.900000, 0.300000, 0.922575
0.950000, 0.300000, 0.664744
1.000000, 0.300000, 0.400105
1.050000, 0.300000, 0.133068
1.100000, 0.300000, -0.131956
1.150000, 0.300000, -0.390668
1.200000, 0.300000, -0.638983
1.250000, 0.300000, -0.873133
1.300000, 0.300000, -1.089758
1.350000, 0.300000, -1.285986
1.400000, 0.300000, -1.459510
1.450000, 0.300000, -1.608639
1.500000, 0.300000, -1.732342
1.550000, 0.300000, -1.830275
1.600000, 0.300000, -1.902783
1.650000, 0.300000, -1.950901
1.700000, 0.300000, -1.976319
1.750000, 0.300000, -1.981348
1.800000, 0.300000, -1.968858
1.850000, 0.300000, -1.942210
1.900000, 0.300000, -1.905172
1.950000, 0.300000, -1.861830
2.000000, 0.300000, -1.816480
0.000000, 0.350000, 1.433024
0.050000, 0.350000, 1.573245
0.100000, 0.350000, 1.706174
0.150000, 0.350000, 1.827607
0.200000, 0.350000, 1.933551
0.250000, 0.350000, 2.020325
0.300000, 0.350000, 2.084650
0.350000, 0.350000, 2.123736
0.400000, 0.350000, 2.135347
0.450000, 0.350000, 2.117863
0.500000, 0.350000, 2.070320
0.550000, 0.350000, 1.992431
0.600000, 0.350000, 1.884601
0.650000, 0.350000, 1.747915
0.700000, 0.350000, 1.584111
0.750000, 0.350000, 1.395544
0.800000, 0.350000, 1.185121
0.850000, 0.350000, 0.956238
0.900000, 0.350000, 0.712694
0.950000, 0.350000, 0.458598
1.000000, 0.350000, 0.198267
1.050000, 0.350000, -0.063873
1.100000, 0.350000, -0.323405
1.150000, 0.350000, -0.576022
1.200000, 0.350000, -0.817633
1.250000, 0.350000, -1.044470
1.300000, 0.350000, -1.253172
1.350000, 0.350000, -1.440875
1.400000, 0.350000, -1.605277
1.450000, 0.350000, -1.744697
1.500000, 0.350000, -1.858119
1.550000, 0.350000, -1.945211
1.600000, 0.350000, -2.006341
1.650000, 0.350000, -2.042563
1.700000, 0.350000, -2.055593
1.750000, 0.350000, -2.047768
1.800000, 0.350000, -2.021989
1.850000, 0.350000, -1.981648
1.900000, 0.350000, -1.930549
1.950000, 0.350000, -1.872814
2.000000, 0.350000, -1.812779
0.000000, 0.400000, 1.300083
0.050000, 0.400000, 1.438224
0.100000, 0.400000, 1.569106
0.150000, 0.400000, 1.688578
0.200000, 0.400000, 1.792700
0.250000, 0.400000, 1.877845
0.300000, 0.400000, 1.940784
0.350000, 0.400000, 1.978778
0.400000, 0.400000, 1.989640
0.450000, 0.400000, 1.971796
0.500000, 0.400000, 1.924326
0.550000, 0.400000, 1.846984
0.600000, 0.400000, 1.740216
0.650000, 0.400000, 1.605140
0.700000, 0.400000, 1.443529
0.750000, 0.400000, 1.257765
0.800000, 0.400000, 1.050782
0.850000, 0.400000, 0.825998
0.900000, 0.400000, 0.587227
0.950000, 0.400000, 0.338592
1.000000, 0.400000, 0.084421
1.050000, 0.400000, -0.170857
1.100000, 0.400000, -0.422823
1.150000, 0.400000, -0.667175
1.200000, 0.400000, -0.899832
1.250000, 0.400000, -1.117037
1.300000, 0.400000, -1.315449
1.350000, 0.400000, -1.492223
1.400000, 0.400000, -1.645085
1.450000, 0.400000, -1.772386
1.500000, 0.400000, -1.873143
1.550000, 0.400000, -1.947065
1.600000, 0.400000, -1.994562
1.650000, 0.400000, -2.016734
1.700000, 0.400000, -2.015348
1.750000, 0.400000, -1.992795
1.800000, 0.400000, -1.952031
1.850000, 0.400000, -1.896510
1.900000, 0.400000, -1.830096
1.950000, 0.400000, -1.756976
2.000000, 0.400000, -1.681553
0.000000, 0.450000, 1.266428
0.050000, 0.450000, 1.402467
0.100000, 0.450000, 1.531293
0.150000, 0.450000, 1.648825
0.200000, 0.450000, 1.751193
0.250000, 0.450000, 1.834834
0.300000, 0.450000, 1.896590
0.350000, 0.450000, 1.933782
0.400000, 0.450000, 1.944283
0.450000, 0.450000, 1.926579
0.500000, 0.450000, 1.879799
0.550000, 0.450000, 1.803750
0.600000, 0.450000, 1.698920
0.650000, 0.450000, 1.566467
0.700000, 0.450000, 1.408197
0.750000, 0.450000, 1.226522
0.800000, 0.450000, 1.024397
0.850000, 0.450000, 0.805255
0.900000, 0.450000, 0.572924
0.950000, 0.450000, 0.331528
1.000000, 0.450000, 0.085393
1.050000, 0.450000, -0.161064
1.100000, 0.450000, -0.403438
1.150000, 0.450000, -0.637450
1.200000, 0.450000, -0.859048
1.250000, 0.450000, -1.064512
1.300000, 0.450000, -1.250542
1.350000, 0.450000, -1.414342
1.400000, 0.450000, -1.553691
1.450000, 0.450000, -1.666999
1.500000, 0.450000, -1.753348
1.550000, 0.450000, -1.812517
1.600000, 0.450000, -1.844989
1.650000, 0.450000, -1.851942
1.700000, 0.450000, -1.835225
1.750000, 0.450000, -1.797313
1.800000, 0.450000, -1.741249
1.850000, 0.450000, -1.670576
1.900000, 0.450000, -1.589249
1.950000, 0.450000, -1.501546
2.000000, 0.450000, -1.411963
0.000000, 0.500000, 1.348618
0.050000, 0.500000, 1.482533
0.100000, 0.500000, 1.609295
0.150000, 0.500000, 1.724912
0.200000, 0.500000, 1.825602
0.250000, 0.500000, 1.907886
0.300000, 0.500000, 1.968685
0.350000, 0.500000, 2.005398
0.400000, 0.500000, 2.015973
0.450000, 0.500000, 1.998960
0.500000, 0.500000, 1.953551
0.550000, 0.500000, 1.879607
0.600000, 0.500000, 1.777663
0.650000, 0.500000, 1.648917
0.700000, 0.500000, 1.495209
0.750000, 0.500000, 1.318971
0.800000, 0.500000, 1.123174
0.850000, 0.500000, 0.911258
0.900000, 0.500000, 0.687043
0.950000, 0.500000, 0.454644
1.000000, 0.500000, 0.218362
1.050000, 0.500000, -0.017416
1.100000, 0.500000, -0.248326
1.150000, 0.500000, -0.470139
1.200000, 0.500000, -0.678862
1.250000, 0.500000, -0.870840
1.300000, 0.500000, -1.042846
1.350000, 0.500000, -1.192169
1.400000, 0.500000, -1.316673
1.450000, 0.500000, -1.414864
1.500000, 0.500000, -1.485923
1.550000, 0.500000, -1.529734
1.600000, 0.500000, -1.546887
1.650000, 0.500000, -1.538672
1.700000, 0.500000, -1.507051
1.750000, 0.500000, -1.454614
1.800000, 0.500000, -1.384520
1.850000, 0.500000, -1.300425
1.900000, 0.500000, -1.206399
1.950000, 0.500000, -1.106830
2.000000, 0.500000, -1.006320
0.000000, 0.550000, 1.552344
0.050000, 0.550000, 1.684107
0.100000, 0.550000, 1.808797
0.150000, 0.550000, 1.922531
0.200000, 0.550000, 2.021629
0.250000, 0.550000, 2.102717
0.300000, 0.550000, 2.162812
0.350000, 0.550000, 2.199405
0.400000, 0.550000, 2.210528
0.450000, 0.550000, 2.194806
0.500000, 0.550000, 2.151502
0.550000, 0.550000, 2.080534
0.600000, 0.550000, 1.982483
0.650000, 0.550000, 1.858585
0.700000, 0.550000, 1.710704
0.750000, 0.550000, 1.541285
0.800000, 0.550000, 1.353300
0.850000, 0.550000, 1.150175
0.900000, 0.550000, 0.935707
0.950000, 0.550000, 0.713973
1.000000, 0.550000, 0.489225
1.050000, 0.550000, 0.265787
1.100000, 0.550000, 0.047950
1.150000, 0.550000, -0.160141
1.200000, 0.550000, -0.354587
1.250000, 0.550000, -0.531838
1.300000, 0.550000, -0.688781
1.350000, 0.550000, -0.822822
1.400000, 0.550000, -0.931957
1.450000, 0.550000, -1.014820
1.500000, 0.550000, -1.070732
1.550000, 0.550000, -1.099713
1.600000, 0.550000, -1.102496
1.650000, 0.550000, -1.080513
1.700000, 0.550000, -1.035865
1.750000, 0.550000, -0.971279
1.800000, 0.550000, -0.890048
1.850000, 0.550000, -0.795955
1.900000, 0.550000, -0.693191
1.950000, 0.550000, -0.586257
2.000000, 0.550000, -0.479858
0.000000, 0.600000, 1.871860
0.050000, 0.600000, 2.001444
0.100000, 0.600000, 2.124056
0.150000, 0.600000, 2.235940
0.200000, 0.600000, 2.333544
0.250000, 0.600000, 2.413614
0.300000, 0.600000, 2.473282
0.350000, 0.600000, 2.510144
0.400000, 0.600000, 2.522328
0.450000, 0.600000, 2.508545
0.500000, 0.600000, 2.468127
0.550000, 0.600000, 2.401052
0.600000, 0.600000, 2.307944
0.650000, 0.600000, 2.190070
0.700000, 0.600000, 2.049302
0.750000, 0.600000, 1.888083
0.800000, 0.600000, 1.709365
0.850000, 0.600000, 1.516536
0.900000, 0.600000, 1.313339
0.950000, 0.600000, 1.103781
1.000000, 0.600000, 0.892029
1.050000, 0.600000, 0.682308
1.100000, 0.600000, 0.478795
1.150000, 0.600000, 0.285508
1.200000, 0.600000, 0.106209
1.250000, 0.600000, -0.055698
1.300000, 0.600000, -0.197257
1.350000, 0.600000, -0.316035
1.400000, 0.600000, -0.410195
1.450000, 0.600000, -0.478540
1.500000, 0.600000, -0.520560
1.550000, 0.600000, -0.536447
1.600000, 0.600000, -0.527097
1.650000, 0.600000, -0.494102
1.700000, 0.600000, -0.439717
1.750000, 0.600000, -0.366813
1.800000, 0.600000, -0.278815
1.850000, 0.600000, -0.179627
1.900000, 0.600000, -0.073544
1.950000, 0.600000, 0.034845
2.000000, 0.600000, 0.140762
0.000000, 0.650000, 2.290549
0.050000, 0.650000, 2.417925
0.100000, 0.650000, 2.538451
0.150000, 0.650000, 2.648525
0.200000, 0.650000, 2.744743
0.250000, 0.650000, 2.823990
0.300000, 0.650000, 2.883532
0.350000, 0.650000, 2.921083
0.400000, 0.650000, 2.934878
0.450000, 0.650000, 2.923717
0.500000, 0.650000, 2.887007
0.550000, 0.650000, 2.824779
0.600000, 0.650000, 2.737695
0.650000, 0.650000, 2.627032
0.700000, 0.650000, 2.494658
0.750000, 0.650000, 2.342988
0.800000, 0.650000, 2.174923
0.850000, 0.650000, 1.993781
0.900000, 0.650000, 1.803216
0.950000, 0.650000, 1.607122
1.000000, 0.650000, 1.409539
1.050000, 0.650000, 1.214547
1.100000, 0.650000, 1.026162
1.150000, 0.650000, 0.848230
1.200000, 0.650000, 0.684328
1.250000, 0.650000, 0.537669
1.300000, 0.650000, 0.411011
1.350000, 0.650000, 0.306584
1.400000, 0.650000, 0.226028
1.450000, 0.650000, 0.170336
1.500000, 0.650000, 0.139828
1.550000, 0.650000, 0.134126
1.600000, 0.650000, 0.152159
1.650000, 0.650000, 0.192173
1.700000, 0.650000, 0.251769
1.750000, 0.650000, 0.327951
1.800000, 0.650000, 0.417189
1.850000, 0.650000, 0.515495
1.900000, 0.650000, 0.618517
1.950000, 0.650000, 0.721634
2.000000, 0.650000, 0.820063
0.000000, 0.700000, 2.782544
0.050000, 0.700000, 2.907682
0.100000, 0.700000, 3.026117
0.150000, 0.700000, 3.134425
0.200000, 0.700000, 3.229373
0.250000, 0.700000, 3.308010
0.300000, 0.700000, 3.367749
0.350000, 0.700000, 3.406437
0.400000, 0.700000, 3.422424
0.450000, 0.700000, 3.414605
0.500000, 0.700000, 3.382456
0.550000, 0.700000, 3.326056
0.600000, 0.700000, 3.246085
0.650000, 0.700000, 3.143816
0.700000, 0.700000, 3.021084
0.750000, 0.700000, 2.880243
0.800000, 0.700000, 2.724108
0.850000, 0.700000, 2.555887
0.900000, 0.700000, 2.379095
0.950000, 0.700000, 2.197470
1.000000, 0.700000, 2.014873
1.050000, 0.700000, 1.835188
1.100000, 0.700000, 1.662220
1.150000, 0.700000, 1.499594
1.200000, 0.700000, 1.350656
1.250000, 0.700000, 1.218383
1.300000, 0.700000, 1.105299
1.350000, 0.700000, 1.013403
1.400000, 0.700000, 0.944106
1.450000, 0.700000, 0.898190
1.500000, 0.700000, 0.875773
1.550000, 0.700000, 0.876297
1.600000, 0.700000, 0.898528
1.650000, 0.700000, 0.940579
1.700000, 0.700000, 0.999945
1.750000, 0.700000, 1.073550
1.800000, 0.700000, 1.157819
1.850000, 0.700000, 1.248756
1.900000, 0.700000, 1.342030
1.950000, 0.700000, 1.433082
2.000000, 0.700000, 1.517227
0.000000, 0.750000, 3.315259
0.050000, 0.750000, 3.438128
0.100000, 0.750000, 3.554467
0.150000, 0.750000, 3.661058
0.200000, 0.750000, 3.754864
0.250000, 0.750000, 3.833119
0.300000, 0.750000, 3.893399
0.350000, 0.750000, 3.933700
0.400000, 0.750000, 3.952491
0.450000, 0.750000, 3.948760
0.500000, 0.750000, 3.922049
0.550000, 0.750000, 3.872467
0.600000, 0.750000, 3.800697
0.650000, 0.750000, 3.707976
0.700000, 0.750000, 3.596073
0.750000, 0.750000, 3.467243
0.800000, 0.750000, 3.324169
0.850000, 0.750000, 3.169896
0.900000, 0.750000, 3.007753
0.950000, 0.750000, 2.841266
1.000000, 0.750000, 2.674060
1.050000, 0.750000, 2.509772
1.100000, 0.750000, 2.351944
1.150000, 0.750000, 2.203931
1.200000, 0.750000, 2.068808
1.250000, 0.750000, 1.949281
1.300000, 0.750000, 1.847611
1.350000, 0.750000, 1.765548
1.400000, 0.750000, 1.704273
1.450000, 0.750000, 1.664355
1.500000, 0.750000, 1.645733
1.550000, 0.750000, 1.647696
1.600000, 0.750000, 1.668897
1.650000, 0.750000, 1.707370
1.700000, 0.750000, 1.760573
1.750000, 0.750000, 1.825437
1.800000, 0.750000, 1.898439
1.850000, 0.750000, 1.975678
1.900000, 0.750000, 2.052964
1.950000, 0.750000, 2.125923
2.000000, 0.750000, 2.190096
0.000000, 0.800000, 3.852573
0.050000, 0.800000, 3.973140
0.100000, 0.800000, 4.087380
0.150000, 0.800000, 4.192308
0.200000, 0.800000, 4.285111
0.250000, 0.800000, 4.363227
0.300000, 0.800000, 4.424415
0.350000, 0.800000, 4.466828
0.400000, 0.800000, 4.489059
0.450000, 0.800000, 4.490186
0.500000, 0.800000, 4.469803
0.550000, 0.800000, 4.428033
0.600000, 0.800000, 4.365529
0.650000, 0.800000, 4.283462
0.700000, 0.800000, 4.183490
0.750000, 0.800000, 4.067719
0.800000, 0.800000, 3.938650
0.850000, 0.800000, 3.799111
0.900000, 0.800000, 3.652183
0.950000, 0.800000, 3.501120
1.000000, 0.800000, 3.349260
1.050000, 0.800000, 3.199933
1.100000, 0.800000, 3.056373
1.150000, 0.800000, 2.921623
1.200000, 0.800000, 2.798452
1.250000, 0.800000, 2.689277
1.300000, 0.800000, 2.596085
1.350000, 0.800000, 2.520380
1.400000, 0.800000, 2.463128
1.450000, 0.800000, 2.424723
1.500000, 0.800000, 2.404967
1.550000, 0.800000, 2.403064
1.600000, 0.800000, 2.417630
1.650000, 0.800000, 2.446714
1.700000, 0.800000, 2.487844
1.750000, 0.800000, 2.538078
1.800000, 0.800000, 2.594071
1.850000, 0.800000, 2.652155
1.900000, 0.800000, 2.708425
1.950000, 0.800000, 2.758835
2.000000, 0.800000, 2.799298
0.000000, 0.850000, 4.358365
0.050000, 0.850000, 4.476598
0.100000, 0.850000, 4.588736
0.150000, 0.850000, 4.692062
0.200000, 0.850000, 4.784009
0.250000, 0.850000, 4.862244
0.300000, 0.850000, 4.924727
0.350000, 0.850000, 4.969774
0.400000, 0.850000, 4.996102
0.450000, 0.850000, 5.002873
0.500000, 0.850000, 4.989714
0.550000, 0.850000, 4.956736
0.600000, 0.850000, 4.904528
0.650000, 0.850000, 4.834148
0.700000, 0.850000, 4.747096
0.750000, 0.850000, 4.645275
0.800000, 0.850000, 4.530939
0.850000, 0.850000, 4.406637
0.900000, 0.850000, 4.275143
0.950000, 0.850000, 4.139379
1.000000, 0.850000, 4.002335
1.050000, 0.850000, 3.866990
1.100000, 0.850000, 3.736225
1.150000, 0.850000, 3.612743
1.200000, 0.850000, 3.498991
1.250000, 0.850000, 3.397090
1.300000, 0.850000, 3.308770
1.350000, 0.850000, 3.235316
1.400000, 0.850000, 3.177528
1.450000, 0.850000, 3.135688
1.500000, 0.850000, 3.109548
1.550000, 0.850000, 3.098322
1.600000, 0.850000, 3.100703
1.650000, 0.850000, 3.114884
1.700000, 0.850000, 3.138604
1.750000, 0.850000, 3.169191
1.800000, 0.850000, 3.203636
1.850000, 0.850000, 3.238657
1.900000, 0.850000, 3.270789
1.950000, 0.850000, 3.296465
2.000000, 0.850000, 3.312111
0.000000, 0.900000, 4.800044
0.050000, 0.900000, 4.915909
0.100000, 0.900000, 5.025947
0.150000, 0.900000, 5.127734
0.200000, 0.900000, 5.218985
0.250000, 0.900000, 5.297614
0.300000, 0.900000, 5.361796
0.350000, 0.900000, 5.410018
0.400000, 0.900000, 5.441119
0.450000, 0.900000, 5.454329
0.500000, 0.900000, 5.449288
0.550000, 0.900000, 5.426057
0.600000, 0.900000, 5.385120
0.650000, 0.900000, 5.327371
0.700000, 0.900000, 5.254093
0.750000, 0.900000, 5.166920
0.800000, 0.900000, 5.067799
0.850000, 0.900000, 4.958931
0.900000, 0.900000, 4.842717
0.950000, 0.900000, 4.721689
1.000000, 0.900000, 4.598439
1.050000, 0.900000, 4.475553
1.100000, 0.900000, 4.355530
1.150000, 0.900000, 4.240720
1.200000, 0.900000, 4.133252
1.250000, 0.900000, 4.034974
1.300000, 0.900000, 3.947398
1.350000, 0.900000, 3.871653
1.400000, 0.900000, 3.808455
1.450000, 0.900000, 3.758075
1.500000, 0.900000, 3.720329
1.550000, 0.900000, 3.694577
1.600000, 0.900000, 3.679736
1.650000, 0.900000, 3.674301
1.700000, 0.900000, 3.676381
1.750000, 0.900000, 3.683746
1.800000, 0.900000, 3.693882
1.850000, 0.900000, 3.704053
1.900000, 0.900000, 3.711377
1.950000, 0.900000, 3.712897
2.000000, 0.900000, 3.705659
0.000000, 0.950000, 5.151737
0.050000, 0.950000, 5.265201
0.100000, 0.950000, 5.373140
0.150000, 0.950000, 5.473461
0.200000, 0.950000, 5.564184
0.250000, 0.950000, 5.643496
0.300000, 0.950000, 5.709799
0.350000, 0.950000, 5.761755
0.400000, 0.950000, 5.798318
0.450000, 0.950000, 5.818767
0.500000, 0.950000, 5.822722
0.550000, 0.950000, 5.810156
0.600000, 0.950000, 5.781395
0.650000, 0.950000, 5.737111
0.700000, 0.950000, 5.678302
0.750000, 0.950000, 5.606266
0.800000, 0.950000, 5.522570
0.850000, 0.950000, 5.429001
0.900000, 0.950000, 5.327523
0.950000, 0.950000, 5.220223
1.000000, 0.950000, 5.109256
1.050000, 0.950000, 4.996782
1.100000, 0.950000, 4.884913
1.150000, 0.950000, 4.775653
1.200000, 0.950000, 4.670840
1.250000, 0.950000, 4.572104
1.300000, 0.950000, 4.480812
1.350000, 0.950000, 4.398036
1.400000, 0.950000, 4.324520
1.450000, 0.950000, 4.260662
1.500000, 0.950000, 4.206493
1.550000, 0.950000, 4.161685
1.600000, 0.950000, 4.125549
1.650000, 0.950000, 4.097056
1.700000, 0.950000, 4.074862
1.750000, 0.950000, 4.057342
1.800000, 0.950000, 4.042634
1.850000, 0.950000, 4.028683
1.900000, 0.950000, 4.013301
1.950000, 0.950000, 3.994223
2.000000, 0.950000, 3.969167
0.000000, 1.000000, 5.396820
0.050000, 1.000000, 5.507849
0.100000, 1.000000, 5.613693
0.150000, 1.000000, 5.712625
0.200000, 1.000000, 5.802999
0.250000, 1.000000, 5.883296
0.300000, 1.000000, 5.952160
0.350000, 1.000000, 6.008424
0.400000, 1.000000, 6.051147
0.450000, 1.000000, 6.079631
0.500000, 1.000000, 6.093440
0.550000, 1.000000, 6.092407
0.600000, 1.000000, 6.076643
0.650000, 1.000000, 6.046527
0.700000, 1.000000, 6.002704
0.750000, 1.000000, 5.946061
0.800000, 1.000000, 5.877709
0.850000, 1.000000, 5.798956
0.900000, 1.000000, 5.711272
0.950000, 1.000000, 5.616255
1.000000, 1.000000, 5.515589
1.050000, 1.000000, 5.411003
1.100000, 1.000000, 5.304232
1.150000, 1.000000, 5.196969
1.200000, 1.000000, 5.090827
1.250000, 1.000000, 4.987297
1.300000, 1.000000, 4.887715
1.350000, 1.000000, 4.793225
1.400000, 1.000000, 4.704755
1.450000, 1.000000, 4.622990
1.500000, 1.000000, 4.548362
1.550000, 1.000000, 4.481033
1.600000, 1.000000, 4.420897
1.650000, 1.000000, 4.367578
1.700000, 1.000000, 4.320446
1.750000, 1.000000, 4.278627
1.800000, 1.000000, 4.241030
1.850000, 1.000000, 4.206369
1.900000, 1.000000, 4.173204
1.950000, 1.000000, 4.139967
2.000000, 1.000000, 4.105009
0.000000, 1.050000, 5.529537
0.050000, 1.050000, 5.638098
0.100000, 1.050000, 5.741855
0.150000, 1.050000, 5.839479
0.200000, 1.050000, 5.929694
0.250000, 1.050000, 6.011294
0.300000, 1.050000, 6.083170
0.350000, 1.050000, 6.144330
0.400000, 1.050000, 6.193915
0.450000, 1.050000, 6.231221
0.500000, 1.050000, 6.255709
0.550000, 1.050000, 6.267016
0.600000, 1.050000, 6.264969
0.650000, 1.050000, 6.249582
0.700000, 1.050000, 6.221065
0.750000, 1.050000, 6.179819
0.800000, 1.050000, 6.126429
0.850000, 1.050000, 6.061658
0.900000, 1.050000, 5.986432
0.950000, 1.050000, 5.901828
1.000000, 1.050000, 5.809050
1.050000, 1.050000, 5.709410
1.100000, 1.050000, 5.604303
1.150000, 1.050000, 5.495183
1.200000, 1.050000, 5.383527
1.250000, 1.050000, 5.270814
1.300000, 1.050000, 5.158490
1.350000, 1.050000, 5.047938
1.400000, 1.050000, 4.940448
1.450000, 1.050000, 4.837191
1.500000, 1.050000, 4.739188
1.550000, 1.050000, 4.647287
1.600000, 1.050000, 4.562143
1.650000, 1.050000, 4.484199
1.700000, 1.050000, 4.413669
1.750000, 1.050000, 4.350534
1.800000, 1.050000, 4.294536
1.850000, 1.050000, 4.245174
1.900000, 1.050000, 4.201715
1.950000, 1.050000, 4.163206
2.000000, 1.050000, 4.128484
0.000000, 1.100000, 5.555563
0.050000, 1.100000, 5.661625
0.100000, 1.100000, 5.763303
0.150000, 1.100000, 5.859709
0.200000, 1.100000, 5.949964
0.250000, 1.100000, 6.033196
0.300000, 1.100000, 6.108552
0.350000, 1.100000, 6.175204
0.400000, 1.100000, 6.232355
0.450000, 1.100000, 6.279254
0.500000, 1.100000, 6.315205
0.550000, 1.100000, 6.339585
0.600000, 1.100000, 6.351861
0.650000, 1.100000, 6.351603
0.700000, 1.100000, 6.338504
0.750000, 1.100000, 6.312397
0.800000, 1.100000, 6.273275
0.850000, 1.100000, 6.221299
0.900000, 1.100000, 6.156816
0.950000, 1.100000, 6.080365
1.000000, 1.100000, 5.992685
1.050000, 1.100000, 5.894710
1.100000, 1.100000, 5.787569
1.150000, 1.100000, 5.672574
1.200000, 1.100000, 5.551202
1.250000, 1.100000, 5.425072
1.300000, 1.100000, 5.295921
1.350000, 1.100000, 5.165562
1.400000, 1.100000, 5.035855
1.450000, 1.100000, 4.908656
1.500000, 1.100000, 4.785775
1.550000, 1.100000, 4.668928
1.600000, 1.100000, 4.559687
1.650000, 1.100000, 4.459434
1.700000, 1.100000, 4.369314
1.750000, 1.100000, 4.290192
1.800000, 1.100000, 4.222620
1.850000, 1.100000, 4.166801
1.900000, 1.100000, 4.122574
1.950000, 1.100000, 4.089392
2.000000, 1.100000, 4.066325
0.000000, 1.150000, 5.491446
0.050000, 1.150000, 5.594976
0.100000, 1.150000, 5.694588
0.150000, 1.150000, 5.789872
0.200000, 1.150000, 5.880376
0.250000, 1.150000, 5.965582
0.300000, 1.150000, 6.044898
0.350000, 1.150000, 6.117646
0.400000, 1.150000, 6.183061
0.450000, 1.150000, 6.240299
0.500000, 1.150000, 6.288449
0.550000, 1.150000, 6.326552
0.600000, 1.150000, 6.353632
0.650000, 1.150000, 6.368729
0.700000, 1.150000, 6.370935
0.750000, 1.150000, 6.359442
0.800000, 1.150000, 6.333583
0.850000, 1.150000, 6.292875
0.900000, 1.150000, 6.237064
0.950000, 1.150000, 6.166162
1.000000, 1.150000, 6.080479
1.050000, 1.150000, 5.980647
1.100000, 1.150000, 5.867632
1.150000, 1.150000, 5.742743
1.200000, 1.150000, 5.607621
1.250000, 1.150000, 5.464215
1.300000, 1.150000, 5.314757
1.350000, 1.150000, 5.161706
1.400000, 1.150000, 5.007703
1.450000, 1.150000, 4.855492
1.500000, 1.150000, 4.707857
1.550000, 1.150000, 4.567529
1.600000, 1.150000, 4.437110
1.650000, 1.150000, 4.318981
1.700000, 1.150000, 4.215217
1.750000, 1.150000, 4.127512
1.800000, 1.150000, 4.057102
1.850000, 1.150000, 4.004706
1.900000, 1.150000, 3.970473
1.950000, 1.150000, 3.953952
2.000000, 1.150000, 3.954078
0.000000, 1.200000, 5.362980
0.050000, 1.200000, 5.463948
0.100000, 1.200000, 5.561509
0.150000, 1.200000, 5.655773
0.200000, 1.200000, 5.746745
0.250000, 1.200000, 5.834280
0.300000, 1.200000, 5.918045
0.350000, 1.200000, 5.997496
0.400000, 1.200000, 6.071866
0.450000, 1.200000, 6.140163
0.500000, 1.200000, 6.201189
0.550000, 1.200000, 6.253569
0.600000, 1.200000, 6.295796
0.650000, 1.200000, 6.326290
0.700000, 1.200000, 6.343459
0.750000, 1.200000, 6.345781
0.800000, 1.200000, 6.331875
0.850000, 1.200000, 6.300586
0.900000, 1.200000, 6.251059
0.950000, 1.200000, 6.182813
1.000000, 1.200000, 6.095800
1.050000, 1.200000, 5.990453
1.100000, 1.200000, 5.867722
1.150000, 1.200000, 5.729083
1.200000, 1.200000, 5.576537
1.250000, 1.200000, 5.412582
1.300000, 1.200000, 5.240165
1.350000, 1.200000, 5.062617
1.400000, 1.200000, 4.883565
1.450000, 1.200000, 4.706829
1.500000, 1.200000, 4.536306
1.550000, 1.200000, 4.375846
1.600000, 1.200000, 4.229119
1.650000, 1.200000, 4.099480
1.700000, 1.200000, 3.989845
1.750000, 1.200000, 3.902566
1.800000, 1.200000, 3.839327
1.850000, 1.200000, 3.801052
1.900000, 1.200000, 3.787840
1.950000, 1.200000, 3.798919
2.000000, 1.200000, 3.832632
0.000000, 1.250000, 5.202679
0.050000, 1.250000, 5.301055
0.100000, 1.250000, 5.396585
0.150000, 1.250000, 5.489938
0.200000, 1.250000, 5.581607
0.250000, 1.250000, 5.671835
0.300000, 1.250000, 5.760548
0.350000, 1.250000, 5.847313
0.400000, 1.250000, 5.931315
0.450000, 1.250000, 6.011353
0.500000, 1.250000, 6.085865
0.550000, 1.250000, 6.152971
0.600000, 1.250000, 6.210542
0.650000, 1.250000, 6.256284
0.700000, 1.250000, 6.287840
0.750000, 1.250000, 6.302908
0.800000, 1.250000, 6.299353
0.850000, 1.250000, 6.275338
0.900000, 1.250000, 6.229434
0.950000, 1.250000, 6.160730
1.000000, 1.250000, 6.068924
1.050000, 1.250000, 5.954394
1.100000, 1.250000, 5.818246
1.150000, 1.250000, 5.662332
1.200000, 1.250000, 5.489236
1.250000, 1.250000, 5.302237
1.300000, 1.250000, 5.105233
1.350000, 1.250000, 4.902637
1.400000, 1.250000, 4.699251
1.450000, 1.250000, 4.500112
1.500000, 1.250000, 4.310323
1.550000, 1.250000, 4.134875
1.600000, 1.250000, 3.978456
1.650000, 1.250000, 3.845274
1.700000, 1.250000, 3.738876
1.750000, 1.250000, 3.661992
1.800000, 1.250000, 3.616402
1.850000, 1.250000, 3.602824
1.900000, 1.250000, 3.620847
1.950000, 1.250000, 3.668892
2.000000, 1.250000, 3.744219
0.000000, 1.300000, 5.046589
0.050000, 1.300000, 5.142347
0.100000, 1.300000, 5.235867
0.150000, 1.300000, 5.328424
0.200000, 1.300000, 5.421030
0.250000, 1.300000, 5.514328
0.300000, 1.300000, 5.608495
0.350000, 1.300000, 5.703182
0.400000, 1.300000, 5.797475
0.450000, 1.300000, 5.889895
0.500000, 1.300000, 5.978429
0.550000, 1.300000, 6.060599
0.600000, 1.300000, 6.133554
0.650000, 1.300000, 6.194197
0.700000, 1.300000, 6.239328
0.750000, 1.300000, 6.265809
0.800000, 1.300000, 6.270733
0.850000, 1.300000, 6.251589
0.900000, 1.300000, 6.206429
0.950000, 1.300000, 6.134009
1.000000, 1.300000, 6.033913
1.050000, 1.300000, 5.906641
1.100000, 1.300000, 5.753666
1.150000, 1.300000, 5.577444
1.200000, 1.300000, 5.381390
1.250000, 1.300000, 5.169804
1.300000, 1.300000, 4.947756
1.350000, 1.300000, 4.720935
1.400000, 1.300000, 4.495461
1.450000, 1.300000, 4.277671
1.500000, 1.300000, 4.073888
1.550000, 1.300000, 3.890172
1.600000, 1.300000, 3.732081
1.650000, 1.300000, 3.604432
1.700000, 1.300000, 3.511083
1.750000, 1.300000, 3.454752
1.800000, 1.300000, 3.436860
1.850000, 1.300000, 3.457429
1.900000, 1.300000, 3.515020
1.950000, 1.300000, 3.606740
2.000000, 1.300000, 3.728284
0.000000, 1.350000, 4.930761
0.050000, 1.350000, 5.023873
0.100000, 1.350000, 5.115410
0.150000, 1.350000, 5.207293
0.200000, 1.350000, 5.301084
0.250000, 1.350000, 5.397837
0.300000, 1.350000, 5.497971
0.350000, 1.350000, 5.601184
0.400000, 1.350000, 5.706405
0.450000, 1.350000, 5.811799
0.500000, 1.350000, 5.914812
0.550000, 1.350000, 6.012262
0.600000, 1.350000, 6.100480
0.650000, 1.350000, 6.175475
0.700000, 1.350000, 6.233136
0.750000, 1.350000, 6.269451
0.800000, 1.350000, 6.280732
0.850000, 1.350000, 6.263839
0.900000, 1.350000, 6.216389
0.950000, 1.350000, 6.136937
1.000000, 1.350000, 6.025127
1.050000, 1.350000, 5.881793
1.100000, 1.350000, 5.709012
1.150000, 1.350000, 5.510098
1.200000, 1.350000, 5.289547
1.250000, 1.350000, 5.052913
1.300000, 1.350000, 4.806639
1.350000, 1.350000, 4.557839
1.400000, 1.350000, 4.314034
1.450000, 1.350000, 4.082866
1.500000, 1.350000, 3.871792
1.550000, 1.350000, 3.687769
1.600000, 1.350000, 3.536953
1.650000, 1.350000, 3.424418
1.700000, 1.350000, 3.353907
1.750000, 1.350000, 3.327636
1.800000, 1.350000, 3.346144
1.850000, 1.350000, 3.408217
1.900000, 1.350000, 3.510877
1.950000, 1.350000, 3.649434
2.000000, 1.350000, 3.817624
0.000000, 1.400000, 4.887710
0.050000, 1.400000, 4.978153
0.100000, 1.400000, 5.067738
0.150000, 1.400000, 5.159075
0.200000, 1.400000, 5.254309
0.250000, 1.400000, 5.354913
0.300000, 1.400000, 5.461530
0.350000, 1.400000, 5.573864
0.400000, 1.400000, 5.690625
0.450000, 1.400000, 5.809532
0.500000, 1.400000, 5.927390
0.550000, 1.400000, 6.040211
0.600000, 1.400000, 6.143404
0.650000, 1.400000, 6.232001
0.700000, 1.400000, 6.300922
0.750000, 1.400000, 6.345257
0.800000, 1.400000, 6.360562
0.850000, 1.400000, 6.343133
0.900000, 1.400000, 6.290273
0.950000, 1.400000, 6.200504
1.000000, 1.400000, 6.073739
1.050000, 1.400000, 5.911386
1.100000, 1.400000, 5.716387
1.150000, 1.400000, 5.493176
1.200000, 1.400000, 5.247577
1.250000, 1.400000, 4.986609
1.300000, 1.400000, 4.718248
1.350000, 1.400000, 4.451116
1.400000, 1.400000, 4.194142
1.450000, 1.400000, 3.956179
1.500000, 1.400000, 3.745627
1.550000, 1.400000, 3.570049
1.600000, 1.400000, 3.435818
1.650000, 1.400000, 3.347805
1.700000, 1.400000, 3.309121
1.750000, 1.400000, 3.320927
1.800000, 1.400000, 3.382328
1.850000, 1.400000, 3.490350
1.900000, 1.400000, 3.640004
1.950000, 1.400000, 3.824440
2.000000, 1.400000, 4.035185
0.000000, 1.450000, 4.943237
0.050000, 1.450000, 5.030989
0.100000, 1.450000, 5.118656
0.150000, 1.450000, 5.209585
0.200000, 1.450000, 5.306528
0.250000, 1.450000, 5.411385
0.300000, 1.450000, 5.525005
0.350000, 1.450000, 5.647048
0.400000, 1.450000, 5.775928
0.450000, 1.450000, 5.908828
0.500000, 1.450000, 6.041802
0.550000, 1.450000, 6.169951
0.600000, 1.450000, 6.287662
0.650000, 1.450000, 6.388913
0.700000, 1.450000, 6.467610
0.750000, 1.450000, 6.517944
0.800000, 1.450000, 6.534761
0.850000, 1.450000, 6.513898
0.900000, 1.450000, 6.452497
0.950000, 1.450000, 6.349249
1.000000, 1.450000, 6.204579
1.050000, 1.450000, 6.020733
1.100000, 1.450000, 5.801791
1.150000, 1.450000, 5.553570
1.200000, 1.450000, 5.283444
1.250000, 1.450000, 5.000073
1.300000, 1.450000, 4.713062
1.350000, 1.450000, 4.432553
1.400000, 1.450000, 4.168783
1.450000, 1.450000, 3.931621
1.500000, 1.450000, 3.730100
1.550000, 1.450000, 3.571986
1.600000, 1.450000, 3.463384
1.650000, 1.450000, 3.408419
1.700000, 1.450000, 3.408991
1.750000, 1.450000, 3.464640
1.800000, 1.450000, 3.572503
1.850000, 1.450000, 3.727391
1.900000, 1.450000, 3.921962
1.950000, 1.450000, 4.147008
2.000000, 1.450000, 4.391816
0.000000, 1.500000, 5.113898
0.050000, 1.500000, 5.198939
0.100000, 1.500000, 5.284726
0.150000, 1.500000, 5.375390
0.200000, 1.500000, 5.474318
0.250000, 1.500000, 5.583839
0.300000, 1.500000, 5.704982
0.350000, 1.500000, 5.837307
0.400000, 1.500000, 5.978851
0.450000, 1.500000, 6.126159
0.500000, 1.500000, 6.274424
0.550000, 1.500000, 6.417720
0.600000, 1.500000, 6.549322
0.650000, 1.500000, 6.662086
0.700000, 1.500000, 6.748873
0.750000, 1.500000, 6.803002
0.800000, 1.500000, 6.818685
0.850000, 1.500000, 6.791438
0.900000, 1.500000, 6.718431
0.950000, 1.500000, 6.598761
1.000000, 1.500000, 6.433631
1.050000, 1.500000, 6.226410
1.100000, 1.500000, 5.982591
1.150000, 1.500000, 5.709615
1.200000, 1.500000, 5.416602
1.250000, 1.500000, 5.113965
1.300000, 1.500000, 4.812959
1.350000, 1.500000, 4.525159
1.400000, 1.500000, 4.261911
1.450000, 1.500000, 4.033780
1.500000, 1.500000, 3.850016
1.550000, 1.500000, 3.718079
1.600000, 1.500000, 3.643240
1.650000, 1.500000, 3.628278
1.700000, 1.500000, 3.673299
1.750000, 1.500000, 3.775680
1.800000, 1.500000, 3.930146
1.850000, 1.500000, 4.128971
1.900000, 1.500000, 4.362312
1.950000, 1.500000, 4.618631
2.000000, 1.500000, 4.885213
0.000000, 1.550000, 5.405378
0.050000, 1.550000, 5.487692
0.100000, 1.550000, 5.571642
0.150000, 1.550000, 5.662190
0.200000, 1.550000, 5.763388
0.250000, 1.550000, 5.877991
0.300000, 1.550000, 6.007175
0.350000, 1.550000, 6.150340
0.400000, 1.550000, 6.305055
0.450000, 1.550000, 6.467116
0.500000, 1.550000, 6.630739
0.550000, 1.550000, 6.788865
0.600000, 1.550000, 6.933562
0.650000, 1.550000, 7.056510
0.700000, 1.550000, 7.149522
0.750000, 1.550000, 7.205091
0.800000, 1.550000, 7.216909
0.850000, 1.550000, 7.180338
0.900000, 1.550000, 7.092805
0.950000, 1.550000, 6.954079
1.000000, 1.550000, 6.766428
1.050000, 1.550000, 6.534636
1.100000, 1.550000, 6.265870
1.150000, 1.550000, 5.969414
1.200000, 1.550000, 5.656268
1.250000, 1.550000, 5.338643
1.300000, 1.550000, 5.029370
1.350000, 1.550000, 4.741262
1.400000, 1.550000, 4.486459
1.450000, 1.550000, 4.275792
1.500000, 1.550000, 4.118205
1.550000, 1.550000, 4.020266
1.600000, 1.550000, 3.985791
1.650000, 1.550000, 4.015611
1.700000, 1.550000, 4.107489
1.750000, 1.550000, 4.256197
1.800000, 1.550000, 4.453745
1.850000, 1.550000, 4.689757
1.900000, 1.550000, 4.951970
1.950000, 1.550000, 5.226829
2.000000, 1.550000, 5.500145
0.000000, 1.600000, 5.811935
0.050000, 1.600000, 5.891508
0.100000, 1.600000, 5.973669
0.150000, 1.600000, 6.064259
0.200000, 1.600000, 6.168018
0.250000, 1.600000, 6.288127
0.300000, 1.600000, 6.425869
0.350000, 1.600000, 6.580413
0.400000, 1.600000, 6.748761
0.450000, 1.600000, 6.925847
0.500000, 1.600000, 7.104789
0.550000, 1.600000, 7.277283
0.600000, 1.600000, 7.434114
0.650000, 1.600000, 7.565744
0.700000, 1.600000, 7.662956
0.750000, 1.600000, 7.717494
0.800000, 1.600000, 7.722677
0.850000, 1.600000, 7.673921
0.900000, 1.600000, 7.569167
0.950000, 1.600000, 7.409145
1.000000, 1.600000, 7.197494
1.050000, 1.600000, 6.940694
1.100000, 1.600000, 6.647831
1.150000, 1.600000, 6.330197
1.200000, 1.600000, 6.000743
1.250000, 1.600000, 5.673427
1.300000, 1.600000, 5.362481
1.350000, 1.600000, 5.081648
1.400000, 1.600000, 4.843430
1.450000, 1.600000, 4.658393
1.500000, 1.600000, 4.534569
1.550000, 1.600000, 4.476993
1.600000, 1.600000, 4.487406
1.650000, 1.600000, 4.564129
1.700000, 1.600000, 4.702133
1.750000, 1.600000, 4.893296
1.800000, 1.600000, 5.126821
1.850000, 1.600000, 5.389814
1.900000, 1.600000, 5.667960
1.950000, 1.600000, 5.946286
2.000000, 1.600000, 6.209948
0.000000, 1.650000, 6.316959
0.050000, 1.650000, 6.393778
0.100000, 1.650000, 6.474203
0.150000, 1.650000, 6.565000
0.200000, 1.650000, 6.671621
0.250000, 1.650000, 6.797664
0.300000, 1.650000, 6.944475
0.350000, 1.650000, 7.110915
0.400000, 1.650000, 7.293313
0.450000, 1.650000, 7.485617
0.500000, 1.650000, 7.679727
0.550000, 1.650000, 7.865990
0.600000, 1.650000, 8.033833
0.650000, 1.650000, 8.172482
0.700000, 1.650000, 8.271731
0.750000, 1.650000, 8.322691
0.800000, 1.650000, 8.318485
0.850000, 1.650000, 8.254827
0.900000, 1.650000, 8.130456
0.950000, 1.650000, 7.947376
1.000000, 1.650000, 7.710899
1.050000, 1.650000, 7.429473
1.100000, 1.650000, 7.114303
1.150000, 1.650000, 6.778791
1.200000, 1.650000, 6.437828
1.250000, 1.650000, 6.106969
1.300000, 1.650000, 5.801555
1.350000, 1.650000, 5.535837
1.400000, 1.650000, 5.322142
1.450000, 1.650000, 5.170151
1.500000, 1.650000, 5.086330
1.550000, 1.650000, 5.073537
1.600000, 1.650000, 5.130853
1.650000, 1.650000, 5.253629
1.700000, 1.650000, 5.433757
1.750000, 1.650000, 5.660141
1.800000, 1.650000, 5.919342
1.850000, 1.650000, 6.196362
1.900000, 1.650000, 6.475498
1.950000, 1.650000, 6.741241
2.000000, 1.650000, 6.979138
0.000000, 1.700000, 6.894593
0.050000, 1.700000, 6.968651
0.100000, 1.700000, 7.047396
0.150000, 1.700000, 7.138572
0.200000, 1.700000, 7.248363
0.250000, 1.700000, 7.380772
0.300000, 1.700000, 7.537159
0.350000, 1.700000, 7.715986
0.400000, 1.700000, 7.912800
0.450000, 1.700000, 8.120436
0.500000, 1.700000, 8.329450
0.550000, 1.700000, 8.528740
0.600000, 1.700000, 8.706319
0.650000, 1.700000, 8.850181
0.700000, 1.700000, 8.949199
0.750000, 1.700000, 8.993996
0.800000, 1.700000, 8.977717
0.850000, 1.700000, 8.896648
0.900000, 1.700000, 8.750638
0.950000, 1.700000, 8.543284
1.000000, 1.700000, 8.281869
1.050000, 1.700000, 7.977045
1.100000, 1.700000, 7.642284
1.150000, 1.700000, 7.293129
1.200000, 1.700000, 6.946295
1.250000, 1.700000, 6.618672
1.300000, 1.700000, 6.326309
1.350000, 1.700000, 6.083428
1.400000, 1.700000, 5.901559
1.450000, 1.700000, 5.788826
1.500000, 1.700000, 5.749453
1.550000, 1.700000, 5.783517
1.600000, 1.700000, 5.886959
1.650000, 1.700000, 6.051859
1.700000, 1.700000, 6.266951
1.750000, 1.700000, 6.518347
1.800000, 1.700000, 6.790416
1.850000, 1.700000, 7.066763
1.900000, 1.700000, 7.331234
1.950000, 1.700000, 7.568892
2.000000, 1.700000, 7.766888
0.000000, 1.750000, 7.512267
0.050000, 1.750000, 7.583558
0.100000, 1.750000, 7.660686
0.150000, 1.750000, 7.752418
0.200000, 1.750000, 7.865695
0.250000, 1.750000, 8.004906
0.300000, 1.750000, 8.171366
0.350000, 1.750000, 8.363047
0.400000, 1.750000, 8.574589
0.450000, 1.750000, 8.797584
0.500000, 1.750000, 9.021123
0.550000, 1.750000, 9.232562
0.600000, 1.750000, 9.418459
0.650000, 1.750000, 9.565598
0.700000, 1.750000, 9.662039
0.750000, 1.750000, 9.698096
0.800000, 1.750000, 9.667186
0.850000, 1.750000, 9.566471
0.900000, 1.750000, 9.397238
0.950000, 1.750000, 9.165000
1.000000, 1.750000, 8.879286
1.050000, 1.750000, 8.553146
1.100000, 1.750000, 8.202398
1.150000, 1.750000, 7.844660
1.200000, 1.750000, 7.498252
1.250000, 1.750000, 7.181024
1.300000, 1.750000, 6.909213
1.350000, 1.750000, 6.696392
1.400000, 1.750000, 6.552601
1.450000, 1.750000, 6.483710
1.500000, 1.750000, 6.491070
1.550000, 1.750000, 6.571460
1.600000, 1.750000, 6.717357
1.650000, 1.750000, 6.917478
1.700000, 1.750000, 7.157582
1.750000, 1.750000, 7.421457
1.800000, 1.750000, 7.692020
1.850000, 1.750000, 7.952458
1.900000, 1.750000, 8.187325
1.950000, 1.750000, 8.383510
2.000000, 1.750000, 8.531022
0.000000, 1.800000, 8.133879
0.050000, 1.800000, 8.202401
0.100000, 1.800000, 8.277979
0.150000, 1.800000, 8.370453
0.200000, 1.800000, 8.487538
0.250000, 1.800000, 8.633988
0.300000, 1.800000, 8.811008
0.350000, 1.800000, 9.015979
0.400000, 1.800000, 9.242506
0.450000, 1.800000, 9.480801
0.500000, 1.800000, 9.718370
0.550000, 1.800000, 9.940946
0.600000, 1.800000, 10.133610
0.650000, 1.800000, 10.281989
0.700000, 1.800000, 10.373461
0.750000, 1.800000, 10.398251
0.800000, 1.800000, 10.350332
0.850000, 1.800000, 10.228068
0.900000, 1.800000, 10.034526
0.950000, 1.800000, 9.777444
1.000000, 1.800000, 9.468841
1.050000, 1.800000, 9.124300
1.100000, 1.800000, 8.761978
1.150000, 1.800000, 8.401403
1.200000, 1.800000, 8.062165
1.250000, 1.800000, 7.762586
1.300000, 1.800000, 7.518474
1.350000, 1.800000, 7.342053
1.400000, 1.800000, 7.241155
1.450000, 1.800000, 7.218726
1.500000, 1.800000, 7.272688
1.550000, 1.800000, 7.396161
1.600000, 1.800000, 7.578035
1.650000, 1.800000, 7.803832
1.700000, 1.800000, 8.056804
1.750000, 1.800000, 8.319172
1.800000, 1.800000, 8.573413
1.850000, 1.800000, 8.803497
1.900000, 1.800000, 8.995977
1.950000, 1.800000, 9.140856
2.000000, 1.800000, 9.232151
0.000000, 1.850000, 8.723331
0.050000, 1.850000, 8.789086
0.100000, 1.850000, 8.863185
0.150000, 1.850000, 8.956594
0.200000, 1.850000, 9.077816
0.250000, 1.850000, 9.231943
0.300000, 1.850000, 9.420000
0.350000, 1.850000, 9.638664
0.400000, 1.850000, 9.880371
0.450000, 1.850000, 10.133818
0.500000, 1.850000, 10.384808
0.550000, 1.850000, 10.617383
0.600000, 1.850000, 10.815142
0.650000, 1.850000, 10.962639
0.700000, 1.850000, 11.046741
0.750000, 1.850000, 11.057833
0.800000, 1.850000, 10.990760
0.850000, 1.850000, 10.845434
0.900000, 1.850000, 10.627042
0.950000, 1.850000, 10.345837
1.000000, 1.850000, 10.016524
1.050000, 1.850000, 9.657282
1.100000, 1.850000, 9.288504
1.150000, 1.850000, 8.931350
1.200000, 1.850000, 8.606234
1.250000, 1.850000, 8.331353
1.300000, 1.850000, 8.121386
1.350000, 1.850000, 7.986470
1.400000, 1.850000, 7.931521
1.450000, 1.850000, 7.955957
1.500000, 1.850000, 8.053857
1.550000, 1.850000, 8.214517
1.600000, 1.850000, 8.423371
1.650000, 1.850000, 8.663196
1.700000, 1.850000, 8.915495
1.750000, 1.850000, 9.161954
1.800000, 1.850000, 9.385841
1.850000, 1.850000, 9.573239
1.900000, 1.850000, 9.714020
1.950000, 1.850000, 9.802469
2.000000, 1.850000, 9.837527
0.000000, 1.900000, 9.248061
0.050000, 1.900000, 9.311052
0.100000, 1.900000, 9.383750
0.150000, 1.900000, 9.478292
0.200000, 1.900000, 9.603987
0.250000, 1.900000, 9.766230
0.300000, 1.900000, 9.965786
0.350000, 1.900000, 10.198511
0.400000, 1.900000, 10.455533
0.450000, 1.900000, 10.723893
0.500000, 1.900000, 10.987582
0.550000, 1.900000, 11.228895
0.600000, 1.900000, 11.429973
0.650000, 1.900000, 11.574409
0.700000, 1.900000, 11.648764
0.750000, 1.900000, 11.643868
0.800000, 1.900000, 11.555778
0.850000, 1.900000, 11.386314
0.900000, 1.900000, 11.143114
0.950000, 1.900000, 10.839204
1.000000, 1.900000, 10.492107
1.050000, 1.900000, 10.122572
1.100000, 1.900000, 9.753025
1.150000, 1.900000, 9.405866
1.200000, 1.900000, 9.101771
1.250000, 1.900000, 8.858124
1.300000, 1.900000, 8.687726
1.350000, 1.900000, 8.597878
1.400000, 1.900000, 8.589923
1.450000, 1.900000, 8.659277
1.500000, 1.900000, 8.795947
1.550000, 1.900000, 8.985479
1.600000, 1.900000, 9.210266
1.650000, 1.900000, 9.451081
1.700000, 1.900000, 9.688714
1.750000, 1.900000, 9.905570
1.800000, 1.900000, 10.087070
1.850000, 1.900000, 10.222768
1.900000, 1.900000, 10.307057
1.950000, 1.900000, 10.339426
2.000000, 1.900000, 10.324250
0.000000, 1.950000, 9.682226
0.050000, 1.950000, 9.742462
0.100000, 1.950000, 9.813840
0.150000, 1.950000, 9.909722
0.200000, 1.950000, 10.040230
0.250000, 1.950000, 10.211026
0.300000, 1.950000, 10.422529
0.350000, 1.950000, 10.669647
0.400000, 1.950000, 10.942054
0.450000, 1.950000, 11.224996
0.500000, 1.950000, 11.500552
0.550000, 1.950000, 11.749230
0.600000, 1.950000, 11.951762
0.650000, 1.950000, 12.090926
0.700000, 1.950000, 12.153217
0.750000, 1.950000, 12.130227
0.800000, 1.950000, 12.019588
0.850000, 1.950000, 11.825390
0.900000, 1.950000, 11.558034
0.950000, 1.950000, 11.233526
1.000000, 1.950000, 10.872270
1.050000, 1.950000, 10.497463
1.100000, 1.950000, 10.133243
1.150000, 1.950000, 9.802746
1.200000, 1.950000, 9.526249
1.250000, 1.950000, 9.319569
1.300000, 1.950000, 9.192846
1.350000, 1.950000, 9.149836
1.400000, 1.950000, 9.187760
1.450000, 1.950000, 9.297724
1.500000, 1.950000, 9.465666
1.550000, 1.950000, 9.673737
1.600000, 1.950000, 9.901993
1.650000, 1.950000, 10.130224
1.700000, 1.950000, 10.339773
1.750000, 1.950000, 10.515156
1.800000, 1.950000, 10.645349
1.850000, 1.950000, 10.724618
1.900000, 1.950000, 10.752827
1.950000, 1.950000, 10.735189
2.000000, 1.950000, 10.681510
0.000000, 2.000000, 10.009237
0.050000, 2.000000, 10.066728
0.100000, 2.000000, 10.136875
0.150000, 2.000000, 10.234309
0.200000, 2.000000, 10.369974
0.250000, 2.000000, 10.549759
0.300000, 2.000000, 10.773639
0.350000, 2.000000, 11.035441
0.400000, 2.000000, 11.323236
0.450000, 2.000000, 11.620339
0.500000, 2.000000, 11.906821
0.550000, 2.000000, 12.161388
0.600000, 2.000000, 12.363439
0.650000, 2.000000, 12.495115
0.700000, 2.000000, 12.543121
0.750000, 2.000000, 12.500159
0.800000, 2.000000, 12.365811
0.850000, 2.000000, 12.146795
0.900000, 2.000000, 11.856556
0.950000, 2.000000, 11.514230
1.000000, 2.000000, 11.143072
1.050000, 2.000000, 10.768501
1.100000, 2.000000, 10.415935
1.150000, 2.000000, 10.108630
1.200000, 2.000000, 9.865722
1.250000, 2.000000, 9.700656
1.300000, 2.000000, 9.620150
1.350000, 2.000000, 9.623785
1.400000, 2.000000, 9.704264
1.450000, 2.000000, 9.848291
1.500000, 2.000000, 10.038008
1.550000, 2.000000, 10.252814
1.600000, 2.000000, 10.471414
1.650000, 2.000000, 10.673881
1.700000, 2.000000, 10.843528
1.750000, 2.000000, 10.968427
1.800000, 2.000000, 11.042404
1.850000, 2.000000, 11.065436
1.900000, 2.000000, 11.043409
1.950000, 2.000000, 10.987269
2.000000, 2.000000, 10.911648
