0.000000, 0.000000, 1.440585
0.050000, 0.000000, 1.445481
0.100000, 0.000000, 1.459597
0.150000, 0.000000, 1.483750
0.200000, 0.000000, 1.518667
0.250000, 0.000000, 1.564964
0.300000, 0.000000, 1.623124
0.350000, 0.000000, 1.693487
0.400000, 0.000000, 1.776235
0.450000, 0.000000, 1.871380
0.500000, 0.000000, 1.978758
0.550000, 0.000000, 2.098028
0.600000, 0.000000, 2.228674
0.650000, 0.000000, 2.370003
0.700000, 0.000000, 2.521161
0.750000, 0.000000, 2.681139
0.800000, 0.000000, 2.848791
0.850000, 0.000000, 3.022851
0.900000, 0.000000, 3.201954
0.950000, 0.000000, 3.384660
1.000000, 0.000000, 3.569475
1.050000, 0.000000, 3.754881
1.100000, 0.000000, 3.939357
1.150000, 0.000000, 4.121411
1.200000, 0.000000, 4.299602
1.250000, 0.000000, 4.472564
1.300000, 0.000000, 4.639033
1.350000, 0.000000, 4.797862
1.400000, 0.000000, 4.948042
1.450000, 0.000000, 5.088719
1.500000, 0.000000, 5.219202
1.550000, 0.000000, 5.338972
1.600000, 0.000000, 5.447688
1.650000, 0.000000, 5.545188
1.700000, 0.000000, 5.631484
1.750000, 0.000000, 5.706757
1.800000, 0.000000, 5.771346
1.850000, 0.000000, 5.825736
1.900000, 0.000000, 5.870542
1.950000, 0.000000, 5.906491
2.000000, 0.000000, 5.934400
0.000000, 0.050000, 1.336421
0.050000, 0.050000, 1.312394
0.100000, 0.050000, 1.297534
0.150000, 0.050000, 1.292631
0.200000, 0.050000, 1.298382
0.250000, 0.050000, 1.315376
0.300000, 0.050000, 1.344073
0.350000, 0.050000, 1.384787
0.400000, 0.050000, 1.437678
0.450000, 0.050000, 1.502737
0.500000, 0.050000, 1.579784
0.550000, 0.050000, 1.668462
0.600000, 0.050000, 1.768239
0.650000, 0.050000, 1.878416
0.700000, 0.050000, 1.998129
0.750000, 0.050000, 2.126367
0.800000, 0.050000, 2.261982
0.850000, 0.050000, 2.403711
0.900000, 0.050000, 2.550196
0.950000, 0.050000, 2.700005
1.000000, 0.050000, 2.851659
1.050000, 0.050000, 3.003654
1.100000, 0.050000, 3.154492
1.150000, 0.050000, 3.302703
1.200000, 0.050000, 3.446874
1.250000, 0.050000, 3.585670
1.300000, 0.050000, 3.717860
1.350000, 0.050000, 3.842334
1.400000, 0.050000, 3.958125
1.450000, 0.050000, 4.064419
1.500000, 0.050000, 4.160572
1.550000, 0.050000, 4.246113
1.600000, 0.050000, 4.320751
1.650000, 0.050000, 4.384378
1.700000, 0.050000, 4.437057
1.750000, 0.050000, 4.479028
1.800000, 0.050000, 4.510684
1.850000, 0.050000, 4.532571
1.900000, 0.050000, 4.545360
1.950000, 0.050000, 4.549837
2.000000, 0.050000, 4.546880
0.000000, 0.100000, 1.143458
0.050000, 0.100000, 1.090455
0.100000, 0.100000, 1.046632
0.150000, 0.100000, 1.012860
0.200000, 0.100000, 0.989922
0.250000, 0.100000, 0.978491
0.300000, 0.100000, 0.979111
0.350000, 0.100000, 0.992182
0.400000, 0.100000, 1.017948
0.450000, 0.100000, 1.056486
0.500000, 0.100000, 1.107700
0.550000, 0.100000, 1.171319
0.600000, 0.100000, 1.246897
0.650000, 0.100000, 1.333818
0.700000, 0.100000, 1.431304
0.750000, 0.100000, 1.538427
0.800000, 0.100000, 1.654122
0.850000, 0.100000, 1.777210
0.900000, 0.100000, 1.906412
0.950000, 0.100000, 2.040379
1.000000, 0.100000, 2.177709
1.050000, 0.100000, 2.316976
1.100000, 0.100000, 2.456759
1.150000, 0.100000, 2.595660
1.200000, 0.100000, 2.732339
1.250000, 0.100000, 2.865529
1.300000, 0.100000, 2.994065
1.350000, 0.100000, 3.116902
1.400000, 0.100000, 3.233130
1.450000, 0.100000, 3.341995
1.500000, 0.100000, 3.442904
1.550000, 0.100000, 3.535436
1.600000, 0.100000, 3.619344
1.650000, 0.100000, 3.694558
1.700000, 0.100000, 3.761178
1.750000, 0.100000, 3.819473
1.800000, 0.100000, 3.869861
1.850000, 0.100000, 3.912906
1.900000, 0.100000, 3.949292
1.950000, 0.100000, 3.979813
2.000000, 0.100000, 4.005345
0.000000, 0.150000, 0.877131
0.050000, 0.150000, 0.795072
0.100000, 0.150000, 0.722380
0.150000, 0.150000, 0.660234
0.200000, 0.150000, 0.609720
0.250000, 0.150000, 0.571808
0.300000, 0.150000, 0.547333
0.350000, 0.150000, 0.536979
0.400000, 0.150000, 0.541261
0.450000, 0.150000, 0.560517
0.500000, 0.150000, 0.594898
0.550000, 0.150000, 0.644363
0.600000, 0.150000, 0.708681
0.650000, 0.150000, 0.787433
0.700000, 0.150000, 0.880016
0.750000, 0.150000, 0.985660
0.800000, 0.150000, 1.103434
0.850000, 0.150000, 1.232269
0.900000, 0.150000, 1.370977
0.950000, 0.150000, 1.518269
1.000000, 0.150000, 1.672784
1.050000, 0.150000, 1.833109
1.100000, 0.150000, 1.997809
1.150000, 0.150000, 2.165450
1.200000, 0.150000, 2.334625
1.250000, 0.150000, 2.503978
1.300000, 0.150000, 2.672228
1.350000, 0.150000, 2.838188
1.400000, 0.150000, 3.000784
1.450000, 0.150000, 3.159071
1.500000, 0.150000, 3.312241
1.550000, 0.150000, 3.459639
1.600000, 0.150000, 3.600762
1.650000, 0.150000, 3.735262
1.700000, 0.150000, 3.862944
1.750000, 0.150000, 3.983761
1.800000, 0.150000, 4.097806
1.850000, 0.150000, 4.205297
1.900000, 0.150000, 4.306564
1.950000, 0.150000, 4.402032
2.000000, 0.150000, 4.492203
0.000000, 0.200000, 0.561474
0.050000, 0.200000, 0.450249
0.100000, 0.200000, 0.348868
0.150000, 0.200000, 0.259145
0.200000, 0.200000, 0.182788
0.250000, 0.200000, 0.121365
0.300000, 0.200000, 0.076282
0.350000, 0.200000, 0.048754
0.400000, 0.200000, 0.039787
0.450000, 0.200000, 0.050161
0.500000, 0.200000, 0.080412
0.550000, 0.200000, 0.130826
0.600000, 0.200000, 0.201435
0.650000, 0.200000, 0.292011
0.700000, 0.200000, 0.402075
0.750000, 0.200000, 0.530904
0.800000, 0.200000, 0.677542
0.850000, 0.200000, 0.840816
0.900000, 0.200000, 1.019358
0.950000, 0.200000, 1.211626
1.000000, 0.200000, 1.415929
1.050000, 0.200000, 1.630457
1.100000, 0.200000, 1.853305
1.150000, 0.200000, 2.082509
1.200000, 0.200000, 2.316071
1.250000, 0.200000, 2.551990
1.300000, 0.200000, 2.788292
1.350000, 0.200000, 3.023055
1.400000, 0.200000, 3.254435
1.450000, 0.200000, 3.480691
1.500000, 0.200000, 3.700201
1.550000, 0.200000, 3.911483
1.600000, 0.200000, 4.113204
1.650000, 0.200000, 4.304194
1.700000, 0.200000, 4.483451
1.750000, 0.200000, 4.650141
1.800000, 0.200000, 4.803605
1.850000, 0.200000, 4.943345
1.900000, 0.200000, 5.069029
1.950000, 0.200000, 5.180471
2.000000, 0.200000, 5.277626
0.000000, 0.250000, 0.226755
0.050000, 0.250000, 0.086227
0.100000, 0.250000, -0.043579
0.150000, 0.250000, -0.159782
0.200000, 0.250000, -0.259650
0.250000, 0.250000, -0.340649
0.300000, 0.250000, -0.400489
0.350000, 0.250000, -0.437170
0.400000, 0.250000, -0.449013
0.450000, 0.250000, -0.434700
0.500000, 0.250000, -0.393293
0.550000, 0.250000, -0.324259
0.600000, 0.250000, -0.227476
0.650000, 0.250000, -0.103246
0.700000, 0.250000, 0.047714
0.750000, 0.250000, 0.224276
0.800000, 0.250000, 0.424920
0.850000, 0.250000, 0.647756
0.900000, 0.250000, 0.890553
0.950000, 0.250000, 1.150774
1.000000, 0.250000, 1.425615
1.050000, 0.250000, 1.712049
1.100000, 0.250000, 2.006873
1.150000, 0.250000, 2.306761
1.200000, 0.250000, 2.608312
1.250000, 0.250000, 2.908101
1.300000, 0.250000, 3.202738
1.350000, 0.250000, 3.488913
1.400000, 0.250000, 3.763446
1.450000, 0.250000, 4.023335
1.500000, 0.250000, 4.265799
1.550000, 0.250000, 4.488314
1.600000, 0.250000, 4.688648
1.650000, 0.250000, 4.864893
1.700000, 0.250000, 5.015482
1.750000, 0.250000, 5.139209
1.800000, 0.250000, 5.235242
1.850000, 0.250000, 5.303123
1.900000, 0.250000, 5.342773
1.950000, 0.250000, 5.354479
2.000000, 0.250000, 5.338887
0.000000, 0.300000, -0.093501
0.050000, 0.300000, -0.263492
0.100000, 0.300000, -0.421375
0.150000, 0.300000, -0.562673
0.200000, 0.300000, -0.683150
0.250000, 0.300000, -0.778906
0.300000, 0.300000, -0.846461
0.350000, 0.300000, -0.882837
0.400000, 0.300000, -0.885627
0.450000, 0.300000, -0.853048
0.500000, 0.300000, -0.783991
0.550000, 0.300000, -0.678046
0.600000, 0.300000, -0.535525
0.650000, 0.300000, -0.357459
0.700000, 0.300000, -0.145582
0.750000, 0.300000, 0.097687
0.800000, 0.300000, 0.369297
0.850000, 0.300000, 0.665615
0.900000, 0.300000, 0.982493
0.950000, 0.300000, 1.315348
1.000000, 0.300000, 1.659247
1.050000, 0.300000, 2.009005
1.100000, 0.300000, 2.359285
1.150000, 0.300000, 2.704695
1.200000, 0.300000, 3.039902
1.250000, 0.300000, 3.359730
1.300000, 0.300000, 3.659262
1.350000, 0.300000, 3.933936
1.400000, 0.300000, 4.179632
1.450000, 0.300000, 4.392755
1.500000, 0.300000, 4.570303
1.550000, 0.300000, 4.709922
1.600000, 0.300000, 4.809953
1.650000, 0.300000, 4.869462
1.700000, 0.300000, 4.888256
1.750000, 0.300000, 4.866883
1.800000, 0.300000, 4.806620
1.850000, 0.300000, 4.709445
1.900000, 0.300000, 4.577995
1.950000, 0.300000, 4.415510
2.000000, 0.300000, 4.225769
0.000000, 0.350000, -0.365814
0.050000, 0.350000, -0.565454
0.100000, 0.350000, -0.750980
0.150000, 0.350000, -0.915703
0.200000, 0.350000, -1.053354
0.250000, 0.350000, -1.158262
0.300000, 0.350000, -1.225513
0.350000, 0.350000, -1.251096
0.400000, 0.350000, -1.232014
0.450000, 0.350000, -1.166384
0.500000, 0.350000, -1.053492
0.550000, 0.350000, -0.893825
0.600000, 0.350000, -0.689074
0.650000, 0.350000, -0.442094
0.700000, 0.350000, -0.156847
0.750000, 0.350000, 0.161698
0.800000, 0.350000, 0.507682
0.850000, 0.350000, 0.874503
0.900000, 0.350000, 1.254980
0.950000, 0.350000, 1.641533
1.000000, 0.350000, 2.026377
1.050000, 0.350000, 2.401718
1.100000, 0.350000, 2.759948
1.150000, 0.350000, 3.093847
1.200000, 0.350000, 3.396756
1.250000, 0.350000, 3.662755
1.300000, 0.350000, 3.886808
1.350000, 0.350000, 4.064894
1.400000, 0.350000, 4.194102
1.450000, 0.350000, 4.272709
1.500000, 0.350000, 4.300216
1.550000, 0.350000, 4.277357
1.600000, 0.350000, 4.206078
1.650000, 0.350000, 4.089480
1.700000, 0.350000, 3.931735
1.750000, 0.350000, 3.737969
1.800000, 0.350000, 3.514132
1.850000, 0.350000, 3.266833
1.900000, 0.350000, 3.003168
1.950000, 0.350000, 2.730532
2.000000, 0.350000, 2.456425
0.000000, 0.400000, -0.560046
0.050000, 0.400000, -0.789543
0.100000, 0.400000, -1.002195
0.150000, 0.400000, -1.188401
0.200000, 0.400000, -1.339301
0.250000, 0.400000, -1.447086
0.300000, 0.400000, -1.505283
0.350000, 0.400000, -1.508995
0.400000, 0.400000, -1.455076
0.450000, 0.400000, -1.342262
0.500000, 0.400000, -1.171222
0.550000, 0.400000, -0.944554
0.600000, 0.400000, -0.666704
0.650000, 0.400000, -0.343834
0.700000, 0.400000, 0.016383
0.750000, 0.400000, 0.405008
0.800000, 0.400000, 0.812132
0.850000, 0.400000, 1.227206
0.900000, 0.400000, 1.639385
0.950000, 0.400000, 2.037888
1.000000, 0.400000, 2.412360
1.050000, 0.400000, 2.753206
1.100000, 0.400000, 3.051912
1.150000, 0.400000, 3.301319
1.200000, 0.400000, 3.495859
1.250000, 0.400000, 3.631724
1.300000, 0.400000, 3.706987
1.350000, 0.400000, 3.721652
1.400000, 0.400000, 3.677635
1.450000, 0.400000, 3.578690
1.500000, 0.400000, 3.430260
1.550000, 0.400000, 3.239280
1.600000, 0.400000, 3.013926
1.650000, 0.400000, 2.763326
1.700000, 0.400000, 2.497236
1.750000, 0.400000, 2.225700
1.800000, 0.400000, 1.958701
1.850000, 0.400000, 1.705816
1.900000, 0.400000, 1.475894
1.950000, 0.400000, 1.276750
2.000000, 0.400000, 1.114911
0.000000, 0.450000, -0.652385
0.050000, 0.450000, -0.911967
0.100000, 0.450000, -1.151140
0.150000, 0.450000, -1.356628
0.200000, 0.450000, -1.516410
0.250000, 0.450000, -1.620255
0.300000, 0.450000, -1.660187
0.350000, 0.450000, -1.630847
0.400000, 0.450000, -1.529744
0.450000, 0.450000, -1.357379
0.500000, 0.450000, -1.117236
0.550000, 0.450000, -0.815648
0.600000, 0.450000, -0.461530
0.650000, 0.450000, -0.066012
0.700000, 0.450000, 0.358040
0.750000, 0.450000, 0.796563
0.800000, 0.450000, 1.234899
0.850000, 0.450000, 1.658416
0.900000, 0.450000, 2.053126
0.950000, 0.450000, 2.406276
1.000000, 0.450000, 2.706881
1.050000, 0.450000, 2.946180
1.100000, 0.450000, 3.117989
1.150000, 0.450000, 3.218947
1.200000, 0.450000, 3.248626
1.250000, 0.450000, 3.209525
1.300000, 0.450000, 3.106926
1.350000, 0.450000, 2.948632
1.400000, 0.450000, 2.744598
1.450000, 0.450000, 2.506463
1.500000, 0.450000, 2.247018
1.550000, 0.450000, 1.979624
1.600000, 0.450000, 1.717610
1.650000, 0.450000, 1.473672
1.700000, 0.450000, 1.259316
1.750000, 0.450000, 1.084347
1.800000, 0.450000, 0.956446
1.850000, 0.450000, 0.880845
1.900000, 0.450000, 0.860113
1.950000, 0.450000, 0.894069
2.000000, 0.450000, 0.979814
0.000000, 0.500000, -0.627699
0.050000, 0.500000, -0.917612
0.100000, 0.500000, -1.182617
0.150000, 0.500000, -1.404940
0.200000, 0.500000, -1.568851
0.250000, 0.500000, -1.661541
0.300000, 0.500000, -1.673822
0.350000, 0.500000, -1.600647
0.400000, 0.500000, -1.441397
0.450000, 0.500000, -1.199928
0.500000, 0.500000, -0.884380
0.550000, 0.500000, -0.506744
0.600000, 0.500000, -0.082234
0.650000, 0.500000, 0.371526
0.700000, 0.500000, 0.835439
0.750000, 0.500000, 1.289949
0.800000, 0.500000, 1.716081
0.850000, 0.500000, 2.096439
0.900000, 0.500000, 2.416123
0.950000, 0.500000, 2.663502
1.000000, 0.500000, 2.830803
1.050000, 0.500000, 2.914492
1.100000, 0.500000, 2.915421
1.150000, 0.500000, 2.838729
1.200000, 0.500000, 2.693516
1.250000, 0.500000, 2.492294
1.300000, 0.500000, 2.250261
1.350000, 0.500000, 1.984424
1.400000, 0.500000, 1.712633
1.450000, 0.500000, 1.452570
1.500000, 0.500000, 1.220758
1.550000, 0.500000, 1.031634
1.600000, 0.500000, 0.896752
1.650000, 0.500000, 0.824143
1.700000, 0.500000, 0.817889
1.750000, 0.500000, 0.877904
1.800000, 0.500000, 0.999970
1.850000, 0.500000, 1.175994
1.900000, 0.500000, 1.394490
1.950000, 0.500000, 1.641253
2.000000, 0.500000, 1.900187
0.000000, 0.550000, -0.481058
0.050000, 0.550000, -0.801564
0.100000, 0.550000, -1.091628
0.150000, 0.550000, -1.328104
0.200000, 0.550000, -1.491067
0.250000, 0.550000, -1.565136
0.300000, 0.550000, -1.540507
0.350000, 0.550000, -1.413610
0.400000, 0.550000, -1.187358
0.450000, 0.550000, -0.870970
0.500000, 0.550000, -0.479374
0.550000, 0.550000, -0.032243
0.600000, 0.550000, 0.447292
0.650000, 0.550000, 0.934142
0.700000, 0.550000, 1.402894
0.750000, 0.550000, 1.829457
0.800000, 0.550000, 2.192618
0.850000, 0.550000, 2.475397
0.900000, 0.550000, 2.666123
0.950000, 0.550000, 2.759152
1.000000, 0.550000, 2.755172
1.050000, 0.550000, 2.661101
1.100000, 0.550000, 2.489556
1.150000, 0.550000, 2.257949
1.200000, 0.550000, 1.987270
1.250000, 0.550000, 1.700628
1.300000, 0.550000, 1.421657
1.350000, 0.550000, 1.172901
1.400000, 0.550000, 0.974269
1.450000, 0.550000, 0.841676
1.500000, 0.550000, 0.785966
1.550000, 0.550000, 0.812174
1.600000, 0.550000, 0.919188
1.650000, 0.550000, 1.099831
1.700000, 0.550000, 1.341356
1.750000, 0.550000, 1.626326
1.800000, 0.550000, 1.933806
1.850000, 0.550000, 2.240804
1.900000, 0.550000, 2.523859
1.950000, 0.550000, 2.760652
2.000000, 0.550000, 2.931566
0.000000, 0.600000, -0.218252
0.050000, 0.600000, -0.569626
0.100000, 0.600000, -0.883889
0.150000, 0.600000, -1.131625
0.200000, 0.600000, -1.288297
0.250000, 0.600000, -1.336193
0.300000, 0.600000, -1.265826
0.350000, 0.600000, -1.076698
0.400000, 0.600000, -0.777348
0.450000, 0.600000, -0.384691
0.500000, 0.600000, 0.077296
0.550000, 0.600000, 0.579453
0.600000, 0.600000, 1.089702
0.650000, 0.600000, 1.575557
0.700000, 0.600000, 2.006641
0.750000, 0.600000, 2.357043
0.800000, 0.600000, 2.607306
0.850000, 0.600000, 2.745902
0.900000, 0.600000, 2.770072
0.950000, 0.600000, 2.685968
1.000000, 0.600000, 2.508083
1.050000, 0.600000, 2.258025
1.100000, 0.600000, 1.962721
1.150000, 0.600000, 1.652204
1.200000, 0.600000, 1.357158
1.250000, 0.600000, 1.106418
1.300000, 0.600000, 0.924618
1.350000, 0.600000, 0.830189
1.400000, 0.600000, 0.833850
1.450000, 0.600000, 0.937729
1.500000, 0.600000, 1.135172
1.550000, 0.600000, 1.411259
1.600000, 0.600000, 1.743994
1.650000, 0.600000, 2.106061
1.700000, 0.600000, 2.467019
1.750000, 0.600000, 2.795755
1.800000, 0.600000, 3.062995
1.850000, 0.600000, 3.243689
1.900000, 0.600000, 3.319060
1.950000, 0.600000, 3.278163
2.000000, 0.600000, 3.118835
0.000000, 0.650000, 0.144736
0.050000, 0.650000, -0.237791
0.100000, 0.650000, -0.575310
0.150000, 0.650000, -0.831215
0.200000, 0.650000, -0.976063
0.250000, 0.650000, -0.990304
0.300000, 0.650000, -0.866100
0.350000, 0.650000, -0.608060
0.400000, 0.650000, -0.232819
0.450000, 0.650000, 0.232485
0.500000, 0.650000, 0.752715
0.550000, 0.650000, 1.287961
0.600000, 0.650000, 1.797215
0.650000, 0.650000, 2.242128
0.700000, 0.650000, 2.590519
0.750000, 0.650000, 2.819296
0.800000, 0.650000, 2.916529
0.850000, 0.650000, 2.882474
0.900000, 0.650000, 2.729464
0.950000, 0.650000, 2.480662
1.000000, 0.650000, 2.167819
1.050000, 0.650000, 1.828219
1.100000, 0.650000, 1.501116
1.150000, 0.650000, 1.223996
1.200000, 0.650000, 1.029002
1.250000, 0.650000, 0.939863
1.300000, 0.650000, 0.969623
1.350000, 0.650000, 1.119363
1.400000, 0.650000, 1.378058
1.450000, 0.650000, 1.723564
1.500000, 0.650000, 2.124664
1.550000, 0.650000, 2.543957
1.600000, 0.650000, 2.941354
1.650000, 0.650000, 3.277824
1.700000, 0.650000, 3.519059
1.750000, 0.650000, 3.638720
1.800000, 0.650000, 3.620941
1.850000, 0.650000, 3.461881
1.900000, 0.650000, 3.170157
1.950000, 0.650000, 2.766137
2.000000, 0.650000, 2.280135
0.000000, 0.700000, 0.583248
0.050000, 0.700000, 0.169277
0.100000, 0.700000, -0.190470
0.150000, 0.700000, -0.451277
0.200000, 0.700000, -0.578645
0.250000, 0.700000, -0.551990
0.300000, 0.700000, -0.366870
0.350000, 0.700000, -0.035459
0.400000, 0.700000, 0.414751
0.450000, 0.700000, 0.943891
0.500000, 0.700000, 1.503982
0.550000, 0.700000, 2.044067
0.600000, 0.700000, 2.515653
0.650000, 0.700000, 2.877873
0.700000, 0.700000, 3.101821
0.750000, 0.700000, 3.173585
0.800000, 0.700000, 3.095657
0.850000, 0.700000, 2.886564
0.900000, 0.700000, 2.578770
0.950000, 0.700000, 2.215067
1.000000, 0.700000, 1.843852
1.050000, 0.700000, 1.513800
1.100000, 0.700000, 1.268512
1.150000, 0.700000, 1.141706
1.200000, 0.700000, 1.153491
1.250000, 0.700000, 1.308113
1.300000, 0.700000, 1.593411
1.350000, 0.700000, 1.982076
1.400000, 0.700000, 2.434532
1.450000, 0.700000, 2.903173
1.500000, 0.700000, 3.337476
1.550000, 0.700000, 3.689434
1.600000, 0.700000, 3.918755
1.650000, 0.700000, 3.997224
1.700000, 0.700000, 3.911796
1.750000, 0.700000, 3.666059
1.800000, 0.700000, 3.279921
1.850000, 0.700000, 2.787552
1.900000, 0.700000, 2.233797
1.950000, 0.700000, 1.669455
2.000000, 0.700000, 1.145918
0.000000, 0.750000, 1.066320
0.050000, 0.750000, 0.620609
0.100000, 0.750000, 0.239747
0.150000, 0.750000, -0.022540
0.200000, 0.750000, -0.126721
0.250000, 0.750000, -0.052334
0.300000, 0.750000, 0.199494
0.350000, 0.750000, 0.606181
0.400000, 0.750000, 1.126471
0.450000, 0.750000, 1.705509
0.500000, 0.750000, 2.281587
0.550000, 0.750000, 2.793725
0.600000, 0.750000, 3.189150
0.650000, 0.750000, 3.429745
0.700000, 0.750000, 3.496680
0.750000, 0.750000, 3.392645
0.800000, 0.750000, 3.141415
0.850000, 0.750000, 2.784797
0.900000, 0.750000, 2.377348
0.950000, 0.750000, 1.979506
1.000000, 0.750000, 1.650000
1.050000, 0.750000, 1.438463
1.100000, 0.750000, 1.379177
1.150000, 0.750000, 1.486722
1.200000, 0.750000, 1.754066
1.250000, 0.750000, 2.153336
1.300000, 0.750000, 2.639175
1.350000, 0.750000, 3.154284
1.400000, 0.750000, 3.636443
1.450000, 0.750000, 4.026168
1.500000, 0.750000, 4.274039
1.550000, 0.750000, 4.346812
1.600000, 0.750000, 4.231543
1.650000, 0.750000, 3.937226
1.700000, 0.750000, 3.493739
1.750000, 0.750000, 2.948220
1.800000, 0.750000, 2.359337
1.850000, 0.750000, 1.790141
1.900000, 0.750000, 1.300391
1.950000, 0.750000, 0.939303
2.000000, 0.750000, 0.739606
0.000000, 0.800000, 1.559666
0.050000, 0.800000, 1.081917
0.100000, 0.800000, 0.681136
0.150000, 0.800000, 0.420928
0.200000, 0.800000, 0.345610
0.250000, 0.800000, 0.474004
0.300000, 0.800000, 0.796798
0.350000, 0.800000, 1.277858
0.400000, 0.800000, 1.859289
0.450000, 0.800000, 2.469539
0.500000, 0.800000, 3.033412
0.550000, 0.800000, 3.482579
0.600000, 0.800000, 3.765106
0.650000, 0.800000, 3.852671
0.700000, 0.800000, 3.744445
0.750000, 0.800000, 3.467109
0.800000, 0.800000, 3.070987
0.850000, 0.800000, 2.622857
0.900000, 0.800000, 2.196441
0.950000, 0.800000, 1.861912
1.000000, 0.800000, 1.675904
1.050000, 0.800000, 1.673421
1.100000, 0.800000, 1.862783
1.150000, 0.800000, 2.224334
1.200000, 0.800000, 2.713082
1.250000, 0.800000, 3.264911
1.300000, 0.800000, 3.805491
1.350000, 0.800000, 4.260641
1.400000, 0.800000, 4.566689
1.450000, 0.800000, 4.679374
1.500000, 0.800000, 4.580045
1.550000, 0.800000, 4.278282
1.600000, 0.800000, 3.810580
1.650000, 0.800000, 3.235268
1.700000, 0.800000, 2.624388
1.750000, 0.800000, 2.053669
1.800000, 0.800000, 1.592000
1.850000, 0.800000, 1.291887
1.900000, 0.800000, 1.182218
1.950000, 0.800000, 1.264370
2.000000, 0.800000, 1.512178
0.000000, 0.850000, 2.028978
0.050000, 0.850000, 1.518899
0.100000, 0.850000, 1.099476
0.150000, 0.850000, 0.845016
0.200000, 0.850000, 0.804137
0.250000, 0.850000, 0.992092
0.300000, 0.850000, 1.388368
0.350000, 0.850000, 1.939932
0.400000, 0.850000, 2.569616
0.450000, 0.850000, 3.188308
0.500000, 0.850000, 3.709023
0.550000, 0.850000, 4.060610
0.600000, 0.850000, 4.198955
0.650000, 0.850000, 4.113869
0.700000, 0.850000, 3.830604
0.750000, 0.850000, 3.405743
0.800000, 0.850000, 2.918110
0.850000, 0.850000, 2.456159
0.900000, 0.850000, 2.103826
0.950000, 0.850000, 1.927090
1.000000, 0.850000, 1.963379
1.050000, 0.850000, 2.215491
1.100000, 0.850000, 2.651005
1.150000, 0.850000, 3.207275
1.200000, 0.850000, 3.801217
1.250000, 0.850000, 4.342344
1.300000, 0.850000, 4.746991
1.350000, 0.850000, 4.951479
1.400000, 0.850000, 4.922134
1.450000, 0.850000, 4.660577
1.500000, 0.850000, 4.203457
1.550000, 0.850000, 3.616655
1.600000, 0.850000, 2.984891
1.650000, 0.850000, 2.398377
1.700000, 0.850000, 1.938614
1.750000, 0.850000, 1.665607
1.800000, 0.850000, 1.608493
1.850000, 0.850000, 1.761079
1.900000, 0.850000, 2.082998
1.950000, 0.850000, 2.506280
2.000000, 0.850000, 2.946307
0.000000, 0.900000, 2.443240
0.050000, 0.900000, 1.900542
0.100000, 0.900000, 1.463837
0.150000, 0.900000, 1.218882
0.200000, 0.900000, 1.217837
0.250000, 0.900000, 1.470048
0.300000, 0.900000, 1.940404
0.350000, 0.900000, 2.555567
0.400000, 0.900000, 3.216952
0.450000, 0.900000, 3.818176
0.500000, 0.900000, 4.263865
0.550000, 0.900000, 4.486495
0.600000, 0.900000, 4.458283
0.650000, 0.900000, 4.196016
0.700000, 0.900000, 3.757969
0.750000, 0.900000, 3.233452
0.800000, 0.900000, 2.726852
0.850000, 0.900000, 2.338984
0.900000, 0.900000, 2.149074
0.950000, 0.900000, 2.200553
1.000000, 0.900000, 2.493203
1.050000, 0.900000, 2.983025
1.100000, 0.900000, 3.589883
1.150000, 0.900000, 4.211544
1.200000, 0.900000, 4.741661
1.250000, 0.900000, 5.088488
1.300000, 0.900000, 5.191030
1.350000, 0.900000, 5.029768
1.400000, 0.900000, 4.630051
1.450000, 0.900000, 4.057571
1.500000, 0.900000, 3.406710
1.550000, 0.900000, 2.783839
1.600000, 0.900000, 2.288510
1.650000, 0.900000, 1.995897
1.700000, 0.900000, 1.943575
1.750000, 0.900000, 2.124996
1.800000, 0.900000, 2.490798
1.850000, 0.900000, 2.957734
1.900000, 0.900000, 3.423617
1.950000, 0.900000, 3.785639
2.000000, 0.900000, 3.958820
0.000000, 0.950000, 2.777703
0.050000, 0.950000, 2.202108
0.100000, 0.950000, 1.749560
0.150000, 0.950000, 1.517931
0.200000, 0.950000, 1.561862
0.250000, 0.950000, 1.882026
0.300000, 0.950000, 2.425015
0.350000, 0.950000, 3.093877
0.400000, 0.950000, 3.767213
0.450000, 0.950000, 4.323083
0.500000, 0.950000, 4.663001
0.550000, 0.950000, 4.731281
0.600000, 0.950000, 4.525936
0.650000, 0.950000, 4.098972
0.700000, 0.950000, 3.546023
0.750000, 0.950000, 2.987367
0.800000, 0.950000, 2.544080
0.850000, 0.950000, 2.314005
0.900000, 0.950000, 2.352310
0.950000, 0.950000, 2.660431
1.000000, 0.950000, 3.185617
1.050000, 0.950000, 3.831149
1.100000, 0.950000, 4.475234
1.150000, 0.950000, 4.994842
1.200000, 0.950000, 5.289810
1.250000, 0.950000, 5.302448
1.300000, 0.950000, 5.028801
1.350000, 0.950000, 4.519335
1.400000, 0.950000, 3.868933
1.450000, 0.950000, 3.198157
1.500000, 0.950000, 2.629485
1.550000, 0.950000, 2.263200
1.600000, 0.950000, 2.157683
1.650000, 0.950000, 2.317998
1.700000, 0.950000, 2.695017
1.750000, 0.950000, 3.195255
1.800000, 0.950000, 3.699471
1.850000, 0.950000, 4.086374
1.900000, 0.950000, 4.256755
1.950000, 0.950000, 4.153283
2.000000, 0.950000, 3.772061
0.000000, 1.000000, 3.016256
0.050000, 1.000000, 2.407500
0.100000, 1.000000, 1.940628
0.150000, 1.000000, 1.726184
0.200000, 1.000000, 1.819903
0.250000, 1.000000, 2.210605
0.300000, 1.000000, 2.822653
0.350000, 1.000000, 3.532460
0.400000, 1.000000, 4.195423
0.450000, 1.000000, 4.677427
0.500000, 1.000000, 4.884040
0.550000, 1.000000, 4.781039
0.600000, 1.000000, 4.401789
0.650000, 1.000000, 3.839867
0.700000, 1.000000, 3.228546
0.750000, 1.000000, 2.711600
0.800000, 1.000000, 2.411810
0.850000, 1.000000, 2.404033
0.900000, 1.000000, 2.698698
0.950000, 1.000000, 3.239355
1.000000, 1.000000, 3.914787
1.050000, 1.000000, 4.583066
1.100000, 1.000000, 5.102316
1.150000, 1.000000, 5.361461
1.200000, 1.000000, 5.304288
1.250000, 1.000000, 4.941557
1.300000, 1.000000, 4.348545
1.350000, 1.000000, 3.648541
1.400000, 1.000000, 2.985916
1.450000, 1.000000, 2.494616
1.500000, 1.000000, 2.268972
1.550000, 1.000000, 2.343173
1.600000, 1.000000, 2.683890
1.650000, 1.000000, 3.197644
1.700000, 1.000000, 3.751333
1.750000, 1.000000, 4.201413
1.800000, 1.000000, 4.425402
1.850000, 1.000000, 4.348804
1.900000, 1.000000, 3.961608
1.950000, 1.000000, 3.320743
2.000000, 1.000000, 2.537959
0.000000, 1.050000, 3.152950
0.050000, 1.050000, 2.510783
0.100000, 1.050000, 2.031184
0.150000, 1.050000, 1.837798
0.200000, 1.050000, 1.985719
0.250000, 1.050000, 2.448327
0.300000, 1.050000, 3.123700
0.350000, 1.050000, 3.859088
0.400000, 1.050000, 4.487557
0.450000, 1.050000, 4.868014
0.500000, 1.050000, 4.919018
0.550000, 1.050000, 4.638257
0.600000, 1.050000, 4.103020
0.650000, 1.050000, 3.451555
0.700000, 1.050000, 2.849783
0.750000, 1.050000, 2.451351
0.800000, 1.050000, 2.360615
0.850000, 1.050000, 2.607433
0.900000, 1.050000, 3.139809
0.950000, 1.050000, 3.836176
1.000000, 1.050000, 4.534355
1.050000, 1.050000, 5.070259
1.100000, 1.050000, 5.317067
1.150000, 1.050000, 5.215460
1.200000, 1.050000, 4.787692
1.250000, 1.050000, 4.132102
1.300000, 1.050000, 3.399413
1.350000, 1.050000, 2.756483
1.400000, 1.050000, 2.346223
1.450000, 1.050000, 2.253294
1.500000, 1.050000, 2.483807
1.550000, 1.050000, 2.963915
1.600000, 1.050000, 3.557609
1.650000, 1.050000, 4.099473
1.700000, 1.050000, 4.434528
1.750000, 1.050000, 4.455603
1.800000, 1.050000, 4.129280
1.850000, 1.050000, 3.504164
1.900000, 1.050000, 2.699517
1.950000, 1.050000, 1.876953
2.000000, 1.050000, 1.201997
0.000000, 1.100000, 3.192520
0.050000, 1.100000, 2.516715
0.100000, 1.100000, 2.026060
0.150000, 1.100000, 1.857591
0.200000, 1.100000, 2.063661
0.250000, 1.100000, 2.598245
0.300000, 1.100000, 3.329073
0.350000, 1.100000, 4.072413
0.400000, 1.100000, 4.641356
0.450000, 1.100000, 4.894917
0.500000, 1.100000, 4.775040
0.550000, 1.100000, 4.321805
0.600000, 1.100000, 3.662809
0.650000, 1.100000, 2.979546
0.700000, 1.100000, 2.459587
0.750000, 1.100000, 2.247158
0.800000, 1.100000, 2.405071
0.850000, 1.100000, 2.898040
0.900000, 1.100000, 3.601760
0.950000, 1.100000, 4.335354
1.000000, 1.100000, 4.908698
1.050000, 1.100000, 5.172161
1.100000, 1.100000, 5.055722
1.150000, 1.100000, 4.587183
1.200000, 1.100000, 3.884690
1.250000, 1.100000, 3.125551
1.300000, 1.100000, 2.499522
1.350000, 1.100000, 2.158869
1.400000, 1.100000, 2.178304
1.450000, 1.100000, 2.535338
1.500000, 1.100000, 3.116213
1.550000, 1.100000, 3.745856
1.600000, 1.100000, 4.233976
1.650000, 1.100000, 4.425216
1.700000, 1.100000, 4.240152
1.750000, 1.100000, 3.696388
1.800000, 1.100000, 2.904188
1.850000, 1.100000, 2.037803
1.900000, 1.100000, 1.290000
1.950000, 1.100000, 0.821762
2.000000, 1.100000, 0.720345
0.000000, 1.150000, 3.149868
0.050000, 1.150000, 2.440220
0.100000, 1.150000, 1.940257
0.150000, 1.150000, 1.800526
0.200000, 1.150000, 2.068160
0.250000, 1.150000, 2.673428
0.300000, 1.150000, 3.449778
0.350000, 1.150000, 4.181605
0.400000, 1.150000, 4.666058
0.450000, 1.150000, 4.771168
0.500000, 1.150000, 4.473643
0.550000, 1.150000, 3.865493
0.600000, 1.150000, 3.127587
0.650000, 1.150000, 2.477720
0.700000, 1.150000, 2.108076
0.750000, 1.150000, 2.129998
0.800000, 1.150000, 2.541916
0.850000, 1.150000, 3.229605
0.900000, 1.150000, 3.998715
0.950000, 1.150000, 4.630256
1.000000, 1.150000, 4.943138
1.050000, 1.150000, 4.845848
1.100000, 1.150000, 4.362477
1.150000, 1.150000, 3.625615
1.200000, 1.150000, 2.838188
1.250000, 1.150000, 2.215152
1.300000, 1.150000, 1.921776
1.350000, 1.150000, 2.026195
1.400000, 1.150000, 2.479829
1.450000, 1.150000, 3.131304
1.500000, 1.150000, 3.769854
1.550000, 1.150000, 4.185807
1.600000, 1.150000, 4.230784
1.650000, 1.150000, 3.860391
1.700000, 1.150000, 3.147153
1.750000, 1.150000, 2.259978
1.800000, 1.150000, 1.416046
1.850000, 1.150000, 0.818895
1.900000, 1.150000, 0.600447
1.950000, 1.150000, 0.783576
2.000000, 1.150000, 1.275944
0.000000, 1.200000, 3.048551
0.050000, 1.200000, 2.304884
0.100000, 1.200000, 1.797427
0.150000, 1.200000, 1.690193
0.200000, 1.200000, 2.022214
0.250000, 1.200000, 2.695470
0.300000, 1.200000, 3.505477
0.350000, 1.200000, 4.205006
0.400000, 1.200000, 4.581090
0.450000, 1.200000, 4.521339
0.500000, 1.200000, 4.048922
0.550000, 1.200000, 3.315306
0.600000, 1.200000, 2.553033
0.650000, 1.200000, 2.003218
0.700000, 1.200000, 1.840354
0.750000, 1.200000, 2.117834
0.800000, 1.200000, 2.751157
0.850000, 1.200000, 3.544039
0.900000, 1.200000, 4.249325
0.950000, 1.200000, 4.645716
1.000000, 1.200000, 4.606456
1.050000, 1.200000, 4.138572
1.100000, 1.200000, 3.380477
1.150000, 1.200000, 2.558680
1.200000, 1.200000, 1.917085
1.250000, 1.200000, 1.640902
1.300000, 1.200000, 1.798862
1.350000, 1.200000, 2.321734
1.400000, 1.200000, 3.023833
1.450000, 1.200000, 3.660836
1.500000, 1.200000, 4.005891
1.550000, 1.200000, 3.920342
1.600000, 1.200000, 3.397037
1.650000, 1.200000, 2.562748
1.700000, 1.200000, 1.638934
1.750000, 1.200000, 0.873069
1.800000, 1.200000, 0.461914
1.850000, 1.200000, 0.490609
1.900000, 1.200000, 0.906551
1.950000, 1.200000, 1.536180
2.000000, 1.200000, 2.139443
0.000000, 1.250000, 2.918417
0.050000, 1.250000, 2.140583
0.100000, 1.250000, 1.627520
0.150000, 1.250000, 1.556449
0.200000, 1.250000, 1.955036
0.250000, 1.250000, 2.692162
0.300000, 1.250000, 3.522208
0.350000, 1.250000, 4.167908
0.400000, 1.250000, 4.413858
0.450000, 1.250000, 4.179141
0.500000, 1.250000, 3.544603
0.550000, 1.250000, 2.725566
0.600000, 1.250000, 1.999196
0.650000, 1.250000, 1.610982
0.700000, 1.250000, 1.691878
0.750000, 1.250000, 2.214006
0.800000, 1.250000, 2.999888
0.850000, 1.250000, 3.782069
0.900000, 1.250000, 4.293054
0.950000, 1.250000, 4.355258
1.000000, 1.250000, 3.940629
1.050000, 1.250000, 3.179885
1.100000, 1.250000, 2.318240
1.150000, 1.250000, 1.632547
1.200000, 1.250000, 1.337805
1.250000, 1.250000, 1.514539
1.300000, 1.250000, 2.081539
1.350000, 1.250000, 2.823149
1.400000, 1.250000, 3.461923
1.450000, 1.250000, 3.752148
1.500000, 1.250000, 3.562719
1.550000, 1.250000, 2.921444
1.600000, 1.250000, 2.005826
1.650000, 1.250000, 1.083447
1.700000, 1.250000, 0.422038
1.750000, 1.250000, 0.199542
1.800000, 1.250000, 0.444487
1.850000, 1.250000, 1.026755
1.900000, 1.250000, 1.701860
1.950000, 1.250000, 2.193798
2.000000, 1.250000, 2.288535
0.000000, 1.300000, 2.792630
0.050000, 1.300000, 1.980517
0.100000, 1.300000, 1.463801
0.150000, 1.300000, 1.432444
0.200000, 1.300000, 1.899082
0.250000, 1.300000, 2.694544
0.300000, 1.300000, 3.529484
0.350000, 1.300000, 4.099706
0.400000, 1.300000, 4.196866
0.450000, 1.300000, 3.784287
0.500000, 1.300000, 3.010314
0.550000, 1.300000, 2.154340
0.600000, 1.300000, 1.525140
0.650000, 1.300000, 1.348487
0.700000, 1.300000, 1.684921
0.750000, 1.300000, 2.407590
0.800000, 1.300000, 3.248212
0.850000, 1.300000, 3.894460
0.900000, 1.300000, 4.103341
0.950000, 1.300000, 3.789355
1.000000, 1.300000, 3.055361
1.050000, 1.300000, 2.154941
1.100000, 1.300000, 1.399955
1.150000, 1.300000, 1.046916
1.200000, 1.300000, 1.203510
1.250000, 1.300000, 1.789283
1.300000, 1.300000, 2.564785
1.350000, 1.300000, 3.218580
1.400000, 1.300000, 3.480487
1.450000, 1.300000, 3.219859
1.500000, 1.300000, 2.493178
1.550000, 1.300000, 1.523631
1.600000, 1.300000, 0.620118
1.650000, 1.300000, 0.065139
1.700000, 1.300000, 0.012336
1.750000, 1.300000, 0.430943
1.800000, 1.300000, 1.117360
1.850000, 1.300000, 1.769617
1.900000, 1.300000, 2.097655
1.950000, 1.300000, 1.929297
2.000000, 1.300000, 1.273365
0.000000, 1.350000, 2.704374
0.050000, 1.350000, 1.857907
0.100000, 1.350000, 1.339553
0.150000, 1.350000, 1.351320
0.200000, 1.350000, 1.886760
0.250000, 1.350000, 2.733634
0.300000, 1.350000, 3.557073
0.350000, 1.350000, 4.030708
0.400000, 1.350000, 3.964446
0.450000, 1.350000, 3.378909
0.500000, 1.350000, 2.497393
0.550000, 1.350000, 1.658500
0.600000, 1.350000, 1.183627
0.650000, 1.350000, 1.251143
0.700000, 1.350000, 1.826501
0.750000, 1.350000, 2.675615
0.800000, 1.350000, 3.456278
0.850000, 1.350000, 3.851864
0.900000, 1.350000, 3.694995
0.950000, 1.350000, 3.032805
1.000000, 1.350000, 2.108273
1.050000, 1.350000, 1.264926
1.100000, 1.350000, 0.812218
1.150000, 1.350000, 0.904250
1.200000, 1.350000, 1.479297
1.250000, 1.350000, 2.283809
1.300000, 1.350000, 2.971496
1.350000, 1.350000, 3.238744
1.400000, 1.350000, 2.943378
1.450000, 1.350000, 2.160321
1.500000, 1.350000, 1.152360
1.550000, 1.350000, 0.267475
1.600000, 1.350000, -0.197109
1.650000, 1.350000, -0.110955
1.700000, 1.350000, 0.438863
1.750000, 1.350000, 1.182189
1.800000, 1.350000, 1.771895
1.850000, 1.350000, 1.920141
1.900000, 1.350000, 1.511480
1.950000, 1.350000, 0.648535
2.000000, 1.350000, -0.387620
0.000000, 1.400000, 2.683553
0.050000, 1.400000, 1.802695
0.100000, 1.400000, 1.284780
0.150000, 1.400000, 1.342914
0.200000, 1.400000, 1.947139
0.250000, 1.400000, 2.837165
0.300000, 1.400000, 3.631767
0.350000, 1.400000, 3.988914
0.400000, 1.400000, 3.749427
0.450000, 1.400000, 3.003873
0.500000, 1.400000, 2.054599
0.550000, 1.400000, 1.288865
0.600000, 1.400000, 1.016285
0.650000, 1.400000, 1.338835
0.700000, 1.400000, 2.107955
0.750000, 1.400000, 2.986772
0.800000, 1.400000, 3.591324
0.850000, 1.400000, 3.651517
0.900000, 1.400000, 3.124275
0.950000, 1.400000, 2.211401
1.000000, 1.400000, 1.274645
1.050000, 1.400000, 0.683664
1.100000, 1.400000, 0.660651
1.150000, 1.400000, 1.186882
1.200000, 1.400000, 2.010394
1.250000, 1.400000, 2.751581
1.300000, 1.400000, 3.062400
1.350000, 1.400000, 2.772376
1.400000, 1.400000, 1.960134
1.450000, 1.400000, 0.920438
1.500000, 1.400000, 0.040582
1.550000, 1.400000, -0.361998
1.600000, 1.400000, -0.172730
1.650000, 1.400000, 0.472289
1.700000, 1.400000, 1.243743
1.750000, 1.400000, 1.757703
1.800000, 1.400000, 1.737190
1.850000, 1.400000, 1.128907
1.900000, 1.400000, 0.126120
1.950000, 1.400000, -0.911906
2.000000, 1.400000, -1.610129
0.000000, 1.450000, 2.753812
0.050000, 1.450000, 1.838571
0.100000, 1.450000, 1.323226
0.150000, 1.450000, 1.430782
0.200000, 1.450000, 2.102976
0.250000, 1.450000, 3.026636
0.300000, 1.450000, 3.774473
0.350000, 1.450000, 3.997103
0.400000, 1.450000, 3.580064
0.450000, 1.450000, 2.695319
0.500000, 1.450000, 1.724119
0.550000, 1.450000, 1.085854
0.600000, 1.450000, 1.049747
0.650000, 1.450000, 1.613924
0.700000, 1.450000, 2.506179
0.750000, 1.450000, 3.306078
0.800000, 1.450000, 3.633591
0.850000, 1.450000, 3.319542
0.900000, 1.450000, 2.481377
0.950000, 1.450000, 1.470206
1.000000, 1.450000, 0.712927
1.050000, 1.450000, 0.520316
1.100000, 1.450000, 0.947267
1.150000, 1.450000, 1.767938
1.200000, 1.450000, 2.576979
1.250000, 1.450000, 2.971387
1.300000, 1.450000, 2.731355
1.350000, 1.450000, 1.918901
1.400000, 1.450000, 0.850020
1.450000, 1.450000, -0.047154
1.500000, 1.450000, -0.424474
1.550000, 1.450000, -0.169925
1.600000, 1.450000, 0.542315
1.650000, 1.450000, 1.330383
1.700000, 1.450000, 1.776551
1.750000, 1.450000, 1.615203
1.800000, 1.450000, 0.852567
1.850000, 1.450000, -0.235569
1.900000, 1.450000, -1.227142
1.950000, 1.450000, -1.742749
2.000000, 1.450000, -1.615407
0.000000, 1.500000, 2.930180
0.050000, 1.500000, 1.980610
0.100000, 1.500000, 1.470021
0.150000, 1.500000, 1.629838
0.200000, 1.500000, 2.368373
0.250000, 1.500000, 3.314986
0.300000, 1.500000, 3.997906
0.350000, 1.500000, 4.070495
0.400000, 1.500000, 3.477520
0.450000, 1.500000, 2.481760
0.500000, 1.500000, 1.538192
0.550000, 1.500000, 1.076030
0.600000, 1.500000, 1.293075
0.650000, 1.500000, 2.060909
0.700000, 1.500000, 2.986367
0.750000, 1.500000, 3.599836
0.800000, 1.500000, 3.580147
0.850000, 1.500000, 2.908308
0.900000, 1.500000, 1.876403
0.950000, 1.500000, 0.947420
1.000000, 1.500000, 0.533169
1.050000, 1.500000, 0.796716
1.100000, 1.500000, 1.574029
1.150000, 1.500000, 2.452375
1.200000, 1.500000, 2.967920
1.250000, 1.500000, 2.827845
1.300000, 1.500000, 2.050560
1.350000, 1.500000, 0.956825
1.400000, 1.500000, 0.016050
1.450000, 1.500000, -0.378588
1.500000, 1.500000, -0.098423
1.550000, 1.500000, 0.659234
1.600000, 1.500000, 1.465894
1.650000, 1.500000, 1.867541
1.700000, 1.500000, 1.602573
1.750000, 1.500000, 0.727598
1.800000, 1.500000, -0.409198
1.850000, 1.500000, -1.334354
1.900000, 1.500000, -1.675438
1.950000, 1.500000, -1.338906
2.000000, 1.500000, -0.554301
0.000000, 1.550000, 3.217555
0.050000, 1.550000, 2.233756
0.100000, 1.550000, 1.730158
0.150000, 1.550000, 1.944841
0.200000, 1.550000, 2.747259
0.250000, 1.550000, 3.705105
0.300000, 1.550000, 4.305130
0.350000, 1.550000, 4.215241
0.400000, 1.550000, 3.454144
0.450000, 1.550000, 2.381972
0.500000, 1.550000, 1.516673
0.550000, 1.550000, 1.269843
0.600000, 1.550000, 1.736767
0.650000, 1.550000, 2.647807
0.700000, 1.550000, 3.505930
0.750000, 1.550000, 3.840214
0.800000, 1.550000, 3.445990
0.850000, 1.550000, 2.489110
0.900000, 1.550000, 1.421136
0.950000, 1.550000, 0.748740
1.000000, 1.550000, 0.774975
1.050000, 1.550000, 1.444428
1.100000, 1.550000, 2.371276
1.150000, 1.550000, 3.035933
1.200000, 1.550000, 3.049975
1.250000, 1.550000, 2.354175
1.300000, 1.550000, 1.248617
1.350000, 1.550000, 0.239545
1.400000, 1.550000, -0.218926
1.450000, 1.550000, 0.043565
1.500000, 1.550000, 0.826839
1.550000, 1.550000, 1.662512
1.600000, 1.550000, 2.053243
1.650000, 1.550000, 1.726823
1.700000, 1.550000, 0.775460
1.750000, 1.550000, -0.390797
1.800000, 1.550000, -1.252755
1.850000, 1.550000, -1.446406
1.900000, 1.550000, -0.948043
1.950000, 1.550000, -0.085723
2.000000, 1.550000, 0.628761
0.000000, 1.600000, 3.610180
0.050000, 1.600000, 2.592303
0.100000, 1.600000, 2.097975
0.150000, 1.600000, 2.369873
0.200000, 1.600000, 3.232890
0.250000, 1.600000, 4.189349
0.300000, 1.600000, 4.689070
0.350000, 1.600000, 4.427872
0.400000, 1.600000, 3.512699
0.450000, 1.600000, 2.403866
0.500000, 1.600000, 1.665700
0.550000, 1.600000, 1.660766
0.600000, 1.600000, 2.353411
0.650000, 1.600000, 3.329113
0.700000, 1.600000, 4.019160
0.750000, 1.600000, 4.008853
0.800000, 1.600000, 3.262197
0.850000, 1.600000, 2.141256
0.900000, 1.600000, 1.209716
0.950000, 1.600000, 0.927132
1.000000, 1.600000, 1.399601
1.050000, 1.600000, 2.322031
1.100000, 1.600000, 3.143305
1.150000, 1.600000, 3.364818
1.200000, 1.600000, 2.810579
1.250000, 1.600000, 1.722465
1.300000, 1.600000, 0.629013
1.350000, 1.600000, 0.058871
1.400000, 1.600000, 0.254252
1.450000, 1.600000, 1.039715
1.500000, 1.600000, 1.917408
1.550000, 1.600000, 2.337152
1.600000, 1.600000, 1.994958
1.650000, 1.600000, 0.998165
1.700000, 1.600000, -0.192322
1.750000, 1.600000, -1.011381
1.800000, 1.600000, -1.095466
1.850000, 1.600000, -0.479076
1.900000, 1.600000, 0.424572
1.950000, 1.600000, 1.048197
2.000000, 1.600000, 0.978628
0.000000, 1.650000, 4.092173
0.050000, 1.650000, 3.040423
0.100000, 1.650000, 2.557681
0.150000, 1.650000, 2.888865
0.200000, 1.650000, 3.808373
0.250000, 1.650000, 4.750087
0.300000, 1.650000, 5.133072
0.350000, 1.650000, 4.695767
0.400000, 1.650000, 3.646593
0.450000, 1.650000, 2.544422
0.500000, 1.650000, 1.977585
0.550000, 1.650000, 2.225902
0.600000, 1.650000, 3.099971
0.650000, 1.650000, 4.050076
0.700000, 1.650000, 4.482122
0.750000, 1.650000, 4.099030
0.800000, 1.650000, 3.071378
0.850000, 1.650000, 1.939234
0.900000, 1.650000, 1.301596
0.950000, 1.650000, 1.471940
1.000000, 1.650000, 2.297848
1.050000, 1.650000, 3.248388
1.100000, 1.650000, 3.719038
1.150000, 1.650000, 3.378919
1.200000, 1.650000, 2.360784
1.250000, 1.650000, 1.184580
1.300000, 1.650000, 0.458527
1.350000, 1.650000, 0.529518
1.400000, 1.650000, 1.283763
1.450000, 1.650000, 2.212276
1.500000, 1.650000, 2.703548
1.550000, 1.650000, 2.395225
1.600000, 1.650000, 1.382658
1.650000, 1.650000, 0.164476
1.700000, 1.650000, -0.643546
1.750000, 1.650000, -0.661880
1.800000, 1.650000, 0.035194
1.850000, 1.650000, 0.962894
1.900000, 1.650000, 1.505207
1.950000, 1.650000, 1.269603
2.000000, 1.650000, 0.313338
0.000000, 1.700000, 4.639044
0.050000, 1.700000, 3.553678
0.100000, 1.700000, 3.084877
0.150000, 1.700000, 3.477123
0.200000, 1.700000, 4.448204
0.250000, 1.700000, 5.361251
0.300000, 1.700000, 5.612441
0.350000, 1.700000, 4.998596
0.400000, 1.700000, 3.841078
0.450000, 1.700000, 2.790641
0.500000, 1.700000, 2.431905
0.550000, 1.700000, 2.928003
0.600000, 1.700000, 3.921505
0.650000, 1.700000, 4.751886
0.700000, 1.700000, 4.857269
0.750000, 1.700000, 4.116117
0.800000, 1.700000, 2.921073
0.850000, 1.700000, 1.940047
0.900000, 1.700000, 1.709850
0.950000, 1.700000, 2.309535
1.000000, 1.700000, 3.312112
1.050000, 1.700000, 4.044018
1.100000, 1.700000, 3.994549
1.150000, 1.700000, 3.126256
1.200000, 1.700000, 1.897545
1.250000, 1.700000, 0.983746
1.300000, 1.700000, 0.866299
1.350000, 1.700000, 1.539911
1.400000, 1.700000, 2.515793
1.450000, 1.700000, 3.119019
1.500000, 1.700000, 2.899155
1.550000, 1.700000, 1.904437
1.600000, 1.700000, 0.652746
1.650000, 1.700000, -0.182971
1.700000, 1.700000, -0.183510
1.750000, 1.700000, 0.562161
1.800000, 1.700000, 1.511596
1.850000, 1.700000, 1.999406
1.900000, 1.700000, 1.642604
1.950000, 1.700000, 0.574235
2.000000, 1.700000, -0.636822
0.000000, 1.750000, 5.220063
0.050000, 1.750000, 4.101394
0.100000, 1.750000, 3.648918
0.150000, 1.750000, 4.103687
0.200000, 1.750000, 5.120641
0.250000, 1.750000, 5.990725
0.300000, 1.750000, 6.096814
0.350000, 1.750000, 5.310576
0.400000, 1.750000, 4.075288
0.450000, 1.750000, 3.121418
0.500000, 1.750000, 2.997667
0.550000, 1.750000, 3.718719
0.600000, 1.750000, 4.755986
0.650000, 1.750000, 5.377293
0.700000, 1.750000, 5.117279
0.750000, 1.750000, 4.076344
0.800000, 1.750000, 2.856100
0.850000, 1.750000, 2.172786
0.900000, 1.750000, 2.397017
0.950000, 1.750000, 3.315519
1.000000, 1.750000, 4.267939
1.050000, 1.750000, 4.570840
1.100000, 1.750000, 3.956531
1.150000, 1.750000, 2.744827
1.200000, 1.750000, 1.637426
1.250000, 1.750000, 1.266996
1.300000, 1.750000, 1.790653
1.350000, 1.750000, 2.788983
1.400000, 1.750000, 3.535499
1.450000, 1.750000, 3.463417
1.500000, 1.750000, 2.529926
1.550000, 1.750000, 1.243926
1.600000, 1.750000, 0.339433
1.650000, 1.750000, 0.304441
1.700000, 1.750000, 1.067907
1.750000, 1.750000, 2.045926
1.800000, 1.750000, 2.517428
1.850000, 1.750000, 2.088047
1.900000, 1.750000, 0.944148
1.950000, 1.750000, -0.266166
2.000000, 1.750000, -0.848664
0.000000, 1.800000, 5.801240
0.050000, 1.800000, 4.649639
0.100000, 1.800000, 4.215894
0.150000, 1.800000, 4.734319
0.200000, 1.800000, 5.790692
0.250000, 1.800000, 6.603345
0.300000, 1.800000, 6.553140
0.350000, 1.800000, 5.603327
0.400000, 1.800000, 4.324876
0.450000, 1.800000, 3.510105
0.500000, 1.800000, 3.636321
0.550000, 1.800000, 4.542786
0.600000, 1.800000, 5.539815
0.650000, 1.800000, 5.876102
0.700000, 1.800000, 5.247728
0.750000, 1.800000, 4.004050
0.800000, 1.800000, 2.911019
0.850000, 1.800000, 2.632259
0.900000, 1.800000, 3.279407
0.950000, 1.800000, 4.336322
1.000000, 1.800000, 5.008516
1.050000, 1.800000, 4.761105
1.100000, 1.800000, 3.680919
1.150000, 1.800000, 2.417483
1.200000, 1.800000, 1.742859
1.250000, 1.800000, 2.028529
1.300000, 1.800000, 2.993658
1.350000, 1.800000, 3.895277
1.400000, 1.800000, 4.031574
1.450000, 1.800000, 3.217369
1.500000, 1.800000, 1.909718
1.550000, 1.800000, 0.898556
1.600000, 1.800000, 0.771936
1.650000, 1.800000, 1.518103
1.700000, 1.800000, 2.533931
1.750000, 1.800000, 3.034016
1.800000, 1.800000, 2.583304
1.850000, 1.800000, 1.392448
1.900000, 1.800000, 0.175824
1.950000, 1.800000, -0.331633
2.000000, 1.800000, 0.128493
0.000000, 1.850000, 6.348629
0.050000, 1.850000, 5.164524
0.100000, 1.850000, 4.751938
0.150000, 1.850000, 5.334809
0.200000, 1.850000, 6.423432
0.250000, 1.850000, 7.164225
0.300000, 1.850000, 6.948964
0.350000, 1.850000, 5.849027
0.400000, 1.850000, 4.564991
0.450000, 1.850000, 3.927502
0.500000, 1.850000, 4.305343
0.550000, 1.850000, 5.342783
0.600000, 1.850000, 6.213508
0.650000, 1.850000, 6.210041
0.700000, 1.850000, 5.248357
0.750000, 1.850000, 3.927852
0.800000, 1.850000, 3.103904
0.850000, 1.850000, 3.277845
0.900000, 1.850000, 4.239341
0.950000, 1.850000, 5.216224
1.000000, 1.850000, 5.424916
1.050000, 1.850000, 4.628987
1.100000, 1.850000, 3.307533
1.150000, 1.850000, 2.313331
1.200000, 1.850000, 2.264552
1.250000, 1.850000, 3.103796
1.300000, 1.850000, 4.138913
1.350000, 1.850000, 4.536522
1.400000, 1.850000, 3.916289
1.450000, 1.850000, 2.622232
1.500000, 1.850000, 1.477561
1.550000, 1.850000, 1.197904
1.600000, 1.850000, 1.881325
1.650000, 1.850000, 2.938802
1.700000, 1.850000, 3.514739
1.750000, 1.850000, 3.097633
1.800000, 1.850000, 1.885447
1.850000, 1.850000, 0.645115
1.900000, 1.850000, 0.166372
1.950000, 1.850000, 0.699346
2.000000, 1.850000, 1.776962
0.000000, 1.900000, 6.831632
0.050000, 1.900000, 5.615509
0.100000, 1.900000, 5.226521
0.150000, 1.900000, 5.874272
0.200000, 1.900000, 6.987312
0.250000, 1.900000, 7.642071
0.300000, 1.900000, 7.255710
0.350000, 1.900000, 6.023558
0.400000, 1.900000, 4.773265
0.450000, 1.900000, 4.344967
0.500000, 1.900000, 4.962036
0.550000, 1.900000, 6.064034
0.600000, 1.900000, 6.727074
0.650000, 1.900000, 6.356514
0.700000, 1.900000, 5.132799
0.750000, 1.900000, 3.876299
0.800000, 1.900000, 3.432432
0.850000, 1.900000, 4.037960
0.900000, 1.900000, 5.143420
0.950000, 1.900000, 5.824802
1.000000, 1.900000, 5.475917
1.050000, 1.900000, 4.262537
1.100000, 1.900000, 2.997927
1.150000, 1.900000, 2.533080
1.200000, 1.900000, 3.118691
1.250000, 1.900000, 4.217097
1.300000, 1.900000, 4.905148
1.350000, 1.900000, 4.566057
1.400000, 1.900000, 3.351699
1.450000, 1.900000, 2.068855
1.500000, 1.900000, 1.574673
1.550000, 1.900000, 2.134464
1.600000, 1.900000, 3.223170
1.650000, 1.900000, 3.919311
1.700000, 1.900000, 3.596133
1.750000, 1.900000, 2.391931
1.800000, 1.900000, 1.107020
1.850000, 1.900000, 0.604568
1.900000, 1.900000, 1.164367
1.950000, 1.900000, 2.273877
2.000000, 1.900000, 3.013149
0.000000, 1.950000, 7.225978
0.050000, 1.950000, 5.978384
0.100000, 1.950000, 5.615438
0.150000, 1.950000, 6.328137
0.200000, 1.950000, 7.457151
0.250000, 1.950000, 8.012174
0.300000, 1.950000, 7.451622
0.350000, 1.950000, 6.109320
0.400000, 1.950000, 4.932519
0.450000, 1.950000, 4.737319
0.500000, 1.950000, 5.567196
0.550000, 1.950000, 6.659225
0.600000, 1.950000, 7.044575
0.650000, 1.950000, 6.310891
0.700000, 1.950000, 4.926855
0.750000, 1.950000, 3.873608
0.800000, 1.950000, 3.872981
0.850000, 1.950000, 4.819639
0.900000, 1.950000, 5.863840
0.950000, 1.950000, 6.079728
1.000000, 1.950000, 5.193449
1.050000, 1.950000, 3.798370
1.100000, 1.950000, 2.888086
1.150000, 1.950000, 3.074605
1.200000, 1.950000, 4.106717
1.250000, 1.950000, 5.067432
1.300000, 1.950000, 5.095187
1.350000, 1.950000, 4.061510
1.400000, 1.950000, 2.672070
1.450000, 1.950000, 1.911645
1.500000, 1.950000, 2.269603
1.550000, 1.950000, 3.355180
1.600000, 1.950000, 4.205192
1.650000, 1.950000, 4.042105
1.700000, 1.950000, 2.886162
1.750000, 1.950000, 1.540014
1.800000, 1.950000, 0.957960
1.850000, 1.950000, 1.495940
1.900000, 1.950000, 2.632274
1.950000, 1.950000, 3.378788
2.000000, 1.950000, 3.058923
0.000000, 2.000000, 7.516089
0.050000, 2.000000, 6.237630
0.100000, 2.000000, 5.903173
0.150000, 2.000000, 6.680511
0.200000, 2.000000, 7.816508
0.250000, 2.000000, 8.258784
0.300000, 2.000000, 7.524084
0.350000, 2.000000, 6.097416
0.400000, 2.000000, 5.032881
0.450000, 2.000000, 5.085267
0.500000, 2.000000, 6.088332
0.550000, 2.000000, 7.092341
0.600000, 2.000000, 7.147450
0.650000, 2.000000, 6.087091
0.700000, 2.000000, 4.665520
0.750000, 2.000000, 3.936114
0.800000, 2.000000, 4.382992
0.850000, 2.000000, 5.521869
0.900000, 2.000000, 6.299223
0.950000, 2.000000, 5.960707
1.000000, 2.000000, 4.672867
1.050000, 2.000000, 3.385616
1.100000, 2.000000, 3.048871
1.150000, 2.000000, 3.829176
1.200000, 2.000000, 4.972183
1.250000, 2.000000, 5.424372
1.300000, 2.000000, 4.701457
1.350000, 2.000000, 3.287556
1.400000, 2.000000, 2.236049
1.450000, 2.000000, 2.301190
1.500000, 2.000000, 3.316410
1.550000, 2.000000, 4.331867
1.600000, 2.000000, 4.397825
1.650000, 2.000000, 3.348043
1.700000, 2.000000, 1.937307
1.750000, 2.000000, 1.219719
1.800000, 2.000000, 1.680287
1.850000, 2.000000, 2.835758
1.900000, 2.000000, 3.633749
1.950000, 2.000000, 3.321125
2.000000, 2.000000, 2.065679
