0.000000, 0.000000, 1.424509
0.050000, 0.000000, 1.102514
0.100000, 0.000000, 0.825570
0.150000, 0.000000, 0.629974
0.200000, 0.000000, 0.534065
0.250000, 0.000000, 0.534250
0.300000, 0.000000, 0.605809
0.350000, 0.000000, 0.708334
0.400000, 0.000000, 0.794573
0.450000, 0.000000, 0.820793
0.500000, 0.000000, 0.756372
0.550000, 0.000000, 0.590544
0.600000, 0.000000, 0.334819
0.650000, 0.000000, 0.020563
0.700000, 0.000000, -0.307761
0.750000, 0.000000, -0.602184
0.800000, 0.000000, -0.821596
0.850000, 0.000000, -0.940601
0.900000, 0.000000, -0.954954
0.950000, 0.000000, -0.882373
1.000000, 0.000000, -0.758572
1.050000, 0.000000, -0.629360
1.100000, 0.000000, -0.540549
1.150000, 0.000000, -0.527850
1.200000, 0.000000, -0.608983
1.250000, 0.000000, -0.779701
1.300000, 0.000000, -1.014611
1.350000, 0.000000, -1.272600
1.400000, 0.000000, -1.505702
1.450000, 0.000000, -1.669451
1.500000, 0.000000, -1.732483
1.550000, 0.000000, -1.683287
1.600000, 0.000000, -1.532629
1.650000, 0.000000, -1.311132
1.700000, 0.000000, -1.062528
1.750000, 0.000000, -0.834069
1.800000, 0.000000, -0.666165
1.850000, 0.000000, -0.583532
1.900000, 0.000000, -0.589767
1.950000, 0.000000, -0.666529
2.000000, 0.000000, -0.777521
0.000000, 0.050000, 1.507708
0.050000, 0.050000, 1.195566
0.100000, 0.050000, 0.928531
0.150000, 0.050000, 0.742938
0.200000, 0.050000, 0.657160
0.250000, 0.050000, 0.667637
0.300000, 0.050000, 0.749685
0.350000, 0.050000, 0.862925
0.400000, 0.050000, 0.960137
0.450000, 0.050000, 0.997616
0.500000, 0.050000, 0.944766
0.550000, 0.050000, 0.790845
0.600000, 0.050000, 0.547387
0.650000, 0.050000, 0.245775
0.700000, 0.050000, -0.069511
0.750000, 0.050000, -0.350487
0.800000, 0.050000, -0.556032
0.850000, 0.050000, -0.660745
0.900000, 0.050000, -0.660373
0.950000, 0.050000, -0.572635
1.000000, 0.050000, -0.433244
1.050000, 0.050000, -0.288016
1.100000, 0.050000, -0.182769
1.150000, 0.050000, -0.153228
1.200000, 0.050000, -0.217125
1.250000, 0.050000, -0.370233
1.300000, 0.050000, -0.587176
1.350000, 0.050000, -0.826869
1.400000, 0.050000, -1.041368
1.450000, 0.050000, -1.186239
1.500000, 0.050000, -1.230148
1.550000, 0.050000, -1.161619
1.600000, 0.050000, -0.991453
1.650000, 0.050000, -0.750310
1.700000, 0.050000, -0.481966
1.750000, 0.050000, -0.233709
1.800000, 0.050000, -0.045994
1.850000, 0.050000, 0.056418
1.900000, 0.050000, 0.069888
1.950000, 0.050000, 0.012709
2.000000, 0.050000, -0.078865
0.000000, 0.100000, 1.565309
0.050000, 0.100000, 1.263078
0.100000, 0.100000, 1.006020
0.150000, 0.100000, 0.830476
0.200000, 0.100000, 0.754823
0.250000, 0.100000, 0.775503
0.300000, 0.100000, 0.867834
0.350000, 0.100000, 0.991438
0.400000, 0.100000, 1.099092
0.450000, 0.100000, 1.147090
0.500000, 0.100000, 1.104829
0.550000, 0.100000, 0.961562
0.600000, 0.100000, 0.728811
0.650000, 0.100000, 0.437949
0.700000, 0.100000, 0.133444
0.750000, 0.100000, -0.136740
0.800000, 0.100000, -0.331498
0.850000, 0.100000, -0.425451
0.900000, 0.100000, -0.414372
0.950000, 0.100000, -0.316003
1.000000, 0.100000, -0.166090
1.050000, 0.100000, -0.010479
1.100000, 0.100000, 0.104978
1.150000, 0.100000, 0.144520
1.200000, 0.100000, 0.090373
1.250000, 0.100000, -0.053274
1.300000, 0.100000, -0.261090
1.350000, 0.100000, -0.492035
1.400000, 0.100000, -0.698212
1.450000, 0.100000, -0.835236
1.500000, 0.100000, -0.871824
1.550000, 0.100000, -0.796549
1.600000, 0.100000, -0.620267
1.650000, 0.100000, -0.373691
1.700000, 0.100000, -0.100648
1.750000, 0.100000, 0.151516
1.800000, 0.100000, 0.342294
1.850000, 0.100000, 0.446872
1.900000, 0.100000, 0.461556
1.950000, 0.100000, 0.404586
2.000000, 0.100000, 0.312166
0.000000, 0.150000, 1.597862
0.050000, 0.150000, 1.305633
0.100000, 0.150000, 1.058624
0.150000, 0.150000, 0.893118
0.200000, 0.150000, 0.827435
0.250000, 0.150000, 0.857958
0.300000, 0.150000, 0.959946
0.350000, 0.150000, 1.092961
0.400000, 0.150000, 1.209723
0.450000, 0.150000, 1.266462
0.500000, 0.150000, 1.232518
0.550000, 0.150000, 1.097080
0.600000, 0.150000, 0.871612
0.650000, 0.150000, 0.587424
0.700000, 0.150000, 0.288924
0.750000, 0.150000, 0.024015
0.800000, 0.150000, -0.166259
0.850000, 0.150000, -0.256578
0.900000, 0.150000, -0.242774
0.950000, 0.150000, -0.142650
1.000000, 0.150000, 0.007993
1.050000, 0.150000, 0.163251
1.100000, 0.150000, 0.277217
1.150000, 0.150000, 0.314075
1.200000, 0.150000, 0.256001
1.250000, 0.150000, 0.107132
1.300000, 0.150000, -0.107248
1.350000, 0.150000, -0.346144
1.400000, 0.150000, -0.561705
1.450000, 0.150000, -0.709582
1.500000, 0.150000, -0.758531
1.550000, 0.150000, -0.697160
1.600000, 0.150000, -0.536354
1.650000, 0.150000, -0.306852
1.700000, 0.150000, -0.052504
1.750000, 0.150000, 0.179327
1.800000, 0.150000, 0.348119
1.850000, 0.150000, 0.429049
1.900000, 0.150000, 0.418419
1.950000, 0.150000, 0.334472
2.000000, 0.150000, 0.213416
0.000000, 0.200000, 1.606264
0.050000, 0.200000, 1.324165
0.100000, 0.200000, 1.087282
0.150000, 0.200000, 0.931745
0.200000, 0.200000, 0.875728
0.250000, 0.200000, 0.915466
0.300000, 0.200000, 1.026073
0.350000, 0.200000, 1.166969
0.400000, 0.200000, 1.290734
0.450000, 0.200000, 1.353464
0.500000, 0.200000, 1.324369
0.550000, 0.200000, 1.192515
0.600000, 0.200000, 0.969247
0.650000, 0.200000, 0.685765
0.700000, 0.200000, 0.386372
0.750000, 0.200000, 0.118878
0.800000, 0.200000, -0.075762
0.850000, 0.200000, -0.172304
0.900000, 0.200000, -0.166649
0.950000, 0.200000, -0.076656
1.000000, 0.200000, 0.061824
1.050000, 0.200000, 0.202851
1.100000, 0.200000, 0.300493
1.150000, 0.200000, 0.318920
1.200000, 0.200000, 0.240305
1.250000, 0.200000, 0.068796
1.300000, 0.200000, -0.170306
1.350000, 0.200000, -0.435970
1.400000, 0.200000, -0.680299
1.450000, 0.200000, -0.858891
1.500000, 0.200000, -0.940430
1.550000, 0.200000, -0.913445
1.600000, 0.200000, -0.788727
1.650000, 0.200000, -0.596915
1.700000, 0.200000, -0.381743
1.750000, 0.200000, -0.190450
1.800000, 0.200000, -0.063422
1.850000, 0.200000, -0.025339
1.900000, 0.200000, -0.079743
1.950000, 0.200000, -0.208230
2.000000, 0.200000, -0.374422
0.000000, 0.250000, 1.591746
0.050000, 0.250000, 1.319941
0.100000, 0.250000, 1.093260
0.150000, 0.250000, 0.947567
0.200000, 0.250000, 0.900765
0.250000, 0.250000, 0.948829
0.300000, 0.250000, 1.066621
0.350000, 0.250000, 1.213317
0.400000, 0.250000, 1.341269
0.450000, 0.250000, 1.406358
0.500000, 0.250000, 1.377596
0.550000, 0.250000, 1.243870
0.600000, 0.250000, 1.016367
0.650000, 0.250000, 0.726149
0.700000, 0.250000, 0.417406
0.750000, 0.250000, 0.137858
0.800000, 0.250000, -0.071602
0.850000, 0.250000, -0.185768
0.900000, 0.250000, -0.200550
0.950000, 0.250000, -0.133793
1.000000, 0.250000, -0.021298
1.050000, 0.250000, 0.091065
1.100000, 0.250000, 0.157464
1.150000, 0.250000, 0.142196
1.200000, 0.250000, 0.027589
1.250000, 0.250000, -0.182031
1.300000, 0.250000, -0.461158
1.350000, 0.250000, -0.768535
1.400000, 0.250000, -1.056016
1.450000, 0.250000, -1.278927
1.500000, 0.250000, -1.405668
1.550000, 0.250000, -1.424461
1.600000, 0.250000, -1.345780
1.650000, 0.250000, -1.199930
1.700000, 0.250000, -1.030306
1.750000, 0.250000, -0.883797
1.800000, 0.250000, -0.800436
1.850000, 0.250000, -0.804546
1.900000, 0.250000, -0.899314
1.950000, 0.250000, -1.065982
2.000000, 0.250000, -1.267823
0.000000, 0.300000, 1.555843
0.050000, 0.300000, 1.294526
0.100000, 0.300000, 1.078129
0.150000, 0.300000, 0.942092
0.200000, 0.300000, 0.903909
0.250000, 0.300000, 0.959158
0.300000, 0.300000, 1.082324
0.350000, 0.300000, 1.232233
0.400000, 0.300000, 1.360917
0.450000, 0.300000, 1.423973
0.500000, 0.300000, 1.390164
0.550000, 0.300000, 1.248173
0.600000, 0.300000, 1.009028
0.650000, 0.300000, 0.703682
0.700000, 0.300000, 0.376262
0.750000, 0.300000, 0.074481
0.800000, 0.300000, -0.160725
0.850000, 0.300000, -0.304055
0.900000, 0.300000, -0.351270
0.950000, 0.300000, -0.320010
1.000000, 0.300000, -0.245830
1.050000, 0.300000, -0.174298
1.100000, 0.300000, -0.150900
1.150000, 0.300000, -0.210953
1.200000, 0.300000, -0.371702
1.250000, 0.300000, -0.628361
1.300000, 0.300000, -0.954931
1.350000, 0.300000, -1.309642
1.400000, 0.300000, -1.643811
1.450000, 0.300000, -1.912217
1.500000, 0.300000, -2.082700
1.550000, 0.300000, -2.142926
1.600000, 0.300000, -2.102813
1.650000, 0.300000, -1.992125
1.700000, 0.300000, -1.853728
1.750000, 0.300000, -1.734009
1.800000, 0.300000, -1.672528
1.850000, 0.300000, -1.693167
1.900000, 0.300000, -1.798718
1.950000, 0.300000, -1.970069
2.000000, 0.300000, -2.170196
0.000000, 0.350000, 1.500358
0.050000, 0.350000, 1.249756
0.100000, 0.350000, 1.043722
0.150000, 0.350000, 0.917097
0.200000, 0.350000, 0.886795
0.250000, 0.350000, 0.947844
0.300000, 0.350000, 1.074223
0.350000, 0.350000, 1.224302
0.400000, 0.350000, 1.349714
0.450000, 0.350000, 1.405726
0.500000, 0.350000, 1.360846
0.550000, 0.350000, 1.203581
0.600000, 0.350000, 0.944865
0.650000, 0.350000, 0.615645
0.700000, 0.350000, 0.260135
0.750000, 0.350000, -0.073782
0.800000, 0.350000, -0.344910
0.850000, 0.350000, -0.527597
0.900000, 0.350000, -0.617178
0.950000, 0.350000, -0.630789
1.000000, 0.350000, -0.603407
1.050000, 0.350000, -0.579962
1.100000, 0.350000, -0.605249
1.150000, 0.350000, -0.713847
1.200000, 0.350000, -0.922233
1.250000, 0.350000, -1.224828
1.300000, 0.350000, -1.594831
1.350000, 0.350000, -1.989670
1.400000, 0.350000, -2.359878
1.450000, 0.350000, -2.659472
1.500000, 0.350000, -2.855575
1.550000, 0.350000, -2.935182
1.600000, 0.350000, -2.907605
1.650000, 0.350000, -2.802077
1.700000, 0.350000, -2.661016
1.750000, 0.350000, -2.530454
1.800000, 0.350000, -2.449697
1.850000, 0.350000, -2.442483
1.900000, 0.350000, -2.511570
1.950000, 0.350000, -2.637935
2.000000, 0.350000, -2.784755
0.000000, 0.400000, 1.427322
0.050000, 0.400000, 1.187693
0.100000, 0.400000, 0.992102
0.150000, 0.400000, 0.874584
0.200000, 0.400000, 0.851284
0.250000, 0.400000, 0.916521
0.300000, 0.400000, 1.043632
0.350000, 0.400000, 1.190439
0.400000, 0.400000, 1.308129
0.450000, 0.400000, 1.351638
0.500000, 0.400000, 1.289270
0.550000, 0.400000, 1.109458
0.600000, 0.400000, 0.823203
0.650000, 0.400000, 0.461654
0.700000, 0.400000, 0.069365
0.750000, 0.400000, -0.305306
0.800000, 0.400000, -0.620561
0.850000, 0.400000, -0.850035
0.900000, 0.400000, -0.988238
0.950000, 0.400000, -1.051395
1.000000, 0.400000, -1.073499
1.050000, 0.400000, -1.098441
1.100000, 0.400000, -1.169945
1.150000, 0.400000, -1.321500
1.200000, 0.400000, -1.568507
1.250000, 0.400000, -1.904341
1.300000, 0.400000, -2.301209
1.350000, 0.400000, -2.715620
1.400000, 0.400000, -3.097286
1.450000, 0.400000, -3.399519
1.500000, 0.400000, -3.588868
1.550000, 0.400000, -3.651907
1.600000, 0.400000, -3.597690
1.650000, 0.400000, -3.455361
1.700000, 0.400000, -3.267435
1.750000, 0.400000, -3.080228
1.800000, 0.400000, -2.933513
1.850000, 0.400000, -2.851687
1.900000, 0.400000, -2.838343
1.950000, 0.400000, -2.875466
2.000000, 0.400000, -2.927404
0.000000, 0.450000, 1.338951
0.050000, 0.450000, 1.110580
0.100000, 0.450000, 0.925508
0.150000, 0.450000, 0.816732
0.200000, 0.450000, 0.799423
0.250000, 0.450000, 0.867019
0.300000, 0.450000, 0.992096
0.350000, 0.450000, 1.131859
0.400000, 0.450000, 1.237046
0.450000, 0.450000, 1.262326
0.500000, 0.450000, 1.175928
0.550000, 0.450000, 0.966416
0.600000, 0.450000, 0.645119
0.650000, 0.450000, 0.243719
0.700000, 0.450000, -0.192510
0.750000, 0.450000, -0.614315
0.800000, 0.450000, -0.978846
0.850000, 0.450000, -1.258554
0.900000, 0.450000, -1.446660
0.950000, 0.450000, -1.558028
1.000000, 0.450000, -1.625250
1.050000, 0.450000, -1.690811
1.100000, 0.450000, -1.797062
1.150000, 0.450000, -1.976193
1.200000, 0.450000, -2.242408
1.250000, 0.450000, -2.588026
1.300000, 0.450000, -2.984373
1.350000, 0.450000, -3.387279
1.400000, 0.450000, -3.746002
1.450000, 0.450000, -4.013650
1.500000, 0.450000, -4.156828
1.550000, 0.450000, -4.162438
1.600000, 0.450000, -4.040138
1.650000, 0.450000, -3.819947
1.700000, 0.450000, -3.545517
1.750000, 0.450000, -3.264546
1.800000, 0.450000, -3.018419
1.850000, 0.450000, -2.833336
1.900000, 0.450000, -2.714860
1.950000, 0.450000, -2.647076
2.000000, 0.450000, -2.596512
0.000000, 0.500000, 1.237595
0.050000, 0.500000, 1.020795
0.100000, 0.500000, 0.846312
0.150000, 0.500000, 0.745852
0.200000, 0.500000, 0.733393
0.250000, 0.500000, 0.801322
0.300000, 0.500000, 0.921352
0.350000, 0.500000, 1.050044
0.400000, 0.500000, 1.137743
0.450000, 0.500000, 1.138993
0.500000, 0.500000, 1.022182
0.550000, 0.500000, 0.776314
0.600000, 0.500000, 0.413440
0.650000, 0.500000, -0.033781
0.700000, 0.500000, -0.518859
0.750000, 0.500000, -0.991122
0.800000, 0.500000, -1.406141
0.850000, 0.500000, -1.734673
0.900000, 0.500000, -1.968183
0.950000, 0.500000, -2.119771
1.000000, 0.500000, -2.220316
1.050000, 0.500000, -2.310700
1.100000, 0.500000, -2.431834
1.150000, 0.500000, -2.614684
1.200000, 0.500000, -2.872497
1.250000, 0.500000, -3.196940
1.300000, 0.500000, -3.559028
1.350000, 0.500000, -3.914644
1.400000, 0.500000, -4.213481
1.450000, 0.500000, -4.409464
1.500000, 0.500000, -4.470395
1.550000, 0.500000, -4.384729
1.600000, 0.500000, -4.164011
1.650000, 0.500000, -3.840439
1.700000, 0.500000, -3.460088
1.750000, 0.500000, -3.073265
1.800000, 0.500000, -2.724086
1.850000, 0.500000, -2.441538
1.900000, 0.500000, -2.233953
1.950000, 0.500000, -2.088084
2.000000, 0.500000, -1.972964
0.000000, 0.550000, 1.125686
0.050000, 0.550000, 0.920794
0.100000, 0.550000, 0.756964
0.150000, 0.550000, 0.664334
0.200000, 0.550000, 0.655459
0.250000, 0.550000, 0.721516
0.300000, 0.550000, 0.833281
0.350000, 0.550000, 0.946699
0.400000, 0.550000, 1.011851
0.450000, 0.550000, 0.983400
0.500000, 0.550000, 0.830234
0.550000, 0.550000, 0.542234
0.600000, 0.550000, 0.132678
0.650000, 0.550000, -0.364233
0.700000, 0.550000, -0.900208
0.750000, 0.550000, -1.422575
0.800000, 0.550000, -1.884785
0.850000, 0.550000, -2.255428
0.900000, 0.550000, -2.523848
0.950000, 0.550000, -2.701151
1.000000, 0.550000, -2.816433
1.050000, 0.550000, -2.909087
1.100000, 0.550000, -3.018895
1.150000, 0.550000, -3.176121
1.200000, 0.550000, -3.393776
1.250000, 0.550000, -3.663799
1.300000, 0.550000, -3.957990
1.350000, 0.550000, -4.233534
1.400000, 0.550000, -4.441922
1.450000, 0.550000, -4.539329
1.500000, 0.550000, -4.496210
1.550000, 0.550000, -4.303999
1.600000, 0.550000, -3.977462
1.650000, 0.550000, -3.552163
1.700000, 0.550000, -3.077581
1.750000, 0.550000, -2.607360
1.800000, 0.550000, -2.188766
1.850000, 0.550000, -1.853645
1.900000, 0.550000, -1.612789
1.950000, 0.550000, -1.454920
2.000000, 0.550000, -1.350468
0.000000, 0.600000, 1.005687
0.050000, 0.600000, 0.813061
0.100000, 0.600000, 0.659939
0.150000, 0.600000, 0.574591
0.200000, 0.600000, 0.567916
0.250000, 0.600000, 0.629737
0.300000, 0.600000, 0.729861
0.350000, 0.600000, 0.823708
0.400000, 0.600000, 0.861321
0.450000, 0.600000, 0.797829
0.500000, 0.600000, 0.603085
0.550000, 0.600000, 0.268403
0.600000, 0.600000, -0.191092
0.650000, 0.600000, -0.739010
0.700000, 0.600000, -1.324627
0.750000, 0.600000, -1.892699
0.800000, 0.600000, -2.394082
0.850000, 0.600000, -2.794876
0.900000, 0.600000, -3.082159
0.950000, 0.600000, -3.265115
1.000000, 0.600000, -3.371366
1.050000, 0.600000, -3.439372
1.100000, 0.600000, -3.508597
1.150000, 0.600000, -3.609642
1.200000, 0.600000, -3.756539
1.250000, 0.600000, -3.942920
1.300000, 0.600000, -4.142916
1.350000, 0.600000, -4.316617
1.400000, 0.600000, -4.418903
1.450000, 0.600000, -4.409709
1.500000, 0.600000, -4.263483
1.550000, 0.600000, -3.975746
1.600000, 0.600000, -3.565274
1.650000, 0.600000, -3.071417
1.700000, 0.600000, -2.547048
1.750000, 0.600000, -2.048666
1.800000, 0.600000, -1.625722
1.850000, 0.600000, -1.311460
1.900000, 0.600000, -1.117202
1.950000, 0.600000, -1.031274
2.000000, 0.600000, -1.022758
0.000000, 0.650000, 0.880034
0.050000, 0.650000, 0.700053
0.100000, 0.650000, 0.557681
0.150000, 0.650000, 0.479007
0.200000, 0.650000, 0.473038
0.250000, 0.650000, 0.528123
0.300000, 0.650000, 0.613119
0.350000, 0.650000, 0.683092
0.400000, 0.650000, 0.688376
0.450000, 0.650000, 0.585033
0.500000, 0.650000, 0.344468
0.550000, 0.650000, -0.039904
0.600000, 0.650000, -0.550406
0.650000, 0.650000, -1.147773
0.700000, 0.650000, -1.778232
0.750000, 0.650000, -2.383485
0.800000, 0.650000, -2.911496
0.850000, 0.650000, -3.325808
0.900000, 0.650000, -3.611438
0.950000, 0.650000, -3.776140
1.000000, 0.650000, -3.846859
1.050000, 0.650000, -3.862204
1.100000, 0.650000, -3.862655
1.150000, 0.650000, -3.880701
1.200000, 0.650000, -3.933085
1.250000, 0.650000, -4.016888
1.300000, 0.650000, -4.110301
1.350000, 0.650000, -4.177922
1.400000, 0.650000, -4.179397
1.450000, 0.650000, -4.079470
1.500000, 0.650000, -3.857228
1.550000, 0.650000, -3.512421
1.600000, 0.650000, -3.067447
1.650000, 0.650000, -2.564460
1.700000, 0.650000, -2.058165
1.750000, 0.650000, -1.605785
1.800000, 0.650000, -1.256309
1.850000, 0.650000, -1.041300
1.900000, 0.650000, -0.969203
1.950000, 0.650000, -1.024342
2.000000, 0.650000, -1.170808
0.000000, 0.700000, 0.751090
0.050000, 0.700000, 0.584147
0.100000, 0.700000, 0.452555
0.150000, 0.700000, 0.379886
0.200000, 0.700000, 0.373024
0.250000, 0.700000, 0.418759
0.300000, 0.700000, 0.485079
0.350000, 0.700000, 0.526961
0.400000, 0.700000, 0.495467
0.450000, 0.700000, 0.348183
0.500000, 0.700000, 0.058770
0.550000, 0.700000, -0.376500
0.600000, 0.700000, -0.936643
0.650000, 0.700000, -1.578853
0.700000, 0.700000, -2.245791
0.750000, 0.700000, -2.875809
0.800000, 0.700000, -3.413966
0.850000, 0.700000, -3.821558
0.900000, 0.700000, -4.082197
0.950000, 0.700000, -4.203214
1.000000, 0.700000, -4.212201
1.050000, 0.700000, -4.149515
1.100000, 0.700000, -4.058451
1.150000, 0.700000, -3.975282
1.200000, 0.700000, -3.921348
1.250000, 0.700000, -3.898927
1.300000, 0.700000, -3.891755
1.350000, 0.700000, -3.870034
1.400000, 0.700000, -3.798769
1.450000, 0.700000, -3.647520
1.500000, 0.700000, -3.399350
1.550000, 0.700000, -3.056898
1.600000, 0.700000, -2.644148
1.650000, 0.700000, -2.203394
1.700000, 0.700000, -1.787954
1.750000, 0.700000, -1.452136
1.800000, 0.700000, -1.240571
1.850000, 0.700000, -1.179170
1.900000, 0.700000, -1.269669
1.950000, 0.700000, -1.488922
2.000000, 0.700000, -1.793133
0.000000, 0.750000, 0.621087
0.050000, 0.750000, 0.467591
0.100000, 0.750000, 0.346792
0.150000, 0.750000, 0.279399
0.200000, 0.750000, 0.269951
0.250000, 0.750000, 0.303633
0.300000, 0.750000, 0.347719
0.350000, 0.750000, 0.357465
0.400000, 0.750000, 0.285217
0.450000, 0.750000, 0.090799
0.500000, 0.750000, -0.249073
0.550000, 0.750000, -0.734446
0.600000, 0.750000, -1.340294
0.650000, 0.750000, -2.019685
0.700000, 0.750000, -2.711388
0.750000, 0.750000, -3.350402
0.800000, 0.750000, -3.879256
0.850000, 0.750000, -4.257780
0.900000, 0.750000, -4.469355
0.950000, 0.750000, -4.522430
1.000000, 0.750000, -4.447066
1.050000, 0.750000, -4.287371
1.100000, 0.750000, -4.091510
1.150000, 0.750000, -3.901492
1.200000, 0.750000, -3.744947
1.250000, 0.750000, -3.630626
1.300000, 0.750000, -3.548522
1.350000, 0.750000, -3.474475
1.400000, 0.750000, -3.378121
1.450000, 0.750000, -3.232299
1.500000, 0.750000, -3.021727
1.550000, 0.750000, -2.748885
1.600000, 0.750000, -2.435703
1.650000, 0.750000, -2.120543
1.700000, 0.750000, -1.851059
1.750000, 0.750000, -1.674414
1.800000, 0.750000, -1.626958
1.850000, 0.750000, -1.725627
1.900000, 0.750000, -1.962970
1.950000, 0.750000, -2.306978
2.000000, 0.750000, -2.705838
0.000000, 0.800000, 0.492089
0.050000, 0.800000, 0.352459
0.100000, 0.800000, 0.242447
0.150000, 0.800000, 0.179538
0.200000, 0.800000, 0.165725
0.250000, 0.800000, 0.184586
0.300000, 0.800000, 0.202925
0.350000, 0.800000, 0.176751
0.400000, 0.800000, 0.060374
0.450000, 0.800000, -0.183319
0.500000, 0.800000, -0.573679
0.550000, 0.800000, -1.106243
0.600000, 0.800000, -1.751264
0.650000, 0.800000, -2.457283
0.700000, 0.800000, -3.159132
0.750000, 0.800000, -3.788843
0.800000, 0.800000, -4.287265
0.850000, 0.800000, -4.614065
0.900000, 0.800000, -4.754105
0.950000, 0.800000, -4.718961
1.000000, 0.800000, -4.543345
1.050000, 0.800000, -4.277298
1.100000, 0.800000, -3.975837
1.150000, 0.800000, -3.688306
1.200000, 0.800000, -3.449647
1.250000, 0.800000, -3.275370
1.300000, 0.800000, -3.161157
1.350000, 0.800000, -3.086999
1.400000, 0.800000, -3.024762
1.450000, 0.800000, -2.947329
1.500000, 0.800000, -2.837143
1.550000, 0.800000, -2.692126
1.600000, 0.800000, -2.527542
1.650000, 0.800000, -2.373333
1.700000, 0.800000, -2.267448
1.750000, 0.800000, -2.246647
1.800000, 0.800000, -2.336843
1.850000, 0.800000, -2.545186
1.900000, 0.800000, -2.855782
1.950000, 0.800000, -3.230129
2.000000, 0.800000, -3.612397
0.000000, 0.850000, 0.365941
0.050000, 0.850000, 0.240604
0.100000, 0.850000, 0.141351
0.150000, 0.850000, 0.082076
0.200000, 0.850000, 0.062040
0.250000, 0.850000, 0.063277
0.300000, 0.850000, 0.052453
0.350000, 0.850000, -0.013080
0.400000, 0.850000, -0.176242
0.450000, 0.850000, -0.470170
0.500000, 0.850000, -0.909353
0.550000, 0.850000, -1.484029
0.600000, 0.850000, -2.159201
0.650000, 0.850000, -2.878738
0.700000, 0.850000, -3.573867
0.750000, 0.850000, -4.174509
0.800000, 0.850000, -4.621208
0.850000, 0.850000, -4.875300
0.900000, 0.850000, -4.925300
0.950000, 0.850000, -4.788250
1.000000, 0.850000, -4.505810
1.050000, 0.850000, -4.135967
1.100000, 0.850000, -3.742098
1.150000, 0.850000, -3.381651
1.200000, 0.850000, -3.096744
1.250000, 0.850000, -2.908490
1.300000, 0.850000, -2.816057
1.350000, 0.850000, -2.800388
1.400000, 0.850000, -2.831542
1.450000, 0.850000, -2.877807
1.500000, 0.850000, -2.914443
1.550000, 0.850000, -2.929998
1.600000, 0.850000, -2.928773
1.650000, 0.850000, -2.928904
1.700000, 0.850000, -2.956539
1.750000, 0.850000, -3.037536
1.800000, 0.850000, -3.188664
1.850000, 0.850000, -3.410465
1.900000, 0.850000, -3.683583
1.950000, 0.850000, -3.969610
2.000000, 0.850000, -4.216530
0.000000, 0.900000, 0.244238
0.050000, 0.900000, 0.133625
0.100000, 0.900000, 0.045081
0.150000, 0.900000, -0.011470
0.200000, 0.900000, -0.039655
0.250000, 0.900000, -0.058855
0.300000, 0.900000, -0.102112
0.350000, 0.900000, -0.210011
0.400000, 0.900000, -0.421795
0.450000, 0.900000, -0.765626
0.500000, 0.900000, -1.250213
0.550000, 0.900000, -1.859798
0.600000, 0.900000, -2.553835
0.650000, 0.900000, -3.271717
0.700000, 0.900000, -3.941855
0.750000, 0.900000, -4.493435
0.800000, 0.900000, -4.868598
0.850000, 0.900000, -5.032650
0.900000, 0.900000, -4.980244
0.950000, 0.900000, -4.736308
1.000000, 0.900000, -4.351524
1.050000, 0.900000, -3.893274
1.100000, 0.900000, -3.433858
1.150000, 0.900000, -3.038326
1.200000, 0.900000, -2.754291
1.250000, 0.900000, -2.605621
1.300000, 0.900000, -2.591069
1.350000, 0.900000, -2.687826
1.400000, 0.900000, -2.858976
1.450000, 0.900000, -3.063023
1.500000, 0.900000, -3.263304
1.550000, 0.900000, -3.435210
1.600000, 0.900000, -3.569699
1.650000, 0.900000, -3.672499
1.700000, 0.900000, -3.759393
1.750000, 0.900000, -3.848888
1.800000, 0.900000, -3.954195
1.850000, 0.900000, -4.076583
1.900000, 0.900000, -4.201858
1.950000, 0.900000, -4.301009
2.000000, 0.900000, -4.335077
0.000000, 0.950000, 0.128294
0.050000, 0.950000, 0.032839
0.100000, 0.950000, -0.045076
0.150000, 0.950000, -0.099871
0.200000, 0.950000, -0.138188
0.250000, 0.950000, -0.180622
0.300000, 0.950000, -0.259377
0.350000, 0.950000, -0.412146
0.400000, 0.950000, -0.673477
0.450000, 0.950000, -1.065519
0.500000, 0.950000, -1.590326
0.550000, 0.950000, -2.225626
0.600000, 0.950000, -2.925315
0.650000, 0.950000, -3.624944
0.700000, 0.950000, -4.251397
0.750000, 0.950000, -4.735034
0.800000, 0.950000, -5.021978
0.850000, 0.950000, -5.084124
0.900000, 0.950000, -4.924832
0.950000, 0.950000, -4.579098
1.000000, 0.950000, -4.108084
1.050000, 0.950000, -3.589012
1.100000, 0.950000, -3.102321
1.150000, 0.950000, -2.718553
1.200000, 0.950000, -2.487422
1.250000, 0.950000, -2.431060
1.300000, 0.950000, -2.542552
1.350000, 0.950000, -2.789788
1.400000, 0.950000, -3.123582
1.450000, 0.950000, -3.488192
1.500000, 0.950000, -3.831973
1.550000, 0.950000, -4.115985
1.600000, 0.950000, -4.318895
1.650000, 0.950000, -4.437457
1.700000, 0.950000, -4.482817
1.750000, 0.950000, -4.473862
1.800000, 0.950000, -4.429423
1.850000, 0.950000, -4.361393
1.900000, 0.950000, -4.270477
1.950000, 0.950000, -4.145697
2.000000, 0.950000, -3.967759
0.000000, 1.000000, 0.019118
0.050000, 1.000000, -0.060747
0.100000, 1.000000, -0.128139
0.150000, 1.000000, -0.182205
0.200000, 1.000000, -0.232685
0.250000, 1.000000, -0.301105
0.300000, 1.000000, -0.418174
0.350000, 1.000000, -0.617741
0.400000, 1.000000, -0.928558
0.450000, 1.000000, -1.365717
0.500000, 1.000000, -1.923848
0.550000, 1.000000, -2.573885
0.600000, 1.000000, -3.264543
0.650000, 1.000000, -3.928640
0.700000, 1.000000, -4.493362
0.750000, 1.000000, -4.892647
0.800000, 1.000000, -5.079340
0.850000, 1.000000, -5.034662
0.900000, 1.000000, -4.773026
0.950000, 1.000000, -4.341061
1.000000, 1.000000, -3.810848
1.050000, 1.000000, -3.268506
1.100000, 1.000000, -2.800196
1.150000, 1.000000, -2.478123
1.200000, 1.000000, -2.349120
1.250000, 1.000000, -2.427887
1.300000, 1.000000, -2.696013
1.350000, 1.000000, -3.106781
1.400000, 1.000000, -3.594648
1.450000, 1.000000, -4.087383
1.500000, 1.000000, -4.518458
1.550000, 1.000000, -4.837306
1.600000, 1.000000, -5.015634
1.650000, 1.000000, -5.048901
1.700000, 1.000000, -4.953077
1.750000, 1.000000, -4.757834
1.800000, 1.000000, -4.497979
1.850000, 1.000000, -4.205210
1.900000, 1.000000, -3.902070
1.950000, 1.000000, -3.599334
2.000000, 1.000000, -3.297196
0.000000, 1.050000, -0.082598
0.050000, 1.050000, -0.146447
0.100000, 1.050000, -0.203456
0.150000, 1.050000, -0.257875
0.200000, 1.050000, -0.322585
0.250000, 1.050000, -0.419670
0.300000, 1.050000, -0.577570
0.350000, 1.050000, -0.825224
0.400000, 1.050000, -1.184429
0.450000, 1.050000, -1.662207
0.500000, 1.050000, -2.245161
0.550000, 1.050000, -2.897467
0.600000, 1.050000, -3.563478
0.650000, 1.050000, -4.174913
0.700000, 1.050000, -4.661604
0.750000, 1.050000, -4.963881
0.800000, 1.050000, -5.044221
0.850000, 1.050000, -4.895748
0.900000, 1.050000, -4.545705
0.950000, 1.050000, -4.052917
1.000000, 1.050000, -3.499435
1.050000, 1.050000, -2.977689
1.100000, 1.050000, -2.575426
1.150000, 1.050000, -2.361143
1.200000, 1.050000, -2.372728
1.250000, 1.050000, -2.611373
1.300000, 1.050000, -3.041878
1.350000, 1.050000, -3.599215
1.400000, 1.050000, -4.200037
1.450000, 1.050000, -4.756933
1.500000, 1.050000, -5.192734
1.550000, 1.050000, -5.452278
1.600000, 1.050000, -5.509630
1.650000, 1.050000, -5.369685
1.700000, 1.050000, -5.064284
1.750000, 1.050000, -4.643974
1.800000, 1.050000, -4.167373
1.850000, 1.050000, -3.690424
1.900000, 1.050000, -3.257671
1.950000, 1.050000, -2.897099
2.000000, 1.050000, -2.619173
0.000000, 1.100000, -0.176492
0.050000, 1.100000, -0.223906
0.100000, 1.100000, -0.270705
0.150000, 1.100000, -0.326615
0.200000, 1.100000, -0.407649
0.250000, 1.100000, -0.535977
0.300000, 1.100000, -0.736878
0.350000, 1.100000, -1.033217
0.400000, 1.100000, -1.438637
0.450000, 1.100000, -1.951164
0.500000, 1.100000, -2.549000
0.550000, 1.100000, -3.189981
0.600000, 1.100000, -3.815408
0.650000, 1.100000, -4.358070
0.700000, 1.100000, -4.753246
0.750000, 1.100000, -4.950726
0.800000, 1.100000, -4.925465
0.850000, 1.100000, -4.684584
0.900000, 1.100000, -4.268994
0.950000, 1.100000, -3.748932
1.000000, 1.100000, -3.213830
1.050000, 1.100000, -2.758131
1.100000, 1.100000, -2.465505
1.150000, 1.100000, -2.394347
1.200000, 1.100000, -2.567274
1.250000, 1.100000, -2.966651
1.300000, 1.100000, -3.537075
1.350000, 1.100000, -4.194437
1.400000, 1.100000, -4.839954
1.450000, 1.100000, -5.376625
1.500000, 1.100000, -5.725130
1.550000, 1.100000, -5.836339
1.600000, 1.100000, -5.698280
1.650000, 1.100000, -5.336492
1.700000, 1.100000, -4.807970
1.750000, 1.100000, -4.190087
1.800000, 1.100000, -3.566766
1.850000, 1.100000, -3.014555
1.900000, 1.100000, -2.591156
1.950000, 1.100000, -2.328286
2.000000, 1.100000, -2.229805
0.000000, 1.150000, -0.262525
0.050000, 1.150000, -0.293097
0.100000, 1.150000, -0.329895
0.150000, 1.150000, -0.388489
0.200000, 1.150000, -0.487954
0.250000, 1.150000, -0.649976
0.300000, 1.150000, -0.895662
0.350000, 1.150000, -1.240547
0.400000, 1.150000, -1.688924
0.450000, 1.150000, -2.229026
0.500000, 1.150000, -2.830582
0.550000, 1.150000, -3.445938
0.600000, 1.150000, -4.015185
0.650000, 1.150000, -4.474848
0.700000, 1.150000, -4.768809
0.750000, 1.150000, -4.859440
0.800000, 1.150000, -4.736667
0.850000, 1.150000, -4.422869
0.900000, 1.150000, -3.972194
0.950000, 1.150000, -3.463896
1.000000, 1.150000, -2.990488
1.050000, 1.150000, -2.642581
1.100000, 1.150000, -2.493079
1.150000, 1.150000, -2.583670
1.200000, 1.150000, -2.916241
1.250000, 1.150000, -3.451041
1.300000, 1.150000, -4.112183
1.350000, 1.150000, -4.799682
1.400000, 1.150000, -5.406023
1.450000, 1.150000, -5.834305
1.500000, 1.150000, -6.014713
1.550000, 1.150000, -5.916335
1.600000, 1.150000, -5.552194
1.650000, 1.150000, -4.976635
1.700000, 1.150000, -4.275617
1.750000, 1.150000, -3.551764
1.800000, 1.150000, -2.906951
1.850000, 1.150000, -2.425608
1.900000, 1.150000, -2.161668
1.950000, 1.150000, -2.131335
2.000000, 1.150000, -2.312682
0.000000, 1.200000, -0.340976
0.050000, 1.200000, -0.354312
0.100000, 1.200000, -0.381360
0.150000, 1.200000, -0.443881
0.200000, 1.200000, -0.563887
0.250000, 1.200000, -0.761901
0.300000, 1.200000, -1.053729
0.350000, 1.200000, -1.446251
0.400000, 1.200000, -1.933250
0.450000, 1.200000, -2.492559
0.500000, 1.200000, -3.085713
0.550000, 1.200000, -3.660912
0.600000, 1.200000, -4.159400
0.650000, 1.200000, -4.524550
0.700000, 1.200000, -4.712193
0.750000, 1.200000, -4.700212
0.800000, 1.200000, -4.495326
0.850000, 1.200000, -4.135279
0.900000, 1.200000, -3.685476
0.950000, 1.200000, -3.230083
1.000000, 1.200000, -2.858804
1.050000, 1.200000, -2.651484
1.100000, 1.200000, -2.663324
1.150000, 1.200000, -2.913559
1.200000, 1.200000, -3.379972
1.250000, 1.200000, -4.000643
1.300000, 1.200000, -4.682967
1.350000, 1.200000, -5.318639
1.400000, 1.200000, -5.802063
1.450000, 1.200000, -6.048918
1.500000, 1.200000, -6.011469
1.550000, 1.200000, -5.687733
1.600000, 1.200000, -5.122677
1.650000, 1.200000, -4.401112
1.700000, 1.200000, -3.633438
1.750000, 1.200000, -2.936803
1.800000, 1.200000, -2.415028
1.850000, 1.200000, -2.140950
1.900000, 1.200000, -2.144332
1.950000, 1.200000, -2.407460
2.000000, 1.200000, -2.869119
0.000000, 1.250000, -0.412425
0.050000, 1.250000, -0.408150
0.100000, 1.250000, -0.425737
0.150000, 1.250000, -0.493479
0.200000, 1.250000, -0.636127
0.250000, 1.250000, -0.872252
0.300000, 1.250000, -1.211119
0.350000, 1.250000, -1.649576
0.400000, 1.250000, -2.169814
0.450000, 1.250000, -2.738908
0.500000, 1.250000, -3.310887
0.550000, 1.250000, -3.831665
0.600000, 1.250000, -4.246511
0.650000, 1.250000, -4.509083
0.700000, 1.250000, -4.590502
0.750000, 1.250000, -4.486621
0.800000, 1.250000, -4.221779
0.850000, 1.250000, -3.847756
0.900000, 1.250000, -3.437537
0.950000, 1.250000, -3.074451
1.000000, 1.250000, -2.838302
1.050000, 1.250000, -2.790859
1.100000, 1.250000, -2.963431
1.150000, 1.250000, -3.349090
1.200000, 1.250000, -3.901373
1.250000, 1.250000, -4.540209
1.300000, 1.250000, -5.164396
1.350000, 1.250000, -5.668700
1.400000, 1.250000, -5.962602
1.450000, 1.250000, -5.987267
1.500000, 1.250000, -5.727453
1.550000, 1.250000, -5.215940
1.600000, 1.250000, -4.529338
1.650000, 1.250000, -3.775763
1.700000, 1.250000, -3.076421
1.750000, 1.250000, -2.544332
1.800000, 1.250000, -2.264080
1.850000, 1.250000, -2.276340
1.900000, 1.250000, -2.570126
1.950000, 1.250000, -3.084295
2.000000, 1.250000, -3.718128
0.000000, 1.300000, -0.477728
0.050000, 1.300000, -0.455487
0.100000, 1.300000, -0.463947
0.150000, 1.300000, -0.538253
0.200000, 1.300000, -0.705621
0.250000, 1.300000, -0.981772
0.300000, 1.300000, -1.368082
0.350000, 1.300000, -1.849972
0.400000, 1.300000, -2.397075
0.450000, 1.300000, -2.965648
0.500000, 1.300000, -3.503368
0.550000, 1.300000, -3.956249
0.600000, 1.300000, -4.276900
0.650000, 1.300000, -4.432889
0.700000, 1.300000, -4.413722
0.750000, 1.300000, -4.234910
0.800000, 1.300000, -3.937959
0.850000, 1.300000, -3.585716
0.900000, 1.300000, -3.253378
0.950000, 1.300000, -3.016336
1.000000, 1.300000, -2.936820
1.050000, 1.300000, -3.051757
1.100000, 1.300000, -3.364248
1.150000, 1.300000, -3.840624
1.200000, 1.300000, -4.414090
1.250000, 1.300000, -4.994790
1.300000, 1.300000, -5.484840
1.350000, 1.300000, -5.795828
1.400000, 1.300000, -5.865593
1.450000, 1.300000, -5.671060
1.500000, 1.300000, -5.234468
1.550000, 1.300000, -4.621438
1.600000, 1.300000, -3.930856
1.650000, 1.300000, -3.278090
1.700000, 1.300000, -2.774443
1.750000, 1.300000, -2.506569
1.800000, 1.300000, -2.519761
1.850000, 1.300000, -2.808414
1.900000, 1.300000, -3.315695
1.950000, 1.300000, -3.942773
2.000000, 1.300000, -4.566134
0.000000, 1.350000, -0.537987
0.050000, 1.350000, -0.497449
0.100000, 1.350000, -0.497161
0.150000, 1.350000, -0.579419
0.200000, 1.350000, -0.773555
0.250000, 1.350000, -1.091419
0.300000, 1.350000, -1.525063
0.350000, 1.350000, -2.047081
0.400000, 1.350000, -2.613756
0.450000, 1.350000, -3.170824
0.500000, 1.350000, -3.661254
0.550000, 1.350000, -4.034064
0.600000, 1.350000, -4.252872
0.650000, 1.350000, -4.302781
0.700000, 1.350000, -4.194272
0.750000, 1.350000, -3.963134
0.800000, 1.350000, -3.666071
0.850000, 1.350000, -3.372318
0.900000, 1.350000, -3.152405
0.950000, 1.350000, -3.065843
1.000000, 1.350000, -3.149859
1.050000, 1.350000, -3.411364
1.100000, 1.350000, -3.823880
1.150000, 1.350000, -4.330394
1.200000, 1.350000, -4.852033
1.250000, 1.350000, -5.301363
1.300000, 1.350000, -5.598098
1.350000, 1.350000, -5.684410
1.400000, 1.350000, -5.536914
1.450000, 1.350000, -5.172823
1.500000, 1.350000, -4.648778
1.550000, 1.350000, -4.052162
1.600000, 1.350000, -3.486150
1.650000, 1.350000, -3.051067
1.700000, 1.350000, -2.825439
1.750000, 1.350000, -2.850367
1.800000, 1.350000, -3.120402
1.850000, 1.350000, -3.582940
1.900000, 1.350000, -4.146618
1.950000, 1.350000, -4.697432
2.000000, 1.350000, -5.119774
0.000000, 1.400000, -0.594518
0.050000, 1.400000, -0.535378
0.100000, 1.400000, -0.526768
0.150000, 1.400000, -0.618409
0.200000, 1.400000, -0.841314
0.250000, 1.400000, -1.202329
0.300000, 1.400000, -1.682661
0.350000, 1.400000, -2.240718
0.400000, 1.400000, -2.818851
0.450000, 1.400000, -3.352976
0.500000, 1.400000, -3.783520
0.550000, 1.400000, -4.065880
0.600000, 1.400000, -4.178586
0.650000, 1.400000, -4.127684
0.700000, 1.400000, -3.946435
0.750000, 1.400000, -3.690208
0.800000, 1.400000, -3.427263
0.850000, 1.400000, -3.226900
0.900000, 1.400000, -3.146984
0.950000, 1.400000, -3.223066
1.000000, 1.400000, -3.461154
1.050000, 1.400000, -3.835615
1.100000, 1.400000, -4.292827
1.150000, 1.400000, -4.760164
1.200000, 1.400000, -5.158886
1.250000, 1.400000, -5.418695
1.300000, 1.400000, -5.491292
1.350000, 1.400000, -5.360343
1.400000, 1.400000, -5.045794
1.450000, 1.400000, -4.601478
1.500000, 1.400000, -4.106172
1.550000, 1.400000, -3.649556
1.600000, 1.400000, -3.315543
1.650000, 1.400000, -3.166095
1.700000, 1.400000, -3.228672
1.750000, 1.400000, -3.489885
1.800000, 1.400000, -3.896825
1.850000, 1.400000, -4.366112
1.900000, 1.400000, -4.799165
1.950000, 1.400000, -5.100958
2.000000, 1.400000, -5.198701
0.000000, 1.450000, -0.648804
0.050000, 1.450000, -0.570785
0.100000, 1.450000, -0.554329
0.150000, 1.450000, -0.656823
0.200000, 1.450000, -0.910442
0.250000, 1.450000, -1.315777
0.300000, 1.450000, -1.841604
0.350000, 1.450000, -2.430850
0.400000, 1.450000, -3.011621
0.450000, 1.450000, -3.511160
0.500000, 1.450000, -3.870040
0.550000, 1.450000, -4.053825
0.600000, 1.450000, -4.059929
0.650000, 1.450000, -3.918295
0.700000, 1.450000, -3.685724
0.750000, 1.450000, -3.434923
0.800000, 1.450000, -3.240367
0.850000, 1.450000, -3.163703
0.900000, 1.450000, -3.241568
0.950000, 1.450000, -3.478212
1.000000, 1.450000, -3.844426
1.050000, 1.450000, -4.283048
1.100000, 1.450000, -4.720035
1.150000, 1.450000, -5.078982
1.200000, 1.450000, -5.296278
1.250000, 1.450000, -5.333896
1.300000, 1.450000, -5.187297
1.350000, 1.450000, -4.886788
1.400000, 1.450000, -4.492015
1.450000, 1.450000, -4.080554
1.500000, 1.450000, -3.732816
1.550000, 1.450000, -3.516181
1.600000, 1.450000, -3.471518
1.650000, 1.450000, -3.604795
1.700000, 1.450000, -3.885534
1.750000, 1.450000, -4.252512
1.800000, 1.450000, -4.625682
1.850000, 1.450000, -4.922027
1.900000, 1.450000, -5.072241
1.950000, 1.450000, -5.034904
2.000000, 1.450000, -4.805278
0.000000, 1.500000, -0.702453
0.050000, 1.500000, -0.605312
0.100000, 1.500000, -0.581534
0.150000, 1.500000, -0.696390
0.200000, 1.500000, -0.982599
0.250000, 1.500000, -1.433136
0.300000, 1.500000, -2.002705
0.350000, 1.500000, -2.617570
0.400000, 1.500000, -3.191588
0.450000, 1.500000, -3.644956
0.500000, 1.500000, -3.921587
0.550000, 1.500000, -4.001323
0.600000, 1.500000, -3.904321
0.650000, 1.500000, -3.686670
0.700000, 1.500000, -3.428171
0.750000, 1.500000, -3.214968
0.800000, 1.500000, -3.120798
0.850000, 1.500000, -3.190956
0.900000, 1.500000, -3.432466
0.950000, 1.500000, -3.812611
1.000000, 1.500000, -4.266119
1.050000, 1.500000, -4.709466
1.100000, 1.500000, -5.059156
1.150000, 1.500000, -5.250008
1.200000, 1.500000, -5.249446
1.250000, 1.500000, -5.064700
1.300000, 1.500000, -4.741322
1.350000, 1.500000, -4.353361
1.400000, 1.500000, -3.987326
1.450000, 1.500000, -3.723433
1.500000, 1.500000, -3.618231
1.550000, 1.500000, -3.692386
1.600000, 1.500000, -3.926286
1.650000, 1.500000, -4.264430
1.700000, 1.500000, -4.627637
1.750000, 1.500000, -4.930413
1.800000, 1.500000, -5.099700
1.850000, 1.500000, -5.090902
1.900000, 1.500000, -4.897713
1.950000, 1.500000, -4.553582
2.000000, 1.500000, -4.124523
0.000000, 1.550000, -0.757154
0.050000, 1.550000, -0.640679
0.100000, 1.550000, -0.610156
0.150000, 1.550000, -0.738915
0.200000, 1.550000, -1.059510
0.250000, 1.550000, -1.555825
0.300000, 1.550000, -2.166827
0.350000, 1.550000, -2.801073
0.400000, 1.550000, -3.358523
0.450000, 1.550000, -3.754463
0.500000, 1.550000, -3.939818
0.550000, 1.550000, -3.913009
0.600000, 1.550000, -3.720480
0.650000, 1.550000, -3.445760
0.700000, 1.550000, -3.189615
0.750000, 1.550000, -3.046024
0.800000, 1.550000, -3.079677
0.850000, 1.550000, -3.310407
0.900000, 1.550000, -3.708269
0.950000, 1.550000, -4.200519
1.000000, 1.550000, -4.688863
1.050000, 1.550000, -5.072907
1.100000, 1.550000, -5.274262
1.150000, 1.550000, -5.255526
1.200000, 1.550000, -5.029606
1.250000, 1.550000, -4.657084
1.300000, 1.550000, -4.232188
1.350000, 1.550000, -3.860641
1.400000, 1.550000, -3.634607
1.450000, 1.550000, -3.610695
1.500000, 1.550000, -3.796282
1.550000, 1.550000, -4.147469
1.600000, 1.550000, -4.579242
1.650000, 1.550000, -4.985518
1.700000, 1.550000, -5.264369
1.750000, 1.550000, -5.342469
1.800000, 1.550000, -5.192943
1.850000, 1.550000, -4.842310
1.900000, 1.550000, -4.364780
1.950000, 1.550000, -3.865160
2.000000, 1.550000, -3.454320
0.000000, 1.600000, -0.814622
0.050000, 1.600000, -0.678639
0.100000, 1.600000, -0.641999
0.150000, 1.600000, -0.786234
0.200000, 1.600000, -1.142918
0.250000, 1.600000, -1.685269
0.300000, 1.600000, -2.334840
0.350000, 1.600000, -2.981622
0.400000, 1.600000, -3.512432
0.450000, 1.600000, -3.840288
0.500000, 1.600000, -3.927226
0.550000, 1.600000, -3.794597
0.600000, 1.600000, -3.518134
0.650000, 1.600000, -3.208911
0.700000, 1.600000, -2.984991
0.750000, 1.600000, -2.940967
0.800000, 1.600000, -3.123220
0.850000, 1.600000, -3.517308
0.900000, 1.600000, -4.050883
0.950000, 1.600000, -4.611555
1.000000, 1.600000, -5.075317
1.050000, 1.600000, -5.338384
1.100000, 1.600000, -5.344329
1.150000, 1.600000, -5.099511
1.200000, 1.600000, -4.672676
1.250000, 1.600000, -4.178607
1.300000, 1.600000, -3.749731
1.350000, 1.600000, -3.502755
1.400000, 1.600000, -3.508720
1.450000, 1.600000, -3.774157
1.500000, 1.600000, -4.238308
1.550000, 1.600000, -4.787368
1.600000, 1.600000, -5.282442
1.650000, 1.600000, -5.594356
1.700000, 1.600000, -5.636647
1.750000, 1.600000, -5.388365
1.800000, 1.600000, -4.900768
1.850000, 1.600000, -4.285948
1.900000, 1.600000, -3.689938
1.950000, 1.600000, -3.256796
2.000000, 1.600000, -3.092524
0.000000, 1.650000, -0.876553
0.050000, 1.650000, -0.720926
0.100000, 1.650000, -0.678852
0.150000, 1.650000, -0.840162
0.200000, 1.650000, -1.234535
0.250000, 1.650000, -1.822849
0.300000, 1.650000, -2.507581
0.350000, 1.650000, -3.159523
0.400000, 1.650000, -3.653532
0.450000, 1.650000, -3.903526
0.500000, 1.650000, -3.887083
0.550000, 1.650000, -3.652727
0.600000, 1.650000, -3.307706
0.650000, 1.650000, -2.989354
0.700000, 1.650000, -2.827666
0.750000, 1.650000, -2.909236
0.800000, 1.650000, -3.252440
0.850000, 1.650000, -3.800868
0.900000, 1.650000, -4.437113
0.950000, 1.650000, -5.013546
1.000000, 1.650000, -5.392013
1.050000, 1.650000, -5.481869
1.100000, 1.650000, -5.265971
1.150000, 1.650000, -4.807381
1.200000, 1.650000, -4.234540
1.250000, 1.650000, -3.708461
1.300000, 1.650000, -3.380395
1.350000, 1.650000, -3.351102
1.400000, 1.650000, -3.642701
1.450000, 1.650000, -4.190864
1.500000, 1.650000, -4.859882
1.550000, 1.650000, -5.477073
1.600000, 1.650000, -5.877785
1.650000, 1.650000, -5.949284
1.700000, 1.650000, -5.661886
1.750000, 1.650000, -5.078849
1.800000, 1.650000, -4.341997
1.850000, 1.650000, -3.636389
1.900000, 1.650000, -3.142917
1.950000, 1.650000, -2.991044
2.000000, 1.650000, -3.224069
0.000000, 1.700000, -0.944579
0.050000, 1.700000, -0.769209
0.100000, 1.700000, -0.722438
0.150000, 1.700000, -0.902442
0.200000, 1.700000, -1.335992
0.250000, 1.700000, -1.969853
0.300000, 1.700000, -2.685812
0.350000, 1.700000, -3.335090
0.400000, 1.700000, -3.782234
0.450000, 1.700000, -3.945725
0.500000, 1.700000, -3.823360
0.550000, 1.700000, -3.494774
0.600000, 1.700000, -3.099966
0.650000, 1.700000, -2.799687
0.700000, 1.700000, -2.728854
0.750000, 1.700000, -2.956380
0.800000, 1.700000, -3.463183
0.850000, 1.700000, -4.145131
0.900000, 1.700000, -4.840635
0.950000, 1.700000, -5.375534
1.000000, 1.700000, -5.612817
1.050000, 1.700000, -5.493096
1.100000, 1.700000, -5.054077
1.150000, 1.700000, -4.422992
1.200000, 1.700000, -3.783495
1.250000, 1.700000, -3.325747
1.300000, 1.700000, -3.193376
1.350000, 1.700000, -3.442102
1.400000, 1.700000, -4.021906
1.450000, 1.700000, -4.788231
1.500000, 1.700000, -5.539717
1.550000, 1.700000, -6.072552
1.600000, 1.700000, -6.236704
1.650000, 1.700000, -5.978514
1.700000, 1.700000, -5.357642
1.750000, 1.700000, -4.533247
1.800000, 1.700000, -3.722646
1.850000, 1.700000, -3.143369
1.900000, 1.700000, -2.954177
1.950000, 1.700000, -3.211175
2.000000, 1.700000, -3.851168
0.000000, 1.750000, -1.020214
0.050000, 1.750000, -0.825047
0.100000, 1.750000, -0.774368
0.150000, 1.750000, -0.974706
0.200000, 1.750000, -1.448793
0.250000, 1.750000, -2.127438
0.300000, 1.750000, -2.870188
0.350000, 1.750000, -3.508623
0.400000, 1.750000, -3.899121
0.450000, 1.750000, -3.968848
0.500000, 1.750000, -3.740631
0.550000, 1.750000, -3.328647
0.600000, 1.750000, -2.905678
0.650000, 1.750000, -2.651400
0.700000, 1.750000, -2.697131
0.750000, 1.750000, -3.083830
0.800000, 1.750000, -3.746477
0.850000, 1.750000, -4.530222
0.900000, 1.750000, -5.234224
0.950000, 1.750000, -5.670673
1.000000, 1.750000, -5.721669
1.050000, 1.750000, -5.376881
1.100000, 1.750000, -4.740288
1.150000, 1.750000, -4.003233
1.200000, 1.750000, -3.390953
1.250000, 1.750000, -3.097753
1.300000, 1.750000, -3.229596
1.350000, 1.750000, -3.771124
1.400000, 1.750000, -4.587213
1.450000, 1.750000, -5.459304
1.500000, 1.750000, -6.146587
1.550000, 1.750000, -6.454746
1.600000, 1.750000, -6.292516
1.650000, 1.750000, -5.699571
1.700000, 1.750000, -4.837341
1.750000, 1.750000, -3.944939
1.800000, 1.750000, -3.272455
1.850000, 1.750000, -3.010479
1.900000, 1.750000, -3.235946
1.950000, 1.750000, -3.889839
2.000000, 1.750000, -4.793272
0.000000, 1.800000, -1.104820
0.050000, 1.800000, -0.889843
0.100000, 1.800000, -0.836100
0.150000, 1.800000, -1.058424
0.200000, 1.800000, -1.574276
0.250000, 1.800000, -2.296588
0.300000, 1.800000, -3.061217
0.350000, 1.800000, -3.680376
0.400000, 1.800000, -4.004917
0.450000, 1.800000, -3.975232
0.500000, 1.800000, -3.643963
0.550000, 1.800000, -3.162564
0.600000, 1.800000, -2.735244
0.650000, 1.800000, -2.554435
0.700000, 1.800000, -2.738076
0.750000, 1.800000, -3.288885
0.800000, 1.800000, -4.089182
0.850000, 1.800000, -4.933861
0.900000, 1.800000, -5.592042
0.950000, 1.800000, -5.878746
1.000000, 1.800000, -5.714324
1.050000, 1.800000, -5.152790
1.100000, 1.800000, -4.369477
1.150000, 1.800000, -3.610931
1.200000, 1.800000, -3.121689
1.250000, 1.800000, -3.070011
1.300000, 1.800000, -3.495299
1.350000, 1.800000, -4.293670
1.400000, 1.800000, -5.246664
1.450000, 1.800000, -6.084984
1.500000, 1.800000, -6.568384
1.550000, 1.800000, -6.557731
1.600000, 1.800000, -6.057430
1.650000, 1.800000, -5.215230
1.700000, 1.800000, -4.279251
1.750000, 1.800000, -3.524965
1.800000, 1.800000, -3.173986
1.850000, 1.800000, -3.328972
1.900000, 1.800000, -3.944089
1.950000, 1.800000, -4.839721
2.000000, 1.800000, -5.756762
0.000000, 1.850000, -1.199566
0.050000, 1.850000, -0.964809
0.100000, 1.850000, -0.908901
0.150000, 1.850000, -1.154873
0.200000, 1.850000, -1.713571
0.250000, 1.850000, -2.478077
0.300000, 1.850000, -3.259235
0.350000, 1.850000, -3.850541
0.400000, 1.850000, -4.100470
0.450000, 1.850000, -3.967527
0.500000, 1.850000, -3.538795
0.550000, 1.850000, -3.004821
0.600000, 1.850000, -2.598361
0.650000, 1.850000, -2.516806
0.700000, 1.850000, -2.854055
0.750000, 1.850000, -3.564932
0.800000, 1.850000, -4.474905
0.850000, 1.850000, -5.333041
0.900000, 1.850000, -5.891809
0.950000, 1.850000, -5.988094
1.000000, 1.850000, -5.598934
1.050000, 1.850000, -4.853220
1.100000, 1.850000, -3.994645
1.150000, 1.850000, -3.306966
1.200000, 1.850000, -3.024991
1.250000, 1.850000, -3.259650
1.300000, 1.850000, -3.961331
1.350000, 1.850000, -4.933587
1.400000, 1.850000, -5.893329
1.450000, 1.850000, -6.558708
1.500000, 1.850000, -6.736966
1.550000, 1.850000, -6.384477
1.600000, 1.850000, -5.619989
1.650000, 1.850000, -4.687002
1.700000, 1.850000, -3.877353
1.750000, 1.850000, -3.440369
1.800000, 1.850000, -3.506351
1.850000, 1.850000, -4.048375
1.900000, 1.850000, -4.893979
1.950000, 1.850000, -5.782289
2.000000, 1.850000, -6.447749
0.000000, 1.900000, -1.305396
0.050000, 1.900000, -1.050935
0.100000, 1.900000, -0.993814
0.150000, 1.900000, -1.265099
0.200000, 1.900000, -1.867571
0.250000, 1.900000, -2.672440
0.300000, 1.900000, -3.464381
0.350000, 1.900000, -4.019224
0.400000, 1.900000, -4.186721
0.450000, 1.900000, -3.948648
0.500000, 1.900000, -3.430805
0.550000, 1.900000, -2.863560
0.600000, 1.900000, -2.503699
0.650000, 1.900000, -2.544304
0.700000, 1.900000, -3.044149
0.750000, 1.900000, -3.901872
0.800000, 1.900000, -4.885096
0.850000, 1.900000, -5.705754
0.900000, 1.900000, -6.116679
0.950000, 1.900000, -5.996774
1.000000, 1.900000, -5.395390
1.050000, 1.900000, -4.520063
1.100000, 1.900000, -3.670842
1.150000, 1.900000, -3.142622
1.200000, 1.900000, -3.127968
1.250000, 1.900000, -3.653032
1.300000, 1.900000, -4.568208
1.350000, 1.900000, -5.596860
1.400000, 1.900000, -6.425978
1.450000, 1.900000, -6.808517
1.500000, 1.900000, -6.643372
1.550000, 1.900000, -6.006542
1.600000, 1.900000, -5.123575
1.650000, 1.900000, -4.293125
1.700000, 1.900000, -3.787756
1.750000, 1.900000, -3.765431
1.800000, 1.900000, -4.221064
1.850000, 1.900000, -4.993574
1.900000, 1.900000, -5.824867
1.950000, 1.900000, -6.449643
2.000000, 1.900000, -6.684882
0.000000, 1.950000, -1.423004
0.050000, 1.950000, -1.148959
0.100000, 1.950000, -1.091628
0.150000, 1.950000, -1.389890
0.200000, 1.950000, -2.036904
0.250000, 1.950000, -2.879953
0.300000, 1.950000, -3.676578
0.350000, 1.950000, -4.186434
0.400000, 1.950000, -4.264690
0.450000, 1.950000, -3.921708
0.500000, 1.950000, -3.325781
0.550000, 1.950000, -2.746537
0.600000, 1.950000, -2.458616
0.650000, 1.950000, -2.640288
0.700000, 1.950000, -3.304247
0.750000, 1.950000, -4.286725
0.800000, 1.950000, -5.300289
0.850000, 1.950000, -6.032627
0.900000, 1.950000, -6.256676
0.950000, 1.950000, -5.912839
1.000000, 1.950000, -5.133499
1.050000, 1.950000, -4.200335
1.100000, 1.950000, -3.448817
1.150000, 1.950000, -3.153135
1.200000, 1.950000, -3.431941
1.250000, 1.950000, -4.208046
1.300000, 1.950000, -5.236131
1.350000, 1.950000, -6.188520
1.400000, 1.950000, -6.768617
1.450000, 1.950000, -6.812025
1.500000, 1.950000, -6.340087
1.550000, 1.950000, -5.547768
1.600000, 1.950000, -4.731279
1.650000, 1.950000, -4.182097
1.700000, 1.950000, -4.085599
1.750000, 1.950000, -4.460170
1.800000, 1.950000, -5.157540
1.850000, 1.950000, -5.922730
1.900000, 1.950000, -6.490488
1.950000, 1.950000, -6.682376
2.000000, 1.950000, -6.469059
0.000000, 2.000000, -1.552813
0.050000, 2.000000, -1.259351
0.100000, 2.000000, -1.202865
0.150000, 2.000000, -1.529764
0.200000, 2.000000, -2.221912
0.250000, 2.000000, -3.100612
0.300000, 2.000000, -3.895522
0.350000, 2.000000, -4.352071
0.400000, 2.000000, -4.335444
0.450000, 2.000000, -3.889961
0.500000, 2.000000, -3.229479
0.550000, 2.000000, -2.660902
0.600000, 2.000000, -2.468917
0.650000, 2.000000, -2.805571
0.700000, 2.000000, -3.627275
0.750000, 2.000000, -4.704401
0.800000, 2.000000, -5.701373
0.850000, 2.000000, -6.298364
0.900000, 2.000000, -6.309561
0.950000, 2.000000, -5.753718
1.000000, 2.000000, -4.850178
1.050000, 2.000000, -3.941227
1.100000, 2.000000, -3.369153
1.150000, 2.000000, -3.353299
1.200000, 2.000000, -3.912417
1.250000, 2.000000, -4.860696
1.300000, 2.000000, -5.878309
1.350000, 2.000000, -6.629678
1.400000, 2.000000, -6.885177
1.450000, 2.000000, -6.601217
1.500000, 2.000000, -5.929844
1.550000, 2.000000, -5.155744
1.600000, 2.000000, -4.585824
1.650000, 2.000000, -4.433939
1.700000, 2.000000, -4.744409
1.750000, 2.000000, -5.382420
1.800000, 2.000000, -6.093399
1.850000, 2.000000, -6.607007
1.900000, 2.000000, -6.744544
1.950000, 2.000000, -6.487876
2.000000, 2.000000, -5.983411
