0.000000, 0.000000, 0.541237
0.050000, 0.000000, 0.775170
0.100000, 0.000000, 0.987205
0.150000, 0.000000, 1.159637
0.200000, 0.000000, 1.278604
0.250000, 0.000000, 1.335467
0.300000, 0.000000, 1.327693
0.350000, 0.000000, 1.259150
0.400000, 0.000000, 1.139780
0.450000, 0.000000, 0.984681
0.500000, 0.000000, 0.812701
0.550000, 0.000000, 0.644654
0.600000, 0.000000, 0.501355
0.650000, 0.000000, 0.401649
0.700000, 0.000000, 0.360637
0.750000, 0.000000, 0.388261
0.800000, 0.000000, 0.488386
0.850000, 0.000000, 0.658482
0.900000, 0.000000, 0.889909
0.950000, 0.000000, 1.168804
1.000000, 0.000000, 1.477464
1.050000, 0.000000, 1.796091
1.100000, 0.000000, 2.104742
1.150000, 0.000000, 2.385270
1.200000, 0.000000, 2.623087
1.250000, 0.000000, 2.808565
1.300000, 0.000000, 2.937941
1.350000, 0.000000, 3.013643
1.400000, 0.000000, 3.043996
1.450000, 0.000000, 3.042352
1.500000, 0.000000, 3.025714
1.550000, 0.000000, 3.013010
1.600000, 0.000000, 3.023164
1.650000, 0.000000, 3.073183
1.700000, 0.000000, 3.176415
1.750000, 0.000000, 3.341188
1.800000, 0.000000, 3.569929
1.850000, 0.000000, 3.858875
1.900000, 0.000000, 4.198397
1.950000, 0.000000, 4.573909
2.000000, 0.000000, 4.967263
0.000000, 0.050000, 0.539143
0.050000, 0.050000, 0.794747
0.100000, 0.050000, 1.028669
0.150000, 0.050000, 1.223340
0.200000, 0.050000, 1.365023
0.250000, 0.050000, 1.445195
0.300000, 0.050000, 1.461423
0.350000, 0.050000, 1.417656
0.400000, 0.050000, 1.323896
0.450000, 0.050000, 1.195285
0.500000, 0.050000, 1.050686
0.550000, 0.050000, 0.910909
0.600000, 0.050000, 0.796739
0.650000, 0.050000, 0.726970
0.700000, 0.050000, 0.716631
0.750000, 0.050000, 0.775569
0.800000, 0.050000, 0.907541
0.850000, 0.050000, 1.109890
0.900000, 0.050000, 1.373839
0.950000, 0.050000, 1.685377
1.000000, 0.050000, 2.026649
1.050000, 0.050000, 2.377705
1.100000, 0.050000, 2.718448
1.150000, 0.050000, 3.030585
1.200000, 0.050000, 3.299390
1.250000, 0.050000, 3.515109
1.300000, 0.050000, 3.673871
1.350000, 0.050000, 3.778009
1.400000, 0.050000, 3.835778
1.450000, 0.050000, 3.860476
1.500000, 0.050000, 3.869080
1.550000, 0.050000, 3.880511
1.600000, 0.050000, 3.913714
1.650000, 0.050000, 3.985734
1.700000, 0.050000, 4.109985
1.750000, 0.050000, 4.294874
1.800000, 0.050000, 4.542930
1.850000, 0.050000, 4.850505
1.900000, 0.050000, 5.208099
1.950000, 0.050000, 5.601261
2.000000, 0.050000, 6.011986
0.000000, 0.100000, 0.399065
0.050000, 0.100000, 0.676557
0.100000, 0.100000, 0.932690
0.150000, 0.100000, 1.149987
0.200000, 0.100000, 1.314796
0.250000, 0.100000, 1.418656
0.300000, 0.100000, 1.459185
0.350000, 0.100000, 1.440360
0.400000, 0.100000, 1.372192
0.450000, 0.100000, 1.269808
0.500000, 0.100000, 1.152032
0.550000, 0.100000, 1.039614
0.600000, 0.100000, 0.953256
0.650000, 0.100000, 0.911650
0.700000, 0.100000, 0.929700
0.750000, 0.100000, 1.017113
0.800000, 0.100000, 1.177491
0.850000, 0.100000, 1.408010
0.900000, 0.100000, 1.699719
0.950000, 0.100000, 2.038428
1.000000, 0.100000, 2.406101
1.050000, 0.100000, 2.782608
1.100000, 0.100000, 3.147682
1.150000, 0.100000, 3.482868
1.200000, 0.100000, 3.773291
1.250000, 0.100000, 4.009063
1.300000, 0.100000, 4.186199
1.350000, 0.100000, 4.306940
1.400000, 0.100000, 4.379468
1.450000, 0.100000, 4.417035
1.500000, 0.100000, 4.436595
1.550000, 0.100000, 4.457070
1.600000, 0.100000, 4.497431
1.650000, 0.100000, 4.574769
1.700000, 0.100000, 4.702568
1.750000, 0.100000, 4.889323
1.800000, 0.100000, 5.137667
1.850000, 0.100000, 5.444069
1.900000, 0.100000, 5.799157
1.950000, 0.100000, 6.188614
2.000000, 0.100000, 6.594573
0.000000, 0.150000, 0.140743
0.050000, 0.150000, 0.440473
0.100000, 0.150000, 0.719233
0.150000, 0.150000, 0.959561
0.200000, 0.150000, 1.147802
0.250000, 0.150000, 1.275480
0.300000, 0.150000, 1.340176
0.350000, 0.150000, 1.345812
0.400000, 0.150000, 1.302322
0.450000, 0.150000, 1.224732
0.500000, 0.150000, 1.131752
0.550000, 0.150000, 1.043988
0.600000, 0.150000, 0.981988
0.650000, 0.150000, 0.964265
0.700000, 0.150000, 1.005536
0.750000, 0.150000, 1.115307
0.800000, 0.150000, 1.296971
0.850000, 0.150000, 1.547489
0.900000, 0.150000, 1.857694
0.950000, 0.150000, 2.213184
1.000000, 0.150000, 2.595716
1.050000, 0.150000, 2.984964
1.100000, 0.150000, 3.360478
1.150000, 0.150000, 3.703637
1.200000, 0.150000, 3.999423
1.250000, 0.150000, 4.237826
1.300000, 0.150000, 4.414764
1.350000, 0.150000, 4.532408
1.400000, 0.150000, 4.598899
1.450000, 0.150000, 4.627479
1.500000, 0.150000, 4.635118
1.550000, 0.150000, 4.640784
1.600000, 0.150000, 4.663520
1.650000, 0.150000, 4.720517
1.700000, 0.150000, 4.825381
1.750000, 0.150000, 4.986752
1.800000, 0.150000, 5.207421
1.850000, 0.150000, 5.484038
1.900000, 0.150000, 5.807416
1.950000, 0.150000, 6.163433
2.000000, 0.150000, 6.534422
0.000000, 0.200000, -0.205063
0.050000, 0.200000, 0.117384
0.100000, 0.200000, 0.419269
0.150000, 0.200000, 0.683029
0.200000, 0.200000, 0.894894
0.250000, 0.200000, 1.046254
0.300000, 0.200000, 1.134541
0.350000, 0.200000, 1.163509
0.400000, 0.200000, 1.142907
0.450000, 0.200000, 1.087561
0.500000, 0.200000, 1.015965
0.550000, 0.200000, 0.948500
0.600000, 0.200000, 0.905474
0.650000, 0.200000, 0.905158
0.700000, 0.200000, 0.962020
0.750000, 0.200000, 1.085319
0.800000, 0.200000, 1.278204
0.850000, 0.200000, 1.537401
0.900000, 0.200000, 1.853519
0.950000, 0.200000, 2.211950
1.000000, 0.200000, 2.594263
1.050000, 0.200000, 2.979973
1.100000, 0.200000, 3.348494
1.150000, 0.200000, 3.681103
1.200000, 0.200000, 3.962709
1.250000, 0.200000, 4.183273
1.300000, 0.200000, 4.338713
1.350000, 0.200000, 4.431245
1.400000, 0.200000, 4.469092
1.450000, 0.200000, 4.465614
1.500000, 0.200000, 4.437939
1.550000, 0.200000, 4.405232
1.600000, 0.200000, 4.386762
1.650000, 0.200000, 4.399982
1.700000, 0.200000, 4.458787
1.750000, 0.200000, 4.572128
1.800000, 0.200000, 4.743133
1.850000, 0.200000, 4.968801
1.900000, 0.200000, 5.240309
1.950000, 0.200000, 5.543905
2.000000, 0.200000, 5.862295
0.000000, 0.250000, -0.599553
0.050000, 0.250000, -0.253796
0.100000, 0.250000, 0.071777
0.150000, 0.250000, 0.359355
0.200000, 0.250000, 0.594902
0.250000, 0.250000, 0.769532
0.300000, 0.250000, 0.880387
0.350000, 0.250000, 0.930923
0.400000, 0.250000, 0.930585
0.450000, 0.250000, 0.893892
0.500000, 0.250000, 0.839027
0.550000, 0.250000, 0.786069
0.600000, 0.250000, 0.755028
0.650000, 0.250000, 0.763891
0.700000, 0.250000, 0.826858
0.750000, 0.250000, 0.952943
0.800000, 0.250000, 1.145073
0.850000, 0.250000, 1.399786
0.900000, 0.250000, 1.707537
0.950000, 0.250000, 2.053602
1.000000, 0.250000, 2.419479
1.050000, 0.250000, 2.784655
1.100000, 0.250000, 3.128566
1.150000, 0.250000, 3.432563
1.200000, 0.250000, 3.681681
1.250000, 0.250000, 3.866056
1.300000, 0.250000, 3.981837
1.350000, 0.250000, 4.031522
1.400000, 0.250000, 4.023663
1.450000, 0.250000, 3.972001
1.500000, 0.250000, 3.894085
1.550000, 0.250000, 3.809540
1.600000, 0.250000, 3.738135
1.650000, 0.250000, 3.697849
1.700000, 0.250000, 3.703127
1.750000, 0.250000, 3.763490
1.800000, 0.250000, 3.882647
1.850000, 0.250000, 4.058180
1.900000, 0.250000, 4.281849
1.950000, 0.250000, 4.540478
2.000000, 0.250000, 4.817329
0.000000, 0.300000, -0.999651
0.050000, 0.300000, -0.629894
0.100000, 0.300000, -0.280019
0.150000, 0.300000, 0.031726
0.200000, 0.300000, 0.290864
0.250000, 0.300000, 0.488062
0.300000, 0.300000, 0.620017
0.350000, 0.300000, 0.689749
0.400000, 0.300000, 0.706278
0.450000, 0.300000, 0.683719
0.500000, 0.300000, 0.639877
0.550000, 0.300000, 0.594483
0.600000, 0.300000, 0.567239
0.650000, 0.300000, 0.575867
0.700000, 0.300000, 0.634353
0.750000, 0.300000, 0.751548
0.800000, 0.300000, 0.930282
0.850000, 0.300000, 1.167053
0.900000, 0.300000, 1.452346
0.950000, 0.300000, 1.771537
1.000000, 0.300000, 2.106291
1.050000, 0.300000, 2.436338
1.100000, 0.300000, 2.741426
1.150000, 0.300000, 3.003286
1.200000, 0.300000, 3.207402
1.250000, 0.300000, 3.344423
1.300000, 0.300000, 3.411068
1.350000, 0.300000, 3.410459
1.400000, 0.300000, 3.351818
1.450000, 0.300000, 3.249593
1.500000, 0.300000, 3.122073
1.550000, 0.300000, 2.989644
1.600000, 0.300000, 2.872846
1.650000, 0.300000, 2.790430
1.700000, 0.300000, 2.757606
1.750000, 0.300000, 2.784638
1.800000, 0.300000, 2.875949
1.850000, 0.300000, 3.029796
1.900000, 0.300000, 3.238560
1.950000, 0.300000, 3.489627
2.000000, 0.300000, 3.766754
0.000000, 0.350000, -1.362178
0.050000, 0.350000, -0.967645
0.100000, 0.350000, -0.592828
0.150000, 0.350000, -0.256622
0.200000, 0.350000, 0.025847
0.250000, 0.350000, 0.244614
0.300000, 0.350000, 0.395765
0.350000, 0.350000, 0.481747
0.400000, 0.350000, 0.511052
0.450000, 0.350000, 0.497325
0.500000, 0.350000, 0.457967
0.550000, 0.350000, 0.412383
0.600000, 0.350000, 0.380029
0.650000, 0.350000, 0.378474
0.700000, 0.350000, 0.421643
0.750000, 0.350000, 0.518431
0.800000, 0.350000, 0.671809
0.850000, 0.350000, 0.878523
0.900000, 0.350000, 1.129406
0.950000, 0.350000, 1.410280
1.000000, 0.350000, 1.703358
1.050000, 0.350000, 1.989000
1.100000, 0.350000, 2.247673
1.150000, 0.350000, 2.461894
1.200000, 0.350000, 2.618000
1.250000, 0.350000, 2.707539
1.300000, 0.350000, 2.728171
1.350000, 0.350000, 2.683976
1.400000, 0.350000, 2.585147
1.450000, 0.350000, 2.447094
1.500000, 0.350000, 2.289042
1.550000, 0.350000, 2.132273
1.600000, 0.350000, 1.998170
1.650000, 0.350000, 1.906255
1.700000, 0.350000, 1.872418
1.750000, 0.350000, 1.907510
1.800000, 0.350000, 2.016423
1.850000, 0.350000, 2.197758
1.900000, 0.350000, 2.444110
1.950000, 0.350000, 2.742933
2.000000, 0.350000, 3.077906
0.000000, 0.400000, -1.648021
0.050000, 0.400000, -1.227877
0.100000, 0.400000, -0.827468
0.150000, 0.400000, -0.466584
0.200000, 0.400000, -0.161227
0.250000, 0.400000, 0.077804
0.300000, 0.400000, 0.245822
0.350000, 0.400000, 0.344580
0.400000, 0.400000, 0.381972
0.450000, 0.400000, 0.371158
0.500000, 0.400000, 0.329182
0.550000, 0.400000, 0.275224
0.600000, 0.400000, 0.228663
0.650000, 0.400000, 0.207141
0.700000, 0.400000, 0.224810
0.750000, 0.400000, 0.290939
0.800000, 0.400000, 0.409025
0.850000, 0.400000, 0.576479
0.900000, 0.400000, 0.784929
0.950000, 0.400000, 1.021111
1.000000, 0.400000, 1.268250
1.050000, 0.400000, 1.507802
1.100000, 0.400000, 1.721392
1.150000, 0.400000, 1.892738
1.200000, 0.400000, 2.009388
1.250000, 0.400000, 2.064098
1.300000, 0.400000, 2.055699
1.350000, 0.400000, 1.989385
1.400000, 0.400000, 1.876377
1.450000, 0.400000, 1.733007
1.500000, 0.400000, 1.579291
1.550000, 0.400000, 1.437153
1.600000, 0.400000, 1.328444
1.650000, 0.400000, 1.272972
1.700000, 0.400000, 1.286720
1.750000, 0.400000, 1.380418
1.800000, 0.400000, 1.558628
1.850000, 0.400000, 1.819411
1.900000, 0.400000, 2.154604
1.950000, 0.400000, 2.550704
2.000000, 0.400000, 2.990234
0.000000, 0.450000, -1.825906
0.050000, 0.450000, -1.379275
0.100000, 0.450000, -0.952640
0.150000, 0.450000, -0.566961
0.200000, 0.450000, -0.239359
0.250000, 0.450000, 0.018324
0.300000, 0.450000, 0.200476
0.350000, 0.450000, 0.308066
0.400000, 0.450000, 0.348371
0.450000, 0.450000, 0.334126
0.500000, 0.450000, 0.282148
0.550000, 0.450000, 0.211611
0.600000, 0.450000, 0.142108
0.650000, 0.450000, 0.091714
0.700000, 0.450000, 0.075227
0.750000, 0.450000, 0.102766
0.800000, 0.450000, 0.178860
0.850000, 0.450000, 0.302113
0.900000, 0.450000, 0.465479
0.950000, 0.450000, 0.657121
1.000000, 0.450000, 0.861758
1.050000, 0.450000, 1.062369
1.100000, 0.450000, 1.242091
1.150000, 0.450000, 1.386101
1.200000, 0.450000, 1.483318
1.250000, 0.450000, 1.527739
1.300000, 0.450000, 1.519267
1.350000, 0.450000, 1.463971
1.400000, 0.450000, 1.373716
1.450000, 0.450000, 1.265221
1.500000, 0.450000, 1.158618
1.550000, 0.450000, 1.075655
1.600000, 0.450000, 1.037715
1.650000, 0.450000, 1.063840
1.700000, 0.450000, 1.168956
1.750000, 0.450000, 1.362462
1.800000, 0.450000, 1.647332
1.850000, 0.450000, 2.019807
1.900000, 0.450000, 2.469713
1.950000, 0.450000, 2.981369
2.000000, 0.450000, 3.535012
0.000000, 0.500000, -1.875396
0.050000, 0.500000, -1.401384
0.100000, 0.500000, -0.947926
0.150000, 0.500000, -0.537452
0.200000, 0.500000, -0.188466
0.250000, 0.500000, 0.085949
0.300000, 0.500000, 0.279124
0.350000, 0.500000, 0.391198
0.400000, 0.500000, 0.428885
0.450000, 0.500000, 0.404638
0.500000, 0.500000, 0.335300
0.550000, 0.500000, 0.240379
0.600000, 0.500000, 0.140109
0.650000, 0.500000, 0.053495
0.700000, 0.500000, -0.003463
0.750000, 0.500000, -0.019213
0.800000, 0.500000, 0.012401
0.850000, 0.500000, 0.091754
0.900000, 0.500000, 0.213661
0.950000, 0.500000, 0.368175
1.000000, 0.500000, 0.541875
1.050000, 0.500000, 0.719509
1.100000, 0.500000, 0.885822
1.150000, 0.500000, 1.027394
1.200000, 0.500000, 1.134277
1.250000, 0.500000, 1.201288
1.300000, 0.500000, 1.228801
1.350000, 0.500000, 1.222972
1.400000, 0.500000, 1.195353
1.450000, 0.500000, 1.161944
1.500000, 0.500000, 1.141749
1.550000, 0.500000, 1.155004
1.600000, 0.500000, 1.221215
1.650000, 0.500000, 1.357227
1.700000, 0.500000, 1.575491
1.750000, 0.500000, 1.882723
1.800000, 0.500000, 2.279060
1.850000, 0.500000, 2.757835
1.900000, 0.500000, 3.305963
1.950000, 0.500000, 3.904941
2.000000, 0.500000, 4.532340
0.000000, 0.550000, -1.788822
0.050000, 0.550000, -1.286540
0.100000, 0.550000, -0.805723
0.150000, 0.550000, -0.370594
0.200000, 0.550000, -0.001310
0.250000, 0.550000, 0.287612
0.300000, 0.550000, 0.488351
0.350000, 0.550000, 0.600235
0.400000, 0.550000, 0.629548
0.450000, 0.550000, 0.588722
0.500000, 0.550000, 0.495000
0.550000, 0.550000, 0.368703
0.600000, 0.550000, 0.231269
0.650000, 0.550000, 0.103261
0.700000, 0.550000, 0.002533
0.750000, 0.550000, -0.057276
0.800000, 0.550000, -0.067769
0.850000, 0.550000, -0.026264
0.900000, 0.550000, 0.064341
0.950000, 0.550000, 0.196269
1.000000, 0.550000, 0.358058
1.050000, 0.550000, 0.536123
1.100000, 0.550000, 0.716506
1.150000, 0.550000, 0.886641
1.200000, 0.550000, 1.036943
1.250000, 0.550000, 1.162061
1.300000, 0.550000, 1.261653
1.350000, 0.550000, 1.340608
1.400000, 0.550000, 1.408687
1.450000, 0.550000, 1.479601
1.500000, 0.550000, 1.569641
1.550000, 0.550000, 1.695965
1.600000, 0.550000, 1.874737
1.650000, 0.550000, 2.119296
1.700000, 0.550000, 2.438533
1.750000, 0.550000, 2.835668
1.800000, 0.550000, 3.307527
1.850000, 0.550000, 3.844435
1.900000, 0.550000, 4.430713
1.950000, 0.550000, 5.045779
2.000000, 0.550000, 5.665733
0.000000, 0.600000, -1.571964
0.050000, 0.600000, -1.040553
0.100000, 0.600000, -0.531923
0.150000, 0.600000, -0.072437
0.200000, 0.600000, 0.315821
0.250000, 0.600000, 0.616728
0.300000, 0.600000, 0.821264
0.350000, 0.600000, 0.928038
0.400000, 0.600000, 0.943144
0.450000, 0.600000, 0.879376
0.500000, 0.600000, 0.754887
0.550000, 0.600000, 0.591426
0.600000, 0.600000, 0.412326
0.650000, 0.600000, 0.240426
0.700000, 0.600000, 0.096146
0.750000, 0.600000, -0.004140
0.800000, 0.600000, -0.049257
0.850000, 0.600000, -0.033831
0.900000, 0.600000, 0.041704
0.950000, 0.600000, 0.171688
1.000000, 0.600000, 0.346309
1.050000, 0.600000, 0.553061
1.100000, 0.600000, 0.778421
1.150000, 0.600000, 1.009556
1.200000, 0.600000, 1.235892
1.250000, 0.600000, 1.450365
1.300000, 0.600000, 1.650239
1.350000, 0.600000, 1.837393
1.400000, 0.600000, 2.018054
1.450000, 0.600000, 2.202003
1.500000, 0.600000, 2.401338
1.550000, 0.600000, 2.628930
1.600000, 0.600000, 2.896726
1.650000, 0.600000, 3.214088
1.700000, 0.600000, 3.586349
1.750000, 0.600000, 4.013739
1.800000, 0.600000, 4.490819
1.850000, 0.600000, 5.006481
1.900000, 0.600000, 5.544551
1.950000, 0.600000, 6.084939
2.000000, 0.600000, 6.605254
0.000000, 0.650000, -1.243420
0.050000, 0.650000, -0.682071
0.100000, 0.650000, -0.145279
0.150000, 0.650000, 0.338091
0.200000, 0.650000, 0.743756
0.250000, 0.650000, 1.053842
0.300000, 0.650000, 1.258143
0.350000, 0.650000, 1.354733
0.400000, 0.650000, 1.349873
0.450000, 0.650000, 1.257232
0.500000, 0.650000, 1.096524
0.550000, 0.650000, 0.891669
0.600000, 0.650000, 0.668677
0.650000, 0.650000, 0.453438
0.700000, 0.650000, 0.269626
0.750000, 0.650000, 0.136903
0.800000, 0.650000, 0.069573
0.850000, 0.650000, 0.075794
0.900000, 0.650000, 0.157403
0.950000, 0.650000, 0.310337
1.000000, 0.650000, 0.525588
1.050000, 0.650000, 0.790570
1.100000, 0.650000, 1.090749
1.150000, 0.650000, 1.411349
1.200000, 0.650000, 1.738967
1.250000, 0.650000, 2.062920
1.300000, 0.650000, 2.376194
1.350000, 0.650000, 2.675907
1.400000, 0.650000, 2.963249
1.450000, 0.650000, 3.242915
1.500000, 0.650000, 3.522112
1.550000, 0.650000, 3.809250
1.600000, 0.650000, 4.112482
1.650000, 0.650000, 4.438255
1.700000, 0.650000, 4.790040
1.750000, 0.650000, 5.167401
1.800000, 0.650000, 5.565510
1.850000, 0.650000, 5.975188
1.900000, 0.650000, 6.383475
1.950000, 0.650000, 6.774706
2.000000, 0.650000, 7.131970
0.000000, 0.700000, -0.832711
0.050000, 0.700000, -0.240690
0.100000, 0.700000, 0.324491
0.150000, 0.700000, 0.831082
0.200000, 0.700000, 1.252339
0.250000, 0.700000, 1.568529
0.300000, 0.700000, 1.768349
0.350000, 0.700000, 1.849623
0.400000, 0.700000, 1.819261
0.450000, 0.700000, 1.692466
0.500000, 0.700000, 1.491286
0.550000, 0.700000, 1.242661
0.600000, 0.700000, 0.976117
0.650000, 0.700000, 0.721346
0.700000, 0.700000, 0.505867
0.750000, 0.700000, 0.352975
0.800000, 0.700000, 0.280140
0.850000, 0.700000, 0.297993
0.900000, 0.700000, 0.409946
0.950000, 0.700000, 0.612457
1.000000, 0.700000, 0.895890
1.050000, 0.700000, 1.245848
1.100000, 0.700000, 1.644835
1.150000, 0.700000, 2.074072
1.200000, 0.700000, 2.515275
1.250000, 0.700000, 2.952233
1.300000, 0.700000, 3.372037
1.350000, 0.700000, 3.765846
1.400000, 0.700000, 4.129164
1.450000, 0.700000, 4.461595
1.500000, 0.700000, 4.766167
1.550000, 0.700000, 5.048299
1.600000, 0.700000, 5.314567
1.650000, 0.700000, 5.571411
1.700000, 0.700000, 5.823952
1.750000, 0.700000, 6.075056
1.800000, 0.700000, 6.324764
1.850000, 0.700000, 6.570154
1.900000, 0.700000, 6.805660
1.950000, 0.700000, 7.023819
2.000000, 0.700000, 7.216357
0.000000, 0.750000, -0.377336
0.050000, 0.750000, 0.246000
0.100000, 0.750000, 0.839656
0.150000, 0.750000, 1.368605
0.200000, 0.750000, 1.803390
0.250000, 0.750000, 2.122366
0.300000, 0.750000, 2.313296
0.350000, 0.750000, 2.374163
0.400000, 0.750000, 2.313143
0.450000, 0.750000, 2.147757
0.500000, 0.750000, 1.903289
0.550000, 0.750000, 1.610604
0.600000, 0.750000, 1.303583
0.650000, 0.750000, 1.016375
0.700000, 0.750000, 0.780727
0.750000, 0.750000, 0.623591
0.800000, 0.750000, 0.565223
0.850000, 0.750000, 0.617895
0.900000, 0.750000, 0.785324
0.950000, 0.750000, 1.062832
1.000000, 0.750000, 1.438176
1.050000, 0.750000, 1.892970
1.100000, 0.750000, 2.404525
1.150000, 0.750000, 2.947929
1.200000, 0.750000, 3.498173
1.250000, 0.750000, 4.032132
1.300000, 0.750000, 4.530219
1.350000, 0.750000, 4.977605
1.400000, 0.750000, 5.364903
1.450000, 0.750000, 5.688306
1.500000, 0.750000, 5.949201
1.550000, 0.750000, 6.153346
1.600000, 0.750000, 6.309719
1.650000, 0.750000, 6.429201
1.700000, 0.750000, 6.523234
1.750000, 0.750000, 6.602607
1.800000, 0.750000, 6.676504
1.850000, 0.750000, 6.751885
1.900000, 0.750000, 6.833269
1.950000, 0.750000, 6.922900
2.000000, 0.750000, 7.021256
0.000000, 0.800000, 0.080965
0.050000, 0.800000, 0.736149
0.100000, 0.800000, 1.358211
0.150000, 0.800000, 1.908445
0.200000, 0.800000, 2.354450
0.250000, 0.800000, 2.672672
0.300000, 0.800000, 2.850206
0.350000, 0.800000, 2.885717
0.400000, 0.800000, 2.789405
0.450000, 0.800000, 2.582027
0.500000, 0.800000, 2.293079
0.550000, 0.800000, 1.958287
0.600000, 0.800000, 1.616642
0.650000, 0.800000, 1.307221
0.700000, 0.800000, 1.066068
0.750000, 0.800000, 0.923399
0.800000, 0.800000, 0.901344
0.850000, 0.800000, 1.012413
0.900000, 0.800000, 1.258781
0.950000, 0.800000, 1.632444
1.000000, 0.800000, 2.116183
1.050000, 0.800000, 2.685252
1.100000, 0.800000, 3.309603
1.150000, 0.800000, 3.956454
1.200000, 0.800000, 4.592960
1.250000, 0.800000, 5.188771
1.300000, 0.800000, 5.718251
1.350000, 0.800000, 6.162210
1.400000, 0.800000, 6.508998
1.450000, 0.800000, 6.754940
1.500000, 0.800000, 6.904079
1.550000, 0.800000, 6.967325
1.600000, 0.800000, 6.961094
1.650000, 0.800000, 6.905614
1.700000, 0.800000, 6.823059
1.750000, 0.800000, 6.735690
1.800000, 0.800000, 6.664177
1.850000, 0.800000, 6.626220
1.900000, 0.800000, 6.635588
1.950000, 0.800000, 6.701601
2.000000, 0.800000, 6.829082
0.000000, 0.850000, 0.500347
0.050000, 0.850000, 1.187783
0.100000, 0.850000, 1.838016
0.150000, 0.850000, 2.408249
0.200000, 0.850000, 2.862933
0.250000, 0.850000, 3.176671
0.300000, 0.850000, 3.336263
0.350000, 0.850000, 3.341717
0.400000, 0.850000, 3.206145
0.450000, 0.850000, 2.954566
0.500000, 0.850000, 2.621717
0.550000, 0.850000, 2.249078
0.600000, 0.850000, 1.881354
0.650000, 0.850000, 1.562728
0.700000, 0.850000, 1.333208
0.750000, 0.850000, 1.225357
0.800000, 0.850000, 1.261699
0.850000, 0.850000, 1.452993
0.900000, 0.850000, 1.797514
0.950000, 0.850000, 2.281387
1.000000, 0.850000, 2.879918
1.050000, 0.850000, 3.559803
1.100000, 0.850000, 4.282001
1.150000, 0.850000, 5.005021
1.200000, 0.850000, 5.688338
1.250000, 0.850000, 6.295646
1.300000, 0.850000, 6.797680
1.350000, 0.850000, 7.174387
1.400000, 0.850000, 7.416281
1.450000, 0.850000, 7.524887
1.500000, 0.850000, 7.512282
1.550000, 0.850000, 7.399785
1.600000, 0.850000, 7.215951
1.650000, 0.850000, 6.994043
1.700000, 0.850000, 6.769241
1.750000, 0.850000, 6.575802
1.800000, 0.850000, 6.444434
1.850000, 0.850000, 6.400070
1.900000, 0.850000, 6.460234
1.950000, 0.850000, 6.634075
2.000000, 0.850000, 6.922142
0.000000, 0.900000, 0.843000
0.050000, 0.900000, 1.562958
0.100000, 0.900000, 2.240951
0.150000, 0.900000, 2.829680
0.200000, 0.900000, 3.290277
0.250000, 0.900000, 3.595648
0.300000, 0.900000, 3.732782
0.350000, 0.900000, 3.703825
0.400000, 0.900000, 3.525821
0.450000, 0.900000, 3.229157
0.500000, 0.900000, 2.854850
0.550000, 0.900000, 2.450909
0.600000, 0.900000, 2.068115
0.650000, 0.900000, 1.755563
0.700000, 0.900000, 1.556386
0.750000, 0.900000, 1.504012
0.800000, 0.900000, 1.619293
0.850000, 0.900000, 1.908740
0.900000, 0.900000, 2.364021
0.950000, 0.900000, 2.962753
1.000000, 0.900000, 3.670508
1.050000, 0.900000, 4.443849
1.100000, 0.900000, 5.234130
1.150000, 0.900000, 5.991713
1.200000, 0.900000, 6.670235
1.250000, 0.900000, 7.230560
1.300000, 0.900000, 7.644064
1.350000, 0.900000, 7.894991
1.400000, 0.900000, 7.981666
1.450000, 0.900000, 7.916502
1.500000, 0.900000, 7.724782
1.550000, 0.900000, 7.442371
1.600000, 0.900000, 7.112546
1.650000, 0.900000, 6.782242
1.700000, 0.900000, 6.498046
1.750000, 0.900000, 6.302287
1.800000, 0.900000, 6.229556
1.850000, 0.900000, 6.303947
1.900000, 0.900000, 6.537250
1.950000, 0.900000, 6.928217
2.000000, 0.900000, 7.462966
0.000000, 0.950000, 1.078888
0.050000, 0.950000, 1.831489
0.100000, 0.950000, 2.536652
0.150000, 0.950000, 3.142162
0.200000, 0.950000, 3.605700
0.250000, 0.950000, 3.898705
0.300000, 0.950000, 4.008965
0.350000, 0.950000, 3.941692
0.400000, 0.950000, 3.718995
0.450000, 0.950000, 3.377792
0.500000, 0.950000, 2.966356
0.550000, 0.950000, 2.539829
0.600000, 0.950000, 2.155091
0.650000, 0.950000, 1.865489
0.700000, 0.950000, 1.715889
0.750000, 0.950000, 1.738512
0.800000, 0.950000, 1.949948
0.850000, 0.950000, 2.349605
0.900000, 0.950000, 2.919746
0.950000, 0.950000, 3.627103
1.000000, 0.950000, 4.425924
1.050000, 0.950000, 5.262165
1.100000, 0.950000, 6.078438
1.150000, 0.950000, 6.819274
1.200000, 0.950000, 7.436198
1.250000, 0.950000, 7.892165
1.300000, 0.950000, 8.164945
1.350000, 0.950000, 8.249150
1.400000, 0.950000, 8.156719
1.450000, 0.950000, 7.915823
1.500000, 0.950000, 7.568290
1.550000, 0.950000, 7.165792
1.600000, 0.950000, 6.765151
1.650000, 0.950000, 6.423182
1.700000, 0.950000, 6.191562
1.750000, 0.950000, 6.112188
1.800000, 0.950000, 6.213438
1.850000, 0.950000, 6.507685
1.900000, 0.950000, 6.990280
1.950000, 0.950000, 7.640086
2.000000, 0.950000, 8.421517
0.000000, 1.000000, 1.188714
0.050000, 1.000000, 1.973928
0.100000, 1.000000, 2.705491
0.150000, 1.000000, 3.325861
0.200000, 1.000000, 3.789181
0.250000, 1.000000, 4.065749
0.300000, 1.000000, 4.144886
0.350000, 1.000000, 4.035937
0.400000, 1.000000, 3.767301
0.450000, 1.000000, 3.383596
0.500000, 1.000000, 2.941224
0.550000, 1.000000, 2.502785
0.600000, 1.000000, 2.130879
0.650000, 1.000000, 1.881907
0.700000, 1.000000, 1.800489
0.750000, 1.000000, 1.915023
0.800000, 1.000000, 2.234854
0.850000, 1.000000, 2.749303
0.900000, 1.000000, 3.428667
0.950000, 1.000000, 4.227091
1.000000, 1.000000, 5.087032
1.050000, 1.000000, 5.944870
1.100000, 1.000000, 6.737137
1.150000, 1.000000, 7.406729
1.200000, 1.000000, 7.908519
1.250000, 1.000000, 8.213791
1.300000, 1.000000, 8.313098
1.350000, 1.000000, 8.217223
1.400000, 1.000000, 7.956182
1.450000, 1.000000, 7.576342
1.500000, 1.000000, 7.135947
1.550000, 1.000000, 6.699486
1.600000, 1.000000, 6.331445
1.650000, 1.000000, 6.090068
1.700000, 1.000000, 6.021725
1.750000, 1.000000, 6.156428
1.800000, 1.000000, 6.504964
1.850000, 1.000000, 7.057882
1.900000, 1.000000, 7.786469
1.950000, 1.000000, 8.645597
2.000000, 1.000000, 9.578162
0.000000, 1.050000, 1.165829
0.050000, 1.050000, 1.983471
0.100000, 1.050000, 2.740486
0.150000, 1.050000, 3.373596
0.200000, 1.050000, 3.833378
0.250000, 1.050000, 4.089412
0.300000, 1.050000, 4.133420
0.350000, 1.050000, 3.980067
0.400000, 1.050000, 3.665341
0.450000, 1.050000, 3.242694
0.500000, 1.050000, 2.777344
0.550000, 1.050000, 2.339337
0.600000, 1.050000, 1.996118
0.650000, 1.050000, 1.805377
0.700000, 1.050000, 1.808934
0.750000, 1.050000, 2.028304
0.800000, 1.050000, 2.462410
0.850000, 1.050000, 3.087675
0.900000, 1.050000, 3.860495
0.950000, 1.050000, 4.721819
1.000000, 1.050000, 5.603357
1.050000, 1.050000, 6.434758
1.100000, 1.050000, 7.151005
1.150000, 1.050000, 7.699250
1.200000, 1.050000, 8.044357
1.250000, 1.050000, 8.172597
1.300000, 1.050000, 8.093088
1.350000, 1.050000, 7.836837
1.400000, 1.050000, 7.453497
1.450000, 1.050000, 7.006178
1.500000, 1.050000, 6.564858
1.550000, 1.050000, 6.199094
1.600000, 1.050000, 5.970800
1.650000, 1.050000, 5.927841
1.700000, 1.050000, 6.099129
1.750000, 1.050000, 6.491706
1.800000, 1.050000, 7.090144
1.850000, 1.050000, 7.858283
1.900000, 1.050000, 8.743147
1.950000, 1.050000, 9.680590
2.000000, 1.050000, 10.602094
0.000000, 1.100000, 1.016882
0.050000, 1.100000, 1.866616
0.100000, 1.100000, 2.647963
0.150000, 1.100000, 3.291512
0.200000, 1.100000, 3.744301
0.250000, 1.100000, 3.975726
0.300000, 1.100000, 3.980911
0.350000, 1.100000, 3.781141
0.400000, 1.100000, 3.421333
0.450000, 1.100000, 2.964818
0.500000, 1.100000, 2.486060
0.550000, 1.100000, 2.062123
0.600000, 1.100000, 1.763881
0.650000, 1.100000, 1.647958
0.700000, 1.100000, 1.750324
0.750000, 1.100000, 2.082262
0.800000, 1.100000, 2.629164
0.850000, 1.100000, 3.352275
0.900000, 1.100000, 4.193179
0.950000, 1.100000, 5.080495
1.000000, 1.100000, 5.938026
1.050000, 1.100000, 6.693408
1.100000, 1.100000, 7.286282
1.150000, 1.100000, 7.675060
1.200000, 1.100000, 7.841527
1.250000, 1.100000, 7.792759
1.300000, 1.100000, 7.560171
1.350000, 1.100000, 7.195809
1.400000, 1.100000, 6.766349
1.450000, 1.100000, 6.345481
1.500000, 1.100000, 6.005576
1.550000, 1.100000, 5.809577
1.600000, 1.100000, 5.804057
1.650000, 1.100000, 6.014190
1.700000, 1.100000, 6.441216
1.750000, 1.100000, 7.062658
1.800000, 1.100000, 7.835214
1.850000, 1.100000, 8.699993
1.900000, 1.100000, 9.589447
1.950000, 1.100000, 10.435192
2.000000, 1.100000, 11.175812
0.000000, 1.150000, 0.761171
0.050000, 1.150000, 1.642513
0.100000, 1.150000, 2.446909
0.150000, 1.150000, 3.098432
0.200000, 1.150000, 3.540670
0.250000, 1.150000, 3.743484
0.300000, 1.150000, 3.706531
0.350000, 1.150000, 3.459123
0.400000, 1.150000, 3.056439
0.450000, 1.150000, 2.572589
0.500000, 1.150000, 2.091392
0.550000, 1.150000, 1.696018
0.600000, 1.150000, 1.458777
0.650000, 1.150000, 1.432318
0.700000, 1.150000, 1.643321
0.750000, 1.150000, 2.089426
0.800000, 1.150000, 2.739775
0.850000, 1.150000, 3.539056
0.900000, 1.150000, 4.414522
0.950000, 1.150000, 5.285091
1.000000, 1.150000, 6.071380
1.050000, 1.150000, 6.705413
1.100000, 1.150000, 7.138821
1.150000, 1.150000, 7.348513
1.200000, 1.150000, 7.339167
1.250000, 1.150000, 7.142251
1.300000, 1.150000, 6.811764
1.350000, 1.150000, 6.417256
1.400000, 1.150000, 6.035042
1.450000, 1.150000, 5.738733
1.500000, 1.150000, 5.590275
1.550000, 1.150000, 5.632608
1.600000, 1.150000, 5.884831
1.650000, 1.150000, 6.340442
1.700000, 1.150000, 6.968817
1.750000, 1.150000, 7.719663
1.800000, 1.150000, 8.529859
1.850000, 1.150000, 9.331732
1.900000, 1.150000, 10.061727
1.950000, 1.150000, 10.668330
2.000000, 1.150000, 11.118271
0.000000, 1.200000, 0.428730
0.050000, 1.200000, 1.341061
0.100000, 1.200000, 2.167074
0.150000, 1.200000, 2.823960
0.200000, 1.200000, 3.252019
0.250000, 1.200000, 3.422344
0.300000, 1.200000, 3.340390
0.350000, 1.200000, 3.044972
0.400000, 1.200000, 2.602831
0.450000, 1.200000, 2.099549
0.500000, 1.200000, 1.628018
0.550000, 1.200000, 1.276063
0.600000, 1.200000, 1.114855
0.650000, 1.200000, 1.189679
0.700000, 1.200000, 1.514266
0.750000, 1.200000, 2.069413
0.800000, 1.200000, 2.806024
0.850000, 1.200000, 3.652116
0.900000, 1.200000, 4.522787
0.950000, 1.200000, 5.331758
1.000000, 1.200000, 6.002911
1.050000, 1.200000, 6.480262
1.100000, 1.200000, 6.735030
1.150000, 1.200000, 6.768909
1.200000, 1.200000, 6.613149
1.250000, 1.200000, 6.323654
1.300000, 1.200000, 5.972847
1.350000, 1.200000, 5.639465
1.400000, 1.200000, 5.397751
1.450000, 1.200000, 5.307518
1.500000, 1.200000, 5.406465
1.550000, 1.200000, 5.705745
1.600000, 1.200000, 6.189340
1.650000, 1.200000, 6.817235
1.700000, 1.200000, 7.531876
1.750000, 1.200000, 8.266916
1.800000, 1.200000, 8.956962
1.850000, 1.200000, 9.546918
1.900000, 1.200000, 9.999604
1.950000, 1.200000, 10.300572
2.000000, 1.200000, 10.459509
0.000000, 1.250000, 0.057370
0.050000, 1.250000, 0.999942
0.100000, 1.250000, 1.846009
0.150000, 1.250000, 2.505526
0.200000, 1.250000, 2.915745
0.250000, 1.250000, 3.049880
0.300000, 1.250000, 2.920573
0.350000, 1.250000, 2.577673
0.400000, 1.250000, 2.100703
0.450000, 1.250000, 1.587132
0.500000, 1.250000, 1.138191
0.550000, 1.250000, 0.844343
0.600000, 1.250000, 0.772490
0.650000, 1.250000, 0.956794
0.700000, 1.250000, 1.394387
0.750000, 1.250000, 2.046534
0.800000, 1.250000, 2.844997
0.850000, 1.250000, 3.702586
0.900000, 1.250000, 4.526274
0.950000, 1.250000, 5.230887
1.000000, 1.250000, 5.751346
1.050000, 1.250000, 6.051665
1.100000, 1.250000, 6.129425
1.150000, 1.250000, 6.015155
1.200000, 1.250000, 5.766817
1.250000, 1.250000, 5.460312
1.300000, 1.250000, 5.177555
1.350000, 1.250000, 4.993947
1.400000, 1.250000, 4.967189
1.450000, 1.250000, 5.129115
1.500000, 1.250000, 5.481726
1.550000, 1.250000, 5.997963
1.600000, 1.250000, 6.627002
1.650000, 1.250000, 7.303147
1.700000, 1.250000, 7.956870
1.750000, 1.250000, 8.526215
1.800000, 1.250000, 8.966755
1.850000, 1.250000, 9.258538
1.900000, 1.250000, 9.408940
1.950000, 1.250000, 9.451022
2.000000, 1.250000, 9.437673
0.000000, 1.300000, -0.311064
0.050000, 1.300000, 0.660894
0.100000, 1.300000, 1.525335
0.150000, 1.300000, 2.184653
0.200000, 1.300000, 2.573375
0.250000, 1.300000, 2.667852
0.300000, 1.300000, 2.489408
0.350000, 1.300000, 2.100494
0.400000, 1.300000, 1.594494
0.450000, 1.300000, 1.080850
0.500000, 1.300000, 0.667894
0.550000, 1.300000, 0.446124
0.600000, 1.300000, 0.474553
0.650000, 1.300000, 0.772257
0.700000, 1.300000, 1.316380
0.750000, 1.300000, 2.046811
0.800000, 1.300000, 2.876667
0.850000, 1.300000, 3.706810
0.900000, 1.300000, 4.441968
0.950000, 1.300000, 5.005857
1.000000, 1.300000, 5.352843
1.050000, 1.300000, 5.474345
1.100000, 1.300000, 5.399025
1.150000, 1.300000, 5.186858
1.200000, 1.300000, 4.918199
1.250000, 1.300000, 4.679745
1.300000, 1.300000, 4.549798
1.350000, 1.300000, 4.585310
1.400000, 1.300000, 4.812849
1.450000, 1.300000, 5.224962
1.500000, 1.300000, 5.782461
1.550000, 1.300000, 6.422165
1.600000, 1.300000, 7.068700
1.650000, 1.300000, 7.648290
1.700000, 1.300000, 8.102140
1.750000, 1.300000, 8.397080
1.800000, 1.300000, 8.531648
1.850000, 1.300000, 8.536522
1.900000, 1.300000, 8.469237
1.950000, 1.300000, 8.404061
2.000000, 1.300000, 8.418763
0.000000, 1.350000, -0.634831
0.050000, 1.350000, 0.365563
0.100000, 1.350000, 1.246606
0.150000, 1.350000, 1.902828
0.200000, 1.350000, 2.266438
0.250000, 1.350000, 2.318067
0.300000, 1.350000, 2.089329
0.350000, 1.350000, 1.656830
0.400000, 1.350000, 1.128711
0.450000, 1.350000, 0.626084
0.500000, 1.350000, 0.262595
0.550000, 1.350000, 0.125611
0.600000, 1.350000, 0.262239
0.650000, 1.350000, 0.672501
0.700000, 1.350000, 1.310721
0.750000, 1.350000, 2.094727
0.800000, 1.350000, 2.921156
0.850000, 1.350000, 3.684048
0.900000, 1.350000, 4.293425
0.950000, 1.350000, 4.690593
1.000000, 1.350000, 4.857499
1.050000, 1.350000, 4.818625
1.100000, 1.350000, 4.635194
1.150000, 1.350000, 4.392881
1.200000, 1.350000, 4.185348
1.250000, 1.350000, 4.096667
1.300000, 1.350000, 4.185841
1.350000, 1.350000, 4.476239
1.400000, 1.350000, 4.951841
1.450000, 1.350000, 5.560922
1.500000, 1.350000, 6.226455
1.550000, 1.350000, 6.861278
1.600000, 1.350000, 7.385185
1.650000, 1.350000, 7.740775
1.700000, 1.350000, 7.905074
1.750000, 1.350000, 7.894747
1.800000, 1.350000, 7.763858
1.850000, 1.350000, 7.594506
1.900000, 1.350000, 7.481971
1.950000, 1.350000, 7.517036
2.000000, 1.350000, 7.768674
0.000000, 1.400000, -0.876435
0.050000, 1.400000, 0.151374
0.100000, 1.400000, 1.047177
0.150000, 1.400000, 1.697363
0.200000, 1.400000, 2.032328
0.250000, 1.400000, 2.038252
0.300000, 1.400000, 1.758731
0.350000, 1.400000, 1.286045
0.400000, 1.400000, 0.743747
0.450000, 1.400000, 0.263872
0.500000, 1.400000, -0.036980
0.550000, 1.400000, -0.078268
0.600000, 1.400000, 0.170943
0.650000, 1.400000, 0.687886
0.700000, 1.400000, 1.402081
0.750000, 1.400000, 2.210068
0.800000, 1.400000, 2.995988
0.850000, 1.400000, 3.653984
0.900000, 1.400000, 4.108144
0.950000, 1.400000, 4.326205
1.000000, 1.400000, 4.324501
1.050000, 1.400000, 4.163328
1.100000, 1.400000, 3.933778
1.150000, 1.400000, 3.738710
1.200000, 1.400000, 3.671676
1.250000, 1.400000, 3.797953
1.300000, 1.400000, 4.141422
1.350000, 1.400000, 4.679884
1.400000, 1.400000, 5.349703
1.450000, 1.400000, 6.058888
1.500000, 1.400000, 6.706016
1.550000, 1.400000, 7.201280
1.600000, 1.400000, 7.485480
1.650000, 1.400000, 7.543163
1.700000, 1.400000, 7.407238
1.750000, 1.400000, 7.154012
1.800000, 1.400000, 6.889473
1.850000, 1.400000, 6.729348
1.900000, 1.400000, 6.776702
1.950000, 1.400000, 7.101373
2.000000, 1.400000, 7.725241
0.000000, 1.450000, -1.006351
0.050000, 1.450000, 0.047800
0.100000, 1.450000, 0.956472
0.150000, 1.450000, 1.597671
0.200000, 1.450000, 1.900577
0.250000, 1.450000, 1.858317
0.300000, 1.450000, 1.528234
0.350000, 1.450000, 1.019719
0.400000, 1.450000, 0.472104
0.450000, 1.450000, 0.027105
0.500000, 1.450000, -0.198662
0.550000, 1.450000, -0.135625
0.600000, 1.450000, 0.226619
0.650000, 1.450000, 0.839281
0.700000, 1.450000, 1.606240
0.750000, 1.450000, 2.405199
0.800000, 1.450000, 3.113657
0.850000, 1.450000, 3.634318
0.900000, 1.450000, 3.914707
0.950000, 1.450000, 3.957036
1.000000, 1.450000, 3.816388
1.050000, 1.450000, 3.587737
1.100000, 1.450000, 3.384638
1.150000, 1.450000, 3.314129
1.200000, 1.450000, 3.453171
1.250000, 1.450000, 3.831607
1.300000, 1.450000, 4.425263
1.350000, 1.450000, 5.160693
1.400000, 1.450000, 5.930616
1.450000, 1.450000, 6.616878
1.500000, 1.450000, 7.116145
1.550000, 1.450000, 7.362942
1.600000, 1.450000, 7.345158
1.650000, 1.450000, 7.108631
1.700000, 1.450000, 6.749692
1.750000, 1.450000, 6.396983
1.800000, 1.450000, 6.186132
1.850000, 1.450000, 6.232329
1.900000, 1.450000, 6.606396
1.950000, 1.450000, 7.319243
2.000000, 1.450000, 8.317989
0.000000, 1.500000, -1.005984
0.050000, 1.500000, 0.073409
0.100000, 1.500000, 0.993036
0.150000, 1.500000, 1.622314
0.200000, 1.500000, 1.889907
0.250000, 1.500000, 1.797405
0.300000, 1.500000, 1.417719
0.350000, 1.500000, 0.878672
0.400000, 1.500000, 0.335393
0.450000, 1.500000, -0.062494
0.500000, 1.500000, -0.201852
0.550000, 1.500000, -0.028581
0.600000, 1.500000, 0.442959
0.650000, 1.500000, 1.135482
0.700000, 1.500000, 1.927816
0.750000, 1.500000, 2.683099
0.800000, 1.500000, 3.279801
0.850000, 1.500000, 3.638717
0.900000, 1.500000, 3.739992
0.950000, 1.500000, 3.626508
1.000000, 1.500000, 3.392998
1.050000, 1.500000, 3.163422
1.100000, 1.500000, 3.061736
1.150000, 1.500000, 3.182676
1.200000, 1.500000, 3.569123
1.250000, 1.500000, 4.201222
1.300000, 1.500000, 4.999767
1.350000, 1.500000, 5.843231
1.400000, 1.500000, 6.594748
1.450000, 1.500000, 7.133149
1.500000, 1.500000, 7.381146
1.550000, 1.500000, 7.324381
1.600000, 1.500000, 7.016953
1.650000, 1.500000, 6.571999
1.700000, 1.500000, 6.139142
1.750000, 1.500000, 5.873512
1.800000, 1.500000, 5.902932
1.850000, 1.500000, 6.300314
1.900000, 1.500000, 7.067246
1.950000, 1.500000, 8.132394
2.000000, 1.500000, 9.365174
0.000000, 1.550000, -0.869553
0.050000, 1.550000, 0.233976
0.100000, 1.550000, 1.162648
0.150000, 1.550000, 1.777116
0.200000, 1.550000, 2.006336
0.250000, 1.550000, 1.861997
0.300000, 1.550000, 1.434426
0.350000, 1.550000, 0.871039
0.400000, 1.550000, 0.342390
0.450000, 1.550000, 0.003679
0.500000, 1.550000, -0.039461
0.550000, 1.550000, 0.246878
0.600000, 1.550000, 0.819687
0.650000, 1.550000, 1.571755
0.700000, 1.550000, 2.359085
0.750000, 1.550000, 3.036380
0.800000, 1.550000, 3.492183
0.850000, 1.550000, 3.675357
0.900000, 1.550000, 3.606717
0.950000, 1.550000, 3.373146
1.000000, 1.550000, 3.105672
1.050000, 1.550000, 2.946794
1.100000, 1.550000, 3.014874
1.150000, 1.550000, 3.374144
1.200000, 1.550000, 4.017539
1.250000, 1.550000, 4.866595
1.300000, 1.550000, 5.788607
1.350000, 1.550000, 6.627189
1.400000, 1.550000, 7.239148
1.450000, 1.550000, 7.529083
1.500000, 1.550000, 7.473517
1.550000, 1.550000, 7.128788
1.600000, 1.550000, 6.620607
1.650000, 1.550000, 6.117466
1.700000, 1.550000, 5.793801
1.750000, 1.550000, 5.791259
1.800000, 1.550000, 6.186864
1.850000, 1.550000, 6.975391
1.900000, 1.550000, 8.069987
1.950000, 1.550000, 9.320949
2.000000, 1.550000, 10.548423
0.000000, 1.600000, -0.604727
0.050000, 1.600000, 0.521851
0.100000, 1.600000, 1.457680
0.150000, 1.600000, 2.054523
0.200000, 1.600000, 2.242538
0.250000, 1.600000, 2.045264
0.300000, 1.600000, 1.572300
0.350000, 1.600000, 0.991608
0.400000, 1.600000, 0.488353
0.450000, 1.600000, 0.220411
0.500000, 1.600000, 0.281422
0.550000, 1.600000, 0.680323
0.600000, 1.600000, 1.342155
0.650000, 1.600000, 2.129660
0.700000, 1.600000, 2.880025
0.750000, 1.600000, 3.447425
0.800000, 1.600000, 3.740624
0.850000, 1.600000, 3.746194
0.900000, 1.600000, 3.531564
0.950000, 1.600000, 3.227177
1.000000, 1.600000, 2.992303
1.050000, 1.600000, 2.973171
1.100000, 1.600000, 3.264026
1.150000, 1.600000, 3.881039
1.200000, 1.600000, 4.755806
1.250000, 1.600000, 5.750306
1.300000, 1.600000, 6.689814
1.350000, 1.600000, 7.405768
1.400000, 1.600000, 7.778020
1.450000, 1.600000, 7.765971
1.500000, 1.600000, 7.420761
1.550000, 1.600000, 6.875279
1.600000, 1.600000, 6.314212
1.650000, 1.600000, 5.931242
1.700000, 1.600000, 5.883704
1.750000, 1.600000, 6.255652
1.800000, 1.600000, 7.038272
1.850000, 1.600000, 8.132349
1.900000, 1.600000, 9.372151
1.950000, 1.600000, 10.564855
2.000000, 1.600000, 11.535914
0.000000, 1.650000, -0.231943
0.050000, 1.650000, 0.916637
0.100000, 1.650000, 1.857784
0.150000, 1.650000, 2.434286
0.200000, 1.650000, 2.578524
0.250000, 1.650000, 2.327743
0.300000, 1.650000, 1.812649
0.350000, 1.650000, 1.222458
0.400000, 1.650000, 0.755648
0.450000, 1.650000, 0.569302
0.500000, 1.650000, 0.740199
0.550000, 1.650000, 1.247647
0.600000, 1.650000, 1.982283
0.650000, 1.650000, 2.778198
0.700000, 1.650000, 3.459634
0.750000, 1.650000, 3.889673
0.800000, 1.650000, 4.007909
0.850000, 1.650000, 3.847052
0.900000, 1.650000, 3.524025
0.950000, 1.650000, 3.207973
1.000000, 1.650000, 3.073692
1.050000, 1.650000, 3.252978
1.100000, 1.650000, 3.796924
1.150000, 1.650000, 4.659416
1.200000, 1.650000, 5.706467
1.250000, 1.650000, 6.749216
1.300000, 1.650000, 7.592170
1.350000, 1.650000, 8.084124
1.400000, 1.650000, 8.158469
1.450000, 1.650000, 7.852209
1.500000, 1.650000, 7.298572
1.550000, 1.650000, 6.694903
1.600000, 1.650000, 6.254008
1.650000, 1.650000, 6.151395
1.700000, 1.650000, 6.481976
1.750000, 1.650000, 7.237300
1.800000, 1.650000, 8.309085
1.850000, 1.650000, 9.517983
1.900000, 1.650000, 10.659961
1.950000, 1.650000, 11.558175
2.000000, 1.650000, 12.106869
0.000000, 1.700000, 0.217525
0.050000, 1.700000, 1.387122
0.100000, 1.700000, 2.331818
0.150000, 1.700000, 2.885385
0.200000, 1.700000, 2.983563
0.250000, 1.700000, 2.679256
0.300000, 1.700000, 2.126060
0.350000, 1.700000, 1.534856
0.400000, 1.700000, 1.115630
0.450000, 1.700000, 1.020653
0.500000, 1.700000, 1.304699
0.550000, 1.700000, 1.913119
0.600000, 1.700000, 2.700778
0.650000, 1.700000, 3.476219
0.700000, 1.700000, 4.058410
0.750000, 1.700000, 4.329940
0.800000, 1.700000, 4.271589
0.850000, 1.700000, 3.968485
0.900000, 1.700000, 3.586065
0.950000, 1.700000, 3.322588
1.000000, 1.700000, 3.351584
1.050000, 1.700000, 3.770501
1.100000, 1.700000, 4.570186
1.150000, 1.700000, 5.634026
1.200000, 1.700000, 6.767343
1.250000, 1.700000, 7.749174
1.300000, 1.700000, 8.392254
1.350000, 1.700000, 8.594658
1.400000, 1.700000, 8.368779
1.450000, 1.700000, 7.839505
1.500000, 1.700000, 7.211950
1.550000, 1.700000, 6.717474
1.600000, 1.700000, 6.552705
1.650000, 1.700000, 6.828212
1.700000, 1.700000, 7.540762
1.750000, 1.700000, 8.576587
1.800000, 1.700000, 9.744498
1.850000, 1.700000, 10.829464
1.900000, 1.700000, 11.651702
1.950000, 1.700000, 12.114852
2.000000, 1.700000, 12.230015
0.000000, 1.750000, 0.704565
0.050000, 1.750000, 1.894279
0.100000, 1.750000, 2.840840
0.150000, 1.750000, 3.369022
0.200000, 1.750000, 3.419171
0.250000, 1.750000, 3.061886
0.300000, 1.750000, 2.475359
0.350000, 1.750000, 1.892215
0.400000, 1.750000, 1.531595
0.450000, 1.750000, 1.536426
0.500000, 1.750000, 1.934197
0.550000, 1.750000, 2.632521
0.600000, 1.750000, 3.450435
0.650000, 1.750000, 4.175846
0.700000, 1.750000, 4.631781
0.750000, 1.750000, 4.731580
0.800000, 1.750000, 4.506487
0.850000, 1.750000, 4.097313
0.900000, 1.750000, 3.712572
0.950000, 1.750000, 3.565481
1.000000, 1.750000, 3.808554
1.050000, 1.750000, 4.485345
1.100000, 1.750000, 5.513894
1.150000, 1.750000, 6.707139
1.200000, 1.750000, 7.824649
1.250000, 1.750000, 8.640786
1.300000, 1.750000, 9.009462
1.350000, 1.750000, 8.906598
1.400000, 1.750000, 8.437819
1.450000, 1.750000, 7.809063
1.500000, 1.750000, 7.268587
1.550000, 1.750000, 7.037198
1.600000, 1.750000, 7.246920
1.650000, 1.750000, 7.905802
1.700000, 1.750000, 8.898854
1.750000, 1.750000, 10.024504
1.800000, 1.750000, 11.055550
1.850000, 1.750000, 11.806489
1.900000, 1.750000, 12.187311
1.950000, 1.750000, 12.227983
2.000000, 1.750000, 12.066579
0.000000, 1.800000, 1.185996
0.050000, 1.800000, 2.395025
0.100000, 1.800000, 3.341874
0.150000, 1.800000, 3.842383
0.200000, 1.800000, 3.842867
0.250000, 1.800000, 3.433734
0.300000, 1.800000, 2.819361
0.350000, 1.800000, 2.253818
0.400000, 1.800000, 1.962496
0.450000, 1.800000, 2.073986
0.500000, 1.800000, 2.583225
0.550000, 1.800000, 3.357071
0.600000, 1.800000, 4.180206
0.650000, 1.800000, 4.826646
0.700000, 1.800000, 5.134180
0.750000, 1.800000, 5.058167
0.800000, 1.800000, 4.687665
0.850000, 1.800000, 4.218635
0.900000, 1.800000, 3.892532
0.950000, 1.800000, 3.919422
1.000000, 1.800000, 4.409780
1.050000, 1.800000, 5.336473
1.100000, 1.800000, 6.539141
1.150000, 1.800000, 7.770025
1.200000, 1.800000, 8.767386
1.250000, 1.800000, 9.334017
1.300000, 1.800000, 9.396720
1.350000, 1.800000, 9.028399
1.400000, 1.800000, 8.425971
1.450000, 1.800000, 7.850902
1.500000, 1.800000, 7.550698
1.550000, 1.800000, 7.685494
1.600000, 1.800000, 8.282230
1.650000, 1.800000, 9.230278
1.700000, 1.800000, 10.319455
1.750000, 1.800000, 11.308241
1.800000, 1.800000, 12.000648
1.850000, 1.800000, 12.307645
1.900000, 1.800000, 12.273938
1.950000, 1.800000, 12.061855
2.000000, 1.800000, 11.897534
0.000000, 1.850000, 1.618743
0.050000, 1.850000, 2.846401
0.100000, 1.850000, 3.792077
0.150000, 1.850000, 4.262801
0.200000, 1.850000, 4.212336
0.250000, 1.850000, 3.753068
0.300000, 1.850000, 3.117009
0.350000, 1.850000, 2.578955
0.400000, 1.850000, 2.367079
0.450000, 1.850000, 2.590263
0.500000, 1.850000, 3.205801
0.550000, 1.850000, 4.037779
0.600000, 1.850000, 4.839669
0.650000, 1.850000, 5.380125
0.700000, 1.850000, 5.523371
0.750000, 1.850000, 5.277350
0.800000, 1.850000, 4.793509
0.850000, 1.850000, 4.318073
0.900000, 1.850000, 4.110724
0.950000, 1.850000, 4.357470
1.000000, 1.850000, 5.106499
1.050000, 1.850000, 6.248414
1.100000, 1.850000, 7.547721
1.150000, 1.850000, 8.715699
1.200000, 1.850000, 9.501144
1.250000, 1.850000, 9.769601
1.300000, 1.850000, 9.545395
1.350000, 1.850000, 9.002848
1.400000, 1.850000, 8.409648
1.450000, 1.850000, 8.040900
1.500000, 1.850000, 8.091881
1.550000, 1.850000, 8.617822
1.600000, 1.850000, 9.520108
1.650000, 1.850000, 10.582977
1.700000, 1.850000, 11.548223
1.750000, 1.850000, 12.202981
1.800000, 1.850000, 12.451446
1.850000, 1.850000, 12.346781
1.900000, 1.850000, 12.072665
1.950000, 1.850000, 11.880631
2.000000, 1.850000, 12.003959
0.000000, 1.900000, 1.964006
0.050000, 1.900000, 3.209736
0.100000, 1.900000, 4.152906
0.150000, 1.900000, 4.591919
0.200000, 1.900000, 4.489584
0.250000, 1.900000, 3.982478
0.300000, 1.900000, 3.331514
0.350000, 1.900000, 2.831047
0.400000, 1.900000, 2.708014
0.450000, 1.900000, 3.045909
0.500000, 1.900000, 3.759670
0.550000, 1.900000, 4.629798
0.600000, 1.900000, 5.383479
0.650000, 1.900000, 5.794153
0.700000, 1.900000, 5.764618
0.750000, 1.900000, 5.364474
0.800000, 1.900000, 4.808617
0.850000, 1.900000, 4.383977
0.900000, 1.900000, 4.349767
0.950000, 1.900000, 4.845805
1.000000, 1.900000, 5.840828
1.050000, 1.900000, 7.139018
1.100000, 1.900000, 8.442916
1.150000, 1.900000, 9.451435
1.200000, 1.900000, 9.959570
1.250000, 1.900000, 9.925743
1.300000, 1.900000, 9.483850
1.350000, 1.900000, 8.896054
1.400000, 1.900000, 8.462742
1.450000, 1.900000, 8.420708
1.500000, 1.900000, 8.864554
1.550000, 1.900000, 9.718159
1.600000, 1.900000, 10.765651
1.650000, 1.900000, 11.730695
1.700000, 1.900000, 12.376201
1.750000, 1.900000, 12.589543
1.800000, 1.900000, 12.423480
1.850000, 1.900000, 12.078406
1.900000, 1.900000, 11.832009
1.950000, 1.900000, 11.940740
2.000000, 1.900000, 12.547394
0.000000, 1.950000, 2.191025
0.050000, 1.950000, 3.454405
0.100000, 1.950000, 4.393870
0.150000, 1.950000, 4.799443
0.200000, 1.950000, 4.644687
0.250000, 1.950000, 4.092613
0.300000, 1.950000, 3.434088
0.350000, 1.950000, 2.981377
0.400000, 1.950000, 2.955621
0.450000, 1.950000, 3.409073
0.500000, 1.950000, 4.210155
0.550000, 1.950000, 5.096372
0.600000, 1.950000, 5.775374
0.650000, 1.950000, 6.036890
0.700000, 1.950000, 5.834284
0.750000, 1.950000, 5.305612
0.800000, 1.950000, 4.726138
0.850000, 1.950000, 4.409325
0.900000, 1.950000, 4.592242
0.950000, 1.950000, 5.347118
1.000000, 1.950000, 6.551462
1.050000, 1.950000, 7.927968
1.100000, 1.950000, 9.140168
1.150000, 1.950000, 9.909545
1.200000, 1.950000, 10.112045
1.250000, 1.950000, 9.819332
1.300000, 1.950000, 9.270181
1.350000, 1.950000, 8.782626
1.400000, 1.950000, 8.638920
1.450000, 1.950000, 8.985062
1.500000, 1.950000, 9.781209
1.550000, 1.950000, 10.820628
1.600000, 1.950000, 11.809862
1.650000, 1.950000, 12.480416
1.700000, 1.950000, 12.690858
1.750000, 1.950000, 12.481722
1.800000, 1.950000, 12.062904
1.850000, 1.950000, 11.737878
1.900000, 1.950000, 11.792247
1.950000, 1.950000, 12.387229
2.000000, 1.950000, 13.497076
0.000000, 2.000000, 2.280061
0.050000, 2.000000, 3.560812
0.100000, 2.000000, 4.495510
0.150000, 2.000000, 4.866114
0.200000, 2.000000, 4.658759
0.250000, 2.000000, 4.065146
0.300000, 2.000000, 3.406896
0.350000, 2.000000, 3.012032
0.400000, 2.000000, 3.090832
0.450000, 2.000000, 3.658398
0.500000, 2.000000, 4.533236
0.550000, 2.000000, 5.412007
0.600000, 2.000000, 5.991371
0.650000, 2.000000, 6.089836
0.700000, 2.000000, 5.722503
0.750000, 2.000000, 5.099650
0.800000, 2.000000, 4.549300
0.850000, 2.000000, 4.393074
0.900000, 2.000000, 4.822672
0.950000, 2.000000, 5.824231
1.000000, 2.000000, 7.179709
1.050000, 2.000000, 8.545154
1.100000, 2.000000, 9.576469
1.150000, 2.000000, 10.055168
1.200000, 2.000000, 9.966663
1.250000, 2.000000, 9.501665
1.300000, 2.000000, 8.980566
1.350000, 2.000000, 8.729946
1.400000, 2.000000, 8.958470
1.450000, 2.000000, 9.679490
1.500000, 2.000000, 10.709670
1.550000, 2.000000, 11.743784
1.600000, 2.000000, 12.476602
1.650000, 2.000000, 12.724792
1.700000, 2.000000, 12.501703
1.750000, 2.000000, 12.016000
1.800000, 2.000000, 11.594265
1.850000, 2.000000, 11.556889
1.900000, 2.000000, 12.094582
1.950000, 2.000000, 13.192758
2.000000, 2.000000, 14.632930
