0.000000, 0.000000, -1.187094
0.050000, 0.000000, -1.425916
0.100000, 0.000000, -1.593581
0.150000, 0.000000, -1.692654
0.200000, 0.000000, -1.729622
0.250000, 0.000000, -1.714433
0.300000, 0.000000, -1.659847
0.350000, 0.000000, -1.580644
0.400000, 0.000000, -1.492733
0.450000, 0.000000, -1.412217
0.500000, 0.000000, -1.354452
0.550000, 0.000000, -1.333181
0.600000, 0.000000, -1.359757
0.650000, 0.000000, -1.442531
0.700000, 0.000000, -1.586414
0.750000, 0.000000, -1.792649
0.800000, 0.000000, -2.058803
0.850000, 0.000000, -2.378978
0.900000, 0.000000, -2.744216
0.950000, 0.000000, -3.143101
1.000000, 0.000000, -3.562488
1.050000, 0.000000, -3.988343
1.100000, 0.000000, -4.406633
1.150000, 0.000000, -4.804214
1.200000, 0.000000, -5.169666
1.250000, 0.000000, -5.494036
1.300000, 0.000000, -5.771422
1.350000, 0.000000, -5.999393
1.400000, 0.000000, -6.179192
1.450000, 0.000000, -6.315730
1.500000, 0.000000, -6.417357
1.550000, 0.000000, -6.495427
1.600000, 0.000000, -6.563682
1.650000, 0.000000, -6.637480
1.700000, 0.000000, -6.732922
1.750000, 0.000000, -6.865917
1.800000, 0.000000, -7.051247
1.850000, 0.000000, -7.301670
1.900000, 0.000000, -7.627134
1.950000, 0.000000, -8.034128
2.000000, 0.000000, -8.525214
0.000000, 0.050000, -1.142853
0.050000, 0.050000, -1.305787
0.100000, 0.050000, -1.403749
0.150000, 0.050000, -1.443046
0.200000, 0.050000, -1.433361
0.250000, 0.050000, -1.387110
0.300000, 0.050000, -1.318660
0.350000, 0.050000, -1.243449
0.400000, 0.050000, -1.177056
0.450000, 0.050000, -1.134286
0.500000, 0.050000, -1.128301
0.550000, 0.050000, -1.169873
0.600000, 0.050000, -1.266775
0.650000, 0.050000, -1.423361
0.700000, 0.050000, -1.640356
0.750000, 0.050000, -1.914854
0.800000, 0.050000, -2.240541
0.850000, 0.050000, -2.608120
0.900000, 0.050000, -3.005907
0.950000, 0.050000, -3.420578
1.000000, 0.050000, -3.838007
1.050000, 0.050000, -4.244161
1.100000, 0.050000, -4.625986
1.150000, 0.050000, -4.972247
1.200000, 0.050000, -5.274252
1.250000, 0.050000, -5.526445
1.300000, 0.050000, -5.726806
1.350000, 0.050000, -5.877053
1.400000, 0.050000, -5.982616
1.450000, 0.050000, -6.052401
1.500000, 0.050000, -6.098340
1.550000, 0.050000, -6.134758
1.600000, 0.050000, -6.177591
1.650000, 0.050000, -6.243495
1.700000, 0.050000, -6.348900
1.750000, 0.050000, -6.509061
1.800000, 0.050000, -6.737148
1.850000, 0.050000, -7.043454
1.900000, 0.050000, -7.434731
1.950000, 0.050000, -7.913725
2.000000, 0.050000, -8.478916
0.000000, 0.100000, -1.063866
0.050000, 0.100000, -1.157097
0.100000, 0.100000, -1.195285
0.150000, 0.100000, -1.187930
0.200000, 0.100000, -1.147185
0.250000, 0.100000, -1.087075
0.300000, 0.100000, -1.022624
0.350000, 0.100000, -0.968941
0.400000, 0.100000, -0.940309
0.450000, 0.100000, -0.949336
0.500000, 0.100000, -1.006217
0.550000, 0.100000, -1.118141
0.600000, 0.100000, -1.288887
0.650000, 0.100000, -1.518623
0.700000, 0.100000, -1.803925
0.750000, 0.100000, -2.138006
0.800000, 0.100000, -2.511157
0.850000, 0.100000, -2.911350
0.900000, 0.100000, -3.324997
0.950000, 0.100000, -3.737792
1.000000, 0.100000, -4.135611
1.050000, 0.100000, -4.505402
1.100000, 0.100000, -4.836018
1.150000, 0.100000, -5.118951
1.200000, 0.100000, -5.348911
1.250000, 0.100000, -5.524220
1.300000, 0.100000, -5.647010
1.350000, 0.100000, -5.723185
1.400000, 0.100000, -5.762171
1.450000, 0.100000, -5.776456
1.500000, 0.100000, -5.780942
1.550000, 0.100000, -5.792150
1.600000, 0.100000, -5.827314
1.650000, 0.100000, -5.903420
1.700000, 0.100000, -6.036241
1.750000, 0.100000, -6.239424
1.800000, 0.100000, -6.523672
1.850000, 0.100000, -6.896083
1.900000, 0.100000, -7.359667
1.950000, 0.100000, -7.913084
2.000000, 0.100000, -8.550616
0.000000, 0.150000, -0.934820
0.050000, 0.150000, -0.968276
0.100000, 0.150000, -0.959811
0.150000, 0.150000, -0.921399
0.200000, 0.150000, -0.866799
0.250000, 0.150000, -0.810695
0.300000, 0.150000, -0.767784
0.350000, 0.150000, -0.751878
0.400000, 0.150000, -0.775066
0.450000, 0.150000, -0.846989
0.500000, 0.150000, -0.974261
0.550000, 0.150000, -1.160078
0.600000, 0.150000, -1.404032
0.650000, 0.150000, -1.702143
0.700000, 0.150000, -2.047109
0.750000, 0.150000, -2.428745
0.800000, 0.150000, -2.834615
0.850000, 0.150000, -3.250785
0.900000, 0.150000, -3.662688
0.950000, 0.150000, -4.056019
1.000000, 0.150000, -4.417635
1.050000, 0.150000, -4.736392
1.100000, 0.150000, -5.003873
1.150000, 0.150000, -5.214967
1.200000, 0.150000, -5.368265
1.250000, 0.150000, -5.466242
1.300000, 0.150000, -5.515215
1.350000, 0.150000, -5.525083
1.400000, 0.150000, -5.508855
1.450000, 0.150000, -5.481990
1.500000, 0.150000, -5.461585
1.550000, 0.150000, -5.465457
1.600000, 0.150000, -5.511170
1.650000, 0.150000, -5.615054
1.700000, 0.150000, -5.791274
1.750000, 0.150000, -6.051007
1.800000, 0.150000, -6.401762
1.850000, 0.150000, -6.846892
1.900000, 0.150000, -7.385325
1.950000, 0.150000, -8.011518
2.000000, 0.150000, -8.715666
0.000000, 0.200000, -0.739066
0.050000, 0.200000, -0.725869
0.100000, 0.200000, -0.686345
0.150000, 0.200000, -0.634077
0.200000, 0.200000, -0.583486
0.250000, 0.200000, -0.548929
0.300000, 0.200000, -0.543809
0.350000, 0.200000, -0.579744
0.400000, 0.200000, -0.665857
0.450000, 0.200000, -0.808210
0.500000, 0.200000, -1.009424
0.550000, 0.200000, -1.268510
0.600000, 0.200000, -1.580914
0.650000, 0.200000, -1.938777
0.700000, 0.200000, -2.331400
0.750000, 0.200000, -2.745873
0.800000, 0.200000, -3.167853
0.850000, 0.200000, -3.582429
0.900000, 0.200000, -3.975032
0.950000, 0.200000, -4.332341
1.000000, 0.200000, -4.643120
1.050000, 0.200000, -4.898953
1.100000, 0.200000, -5.094821
1.150000, 0.200000, -5.229496
1.200000, 0.200000, -5.305716
1.250000, 0.200000, -5.330143
1.300000, 0.200000, -5.313088
1.350000, 0.200000, -5.268032
1.400000, 0.200000, -5.210953
1.450000, 0.200000, -5.159501
1.500000, 0.200000, -5.132070
1.550000, 0.200000, -5.146807
1.600000, 0.200000, -5.220615
1.650000, 0.200000, -5.368213
1.700000, 0.200000, -5.601297
1.750000, 0.200000, -5.927845
1.800000, 0.200000, -6.351621
1.850000, 0.200000, -6.871892
1.900000, 0.200000, -7.483379
1.950000, 0.200000, -8.176454
2.000000, 0.200000, -8.937565
0.000000, 0.250000, -0.468227
0.050000, 0.250000, -0.423967
0.100000, 0.250000, -0.370583
0.150000, 0.250000, -0.322322
0.200000, 0.250000, -0.293278
0.250000, 0.250000, -0.296517
0.300000, 0.250000, -0.343249
0.350000, 0.250000, -0.442129
0.400000, 0.250000, -0.598702
0.450000, 0.250000, -0.815039
0.500000, 0.250000, -1.089576
0.550000, 0.250000, -1.417180
0.600000, 0.250000, -1.789417
0.650000, 0.250000, -2.195035
0.700000, 0.250000, -2.620607
0.750000, 0.250000, -3.051319
0.800000, 0.250000, -3.471846
0.850000, 0.250000, -3.867280
0.900000, 0.250000, -4.224033
0.950000, 0.250000, -4.530689
1.000000, 0.250000, -4.778740
1.050000, 0.250000, -4.963166
1.100000, 0.250000, -5.082828
1.150000, 0.250000, -5.140644
1.200000, 0.250000, -5.143536
1.250000, 0.250000, -5.102159
1.300000, 0.250000, -5.030400
1.350000, 0.250000, -4.944707
1.400000, 0.250000, -4.863248
1.450000, 0.250000, -4.804966
1.500000, 0.250000, -4.788580
1.550000, 0.250000, -4.831572
1.600000, 0.250000, -4.949233
1.650000, 0.250000, -5.153808
1.700000, 0.250000, -5.453790
1.750000, 0.250000, -5.853410
1.800000, 0.250000, -6.352340
1.850000, 0.250000, -6.945640
1.900000, 0.250000, -7.623939
1.950000, 0.250000, -8.373861
2.000000, 0.250000, -9.178653
0.000000, 0.300000, -0.129679
0.050000, 0.300000, -0.071556
0.100000, 0.300000, -0.022171
0.150000, 0.300000, 0.004550
0.200000, 0.300000, -0.004197
0.250000, 0.300000, -0.059288
0.300000, 0.300000, -0.168972
0.350000, 0.300000, -0.338328
0.400000, 0.300000, -0.568912
0.450000, 0.300000, -0.858611
0.500000, 0.300000, -1.201719
0.550000, 0.300000, -1.589223
0.600000, 0.300000, -2.009297
0.650000, 0.300000, -2.447961
0.700000, 0.300000, -2.889881
0.750000, 0.300000, -3.319264
0.800000, 0.300000, -3.720785
0.850000, 0.300000, -4.080514
0.900000, 0.300000, -4.386766
0.950000, 0.300000, -4.630852
1.000000, 0.300000, -4.807656
1.050000, 0.300000, -4.916036
1.100000, 0.300000, -4.958993
1.150000, 0.300000, -4.943628
1.200000, 0.300000, -4.880850
1.250000, 0.300000, -4.784885
1.300000, 0.300000, -4.672585
1.350000, 0.300000, -4.562582
1.400000, 0.300000, -4.474332
1.450000, 0.300000, -4.427099
1.500000, 0.300000, -4.438935
1.550000, 0.300000, -4.525704
1.600000, 0.300000, -4.700219
1.650000, 0.300000, -4.971519
1.700000, 0.300000, -5.344348
1.750000, 0.300000, -5.818840
1.800000, 0.300000, -6.390461
1.850000, 0.300000, -7.050176
1.900000, 0.300000, -7.784867
1.950000, 0.300000, -8.577954
2.000000, 0.300000, -9.410212
0.000000, 0.350000, 0.251165
0.050000, 0.350000, 0.305297
0.100000, 0.350000, 0.333153
0.150000, 0.350000, 0.322098
0.200000, 0.350000, 0.261509
0.250000, 0.350000, 0.143473
0.300000, 0.350000, -0.036687
0.350000, 0.350000, -0.280063
0.400000, 0.350000, -0.584030
0.450000, 0.350000, -0.942333
0.500000, 0.350000, -1.345388
0.550000, 0.350000, -1.780790
0.600000, 0.350000, -2.233983
0.650000, 0.350000, -2.689081
0.700000, 0.350000, -3.129770
0.750000, 0.350000, -3.540253
0.800000, 0.350000, -3.906181
0.850000, 0.350000, -4.215524
0.900000, 0.350000, -4.459321
0.950000, 0.350000, -4.632270
1.000000, 0.350000, -4.733127
1.050000, 0.350000, -4.764887
1.100000, 0.350000, -4.734728
1.150000, 0.350000, -4.653731
1.200000, 0.350000, -4.536376
1.250000, 0.350000, -4.399845
1.300000, 0.350000, -4.263170
1.350000, 0.350000, -4.146267
1.400000, 0.350000, -4.068909
1.450000, 0.350000, -4.049689
1.500000, 0.350000, -4.105038
1.550000, 0.350000, -4.248342
1.600000, 0.350000, -4.489206
1.650000, 0.350000, -4.832919
1.700000, 0.350000, -5.280130
1.750000, 0.350000, -5.826769
1.800000, 0.350000, -6.464210
1.850000, 0.350000, -7.179674
1.900000, 0.350000, -7.956845
1.950000, 0.350000, -8.776678
2.000000, 0.350000, -9.618341
0.000000, 0.400000, 0.634951
0.050000, 0.400000, 0.667565
0.100000, 0.400000, 0.657662
0.150000, 0.400000, 0.594785
0.200000, 0.400000, 0.471272
0.250000, 0.400000, 0.282776
0.300000, 0.400000, 0.028605
0.350000, 0.400000, -0.288154
0.400000, 0.400000, -0.660736
0.450000, 0.400000, -1.079010
0.500000, 0.400000, -1.529999
0.550000, 0.400000, -1.998569
0.600000, 0.400000, -2.468258
0.650000, 0.400000, -2.922196
0.700000, 0.400000, -3.344062
0.750000, 0.400000, -3.719032
0.800000, 0.400000, -4.034654
0.850000, 0.400000, -4.281616
0.900000, 0.400000, -4.454338
0.950000, 0.400000, -4.551385
1.000000, 0.400000, -4.575646
1.050000, 0.400000, -4.534284
1.100000, 0.400000, -4.438455
1.150000, 0.400000, -4.302804
1.200000, 0.400000, -4.144760
1.250000, 0.400000, -3.983684
1.300000, 0.400000, -3.839889
1.350000, 0.400000, -3.733604
1.400000, 0.400000, -3.683930
1.450000, 0.400000, -3.707842
1.500000, 0.400000, -3.819291
1.550000, 0.400000, -4.028459
1.600000, 0.400000, -4.341207
1.650000, 0.400000, -4.758735
1.700000, 0.400000, -5.277493
1.750000, 0.400000, -5.889331
1.800000, 0.400000, -6.581886
1.850000, 0.400000, -7.339196
1.900000, 0.400000, -8.142490
1.950000, 0.400000, -8.971130
2.000000, 0.400000, -9.803647
0.000000, 0.450000, 0.977579
0.050000, 0.450000, 0.972446
0.100000, 0.450000, 0.910745
0.150000, 0.450000, 0.784973
0.200000, 0.450000, 0.591030
0.250000, 0.450000, 0.328550
0.300000, 0.450000, 0.001017
0.350000, 0.450000, -0.384346
0.400000, 0.450000, -0.816900
0.450000, 0.450000, -1.283120
0.500000, 0.450000, -1.767302
0.550000, 0.450000, -2.252404
0.600000, 0.450000, -2.720977
0.650000, 0.450000, -3.156143
0.700000, 0.450000, -3.542549
0.750000, 0.450000, -3.867264
0.800000, 0.450000, -4.120545
0.850000, 0.450000, -4.296459
0.900000, 0.450000, -4.393286
0.950000, 0.450000, -4.413715
1.000000, 0.450000, -4.364799
1.050000, 0.450000, -4.257674
1.100000, 0.450000, -4.107054
1.150000, 0.450000, -3.930531
1.200000, 0.450000, -3.747709
1.250000, 0.450000, -3.579229
1.300000, 0.450000, -3.445717
1.350000, 0.450000, -3.366735
1.400000, 0.450000, -3.359767
1.450000, 0.450000, -3.439315
1.500000, 0.450000, -3.616137
1.550000, 0.450000, -3.896676
1.600000, 0.450000, -4.282718
1.650000, 0.450000, -4.771278
1.700000, 0.450000, -5.354738
1.750000, 0.450000, -6.021227
1.800000, 0.450000, -6.755216
1.850000, 0.450000, -7.538302
1.900000, 0.450000, -8.350139
1.950000, 0.450000, -9.169467
2.000000, 0.450000, -9.975181
0.000000, 0.500000, 1.241320
0.050000, 0.500000, 1.184408
0.100000, 0.500000, 1.059841
0.150000, 0.500000, 0.863678
0.200000, 0.500000, 0.595793
0.250000, 0.500000, 0.259990
0.300000, 0.500000, -0.136114
0.350000, 0.500000, -0.581425
0.400000, 0.500000, -1.061912
0.450000, 0.500000, -1.561325
0.500000, 0.500000, -2.062051
0.550000, 0.500000, -2.546059
0.600000, 0.500000, -2.995889
0.650000, 0.500000, -3.395627
0.700000, 0.500000, -3.731806
0.750000, 0.500000, -3.994199
0.800000, 0.500000, -4.176438
0.850000, 0.500000, -4.276437
0.900000, 0.500000, -4.296599
0.950000, 0.500000, -4.243771
1.000000, 0.500000, -4.128972
1.050000, 0.500000, -3.966890
1.100000, 0.500000, -3.775187
1.150000, 0.500000, -3.573628
1.200000, 0.500000, -3.383099
1.250000, 0.500000, -3.224558
1.300000, 0.500000, -3.117971
1.350000, 0.500000, -3.081289
1.400000, 0.500000, -3.129537
1.450000, 0.500000, -3.274034
1.500000, 0.500000, -3.521813
1.550000, 0.500000, -3.875262
1.600000, 0.500000, -4.331993
1.650000, 0.500000, -4.884973
1.700000, 0.500000, -5.522882
1.750000, 0.500000, -6.230698
1.800000, 0.500000, -6.990467
1.850000, 0.500000, -7.782223
1.900000, 0.500000, -8.585011
1.950000, 0.500000, -9.377942
2.000000, 0.500000, -10.141251
0.000000, 0.550000, 1.403930
0.050000, 0.550000, 1.284174
0.100000, 0.550000, 1.089256
0.150000, 0.550000, 0.819200
0.200000, 0.550000, 0.478046
0.250000, 0.550000, 0.073725
0.300000, 0.550000, -0.382280
0.350000, 0.550000, -0.875487
0.400000, 0.550000, -1.389143
0.450000, 0.550000, -1.905088
0.500000, 0.550000, -2.404721
0.550000, 0.550000, -2.869995
0.600000, 0.550000, -3.284411
0.650000, 0.550000, -3.633935
0.700000, 0.550000, -3.907801
0.750000, 0.550000, -4.099144
0.800000, 0.550000, -4.205441
0.850000, 0.550000, -4.228722
0.900000, 0.550000, -4.175538
0.950000, 0.550000, -4.056699
1.000000, 0.550000, -3.886775
1.050000, 0.550000, -3.683401
1.100000, 0.550000, -3.466412
1.150000, 0.550000, -3.256859
1.200000, 0.550000, -3.075954
1.250000, 0.550000, -2.944002
1.300000, 0.550000, -2.879372
1.350000, 0.550000, -2.897571
1.400000, 0.550000, -3.010454
1.450000, 0.550000, -3.225638
1.500000, 0.550000, -3.546113
1.550000, 0.550000, -3.970116
1.600000, 0.550000, -4.491227
1.650000, 0.550000, -5.098727
1.700000, 0.550000, -5.778156
1.750000, 0.550000, -6.512078
1.800000, 0.550000, -7.280984
1.850000, 0.550000, -8.064299
1.900000, 0.550000, -8.841435
1.950000, 0.550000, -9.592835
2.000000, 0.550000, -10.300952
0.000000, 0.600000, 1.462558
0.050000, 0.600000, 1.272477
0.100000, 0.600000, 1.003714
0.150000, 0.600000, 0.660450
0.200000, 0.600000, 0.250846
0.250000, 0.600000, -0.213308
0.300000, 0.600000, -0.717149
0.350000, 0.600000, -1.243476
0.400000, 0.600000, -1.773628
0.450000, 0.600000, -2.288457
0.500000, 0.600000, -2.769347
0.550000, 0.600000, -3.199207
0.600000, 0.600000, -3.563414
0.650000, 0.600000, -3.850627
0.700000, 0.600000, -4.053434
0.750000, 0.600000, -4.168812
0.800000, 0.600000, -4.198341
0.850000, 0.600000, -4.148197
0.900000, 0.600000, -4.028888
0.950000, 0.600000, -3.854774
1.000000, 0.600000, -3.643369
1.050000, 0.600000, -3.414487
1.100000, 0.600000, -3.189255
1.150000, 0.600000, -2.989059
1.200000, 0.600000, -2.834472
1.250000, 0.600000, -2.744216
1.300000, 0.600000, -2.734230
1.350000, 0.600000, -2.816875
1.400000, 0.600000, -3.000320
1.450000, 0.600000, -3.288157
1.500000, 0.600000, -3.679244
1.550000, 0.600000, -4.167798
1.600000, 0.600000, -4.743725
1.650000, 0.600000, -5.393171
1.700000, 0.600000, -6.099266
1.750000, 0.600000, -6.843012
1.800000, 0.600000, -7.604278
1.850000, 0.600000, -8.362842
1.900000, 0.600000, -9.099423
1.950000, 0.600000, -9.796651
2.000000, 0.600000, -10.439926
0.000000, 0.650000, 1.431223
0.050000, 0.650000, 1.167330
0.100000, 0.650000, 0.825417
0.150000, 0.650000, 0.413778
0.200000, 0.650000, -0.055578
0.250000, 0.650000, -0.567487
0.300000, 0.650000, -1.104374
0.350000, 0.650000, -1.647135
0.400000, 0.650000, -2.176126
0.450000, 0.650000, -2.672184
0.500000, 0.650000, -3.117645
0.550000, 0.650000, -3.497292
0.600000, 0.650000, -3.799187
0.650000, 0.650000, -4.015339
0.700000, 0.650000, -4.142167
0.750000, 0.650000, -4.180743
0.800000, 0.650000, -4.136789
0.850000, 0.650000, -4.020431
0.900000, 0.650000, -3.845725
0.950000, 0.650000, -3.629976
1.000000, 0.650000, -3.392882
1.050000, 0.650000, -3.155557
1.100000, 0.650000, -2.939473
1.150000, 0.650000, -2.765391
1.200000, 0.650000, -2.652318
1.250000, 0.650000, -2.616567
1.300000, 0.650000, -2.670950
1.350000, 0.650000, -2.824156
1.400000, 0.650000, -3.080351
1.450000, 0.650000, -3.439005
1.500000, 0.650000, -3.894968
1.550000, 0.650000, -4.438784
1.600000, 0.650000, -5.057225
1.650000, 0.650000, -5.734013
1.700000, 0.650000, -6.450701
1.750000, 0.650000, -7.187645
1.800000, 0.650000, -7.925036
1.850000, 0.650000, -8.643920
1.900000, 0.650000, -9.327164
1.950000, 0.650000, -9.960300
2.000000, 0.650000, -10.532227
0.000000, 0.700000, 1.333015
0.050000, 0.700000, 0.996009
0.100000, 0.700000, 0.585789
0.150000, 0.700000, 0.114487
0.200000, 0.700000, -0.402527
0.250000, 0.700000, -0.947385
0.300000, 0.700000, -1.500620
0.350000, 0.700000, -2.042150
0.400000, 0.700000, -2.552318
0.450000, 0.700000, -3.012916
0.500000, 0.700000, -3.408150
0.550000, 0.700000, -3.725483
0.600000, 0.700000, -3.956321
0.650000, 0.700000, -4.096493
0.700000, 0.700000, -4.146508
0.750000, 0.700000, -4.111569
0.800000, 0.700000, -4.001345
0.850000, 0.700000, -3.829506
0.900000, 0.700000, -3.613054
0.950000, 0.700000, -3.371480
1.000000, 0.700000, -3.125792
1.050000, 0.700000, -2.897460
1.100000, 0.700000, -2.707348
1.150000, 0.700000, -2.574669
1.200000, 0.700000, -2.516040
1.250000, 0.700000, -2.544663
1.300000, 0.700000, -2.669698
1.350000, 0.700000, -2.895845
1.400000, 0.700000, -3.223157
1.450000, 0.700000, -3.647098
1.500000, 0.700000, -4.158841
1.550000, 0.700000, -4.745784
1.600000, 0.700000, -5.392255
1.650000, 0.700000, -6.080371
1.700000, 0.700000, -6.791003
1.750000, 0.700000, -7.504789
1.800000, 0.700000, -8.203143
1.850000, 0.700000, -8.869214
1.900000, 0.700000, -9.488724
1.950000, 0.700000, -10.050664
2.000000, 0.700000, -10.547795
0.000000, 0.750000, 1.190134
0.050000, 0.750000, 0.784866
0.100000, 0.750000, 0.315062
0.150000, 0.750000, -0.203796
0.200000, 0.750000, -0.753645
0.250000, 0.750000, -1.314742
0.300000, 0.750000, -1.866648
0.350000, 0.750000, -2.389278
0.400000, 0.750000, -2.863934
0.450000, 0.750000, -3.274276
0.500000, 0.750000, -3.607189
0.550000, 0.750000, -3.853472
0.600000, 0.750000, -4.008344
0.650000, 0.750000, -4.071715
0.700000, 0.750000, -4.048215
0.750000, 0.750000, -3.946988
0.800000, 0.750000, -3.781239
0.850000, 0.750000, -3.567586
0.900000, 0.750000, -3.325219
0.950000, 0.750000, -3.074948
1.000000, 0.750000, -2.838149
1.050000, 0.750000, -2.635697
1.100000, 0.750000, -2.486929
1.150000, 0.750000, -2.408685
1.200000, 0.750000, -2.414489
1.250000, 0.750000, -2.513909
1.300000, 0.750000, -2.712125
1.350000, 0.750000, -3.009728
1.400000, 0.750000, -3.402764
1.450000, 0.750000, -3.883006
1.500000, 0.750000, -4.438463
1.550000, 0.750000, -5.054058
1.600000, 0.750000, -5.712478
1.650000, 0.750000, -6.395116
1.700000, 0.750000, -7.083079
1.750000, 0.750000, -7.758182
1.800000, 0.750000, -8.403897
1.850000, 0.750000, -9.006192
1.900000, 0.750000, -9.554218
1.950000, 0.750000, -10.040814
2.000000, 0.750000, -10.462794
0.000000, 0.800000, 1.015644
0.050000, 0.800000, 0.550843
0.100000, 0.800000, 0.033576
0.150000, 0.800000, -0.518001
0.200000, 0.800000, -1.083961
0.250000, 0.800000, -1.643606
0.300000, 0.800000, -2.176505
0.350000, 0.800000, -2.663542
0.400000, 0.800000, -3.087892
0.450000, 0.800000, -3.435894
0.500000, 0.800000, -3.697763
0.550000, 0.800000, -3.868105
0.600000, 0.800000, -3.946209
0.650000, 0.800000, -3.936096
0.700000, 0.800000, -3.846327
0.750000, 0.800000, -3.689575
0.800000, 0.800000, -3.481990
0.850000, 0.800000, -3.242377
0.900000, 0.800000, -2.991254
0.950000, 0.800000, -2.749807
1.000000, 0.800000, -2.538834
1.050000, 0.800000, -2.377701
1.100000, 0.800000, -2.283387
1.150000, 0.800000, -2.269661
1.200000, 0.800000, -2.346426
1.250000, 0.800000, -2.519276
1.300000, 0.800000, -2.789284
1.350000, 0.800000, -3.153027
1.400000, 0.800000, -3.602841
1.450000, 0.800000, -4.127310
1.500000, 0.800000, -4.711930
1.550000, 0.800000, -5.339944
1.600000, 0.800000, -5.993269
1.650000, 0.800000, -6.653487
1.700000, 0.800000, -7.302841
1.750000, 0.800000, -7.925167
1.800000, 0.800000, -8.506734
1.850000, 0.800000, -9.036927
1.900000, 0.800000, -9.508752
1.950000, 0.800000, -9.919127
2.000000, 0.800000, -10.268947
0.000000, 0.850000, 0.810063
0.050000, 0.850000, 0.297857
0.100000, 0.850000, -0.252025
0.150000, 0.850000, -0.819578
0.200000, 0.850000, -1.383944
0.250000, 0.850000, -1.924447
0.300000, 0.850000, -2.421641
0.350000, 0.850000, -2.858293
0.400000, 0.850000, -3.220260
0.450000, 0.850000, -3.497214
0.500000, 0.850000, -3.683170
0.550000, 0.850000, -3.776793
0.600000, 0.850000, -3.781472
0.650000, 0.850000, -3.705145
0.700000, 0.850000, -3.559894
0.750000, 0.850000, -3.361328
0.800000, 0.850000, -3.127784
0.850000, 0.850000, -2.879395
0.900000, 0.850000, -2.637066
0.950000, 0.850000, -2.421418
1.000000, 0.850000, -2.251755
1.050000, 0.850000, -2.145107
1.100000, 0.850000, -2.115397
1.150000, 0.850000, -2.172784
1.200000, 0.850000, -2.323206
1.250000, 0.850000, -2.568150
1.300000, 0.850000, -2.904662
1.350000, 0.850000, -3.325589
1.400000, 0.850000, -3.820045
1.450000, 0.850000, -4.374066
1.500000, 0.850000, -4.971421
1.550000, 0.850000, -5.594539
1.600000, 0.850000, -6.225484
1.650000, 0.850000, -6.846939
1.700000, 0.850000, -7.443145
1.750000, 0.850000, -8.000726
1.800000, 0.850000, -8.509380
1.850000, 0.850000, -8.962377
1.900000, 0.850000, -9.356853
1.950000, 0.850000, -9.693875
2.000000, 0.850000, -9.978283
0.000000, 0.900000, 0.564021
0.050000, 0.900000, 0.019266
0.100000, 0.900000, -0.546475
0.150000, 0.900000, -1.112285
0.200000, 0.900000, -1.657351
0.250000, 0.900000, -2.162003
0.300000, 0.900000, -2.608697
0.350000, 0.900000, -2.982893
0.400000, 0.900000, -3.273786
0.450000, 0.900000, -3.474844
0.500000, 0.900000, -3.584135
0.550000, 0.900000, -3.604412
0.600000, 0.900000, -3.542967
0.650000, 0.900000, -3.411243
0.700000, 0.900000, -3.224246
0.750000, 0.900000, -2.999765
0.800000, 0.900000, -2.757464
0.850000, 0.900000, -2.517870
0.900000, 0.900000, -2.301331
0.950000, 0.900000, -2.126992
1.000000, 0.900000, -2.011838
1.050000, 0.900000, -1.969859
1.100000, 0.900000, -2.011386
1.150000, 0.900000, -2.142616
1.200000, 0.900000, -2.365380
1.250000, 0.900000, -2.677123
1.300000, 0.900000, -3.071143
1.350000, 0.900000, -3.537028
1.400000, 0.900000, -4.061307
1.450000, 0.900000, -4.628245
1.500000, 0.900000, -5.220756
1.550000, 0.900000, -5.821377
1.600000, 0.900000, -6.413249
1.650000, 0.900000, -6.981043
1.700000, 0.900000, -7.511796
1.750000, 0.900000, -7.995592
1.800000, 0.900000, -8.426064
1.850000, 0.900000, -8.800681
1.900000, 0.900000, -9.120813
1.950000, 0.900000, -9.391565
2.000000, 0.900000, -9.621392
0.000000, 0.950000, 0.265800
0.050000, 0.950000, -0.294740
0.100000, 0.950000, -0.858606
0.150000, 0.950000, -1.404952
0.200000, 0.950000, -1.913996
0.250000, 0.950000, -2.367995
0.300000, 0.950000, -2.752119
0.350000, 0.950000, -3.055178
0.400000, 0.950000, -3.270169
0.450000, 0.950000, -3.394610
0.500000, 0.950000, -3.430643
0.550000, 0.950000, -3.384909
0.600000, 0.950000, -3.268188
0.650000, 0.950000, -3.094830
0.700000, 0.950000, -2.882008
0.750000, 0.950000, -2.648830
0.800000, 0.950000, -2.415354
0.850000, 0.950000, -2.201557
0.900000, 0.950000, -2.026328
0.950000, 0.950000, -1.906507
1.000000, 0.950000, -1.856059
1.050000, 0.950000, -1.885396
1.100000, 0.950000, -2.000895
1.150000, 0.950000, -2.204648
1.200000, 0.950000, -2.494433
1.250000, 0.950000, -2.863924
1.300000, 0.950000, -3.303128
1.350000, 0.950000, -3.799011
1.400000, 0.950000, -4.336288
1.450000, 0.950000, -4.898330
1.500000, 0.950000, -5.468130
1.550000, 0.950000, -6.029286
1.600000, 0.950000, -6.566927
1.650000, 0.950000, -7.068544
1.700000, 0.950000, -7.524680
1.750000, 0.950000, -7.929418
1.800000, 0.950000, -8.280672
1.850000, 0.950000, -8.580238
1.900000, 0.950000, -8.833613
1.950000, 0.950000, -9.049600
2.000000, 0.950000, -9.239709
0.000000, 1.000000, -0.089335
0.050000, 1.000000, -0.647917
0.100000, 1.000000, -1.192173
0.150000, 1.000000, -1.702316
0.200000, 1.000000, -2.160523
0.250000, 1.000000, -2.551793
0.300000, 1.000000, -2.864671
0.350000, 1.000000, -3.091783
0.400000, 1.000000, -3.230178
0.450000, 1.000000, -3.281442
0.500000, 1.000000, -3.251592
0.550000, 1.000000, -3.150734
0.600000, 1.000000, -2.992531
0.650000, 1.000000, -2.793484
0.700000, 1.000000, -2.572068
0.750000, 1.000000, -2.347779
0.800000, 1.000000, -2.140129
0.850000, 1.000000, -1.967643
0.900000, 1.000000, -1.846922
0.950000, 1.000000, -1.791808
1.000000, 1.000000, -1.812702
1.050000, 1.000000, -1.916078
1.100000, 1.000000, -2.104210
1.150000, 1.000000, -2.375130
1.200000, 1.000000, -2.722826
1.250000, 1.000000, -3.137653
1.300000, 1.000000, -3.606956
1.350000, 1.000000, -4.115852
1.400000, 1.000000, -4.648125
1.450000, 1.000000, -5.187201
1.500000, 1.000000, -5.717123
1.550000, 1.000000, -6.223489
1.600000, 1.000000, -6.694282
1.650000, 1.000000, -7.120554
1.700000, 1.000000, -7.496921
1.750000, 1.000000, -7.821834
1.800000, 1.000000, -8.097621
1.850000, 1.000000, -8.330287
1.900000, 1.000000, -8.529091
1.950000, 1.000000, -8.705926
2.000000, 1.000000, -8.874534
0.000000, 1.050000, -0.491852
0.050000, 1.050000, -1.030733
0.100000, 1.050000, -1.538625
0.150000, 1.050000, -1.997734
0.200000, 1.050000, -2.393017
0.250000, 1.050000, -2.712881
0.300000, 1.050000, -2.949712
0.350000, 1.050000, -3.100204
0.400000, 1.050000, -3.165477
0.450000, 1.050000, -3.150979
0.500000, 1.050000, -3.066171
0.550000, 1.050000, -2.924021
0.600000, 1.050000, -2.740310
0.650000, 1.050000, -2.532820
0.700000, 1.050000, -2.320398
0.750000, 1.050000, -2.121989
0.800000, 1.050000, -1.955657
0.850000, 1.050000, -1.837656
0.900000, 1.050000, -1.781605
0.950000, 1.050000, -1.797805
1.000000, 1.050000, -1.892739
1.050000, 1.050000, -2.068785
1.100000, 1.050000, -2.324156
1.150000, 1.050000, -2.653082
1.200000, 1.050000, -3.046204
1.250000, 1.050000, -3.491185
1.300000, 1.050000, -3.973482
1.350000, 1.050000, -4.477249
1.400000, 1.050000, -4.986304
1.450000, 1.050000, -5.485116
1.500000, 1.050000, -5.959748
1.550000, 1.050000, -6.398689
1.600000, 1.050000, -6.793542
1.650000, 1.050000, -7.139513
1.700000, 1.050000, -7.435666
1.750000, 1.050000, -7.684951
1.800000, 1.050000, -7.893971
1.850000, 1.050000, -8.072533
1.900000, 1.050000, -8.232991
1.950000, 1.050000, -8.389429
2.000000, 1.050000, -8.556741
0.000000, 1.100000, -0.915792
0.050000, 1.100000, -1.418209
0.100000, 1.100000, -1.874892
0.150000, 1.100000, -2.270865
0.200000, 1.100000, -2.594536
0.250000, 1.100000, -2.838194
0.300000, 1.100000, -2.998320
0.350000, 1.100000, -3.075696
0.400000, 1.100000, -3.075299
0.450000, 1.100000, -3.006009
0.500000, 1.100000, -2.880119
0.550000, 1.100000, -2.712682
0.600000, 1.100000, -2.520729
0.650000, 1.100000, -2.322387
0.700000, 1.100000, -2.135936
0.750000, 1.100000, -1.978871
0.800000, 1.100000, -1.866994
0.850000, 1.100000, -1.813596
0.900000, 1.100000, -1.828782
0.950000, 1.100000, -1.918955
1.000000, 1.100000, -2.086522
1.050000, 1.100000, -2.329807
1.100000, 1.100000, -2.643215
1.150000, 1.100000, -3.017609
1.200000, 1.100000, -3.440909
1.250000, 1.100000, -3.898856
1.300000, 1.100000, -4.375915
1.350000, 1.100000, -4.856248
1.400000, 1.100000, -5.324716
1.450000, 1.100000, -5.767822
1.500000, 1.100000, -6.174562
1.550000, 1.100000, -6.537109
1.600000, 1.100000, -6.851291
1.650000, 1.100000, -7.116845
1.700000, 1.100000, -7.337403
1.750000, 1.100000, -7.520240
1.800000, 1.100000, -7.675779
1.850000, 1.100000, -7.816899
1.900000, 1.100000, -7.958077
1.950000, 1.100000, -8.114442
2.000000, 1.100000, -8.300777
0.000000, 1.150000, -1.322893
0.050000, 1.150000, -1.773989
0.100000, 1.150000, -2.167345
0.150000, 1.150000, -2.491479
0.200000, 1.150000, -2.738731
0.250000, 1.150000, -2.905529
0.300000, 1.150000, -2.992475
0.350000, 1.150000, -3.004219
0.400000, 1.150000, -2.949168
0.450000, 1.150000, -2.839006
0.500000, 1.150000, -2.688080
0.550000, 1.150000, -2.512649
0.600000, 1.150000, -2.330054
0.650000, 1.150000, -2.157824
0.700000, 1.150000, -2.012777
0.750000, 1.150000, -1.910147
0.800000, 1.150000, -1.862788
0.850000, 1.150000, -1.880504
0.900000, 1.150000, -1.969533
0.950000, 1.150000, -2.132229
1.000000, 1.150000, -2.366962
1.050000, 1.150000, -2.668253
1.100000, 1.150000, -3.027129
1.150000, 1.150000, -3.431708
1.200000, 1.150000, -3.867957
1.250000, 1.150000, -4.320590
1.300000, 1.150000, -4.774060
1.350000, 1.150000, -5.213564
1.400000, 1.150000, -5.626010
1.450000, 1.150000, -6.000874
1.500000, 1.150000, -6.330892
1.550000, 1.150000, -6.612531
1.600000, 1.150000, -6.846226
1.650000, 1.150000, -7.036340
1.700000, 1.150000, -7.190867
1.750000, 1.150000, -7.320902
1.800000, 1.150000, -7.439893
1.850000, 1.150000, -7.562756
1.900000, 1.150000, -7.704889
1.950000, 1.150000, -7.881160
2.000000, 1.150000, -8.104944
0.000000, 1.200000, -1.671719
0.050000, 1.200000, -2.059369
0.100000, 1.200000, -2.380679
0.150000, 1.200000, -2.628153
0.200000, 1.200000, -2.798326
0.250000, 1.200000, -2.891796
0.300000, 1.200000, -2.913071
0.350000, 1.200000, -2.870238
0.400000, 1.200000, -2.774499
0.450000, 1.200000, -2.639559
0.500000, 1.200000, -2.480925
0.550000, 1.200000, -2.315119
0.600000, 1.200000, -2.158841
0.650000, 1.200000, -2.028126
0.700000, 1.200000, -1.937522
0.750000, 1.200000, -1.899325
0.800000, 1.200000, -1.922927
0.850000, 1.200000, -2.014300
0.900000, 1.200000, -2.175670
0.950000, 1.200000, -2.405387
1.000000, 1.200000, -2.698032
1.050000, 1.200000, -3.044749
1.100000, 1.200000, -3.433804
1.150000, 1.200000, -3.851331
1.200000, 1.200000, -4.282239
1.250000, 1.200000, -4.711203
1.300000, 1.200000, -5.123695
1.350000, 1.200000, -5.506967
1.400000, 1.200000, -5.850929
1.450000, 1.200000, -6.148849
1.500000, 1.200000, -6.397822
1.550000, 1.200000, -6.598986
1.600000, 1.200000, -6.757455
1.650000, 1.200000, -6.881978
1.700000, 1.200000, -6.984357
1.750000, 1.200000, -7.078654
1.800000, 1.200000, -7.180257
1.850000, 1.200000, -7.304870
1.900000, 1.200000, -7.467488
1.950000, 1.200000, -7.681435
2.000000, 1.200000, -7.957526
0.000000, 1.250000, -1.928644
0.050000, 1.250000, -2.244116
0.100000, 1.250000, -2.488543
0.150000, 1.250000, -2.658684
0.200000, 1.250000, -2.755307
0.250000, 1.250000, -2.782973
0.300000, 1.250000, -2.749661
0.350000, 1.250000, -2.666262
0.400000, 1.250000, -2.545977
0.450000, 1.250000, -2.403633
0.500000, 1.250000, -2.254939
0.550000, 1.250000, -2.115722
0.600000, 1.250000, -2.001139
0.650000, 1.250000, -1.924930
0.700000, 1.250000, -1.898700
0.750000, 1.250000, -1.931300
0.800000, 1.250000, -2.028331
0.850000, 1.250000, -2.191799
0.900000, 1.250000, -2.419969
0.950000, 1.250000, -2.707433
1.000000, 1.250000, -3.045414
1.050000, 1.250000, -3.422285
1.100000, 1.250000, -3.824306
1.150000, 1.250000, -4.236519
1.200000, 1.250000, -4.643758
1.250000, 1.250000, -5.031693
1.300000, 1.250000, -5.387848
1.350000, 1.250000, -5.702496
1.400000, 1.250000, -5.969379
1.450000, 1.250000, -6.186182
1.500000, 1.250000, -6.354729
1.550000, 1.250000, -6.480886
1.600000, 1.250000, -6.574172
1.650000, 1.250000, -6.647123
1.700000, 1.250000, -6.714448
1.750000, 1.250000, -6.792047
1.800000, 1.250000, -6.895970
1.850000, 1.250000, -7.041385
1.900000, 1.250000, -7.241628
1.950000, 1.250000, -7.507394
2.000000, 1.250000, -7.846113
0.000000, 1.300000, -2.076722
0.050000, 1.300000, -2.315170
0.100000, 1.300000, -2.482025
0.150000, 1.300000, -2.578348
0.200000, 1.300000, -2.608944
0.250000, 1.300000, -2.581907
0.300000, 1.300000, -2.508053
0.350000, 1.300000, -2.400278
0.400000, 1.300000, -2.272874
0.450000, 1.300000, -2.140813
0.500000, 1.300000, -2.019044
0.550000, 1.300000, -1.921784
0.600000, 1.300000, -1.861846
0.650000, 1.300000, -1.850004
0.700000, 1.300000, -1.894427
0.750000, 1.300000, -2.000208
0.800000, 1.300000, -2.169032
0.850000, 1.300000, -2.399003
0.900000, 1.300000, -2.684680
0.950000, 1.300000, -3.017329
1.000000, 1.300000, -3.385409
1.050000, 1.300000, -3.775274
1.100000, 1.300000, -4.172056
1.150000, 1.300000, -4.560681
1.200000, 1.300000, -4.926941
1.250000, 1.300000, -5.258540
1.300000, 1.300000, -5.546024
1.350000, 1.300000, -5.783529
1.400000, 1.300000, -5.969263
1.450000, 1.300000, -6.105693
1.500000, 1.300000, -6.199416
1.550000, 1.300000, -6.260723
1.600000, 1.300000, -6.302903
1.650000, 1.300000, -6.341341
1.700000, 1.300000, -6.392487
1.750000, 1.300000, -6.472783
1.800000, 1.300000, -6.597626
1.850000, 1.300000, -6.780433
1.900000, 1.300000, -7.031870
1.950000, 1.300000, -7.359279
2.000000, 1.300000, -7.766310
0.000000, 1.350000, -2.119316
0.050000, 1.350000, -2.280040
0.100000, 1.350000, -2.372823
0.150000, 1.350000, -2.402840
0.200000, 1.350000, -2.378511
0.250000, 1.350000, -2.310837
0.300000, 1.350000, -2.212673
0.350000, 1.350000, -2.097999
0.400000, 1.350000, -1.981212
0.450000, 1.350000, -1.876454
0.500000, 1.350000, -1.796985
0.550000, 1.350000, -1.754605
0.600000, 1.350000, -1.759114
0.650000, 1.350000, -1.817834
0.700000, 1.350000, -1.935198
0.750000, 1.350000, -2.112435
0.800000, 1.350000, -2.347397
0.850000, 1.350000, -2.634553
0.900000, 1.350000, -2.965188
0.950000, 1.350000, -3.327835
1.000000, 1.350000, -3.708928
1.050000, 1.350000, -4.093664
1.100000, 1.350000, -4.467012
1.150000, 1.350000, -4.814808
1.200000, 1.350000, -5.124837
1.250000, 1.350000, -5.387811
1.300000, 1.350000, -5.598153
1.350000, 1.350000, -5.754500
1.400000, 1.350000, -5.859893
1.450000, 1.350000, -5.921619
1.500000, 1.350000, -5.950726
1.550000, 1.350000, -5.961266
1.600000, 1.350000, -5.969328
1.650000, 1.350000, -5.991953
1.700000, 1.350000, -6.046025
1.750000, 1.350000, -6.147231
1.800000, 1.350000, -6.309141
1.850000, 1.350000, -6.542483
1.900000, 1.350000, -6.854622
1.950000, 1.350000, -7.249248
2.000000, 1.350000, -7.726264
0.000000, 1.400000, -2.077225
0.050000, 1.400000, -2.163712
0.100000, 1.400000, -2.189918
0.150000, 1.400000, -2.164722
0.200000, 1.400000, -2.099541
0.250000, 1.400000, -2.007487
0.300000, 1.400000, -1.902532
0.350000, 1.400000, -1.798750
0.400000, 1.400000, -1.709648
0.450000, 1.400000, -1.647596
0.500000, 1.400000, -1.623343
0.550000, 1.400000, -1.645598
0.600000, 1.400000, -1.720668
0.650000, 1.400000, -1.852139
0.700000, 1.400000, -2.040618
0.750000, 1.400000, -2.283579
0.800000, 1.400000, -2.575321
0.850000, 1.400000, -2.907118
0.900000, 1.400000, -3.267576
0.950000, 1.400000, -3.643221
1.000000, 1.400000, -4.019311
1.050000, 1.400000, -4.380828
1.100000, 1.400000, -4.713589
1.150000, 1.400000, -5.005364
1.200000, 1.400000, -5.246909
1.250000, 1.400000, -5.432803
1.300000, 1.400000, -5.561996
1.350000, 1.400000, -5.638003
1.400000, 1.400000, -5.668733
1.450000, 1.400000, -5.665963
1.500000, 1.400000, -5.644509
1.550000, 1.400000, -5.621187
1.600000, 1.400000, -5.613674
1.650000, 1.400000, -5.639353
1.700000, 1.400000, -5.714258
1.750000, 1.400000, -5.852188
1.800000, 1.400000, -6.064018
1.850000, 1.400000, -6.357236
1.900000, 1.400000, -6.735689
1.950000, 1.400000, -7.199501
2.000000, 1.400000, -7.745138
0.000000, 1.450000, -1.980509
0.050000, 1.450000, -2.000243
0.100000, 1.450000, -1.970949
0.150000, 1.450000, -1.904602
0.200000, 1.450000, -1.814835
0.250000, 1.450000, -1.715951
0.300000, 1.450000, -1.622046
0.350000, 1.450000, -1.546277
0.400000, 1.450000, -1.500306
0.450000, 1.450000, -1.493890
0.500000, 1.450000, -1.534585
0.550000, 1.450000, -1.627528
0.600000, 1.450000, -1.775251
0.650000, 1.450000, -1.977539
0.700000, 1.450000, -2.231306
0.750000, 1.450000, -2.530568
0.800000, 1.450000, -2.866536
0.850000, 1.450000, -3.227885
0.900000, 1.450000, -3.601260
0.950000, 1.450000, -3.972009
1.000000, 1.450000, -4.325133
1.050000, 1.450000, -4.646387
1.100000, 1.450000, -4.923441
1.150000, 1.450000, -5.146974
1.200000, 1.450000, -5.311574
1.250000, 1.450000, -5.416352
1.300000, 1.450000, -5.465172
1.350000, 1.450000, -5.466474
1.400000, 1.450000, -5.432709
1.450000, 1.450000, -5.379446
1.500000, 1.450000, -5.324256
1.550000, 1.450000, -5.285493
1.600000, 1.450000, -5.281095
1.650000, 1.450000, -5.327515
1.700000, 1.450000, -5.438843
1.750000, 1.450000, -5.626176
1.800000, 1.450000, -5.897207
1.850000, 1.450000, -6.256035
1.900000, 1.450000, -6.703110
1.950000, 1.450000, -7.235303
2.000000, 1.450000, -7.846024
0.000000, 1.500000, -1.858149
0.050000, 1.500000, -1.822196
0.100000, 1.500000, -1.751449
0.150000, 1.500000, -1.660211
0.200000, 1.500000, -1.563418
0.250000, 1.500000, -1.475579
0.300000, 1.500000, -1.409895
0.350000, 1.500000, -1.377640
0.400000, 1.500000, -1.387768
0.450000, 1.500000, -1.446725
0.500000, 1.500000, -1.558378
0.550000, 1.500000, -1.724017
0.600000, 1.500000, -1.942352
0.650000, 1.500000, -2.209515
0.700000, 1.500000, -2.519063
0.750000, 1.500000, -2.862038
0.800000, 1.500000, -3.227170
0.850000, 1.500000, -3.601254
0.900000, 1.500000, -3.969785
0.950000, 1.500000, -4.317824
1.000000, 1.500000, -4.631069
1.050000, 1.500000, -4.897032
1.100000, 1.500000, -5.106195
1.150000, 1.500000, -5.253005
1.200000, 1.500000, -5.336560
1.250000, 1.500000, -5.360913
1.300000, 1.500000, -5.334908
1.350000, 1.500000, -5.271595
1.400000, 1.500000, -5.187268
1.450000, 1.500000, -5.100270
1.500000, 1.500000, -5.029680
1.550000, 1.500000, -4.994056
1.600000, 1.500000, -5.010330
1.650000, 1.500000, -5.092952
1.700000, 1.500000, -5.253295
1.750000, 1.500000, -5.499323
1.800000, 1.500000, -5.835449
1.850000, 1.500000, -6.262528
1.900000, 1.500000, -6.777914
1.950000, 1.500000, -7.375532
2.000000, 1.500000, -8.045975
0.000000, 1.550000, -1.729421
0.050000, 1.550000, -1.651815
0.100000, 1.550000, -1.555859
0.150000, 1.550000, -1.457284
0.200000, 1.550000, -1.371356
0.250000, 1.550000, -1.311772
0.300000, 1.550000, -1.289865
0.350000, 1.550000, -1.314144
0.400000, 1.550000, -1.390138
0.450000, 1.550000, -1.520466
0.500000, 1.550000, -1.705028
0.550000, 1.550000, -1.941220
0.600000, 1.550000, -2.224107
0.650000, 1.550000, -2.546533
0.700000, 1.550000, -2.899207
0.750000, 1.550000, -3.270835
0.800000, 1.550000, -3.648385
0.850000, 1.550000, -4.017574
0.900000, 1.550000, -4.363608
0.950000, 1.550000, -4.672181
1.000000, 1.550000, -4.930636
1.050000, 1.550000, -5.129174
1.100000, 1.550000, -5.261943
1.150000, 1.550000, -5.327845
1.200000, 1.550000, -5.330926
1.250000, 1.550000, -5.280271
1.300000, 1.550000, -5.189416
1.350000, 1.550000, -5.075336
1.400000, 1.550000, -4.957148
1.450000, 1.550000, -4.854707
1.500000, 1.550000, -4.787257
1.550000, 1.550000, -4.772280
1.600000, 1.550000, -4.824640
1.650000, 1.550000, -4.956038
1.700000, 1.550000, -5.174741
1.750000, 1.550000, -5.485517
1.800000, 1.550000, -5.889668
1.850000, 1.550000, -6.385083
1.900000, 1.550000, -6.966267
1.950000, 1.550000, -7.624339
2.000000, 1.550000, -8.347059
0.000000, 1.600000, -1.600145
0.050000, 1.600000, -1.497117
0.100000, 1.600000, -1.393491
0.150000, 1.600000, -1.305466
0.200000, 1.600000, -1.247633
0.250000, 1.600000, -1.231902
0.300000, 1.600000, -1.266849
0.350000, 1.600000, -1.357477
0.400000, 1.600000, -1.505354
0.450000, 1.600000, -1.708977
0.500000, 1.600000, -1.964228
0.550000, 1.600000, -2.264801
0.600000, 1.600000, -2.602503
0.650000, 1.600000, -2.967442
0.700000, 1.600000, -3.348146
0.750000, 1.600000, -3.731723
0.800000, 1.600000, -4.104178
0.850000, 1.600000, -4.450987
0.900000, 1.600000, -4.757948
0.950000, 1.600000, -5.012290
1.000000, 1.600000, -5.203897
1.050000, 1.600000, -5.326496
1.100000, 1.600000, -5.378594
1.150000, 1.600000, -5.364009
1.200000, 1.600000, -5.291863
1.250000, 1.600000, -5.176026
1.300000, 1.600000, -5.034065
1.350000, 1.600000, -4.885867
1.400000, 1.600000, -4.752104
1.450000, 1.600000, -4.652778
1.500000, 1.600000, -4.606000
1.550000, 1.600000, -4.627108
1.600000, 1.600000, -4.728164
1.650000, 1.600000, -4.917756
1.700000, 1.600000, -5.201010
1.750000, 1.600000, -5.579685
1.800000, 1.600000, -6.052234
1.850000, 1.600000, -6.613783
1.900000, 1.600000, -7.256037
1.950000, 1.600000, -7.967188
2.000000, 1.600000, -8.731943
0.000000, 1.650000, -1.465048
0.050000, 1.650000, -1.354126
0.100000, 1.650000, -1.260702
0.150000, 1.650000, -1.200455
0.200000, 1.650000, -1.186336
0.250000, 1.650000, -1.227582
0.300000, 1.650000, -1.329255
0.350000, 1.650000, -1.492295
0.400000, 1.650000, -1.713988
0.450000, 1.650000, -1.988641
0.500000, 1.650000, -2.308314
0.550000, 1.650000, -2.663406
0.600000, 1.650000, -3.043055
0.650000, 1.650000, -3.435336
0.700000, 1.650000, -3.827368
0.750000, 1.650000, -4.205467
0.800000, 1.650000, -4.555502
0.850000, 1.650000, -4.863548
0.900000, 1.650000, -5.116848
0.950000, 1.650000, -5.305013
1.000000, 1.650000, -5.421275
1.050000, 1.650000, -5.463572
1.100000, 1.650000, -5.435253
1.150000, 1.650000, -5.345228
1.200000, 1.650000, -5.207492
1.250000, 1.650000, -5.040082
1.300000, 1.650000, -4.863609
1.350000, 1.650000, -4.699597
1.400000, 1.650000, -4.568888
1.450000, 1.650000, -4.490304
1.500000, 1.650000, -4.479727
1.550000, 1.650000, -4.549612
1.600000, 1.650000, -4.708861
1.650000, 1.650000, -4.962939
1.700000, 1.650000, -5.314037
1.750000, 1.650000, -5.761166
1.800000, 1.650000, -6.300097
1.850000, 1.650000, -6.923177
1.900000, 1.650000, -7.619109
1.950000, 1.650000, -8.372874
2.000000, 1.650000, -9.165939
0.000000, 1.700000, -1.315081
0.050000, 1.700000, -1.214123
0.100000, 1.700000, -1.148115
0.150000, 1.700000, -1.131267
0.200000, 1.700000, -1.174011
0.250000, 1.700000, -1.282156
0.300000, 1.700000, -1.456674
0.350000, 1.700000, -1.694098
0.400000, 1.700000, -1.987337
0.450000, 1.700000, -2.326693
0.500000, 1.700000, -2.700814
0.550000, 1.700000, -3.097426
0.600000, 1.700000, -3.503741
0.650000, 1.700000, -3.906615
0.700000, 1.700000, -4.292591
0.750000, 1.700000, -4.648021
0.800000, 1.700000, -4.959447
0.850000, 1.700000, -5.214345
0.900000, 1.700000, -5.402192
0.950000, 1.700000, -5.515740
1.000000, 1.700000, -5.552233
1.050000, 1.700000, -5.514317
1.100000, 1.700000, -5.410403
1.150000, 1.700000, -5.254347
1.200000, 1.700000, -5.064463
1.250000, 1.700000, -4.861999
1.300000, 1.700000, -4.669346
1.350000, 1.700000, -4.508261
1.400000, 1.700000, -4.398385
1.450000, 1.700000, -4.356224
1.500000, 1.700000, -4.394662
1.550000, 1.700000, -4.522907
1.600000, 1.700000, -4.746707
1.650000, 1.700000, -5.068629
1.700000, 1.700000, -5.488201
1.750000, 1.700000, -6.001844
1.800000, 1.700000, -6.602589
1.850000, 1.700000, -7.279744
1.900000, 1.700000, -8.018672
1.950000, 1.700000, -8.800939
2.000000, 1.700000, -9.604946
0.000000, 1.750000, -1.146600
0.050000, 1.750000, -1.072806
0.100000, 1.750000, -1.049821
0.150000, 1.750000, -1.089523
0.200000, 1.750000, -1.199082
0.250000, 1.750000, -1.380299
0.300000, 1.750000, -1.629690
0.350000, 1.750000, -1.939260
0.400000, 1.750000, -2.297698
0.450000, 1.750000, -2.691705
0.500000, 1.750000, -3.107153
0.550000, 1.750000, -3.529871
0.600000, 1.750000, -3.946010
0.650000, 1.750000, -4.342082
0.700000, 1.750000, -4.704900
0.750000, 1.750000, -5.021647
0.800000, 1.750000, -5.280296
0.850000, 1.750000, -5.470449
0.900000, 1.750000, -5.584511
0.950000, 1.750000, -5.619001
1.000000, 1.750000, -5.575669
1.050000, 1.750000, -5.462125
1.100000, 1.750000, -5.291763
1.150000, 1.750000, -5.082905
1.200000, 1.750000, -4.857282
1.250000, 1.750000, -4.638121
1.300000, 1.750000, -4.448165
1.350000, 1.750000, -4.307990
1.400000, 1.750000, -4.234838
1.450000, 1.750000, -4.242079
1.500000, 1.750000, -4.339213
1.550000, 1.750000, -4.532206
1.600000, 1.750000, -4.823905
1.650000, 1.750000, -5.214280
1.700000, 1.750000, -5.700367
1.750000, 1.750000, -6.275919
1.800000, 1.750000, -6.930935
1.850000, 1.750000, -7.651302
1.900000, 1.750000, -8.418830
1.950000, 1.750000, -9.211870
2.000000, 1.750000, -10.006571
0.000000, 1.800000, -0.968589
0.050000, 1.800000, -0.937554
0.100000, 1.800000, -0.970729
0.150000, 1.800000, -1.076938
0.200000, 1.800000, -1.259519
0.250000, 1.800000, -1.515889
0.300000, 1.800000, -1.837971
0.350000, 1.800000, -2.213361
0.400000, 1.800000, -2.626913
0.450000, 1.800000, -3.062354
0.500000, 1.800000, -3.503582
0.550000, 1.800000, -3.935437
0.600000, 1.800000, -4.343936
0.650000, 1.800000, -4.716133
0.700000, 1.800000, -5.039914
0.750000, 1.800000, -5.304022
0.800000, 1.800000, -5.498523
0.850000, 1.800000, -5.615763
0.900000, 1.800000, -5.651643
0.950000, 1.800000, -5.606916
1.000000, 1.800000, -5.488116
1.050000, 1.800000, -5.307805
1.100000, 1.800000, -5.083963
1.150000, 1.800000, -4.838556
1.200000, 1.800000, -4.595546
1.250000, 1.800000, -4.378704
1.300000, 1.800000, -4.209668
1.350000, 1.800000, -4.106560
1.400000, 1.800000, -4.083328
1.450000, 1.800000, -4.149771
1.500000, 1.800000, -4.311999
1.550000, 1.800000, -4.573017
1.600000, 1.800000, -4.933114
1.650000, 1.800000, -5.389872
1.700000, 1.800000, -5.937772
1.750000, 1.800000, -6.567595
1.800000, 1.800000, -7.265894
1.850000, 1.800000, -8.014898
1.900000, 1.800000, -8.793079
1.950000, 1.800000, -9.576452
2.000000, 1.800000, -10.340488
0.000000, 1.850000, -0.804853
0.050000, 1.850000, -0.829700
0.100000, 1.850000, -0.928980
0.150000, 1.850000, -1.107909
0.200000, 1.850000, -1.365630
0.250000, 1.850000, -1.695029
0.300000, 1.850000, -2.083527
0.350000, 1.850000, -2.514665
0.400000, 1.850000, -2.970063
0.450000, 1.850000, -3.431280
0.500000, 1.850000, -3.881179
0.550000, 1.850000, -4.304592
0.600000, 1.850000, -4.688340
0.650000, 1.850000, -5.020858
0.700000, 1.850000, -5.291825
0.750000, 1.850000, -5.492157
0.800000, 1.850000, -5.614557
0.850000, 1.850000, -5.654600
0.900000, 1.850000, -5.612100
0.950000, 1.850000, -5.492322
1.000000, 1.850000, -5.306622
1.050000, 1.850000, -5.072207
1.100000, 1.850000, -4.810922
1.150000, 1.850000, -4.547260
1.200000, 1.850000, -4.305999
1.250000, 1.850000, -4.109959
1.300000, 1.850000, -3.978315
1.350000, 1.850000, -3.925742
1.400000, 1.850000, -3.962386
1.450000, 1.850000, -4.094439
1.500000, 1.850000, -4.324919
1.550000, 1.850000, -4.654272
1.600000, 1.850000, -5.080503
1.650000, 1.850000, -5.598792
1.700000, 1.850000, -6.200767
1.750000, 1.850000, -6.873802
1.800000, 1.850000, -7.600739
1.850000, 1.850000, -8.360353
1.900000, 1.850000, -9.128679
1.950000, 1.850000, -9.881039
2.000000, 1.850000, -10.594404
0.000000, 1.900000, -0.690012
0.050000, 1.900000, -0.780672
0.100000, 1.900000, -0.952259
0.150000, 1.900000, -1.206035
0.200000, 1.900000, -1.536812
0.250000, 1.900000, -1.933023
0.300000, 1.900000, -2.377912
0.350000, 1.900000, -2.851531
0.400000, 1.900000, -3.333052
0.450000, 1.900000, -3.802812
0.500000, 1.900000, -4.243661
0.550000, 1.900000, -4.641423
0.600000, 1.900000, -4.984616
0.650000, 1.900000, -5.263796
0.700000, 1.900000, -5.471030
0.750000, 1.900000, -5.599879
0.800000, 1.900000, -5.646077
0.850000, 1.900000, -5.608771
0.900000, 1.900000, -5.491928
0.950000, 1.900000, -5.305391
1.000000, 1.900000, -5.065121
1.050000, 1.900000, -4.792360
1.100000, 1.900000, -4.511795
1.150000, 1.900000, -4.249087
1.200000, 1.900000, -4.028312
1.250000, 1.900000, -3.869897
1.300000, 1.900000, -3.789448
1.350000, 1.900000, -3.797576
1.400000, 1.900000, -3.900533
1.450000, 1.900000, -4.101209
1.500000, 1.900000, -4.399999
1.550000, 1.900000, -4.795151
1.600000, 1.900000, -5.282452
1.650000, 1.900000, -5.854419
1.700000, 1.900000, -6.499390
1.750000, 1.900000, -7.201025
1.800000, 1.900000, -7.938614
1.850000, 1.900000, -8.688373
1.900000, 1.900000, -9.425570
1.950000, 1.900000, -10.127061
2.000000, 1.900000, -10.773660
0.000000, 1.950000, -0.660569
0.050000, 1.950000, -0.823230
0.100000, 1.950000, -1.069241
0.150000, 1.950000, -1.395793
0.200000, 1.950000, -1.793451
0.250000, 1.950000, -2.246509
0.300000, 1.950000, -2.734564
0.350000, 1.950000, -3.234928
0.400000, 1.950000, -3.725257
0.450000, 1.950000, -4.185704
0.500000, 1.950000, -4.600156
0.550000, 1.950000, -4.956388
0.600000, 1.950000, -5.245408
0.650000, 1.950000, -5.460496
0.700000, 1.950000, -5.596534
0.750000, 1.950000, -5.650039
0.800000, 1.950000, -5.620016
0.850000, 1.950000, -5.509357
0.900000, 1.950000, -5.326244
0.950000, 1.950000, -5.084942
1.000000, 1.950000, -4.805521
1.050000, 1.950000, -4.512362
1.100000, 1.950000, -4.231724
1.150000, 1.950000, -3.988923
1.200000, 1.950000, -3.805823
1.250000, 1.950000, -3.699228
1.300000, 1.950000, -3.680420
1.350000, 1.950000, -3.755767
1.400000, 1.950000, -3.927910
1.450000, 1.950000, -4.196966
1.500000, 1.950000, -4.561181
1.550000, 1.950000, -5.016787
1.600000, 1.950000, -5.557167
1.650000, 1.950000, -6.171747
1.700000, 1.950000, -6.845222
1.750000, 1.950000, -7.557630
1.800000, 1.950000, -8.285552
1.850000, 1.950000, -9.004298
1.900000, 1.950000, -9.690625
1.950000, 1.950000, -10.325305
2.000000, 1.950000, -10.894903
0.000000, 2.000000, -0.744209
0.050000, 2.000000, -0.980975
0.100000, 2.000000, -1.299326
0.150000, 2.000000, -1.692495
0.200000, 2.000000, -2.147116
0.250000, 2.000000, -2.643855
0.300000, 2.000000, -3.159375
0.350000, 2.000000, -3.669145
0.400000, 2.000000, -4.150327
0.450000, 2.000000, -4.583972
0.500000, 2.000000, -4.956019
0.550000, 2.000000, -5.257059
0.600000, 2.000000, -5.481236
0.650000, 2.000000, -5.624977
0.700000, 2.000000, -5.686219
0.750000, 2.000000, -5.664572
0.800000, 2.000000, -5.562390
0.850000, 2.000000, -5.386318
0.900000, 2.000000, -5.148624
0.950000, 2.000000, -4.867605
1.000000, 2.000000, -4.566682
1.050000, 2.000000, -4.272227
1.100000, 2.000000, -4.010613
1.150000, 2.000000, -3.805260
1.200000, 2.000000, -3.674467
1.250000, 2.000000, -3.630500
1.300000, 2.000000, -3.680005
1.350000, 2.000000, -3.825335
1.400000, 2.000000, -4.066101
1.450000, 2.000000, -4.400240
1.500000, 2.000000, -4.824178
1.550000, 2.000000, -5.332060
1.600000, 2.000000, -5.914476
1.650000, 2.000000, -6.557367
1.700000, 2.000000, -7.241782
1.750000, 2.000000, -7.944884
1.800000, 2.000000, -8.642141
1.850000, 2.000000, -9.310216
1.900000, 2.000000, -9.929777
1.950000, 2.000000, -10.487457
2.000000, 2.000000, -10.976487
