0.000000, 0.000000, -1.625518
0.050000, 0.000000, -0.963181
0.100000, 0.000000, -0.455113
0.150000, 0.000000, -0.232871
0.200000, 0.000000, -0.362756
0.250000, 0.000000, -0.831384
0.300000, 0.000000, -1.548642
0.350000, 0.000000, -2.367383
0.400000, 0.000000, -3.115560
0.450000, 0.000000, -3.633800
0.500000, 0.000000, -3.810222
0.550000, 0.000000, -3.604917
0.600000, 0.000000, -3.058743
0.650000, 0.000000, -2.284521
0.700000, 0.000000, -1.442555
0.750000, 0.000000, -0.705805
0.800000, 0.000000, -0.222308
0.850000, 0.000000, -0.083037
0.900000, 0.000000, -0.302205
0.950000, 0.000000, -0.814301
1.000000, 0.000000, -1.488509
1.050000, 0.000000, -2.157370
1.100000, 0.000000, -2.653423
1.150000, 0.000000, -2.845854
1.200000, 0.000000, -2.669152
1.250000, 0.000000, -2.137528
1.300000, 0.000000, -1.341956
1.350000, 0.000000, -0.430474
1.400000, 0.000000, 0.423959
1.450000, 0.000000, 1.061039
1.500000, 0.000000, 1.367944
1.550000, 0.000000, 1.303817
1.600000, 0.000000, 0.908568
1.650000, 0.000000, 0.294075
1.700000, 0.000000, -0.380286
1.750000, 0.000000, -0.942470
1.800000, 0.000000, -1.245328
1.850000, 0.000000, -1.198749
1.900000, 0.000000, -0.789348
1.950000, 0.000000, -0.083426
2.000000, 0.000000, 0.787459
0.000000, 0.050000, -1.649685
0.050000, 0.050000, -0.961329
0.100000, 0.050000, -0.427333
0.150000, 0.050000, -0.179319
0.200000, 0.050000, -0.283651
0.250000, 0.050000, -0.727007
0.300000, 0.050000, -1.419336
0.350000, 0.050000, -2.213549
0.400000, 0.050000, -2.937656
0.450000, 0.050000, -3.432339
0.500000, 0.050000, -3.585771
0.550000, 0.050000, -3.358090
0.600000, 0.050000, -2.790200
0.650000, 0.050000, -1.994966
0.700000, 0.050000, -1.132731
0.750000, 0.050000, -0.376490
0.800000, 0.050000, 0.125687
0.850000, 0.050000, 0.282800
0.900000, 0.050000, 0.080612
0.950000, 0.050000, -0.415384
1.000000, 0.050000, -1.074390
1.050000, 0.050000, -1.728956
1.100000, 0.050000, -2.211629
1.150000, 0.050000, -2.391597
1.200000, 0.050000, -2.203347
1.250000, 0.050000, -1.661085
1.300000, 0.050000, -0.855774
1.350000, 0.050000, 0.064561
1.400000, 0.050000, 0.926978
1.450000, 0.050000, 1.571195
1.500000, 0.050000, 1.884414
1.550000, 0.050000, 1.825806
1.600000, 0.050000, 1.435312
1.650000, 0.050000, 0.824844
1.700000, 0.050000, 0.153812
1.750000, 0.050000, -0.405699
1.800000, 0.050000, -0.706501
1.850000, 0.050000, -0.658439
1.900000, 0.050000, -0.248088
1.950000, 0.050000, 0.458298
2.000000, 0.050000, 1.329205
0.000000, 0.100000, -1.829914
0.050000, 0.100000, -1.115631
0.100000, 0.100000, -0.555925
0.150000, 0.100000, -0.282554
0.200000, 0.100000, -0.362020
0.250000, 0.100000, -0.781133
0.300000, 0.100000, -1.449974
0.350000, 0.100000, -2.221582
0.400000, 0.100000, -2.924091
0.450000, 0.100000, -3.398303
0.500000, 0.100000, -3.532507
0.550000, 0.100000, -3.286953
0.600000, 0.100000, -2.702651
0.650000, 0.100000, -1.892564
0.700000, 0.100000, -1.017130
0.750000, 0.100000, -0.249434
0.800000, 0.100000, 0.262376
0.850000, 0.100000, 0.427224
0.900000, 0.100000, 0.230807
0.950000, 0.100000, -0.261442
1.000000, 0.100000, -0.918778
1.050000, 0.100000, -1.573796
1.100000, 0.100000, -2.059078
1.150000, 0.100000, -2.243842
1.200000, 0.100000, -2.062597
1.250000, 0.100000, -1.529562
1.300000, 0.100000, -0.735706
1.350000, 0.100000, 0.170949
1.400000, 0.100000, 1.017471
1.450000, 0.100000, 1.643594
1.500000, 0.100000, 1.936545
1.550000, 0.100000, 1.855528
1.600000, 0.100000, 1.440521
1.650000, 0.100000, 0.803483
1.700000, 0.100000, 0.103874
1.750000, 0.100000, -0.486160
1.800000, 0.100000, -0.819370
1.850000, 0.100000, -0.805530
1.900000, 0.100000, -0.431140
1.950000, 0.100000, 0.237625
2.000000, 0.100000, 1.069335
0.000000, 0.150000, -2.109718
0.050000, 0.150000, -1.369663
0.100000, 0.150000, -0.784600
0.150000, 0.150000, -0.486572
0.200000, 0.150000, -0.542357
0.250000, 0.150000, -0.939037
0.300000, 0.150000, -1.586959
0.350000, 0.150000, -2.339415
0.400000, 0.150000, -3.024786
0.450000, 0.150000, -3.484103
0.500000, 0.150000, -3.605874
0.550000, 0.150000, -3.350552
0.600000, 0.150000, -2.759332
0.650000, 0.150000, -1.945346
0.700000, 0.150000, -1.069180
0.750000, 0.150000, -0.304048
0.800000, 0.150000, 0.201792
0.850000, 0.150000, 0.357177
0.900000, 0.150000, 0.147741
0.950000, 0.150000, -0.361128
1.000000, 0.150000, -1.038701
1.050000, 0.150000, -1.717569
1.100000, 0.150000, -2.230287
1.150000, 0.150000, -2.446022
1.200000, 0.150000, -2.299206
1.250000, 0.150000, -1.803962
1.300000, 0.150000, -1.051138
1.350000, 0.150000, -0.188613
1.400000, 0.150000, 0.610846
1.450000, 0.150000, 1.187158
1.500000, 0.150000, 1.427755
1.550000, 0.150000, 1.292065
1.600000, 0.150000, 0.820307
1.650000, 0.150000, 0.124699
1.700000, 0.150000, -0.635024
1.750000, 0.150000, -1.286432
1.800000, 0.150000, -1.681974
1.850000, 0.150000, -1.731115
1.900000, 0.150000, -1.420035
1.950000, 0.150000, -0.814582
2.000000, 0.150000, -0.045855
0.000000, 0.200000, -2.408757
0.050000, 0.200000, -1.643149
0.100000, 0.200000, -1.033219
0.150000, 0.200000, -0.711510
0.200000, 0.200000, -0.745284
0.250000, 0.200000, -1.122092
0.300000, 0.200000, -1.752725
0.350000, 0.200000, -2.490894
0.400000, 0.200000, -3.165361
0.450000, 0.200000, -3.617505
0.500000, 0.200000, -3.736138
0.550000, 0.200000, -3.481974
0.600000, 0.200000, -2.896418
0.650000, 0.200000, -2.092764
0.700000, 0.200000, -1.231704
0.750000, 0.200000, -0.486504
0.800000, 0.200000, -0.005416
0.850000, 0.200000, 0.120457
0.900000, 0.200000, -0.123132
0.950000, 0.200000, -0.670619
1.000000, 0.200000, -1.391047
1.050000, 0.200000, -2.116721
1.100000, 0.200000, -2.679863
1.150000, 0.200000, -2.949254
1.200000, 0.200000, -2.858899
1.250000, 0.200000, -2.422448
1.300000, 0.200000, -1.730242
1.350000, 0.200000, -0.929619
1.400000, 0.200000, -0.192779
1.450000, 0.200000, 0.320788
1.500000, 0.200000, 0.499124
1.550000, 0.200000, 0.302272
1.600000, 0.200000, -0.228924
1.650000, 0.200000, -0.981624
1.700000, 0.200000, -1.795479
1.750000, 0.200000, -2.497456
1.800000, 0.200000, -2.939424
1.850000, 0.200000, -3.030292
1.900000, 0.200000, -2.755715
1.950000, 0.200000, -2.181055
2.000000, 0.200000, -1.436964
0.000000, 0.250000, -2.640379
0.050000, 0.250000, -1.849499
0.100000, 0.250000, -1.215327
0.150000, 0.250000, -0.871186
0.200000, 0.250000, -0.885087
0.250000, 0.250000, -1.245291
0.300000, 0.250000, -1.863235
0.350000, 0.250000, -2.593209
0.400000, 0.250000, -3.264475
0.450000, 0.250000, -3.718819
0.500000, 0.250000, -3.845361
0.550000, 0.250000, -3.605017
0.600000, 0.250000, -3.039285
0.650000, 0.250000, -2.261434
0.700000, 0.250000, -1.432020
0.750000, 0.250000, -0.724053
0.800000, 0.250000, -0.285420
0.850000, 0.250000, -0.206749
0.900000, 0.250000, -0.501709
0.950000, 0.250000, -1.104066
1.000000, 0.250000, -1.882105
1.050000, 0.250000, -2.667303
1.100000, 0.250000, -3.290988
1.150000, 0.250000, -3.621004
1.200000, 0.250000, -3.590383
1.250000, 0.250000, -3.211784
1.300000, 0.250000, -2.574558
1.350000, 0.250000, -1.825063
1.400000, 0.250000, -1.134552
1.450000, 0.250000, -0.661613
1.500000, 0.250000, -0.517366
1.550000, 0.250000, -0.741003
1.600000, 0.250000, -1.291008
1.650000, 0.250000, -2.053972
1.700000, 0.250000, -2.869091
1.750000, 0.250000, -3.563004
1.800000, 0.250000, -3.987379
1.850000, 0.250000, -4.051068
1.900000, 0.250000, -3.739811
1.950000, 0.250000, -3.119198
2.000000, 0.250000, -2.320257
0.000000, 0.300000, -2.730552
0.050000, 0.300000, -1.914743
0.100000, 0.300000, -1.257083
0.150000, 0.300000, -0.892022
0.200000, 0.300000, -0.888635
0.250000, 0.300000, -1.236150
0.300000, 0.300000, -1.846850
0.350000, 0.300000, -2.575727
0.400000, 0.300000, -3.252576
0.450000, 0.300000, -3.719531
0.500000, 0.300000, -3.865867
0.550000, 0.300000, -3.652448
0.600000, 0.300000, -3.120512
0.650000, 0.300000, -2.382867
0.700000, 0.300000, -1.599406
0.750000, 0.300000, -0.942295
0.800000, 0.300000, -0.558408
0.850000, 0.300000, -0.537211
0.900000, 0.300000, -0.891094
0.950000, 0.300000, -1.552449
1.000000, 0.300000, -2.388127
1.050000, 0.300000, -3.228146
1.100000, 0.300000, -3.902383
1.150000, 0.300000, -4.277273
1.200000, 0.300000, -4.284519
1.250000, 0.300000, -3.935569
1.300000, 0.300000, -3.318702
1.350000, 0.300000, -2.579385
1.400000, 0.300000, -1.888181
1.450000, 0.300000, -1.403215
1.500000, 0.300000, -1.235384
1.550000, 0.300000, -1.423916
1.600000, 0.300000, -1.927592
1.650000, 0.300000, -2.633569
1.700000, 0.300000, -3.381865
1.750000, 0.300000, -4.000196
1.800000, 0.300000, -4.341542
1.850000, 0.300000, -4.316282
1.900000, 0.300000, -3.911868
1.950000, 0.300000, -3.195763
2.000000, 0.300000, -2.300987
0.000000, 0.350000, -2.634047
0.050000, 0.350000, -1.793709
0.100000, 0.350000, -1.113444
0.150000, 0.350000, -0.729231
0.200000, 0.350000, -0.711557
0.250000, 0.350000, -1.050877
0.300000, 0.350000, -1.660480
0.350000, 0.350000, -2.396091
0.400000, 0.350000, -3.087936
0.450000, 0.350000, -3.578258
0.500000, 0.350000, -3.756099
0.550000, 0.350000, -3.581757
0.600000, 0.350000, -3.095579
0.650000, 0.350000, -2.409177
0.700000, 0.350000, -1.680980
0.750000, 0.350000, -1.081464
0.800000, 0.350000, -0.755641
0.850000, 0.350000, -0.791000
0.900000, 0.350000, -1.197905
0.950000, 0.350000, -1.906740
1.000000, 0.350000, -2.782436
1.050000, 0.350000, -3.653248
1.100000, 0.350000, -4.347507
1.150000, 0.350000, -4.730388
1.200000, 0.350000, -4.732664
1.250000, 0.350000, -4.365230
1.300000, 0.350000, -3.716223
1.350000, 0.350000, -2.931400
1.400000, 0.350000, -2.182052
1.450000, 0.350000, -1.627464
1.500000, 0.350000, -1.380115
1.550000, 0.350000, -1.481194
1.600000, 0.350000, -1.891784
1.650000, 0.350000, -2.501627
1.700000, 0.350000, -3.153546
1.750000, 0.350000, -3.678201
1.800000, 0.350000, -3.931578
1.850000, 0.350000, -3.827035
1.900000, 0.350000, -3.354894
1.950000, 0.350000, -2.585285
2.000000, 0.350000, -1.653610
0.000000, 0.400000, -2.344356
0.050000, 0.400000, -1.479949
0.100000, 0.400000, -0.778085
0.150000, 0.400000, -0.376734
0.200000, 0.400000, -0.348155
0.250000, 0.400000, -0.684275
0.300000, 0.400000, -1.299460
0.350000, 0.400000, -2.050068
0.400000, 0.400000, -2.766460
0.450000, 0.400000, -3.290502
0.500000, 0.400000, -3.510348
0.550000, 0.400000, -3.384920
0.600000, 0.400000, -2.952753
0.650000, 0.400000, -2.323281
0.700000, 0.400000, -1.652477
0.750000, 0.400000, -1.108185
0.800000, 0.400000, -0.832726
0.850000, 0.400000, -0.910956
0.900000, 0.400000, -1.350791
0.950000, 0.400000, -2.080466
1.000000, 0.400000, -2.963172
1.050000, 0.400000, -3.825930
1.100000, 0.400000, -4.496422
1.150000, 0.400000, -4.839810
1.200000, 0.400000, -4.787527
1.250000, 0.400000, -4.351801
1.300000, 0.400000, -3.622759
1.350000, 0.400000, -2.748747
1.400000, 0.400000, -1.904174
1.450000, 0.400000, -1.251871
1.500000, 0.400000, -0.908166
1.550000, 0.400000, -0.918267
1.600000, 0.400000, -1.247298
1.650000, 0.400000, -1.788900
1.700000, 0.400000, -2.389508
1.750000, 0.400000, -2.882948
1.800000, 0.400000, -3.127793
1.850000, 0.400000, -3.039282
1.900000, 0.400000, -2.608815
1.950000, 0.400000, -1.906723
2.000000, 0.400000, -1.067689
0.000000, 0.450000, -1.895185
0.050000, 0.450000, -1.007221
0.100000, 0.450000, -0.284887
0.150000, 0.450000, 0.131359
0.200000, 0.450000, 0.167111
0.250000, 0.450000, -0.171208
0.300000, 0.450000, -0.799006
0.350000, 0.450000, -1.572979
0.400000, 0.450000, -2.323091
0.450000, 0.450000, -2.890067
0.500000, 0.450000, -3.160216
0.550000, 0.450000, -3.090004
0.600000, 0.450000, -2.715017
0.650000, 0.450000, -2.141403
0.700000, 0.450000, -1.521692
0.750000, 0.450000, -1.020328
0.800000, 0.450000, -0.776468
0.850000, 0.450000, -0.872244
0.900000, 0.450000, -1.313460
0.950000, 0.450000, -2.027006
1.000000, 0.450000, -2.875617
1.050000, 0.450000, -3.686812
1.100000, 0.450000, -4.289762
1.150000, 0.450000, -4.552078
1.200000, 0.450000, -4.408534
1.250000, 0.450000, -3.875459
1.300000, 0.450000, -3.047675
1.350000, 0.450000, -2.078615
1.400000, 0.450000, -1.147925
1.450000, 0.450000, -0.423572
1.500000, 0.450000, -0.026663
1.550000, 0.450000, -0.006574
1.600000, 0.450000, -0.331750
1.650000, 0.450000, -0.898112
1.700000, 0.450000, -1.553166
1.750000, 0.450000, -2.130498
1.800000, 0.450000, -2.487075
1.850000, 0.450000, -2.535184
1.900000, 0.450000, -2.261992
1.950000, 0.450000, -1.732464
2.000000, 0.450000, -1.074981
0.000000, 0.500000, -1.353181
0.050000, 0.500000, -0.442226
0.100000, 0.500000, 0.299336
0.150000, 0.500000, 0.728014
0.200000, 0.500000, 0.766904
0.250000, 0.500000, 0.420676
0.300000, 0.500000, -0.226916
0.350000, 0.500000, -1.032394
0.400000, 0.500000, -1.824511
0.450000, 0.500000, -2.441790
0.500000, 0.500000, -2.767476
0.550000, 0.500000, -2.754298
0.600000, 0.500000, -2.433677
0.650000, 0.500000, -1.907456
0.700000, 0.500000, -1.324034
0.750000, 0.500000, -0.844199
0.800000, 0.500000, -0.604227
0.850000, 0.500000, -0.684390
0.900000, 0.500000, -1.089852
0.950000, 0.500000, -1.748199
1.000000, 0.500000, -2.524241
1.050000, 0.500000, -3.248902
1.100000, 0.500000, -3.755945
1.150000, 0.500000, -3.918541
1.200000, 0.500000, -3.677696
1.250000, 0.500000, -3.056292
1.300000, 0.500000, -2.155634
1.350000, 0.500000, -1.135166
1.400000, 0.500000, -0.179675
1.450000, 0.500000, 0.538955
1.500000, 0.500000, 0.897233
1.550000, 0.500000, 0.845156
1.600000, 0.500000, 0.415536
1.650000, 0.500000, -0.284379
1.700000, 0.500000, -1.097099
1.750000, 0.500000, -1.849587
1.800000, 0.500000, -2.390860
1.850000, 0.500000, -2.624312
1.900000, 0.500000, -2.527739
1.950000, 0.500000, -2.156759
2.000000, 0.500000, -1.630953
0.000000, 0.550000, -0.803493
0.050000, 0.550000, 0.129838
0.100000, 0.550000, 0.889273
0.150000, 0.550000, 1.327719
0.200000, 0.550000, 1.365451
0.250000, 0.550000, 1.005403
0.300000, 0.550000, 0.330887
0.350000, 0.550000, -0.513669
0.400000, 0.550000, -1.354700
0.450000, 0.550000, -2.027195
0.500000, 0.550000, -2.409915
0.550000, 0.550000, -2.450510
0.600000, 0.550000, -2.175155
0.650000, 0.550000, -1.680743
0.700000, 0.550000, -1.111476
0.750000, 0.550000, -0.625116
0.800000, 0.550000, -0.356427
0.850000, 0.550000, -0.385918
0.900000, 0.550000, -0.720843
0.950000, 0.550000, -1.292701
1.000000, 0.550000, -1.971843
1.050000, 0.550000, -2.596046
1.100000, 0.550000, -3.006791
1.150000, 0.550000, -3.085301
1.200000, 0.550000, -2.780372
1.250000, 0.550000, -2.121821
1.300000, 0.550000, -1.216458
1.350000, 0.550000, -0.227305
1.400000, 0.550000, 0.659568
1.450000, 0.550000, 1.273530
1.500000, 0.550000, 1.494930
1.550000, 0.550000, 1.280069
1.600000, 0.550000, 0.670220
1.650000, 0.550000, -0.217225
1.700000, 0.550000, -1.213565
1.750000, 0.550000, -2.134205
1.800000, 0.550000, -2.817026
1.850000, 0.550000, -3.155492
1.900000, 0.550000, -3.119407
1.950000, 0.550000, -2.758954
2.000000, 0.550000, -2.191320
0.000000, 0.600000, -0.331309
0.050000, 0.600000, 0.623737
0.100000, 0.600000, 1.399586
0.150000, 0.600000, 1.844950
0.200000, 0.600000, 1.877017
0.250000, 0.600000, 1.497145
0.300000, 0.600000, 0.788833
0.350000, 0.600000, -0.101481
0.400000, 0.600000, -0.996523
0.450000, 0.600000, -1.726198
0.500000, 0.600000, -2.163284
0.550000, 0.600000, -2.249144
0.600000, 0.600000, -2.004027
0.650000, 0.600000, -1.519912
0.700000, 0.600000, -0.937690
0.750000, 0.600000, -0.413889
0.800000, 0.600000, -0.084395
0.850000, 0.600000, -0.033279
0.900000, 0.600000, -0.273641
0.950000, 0.600000, -0.744727
1.000000, 0.600000, -1.325961
1.050000, 0.600000, -1.864772
1.100000, 0.600000, -2.212039
1.150000, 0.600000, -2.257259
1.200000, 0.600000, -1.955568
1.250000, 0.600000, -1.340492
1.300000, 0.600000, -0.519419
1.350000, 0.600000, 0.347428
1.400000, 0.600000, 1.080141
1.450000, 0.600000, 1.517293
1.500000, 0.600000, 1.550893
1.550000, 0.600000, 1.150523
1.600000, 0.600000, 0.371353
1.650000, 0.600000, -0.655821
1.700000, 0.600000, -1.750515
1.750000, 0.600000, -2.719009
1.800000, 0.600000, -3.393596
1.850000, 0.600000, -3.666304
1.900000, 0.600000, -3.509967
1.950000, 0.600000, -2.982229
2.000000, 0.600000, -2.211764
0.000000, 0.650000, -0.003387
0.050000, 0.650000, 0.972672
0.100000, 0.650000, 1.763372
0.150000, 0.650000, 2.212636
0.200000, 0.650000, 2.234371
0.250000, 0.650000, 1.828696
0.300000, 0.650000, 1.080178
0.350000, 0.650000, 0.138621
0.400000, 0.650000, -0.813351
0.450000, 0.650000, -1.598883
0.500000, 0.650000, -2.083363
0.550000, 0.650000, -2.201033
0.600000, 0.650000, -1.966212
0.650000, 0.650000, -1.466977
0.700000, 0.650000, -0.842993
0.750000, 0.650000, -0.252613
0.800000, 0.650000, 0.163340
0.850000, 0.650000, 0.313050
0.900000, 0.650000, 0.173490
0.950000, 0.650000, -0.205779
1.000000, 0.650000, -0.715531
1.050000, 0.650000, -1.213495
1.100000, 0.650000, -1.558634
1.150000, 0.650000, -1.645300
1.200000, 0.650000, -1.429514
1.250000, 0.650000, -0.941347
1.300000, 0.650000, -0.280437
1.350000, 0.650000, 0.404551
1.400000, 0.650000, 0.948177
1.450000, 0.650000, 1.205153
1.500000, 0.650000, 1.083817
1.550000, 0.650000, 0.568706
1.600000, 0.650000, -0.272961
1.650000, 0.650000, -1.302559
1.700000, 0.650000, -2.336969
1.750000, 0.650000, -3.185552
1.800000, 0.650000, -3.689398
1.850000, 0.650000, -3.754497
1.900000, 0.650000, -3.371740
1.950000, 0.650000, -2.619420
2.000000, 0.650000, -1.647638
0.000000, 0.700000, 0.146384
0.050000, 0.700000, 1.142711
0.100000, 0.700000, 1.946610
0.150000, 0.700000, 2.396606
0.200000, 0.700000, 2.403235
0.250000, 0.700000, 1.965915
0.300000, 0.700000, 1.171443
0.350000, 0.700000, 0.174622
0.400000, 0.700000, -0.834743
0.450000, 0.700000, -1.671369
0.500000, 0.700000, -2.192137
0.550000, 0.700000, -2.323962
0.600000, 0.700000, -2.076186
0.650000, 0.700000, -1.535189
0.700000, 0.700000, -0.842763
0.750000, 0.700000, -0.163291
0.800000, 0.700000, 0.352917
0.850000, 0.700000, 0.602013
0.900000, 0.700000, 0.547713
0.950000, 0.700000, 0.226660
1.000000, 0.700000, -0.262863
1.050000, 0.700000, -0.786050
1.100000, 0.700000, -1.204660
1.150000, 0.700000, -1.410477
1.200000, 0.700000, -1.351483
1.250000, 0.700000, -1.044777
1.300000, 0.700000, -0.573247
1.350000, 0.700000, -0.066690
1.400000, 0.700000, 0.328420
1.450000, 0.700000, 0.483721
1.500000, 0.700000, 0.320406
1.550000, 0.700000, -0.169893
1.600000, 0.700000, -0.919741
1.650000, 0.700000, -1.797590
1.700000, 0.700000, -2.634310
1.750000, 0.700000, -3.258987
1.800000, 0.700000, -3.536303
1.850000, 0.700000, -3.397328
1.900000, 0.700000, -2.856856
1.950000, 0.700000, -2.013254
2.000000, 0.700000, -1.030516
0.000000, 0.750000, 0.124251
0.050000, 0.750000, 1.140069
0.100000, 0.750000, 1.955424
0.150000, 0.750000, 2.402855
0.200000, 0.750000, 2.389553
0.250000, 0.750000, 1.914999
0.300000, 0.750000, 1.069671
0.350000, 0.750000, 0.015255
0.400000, 0.750000, -1.049334
0.450000, 0.750000, -1.928888
0.500000, 0.750000, -2.471185
0.550000, 0.750000, -2.596485
0.600000, 0.750000, -2.311268
0.650000, 0.750000, -1.703693
0.700000, 0.750000, -0.922174
0.750000, 0.750000, -0.142025
0.800000, 0.750000, 0.472420
0.850000, 0.750000, 0.801974
0.900000, 0.750000, 0.795806
0.950000, 0.750000, 0.478952
1.000000, 0.750000, -0.057065
1.050000, 0.750000, -0.677998
1.100000, 0.750000, -1.239366
1.150000, 0.750000, -1.620212
1.200000, 0.750000, -1.750484
1.250000, 0.750000, -1.625953
1.300000, 0.750000, -1.307465
1.350000, 0.750000, -0.904898
1.400000, 0.750000, -0.549662
1.450000, 0.750000, -0.362179
1.500000, 0.750000, -0.421906
1.550000, 0.750000, -0.746893
1.600000, 0.750000, -1.287717
1.650000, 0.750000, -1.937369
1.700000, 0.750000, -2.555036
1.750000, 0.750000, -2.998543
1.800000, 0.750000, -3.158148
1.850000, 0.750000, -2.983962
1.900000, 0.750000, -2.500589
1.950000, 0.750000, -1.805300
2.000000, 0.750000, -1.049701
0.000000, 0.800000, -0.024884
0.050000, 0.800000, 1.009614
0.100000, 0.800000, 1.834602
0.150000, 0.800000, 2.276063
0.200000, 0.800000, 2.238008
0.250000, 0.800000, 1.720999
0.300000, 0.800000, 0.820926
0.350000, 0.800000, -0.291554
0.400000, 0.800000, -1.406507
0.450000, 0.800000, -2.317659
0.500000, 0.800000, -2.863845
0.550000, 0.800000, -2.960428
0.600000, 0.800000, -2.614406
0.650000, 0.800000, -1.920372
0.700000, 0.800000, -1.038598
0.750000, 0.800000, -0.160212
0.800000, 0.800000, 0.532949
0.850000, 0.800000, 0.905249
0.900000, 0.800000, 0.893245
0.950000, 0.800000, 0.515607
1.000000, 0.800000, -0.134683
1.050000, 0.800000, -0.913620
1.100000, 0.800000, -1.659474
1.150000, 0.800000, -2.228559
1.200000, 0.800000, -2.525632
1.250000, 0.800000, -2.522406
1.300000, 0.800000, -2.260479
1.350000, 0.800000, -1.838479
1.400000, 0.800000, -1.386771
1.450000, 0.800000, -1.035767
1.500000, 0.800000, -0.885192
1.550000, 0.800000, -0.981349
1.600000, 0.800000, -1.307439
1.650000, 0.800000, -1.789012
1.700000, 0.800000, -2.313079
1.750000, 0.800000, -2.756311
1.800000, 0.800000, -3.015666
1.850000, 0.800000, -3.034228
1.900000, 0.800000, -2.816130
1.950000, 0.800000, -2.426958
2.000000, 0.800000, -1.979322
0.000000, 0.850000, -0.227385
0.050000, 0.850000, 0.824955
0.100000, 0.850000, 1.657678
0.150000, 0.850000, 2.089677
0.200000, 0.850000, 2.022111
0.250000, 0.850000, 1.457900
0.300000, 0.850000, 0.500352
0.350000, 0.850000, -0.668684
0.400000, 0.850000, -1.826508
0.450000, 0.850000, -2.755206
0.500000, 0.850000, -3.285779
0.550000, 0.850000, -3.331690
0.600000, 0.850000, -2.905061
0.650000, 0.850000, -2.112432
0.700000, 0.850000, -1.131273
0.750000, 0.850000, -0.172429
0.800000, 0.850000, 0.563478
0.850000, 0.850000, 0.926537
0.900000, 0.850000, 0.846625
0.950000, 0.850000, 0.345260
1.000000, 0.850000, -0.471794
1.050000, 0.850000, -1.439151
1.100000, 0.850000, -2.368048
1.150000, 0.850000, -3.086283
1.200000, 0.850000, -3.473331
1.250000, 0.850000, -3.483380
1.300000, 0.850000, -3.151767
1.350000, 0.850000, -2.583984
1.400000, 0.850000, -1.930157
1.450000, 0.850000, -1.350965
1.500000, 0.850000, -0.982636
1.550000, 0.850000, -0.908634
1.600000, 0.850000, -1.143991
1.650000, 0.850000, -1.635276
1.700000, 0.850000, -2.275693
1.750000, 0.850000, -2.931452
1.800000, 0.850000, -3.473163
1.850000, 0.850000, -3.805034
1.900000, 0.850000, -3.885346
1.950000, 0.850000, -3.733774
2.000000, 0.850000, -3.424236
0.000000, 0.900000, -0.397064
0.050000, 0.900000, 0.672256
0.100000, 0.900000, 1.510750
0.150000, 0.900000, 1.929729
0.200000, 0.900000, 1.828010
0.250000, 0.900000, 1.212428
0.300000, 0.900000, 0.195958
0.350000, 0.900000, -1.026100
0.400000, 0.900000, -2.216854
0.450000, 0.900000, -3.146933
0.500000, 0.900000, -3.641752
0.550000, 0.900000, -3.617126
0.600000, 0.900000, -3.095934
0.650000, 0.900000, -2.202503
0.700000, 0.900000, -1.136084
0.750000, 0.900000, -0.129108
0.800000, 0.900000, 0.600963
0.850000, 0.900000, 0.896114
0.900000, 0.900000, 0.689413
0.950000, 0.900000, 0.017368
1.000000, 0.900000, -0.989273
1.050000, 0.900000, -2.134090
1.100000, 0.900000, -3.196676
1.150000, 0.900000, -3.978558
1.200000, 0.900000, -4.343742
1.250000, 0.900000, -4.245498
1.300000, 0.900000, -3.734076
1.350000, 0.900000, -2.944093
1.400000, 0.900000, -2.064639
1.450000, 0.900000, -1.298692
1.500000, 0.900000, -0.820595
1.550000, 0.900000, -0.740522
1.600000, 0.900000, -1.083245
1.650000, 0.900000, -1.785324
1.700000, 0.900000, -2.710848
1.750000, 0.900000, -3.681952
1.800000, 0.900000, -4.517272
1.850000, 0.900000, -5.070005
1.900000, 0.900000, -5.257501
1.950000, 0.900000, -5.076365
2.000000, 0.900000, -4.600243
0.000000, 0.950000, -0.454109
0.050000, 0.950000, 0.631310
0.100000, 0.950000, 1.473551
0.150000, 0.950000, 1.875911
0.200000, 0.950000, 1.735573
0.250000, 0.950000, 1.065121
0.300000, 0.950000, -0.010346
0.350000, 0.950000, -1.279885
0.400000, 0.950000, -2.491478
0.450000, 0.950000, -3.405429
0.500000, 0.950000, -3.845048
0.550000, 0.950000, -3.733934
0.600000, 0.950000, -3.111970
0.650000, 0.950000, -2.126722
0.700000, 0.950000, -1.002087
0.750000, 0.950000, 0.009088
0.800000, 0.950000, 0.678375
0.850000, 0.950000, 0.849799
0.900000, 0.950000, 0.472418
0.950000, 0.950000, -0.389399
1.000000, 0.950000, -1.570078
1.050000, 0.950000, -2.838243
1.100000, 0.950000, -3.945847
1.150000, 0.950000, -4.680579
1.200000, 0.950000, -4.910450
1.250000, 0.950000, -4.611175
1.300000, 0.950000, -3.870648
1.350000, 0.950000, -2.869702
1.400000, 0.950000, -1.843337
1.450000, 0.950000, -1.030755
1.500000, 0.950000, -0.624807
1.550000, 0.950000, -0.731574
1.600000, 0.950000, -1.348531
1.650000, 0.950000, -2.365805
1.700000, 0.950000, -3.590080
1.750000, 0.950000, -4.785936
1.800000, 0.950000, -5.725745
1.850000, 0.950000, -6.237501
1.900000, 0.950000, -6.240493
1.950000, 0.950000, -5.761377
2.000000, 0.950000, -4.927415
0.000000, 1.000000, -0.342618
0.050000, 1.000000, 0.758003
0.100000, 1.000000, 1.601914
0.150000, 1.000000, 1.984037
0.200000, 1.000000, 1.800844
0.250000, 1.000000, 1.072781
0.300000, 1.000000, -0.060326
0.350000, 1.000000, -1.369883
0.400000, 1.000000, -2.588486
0.450000, 1.000000, -3.468341
0.500000, 1.000000, -3.835392
0.550000, 1.000000, -3.627377
0.600000, 1.000000, -2.907506
0.650000, 1.000000, -1.850775
0.700000, 1.000000, -0.705912
0.750000, 1.000000, 0.258770
0.800000, 1.000000, 0.813784
0.850000, 1.000000, 0.818444
0.900000, 1.000000, 0.251476
0.950000, 1.000000, -0.784379
1.000000, 1.000000, -2.084790
1.050000, 1.000000, -3.388396
1.100000, 1.000000, -4.433782
1.150000, 1.000000, -5.016458
1.200000, 1.000000, -5.033423
1.250000, 1.000000, -4.505585
1.300000, 1.000000, -3.573169
1.350000, 1.000000, -2.465098
1.400000, 1.000000, -1.449030
1.450000, 1.000000, -0.772948
1.500000, 1.000000, -0.611017
1.550000, 1.000000, -1.025537
1.600000, 1.000000, -1.953261
1.650000, 1.000000, -3.219081
1.700000, 1.000000, -4.574084
1.750000, 1.000000, -5.749699
1.800000, 1.000000, -6.516113
1.850000, 1.000000, -6.732241
1.900000, 1.000000, -6.376345
1.950000, 1.000000, -5.550641
2.000000, 1.000000, -4.458870
0.000000, 1.050000, -0.042929
0.050000, 1.050000, 1.071988
0.100000, 1.050000, 1.915447
0.150000, 1.050000, 2.273720
0.200000, 1.050000, 2.043720
0.250000, 1.050000, 1.256134
0.300000, 1.050000, 0.068205
0.350000, 1.050000, -1.272143
0.400000, 1.050000, -2.482694
0.450000, 1.050000, -3.310986
0.500000, 1.050000, -3.591502
0.550000, 1.050000, -3.283029
0.600000, 1.050000, -2.477766
0.650000, 1.050000, -1.380189
0.700000, 1.050000, -0.260548
0.750000, 1.050000, 0.606387
0.800000, 1.050000, 1.003397
0.850000, 1.050000, 0.819637
0.900000, 1.050000, 0.075209
0.950000, 1.050000, -1.083993
1.000000, 1.050000, -2.419846
1.050000, 1.050000, -3.656245
1.100000, 1.050000, -4.541650
1.150000, 1.050000, -4.905725
1.200000, 1.050000, -4.697286
1.250000, 1.050000, -3.995092
1.300000, 1.050000, -2.989193
1.350000, 1.050000, -1.937254
1.400000, 1.050000, -1.105899
1.450000, 1.050000, -0.710440
1.500000, 1.050000, -0.866629
1.550000, 1.050000, -1.565241
1.600000, 1.050000, -2.675060
1.650000, 1.050000, -3.973344
1.700000, 1.050000, -5.196667
1.750000, 1.050000, -6.100478
1.800000, 1.050000, -6.513842
1.850000, 1.050000, -6.377074
1.900000, 1.050000, -5.753925
1.950000, 1.050000, -4.815841
2.000000, 1.050000, -3.802126
0.000000, 1.100000, 0.423956
0.050000, 1.100000, 1.552253
0.100000, 1.100000, 2.393102
0.150000, 1.100000, 2.723939
0.200000, 1.100000, 2.443517
0.250000, 1.100000, 1.595386
0.300000, 1.100000, 0.356906
0.350000, 1.100000, -1.003465
0.400000, 1.100000, -2.190248
0.450000, 1.100000, -2.950998
0.500000, 1.100000, -3.135607
0.550000, 1.100000, -2.730837
0.600000, 1.100000, -1.862095
0.650000, 1.100000, -0.762390
0.700000, 1.100000, 0.283780
0.750000, 1.100000, 1.007957
0.800000, 1.100000, 1.220481
0.850000, 1.100000, 0.853678
0.900000, 1.100000, -0.024438
0.950000, 1.100000, -1.228660
1.000000, 1.100000, -2.502293
1.050000, 1.100000, -3.578713
1.100000, 1.100000, -4.243866
1.150000, 1.100000, -4.384959
1.200000, 1.100000, -4.014159
1.250000, 1.100000, -3.262378
1.300000, 1.100000, -2.345411
1.350000, 1.100000, -1.511199
1.400000, 1.100000, -0.981187
1.450000, 1.100000, -0.899750
1.500000, 1.100000, -1.303291
1.550000, 1.100000, -2.115575
1.600000, 1.100000, -3.169434
1.650000, 1.100000, -4.248733
1.700000, 1.100000, -5.139985
1.750000, 1.100000, -5.681136
1.800000, 1.100000, -5.796269
1.850000, 1.100000, -5.508783
1.900000, 1.100000, -4.931039
1.950000, 1.100000, -4.234055
2.000000, 1.100000, -3.605368
0.000000, 1.150000, 1.000802
0.050000, 1.150000, 2.141562
0.100000, 1.150000, 2.977616
0.150000, 1.150000, 3.277482
0.200000, 1.150000, 2.943403
0.250000, 1.150000, 2.034648
0.300000, 1.150000, 0.751294
0.350000, 1.150000, -0.617068
0.400000, 1.150000, -1.764358
0.450000, 1.150000, -2.444037
0.500000, 1.150000, -2.528926
0.550000, 1.150000, -2.040069
0.600000, 1.150000, -1.138038
0.650000, 1.150000, -0.079779
0.700000, 1.150000, 0.847241
0.750000, 1.150000, 1.396389
0.800000, 1.150000, 1.420674
0.850000, 1.150000, 0.904720
0.900000, 1.150000, -0.037043
0.950000, 1.150000, -1.194114
1.000000, 1.150000, -2.315692
1.050000, 1.150000, -3.173509
1.100000, 1.150000, -3.615681
1.150000, 1.150000, -3.598648
1.200000, 1.150000, -3.190573
1.250000, 1.150000, -2.547199
1.300000, 1.150000, -1.868052
1.350000, 1.150000, -1.345353
1.400000, 1.150000, -1.118936
1.450000, 1.150000, -1.247862
1.500000, 1.150000, -1.704315
1.550000, 1.150000, -2.389126
1.600000, 1.150000, -3.162803
1.650000, 1.150000, -3.882570
1.700000, 1.150000, -4.435416
1.750000, 1.150000, -4.759341
1.800000, 1.150000, -4.849125
1.850000, 1.150000, -4.747529
1.900000, 1.150000, -4.526659
1.950000, 1.150000, -4.266182
2.000000, 1.150000, -4.034849
0.000000, 1.200000, 1.606482
0.050000, 1.200000, 2.758790
0.100000, 1.200000, 3.587838
0.150000, 1.200000, 3.853275
0.200000, 1.200000, 3.462736
0.250000, 1.200000, 2.494247
0.300000, 1.200000, 1.173025
0.350000, 1.200000, -0.190366
0.400000, 1.200000, -1.283098
0.450000, 1.200000, -1.871515
0.500000, 1.200000, -1.859103
0.550000, 1.200000, -1.306162
0.600000, 1.200000, -0.407369
0.650000, 1.200000, 0.564985
0.700000, 1.200000, 1.335212
0.750000, 1.200000, 1.695094
0.800000, 1.200000, 1.552579
0.850000, 1.200000, 0.946650
0.900000, 1.200000, 0.026750
0.950000, 1.200000, -0.995008
1.000000, 1.200000, -1.903679
1.050000, 1.200000, -2.536093
1.100000, 1.200000, -2.815904
1.150000, 1.200000, -2.761595
1.200000, 1.200000, -2.468364
1.250000, 1.200000, -2.072202
1.300000, 1.200000, -1.708711
1.350000, 1.200000, -1.479192
1.400000, 1.200000, -1.432728
1.450000, 1.200000, -1.566845
1.500000, 1.200000, -1.843036
1.550000, 1.200000, -2.209063
1.600000, 1.200000, -2.618811
1.650000, 1.200000, -3.042689
1.700000, 1.200000, -3.466171
1.750000, 1.200000, -3.879206
1.800000, 1.200000, -4.263055
1.850000, 1.200000, -4.582157
1.900000, 1.200000, -4.786564
1.950000, 1.200000, -4.826021
2.000000, 1.200000, -4.671583
0.000000, 1.250000, 2.153517
0.050000, 1.250000, 3.316464
0.100000, 1.250000, 4.136285
0.150000, 1.250000, 4.363931
0.200000, 1.250000, 3.914599
0.250000, 1.250000, 2.888257
0.300000, 1.250000, 1.537387
0.350000, 1.250000, 0.192479
0.400000, 1.250000, -0.831960
0.450000, 1.250000, -1.323028
0.500000, 1.250000, -1.222287
0.550000, 1.250000, -0.632200
0.600000, 1.250000, 0.223119
0.650000, 1.250000, 1.068564
0.700000, 1.250000, 1.657330
0.750000, 1.250000, 1.835037
0.800000, 1.250000, 1.571216
0.850000, 1.250000, 0.952013
0.900000, 1.250000, 0.140406
0.950000, 1.250000, -0.680321
1.000000, 1.250000, -1.360430
1.050000, 1.250000, -1.818487
1.100000, 1.250000, -2.048711
1.150000, 1.250000, -2.102810
1.200000, 1.250000, -2.056790
1.250000, 1.250000, -1.977331
1.300000, 1.250000, -1.900793
1.350000, 1.250000, -1.831564
1.400000, 1.250000, -1.757976
1.450000, 1.250000, -1.676588
1.500000, 1.250000, -1.612180
1.550000, 1.250000, -1.622584
1.600000, 1.250000, -1.783791
1.650000, 1.250000, -2.159324
1.700000, 1.250000, -2.765243
1.750000, 1.250000, -3.545494
1.800000, 1.250000, -4.370053
1.850000, 1.250000, -5.060976
1.900000, 1.250000, -5.441402
1.950000, 1.250000, -5.393325
2.000000, 1.250000, -4.905034
0.000000, 1.300000, 2.567013
0.050000, 1.300000, 3.739698
0.100000, 1.300000, 4.548065
0.150000, 1.300000, 4.734679
0.200000, 1.300000, 4.224728
0.250000, 1.300000, 3.143407
0.300000, 1.300000, 1.772178
0.350000, 1.300000, 0.459410
0.400000, 1.300000, -0.484994
0.450000, 1.300000, -0.877321
0.500000, 1.300000, -0.703706
0.550000, 1.300000, -0.108913
0.600000, 1.300000, 0.662116
0.650000, 1.300000, 1.347398
0.700000, 1.300000, 1.746784
0.750000, 1.300000, 1.771449
0.800000, 1.300000, 1.451067
0.850000, 1.300000, 0.901550
0.900000, 1.300000, 0.269752
0.950000, 1.300000, -0.321870
1.000000, 1.300000, -0.810090
1.050000, 1.300000, -1.194664
1.100000, 1.300000, -1.513820
1.150000, 1.300000, -1.805738
1.200000, 1.300000, -2.075376
1.250000, 1.300000, -2.282869
1.300000, 1.300000, -2.359851
1.350000, 1.300000, -2.247300
1.400000, 1.300000, -1.938304
1.450000, 1.300000, -1.505489
1.500000, 1.300000, -1.097677
1.550000, 1.300000, -0.901900
1.600000, 1.300000, -1.081035
1.650000, 1.300000, -1.708455
1.700000, 1.300000, -2.724741
1.750000, 1.300000, -3.935782
1.800000, 1.300000, -5.058012
1.850000, 1.300000, -5.799825
1.900000, 1.300000, -5.954227
1.950000, 1.300000, -5.471908
2.000000, 1.300000, -4.488590
0.000000, 1.350000, 2.800850
0.050000, 1.350000, 3.982388
0.100000, 1.350000, 4.777075
0.150000, 1.350000, 4.919559
0.200000, 1.350000, 4.347706
0.250000, 1.350000, 3.215256
0.300000, 1.350000, 1.833850
0.350000, 1.350000, 0.566587
0.400000, 1.350000, -0.288628
0.450000, 1.350000, -0.585906
0.500000, 1.350000, -0.360883
0.550000, 1.350000, 0.202594
0.600000, 1.350000, 0.851317
0.650000, 1.350000, 1.354740
0.700000, 1.350000, 1.575695
0.750000, 1.350000, 1.496370
0.800000, 1.350000, 1.195421
0.850000, 1.350000, 0.791687
0.900000, 1.350000, 0.382089
0.950000, 1.350000, 0.001431
1.000000, 1.350000, -0.379665
1.050000, 1.350000, -0.820371
1.100000, 1.350000, -1.357254
1.150000, 1.350000, -1.960686
1.200000, 1.350000, -2.523502
1.250000, 1.350000, -2.891286
1.300000, 1.350000, -2.924945
1.350000, 1.350000, -2.570584
1.400000, 1.350000, -1.905916
1.450000, 1.350000, -1.139501
1.500000, 1.350000, -0.556591
1.550000, 1.350000, -0.426735
1.600000, 1.350000, -0.905070
1.650000, 1.350000, -1.964371
1.700000, 1.350000, -3.385994
1.750000, 1.350000, -4.817480
1.800000, 1.350000, -5.880337
1.850000, 1.350000, -6.292315
1.900000, 1.350000, -5.961937
1.950000, 1.350000, -5.021688
2.000000, 1.350000, -3.787402
0.000000, 1.400000, 2.847609
0.050000, 1.400000, 4.037131
0.100000, 1.400000, 4.815922
0.150000, 1.400000, 4.911343
0.200000, 1.400000, 4.276872
0.250000, 1.400000, 3.098093
0.300000, 1.400000, 1.717379
0.350000, 1.400000, 0.508261
0.400000, 1.400000, -0.251729
0.450000, 1.400000, -0.462890
0.500000, 1.400000, -0.213067
0.550000, 1.400000, 0.281793
0.600000, 1.400000, 0.776356
0.650000, 1.400000, 1.090692
0.700000, 1.400000, 1.163131
0.750000, 1.400000, 1.043932
0.800000, 1.400000, 0.839455
0.850000, 1.400000, 0.637840
0.900000, 1.400000, 0.453869
0.950000, 1.400000, 0.220121
1.000000, 1.400000, -0.171271
1.050000, 1.400000, -0.796691
1.100000, 1.400000, -1.634916
1.150000, 1.400000, -2.541943
1.200000, 1.400000, -3.284712
1.250000, 1.400000, -3.625372
1.300000, 1.400000, -3.423623
1.350000, 1.400000, -2.713590
1.400000, 1.400000, -1.718994
1.450000, 1.400000, -0.793781
1.500000, 1.400000, -0.305527
1.550000, 1.400000, -0.503562
1.600000, 1.400000, -1.422192
1.650000, 1.400000, -2.857886
1.700000, 1.400000, -4.431771
1.750000, 1.400000, -5.716138
1.800000, 1.400000, -6.378908
1.850000, 1.400000, -6.292991
1.900000, 1.400000, -5.571134
1.950000, 1.400000, -4.515607
2.000000, 1.400000, -3.504439
0.000000, 1.450000, 2.740064
0.050000, 1.450000, 3.936723
0.100000, 1.450000, 4.697421
0.150000, 1.450000, 4.743031
0.200000, 1.450000, 4.045815
0.250000, 1.450000, 2.826408
0.300000, 1.450000, 1.457721
0.350000, 1.450000, 0.318225
0.400000, 1.450000, -0.344050
0.450000, 1.450000, -0.483162
0.500000, 1.450000, -0.239061
0.550000, 1.450000, 0.151131
0.600000, 1.450000, 0.468884
0.650000, 1.450000, 0.603044
0.700000, 1.450000, 0.573808
0.750000, 1.450000, 0.486791
0.800000, 1.450000, 0.445835
0.850000, 1.450000, 0.472408
0.900000, 1.450000, 0.475192
0.950000, 1.450000, 0.288079
1.000000, 1.450000, -0.239813
1.050000, 1.450000, -1.145856
1.100000, 1.450000, -2.298103
1.150000, 1.450000, -3.415493
1.200000, 1.450000, -4.163453
1.250000, 1.450000, -4.288608
1.300000, 1.450000, -3.735433
1.350000, 1.450000, -2.691799
1.400000, 1.450000, -1.538405
1.450000, 1.450000, -0.717384
1.500000, 1.450000, -0.570403
1.550000, 1.450000, -1.210900
1.600000, 1.450000, -2.482182
1.650000, 1.450000, -4.018157
1.700000, 1.450000, -5.381476
1.750000, 1.450000, -6.222705
1.800000, 1.450000, -6.397108
1.850000, 1.450000, -5.995296
1.900000, 1.450000, -5.281386
1.950000, 1.450000, -4.571007
2.000000, 1.450000, -4.104611
0.000000, 1.500000, 2.543922
0.050000, 1.500000, 3.746895
0.100000, 1.500000, 4.487325
0.150000, 1.500000, 4.480581
0.200000, 1.500000, 3.721103
0.250000, 1.500000, 2.467608
0.300000, 1.500000, 1.122504
0.350000, 1.500000, 0.062526
0.400000, 1.500000, -0.503393
0.450000, 1.500000, -0.589300
0.500000, 1.500000, -0.383830
0.550000, 1.500000, -0.130516
0.600000, 1.500000, -0.000563
0.650000, 1.500000, -0.021339
0.700000, 1.500000, -0.092555
0.750000, 1.500000, -0.075983
0.800000, 1.500000, 0.093362
0.850000, 1.500000, 0.337689
0.900000, 1.500000, 0.450241
0.950000, 1.500000, 0.190979
1.000000, 1.500000, -0.580930
1.050000, 1.500000, -1.805091
1.100000, 1.500000, -3.204691
1.150000, 1.500000, -4.374994
1.200000, 1.500000, -4.942692
1.250000, 1.500000, -4.727248
1.300000, 1.500000, -3.830669
1.350000, 1.500000, -2.611936
1.400000, 1.500000, -1.553199
1.450000, 1.500000, -1.073450
1.500000, 1.500000, -1.369167
1.550000, 1.500000, -2.349178
1.600000, 1.500000, -3.688574
1.650000, 1.500000, -4.973546
1.700000, 1.500000, -5.870028
1.750000, 1.500000, -6.241738
1.800000, 1.500000, -6.170158
1.850000, 1.500000, -5.876679
1.900000, 1.500000, -5.592628
1.950000, 1.500000, -5.444599
2.000000, 1.500000, -5.410809
0.000000, 1.550000, 2.343383
0.050000, 1.550000, 3.551875
0.100000, 1.550000, 4.269896
0.150000, 1.550000, 4.208478
0.200000, 1.550000, 3.387838
0.250000, 1.550000, 2.107559
0.300000, 1.550000, 0.797560
0.350000, 1.550000, -0.174964
0.400000, 1.550000, -0.649906
0.450000, 1.550000, -0.705623
0.500000, 1.550000, -0.572319
0.550000, 1.550000, -0.481789
0.600000, 1.550000, -0.537346
0.650000, 1.550000, -0.672863
0.700000, 1.550000, -0.719266
0.750000, 1.550000, -0.537382
0.800000, 1.550000, -0.139207
0.850000, 1.550000, 0.275279
0.900000, 1.550000, 0.393903
0.950000, 1.550000, -0.052200
1.000000, 1.550000, -1.131862
1.050000, 1.550000, -2.640116
1.100000, 1.550000, -4.153388
1.150000, 1.550000, -5.196217
1.200000, 1.550000, -5.445131
1.250000, 1.550000, -4.874064
1.300000, 1.550000, -3.771303
1.350000, 1.550000, -2.618493
1.400000, 1.550000, -1.887646
1.450000, 1.550000, -1.850360
1.500000, 1.550000, -2.485590
1.550000, 1.550000, -3.522864
1.600000, 1.550000, -4.591740
1.650000, 1.550000, -5.398675
1.700000, 1.550000, -5.843652
1.750000, 1.550000, -6.024198
1.800000, 1.550000, -6.134938
1.850000, 1.550000, -6.324907
1.900000, 1.550000, -6.594811
1.950000, 1.550000, -6.792423
2.000000, 1.550000, -6.709324
0.000000, 1.600000, 2.222687
0.050000, 1.600000, 3.435934
0.100000, 1.600000, 4.129442
0.150000, 1.600000, 4.011274
0.200000, 1.600000, 3.131196
0.250000, 1.600000, 1.832107
0.300000, 1.600000, 0.568437
0.350000, 1.600000, -0.311001
0.400000, 1.600000, -0.704383
0.450000, 1.600000, -0.756246
0.500000, 1.600000, -0.727386
0.550000, 1.600000, -0.817085
0.600000, 1.600000, -1.041962
0.650000, 1.600000, -1.239977
0.700000, 1.600000, -1.194560
0.750000, 1.600000, -0.803654
0.800000, 1.600000, -0.190743
0.850000, 1.600000, 0.314475
0.900000, 1.600000, 0.325733
0.950000, 1.600000, -0.394604
1.000000, 1.600000, -1.785033
1.050000, 1.600000, -3.475381
1.100000, 1.600000, -4.932694
1.150000, 1.600000, -5.695340
1.200000, 1.600000, -5.580326
1.250000, 1.600000, -4.760717
1.300000, 1.600000, -3.675885
1.350000, 1.600000, -2.822275
1.400000, 1.600000, -2.531722
1.450000, 1.600000, -2.847088
1.500000, 1.600000, -3.550433
1.550000, 1.600000, -4.317187
1.600000, 1.600000, -4.904812
1.650000, 1.600000, -5.270840
1.700000, 1.600000, -5.559151
1.750000, 1.600000, -5.969882
1.800000, 1.600000, -6.594741
1.850000, 1.600000, -7.319213
1.900000, 1.600000, -7.855052
1.950000, 1.600000, -7.891851
2.000000, 1.600000, -7.286483
0.000000, 1.650000, 2.247650
0.050000, 1.650000, 3.464922
0.100000, 1.650000, 4.131859
0.150000, 1.650000, 3.955121
0.200000, 1.650000, 3.017952
0.250000, 1.650000, 1.708599
0.300000, 1.650000, 0.501917
0.350000, 1.650000, -0.281389
0.400000, 1.650000, -0.606530
0.450000, 1.650000, -0.683152
0.500000, 1.650000, -0.787845
0.550000, 1.650000, -1.065074
0.600000, 1.650000, -1.429680
0.650000, 1.650000, -1.630119
0.700000, 1.650000, -1.432954
0.750000, 1.650000, -0.813850
0.800000, 1.650000, -0.032860
0.850000, 1.650000, 0.462646
0.900000, 1.650000, 0.263109
0.950000, 1.650000, -0.772422
1.000000, 1.650000, -2.411396
1.050000, 1.650000, -4.134209
1.100000, 1.650000, -5.372537
1.150000, 1.650000, -5.775652
1.200000, 1.650000, -5.364748
1.250000, 1.650000, -4.496794
1.300000, 1.650000, -3.663849
1.350000, 1.650000, -3.242120
1.400000, 1.650000, -3.327961
1.450000, 1.650000, -3.743608
1.500000, 1.650000, -4.195950
1.550000, 1.650000, -4.484666
1.600000, 1.650000, -4.631384
1.650000, 1.650000, -4.852478
1.700000, 1.650000, -5.394301
1.750000, 1.650000, -6.334265
1.800000, 1.650000, -7.474523
1.850000, 1.650000, -8.402771
1.900000, 1.650000, -8.696676
1.950000, 1.650000, -8.161482
2.000000, 1.650000, -6.965289
0.000000, 1.700000, 2.451233
0.050000, 1.700000, 3.671834
0.100000, 1.700000, 4.310195
0.150000, 1.700000, 4.073342
0.200000, 1.700000, 3.082041
0.250000, 1.700000, 1.771424
0.300000, 1.700000, 0.631564
0.350000, 1.700000, -0.055364
0.400000, 1.700000, -0.329193
0.450000, 1.700000, -0.460262
0.500000, 1.700000, -0.722621
0.550000, 1.700000, -1.183471
0.600000, 1.700000, -1.646431
0.650000, 1.700000, -1.786584
0.700000, 1.700000, -1.391730
0.750000, 1.700000, -0.553572
0.800000, 1.700000, 0.321017
0.850000, 1.700000, 0.700174
0.900000, 1.700000, 0.215529
0.950000, 1.700000, -1.118753
1.000000, 1.700000, -2.888456
1.050000, 1.700000, -4.479589
1.100000, 1.700000, -5.385844
1.150000, 1.700000, -5.450553
1.200000, 1.700000, -4.910286
1.250000, 1.700000, -4.224770
1.300000, 1.700000, -3.802191
1.350000, 1.700000, -3.785798
1.400000, 1.700000, -4.023901
1.450000, 1.700000, -4.228983
1.500000, 1.700000, -4.214487
1.550000, 1.700000, -4.051698
1.600000, 1.700000, -4.041752
1.650000, 1.700000, -4.516357
1.700000, 1.700000, -5.591883
1.750000, 1.700000, -7.035900
1.800000, 1.700000, -8.340942
1.850000, 1.700000, -8.975296
1.900000, 1.700000, -8.670825
1.950000, 1.700000, -7.580478
2.000000, 1.700000, -6.210836
0.000000, 1.750000, 2.826273
0.050000, 1.750000, 4.049547
0.100000, 1.750000, 4.657384
0.150000, 1.750000, 4.359158
0.200000, 1.750000, 3.317288
0.250000, 1.750000, 2.014735
0.300000, 1.750000, 0.950458
0.350000, 1.750000, 0.357206
0.400000, 1.750000, 0.114590
0.450000, 1.750000, -0.100370
0.500000, 1.750000, -0.537886
0.550000, 1.750000, -1.166886
0.600000, 1.750000, -1.677701
0.650000, 1.750000, -1.697944
0.700000, 1.750000, -1.079183
0.750000, 1.750000, -0.059856
0.800000, 1.750000, 0.815009
0.850000, 1.750000, 0.981638
0.900000, 1.750000, 0.181650
0.950000, 1.750000, -1.377385
1.000000, 1.750000, -3.126847
1.050000, 1.750000, -4.446176
1.100000, 1.750000, -4.989772
1.150000, 1.750000, -4.837254
1.200000, 1.750000, -4.386097
1.250000, 1.750000, -4.067797
1.300000, 1.750000, -4.076009
1.350000, 1.750000, -4.280061
1.400000, 1.750000, -4.371045
1.450000, 1.750000, -4.132987
1.500000, 1.750000, -3.648973
1.550000, 1.750000, -3.295021
1.600000, 1.750000, -3.515258
1.650000, 1.750000, -4.519097
1.700000, 1.750000, -6.098676
1.750000, 1.750000, -7.694238
1.800000, 1.750000, -8.680223
1.850000, 1.750000, -8.704245
1.900000, 1.750000, -7.874828
1.950000, 1.750000, -6.685675
2.000000, 1.750000, -5.726352
0.000000, 1.800000, 3.326980
0.050000, 1.800000, 4.552310
0.100000, 1.800000, 5.127740
0.150000, 1.800000, 4.767181
0.200000, 1.800000, 3.678885
0.250000, 1.800000, 2.393925
0.300000, 1.800000, 1.412676
0.350000, 1.800000, 0.907394
0.400000, 1.800000, 0.673311
0.450000, 1.800000, 0.346618
0.500000, 1.800000, -0.275594
0.550000, 1.800000, -1.046142
0.600000, 1.800000, -1.548722
0.650000, 1.800000, -1.398225
0.700000, 1.800000, -0.552934
0.750000, 1.800000, 0.584105
0.800000, 1.800000, 1.359218
0.850000, 1.800000, 1.243492
0.900000, 1.800000, 0.149894
0.950000, 1.800000, -1.513629
1.000000, 1.800000, -3.089696
1.050000, 1.800000, -4.055975
1.100000, 1.800000, -4.301340
1.150000, 1.800000, -4.123473
1.200000, 1.800000, -3.966381
1.250000, 1.800000, -4.088790
1.300000, 1.800000, -4.394674
1.350000, 1.800000, -4.539352
1.400000, 1.800000, -4.230250
1.450000, 1.800000, -3.503826
1.500000, 1.800000, -2.773828
1.550000, 1.800000, -2.602196
1.600000, 1.800000, -3.336552
1.650000, 1.800000, -4.855790
1.700000, 1.800000, -6.600153
1.750000, 1.800000, -7.876658
1.800000, 1.800000, -8.248988
1.850000, 1.800000, -7.765012
1.900000, 1.800000, -6.882575
1.950000, 1.800000, -6.152886
2.000000, 1.800000, -5.877316
0.000000, 1.850000, 3.878855
0.050000, 1.850000, 5.105668
0.100000, 1.850000, 5.646876
0.150000, 1.850000, 5.223336
0.200000, 1.850000, 4.093313
0.250000, 1.850000, 2.835532
0.300000, 1.850000, 1.943233
0.350000, 1.850000, 1.517232
0.400000, 1.850000, 1.267117
0.450000, 1.850000, 0.803805
0.500000, 1.850000, -0.003749
0.550000, 1.850000, -0.879312
0.600000, 1.850000, -1.316134
0.650000, 1.850000, -0.958027
0.700000, 1.850000, 0.091337
0.750000, 1.850000, 1.263587
0.800000, 1.850000, 1.845953
0.850000, 1.850000, 1.416917
0.900000, 1.850000, 0.102458
0.950000, 1.850000, -1.520088
1.000000, 1.850000, -2.800527
1.050000, 1.850000, -3.413911
1.100000, 1.850000, -3.508558
1.150000, 1.850000, -3.516581
1.200000, 1.850000, -3.780187
1.250000, 1.850000, -4.274417
1.300000, 1.850000, -4.631191
1.350000, 1.850000, -4.446034
1.400000, 1.850000, -3.639036
1.450000, 1.850000, -2.596718
1.500000, 1.850000, -1.975053
1.550000, 1.850000, -2.286869
1.600000, 1.850000, -3.555727
1.650000, 1.850000, -5.278741
1.700000, 1.850000, -6.729211
1.750000, 1.850000, -7.395383
1.800000, 1.850000, -7.259715
1.850000, 1.850000, -6.738096
1.900000, 1.850000, -6.338290
1.950000, 1.850000, -6.290904
2.000000, 1.850000, -6.417511
0.000000, 1.900000, 4.394885
0.050000, 1.900000, 5.622649
0.100000, 1.900000, 6.127895
0.150000, 1.900000, 5.641046
0.200000, 1.900000, 4.474519
0.250000, 1.900000, 3.253418
0.300000, 1.900000, 2.454276
0.350000, 1.900000, 2.096003
0.400000, 1.900000, 1.804213
0.450000, 1.900000, 1.183627
0.500000, 1.900000, 0.199453
0.550000, 1.900000, -0.736598
0.600000, 1.900000, -1.053169
0.650000, 1.900000, -0.468641
0.700000, 1.900000, 0.738439
0.750000, 1.900000, 1.853589
0.800000, 1.900000, 2.170679
0.850000, 1.900000, 1.443235
0.900000, 1.900000, 0.021590
0.950000, 1.900000, -1.416451
1.000000, 1.900000, -2.338002
1.050000, 1.900000, -2.684133
1.100000, 1.900000, -2.824184
1.150000, 1.900000, -3.189082
1.200000, 1.900000, -3.877965
1.250000, 1.900000, -4.548214
1.300000, 1.900000, -4.678963
1.350000, 1.900000, -4.009028
1.400000, 1.900000, -2.810550
1.450000, 1.900000, -1.776178
1.500000, 1.900000, -1.584372
1.550000, 1.900000, -2.450143
1.600000, 1.900000, -3.984937
1.650000, 1.900000, -5.466017
1.700000, 1.900000, -6.318111
1.750000, 1.900000, -6.459338
1.800000, 1.900000, -6.270649
1.850000, 1.900000, -6.231660
1.900000, 1.900000, -6.512907
1.950000, 1.900000, -6.840609
2.000000, 1.900000, -6.736867
0.000000, 1.950000, 4.794467
0.050000, 1.950000, 6.022695
0.100000, 1.950000, 6.490320
0.150000, 1.950000, 5.940159
0.200000, 1.950000, 4.742840
0.250000, 1.950000, 3.567692
0.300000, 1.950000, 2.864041
0.350000, 1.950000, 2.559272
0.400000, 1.950000, 2.199966
0.450000, 1.950000, 1.406814
0.500000, 1.950000, 0.264093
0.550000, 1.950000, -0.682485
0.600000, 1.950000, -0.831771
0.650000, 1.950000, -0.022661
0.700000, 1.950000, 1.275700
0.750000, 1.950000, 2.242538
0.800000, 1.950000, 2.253512
0.850000, 1.950000, 1.288467
0.900000, 1.950000, -0.103613
0.950000, 1.950000, -1.243675
1.000000, 1.950000, -1.818638
1.050000, 1.950000, -2.052388
1.100000, 1.950000, -2.433541
1.150000, 1.950000, -3.234944
1.200000, 1.950000, -4.223761
1.250000, 1.950000, -4.806477
1.300000, 1.950000, -4.502984
1.350000, 1.950000, -3.375119
1.400000, 1.950000, -2.061363
1.450000, 1.950000, -1.372139
1.500000, 1.950000, -1.742683
1.550000, 1.950000, -2.954096
1.600000, 1.950000, -4.328077
1.650000, 1.950000, -5.237164
1.700000, 1.950000, -5.534104
1.750000, 1.950000, -5.576525
1.800000, 1.950000, -5.847300
1.850000, 1.950000, -6.490615
1.900000, 1.950000, -7.146949
1.950000, 1.950000, -7.227995
2.000000, 1.950000, -6.416925
0.000000, 2.000000, 5.020956
0.050000, 2.000000, 6.249205
0.100000, 2.000000, 6.677634
0.150000, 2.000000, 6.064490
0.200000, 2.000000, 4.842534
0.250000, 2.000000, 3.722236
0.300000, 2.000000, 3.114421
0.350000, 2.000000, 2.846550
0.400000, 2.000000, 2.394603
0.450000, 2.000000, 1.419901
0.500000, 2.000000, 0.145503
0.550000, 2.000000, -0.759248
0.600000, 2.000000, -0.705701
0.650000, 2.000000, 0.304724
0.700000, 2.000000, 1.614042
0.750000, 2.000000, 2.353740
0.800000, 2.000000, 2.056751
0.850000, 2.000000, 0.953608
0.900000, 2.000000, -0.271887
0.950000, 2.000000, -1.054110
1.000000, 2.000000, -1.371263
1.050000, 2.000000, -1.683069
1.100000, 2.000000, -2.449250
1.150000, 2.000000, -3.648008
1.200000, 2.000000, -4.713719
1.250000, 2.000000, -4.962582
1.300000, 2.000000, -4.164062
1.350000, 2.000000, -2.785228
1.400000, 2.000000, -1.694592
1.450000, 2.000000, -1.550140
1.500000, 2.000000, -2.353290
1.550000, 2.000000, -3.515392
1.600000, 2.000000, -4.367104
1.650000, 2.000000, -4.685366
1.700000, 2.000000, -4.808858
1.750000, 2.000000, -5.261598
1.800000, 2.000000, -6.216126
1.850000, 2.000000, -7.261619
1.900000, 2.000000, -7.687604
1.950000, 2.000000, -7.061321
2.000000, 2.000000, -5.624524
