0.000000, 0.000000, -2.593610
0.050000, 0.000000, -2.529955
0.100000, 0.000000, -2.400919
0.150000, 0.000000, -2.187693
0.200000, 0.000000, -1.892312
0.250000, 0.000000, -1.537613
0.300000, 0.000000, -1.159498
0.350000, 0.000000, -0.794463
0.400000, 0.000000, -0.467099
0.450000, 0.000000, -0.182325
0.500000, 0.000000, 0.074735
0.550000, 0.000000, 0.331220
0.600000, 0.000000, 0.614270
0.650000, 0.000000, 0.938759
0.700000, 0.000000, 1.299771
0.750000, 0.000000, 1.672713
0.800000, 0.000000, 2.021089
0.850000, 0.000000, 2.308997
0.900000, 0.000000, 2.513602
0.950000, 0.000000, 2.632867
1.000000, 0.000000, 2.685600
1.050000, 0.000000, 2.703833
1.100000, 0.000000, 2.720427
1.150000, 0.000000, 2.756679
1.200000, 0.000000, 2.814627
1.250000, 0.000000, 2.876999
1.300000, 0.000000, 2.914805
1.350000, 0.000000, 2.899649
1.400000, 0.000000, 2.816016
1.450000, 0.000000, 2.668826
1.500000, 0.000000, 2.483307
1.550000, 0.000000, 2.297213
1.600000, 0.000000, 2.148298
1.650000, 0.000000, 2.061791
1.700000, 0.000000, 2.042611
1.750000, 0.000000, 2.075245
1.800000, 0.000000, 2.131294
1.850000, 0.000000, 2.181769
1.900000, 0.000000, 2.209399
1.950000, 0.000000, 2.216222
2.000000, 0.000000, 2.223533
0.000000, 0.050000, -2.303824
0.050000, 0.050000, -2.209035
0.100000, 0.050000, -2.050107
0.150000, 0.050000, -1.809026
0.200000, 0.050000, -1.488573
0.250000, 0.050000, -1.112259
0.300000, 0.050000, -0.716578
0.350000, 0.050000, -0.338515
0.400000, 0.050000, -0.003043
0.450000, 0.050000, 0.284662
0.500000, 0.050000, 0.539345
0.550000, 0.050000, 0.788147
0.600000, 0.050000, 1.058335
0.650000, 0.050000, 1.365045
0.700000, 0.050000, 1.703737
0.750000, 0.050000, 2.050310
0.800000, 0.050000, 2.368860
0.850000, 0.050000, 2.624159
0.900000, 0.050000, 2.794117
0.950000, 0.050000, 2.877491
1.000000, 0.050000, 2.893917
1.050000, 0.050000, 2.876258
1.100000, 0.050000, 2.858203
1.150000, 0.050000, 2.861842
1.200000, 0.050000, 2.889958
1.250000, 0.050000, 2.925954
1.300000, 0.050000, 2.941433
1.350000, 0.050000, 2.908487
1.400000, 0.050000, 2.811982
1.450000, 0.050000, 2.657095
1.500000, 0.050000, 2.469186
1.550000, 0.050000, 2.286008
1.600000, 0.050000, 2.145185
1.650000, 0.050000, 2.071687
1.700000, 0.050000, 2.070055
1.750000, 0.050000, 2.124283
1.800000, 0.050000, 2.205382
1.850000, 0.050000, 2.283689
1.900000, 0.050000, 2.341186
1.950000, 0.050000, 2.379118
2.000000, 0.050000, 2.417954
0.000000, 0.100000, -1.742730
0.050000, 0.100000, -1.618049
0.100000, 0.100000, -1.431267
0.150000, 0.100000, -1.165114
0.200000, 0.100000, -0.823048
0.250000, 0.100000, -0.429169
0.300000, 0.100000, -0.020464
0.350000, 0.100000, 0.365702
0.400000, 0.100000, 0.704100
0.450000, 0.100000, 0.989421
0.500000, 0.100000, 1.236412
0.550000, 0.100000, 1.472341
0.600000, 0.100000, 1.724735
0.650000, 0.100000, 2.009109
0.700000, 0.100000, 2.321414
0.750000, 0.100000, 2.638139
0.800000, 0.100000, 2.924056
0.850000, 0.100000, 3.144680
0.900000, 0.100000, 3.278717
0.950000, 0.100000, 3.325747
1.000000, 0.100000, 3.306242
1.050000, 0.100000, 3.253890
1.100000, 0.100000, 3.203175
1.150000, 0.100000, 3.176930
1.200000, 0.100000, 3.178614
1.250000, 0.100000, 3.192220
1.300000, 0.100000, 3.189843
1.350000, 0.100000, 3.143953
1.400000, 0.100000, 3.039674
1.450000, 0.100000, 2.882314
1.500000, 0.100000, 2.697232
1.550000, 0.100000, 2.522051
1.600000, 0.100000, 2.394136
1.650000, 0.100000, 2.338079
1.700000, 0.100000, 2.357926
1.750000, 0.100000, 2.437084
1.800000, 0.100000, 2.545887
1.850000, 0.100000, 2.653925
1.900000, 0.100000, 2.742389
1.950000, 0.100000, 2.811696
2.000000, 0.100000, 2.881481
0.000000, 0.150000, -0.990164
0.050000, 0.150000, -0.837628
0.100000, 0.150000, -0.625775
0.150000, 0.150000, -0.338009
0.200000, 0.150000, 0.021621
0.250000, 0.150000, 0.428520
0.300000, 0.150000, 0.845325
0.350000, 0.150000, 1.234409
0.400000, 0.150000, 1.570413
0.450000, 0.150000, 1.848029
0.500000, 0.150000, 2.082130
0.550000, 0.150000, 2.300245
0.600000, 0.150000, 2.530279
0.650000, 0.150000, 2.788236
0.700000, 0.150000, 3.070658
0.750000, 0.150000, 3.354710
0.800000, 0.150000, 3.605906
0.850000, 0.150000, 3.790556
0.900000, 0.150000, 3.888190
0.950000, 0.150000, 3.899225
1.000000, 0.150000, 3.844954
1.050000, 0.150000, 3.759860
1.100000, 0.150000, 3.679172
1.150000, 0.150000, 3.626398
1.200000, 0.150000, 3.605585
1.250000, 0.150000, 3.601221
1.300000, 0.150000, 3.585774
1.350000, 0.150000, 3.531976
1.400000, 0.150000, 3.425081
1.450000, 0.150000, 3.270393
1.500000, 0.150000, 3.093144
1.550000, 0.150000, 2.930695
1.600000, 0.150000, 2.820033
1.650000, 0.150000, 2.785258
1.700000, 0.150000, 2.829826
1.750000, 0.150000, 2.936466
1.800000, 0.150000, 3.074768
1.850000, 0.150000, 3.213528
1.900000, 0.150000, 3.333110
1.950000, 0.150000, 3.433096
2.000000, 0.150000, 3.532295
0.000000, 0.200000, -0.159964
0.050000, 0.200000, 0.017644
0.100000, 0.200000, 0.251111
0.150000, 0.200000, 0.556440
0.200000, 0.200000, 0.929089
0.250000, 0.200000, 1.344085
0.300000, 0.200000, 1.763802
0.350000, 0.200000, 2.150485
0.400000, 0.200000, 2.478770
0.450000, 0.200000, 2.743480
0.500000, 0.200000, 2.959745
0.550000, 0.200000, 3.155473
0.600000, 0.200000, 3.359057
0.650000, 0.200000, 3.587092
0.700000, 0.200000, 3.836793
0.750000, 0.200000, 4.086069
0.800000, 0.200000, 4.301228
0.850000, 0.200000, 4.449405
0.900000, 0.200000, 4.510962
0.950000, 0.200000, 4.487140
1.000000, 0.200000, 4.400027
1.050000, 0.200000, 4.284849
1.100000, 0.200000, 4.177509
1.150000, 0.200000, 4.102106
1.200000, 0.200000, 4.063178
1.250000, 0.200000, 4.045588
1.300000, 0.200000, 4.022064
1.350000, 0.200000, 3.965468
1.400000, 0.200000, 3.861051
1.450000, 0.200000, 3.713988
1.500000, 0.200000, 3.549251
1.550000, 0.200000, 3.403822
1.600000, 0.200000, 3.314195
1.650000, 0.200000, 3.303880
1.700000, 0.200000, 3.375656
1.750000, 0.200000, 3.511507
1.800000, 0.200000, 3.680229
1.850000, 0.200000, 3.849792
1.900000, 0.200000, 3.999725
1.950000, 0.200000, 4.128783
2.000000, 0.200000, 4.254981
0.000000, 0.250000, 0.624447
0.050000, 0.250000, 0.823670
0.100000, 0.250000, 1.074701
0.150000, 0.250000, 1.393051
0.200000, 0.250000, 1.773796
0.250000, 0.250000, 2.191703
0.300000, 0.250000, 2.609013
0.350000, 0.250000, 2.987968
0.400000, 0.250000, 3.303335
0.450000, 0.250000, 3.550190
0.500000, 0.250000, 3.744044
0.550000, 0.250000, 3.913290
0.600000, 0.250000, 4.086913
0.650000, 0.250000, 4.282180
0.700000, 0.250000, 4.497051
0.750000, 0.250000, 4.710225
0.800000, 0.250000, 4.888835
0.850000, 0.250000, 5.000848
0.900000, 0.250000, 5.027452
0.950000, 0.250000, 4.970680
1.000000, 0.250000, 4.853363
1.050000, 0.250000, 4.711402
1.100000, 0.250000, 4.581288
1.150000, 0.250000, 4.487610
1.200000, 0.250000, 4.435285
1.250000, 0.250000, 4.409434
1.300000, 0.250000, 4.382914
1.350000, 0.250000, 4.328585
1.400000, 0.250000, 4.231568
1.450000, 0.250000, 4.096780
1.500000, 0.250000, 3.948810
1.550000, 0.250000, 3.824152
1.600000, 0.250000, 3.758708
1.650000, 0.250000, 3.775311
1.700000, 0.250000, 3.875997
1.750000, 0.250000, 4.041954
1.800000, 0.250000, 4.241153
1.850000, 0.250000, 4.440730
1.900000, 0.250000, 4.619388
1.950000, 0.250000, 4.775090
2.000000, 0.250000, 4.925105
0.000000, 0.300000, 1.256430
0.050000, 0.300000, 1.473219
0.100000, 0.300000, 1.737275
0.150000, 0.300000, 2.063724
0.200000, 0.300000, 2.447382
0.250000, 0.300000, 2.862881
0.300000, 0.300000, 3.272461
0.350000, 0.300000, 3.638490
0.400000, 0.300000, 3.935990
0.450000, 0.300000, 4.160415
0.500000, 0.300000, 4.327763
0.550000, 0.300000, 4.467015
0.600000, 0.300000, 4.607829
0.650000, 0.300000, 4.768215
0.700000, 0.300000, 4.946922
0.750000, 0.300000, 5.123476
0.800000, 0.300000, 5.265840
0.850000, 0.300000, 5.342806
0.900000, 0.300000, 5.336353
0.950000, 0.300000, 5.249257
1.000000, 0.300000, 5.105025
1.050000, 0.300000, 4.940144
1.100000, 0.300000, 4.791598
1.150000, 0.300000, 4.684354
1.200000, 0.300000, 4.623583
1.250000, 0.300000, 4.594538
1.300000, 0.300000, 4.570076
1.350000, 0.300000, 4.522925
1.400000, 0.300000, 4.437948
1.450000, 0.300000, 4.319683
1.500000, 0.300000, 4.192228
1.550000, 0.300000, 4.091487
1.600000, 0.300000, 4.052685
1.650000, 0.300000, 4.097914
1.700000, 0.300000, 4.228414
1.750000, 0.300000, 4.424552
1.800000, 0.300000, 4.653463
1.850000, 0.300000, 4.881459
1.900000, 0.300000, 5.086451
1.950000, 0.300000, 5.265659
2.000000, 0.300000, 5.435680
0.000000, 0.350000, 1.668708
0.050000, 0.350000, 1.898524
0.100000, 0.350000, 2.170684
0.150000, 0.350000, 2.500051
0.200000, 0.350000, 2.881307
0.250000, 0.350000, 3.289079
0.300000, 0.350000, 3.685733
0.350000, 0.350000, 4.033891
0.400000, 0.350000, 4.308952
0.450000, 0.350000, 4.506854
0.500000, 0.350000, 4.644184
0.550000, 0.350000, 4.750595
0.600000, 0.350000, 4.856486
0.650000, 0.350000, 4.980657
0.700000, 0.350000, 5.122681
0.750000, 0.350000, 5.262915
0.800000, 0.350000, 5.370146
0.850000, 0.350000, 5.413958
0.900000, 0.350000, 5.377071
0.950000, 0.350000, 5.262936
1.000000, 0.350000, 5.095648
1.050000, 0.350000, 4.912187
1.100000, 0.350000, 4.749913
1.150000, 0.350000, 4.634050
1.200000, 0.350000, 4.569902
1.250000, 0.350000, 4.542719
1.300000, 0.350000, 4.525230
1.350000, 0.350000, 4.489905
1.400000, 0.350000, 4.421229
1.450000, 0.350000, 4.323249
1.500000, 0.350000, 4.219476
1.550000, 0.350000, 4.145138
1.600000, 0.350000, 4.134720
1.650000, 0.350000, 4.209520
1.700000, 0.350000, 4.369957
1.750000, 0.350000, 4.595566
1.800000, 0.350000, 4.852660
1.850000, 0.350000, 5.106760
1.900000, 0.350000, 5.335037
1.950000, 0.350000, 5.534039
2.000000, 0.350000, 5.719777
0.000000, 0.400000, 1.847247
0.050000, 0.400000, 2.085171
0.100000, 0.400000, 2.360257
0.150000, 0.400000, 2.687231
0.200000, 0.400000, 3.060768
0.250000, 0.400000, 3.455621
0.300000, 0.400000, 3.834408
0.350000, 0.400000, 4.160127
0.400000, 0.400000, 4.408659
0.450000, 0.400000, 4.576531
0.500000, 0.400000, 4.681000
0.550000, 0.400000, 4.752458
0.600000, 0.400000, 4.822095
0.650000, 0.400000, 4.909534
0.700000, 0.400000, 5.015178
0.750000, 0.400000, 5.120206
0.800000, 0.400000, 5.194198
0.850000, 0.400000, 5.207478
0.900000, 0.400000, 5.143443
0.950000, 0.400000, 5.006133
1.000000, 0.400000, 4.820132
1.050000, 0.400000, 4.622799
1.100000, 0.400000, 4.451752
1.150000, 0.400000, 4.332347
1.200000, 0.400000, 4.269889
1.250000, 0.400000, 4.249501
1.300000, 0.400000, 4.243653
1.350000, 0.400000, 4.224439
1.400000, 0.400000, 4.175856
1.450000, 0.400000, 4.101364
1.500000, 0.400000, 4.023803
1.550000, 0.400000, 3.977660
1.600000, 0.400000, 3.996631
1.650000, 0.400000, 4.101194
1.700000, 0.400000, 4.290939
1.750000, 0.400000, 4.544579
1.800000, 0.400000, 4.827642
1.850000, 0.400000, 5.104909
1.900000, 0.400000, 5.352884
1.950000, 0.400000, 5.567529
2.000000, 0.400000, 5.764373
0.000000, 0.450000, 1.833438
0.050000, 0.450000, 2.074294
0.100000, 0.450000, 2.346995
0.150000, 0.450000, 2.666263
0.200000, 0.450000, 3.026894
0.250000, 0.450000, 3.403894
0.300000, 0.450000, 3.760250
0.350000, 0.450000, 4.059446
0.400000, 0.450000, 4.277948
0.450000, 0.450000, 4.412953
0.500000, 0.450000, 4.482453
0.550000, 0.450000, 4.517634
0.600000, 0.450000, 4.550504
0.650000, 0.450000, 4.601517
0.700000, 0.450000, 4.671899
0.750000, 0.450000, 4.743620
0.800000, 0.450000, 4.787001
0.850000, 0.450000, 4.773042
0.900000, 0.450000, 4.685729
0.950000, 0.450000, 4.529592
1.000000, 0.450000, 4.329595
1.050000, 0.450000, 4.123358
1.100000, 0.450000, 3.948630
1.150000, 0.450000, 3.830771
1.200000, 0.450000, 3.774957
1.250000, 0.450000, 3.766057
1.300000, 0.450000, 3.776168
1.350000, 0.450000, 3.776896
1.400000, 0.450000, 3.751656
1.450000, 0.450000, 3.703237
1.500000, 0.450000, 3.653741
1.550000, 0.450000, 3.636870
1.600000, 0.450000, 3.685502
1.650000, 0.450000, 3.819288
1.700000, 0.450000, 4.037001
1.750000, 0.450000, 4.316571
1.800000, 0.450000, 4.622788
1.850000, 0.450000, 4.919770
1.900000, 0.450000, 5.183437
1.950000, 0.450000, 5.409273
2.000000, 0.450000, 5.612436
0.000000, 0.500000, 1.714124
0.050000, 0.500000, 1.952603
0.100000, 0.500000, 2.217612
0.150000, 0.500000, 2.523991
0.200000, 0.500000, 2.866786
0.250000, 0.500000, 3.221373
0.300000, 0.500000, 3.551224
0.350000, 0.500000, 3.820402
0.400000, 0.500000, 4.006043
0.450000, 0.500000, 4.106079
0.500000, 0.500000, 4.139294
0.550000, 0.500000, 4.137690
0.600000, 0.500000, 4.134107
0.650000, 0.500000, 4.149819
0.700000, 0.500000, 4.186844
0.750000, 0.500000, 4.227894
0.800000, 0.500000, 4.243964
0.850000, 0.500000, 4.206644
0.900000, 0.500000, 4.100412
0.950000, 0.500000, 3.930179
1.000000, 0.500000, 3.721170
1.050000, 0.500000, 3.511138
1.100000, 0.500000, 3.337838
1.150000, 0.500000, 3.226503
1.200000, 0.500000, 3.182058
1.250000, 0.500000, 3.189001
1.300000, 0.500000, 3.218944
1.350000, 0.500000, 3.242914
1.400000, 0.500000, 3.243657
1.450000, 0.500000, 3.223229
1.500000, 0.500000, 3.202949
1.550000, 0.500000, 3.215703
1.600000, 0.500000, 3.293547
1.650000, 0.500000, 3.455319
1.700000, 0.500000, 3.699009
1.750000, 0.500000, 4.001815
1.800000, 0.500000, 4.327864
1.850000, 0.500000, 4.640696
1.900000, 0.500000, 4.915751
1.950000, 0.500000, 5.148146
2.000000, 0.500000, 5.352793
0.000000, 0.550000, 1.601668
0.050000, 0.550000, 1.832463
0.100000, 0.550000, 2.084599
0.150000, 0.550000, 2.373164
0.200000, 0.550000, 2.693572
0.250000, 0.550000, 3.021678
0.300000, 0.550000, 3.321534
0.350000, 0.550000, 3.557872
0.400000, 0.550000, 3.708560
0.450000, 0.550000, 3.772319
0.500000, 0.550000, 3.768749
0.550000, 0.550000, 3.730682
0.600000, 0.550000, 3.691779
0.650000, 0.550000, 3.674104
0.700000, 0.550000, 3.680417
0.750000, 0.550000, 3.694104
0.800000, 0.550000, 3.686751
0.850000, 0.550000, 3.630442
0.900000, 0.550000, 3.510036
0.950000, 0.550000, 3.330705
1.000000, 0.550000, 3.117811
1.050000, 0.550000, 2.909115
1.100000, 0.550000, 2.742247
1.150000, 0.550000, 2.642193
1.200000, 0.550000, 2.613508
1.250000, 0.550000, 2.640210
1.300000, 0.550000, 2.693333
1.350000, 0.550000, 2.743240
1.400000, 0.550000, 2.771947
1.450000, 0.550000, 2.780731
1.500000, 0.550000, 2.790098
1.550000, 0.550000, 2.832117
1.600000, 0.550000, 2.938030
1.650000, 0.550000, 3.125898
1.700000, 0.550000, 3.392981
1.750000, 0.550000, 3.715817
1.800000, 0.550000, 4.057955
1.850000, 0.550000, 4.382458
1.900000, 0.550000, 4.664401
1.950000, 0.550000, 4.898653
2.000000, 0.550000, 5.100007
0.000000, 0.600000, 1.608432
0.050000, 0.600000, 1.826367
0.100000, 0.600000, 2.060709
0.150000, 0.600000, 2.326913
0.200000, 0.600000, 2.620872
0.250000, 0.600000, 2.919016
0.300000, 0.600000, 3.186064
0.350000, 0.600000, 3.387478
0.400000, 0.600000, 3.501912
0.450000, 0.600000, 3.528904
0.500000, 0.600000, 3.488881
0.550000, 0.600000, 3.415494
0.600000, 0.600000, 3.343194
0.650000, 0.600000, 3.294786
0.700000, 0.600000, 3.273706
0.750000, 0.600000, 3.263929
0.800000, 0.600000, 3.237537
0.850000, 0.600000, 3.166996
0.900000, 0.600000, 3.037428
0.950000, 0.600000, 2.854145
1.000000, 0.600000, 2.642519
1.050000, 0.600000, 2.440187
1.100000, 0.600000, 2.284537
1.150000, 0.600000, 2.200187
1.200000, 0.600000, 2.191217
1.250000, 0.600000, 2.241069
1.300000, 0.600000, 2.320119
1.350000, 0.600000, 2.398002
1.400000, 0.600000, 2.455958
1.450000, 0.600000, 2.494455
1.500000, 0.600000, 2.533184
1.550000, 0.600000, 2.603406
1.600000, 0.600000, 2.735587
1.650000, 0.600000, 2.947059
1.700000, 0.600000, 3.234426
1.750000, 0.600000, 3.573646
1.800000, 0.600000, 3.927795
1.850000, 0.600000, 4.259567
1.900000, 0.600000, 4.543792
1.950000, 0.600000, 4.775218
2.000000, 0.600000, 4.968643
0.000000, 0.650000, 1.821260
0.050000, 0.650000, 2.021414
0.100000, 0.650000, 2.233421
0.150000, 0.650000, 2.473209
0.200000, 0.650000, 2.737244
0.250000, 0.650000, 3.002622
0.300000, 0.650000, 3.234787
0.350000, 0.650000, 3.399987
0.400000, 0.650000, 3.477689
0.450000, 0.650000, 3.468255
0.500000, 0.650000, 3.392931
0.550000, 0.650000, 3.286157
0.600000, 0.650000, 3.183124
0.650000, 0.650000, 3.107313
0.700000, 0.650000, 3.062749
0.750000, 0.650000, 3.033903
0.800000, 0.650000, 2.993242
0.850000, 0.650000, 2.913495
0.900000, 0.650000, 2.779928
0.950000, 0.650000, 2.597862
1.000000, 0.650000, 2.392553
1.050000, 0.650000, 2.201397
1.100000, 0.650000, 2.061417
1.150000, 0.650000, 1.996760
1.200000, 0.650000, 2.010935
1.250000, 0.650000, 2.086728
1.300000, 0.650000, 2.193791
1.350000, 0.650000, 2.300988
1.400000, 0.650000, 2.388754
1.450000, 0.650000, 2.456743
1.500000, 0.650000, 2.523842
1.550000, 0.650000, 2.620536
1.600000, 0.650000, 2.776566
1.650000, 0.650000, 3.008606
1.700000, 0.650000, 3.312683
1.750000, 0.650000, 3.664280
1.800000, 0.650000, 4.026103
1.850000, 0.650000, 4.360598
1.900000, 0.650000, 4.642469
1.950000, 0.650000, 4.866469
2.000000, 0.650000, 5.047528
0.000000, 0.700000, 2.281543
0.050000, 0.700000, 2.459377
0.100000, 0.700000, 2.644997
0.150000, 0.700000, 2.854902
0.200000, 0.700000, 3.086217
0.250000, 0.700000, 3.316763
0.300000, 0.700000, 3.512766
0.350000, 0.700000, 3.641282
0.400000, 0.700000, 3.682604
0.450000, 0.700000, 3.637908
0.500000, 0.700000, 3.529227
0.550000, 0.700000, 3.391741
0.600000, 0.700000, 3.261315
0.650000, 0.700000, 3.162020
0.700000, 0.700000, 3.098377
0.750000, 0.700000, 3.055243
0.800000, 0.700000, 3.005351
0.850000, 0.700000, 2.921575
0.900000, 0.700000, 2.789192
0.950000, 0.700000, 2.613413
1.000000, 0.700000, 2.419252
1.050000, 0.700000, 2.243747
1.100000, 0.700000, 2.123454
1.150000, 0.700000, 2.081951
1.200000, 0.700000, 2.122097
1.250000, 0.700000, 2.225957
1.300000, 0.700000, 2.362416
1.350000, 0.700000, 2.499536
1.400000, 0.700000, 2.616939
1.450000, 0.700000, 2.713480
1.500000, 0.700000, 2.807271
1.550000, 0.700000, 2.928071
1.600000, 0.700000, 3.104965
1.650000, 0.700000, 3.354049
1.700000, 0.700000, 3.670871
1.750000, 0.700000, 4.030542
1.800000, 0.700000, 4.395516
1.850000, 0.700000, 4.728110
1.900000, 0.700000, 5.003026
1.950000, 0.700000, 5.215139
2.000000, 0.700000, 5.379630
0.000000, 0.750000, 2.975246
0.050000, 0.750000, 3.126712
0.100000, 0.750000, 3.282484
0.150000, 0.750000, 3.459715
0.200000, 0.750000, 3.656255
0.250000, 0.750000, 3.850699
0.300000, 0.750000, 4.010081
0.350000, 0.750000, 4.102278
0.400000, 0.750000, 4.108394
0.450000, 0.750000, 4.030390
0.500000, 0.750000, 3.891038
0.550000, 0.750000, 3.726190
0.600000, 0.750000, 3.572300
0.650000, 0.750000, 3.453936
0.700000, 0.750000, 3.376005
0.750000, 0.750000, 3.323632
0.800000, 0.750000, 3.269696
0.850000, 0.750000, 3.187086
0.900000, 0.750000, 3.060971
0.950000, 0.750000, 2.896324
1.000000, 0.750000, 2.717805
1.050000, 0.750000, 2.561989
1.100000, 0.750000, 2.464868
1.150000, 0.750000, 2.449372
1.200000, 0.750000, 2.517646
1.250000, 0.750000, 2.650989
1.300000, 0.750000, 2.817487
1.350000, 0.750000, 2.984394
1.400000, 0.750000, 3.130534
1.450000, 0.750000, 3.253986
1.500000, 0.750000, 3.372138
1.550000, 0.750000, 3.514092
1.600000, 0.750000, 3.708352
1.650000, 0.750000, 3.970531
1.700000, 0.750000, 4.295804
1.750000, 0.750000, 4.659022
1.800000, 0.750000, 5.022504
1.850000, 0.750000, 5.348557
1.900000, 0.750000, 5.611997
1.950000, 0.750000, 5.807942
2.000000, 0.750000, 5.951925
0.000000, 0.800000, 3.835093
0.050000, 0.800000, 3.956733
0.100000, 0.800000, 4.079871
0.150000, 0.800000, 4.222381
0.200000, 0.800000, 4.382884
0.250000, 0.800000, 4.540779
0.300000, 0.800000, 4.663916
0.350000, 0.800000, 4.720979
0.400000, 0.800000, 4.693856
0.450000, 0.800000, 4.585242
0.500000, 0.800000, 4.418579
0.550000, 0.800000, 4.230308
0.600000, 0.800000, 4.057379
0.650000, 0.800000, 3.924745
0.700000, 0.800000, 3.837583
0.750000, 0.800000, 3.781166
0.800000, 0.800000, 3.728390
0.850000, 0.800000, 3.652039
0.900000, 0.800000, 3.537047
0.950000, 0.800000, 3.388040
1.000000, 0.800000, 3.229216
1.050000, 0.800000, 3.096590
1.100000, 0.800000, 3.025512
1.150000, 0.800000, 3.038202
1.200000, 0.800000, 3.136041
1.250000, 0.800000, 3.299535
1.300000, 0.800000, 3.495963
1.350000, 0.800000, 3.691781
1.400000, 0.800000, 3.865039
1.450000, 0.800000, 4.013092
1.500000, 0.800000, 4.152668
1.550000, 0.800000, 4.312285
1.600000, 0.800000, 4.519961
1.650000, 0.800000, 4.790930
1.700000, 0.800000, 5.120099
1.750000, 0.800000, 5.482178
1.800000, 0.800000, 5.839466
1.850000, 0.800000, 6.154376
1.900000, 0.800000, 6.401954
1.950000, 0.800000, 6.577662
2.000000, 0.800000, 6.697485
0.000000, 0.850000, 4.754445
0.050000, 0.850000, 4.843475
0.100000, 0.850000, 4.931938
0.150000, 0.850000, 5.038475
0.200000, 0.850000, 5.162504
0.250000, 0.850000, 5.284236
0.300000, 0.850000, 5.372325
0.350000, 0.850000, 5.396234
0.400000, 0.850000, 5.338580
0.450000, 0.850000, 5.202726
0.500000, 0.850000, 5.012702
0.550000, 0.850000, 4.805442
0.600000, 0.850000, 4.618281
0.650000, 0.850000, 4.476442
0.700000, 0.850000, 4.385250
0.750000, 0.850000, 4.330000
0.800000, 0.850000, 4.283482
0.850000, 0.850000, 4.218253
0.900000, 0.850000, 4.118899
0.950000, 0.850000, 3.989591
1.000000, 0.850000, 3.853972
1.050000, 0.850000, 3.747420
1.100000, 0.850000, 3.704577
1.150000, 0.850000, 3.746905
1.200000, 0.850000, 3.874993
1.250000, 0.850000, 4.068543
1.300000, 0.850000, 4.294037
1.350000, 0.850000, 4.517159
1.400000, 0.850000, 4.715233
1.450000, 0.850000, 4.884951
1.500000, 0.850000, 5.042454
1.550000, 0.850000, 5.215770
1.600000, 0.850000, 5.432528
1.650000, 0.850000, 5.707691
1.700000, 0.850000, 6.036012
1.750000, 0.850000, 6.392174
1.800000, 0.850000, 6.738570
1.850000, 0.850000, 7.037833
1.900000, 0.850000, 7.265341
1.950000, 0.850000, 7.416996
2.000000, 0.850000, 7.509323
0.000000, 0.900000, 5.609878
0.050000, 0.900000, 5.664262
0.100000, 0.900000, 5.716804
0.150000, 0.900000, 5.786938
0.200000, 0.900000, 5.874890
0.250000, 0.900000, 5.961669
0.300000, 0.900000, 6.016701
0.350000, 0.900000, 6.010176
0.400000, 0.900000, 5.925374
0.450000, 0.900000, 5.766242
0.500000, 0.900000, 5.557299
0.550000, 0.900000, 5.335864
0.600000, 0.900000, 5.139541
0.650000, 0.900000, 4.993703
0.700000, 0.900000, 4.903696
0.750000, 0.900000, 4.854713
0.800000, 0.900000, 4.819319
0.850000, 0.900000, 4.769728
0.900000, 0.900000, 4.690076
0.950000, 0.900000, 4.583982
1.000000, 0.900000, 4.474457
1.050000, 0.900000, 4.396175
1.100000, 0.900000, 4.383024
1.150000, 0.900000, 4.455679
1.200000, 0.900000, 4.613927
1.250000, 0.900000, 4.836674
1.300000, 0.900000, 5.089631
1.350000, 0.900000, 5.337753
1.400000, 0.900000, 5.557699
1.450000, 0.900000, 5.745571
1.500000, 0.900000, 5.917012
1.550000, 0.900000, 6.099655
1.600000, 0.900000, 6.320851
1.650000, 0.900000, 6.595397
1.700000, 0.900000, 6.918010
1.750000, 0.900000, 7.263456
1.800000, 0.900000, 7.594336
1.850000, 0.900000, 7.873603
1.900000, 0.900000, 8.077066
1.950000, 0.900000, 8.201155
2.000000, 0.900000, 8.263004
0.000000, 0.950000, 6.287555
0.050000, 0.950000, 6.306049
0.100000, 0.950000, 6.322247
0.150000, 0.950000, 6.356384
0.200000, 0.950000, 6.409480
0.250000, 0.950000, 6.463309
0.300000, 0.950000, 6.488018
0.350000, 0.950000, 6.454454
0.400000, 0.950000, 6.346475
0.450000, 0.950000, 6.168517
0.500000, 0.950000, 5.945478
0.550000, 0.950000, 5.714945
0.600000, 0.950000, 5.514671
0.650000, 0.950000, 5.370050
0.700000, 0.950000, 5.286329
0.750000, 0.950000, 5.248478
0.800000, 0.950000, 5.228724
0.850000, 0.950000, 5.198832
0.900000, 0.950000, 5.142394
0.950000, 0.950000, 5.062400
1.000000, 0.950000, 4.981163
1.050000, 0.950000, 4.932608
1.100000, 0.950000, 4.949839
1.150000, 0.950000, 5.052731
1.200000, 0.950000, 5.240278
1.250000, 0.950000, 5.490614
1.300000, 0.950000, 5.768721
1.350000, 0.950000, 6.038885
1.400000, 0.950000, 6.277171
1.450000, 0.950000, 6.479177
1.500000, 0.950000, 6.660145
1.550000, 0.950000, 6.847418
1.600000, 0.950000, 7.068173
1.650000, 0.950000, 7.337160
1.700000, 0.950000, 7.649168
1.750000, 0.950000, 7.979157
1.800000, 0.950000, 8.290041
1.850000, 0.950000, 8.545191
1.900000, 0.950000, 8.720936
1.950000, 0.950000, 8.814308
2.000000, 0.950000, 8.843114
0.000000, 1.000000, 6.707639
0.050000, 1.000000, 6.689825
0.100000, 1.000000, 6.670092
0.150000, 1.000000, 6.669464
0.200000, 1.000000, 6.689718
0.250000, 1.000000, 6.713342
0.300000, 1.000000, 6.711135
0.350000, 1.000000, 6.654516
0.400000, 1.000000, 6.527825
0.450000, 1.000000, 6.335871
0.500000, 1.000000, 6.103820
0.550000, 1.000000, 5.869403
0.600000, 1.000000, 5.670395
0.650000, 1.000000, 5.532091
0.700000, 1.000000, 5.459519
0.750000, 1.000000, 5.437311
0.800000, 1.000000, 5.437251
0.850000, 1.000000, 5.430564
0.900000, 1.000000, 5.400219
0.950000, 1.000000, 5.348514
1.000000, 1.000000, 5.297016
1.050000, 1.000000, 5.278870
1.100000, 1.000000, 5.326386
1.150000, 1.000000, 5.458646
1.200000, 1.000000, 5.673873
1.250000, 1.000000, 5.949471
1.300000, 1.000000, 6.249752
1.350000, 1.000000, 6.538403
1.400000, 1.000000, 6.790978
1.450000, 1.000000, 7.002667
1.500000, 1.000000, 7.188412
1.550000, 1.000000, 7.375373
1.600000, 1.000000, 7.590668
1.650000, 1.000000, 7.849107
1.700000, 1.000000, 8.145664
1.750000, 1.000000, 8.455600
1.800000, 1.000000, 8.742238
1.850000, 1.000000, 8.969460
1.900000, 1.000000, 9.114193
1.950000, 1.000000, 9.174138
2.000000, 1.000000, 9.167833
0.000000, 1.050000, 6.841464
0.050000, 1.050000, 6.787758
0.100000, 1.050000, 6.733333
0.150000, 1.050000, 6.699963
0.200000, 1.050000, 6.690133
0.250000, 1.050000, 6.686974
0.300000, 1.050000, 6.661848
0.350000, 1.050000, 6.586648
0.400000, 1.050000, 6.446084
0.450000, 1.050000, 6.245227
0.500000, 1.050000, 6.009381
0.550000, 1.050000, 5.776299
0.600000, 1.050000, 5.583656
0.650000, 1.050000, 5.456528
0.700000, 1.050000, 5.399607
0.750000, 1.050000, 5.397087
0.800000, 1.050000, 5.420217
0.850000, 1.050000, 5.439605
0.900000, 1.050000, 5.437530
0.950000, 1.050000, 5.415551
1.000000, 1.050000, 5.394463
1.050000, 1.050000, 5.406618
1.100000, 1.050000, 5.483536
1.150000, 1.050000, 5.643532
1.200000, 1.050000, 5.884097
1.250000, 1.050000, 6.181963
1.300000, 1.050000, 6.500838
1.350000, 1.050000, 6.803895
1.400000, 1.050000, 7.066270
1.450000, 1.050000, 7.282844
1.500000, 1.050000, 7.468366
1.550000, 1.050000, 7.649927
1.600000, 1.050000, 7.854694
1.650000, 1.050000, 8.097649
1.700000, 1.050000, 8.374058
1.750000, 1.050000, 8.659583
1.800000, 1.050000, 8.918051
1.850000, 1.050000, 9.113937
1.900000, 1.050000, 9.224838
1.950000, 1.050000, 9.249186
2.000000, 1.050000, 9.206293
0.000000, 1.100000, 6.717697
0.050000, 1.100000, 6.629342
0.100000, 1.100000, 6.542256
0.150000, 1.100000, 6.478913
0.200000, 1.100000, 6.442432
0.250000, 1.100000, 6.416498
0.300000, 1.100000, 6.372940
0.350000, 1.100000, 6.284012
0.400000, 1.100000, 6.134676
0.450000, 1.100000, 5.930137
0.500000, 1.100000, 5.695719
0.550000, 1.100000, 5.469069
0.600000, 1.100000, 5.287644
0.650000, 1.100000, 5.176186
0.700000, 1.100000, 5.138952
0.750000, 1.100000, 5.159604
0.800000, 1.100000, 5.208778
0.850000, 1.100000, 5.256400
0.900000, 1.100000, 5.284018
0.950000, 1.100000, 5.292421
1.000000, 1.100000, 5.301617
1.050000, 1.100000, 5.343175
1.100000, 1.100000, 5.447847
1.150000, 1.100000, 5.633219
1.200000, 1.100000, 5.896107
1.250000, 1.100000, 6.212639
1.300000, 1.100000, 6.546000
1.350000, 1.100000, 6.858938
1.400000, 1.100000, 7.126275
1.450000, 1.100000, 7.342686
1.500000, 1.100000, 7.522840
1.550000, 1.100000, 7.693866
1.600000, 1.100000, 7.883093
1.650000, 1.100000, 8.105787
1.700000, 1.100000, 8.357604
1.750000, 1.100000, 8.614706
1.800000, 1.100000, 8.841509
1.850000, 1.100000, 9.003161
1.900000, 1.100000, 9.077992
1.950000, 1.100000, 9.065217
2.000000, 1.100000, 8.984959
0.000000, 1.150000, 6.416173
0.050000, 1.150000, 6.295205
0.100000, 1.150000, 6.178235
0.150000, 1.150000, 6.088363
0.200000, 1.150000, 6.029252
0.250000, 1.150000, 5.985045
0.300000, 1.150000, 5.927919
0.350000, 1.150000, 5.830373
0.400000, 1.150000, 5.677495
0.450000, 1.150000, 5.474502
0.500000, 1.150000, 5.246607
0.550000, 1.150000, 5.031238
0.600000, 1.150000, 4.865518
0.650000, 1.150000, 4.773753
0.700000, 1.150000, 4.759673
0.750000, 1.150000, 4.806332
0.800000, 1.150000, 4.883692
0.850000, 1.150000, 4.960951
0.900000, 1.150000, 5.018896
0.950000, 1.150000, 5.057537
1.000000, 1.150000, 5.096100
1.050000, 1.150000, 5.165394
1.100000, 1.150000, 5.295442
1.150000, 1.150000, 5.503156
1.200000, 1.150000, 5.784745
1.250000, 1.150000, 6.115810
1.300000, 1.150000, 6.459105
1.350000, 1.150000, 6.777055
1.400000, 1.150000, 7.044265
1.450000, 1.150000, 7.255322
1.500000, 1.150000, 7.424922
1.550000, 1.150000, 7.580344
1.600000, 1.150000, 7.749190
1.650000, 1.150000, 7.947112
1.700000, 1.150000, 8.170260
1.750000, 1.150000, 8.395383
1.800000, 1.150000, 8.587573
1.850000, 1.150000, 8.712715
1.900000, 1.150000, 8.749934
1.950000, 1.150000, 8.699269
2.000000, 1.150000, 8.581683
0.000000, 1.200000, 6.050731
0.050000, 1.200000, 5.899931
0.100000, 1.200000, 5.756529
0.150000, 1.200000, 5.644161
0.200000, 1.200000, 5.566934
0.250000, 1.200000, 5.509330
0.300000, 1.200000, 5.443759
0.350000, 1.200000, 5.342835
0.400000, 1.200000, 5.191648
0.450000, 1.200000, 4.995299
0.500000, 1.200000, 4.778774
0.550000, 1.200000, 4.579165
0.600000, 1.200000, 4.433159
0.650000, 1.200000, 4.364539
0.700000, 1.200000, 4.376429
0.750000, 1.200000, 4.451217
0.800000, 1.200000, 4.558142
0.850000, 1.200000, 4.665650
0.900000, 1.200000, 4.753755
0.950000, 1.200000, 4.821694
1.000000, 1.200000, 4.887938
1.050000, 1.200000, 4.982570
1.100000, 1.200000, 5.134942
1.150000, 1.200000, 5.361356
1.200000, 1.200000, 5.657493
1.250000, 1.200000, 5.998518
1.300000, 1.200000, 6.346852
1.350000, 1.200000, 6.664698
1.400000, 1.200000, 6.926558
1.450000, 1.200000, 7.127036
1.500000, 1.200000, 7.280969
1.550000, 1.200000, 7.415900
1.600000, 1.200000, 7.559811
1.650000, 1.200000, 7.728839
1.700000, 1.200000, 7.919724
1.750000, 1.200000, 8.109892
1.800000, 1.200000, 8.265179
1.850000, 1.200000, 8.352276
1.900000, 1.200000, 8.351147
1.950000, 1.200000, 8.262691
2.000000, 1.200000, 8.108727
0.000000, 1.250000, 5.744794
0.050000, 1.250000, 5.567618
0.100000, 1.250000, 5.401827
0.150000, 1.250000, 5.271487
0.200000, 1.250000, 5.181035
0.250000, 1.250000, 5.115170
0.300000, 1.250000, 5.046405
0.350000, 1.250000, 4.947344
0.400000, 1.250000, 4.802950
0.450000, 1.250000, 4.618090
0.500000, 1.250000, 4.417407
0.550000, 1.250000, 4.237557
0.600000, 1.250000, 4.114702
0.650000, 1.250000, 4.072023
0.700000, 1.250000, 4.111981
0.750000, 1.250000, 4.216250
0.800000, 1.250000, 4.353327
0.850000, 1.250000, 4.490891
0.900000, 1.250000, 4.608193
0.950000, 1.250000, 4.703721
1.000000, 1.250000, 4.795228
1.050000, 1.250000, 4.912127
1.100000, 1.250000, 5.083164
1.150000, 1.250000, 5.324111
1.200000, 1.250000, 5.630209
1.250000, 1.250000, 5.976282
1.300000, 1.250000, 6.324521
1.350000, 1.250000, 6.637016
1.400000, 1.250000, 6.888277
1.450000, 1.250000, 7.073038
1.500000, 1.250000, 7.206390
1.550000, 1.250000, 7.316247
1.600000, 1.250000, 7.431073
1.650000, 1.250000, 7.567594
1.700000, 1.250000, 7.723228
1.750000, 1.250000, 7.876155
1.800000, 1.250000, 7.993026
1.850000, 1.250000, 8.041390
1.900000, 1.250000, 8.002089
1.950000, 1.250000, 7.876901
2.000000, 1.250000, 7.688503
0.000000, 1.300000, 5.605000
0.050000, 1.300000, 5.405496
0.100000, 1.300000, 5.221848
0.150000, 1.300000, 5.078440
0.200000, 1.300000, 4.979911
0.250000, 1.300000, 4.911049
0.300000, 1.300000, 4.844343
0.350000, 1.300000, 4.752254
0.400000, 1.300000, 4.619501
0.450000, 1.300000, 4.450599
0.500000, 1.300000, 4.269750
0.550000, 1.300000, 4.113079
0.600000, 1.300000, 4.016150
0.650000, 1.300000, 4.001485
0.700000, 1.300000, 4.070839
0.750000, 1.300000, 4.205148
0.800000, 1.300000, 4.372154
0.850000, 1.300000, 4.538785
0.900000, 1.300000, 4.683549
0.950000, 1.300000, 4.804227
1.000000, 1.300000, 4.917908
1.050000, 1.300000, 5.053401
1.100000, 1.300000, 5.238925
1.150000, 1.300000, 5.489806
1.200000, 1.300000, 5.800943
1.250000, 1.300000, 6.146920
1.300000, 1.300000, 6.489809
1.350000, 1.300000, 6.791693
1.400000, 1.300000, 7.027204
1.450000, 1.300000, 7.191319
1.500000, 1.300000, 7.299492
1.550000, 1.300000, 7.380116
1.600000, 1.300000, 7.462239
1.650000, 1.300000, 7.563268
1.700000, 1.300000, 7.681383
1.750000, 1.300000, 7.795589
1.800000, 1.300000, 7.873412
1.850000, 1.300000, 7.883298
1.900000, 1.300000, 7.806992
1.950000, 1.300000, 7.647154
2.000000, 1.300000, 7.427301
0.000000, 1.350000, 5.698627
0.050000, 1.350000, 5.481333
0.100000, 1.350000, 5.284742
0.150000, 1.350000, 5.133425
0.200000, 1.350000, 5.032097
0.250000, 1.350000, 4.965503
0.300000, 1.350000, 4.905975
0.350000, 1.350000, 4.825712
0.400000, 1.350000, 4.709070
0.450000, 1.350000, 4.560111
0.500000, 1.350000, 4.402503
0.550000, 1.350000, 4.271770
0.600000, 1.350000, 4.202817
0.650000, 1.350000, 4.217465
0.700000, 1.350000, 4.316741
0.750000, 1.350000, 4.480838
0.800000, 1.350000, 4.676754
0.850000, 1.350000, 4.870689
0.900000, 1.350000, 5.040455
0.950000, 1.350000, 5.183174
1.000000, 1.350000, 5.315341
1.050000, 1.350000, 5.465241
1.100000, 1.350000, 5.660646
1.150000, 1.350000, 5.916539
1.200000, 1.350000, 6.227571
1.250000, 1.350000, 6.568198
1.300000, 1.350000, 6.900476
1.350000, 1.350000, 7.186598
1.400000, 1.350000, 7.401430
1.450000, 1.350000, 7.540302
1.500000, 1.350000, 7.619139
1.550000, 1.350000, 7.666916
1.600000, 1.350000, 7.713364
1.650000, 1.350000, 7.776658
1.700000, 1.350000, 7.855812
1.750000, 1.350000, 7.930722
1.800000, 1.350000, 7.969832
1.850000, 1.350000, 7.942510
1.900000, 1.350000, 7.831407
1.950000, 1.350000, 7.640049
2.000000, 1.350000, 7.392746
0.000000, 1.400000, 6.039708
0.050000, 1.400000, 5.809543
0.100000, 1.400000, 5.605177
0.150000, 1.400000, 5.451244
0.200000, 1.400000, 5.352395
0.250000, 1.400000, 5.293201
0.300000, 1.400000, 5.245712
0.350000, 1.400000, 5.181750
0.400000, 1.400000, 5.085202
0.450000, 1.400000, 4.959585
0.500000, 1.400000, 4.827960
0.550000, 1.400000, 4.725192
0.600000, 1.400000, 4.685487
0.650000, 1.400000, 4.729945
0.700000, 1.400000, 4.858859
0.750000, 1.400000, 5.051692
0.800000, 1.400000, 5.274727
0.850000, 1.400000, 5.493478
0.900000, 1.400000, 5.685115
0.950000, 1.400000, 5.846174
1.000000, 1.400000, 5.992631
1.050000, 1.400000, 6.152330
1.100000, 1.400000, 6.352696
1.150000, 1.400000, 6.608464
1.200000, 1.400000, 6.914145
1.250000, 1.400000, 7.244173
1.300000, 1.400000, 7.560701
1.350000, 1.400000, 7.826144
1.400000, 1.400000, 8.015710
1.450000, 1.400000, 8.125194
1.500000, 1.400000, 8.171098
1.550000, 1.400000, 8.183077
1.600000, 1.400000, 8.191635
1.650000, 1.400000, 8.215792
1.700000, 1.400000, 8.255465
1.750000, 1.400000, 8.291486
1.800000, 1.400000, 8.293241
1.850000, 1.400000, 8.231030
1.900000, 1.400000, 8.088390
1.950000, 1.400000, 7.869664
2.000000, 1.400000, 7.599885
0.000000, 1.450000, 6.586853
0.050000, 1.450000, 6.348992
0.100000, 1.450000, 6.142153
0.150000, 1.450000, 5.990892
0.200000, 1.450000, 5.899668
0.250000, 1.450000, 5.852748
0.300000, 1.450000, 5.821783
0.350000, 1.450000, 5.778106
0.400000, 1.450000, 5.705046
0.450000, 1.450000, 5.605502
0.500000, 1.450000, 5.501868
0.550000, 1.450000, 5.428311
0.600000, 1.450000, 5.418320
0.650000, 1.450000, 5.492270
0.700000, 1.450000, 5.649736
0.750000, 1.450000, 5.869480
0.800000, 1.450000, 6.117116
0.850000, 1.450000, 6.357532
0.900000, 1.450000, 6.567322
0.950000, 1.450000, 6.742516
1.000000, 1.450000, 6.898656
1.050000, 1.450000, 7.063240
1.100000, 1.450000, 7.263444
1.150000, 1.450000, 7.513856
1.200000, 1.450000, 7.808959
1.250000, 1.450000, 8.123270
1.300000, 1.450000, 8.419152
1.350000, 1.450000, 8.659352
1.400000, 1.450000, 8.819530
1.450000, 1.450000, 8.896051
1.500000, 1.450000, 8.906096
1.550000, 1.450000, 8.880093
1.600000, 1.450000, 8.849398
1.650000, 1.450000, 8.833945
1.700000, 1.450000, 8.834605
1.750000, 1.450000, 8.833171
1.800000, 1.450000, 8.799984
1.850000, 1.450000, 8.706250
1.900000, 1.450000, 8.536343
1.950000, 1.450000, 8.295344
2.000000, 1.450000, 8.008902
0.000000, 1.500000, 7.253219
0.050000, 1.500000, 7.012967
0.100000, 1.500000, 6.808955
0.150000, 1.500000, 6.665527
0.200000, 1.500000, 6.586815
0.250000, 1.500000, 6.556663
0.300000, 1.500000, 6.546213
0.350000, 1.500000, 6.526217
0.400000, 1.500000, 6.479370
0.450000, 1.500000, 6.407891
0.500000, 1.500000, 6.333472
0.550000, 1.500000, 6.289563
0.600000, 1.500000, 6.308934
0.650000, 1.500000, 6.411253
0.700000, 1.500000, 6.595411
0.750000, 1.500000, 6.839517
0.800000, 1.500000, 7.108576
0.850000, 1.500000, 7.366919
0.900000, 1.500000, 7.590648
0.950000, 1.500000, 7.775369
1.000000, 1.500000, 7.936285
1.050000, 1.500000, 8.100647
1.100000, 1.500000, 8.295482
1.150000, 1.500000, 8.535340
1.200000, 1.500000, 8.814777
1.250000, 1.500000, 9.108506
1.300000, 1.500000, 9.379210
1.350000, 1.500000, 9.590073
1.400000, 1.500000, 9.717318
1.450000, 1.500000, 9.757980
1.500000, 1.500000, 9.730011
1.550000, 1.500000, 9.664698
1.600000, 1.500000, 9.594319
1.650000, 1.500000, 9.539774
1.700000, 1.500000, 9.502917
1.750000, 1.500000, 9.466512
1.800000, 1.500000, 9.401829
1.850000, 1.500000, 9.280930
1.900000, 1.500000, 9.088944
1.950000, 1.500000, 8.831575
2.000000, 1.500000, 8.534938
0.000000, 1.550000, 7.926442
0.050000, 1.550000, 7.689107
0.100000, 1.550000, 7.493092
0.150000, 1.550000, 7.362396
0.200000, 1.550000, 7.300703
0.250000, 1.550000, 7.291323
0.300000, 1.550000, 7.304788
0.350000, 1.550000, 7.311197
0.400000, 1.550000, 7.292544
0.450000, 1.550000, 7.250337
0.500000, 1.550000, 7.205544
0.550000, 1.550000, 7.190898
0.600000, 1.550000, 7.238473
0.650000, 1.550000, 7.367264
0.700000, 1.550000, 7.575529
0.750000, 1.550000, 7.840788
0.800000, 1.550000, 8.127510
0.850000, 1.550000, 8.399552
0.900000, 1.550000, 8.632609
0.950000, 1.550000, 8.821959
1.000000, 1.550000, 8.982564
1.050000, 1.550000, 9.141525
1.100000, 1.550000, 9.325825
1.150000, 1.550000, 9.550080
1.200000, 1.550000, 9.809026
1.250000, 1.550000, 10.077681
1.300000, 1.550000, 10.319150
1.350000, 1.550000, 10.497168
1.400000, 1.550000, 10.588615
1.450000, 1.550000, 10.591295
1.500000, 1.550000, 10.524015
1.550000, 1.550000, 10.418993
1.600000, 1.550000, 10.309484
1.650000, 1.550000, 10.217387
1.700000, 1.550000, 10.145545
1.750000, 1.550000, 10.077674
1.800000, 1.550000, 9.985916
1.850000, 1.550000, 9.843104
1.900000, 1.550000, 9.634999
1.950000, 1.550000, 9.367775
2.000000, 1.550000, 9.067832
0.000000, 1.600000, 8.494161
0.050000, 1.600000, 8.264917
0.100000, 1.600000, 8.081810
0.150000, 1.600000, 7.968368
0.200000, 1.600000, 7.927710
0.250000, 1.600000, 7.942512
0.300000, 1.600000, 7.982620
0.350000, 1.600000, 8.017412
0.400000, 1.600000, 8.028149
0.450000, 1.600000, 8.015602
0.500000, 1.600000, 8.000021
0.550000, 1.600000, 8.013446
0.600000, 1.600000, 8.087287
0.650000, 1.600000, 8.239928
0.700000, 1.600000, 8.469057
0.750000, 1.600000, 8.751681
0.800000, 1.600000, 9.051820
0.850000, 1.600000, 9.332944
0.900000, 1.600000, 9.570438
0.950000, 1.600000, 9.759348
1.000000, 1.600000, 9.914492
1.050000, 1.600000, 10.062925
1.100000, 1.600000, 10.231686
1.150000, 1.600000, 10.435560
1.200000, 1.600000, 10.669570
1.250000, 1.600000, 10.909140
1.300000, 1.600000, 11.117907
1.350000, 1.600000, 11.260250
1.400000, 1.600000, 11.313807
1.450000, 1.600000, 11.277233
1.500000, 1.600000, 11.170270
1.550000, 1.600000, 11.026117
1.600000, 1.600000, 10.879045
1.650000, 1.600000, 10.751959
1.700000, 1.600000, 10.648672
1.750000, 1.600000, 10.553792
1.800000, 1.600000, 10.440247
1.850000, 1.600000, 10.281515
1.900000, 1.600000, 10.063828
1.950000, 1.600000, 9.793641
2.000000, 1.600000, 9.497422
0.000000, 1.650000, 8.869531
0.050000, 1.650000, 8.653297
0.100000, 1.650000, 8.487630
0.150000, 1.650000, 8.395470
0.200000, 1.650000, 8.379272
0.250000, 1.650000, 8.420992
0.300000, 1.650000, 8.489726
0.350000, 1.650000, 8.554089
0.400000, 1.650000, 8.594589
0.450000, 1.650000, 8.611265
0.500000, 1.650000, 8.623670
0.550000, 1.650000, 8.663190
0.600000, 1.650000, 8.760637
0.650000, 1.650000, 8.933846
0.700000, 1.650000, 9.180018
0.750000, 1.650000, 9.475738
0.800000, 1.650000, 9.784666
0.850000, 1.650000, 10.069984
0.900000, 1.650000, 10.306861
0.950000, 1.650000, 10.490212
1.000000, 1.650000, 10.634808
1.050000, 1.650000, 10.767758
1.100000, 1.650000, 10.916257
1.150000, 1.650000, 11.095359
1.200000, 1.650000, 11.300475
1.250000, 1.650000, 11.507539
1.300000, 1.650000, 11.680814
1.350000, 1.650000, 11.785420
1.400000, 1.650000, 11.799841
1.450000, 1.650000, 11.723658
1.500000, 1.650000, 11.577602
1.550000, 1.650000, 11.395898
1.600000, 1.650000, 11.213837
1.650000, 1.650000, 11.055313
1.700000, 1.650000, 10.925051
1.750000, 1.650000, 10.808464
1.800000, 1.650000, 10.679136
1.850000, 1.650000, 10.511022
1.900000, 1.650000, 10.290632
1.950000, 1.650000, 10.024475
2.000000, 1.650000, 9.738850
0.000000, 1.700000, 9.011163
0.050000, 1.700000, 8.812476
0.100000, 1.700000, 8.668289
0.150000, 1.700000, 8.600849
0.200000, 1.700000, 8.611860
0.250000, 1.700000, 8.682489
0.300000, 1.700000, 8.781038
0.350000, 1.700000, 8.875338
0.400000, 1.700000, 8.945145
0.450000, 1.700000, 8.989790
0.500000, 1.700000, 9.028172
0.550000, 1.700000, 9.091085
0.600000, 1.700000, 9.208815
0.650000, 1.700000, 9.398734
0.700000, 1.700000, 9.657651
0.750000, 1.700000, 9.961822
0.800000, 1.700000, 10.274647
0.850000, 1.700000, 10.559117
0.900000, 1.700000, 10.790286
0.950000, 1.700000, 10.963031
1.000000, 1.700000, 11.092177
1.050000, 1.700000, 11.204978
1.100000, 1.700000, 11.328885
1.150000, 1.700000, 11.479318
1.200000, 1.700000, 11.652172
1.250000, 1.700000, 11.823985
1.300000, 1.700000, 11.959740
1.350000, 1.700000, 12.025386
1.400000, 1.700000, 12.000325
1.450000, 1.700000, 11.885129
1.500000, 1.700000, 11.701556
1.550000, 1.700000, 11.484868
1.600000, 1.700000, 11.271360
1.650000, 1.700000, 11.085862
1.700000, 1.700000, 10.933920
1.750000, 1.700000, 10.801619
1.800000, 1.700000, 10.663032
1.850000, 1.700000, 10.492389
1.900000, 1.700000, 10.276249
1.950000, 1.700000, 10.020929
2.000000, 1.700000, 9.752300
0.000000, 1.750000, 8.933089
0.050000, 1.750000, 8.755996
0.100000, 1.750000, 8.636740
0.150000, 1.750000, 8.596782
0.200000, 1.750000, 8.637004
0.250000, 1.750000, 8.737739
0.300000, 1.750000, 8.866468
0.350000, 1.750000, 8.990239
0.400000, 1.750000, 9.088078
0.450000, 1.750000, 9.158652
0.500000, 1.750000, 9.220270
0.550000, 1.750000, 9.303213
0.600000, 1.750000, 9.437328
0.650000, 1.750000, 9.639623
0.700000, 1.750000, 9.906615
0.750000, 1.750000, 10.214333
0.800000, 1.750000, 10.526018
0.850000, 1.750000, 10.804571
0.900000, 1.750000, 11.025024
0.950000, 1.750000, 11.182313
1.000000, 1.750000, 11.291405
1.050000, 1.750000, 11.379796
1.100000, 1.750000, 11.475280
1.150000, 1.750000, 11.593734
1.200000, 1.750000, 11.731632
1.250000, 1.750000, 11.866204
1.300000, 1.750000, 11.963239
1.350000, 1.750000, 11.989589
1.400000, 1.750000, 11.925638
1.450000, 1.750000, 11.772988
1.500000, 1.750000, 11.554444
1.550000, 1.750000, 11.306289
1.600000, 1.750000, 11.065773
1.650000, 1.750000, 10.858568
1.700000, 1.750000, 10.690912
1.750000, 1.750000, 10.549392
1.800000, 1.750000, 10.408363
1.850000, 1.750000, 10.242100
1.900000, 1.750000, 10.036956
1.950000, 1.750000, 9.798798
2.000000, 1.750000, 9.552818
0.000000, 1.800000, 8.702588
0.050000, 1.800000, 8.550546
0.100000, 1.800000, 8.458992
0.150000, 1.800000, 8.448534
0.200000, 1.800000, 8.519176
0.250000, 1.800000, 8.650388
0.300000, 1.800000, 8.808829
0.350000, 1.800000, 8.960783
0.400000, 1.800000, 9.084590
0.450000, 1.800000, 9.178319
0.500000, 1.800000, 9.259770
0.550000, 1.800000, 9.358802
0.600000, 1.800000, 9.504926
0.650000, 1.800000, 9.714896
0.700000, 1.800000, 9.985039
0.750000, 1.800000, 10.291265
0.800000, 1.800000, 10.596756
0.850000, 1.800000, 10.864417
0.900000, 1.800000, 11.069354
0.950000, 1.800000, 11.206647
1.000000, 1.800000, 11.291493
1.050000, 1.800000, 11.351713
1.100000, 1.800000, 11.415533
1.150000, 1.800000, 11.499373
1.200000, 1.800000, 11.600368
1.250000, 1.800000, 11.696525
1.300000, 1.800000, 11.754512
1.350000, 1.800000, 11.742148
1.400000, 1.800000, 11.640843
1.450000, 1.800000, 11.453251
1.500000, 1.800000, 11.203211
1.550000, 1.800000, 10.927981
1.600000, 1.800000, 10.665678
1.650000, 1.800000, 10.442690
1.700000, 1.800000, 10.265774
1.750000, 1.800000, 10.121813
1.800000, 1.800000, 9.985207
1.850000, 1.800000, 9.830019
1.900000, 1.800000, 9.642132
1.950000, 1.800000, 9.426710
2.000000, 1.800000, 9.208030
0.000000, 1.850000, 8.426298
0.050000, 1.850000, 8.302086
0.100000, 1.850000, 8.240265
0.150000, 1.850000, 8.260528
0.200000, 1.850000, 8.361973
0.250000, 1.850000, 8.523200
0.300000, 1.850000, 8.710060
0.350000, 1.850000, 8.888118
0.400000, 1.850000, 9.035092
0.450000, 1.850000, 9.148536
0.500000, 1.850000, 9.245836
0.550000, 1.850000, 9.356539
0.600000, 1.850000, 9.509933
0.650000, 1.850000, 9.722626
0.700000, 1.850000, 9.990867
0.750000, 1.850000, 10.290551
0.800000, 1.850000, 10.584900
0.850000, 1.850000, 10.836914
0.900000, 1.850000, 11.021855
0.950000, 1.850000, 11.135031
1.000000, 1.850000, 11.191950
1.050000, 1.850000, 11.220834
1.100000, 1.850000, 11.250419
1.150000, 1.850000, 11.297750
1.200000, 1.850000, 11.360700
1.250000, 1.850000, 11.418123
1.300000, 1.850000, 11.437633
1.350000, 1.850000, 11.388061
1.400000, 1.850000, 11.251867
1.450000, 1.850000, 11.032751
1.500000, 1.850000, 10.755547
1.550000, 1.850000, 10.458403
1.600000, 1.850000, 10.180181
1.650000, 1.850000, 9.947810
1.700000, 1.850000, 9.768366
1.750000, 1.850000, 9.628785
1.800000, 1.850000, 9.503253
1.850000, 1.850000, 9.365355
1.900000, 1.850000, 9.200245
1.950000, 1.850000, 9.012144
2.000000, 1.850000, 8.824226
0.000000, 1.900000, 8.227641
0.050000, 1.900000, 8.133297
0.100000, 1.900000, 8.102442
0.150000, 1.900000, 8.153823
0.200000, 1.900000, 8.285618
0.250000, 1.900000, 8.475570
0.300000, 1.900000, 8.688764
0.350000, 1.900000, 8.890108
0.400000, 1.900000, 9.056779
0.450000, 1.900000, 9.185916
0.500000, 1.900000, 9.294604
0.550000, 1.900000, 9.412194
0.600000, 1.900000, 9.567871
0.650000, 1.900000, 9.778210
0.700000, 1.900000, 10.039495
0.750000, 1.900000, 10.327705
0.800000, 1.900000, 10.606191
0.850000, 1.900000, 10.838135
0.900000, 1.900000, 10.999031
0.950000, 1.900000, 11.084489
1.000000, 1.900000, 11.110395
1.050000, 1.900000, 11.105447
1.100000, 1.900000, 11.098963
1.150000, 1.900000, 11.108682
1.200000, 1.900000, 11.133284
1.250000, 1.900000, 11.152535
1.300000, 1.900000, 11.135039
1.350000, 1.900000, 11.050671
1.400000, 1.900000, 10.882940
1.450000, 1.900000, 10.636556
1.500000, 1.900000, 10.337273
1.550000, 1.900000, 10.024011
1.600000, 1.900000, 9.736207
1.650000, 1.900000, 9.501133
1.700000, 1.900000, 9.325938
1.750000, 1.900000, 9.197353
1.800000, 1.900000, 9.089080
1.850000, 1.900000, 8.973957
1.900000, 1.900000, 8.836176
1.950000, 1.900000, 8.678821
2.000000, 1.900000, 8.523817
0.000000, 1.950000, 8.220456
0.050000, 1.950000, 8.157221
0.100000, 1.950000, 8.157742
0.150000, 1.950000, 8.239802
0.200000, 1.950000, 8.400669
0.250000, 1.950000, 8.617264
0.300000, 1.950000, 8.853965
0.350000, 1.950000, 9.075102
0.400000, 1.950000, 9.257418
0.450000, 1.950000, 9.397744
0.500000, 1.950000, 9.512992
0.550000, 1.950000, 9.632440
0.600000, 1.950000, 9.785289
0.650000, 1.950000, 9.988203
0.700000, 1.950000, 10.237602
0.750000, 1.950000, 10.509642
0.800000, 1.950000, 10.767892
0.850000, 1.950000, 10.975783
0.900000, 1.950000, 11.109113
0.950000, 1.950000, 11.163854
1.000000, 1.950000, 11.156333
1.050000, 1.950000, 11.115789
1.100000, 1.950000, 11.072181
1.150000, 1.950000, 11.044010
1.200000, 1.950000, 11.030821
1.250000, 1.950000, 11.013340
1.300000, 1.950000, 10.961194
1.350000, 1.950000, 10.845305
1.400000, 1.950000, 10.650206
1.450000, 1.950000, 10.381551
1.500000, 1.950000, 10.065896
1.550000, 1.950000, 9.742779
1.600000, 1.950000, 9.452012
1.650000, 1.950000, 9.220969
1.700000, 1.950000, 9.056611
1.750000, 1.950000, 8.945188
1.800000, 1.950000, 8.859650
1.850000, 1.950000, 8.771850
1.900000, 1.950000, 8.664813
1.950000, 1.950000, 8.540348
2.000000, 1.950000, 8.419066
0.000000, 2.000000, 8.484580
0.050000, 2.000000, 8.452869
0.100000, 2.000000, 8.484339
0.150000, 2.000000, 8.595813
0.200000, 2.000000, 8.783680
0.250000, 2.000000, 9.024092
0.300000, 2.000000, 9.280799
0.350000, 2.000000, 9.517653
0.400000, 2.000000, 9.711074
0.450000, 2.000000, 9.857719
0.500000, 2.000000, 9.974450
0.550000, 2.000000, 10.090606
0.600000, 2.000000, 10.235527
0.650000, 2.000000, 10.426074
0.700000, 2.000000, 10.658905
0.750000, 2.000000, 10.910438
0.800000, 2.000000, 11.144528
0.850000, 2.000000, 11.324922
0.900000, 2.000000, 11.427775
0.950000, 2.000000, 11.449473
1.000000, 2.000000, 11.406841
1.050000, 2.000000, 11.329707
1.100000, 2.000000, 11.248735
1.150000, 2.000000, 11.183235
1.200000, 2.000000, 11.133669
1.250000, 2.000000, 11.081754
1.300000, 2.000000, 10.998153
1.350000, 2.000000, 10.854815
1.400000, 2.000000, 10.637240
1.450000, 2.000000, 10.351921
1.500000, 2.000000, 10.026072
1.550000, 2.000000, 9.699649
1.600000, 2.000000, 9.412605
1.650000, 2.000000, 9.192156
1.700000, 2.000000, 9.044795
1.750000, 2.000000, 8.956021
1.800000, 2.000000, 8.897783
1.850000, 2.000000, 8.840744
1.900000, 2.000000, 8.766622
1.950000, 2.000000, 8.675879
2.000000, 2.000000, 8.587824
