0.000000, 0.000000, 0.052023
0.050000, 0.000000, 0.598600
0.100000, 0.000000, 1.012900
0.150000, 0.000000, 1.189623
0.200000, 0.000000, 1.075770
0.250000, 0.000000, 0.682187
0.300000, 0.000000, 0.081206
0.350000, 0.000000, -0.609134
0.400000, 0.000000, -1.250818
0.450000, 0.000000, -1.715951
0.500000, 0.000000, -1.914638
0.550000, 0.000000, -1.814595
0.600000, 0.000000, -1.448188
0.650000, 0.000000, -0.905391
0.700000, 0.000000, -0.314181
0.750000, 0.000000, 0.187349
0.800000, 0.000000, 0.481083
0.850000, 0.000000, 0.494616
0.900000, 0.000000, 0.217029
0.950000, 0.000000, -0.298744
1.000000, 0.000000, -0.947468
1.050000, 0.000000, -1.594559
1.100000, 0.000000, -2.105429
1.150000, 0.000000, -2.374844
1.200000, 0.000000, -2.349870
1.250000, 0.000000, -2.041428
1.300000, 0.000000, -1.521920
1.350000, 0.000000, -0.909464
1.400000, 0.000000, -0.342152
1.450000, 0.000000, 0.052039
1.500000, 0.000000, 0.183135
1.550000, 0.000000, 0.018769
1.600000, 0.000000, -0.408774
1.650000, 0.000000, -1.009600
1.700000, 0.000000, -1.655813
1.750000, 0.000000, -2.209398
1.800000, 0.000000, -2.552316
1.850000, 0.000000, -2.612237
1.900000, 0.000000, -2.378311
1.950000, 0.000000, -1.903541
2.000000, 0.000000, -1.293225
0.000000, 0.050000, 0.248249
0.050000, 0.050000, 0.803392
0.100000, 0.050000, 1.226252
0.150000, 0.050000, 1.411524
0.200000, 0.050000, 1.306202
0.250000, 0.050000, 0.921130
0.300000, 0.050000, 0.328634
0.350000, 0.050000, -0.353249
0.400000, 0.050000, -0.986511
0.450000, 0.050000, -1.443259
0.500000, 0.050000, -1.633602
0.550000, 0.050000, -1.525259
0.600000, 0.050000, -1.150600
0.650000, 0.050000, -0.599602
0.700000, 0.050000, -0.000244
0.750000, 0.050000, 0.509379
0.800000, 0.050000, 0.811148
0.850000, 0.050000, 0.832658
0.900000, 0.050000, 0.562988
0.950000, 0.050000, 0.055069
1.000000, 0.050000, -0.585862
1.050000, 0.050000, -1.225221
1.100000, 0.050000, -1.728422
1.150000, 0.050000, -1.990228
1.200000, 0.050000, -1.957707
1.250000, 0.050000, -1.641775
1.300000, 0.050000, -1.114837
1.350000, 0.050000, -0.495006
1.400000, 0.050000, 0.079627
1.450000, 0.050000, 0.481088
1.500000, 0.050000, 0.619405
1.550000, 0.050000, 0.462214
1.600000, 0.050000, 0.041805
1.650000, 0.050000, -0.551927
1.700000, 0.050000, -1.191081
1.750000, 0.050000, -1.737639
1.800000, 0.050000, -2.073557
1.850000, 0.050000, -2.126500
1.900000, 0.050000, -1.885617
1.950000, 0.050000, -1.403904
2.000000, 0.050000, -0.786656
0.000000, 0.100000, 0.796061
0.050000, 0.100000, 1.359764
0.100000, 0.100000, 1.791170
0.150000, 0.100000, 1.984970
0.200000, 0.100000, 1.888152
0.250000, 0.100000, 1.511554
0.300000, 0.100000, 0.927496
0.350000, 0.100000, 0.254009
0.400000, 0.100000, -0.370903
0.450000, 0.100000, -0.819351
0.500000, 0.100000, -1.001451
0.550000, 0.100000, -0.884926
0.600000, 0.100000, -0.502149
0.650000, 0.100000, 0.056899
0.700000, 0.100000, 0.664235
0.750000, 0.100000, 1.181760
0.800000, 0.100000, 1.491354
0.850000, 0.100000, 1.520607
0.900000, 0.100000, 1.258598
0.950000, 0.100000, 0.758256
1.000000, 0.100000, 0.124815
1.050000, 0.100000, -0.507140
1.100000, 0.100000, -1.003026
1.150000, 0.100000, -1.257605
1.200000, 0.100000, -1.217944
1.250000, 0.100000, -0.894962
1.300000, 0.100000, -0.361059
1.350000, 0.100000, 0.265650
1.400000, 0.100000, 0.847075
1.450000, 0.100000, 1.255245
1.500000, 0.100000, 1.400190
1.550000, 0.100000, 1.249548
1.600000, 0.100000, 0.835610
1.650000, 0.100000, 0.248275
1.700000, 0.100000, -0.384554
1.750000, 0.100000, -0.924856
1.800000, 0.100000, -1.254584
1.850000, 0.100000, -1.301400
1.900000, 0.100000, -1.054449
1.950000, 0.100000, -0.566724
2.000000, 0.100000, 0.056482
0.000000, 0.150000, 1.480582
0.050000, 0.150000, 2.052833
0.100000, 0.150000, 2.492768
0.150000, 0.150000, 2.695068
0.200000, 0.150000, 2.606713
0.250000, 0.150000, 2.238534
0.300000, 0.150000, 1.662842
0.350000, 0.150000, 0.997661
0.400000, 0.150000, 0.380987
0.450000, 0.150000, -0.059298
0.500000, 0.150000, -0.233318
0.550000, 0.150000, -0.108800
0.600000, 0.150000, 0.281874
0.650000, 0.150000, 0.848718
0.700000, 0.150000, 1.463743
0.750000, 0.150000, 1.988846
0.800000, 0.150000, 2.305900
0.850000, 0.150000, 2.342493
0.900000, 0.150000, 2.087698
0.950000, 0.150000, 1.594441
1.000000, 0.150000, 0.967952
1.050000, 0.150000, 0.342813
1.100000, 0.150000, -0.146393
1.150000, 0.150000, -0.394433
1.200000, 0.150000, -0.348374
1.250000, 0.150000, -0.019137
1.300000, 0.150000, 0.520877
1.350000, 0.150000, 1.153552
1.400000, 0.150000, 1.740800
1.450000, 0.150000, 2.154647
1.500000, 0.150000, 2.305125
1.550000, 0.150000, 2.159873
1.600000, 0.150000, 1.751183
1.650000, 0.150000, 1.168954
1.700000, 0.150000, 0.541092
1.750000, 0.150000, 0.005619
1.800000, 0.150000, -0.319416
1.850000, 0.150000, -0.361674
1.900000, 0.150000, -0.110297
1.950000, 0.150000, 0.381725
2.000000, 0.150000, 1.009101
0.000000, 0.200000, 2.036206
0.050000, 0.200000, 2.616989
0.100000, 0.200000, 3.065427
0.150000, 0.200000, 3.276191
0.200000, 0.200000, 3.196247
0.250000, 0.200000, 2.836415
0.300000, 0.200000, 2.268995
0.350000, 0.200000, 1.611998
0.400000, 0.200000, 1.003411
0.450000, 0.200000, 0.571104
0.500000, 0.200000, 0.404944
0.550000, 0.200000, 0.537192
0.600000, 0.200000, 0.935458
0.650000, 0.200000, 1.509746
0.700000, 0.200000, 2.132059
0.750000, 0.200000, 2.664286
0.800000, 0.200000, 2.988292
0.850000, 0.200000, 3.031658
0.900000, 0.200000, 2.783450
0.950000, 0.200000, 2.296589
1.000000, 0.200000, 1.676298
1.050000, 0.200000, 1.057155
1.100000, 0.200000, 0.573737
1.150000, 0.200000, 0.331275
1.200000, 0.200000, 0.382696
1.250000, 0.200000, 0.717080
1.300000, 0.200000, 1.262019
1.350000, 0.200000, 1.899399
1.400000, 0.200000, 2.491128
1.450000, 0.200000, 2.909233
1.500000, 0.200000, 3.063744
1.550000, 0.200000, 2.922300
1.600000, 0.200000, 2.517195
1.650000, 0.200000, 1.938328
1.700000, 0.200000, 1.313606
1.750000, 0.200000, 0.781053
1.800000, 0.200000, 0.458719
1.850000, 0.200000, 0.418947
1.900000, 0.200000, 0.672598
1.950000, 0.200000, 1.166682
2.000000, 0.200000, 1.795913
0.000000, 0.250000, 2.248047
0.050000, 0.250000, 2.837341
0.100000, 0.250000, 3.294253
0.150000, 0.250000, 3.513435
0.200000, 0.250000, 3.441839
0.250000, 0.250000, 3.090266
0.300000, 0.250000, 2.531000
0.350000, 0.250000, 1.882036
0.400000, 0.250000, 1.281347
0.450000, 0.250000, 0.856785
0.500000, 0.250000, 0.698204
0.550000, 0.250000, 0.837852
0.600000, 0.250000, 1.243323
0.650000, 0.250000, 1.824611
0.700000, 0.250000, 2.453705
0.750000, 0.250000, 2.992483
0.800000, 0.250000, 3.322799
0.850000, 0.250000, 3.372225
0.900000, 0.250000, 3.129816
0.950000, 0.250000, 2.648486
1.000000, 0.250000, 2.033451
1.050000, 0.250000, 1.419281
1.100000, 0.250000, 0.940548
1.150000, 0.250000, 0.702475
1.200000, 0.250000, 0.757989
1.250000, 0.250000, 1.096163
1.300000, 0.250000, 1.644589
1.350000, 0.250000, 2.285150
1.400000, 0.250000, 2.879753
1.450000, 0.250000, 3.300425
1.500000, 0.250000, 3.457197
1.550000, 0.250000, 3.317710
1.600000, 0.250000, 2.914258
1.650000, 0.250000, 2.336746
1.700000, 0.250000, 1.713083
1.750000, 0.250000, 1.181297
1.800000, 0.250000, 0.859446
1.850000, 0.250000, 0.819876
1.900000, 0.250000, 1.073455
1.950000, 0.250000, 1.567202
2.000000, 0.250000, 2.195837
0.000000, 0.300000, 2.034012
0.050000, 0.300000, 2.631792
0.100000, 0.300000, 3.097141
0.150000, 0.300000, 3.324690
0.200000, 0.300000, 3.261365
0.250000, 0.300000, 2.917946
0.300000, 0.300000, 2.366695
0.350000, 0.300000, 1.725584
0.400000, 0.300000, 1.132564
0.450000, 0.300000, 0.715470
0.500000, 0.300000, 0.564134
0.550000, 0.300000, 0.710784
0.600000, 0.300000, 1.123000
0.650000, 0.300000, 1.710756
0.700000, 0.300000, 2.346026
0.750000, 0.300000, 2.890674
0.800000, 0.300000, 3.226541
0.850000, 0.300000, 3.281185
0.900000, 0.300000, 3.043651
0.950000, 0.300000, 2.566843
1.000000, 0.300000, 1.955968
1.050000, 0.300000, 1.345589
1.100000, 0.300000, 0.870273
1.150000, 0.300000, 0.635240
1.200000, 0.300000, 0.693410
1.250000, 0.300000, 1.033857
1.300000, 0.300000, 1.584173
1.350000, 0.300000, 2.226240
1.400000, 0.300000, 2.821969
1.450000, 0.300000, 3.243392
1.500000, 0.300000, 3.400544
1.550000, 0.300000, 3.261072
1.600000, 0.300000, 2.857279
1.650000, 0.300000, 2.279079
1.700000, 0.300000, 1.654392
1.750000, 0.300000, 1.121257
1.800000, 0.300000, 0.797745
1.850000, 0.300000, 0.756216
1.900000, 0.300000, 1.007554
1.950000, 0.300000, 1.498793
2.000000, 0.300000, 2.124671
0.000000, 0.350000, 1.476151
0.050000, 0.350000, 2.082386
0.100000, 0.350000, 2.556132
0.150000, 0.350000, 2.791987
0.200000, 0.350000, 2.736847
0.250000, 0.350000, 2.401461
0.300000, 0.350000, 1.858062
0.350000, 0.350000, 1.224596
0.400000, 0.350000, 0.638983
0.450000, 0.350000, 0.229034
0.500000, 0.350000, 0.084555
0.550000, 0.350000, 0.237751
0.600000, 0.350000, 0.656180
0.650000, 0.350000, 1.249794
0.700000, 0.350000, 1.890550
0.750000, 0.350000, 2.440293
0.800000, 0.350000, 2.780850
0.850000, 0.350000, 2.839764
0.900000, 0.350000, 2.606072
0.950000, 0.350000, 2.132665
1.000000, 0.350000, 1.524745
1.050000, 0.350000, 0.916869
1.100000, 0.350000, 0.443601
1.150000, 0.350000, 0.210160
1.200000, 0.350000, 0.269469
1.250000, 0.350000, 0.610604
1.300000, 0.350000, 1.161163
1.350000, 0.350000, 1.803037
1.400000, 0.350000, 2.398148
1.450000, 0.350000, 2.818537
1.500000, 0.350000, 2.974257
1.550000, 0.350000, 2.832970
1.600000, 0.350000, 2.426998
1.650000, 0.350000, 1.846274
1.700000, 0.350000, 1.218742
1.750000, 0.350000, 0.682465
1.800000, 0.350000, 0.355538
1.850000, 0.350000, 0.310351
1.900000, 0.350000, 0.557815
1.950000, 0.350000, 1.044994
2.000000, 0.350000, 1.666659
0.000000, 0.400000, 0.789304
0.050000, 0.400000, 1.403962
0.100000, 0.400000, 1.886059
0.150000, 0.400000, 2.130151
0.200000, 0.400000, 2.083098
0.250000, 0.400000, 1.755609
0.300000, 0.400000, 1.219881
0.350000, 0.400000, 0.593821
0.400000, 0.400000, 0.015320
0.450000, 0.400000, -0.387849
0.500000, 0.400000, -0.525907
0.550000, 0.400000, -0.366678
0.600000, 0.400000, 0.057368
0.650000, 0.400000, 0.656162
0.700000, 0.400000, 1.301639
0.750000, 0.400000, 1.855625
0.800000, 0.400000, 2.199932
0.850000, 0.400000, 2.262091
0.900000, 0.400000, 2.031129
0.950000, 0.400000, 1.559932
1.000000, 0.400000, 0.953698
1.050000, 0.400000, 0.346985
1.100000, 0.400000, -0.125640
1.150000, 0.400000, -0.358951
1.200000, 0.400000, -0.300015
1.250000, 0.400000, 0.040259
1.300000, 0.400000, 0.589485
1.350000, 0.400000, 1.229573
1.400000, 0.400000, 1.822468
1.450000, 0.400000, 2.240238
1.500000, 0.400000, 2.392963
1.550000, 0.400000, 2.248339
1.600000, 0.400000, 1.838721
1.650000, 0.400000, 1.254078
1.700000, 0.400000, 0.622394
1.750000, 0.400000, 0.081773
1.800000, 0.400000, -0.249646
1.850000, 0.400000, -0.299430
1.900000, 0.400000, -0.056622
1.950000, 0.400000, 0.425892
2.000000, 0.400000, 1.042930
0.000000, 0.450000, 0.239035
0.050000, 0.450000, 0.862078
0.100000, 0.450000, 1.352474
0.150000, 0.450000, 1.604729
0.200000, 0.450000, 1.565654
0.250000, 0.450000, 1.245911
0.300000, 0.450000, 0.717650
0.350000, 0.450000, 0.098735
0.400000, 0.450000, -0.472985
0.450000, 0.450000, -0.869776
0.500000, 0.450000, -1.001894
0.550000, 0.450000, -0.837196
0.600000, 0.450000, -0.408182
0.650000, 0.450000, 0.195055
0.700000, 0.450000, 0.844427
0.750000, 0.450000, 1.401744
0.800000, 0.450000, 1.748804
0.850000, 0.450000, 1.813132
0.900000, 0.450000, 1.583747
0.950000, 0.450000, 1.113539
1.000000, 0.450000, 0.507710
1.050000, 0.450000, -0.099172
1.100000, 0.450000, -0.572524
1.150000, 0.450000, -0.807102
1.200000, 0.450000, -0.749949
1.250000, 0.450000, -0.411946
1.300000, 0.450000, 0.134555
1.350000, 0.450000, 0.771500
1.400000, 0.450000, 1.360875
1.450000, 0.450000, 1.774793
1.500000, 0.450000, 1.923381
1.550000, 0.450000, 1.774387
1.600000, 0.450000, 1.360220
1.650000, 0.450000, 0.770908
1.700000, 0.450000, 0.134490
1.750000, 0.450000, -0.410866
1.800000, 0.450000, -0.746960
1.850000, 0.450000, -0.801294
1.900000, 0.450000, -0.562846
1.950000, 0.450000, -0.084438
2.000000, 0.450000, 0.528812
0.000000, 0.500000, 0.040179
0.050000, 0.500000, 0.671566
0.100000, 0.500000, 1.170205
0.150000, 0.500000, 1.430541
0.200000, 0.500000, 1.399325
0.250000, 0.500000, 1.087161
0.300000, 0.500000, 0.566144
0.350000, 0.500000, -0.045913
0.400000, 0.500000, -0.611212
0.450000, 0.500000, -1.002063
0.500000, 0.500000, -1.128763
0.550000, 0.500000, -0.959205
0.600000, 0.500000, -0.525918
0.650000, 0.500000, 0.080977
0.700000, 0.500000, 0.733374
0.750000, 0.500000, 1.293071
0.800000, 0.500000, 1.641857
0.850000, 0.500000, 1.707255
0.900000, 0.500000, 1.478292
0.950000, 0.500000, 1.007868
1.000000, 0.500000, 0.401203
1.050000, 0.500000, -0.207108
1.100000, 0.500000, -0.682454
1.150000, 0.500000, -0.919552
1.200000, 0.500000, -0.865402
1.250000, 0.500000, -0.530838
1.300000, 0.500000, 0.011842
1.350000, 0.500000, 0.644644
1.400000, 0.500000, 1.229617
1.450000, 0.500000, 1.638939
1.500000, 0.500000, 1.782811
1.550000, 0.500000, 1.629053
1.600000, 0.500000, 1.210151
1.650000, 0.500000, 0.616210
1.700000, 0.500000, -0.024648
1.750000, 0.500000, -0.574178
1.800000, 0.500000, -0.914096
1.850000, 0.500000, -0.971827
1.900000, 0.500000, -0.736269
1.950000, 0.500000, -0.260167
2.000000, 0.500000, 0.351438
0.000000, 0.550000, 0.274769
0.050000, 0.550000, 0.914456
0.100000, 0.550000, 1.421277
0.150000, 0.550000, 1.689606
0.200000, 0.550000, 1.666120
0.250000, 0.550000, 1.361356
0.300000, 0.550000, 0.847342
0.350000, 0.550000, 0.241831
0.400000, 0.550000, -0.317437
0.450000, 0.550000, -0.702818
0.500000, 0.550000, -0.824658
0.550000, 0.550000, -0.650885
0.600000, 0.550000, -0.214060
0.650000, 0.550000, 0.395676
0.700000, 0.550000, 1.050201
0.750000, 0.550000, 1.611306
0.800000, 0.550000, 1.960783
0.850000, 0.550000, 2.026167
0.900000, 0.550000, 1.796503
0.950000, 0.550000, 1.324719
1.000000, 0.550000, 0.716073
1.050000, 0.550000, 0.105202
1.100000, 0.550000, -0.373229
1.150000, 0.550000, -0.613878
1.200000, 0.550000, -0.563677
1.250000, 0.550000, -0.233388
1.300000, 0.550000, 0.304770
1.350000, 0.550000, 0.932888
1.400000, 0.550000, 1.513102
1.450000, 0.550000, 1.917684
1.500000, 0.550000, 2.056928
1.550000, 0.550000, 1.898751
1.600000, 0.550000, 1.475737
1.650000, 0.550000, 0.878089
1.700000, 0.550000, 0.234024
1.750000, 0.550000, -0.318115
1.800000, 0.550000, -0.659955
1.850000, 0.550000, -0.718830
1.900000, 0.550000, -0.483556
1.950000, 0.550000, -0.006799
2.000000, 0.550000, 0.606471
0.000000, 0.600000, 0.860690
0.050000, 0.600000, 1.508629
0.100000, 0.600000, 2.023568
0.150000, 0.600000, 2.299794
0.200000, 0.600000, 2.283900
0.250000, 0.600000, 1.986341
0.300000, 0.600000, 1.479072
0.350000, 0.600000, 0.879773
0.400000, 0.600000, 0.326124
0.450000, 0.600000, -0.054290
0.500000, 0.600000, -0.171857
0.550000, 0.600000, 0.005454
0.600000, 0.600000, 0.445058
0.650000, 0.600000, 1.056795
0.700000, 0.600000, 1.712538
0.750000, 0.600000, 2.274083
0.800000, 0.600000, 2.623239
0.850000, 0.600000, 2.687568
0.900000, 0.600000, 2.456153
0.950000, 0.600000, 1.981971
1.000000, 0.600000, 1.370341
1.050000, 0.600000, 0.755970
1.100000, 0.600000, 0.273600
1.150000, 0.600000, 0.028661
1.200000, 0.600000, 0.074315
1.250000, 0.600000, 0.399902
1.300000, 0.600000, 0.933309
1.350000, 0.600000, 1.556737
1.400000, 0.600000, 2.132437
1.450000, 0.600000, 2.532798
1.500000, 0.600000, 2.668230
1.550000, 0.600000, 2.506764
1.600000, 0.600000, 2.081099
1.650000, 0.600000, 1.481547
1.700000, 0.600000, 0.836432
1.750000, 0.600000, 0.284193
1.800000, 0.600000, -0.056703
1.850000, 0.600000, -0.113509
1.900000, 0.600000, 0.125034
1.950000, 0.600000, 0.606322
2.000000, 0.600000, 1.225434
0.000000, 0.650000, 1.583027
0.050000, 0.650000, 2.239167
0.100000, 0.650000, 2.762156
0.150000, 0.650000, 3.046177
0.200000, 0.650000, 3.037728
0.250000, 0.650000, 2.747169
0.300000, 0.650000, 2.246367
0.350000, 0.650000, 1.652927
0.400000, 0.650000, 1.104457
0.450000, 0.650000, 0.728486
0.500000, 0.650000, 0.614577
0.550000, 0.650000, 0.794730
0.600000, 0.650000, 1.236335
0.650000, 0.650000, 1.849226
0.700000, 0.650000, 2.505285
0.750000, 0.650000, 3.066326
0.800000, 0.650000, 3.414196
0.850000, 0.650000, 3.476504
0.900000, 0.650000, 3.242398
0.950000, 0.650000, 2.764930
1.000000, 0.650000, 2.149508
1.050000, 0.650000, 1.530935
1.100000, 0.650000, 1.044066
1.150000, 0.650000, 0.794446
1.200000, 0.650000, 0.835362
1.250000, 0.650000, 1.156286
1.300000, 0.650000, 1.685238
1.350000, 0.650000, 2.304555
1.400000, 0.650000, 2.876626
1.450000, 0.650000, 3.273973
1.500000, 0.650000, 3.407139
1.550000, 0.650000, 3.244282
1.600000, 0.650000, 2.818218
1.650000, 0.650000, 2.219371
1.700000, 0.650000, 1.576163
1.750000, 0.650000, 1.027122
1.800000, 0.650000, 0.690786
1.850000, 0.650000, 0.639964
1.900000, 0.650000, 0.885955
1.950000, 0.650000, 1.376180
2.000000, 0.650000, 2.005726
0.000000, 0.700000, 2.176136
0.050000, 0.700000, 2.840424
0.100000, 0.700000, 3.371391
0.150000, 0.700000, 3.663102
0.200000, 0.700000, 3.661940
0.250000, 0.700000, 3.378162
0.300000, 0.700000, 2.883537
0.350000, 0.700000, 2.295582
0.400000, 0.700000, 1.751833
0.450000, 0.700000, 1.379758
0.500000, 0.700000, 1.268875
0.550000, 0.700000, 1.451154
0.600000, 0.700000, 1.893978
0.650000, 0.700000, 2.507184
0.700000, 0.700000, 3.162679
0.750000, 0.700000, 3.722320
0.800000, 0.700000, 4.068012
0.850000, 0.700000, 4.127442
0.900000, 0.700000, 3.889850
0.950000, 0.700000, 3.408396
1.000000, 0.700000, 2.788607
1.050000, 0.700000, 2.165419
1.100000, 0.700000, 1.673828
1.150000, 0.700000, 1.419531
1.200000, 0.700000, 1.455968
1.250000, 0.700000, 1.772768
1.300000, 0.700000, 2.298112
1.350000, 0.700000, 2.914493
1.400000, 0.700000, 3.484451
1.450000, 0.700000, 3.880654
1.500000, 0.700000, 4.013781
1.550000, 0.700000, 3.852112
1.600000, 0.700000, 3.428575
1.650000, 0.700000, 2.833687
1.700000, 0.700000, 2.195944
1.750000, 0.700000, 1.653930
1.800000, 0.700000, 1.326218
1.850000, 0.700000, 1.285627
1.900000, 0.700000, 1.543447
1.950000, 0.700000, 2.047063
2.000000, 0.700000, 2.691505
0.000000, 0.750000, 2.425097
0.050000, 0.750000, 3.097478
0.100000, 0.750000, 3.636347
0.150000, 0.750000, 3.935636
0.200000, 0.750000, 3.941598
0.250000, 0.750000, 3.664371
0.300000, 0.750000, 3.175616
0.350000, 0.750000, 2.592757
0.400000, 0.750000, 2.053251
0.450000, 0.750000, 1.684506
0.500000, 0.750000, 1.576002
0.550000, 0.750000, 1.759690
0.600000, 0.750000, 2.202954
0.650000, 0.750000, 2.815657
0.700000, 0.750000, 3.469751
0.750000, 0.750000, 4.027164
0.800000, 0.750000, 4.369888
0.850000, 0.750000, 4.425719
0.900000, 0.750000, 4.184024
0.950000, 0.750000, 3.698105
1.000000, 0.750000, 3.073645
1.050000, 0.750000, 2.445750
1.100000, 0.750000, 1.949588
1.150000, 0.750000, 1.691037
1.200000, 0.750000, 1.723720
1.250000, 0.750000, 2.037448
1.300000, 0.750000, 2.560576
1.350000, 0.750000, 3.175766
1.400000, 0.750000, 3.745714
1.450000, 0.750000, 4.143230
1.500000, 0.750000, 4.279116
1.550000, 0.750000, 4.121757
1.600000, 0.750000, 3.704161
1.650000, 0.750000, 3.116900
1.700000, 0.750000, 2.488500
1.750000, 0.750000, 1.957547
1.800000, 0.750000, 1.642584
1.850000, 0.750000, 1.616375
1.900000, 0.750000, 1.890121
1.950000, 0.750000, 2.411093
2.000000, 0.750000, 3.074178
0.000000, 0.800000, 2.247785
0.050000, 0.800000, 2.928201
0.100000, 0.800000, 3.474895
0.150000, 0.800000, 3.781644
0.200000, 0.800000, 3.794559
0.250000, 0.800000, 3.523642
0.300000, 0.800000, 3.040437
0.350000, 0.800000, 2.462267
0.400000, 0.800000, 1.926511
0.450000, 0.800000, 1.560521
0.500000, 0.800000, 1.453742
0.550000, 0.800000, 1.638122
0.600000, 0.800000, 2.081064
0.650000, 0.800000, 2.692480
0.700000, 0.800000, 3.344397
0.750000, 0.800000, 3.898842
0.800000, 0.800000, 4.237930
0.850000, 0.800000, 4.289604
0.900000, 0.800000, 4.043394
0.950000, 0.800000, 3.552784
1.000000, 0.800000, 2.923650
1.050000, 0.800000, 2.291299
1.100000, 0.800000, 1.791107
1.150000, 0.800000, 1.529159
1.200000, 0.800000, 1.559281
1.250000, 0.800000, 1.871480
1.300000, 0.800000, 2.394293
1.350000, 0.800000, 3.010547
1.400000, 0.800000, 3.583084
1.450000, 0.800000, 3.984834
1.500000, 0.800000, 4.126692
1.550000, 0.800000, 3.977106
1.600000, 0.800000, 3.569112
1.650000, 0.800000, 2.993279
1.700000, 0.800000, 2.378093
1.750000, 0.800000, 1.862062
1.800000, 0.800000, 1.563620
1.850000, 0.800000, 1.555384
1.900000, 0.800000, 1.848375
1.950000, 0.800000, 2.389655
2.000000, 0.800000, 3.073872
0.000000, 0.850000, 1.726218
0.050000, 0.850000, 2.414611
0.100000, 0.850000, 2.969048
0.150000, 0.850000, 3.283137
0.200000, 0.850000, 3.302824
0.250000, 0.850000, 3.037967
0.300000, 0.850000, 2.559980
0.350000, 0.850000, 1.986082
0.400000, 0.850000, 1.453571
0.450000, 0.850000, 1.089748
0.500000, 0.850000, 0.984040
0.550000, 0.850000, 1.168405
0.600000, 0.850000, 1.610292
0.650000, 0.850000, 2.219688
0.700000, 0.850000, 2.868727
0.750000, 0.850000, 3.419573
0.800000, 0.850000, 3.754504
0.850000, 0.850000, 3.801648
0.900000, 0.850000, 3.550741
0.950000, 0.850000, 3.055486
1.000000, 0.850000, 2.421990
1.050000, 0.850000, 1.785794
1.100000, 0.850000, 1.282507
1.150000, 0.850000, 1.018441
1.200000, 0.850000, 1.047637
1.250000, 0.850000, 1.360298
1.300000, 0.850000, 1.885136
1.350000, 0.850000, 2.505124
1.400000, 0.850000, 3.083219
1.450000, 0.850000, 3.492428
1.500000, 0.850000, 3.643685
1.550000, 0.850000, 3.505438
1.600000, 0.850000, 3.110679
1.650000, 0.850000, 2.549888
1.700000, 0.850000, 1.951421
1.750000, 0.850000, 1.453615
1.800000, 0.850000, 1.174693
1.850000, 0.850000, 1.187022
1.900000, 0.850000, 1.501348
1.950000, 0.850000, 2.064423
2.000000, 0.850000, 2.770567
0.000000, 0.900000, 1.075212
0.050000, 0.900000, 1.771521
0.100000, 0.900000, 2.333619
0.150000, 0.900000, 2.654922
0.200000, 0.900000, 2.681197
0.250000, 0.900000, 2.422139
0.300000, 0.900000, 1.949027
0.350000, 0.900000, 1.378970
0.400000, 0.900000, 0.849189
0.450000, 0.900000, 0.486944
0.500000, 0.900000, 0.381658
0.550000, 0.900000, 0.565322
0.600000, 0.900000, 1.005457
0.650000, 0.900000, 1.612163
0.700000, 0.900000, 2.257716
0.750000, 0.900000, 2.804458
0.800000, 0.900000, 3.134874
0.850000, 0.900000, 3.177321
0.900000, 0.900000, 2.921782
0.950000, 0.900000, 2.422217
1.000000, 0.900000, 1.784997
1.050000, 0.900000, 1.145923
1.100000, 0.900000, 0.640858
1.150000, 0.900000, 0.376348
1.200000, 0.900000, 0.406647
1.250000, 0.900000, 0.722139
1.300000, 0.900000, 1.251685
1.350000, 0.900000, 1.878364
1.400000, 0.900000, 2.465193
1.450000, 0.900000, 2.885195
1.500000, 0.900000, 3.049267
1.550000, 0.900000, 2.925767
1.600000, 0.900000, 2.547548
1.650000, 0.900000, 2.004901
1.700000, 0.900000, 1.425947
1.750000, 0.900000, 0.948742
1.800000, 0.900000, 0.691191
1.850000, 0.900000, 0.725315
1.900000, 0.900000, 1.061483
1.950000, 0.900000, 1.646058
2.000000, 0.900000, 2.372960
0.000000, 0.950000, 0.560305
0.050000, 0.950000, 1.264469
0.100000, 0.950000, 1.834143
0.150000, 0.950000, 2.162530
0.200000, 0.950000, 2.195201
0.250000, 0.950000, 1.941675
0.300000, 0.950000, 1.473085
0.350000, 0.950000, 0.906429
0.400000, 0.950000, 0.378857
0.450000, 0.950000, 0.017601
0.500000, 0.950000, -0.087901
0.550000, 0.950000, 0.094403
0.600000, 0.950000, 0.532142
0.650000, 0.950000, 1.135561
0.700000, 0.950000, 1.777128
0.750000, 0.950000, 2.319405
0.800000, 0.950000, 2.645130
0.850000, 0.950000, 2.682932
0.900000, 0.950000, 2.423083
0.950000, 0.950000, 1.919837
1.000000, 0.950000, 1.279853
1.050000, 0.950000, 0.639214
1.100000, 0.950000, 0.134040
1.150000, 0.950000, -0.128893
1.200000, 0.950000, -0.095138
1.250000, 0.950000, 0.225839
1.300000, 0.950000, 0.762996
1.350000, 0.950000, 1.399458
1.400000, 0.950000, 1.998228
1.450000, 0.950000, 2.432254
1.500000, 0.950000, 2.612299
1.550000, 0.950000, 2.506524
1.600000, 0.950000, 2.147534
1.650000, 0.950000, 1.625317
1.700000, 0.950000, 1.067642
1.750000, 0.950000, 0.612181
1.800000, 0.950000, 0.376421
1.850000, 0.950000, 0.431945
1.900000, 0.950000, 0.788675
1.950000, 0.950000, 1.392531
2.000000, 0.950000, 2.137000
0.000000, 1.000000, 0.396308
0.050000, 1.000000, 1.108266
0.100000, 1.000000, 1.685431
0.150000, 1.000000, 2.020770
0.200000, 1.000000, 2.059639
0.250000, 1.000000, 1.811368
0.300000, 1.000000, 1.346938
0.350000, 1.000000, 0.783237
0.400000, 1.000000, 0.257352
0.450000, 1.000000, -0.103499
0.500000, 1.000000, -0.209837
0.550000, 1.000000, -0.029514
0.600000, 1.000000, 0.405240
0.650000, 1.000000, 1.004867
0.700000, 1.000000, 1.642067
0.750000, 1.000000, 2.179674
0.800000, 1.000000, 2.500724
0.850000, 1.000000, 2.534165
0.900000, 1.000000, 2.270591
0.950000, 1.000000, 1.764582
1.000000, 1.000000, 1.123105
1.050000, 1.000000, 0.482528
1.100000, 1.000000, -0.020777
1.150000, 1.000000, -0.279829
1.200000, 1.000000, -0.240026
1.250000, 1.000000, 0.089259
1.300000, 1.000000, 0.637012
1.350000, 1.000000, 1.286318
1.400000, 1.000000, 1.900066
1.450000, 1.000000, 2.351023
1.500000, 1.000000, 2.549699
1.550000, 1.000000, 2.463946
1.600000, 1.000000, 2.125994
1.650000, 1.000000, 1.625412
1.700000, 1.000000, 1.089516
1.750000, 1.000000, 0.655493
1.800000, 1.000000, 0.440337
1.850000, 1.000000, 0.515133
1.900000, 1.000000, 0.889327
1.950000, 1.000000, 1.508385
2.000000, 1.000000, 2.265389
0.000000, 1.050000, 0.665239
0.050000, 1.050000, 1.384928
0.100000, 1.050000, 1.969497
0.150000, 1.050000, 2.311653
0.200000, 1.050000, 2.356517
0.250000, 1.050000, 2.113219
0.300000, 1.050000, 1.652581
0.350000, 1.050000, 1.091383
0.400000, 1.050000, 0.566660
0.450000, 1.050000, 0.205641
0.500000, 1.050000, 0.097873
0.550000, 1.050000, 0.275636
0.600000, 1.050000, 0.706890
0.650000, 1.050000, 1.302316
0.700000, 1.050000, 1.934900
0.750000, 1.050000, 2.467800
0.800000, 1.050000, 2.784394
0.850000, 1.050000, 2.813990
0.900000, 1.050000, 2.547539
0.950000, 1.050000, 2.039964
1.000000, 1.050000, 1.398550
1.050000, 1.050000, 0.759940
1.100000, 1.050000, 0.260731
1.150000, 1.050000, 0.008068
1.200000, 1.050000, 0.056645
1.250000, 1.050000, 0.397103
1.300000, 1.050000, 0.958363
1.350000, 1.050000, 1.623362
1.400000, 1.050000, 2.254760
1.450000, 1.050000, 2.725017
1.500000, 1.050000, 2.944266
1.550000, 1.050000, 2.879920
1.600000, 1.050000, 2.563722
1.650000, 1.050000, 2.084717
1.700000, 1.050000, 1.569677
1.750000, 1.050000, 1.155241
1.800000, 1.050000, 0.957865
1.850000, 1.050000, 1.048133
1.900000, 1.050000, 1.435031
1.950000, 1.050000, 2.063633
2.000000, 1.050000, 2.826704
0.000000, 1.100000, 1.284967
0.050000, 1.100000, 2.012325
0.100000, 1.100000, 2.604209
0.150000, 1.100000, 2.953045
0.200000, 1.100000, 3.003697
0.250000, 1.100000, 2.765084
0.300000, 1.100000, 2.307863
0.350000, 1.100000, 1.748713
0.400000, 1.100000, 1.224633
0.450000, 1.100000, 0.862886
0.500000, 1.100000, 0.753125
0.550000, 1.100000, 0.927803
0.600000, 1.100000, 1.355118
0.650000, 1.100000, 1.946044
0.700000, 1.100000, 2.573907
0.750000, 1.100000, 3.102235
0.800000, 1.100000, 3.414800
0.850000, 1.100000, 3.441301
0.900000, 1.100000, 3.173072
0.950000, 1.100000, 2.665387
1.000000, 1.100000, 2.025842
1.050000, 1.100000, 1.391329
1.100000, 1.100000, 0.898623
1.150000, 1.100000, 0.654966
1.200000, 1.100000, 0.715060
1.250000, 1.100000, 1.069462
1.300000, 1.100000, 1.646910
1.350000, 1.100000, 2.330068
1.400000, 1.100000, 2.981235
1.450000, 1.100000, 3.472430
1.500000, 1.100000, 3.713284
1.550000, 1.100000, 3.670652
1.600000, 1.100000, 3.375689
1.650000, 1.100000, 2.916837
1.700000, 1.100000, 2.420268
1.750000, 1.100000, 2.022054
1.800000, 1.100000, 1.838129
1.850000, 1.100000, 1.938622
1.900000, 1.100000, 2.332155
1.950000, 1.100000, 2.963535
2.000000, 1.100000, 3.725380
0.000000, 1.150000, 2.040563
0.050000, 1.150000, 2.775530
0.100000, 1.150000, 3.374641
0.150000, 1.150000, 3.730016
0.200000, 1.150000, 3.786246
0.250000, 1.150000, 3.552023
0.300000, 1.150000, 3.097840
0.350000, 1.150000, 2.540283
0.400000, 1.150000, 2.016333
0.450000, 1.150000, 1.653318
0.500000, 1.150000, 1.541038
0.550000, 1.150000, 1.712165
0.600000, 1.150000, 2.135190
0.650000, 1.150000, 2.721435
0.700000, 1.150000, 3.344621
0.750000, 1.150000, 3.868695
0.800000, 1.150000, 4.177863
0.850000, 1.150000, 4.202246
0.900000, 1.150000, 3.933573
0.950000, 1.150000, 3.427465
1.000000, 1.150000, 2.791802
1.050000, 1.150000, 2.163677
1.100000, 1.150000, 1.679977
1.150000, 1.150000, 1.447953
1.200000, 1.150000, 1.522206
1.250000, 1.150000, 1.893085
1.300000, 1.150000, 2.489016
1.350000, 1.150000, 3.192248
1.400000, 1.150000, 3.864583
1.450000, 1.150000, 4.377469
1.500000, 1.150000, 4.639914
1.550000, 1.150000, 4.618119
1.600000, 1.150000, 4.342577
1.650000, 1.150000, 3.901089
1.700000, 1.150000, 3.419228
1.750000, 1.150000, 3.032532
1.800000, 1.150000, 2.856495
1.850000, 1.150000, 2.960915
1.900000, 1.150000, 3.354210
1.950000, 1.150000, 3.981128
2.000000, 1.150000, 4.734375
0.000000, 1.200000, 2.666377
0.050000, 1.200000, 3.408891
0.100000, 1.200000, 4.015142
0.150000, 1.200000, 4.376914
0.200000, 1.200000, 4.438507
0.250000, 1.200000, 4.208376
0.300000, 1.200000, 3.756851
0.350000, 1.200000, 3.200431
0.400000, 1.200000, 2.676110
0.450000, 1.200000, 2.311312
0.500000, 1.200000, 2.196028
0.550000, 1.200000, 2.363206
0.600000, 1.200000, 2.781684
0.650000, 1.200000, 3.363192
0.700000, 1.200000, 3.981898
0.750000, 1.200000, 4.502219
0.800000, 1.200000, 4.808826
0.850000, 1.200000, 4.832282
0.900000, 1.200000, 4.564711
0.950000, 1.200000, 4.062060
1.000000, 1.200000, 3.432444
1.050000, 1.200000, 2.813093
1.100000, 1.200000, 2.340911
1.150000, 1.200000, 2.123046
1.200000, 1.200000, 2.213872
1.250000, 1.200000, 2.603390
1.300000, 1.200000, 3.219567
1.350000, 1.200000, 3.944097
1.400000, 1.200000, 4.638147
1.450000, 1.200000, 5.172477
1.500000, 1.200000, 5.455375
1.550000, 1.200000, 5.452326
1.600000, 1.200000, 5.193136
1.650000, 1.200000, 4.764976
1.700000, 1.200000, 4.292881
1.750000, 1.200000, 3.911964
1.800000, 1.200000, 3.737431
1.850000, 1.200000, 3.838947
1.900000, 1.200000, 4.224964
1.950000, 1.200000, 4.840437
2.000000, 1.200000, 5.578451
0.000000, 1.250000, 2.947482
0.050000, 1.250000, 3.697485
0.100000, 1.250000, 4.310787
0.150000, 1.250000, 4.678814
0.200000, 1.250000, 4.745553
0.250000, 1.250000, 4.519213
0.300000, 1.250000, 4.069960
0.350000, 1.250000, 3.514229
0.400000, 1.250000, 2.989046
0.450000, 1.250000, 2.621978
0.500000, 1.250000, 2.503255
0.550000, 1.250000, 2.666158
0.600000, 1.250000, 3.079933
0.650000, 1.250000, 3.656778
0.700000, 1.250000, 4.271361
0.750000, 1.250000, 4.788609
0.800000, 1.250000, 5.093687
0.850000, 1.250000, 5.117606
0.900000, 1.250000, 4.852866
0.950000, 1.250000, 4.355700
1.000000, 1.250000, 3.734392
1.050000, 1.250000, 3.126214
1.100000, 1.250000, 2.667975
1.150000, 1.250000, 2.466588
1.200000, 1.250000, 2.576052
1.250000, 1.250000, 2.985872
1.300000, 1.250000, 3.623406
1.350000, 1.250000, 4.369651
1.400000, 1.250000, 5.085019
1.450000, 1.250000, 5.639489
1.500000, 1.250000, 5.940574
1.550000, 1.250000, 5.953023
1.600000, 1.250000, 5.705986
1.650000, 1.250000, 5.286089
1.700000, 1.250000, 4.817957
1.750000, 1.250000, 4.436461
1.800000, 1.250000, 4.256745
1.850000, 1.250000, 4.348608
1.900000, 1.250000, 4.720830
1.950000, 1.250000, 5.318887
2.000000, 1.250000, 6.036562
0.000000, 1.300000, 2.801752
0.050000, 1.300000, 3.559186
0.100000, 1.300000, 4.179451
0.150000, 1.300000, 4.553590
0.200000, 1.300000, 4.625255
0.250000, 1.300000, 4.402401
0.300000, 1.300000, 3.955038
0.350000, 1.300000, 3.399550
0.400000, 1.300000, 2.873034
0.450000, 1.300000, 2.503240
0.500000, 1.300000, 2.380697
0.550000, 1.300000, 2.539078
0.600000, 1.300000, 2.948102
0.650000, 1.300000, 3.520491
0.700000, 1.300000, 4.131466
0.750000, 1.300000, 4.646499
0.800000, 1.300000, 4.951262
0.850000, 1.300000, 4.977205
0.900000, 1.300000, 4.717174
0.950000, 1.300000, 4.227619
1.000000, 1.300000, 3.616907
1.050000, 1.300000, 3.022237
1.100000, 1.300000, 2.580186
1.150000, 1.300000, 2.397280
1.200000, 1.300000, 2.526992
1.250000, 1.300000, 2.958168
1.300000, 1.300000, 3.617413
1.350000, 1.300000, 4.384907
1.400000, 1.300000, 5.120212
1.450000, 1.300000, 5.692471
1.500000, 1.300000, 6.008411
1.550000, 1.300000, 6.032095
1.600000, 1.300000, 5.792111
1.650000, 1.300000, 5.374694
1.700000, 1.300000, 4.904268
1.750000, 1.300000, 4.515712
1.800000, 1.300000, 4.324404
1.850000, 1.300000, 4.400592
1.900000, 1.300000, 4.753716
1.950000, 1.300000, 5.330103
2.000000, 1.300000, 6.024544
0.000000, 1.350000, 2.311207
0.050000, 1.350000, 3.076015
0.100000, 1.350000, 3.703159
0.150000, 1.350000, 4.083264
0.200000, 1.350000, 4.159633
0.250000, 1.350000, 3.939960
0.300000, 1.350000, 3.494104
0.350000, 1.350000, 2.938423
0.400000, 1.350000, 2.410121
0.450000, 1.350000, 2.037184
0.500000, 1.350000, 1.910498
0.550000, 1.350000, 2.064195
0.600000, 1.350000, 2.468529
0.650000, 1.350000, 3.036808
0.700000, 1.350000, 3.644846
0.750000, 1.350000, 4.158688
0.800000, 1.350000, 4.464515
0.850000, 1.350000, 4.494193
0.900000, 1.350000, 4.240852
0.950000, 1.350000, 3.761080
1.000000, 1.350000, 3.163211
1.050000, 1.350000, 2.584234
1.100000, 1.350000, 2.160342
1.150000, 1.350000, 1.997511
1.200000, 1.350000, 2.148521
1.250000, 1.350000, 2.601411
1.300000, 1.350000, 3.281906
1.350000, 1.350000, 4.069266
1.400000, 1.350000, 4.822154
1.450000, 1.350000, 5.408870
1.500000, 1.350000, 5.735414
1.550000, 1.350000, 5.765268
1.600000, 1.350000, 5.526639
1.650000, 1.350000, 5.105593
1.700000, 1.350000, 4.626632
1.750000, 1.350000, 4.224959
1.800000, 1.350000, 4.016518
1.850000, 1.350000, 4.072357
1.900000, 1.350000, 4.402912
1.950000, 1.350000, 4.955663
2.000000, 1.350000, 5.626668
0.000000, 1.400000, 1.690667
0.050000, 1.400000, 2.462797
0.100000, 1.400000, 3.096733
0.150000, 1.400000, 3.482660
0.200000, 1.400000, 3.563511
0.250000, 1.400000, 3.346712
0.300000, 1.400000, 2.901982
0.350000, 1.400000, 2.345682
0.400000, 1.400000, 1.815164
0.450000, 1.400000, 1.438707
0.500000, 1.400000, 1.307618
0.550000, 1.400000, 1.456557
0.600000, 1.400000, 1.856378
0.650000, 1.400000, 2.421027
0.700000, 1.400000, 3.026953
0.750000, 1.400000, 3.540784
0.800000, 1.400000, 3.849201
0.850000, 1.400000, 3.884435
0.900000, 1.400000, 3.639829
0.950000, 1.400000, 3.171999
1.000000, 1.400000, 2.589108
1.050000, 1.400000, 2.027781
1.100000, 1.400000, 1.623657
1.150000, 1.400000, 1.481995
1.200000, 1.400000, 1.654719
1.250000, 1.400000, 2.128928
1.300000, 1.400000, 2.829360
1.350000, 1.400000, 3.634302
1.400000, 1.400000, 4.401513
1.450000, 1.400000, 4.998512
1.500000, 1.400000, 5.330691
1.550000, 1.400000, 5.361144
1.600000, 1.400000, 5.117936
1.650000, 1.400000, 4.687266
1.700000, 1.400000, 4.194045
1.750000, 1.400000, 3.774156
1.800000, 1.400000, 3.544471
1.850000, 1.400000, 3.577171
1.900000, 1.400000, 3.883988
1.950000, 1.400000, 4.413799
2.000000, 1.400000, 5.064084
0.000000, 1.450000, 1.205679
0.050000, 1.450000, 1.985079
0.100000, 1.450000, 2.625724
0.150000, 1.450000, 3.017329
0.200000, 1.450000, 3.102437
0.250000, 1.450000, 2.888205
0.300000, 1.450000, 2.444225
0.350000, 1.450000, 1.886893
0.400000, 1.450000, 1.353755
0.450000, 1.450000, 0.973447
0.500000, 1.450000, 0.837762
0.550000, 1.450000, 0.981960
0.600000, 1.450000, 1.377560
0.650000, 1.450000, 1.939196
0.700000, 1.450000, 2.543977
0.750000, 1.450000, 3.059122
0.800000, 1.450000, 3.371772
0.850000, 1.450000, 3.414465
0.900000, 1.450000, 3.180653
0.950000, 1.450000, 2.726846
1.000000, 1.450000, 2.160886
1.050000, 1.450000, 1.618859
1.100000, 1.450000, 1.235674
1.150000, 1.450000, 1.115702
1.200000, 1.450000, 1.309870
1.250000, 1.450000, 1.804220
1.300000, 1.450000, 2.522439
1.350000, 1.450000, 3.341840
1.400000, 1.450000, 4.119333
1.450000, 1.450000, 4.721788
1.500000, 1.450000, 5.054187
1.550000, 1.450000, 5.079493
1.600000, 1.450000, 4.825946
1.650000, 1.450000, 4.380228
1.700000, 1.450000, 3.868029
1.750000, 1.450000, 3.426281
1.800000, 1.450000, 3.173125
1.850000, 1.450000, 3.182171
1.900000, 1.450000, 3.466670
1.950000, 1.450000, 3.977017
2.000000, 1.450000, 4.612138
0.000000, 1.500000, 1.071068
0.050000, 1.500000, 1.857689
0.100000, 1.500000, 2.504962
0.150000, 1.500000, 2.902100
0.200000, 1.500000, 2.991241
0.250000, 1.500000, 2.779271
0.300000, 1.500000, 2.335671
0.350000, 1.500000, 1.776906
0.400000, 1.500000, 1.240774
0.450000, 1.500000, 0.856329
0.500000, 1.500000, 0.715928
0.550000, 1.500000, 0.855497
0.600000, 1.500000, 1.247285
0.650000, 1.500000, 1.806655
0.700000, 1.500000, 2.411397
0.750000, 1.500000, 2.929301
0.800000, 1.500000, 3.247923
0.850000, 1.500000, 3.300016
0.900000, 1.500000, 3.079018
0.950000, 1.500000, 2.641184
1.000000, 1.500000, 2.093856
1.050000, 1.500000, 1.572401
1.100000, 1.500000, 1.210822
1.150000, 1.500000, 1.112440
1.200000, 1.500000, 1.327061
1.250000, 1.500000, 1.839597
1.300000, 1.500000, 2.572673
1.350000, 1.500000, 3.402677
1.400000, 1.500000, 4.185806
1.450000, 1.500000, 4.788480
1.500000, 1.500000, 5.115542
1.550000, 1.500000, 5.130155
1.600000, 1.500000, 4.861098
1.650000, 1.500000, 4.395920
1.700000, 1.500000, 3.861472
1.750000, 1.500000, 3.396078
1.800000, 1.500000, 3.119438
1.850000, 1.500000, 3.106798
1.900000, 1.500000, 3.373022
1.950000, 1.500000, 3.870009
2.000000, 1.500000, 4.497970
0.000000, 1.550000, 1.368865
0.050000, 1.550000, 2.162661
0.100000, 1.550000, 2.816483
0.150000, 1.550000, 3.219011
0.200000, 1.550000, 3.311961
0.250000, 1.550000, 3.101947
0.300000, 1.550000, 2.658362
0.350000, 1.550000, 2.097782
0.400000, 1.550000, 1.558313
0.450000, 1.550000, 1.169498
0.500000, 1.550000, 1.024333
0.550000, 1.550000, 1.159483
0.600000, 1.550000, 1.547983
0.650000, 1.550000, 2.105960
0.700000, 1.550000, 2.711892
0.750000, 1.550000, 3.234105
0.800000, 1.550000, 3.560500
0.850000, 1.550000, 3.623932
0.900000, 1.550000, 3.417681
0.950000, 1.550000, 2.997573
1.000000, 1.550000, 2.470266
1.050000, 1.550000, 1.970218
1.100000, 1.550000, 1.630353
1.150000, 1.550000, 1.552808
1.200000, 1.550000, 1.786175
1.250000, 1.550000, 2.314210
1.300000, 1.550000, 3.058520
1.350000, 1.550000, 3.894694
1.400000, 1.550000, 4.678422
1.450000, 1.550000, 5.275949
1.500000, 1.550000, 5.592319
1.550000, 1.550000, 5.591269
1.600000, 1.550000, 5.302519
1.650000, 1.550000, 4.814876
1.700000, 1.550000, 4.256700
1.750000, 1.550000, 3.768002
1.800000, 1.550000, 3.470228
1.850000, 1.550000, 3.440336
1.900000, 1.550000, 3.694750
1.950000, 1.550000, 4.186668
2.000000, 1.550000, 4.817249
0.000000, 1.600000, 2.016958
0.050000, 1.600000, 2.817887
0.100000, 1.600000, 3.478181
0.150000, 1.600000, 3.885956
0.200000, 1.600000, 3.982490
0.250000, 1.600000, 3.774130
0.300000, 1.600000, 3.330204
0.350000, 1.600000, 2.767445
0.400000, 1.600000, 2.224330
0.450000, 1.600000, 1.830966
0.500000, 1.600000, 1.681066
0.550000, 1.600000, 1.812104
0.600000, 1.600000, 2.197952
0.650000, 1.600000, 2.755532
0.700000, 1.600000, 3.363990
0.750000, 1.600000, 3.892144
0.800000, 1.600000, 4.228141
0.850000, 1.600000, 4.304808
0.900000, 1.600000, 4.115097
0.950000, 1.600000, 3.714218
1.000000, 1.600000, 3.207948
1.050000, 1.600000, 2.729655
1.100000, 1.600000, 2.411025
1.150000, 1.600000, 2.352902
1.200000, 1.600000, 2.602620
1.250000, 1.600000, 3.142809
1.300000, 1.600000, 3.894171
1.350000, 1.600000, 4.731700
1.400000, 1.600000, 5.510849
1.450000, 1.600000, 6.098037
1.500000, 1.600000, 6.398897
1.550000, 1.600000, 6.378154
1.600000, 1.600000, 6.066870
1.650000, 1.600000, 5.555471
1.700000, 1.600000, 4.974120
1.750000, 1.600000, 4.464693
1.800000, 1.600000, 4.150449
1.850000, 1.600000, 4.109969
1.900000, 1.600000, 4.360999
1.950000, 1.600000, 4.857646
2.000000, 1.600000, 5.501492
0.000000, 1.650000, 2.800440
0.050000, 1.650000, 3.608463
0.100000, 1.650000, 4.275154
0.150000, 1.650000, 4.688035
0.200000, 1.650000, 4.787931
0.250000, 1.650000, 4.580926
0.300000, 1.650000, 4.136312
0.350000, 1.650000, 3.571029
0.400000, 1.650000, 3.023996
0.450000, 1.650000, 2.625961
0.500000, 1.650000, 2.471433
0.550000, 1.650000, 2.598765
0.600000, 1.650000, 2.982709
0.650000, 1.650000, 3.540993
0.700000, 1.650000, 4.153409
0.750000, 1.650000, 4.689191
0.800000, 1.650000, 5.036616
0.850000, 1.650000, 5.128325
0.900000, 1.650000, 4.956758
0.950000, 1.650000, 4.576308
1.000000, 1.650000, 4.091675
1.050000, 1.650000, 3.634959
1.100000, 1.650000, 3.336480
1.150000, 1.650000, 3.295722
1.200000, 1.650000, 3.558769
1.250000, 1.650000, 4.107219
1.300000, 1.650000, 4.861062
1.350000, 1.650000, 5.694962
1.400000, 1.650000, 6.464487
1.450000, 1.650000, 7.036627
1.500000, 1.650000, 7.318027
1.550000, 1.650000, 7.274819
1.600000, 1.650000, 6.939779
1.650000, 1.650000, 6.405250
1.700000, 1.650000, 5.803385
1.750000, 1.650000, 5.277977
1.800000, 1.650000, 4.953987
1.850000, 1.650000, 4.911354
1.900000, 1.650000, 5.168715
1.950000, 1.650000, 5.680520
2.000000, 1.650000, 6.348092
0.000000, 1.700000, 3.453684
0.050000, 1.700000, 4.268767
0.100000, 1.700000, 4.941782
0.150000, 1.700000, 5.359631
0.200000, 1.700000, 5.462667
0.250000, 1.700000, 5.256720
0.300000, 1.700000, 4.811082
0.350000, 1.700000, 4.242954
0.400000, 1.700000, 3.691769
0.450000, 1.700000, 3.289001
0.500000, 1.700000, 3.130032
0.550000, 1.700000, 3.254158
0.600000, 1.700000, 3.637051
0.650000, 1.700000, 4.197242
0.700000, 1.700000, 4.815124
0.750000, 1.700000, 5.360249
0.800000, 1.700000, 5.720888
0.850000, 1.700000, 5.829316
0.900000, 1.700000, 5.677261
0.950000, 1.700000, 5.318091
1.000000, 1.700000, 4.855237
1.050000, 1.700000, 4.419376
1.100000, 1.700000, 4.139369
1.150000, 1.700000, 4.113319
1.200000, 1.700000, 4.386132
1.250000, 1.700000, 4.938545
1.300000, 1.700000, 5.690093
1.350000, 1.700000, 6.515459
1.400000, 1.700000, 7.270724
1.450000, 1.700000, 7.823886
1.500000, 1.700000, 8.083035
1.550000, 1.700000, 8.016101
1.600000, 1.700000, 7.657885
1.650000, 1.700000, 7.102843
1.700000, 1.700000, 6.485162
1.750000, 1.700000, 5.950437
1.800000, 1.700000, 5.625043
1.850000, 1.700000, 5.589816
1.900000, 1.700000, 5.863679
1.950000, 1.700000, 6.400709
2.000000, 1.700000, 7.101187
0.000000, 1.750000, 3.761793
0.050000, 1.750000, 4.583904
0.100000, 1.750000, 5.263175
0.150000, 1.750000, 5.685852
0.200000, 1.750000, 5.791808
0.250000, 1.750000, 5.586629
0.300000, 1.750000, 5.139643
0.350000, 1.750000, 4.568372
0.400000, 1.750000, 4.012843
0.450000, 1.750000, 3.605340
0.500000, 1.750000, 3.442197
0.550000, 1.750000, 3.563713
0.600000, 1.750000, 3.946507
0.650000, 1.750000, 4.509896
0.700000, 1.750000, 5.134804
0.750000, 1.750000, 5.690990
0.800000, 1.750000, 6.066552
0.850000, 1.750000, 6.193205
0.900000, 1.750000, 6.061751
0.950000, 1.750000, 5.724324
1.000000, 1.750000, 5.282908
1.050000, 1.750000, 4.866634
1.100000, 1.750000, 4.602849
1.150000, 1.750000, 4.588317
1.200000, 1.750000, 4.866909
1.250000, 1.750000, 5.418743
1.300000, 1.750000, 6.163233
1.350000, 1.750000, 6.975480
1.400000, 1.750000, 7.712529
1.450000, 1.750000, 8.243833
1.500000, 1.750000, 8.479336
1.550000, 1.750000, 8.389097
1.600000, 1.750000, 8.010153
1.650000, 1.750000, 7.439129
1.700000, 1.750000, 6.812132
1.750000, 1.750000, 6.276254
1.800000, 1.750000, 5.958805
1.850000, 1.750000, 5.940883
1.900000, 1.750000, 6.240952
1.950000, 1.750000, 6.811903
2.000000, 1.750000, 7.552165
0.000000, 1.800000, 3.642669
0.050000, 1.800000, 4.471780
0.100000, 1.800000, 5.157241
0.150000, 1.800000, 5.584611
0.200000, 1.800000, 5.693269
0.250000, 1.800000, 5.488572
0.300000, 1.800000, 5.039924
0.350000, 1.800000, 4.465239
0.400000, 1.800000, 3.905217
0.450000, 1.800000, 3.493040
0.500000, 1.800000, 3.326072
0.550000, 1.800000, 3.445667
0.600000, 1.800000, 3.829405
0.650000, 1.800000, 4.397354
0.700000, 1.800000, 5.030886
0.750000, 1.800000, 5.599821
0.800000, 1.800000, 5.991904
0.850000, 1.800000, 6.138076
0.900000, 1.800000, 6.027994
0.950000, 1.800000, 5.712358
1.000000, 1.800000, 5.291545
1.050000, 1.800000, 4.893053
1.100000, 1.800000, 4.642718
1.150000, 1.800000, 4.636073
1.200000, 1.800000, 4.916169
1.250000, 1.800000, 5.462821
1.300000, 1.800000, 6.195718
1.350000, 1.800000, 6.990833
1.400000, 1.800000, 7.706638
1.450000, 1.800000, 8.214470
1.500000, 1.800000, 8.426490
1.550000, 1.800000, 8.315117
1.600000, 1.800000, 7.919703
1.650000, 1.800000, 7.338933
1.700000, 1.800000, 6.710532
1.750000, 1.800000, 6.182598
1.800000, 1.800000, 5.882722
1.850000, 1.800000, 5.891492
1.900000, 1.800000, 6.226072
1.950000, 1.800000, 6.837338
2.000000, 1.800000, 7.621122
0.000000, 1.850000, 3.178365
0.050000, 1.850000, 4.014453
0.100000, 1.850000, 4.706041
0.150000, 1.850000, 5.137969
0.200000, 1.850000, 5.249113
0.250000, 1.850000, 5.044618
0.300000, 1.850000, 4.594012
0.350000, 1.850000, 4.015669
0.400000, 1.850000, 3.451049
0.450000, 1.850000, 3.034322
0.500000, 1.850000, 2.863958
0.550000, 1.850000, 2.982408
0.600000, 1.850000, 3.368215
0.650000, 1.850000, 3.942148
0.700000, 1.850000, 4.585912
0.750000, 1.850000, 5.169229
0.800000, 1.850000, 5.579283
0.850000, 1.850000, 5.746022
0.900000, 1.850000, 5.657735
0.950000, 1.850000, 5.363498
1.000000, 1.850000, 4.961958
1.050000, 1.850000, 4.578937
1.100000, 1.850000, 4.338828
1.150000, 1.850000, 4.336110
1.200000, 1.850000, 4.613302
1.250000, 1.850000, 5.150300
1.300000, 1.850000, 5.867522
1.350000, 1.850000, 6.642289
1.400000, 1.850000, 7.334954
1.450000, 1.850000, 7.819133
1.500000, 1.850000, 8.009466
1.550000, 1.850000, 7.880842
1.600000, 1.850000, 7.474840
1.650000, 1.850000, 6.891917
1.700000, 1.850000, 6.270921
1.750000, 1.850000, 5.760293
1.800000, 1.850000, 5.487108
1.850000, 1.850000, 5.530582
1.900000, 1.850000, 5.905732
1.950000, 1.850000, 6.560658
2.000000, 1.850000, 7.388007
0.000000, 1.900000, 2.583736
0.050000, 1.900000, 3.426781
0.100000, 1.900000, 4.124437
0.150000, 1.900000, 4.560792
0.200000, 1.900000, 4.674209
0.250000, 1.900000, 4.469643
0.300000, 1.900000, 4.016795
0.350000, 1.900000, 3.434578
0.400000, 1.900000, 2.865303
0.450000, 1.900000, 2.444215
0.500000, 1.900000, 2.270961
0.550000, 1.900000, 2.389128
0.600000, 1.900000, 2.778204
0.650000, 1.900000, 3.359585
0.700000, 1.900000, 4.015177
0.750000, 1.900000, 4.614420
0.800000, 1.900000, 5.043720
0.850000, 1.900000, 5.231793
0.900000, 1.900000, 5.165348
0.950000, 1.900000, 4.891674
1.000000, 1.900000, 4.507597
1.050000, 1.900000, 4.137281
1.100000, 1.900000, 3.903806
1.150000, 1.900000, 3.900850
1.200000, 1.900000, 4.170765
1.250000, 1.900000, 4.693968
1.300000, 1.900000, 5.392092
1.350000, 1.900000, 6.144289
1.400000, 1.900000, 6.813217
1.450000, 1.900000, 7.275077
1.500000, 1.900000, 7.447136
1.550000, 1.900000, 7.306701
1.600000, 1.900000, 6.897314
1.650000, 1.900000, 6.320722
1.700000, 1.900000, 5.716229
1.750000, 1.900000, 5.231808
1.800000, 1.900000, 4.993134
1.850000, 1.900000, 5.077177
1.900000, 1.900000, 5.496028
1.950000, 1.900000, 6.194417
2.000000, 1.900000, 7.061476
0.000000, 1.950000, 2.124365
0.050000, 1.950000, 2.974353
0.100000, 1.950000, 3.678021
0.150000, 1.950000, 4.118672
0.200000, 1.950000, 4.234152
0.250000, 1.950000, 4.029248
0.300000, 1.950000, 3.573892
0.350000, 1.950000, 2.987616
0.400000, 1.950000, 2.413675
0.450000, 1.950000, 1.988481
0.500000, 1.950000, 1.812922
0.550000, 1.950000, 1.931744
0.600000, 1.950000, 2.325350
0.650000, 1.950000, 2.915668
0.700000, 1.950000, 3.584652
0.750000, 1.950000, 4.201251
0.800000, 1.950000, 4.650859
0.850000, 1.950000, 4.860726
0.900000, 1.950000, 4.815782
0.950000, 1.950000, 4.561388
1.000000, 1.950000, 4.192514
1.050000, 1.950000, 3.831741
1.100000, 1.950000, 3.601045
1.150000, 1.950000, 3.593627
1.200000, 1.950000, 3.852096
1.250000, 1.950000, 4.357884
1.300000, 1.950000, 5.034338
1.350000, 1.950000, 5.762899
1.400000, 1.950000, 6.408887
1.450000, 1.950000, 6.851283
1.500000, 1.950000, 7.009981
1.550000, 1.950000, 6.864477
1.600000, 1.950000, 6.459820
1.650000, 1.950000, 5.898386
1.700000, 1.950000, 5.319118
1.750000, 1.950000, 4.868617
1.800000, 1.950000, 4.670259
1.850000, 1.950000, 4.797962
1.900000, 1.950000, 5.260276
1.950000, 1.950000, 5.998227
2.000000, 1.950000, 6.897431
0.000000, 2.000000, 2.015116
0.050000, 2.000000, 2.872036
0.100000, 2.000000, 3.581662
0.150000, 2.000000, 4.026483
0.200000, 2.000000, 4.143818
0.250000, 2.000000, 3.938318
0.300000, 2.000000, 3.480205
0.350000, 2.000000, 2.889716
0.400000, 2.000000, 2.311149
0.450000, 2.000000, 1.882167
0.500000, 2.000000, 1.704962
0.550000, 2.000000, 1.825448
0.600000, 2.000000, 2.224897
0.650000, 2.000000, 2.825650
0.700000, 2.000000, 3.509529
0.750000, 2.000000, 4.144771
0.800000, 2.000000, 4.615511
0.850000, 2.000000, 4.847306
0.900000, 2.000000, 4.823119
0.950000, 2.000000, 4.586293
1.000000, 2.000000, 4.229953
1.050000, 2.000000, 3.875247
1.100000, 2.000000, 3.643325
1.150000, 2.000000, 3.627309
1.200000, 2.000000, 3.870545
1.250000, 2.000000, 4.355994
1.300000, 2.000000, 5.009213
1.350000, 2.000000, 5.714339
1.400000, 2.000000, 6.339607
1.450000, 2.000000, 6.766839
1.500000, 2.000000, 6.918378
1.550000, 2.000000, 6.775493
1.600000, 2.000000, 6.384102
1.650000, 2.000000, 5.846393
1.700000, 2.000000, 5.300031
1.750000, 2.000000, 4.889314
1.800000, 2.000000, 4.734478
1.850000, 2.000000, 4.905746
1.900000, 2.000000, 5.407769
1.950000, 2.000000, 6.177866
2.000000, 2.000000, 7.098525
