0.000000, 0.000000, 3.246779
0.050000, 0.000000, 2.641285
0.100000, 0.000000, 2.137935
0.150000, 0.000000, 1.817634
0.200000, 0.000000, 1.721126
0.250000, 0.000000, 1.840111
0.300000, 0.000000, 2.119071
0.350000, 0.000000, 2.467380
0.400000, 0.000000, 2.779079
0.450000, 0.000000, 2.955988
0.500000, 0.000000, 2.929132
0.550000, 0.000000, 2.673799
0.600000, 0.000000, 2.214948
0.650000, 0.000000, 1.621801
0.700000, 0.000000, 0.992781
0.750000, 0.000000, 0.434086
0.800000, 0.000000, 0.036574
0.850000, 0.000000, -0.144012
0.900000, 0.000000, -0.099156
0.950000, 0.000000, 0.130607
1.000000, 0.000000, 0.464562
1.050000, 0.000000, 0.799451
1.100000, 0.000000, 1.032015
1.150000, 0.000000, 1.081541
1.200000, 0.000000, 0.907493
1.250000, 0.000000, 0.518386
1.300000, 0.000000, -0.030035
1.350000, 0.000000, -0.646913
1.400000, 0.000000, -1.226050
1.450000, 0.000000, -1.669024
1.500000, 0.000000, -1.906612
1.550000, 0.000000, -1.913855
1.600000, 0.000000, -1.715464
1.650000, 0.000000, -1.380417
1.700000, 0.000000, -1.006890
1.750000, 0.000000, -0.700846
1.800000, 0.000000, -0.552908
1.850000, 0.000000, -0.618595
1.900000, 0.000000, -0.906207
1.950000, 0.000000, -1.375001
2.000000, 0.000000, -1.944070
0.000000, 0.050000, 3.309214
0.050000, 0.050000, 2.666857
0.100000, 0.050000, 2.126681
0.150000, 0.050000, 1.769627
0.200000, 0.050000, 1.636465
0.250000, 0.050000, 1.718930
0.300000, 0.050000, 1.961532
0.350000, 0.050000, 2.273676
0.400000, 0.050000, 2.549433
0.450000, 0.050000, 2.690651
0.500000, 0.050000, 2.628384
0.550000, 0.050000, 2.337945
0.600000, 0.050000, 1.844321
0.650000, 0.050000, 1.216761
0.700000, 0.050000, 0.553710
0.750000, 0.050000, -0.038611
0.800000, 0.050000, -0.469321
0.850000, 0.050000, -0.682654
0.900000, 0.050000, -0.670078
0.950000, 0.050000, -0.472107
1.000000, 0.050000, -0.169439
1.050000, 0.050000, 0.134685
1.100000, 0.050000, 0.337019
1.150000, 0.050000, 0.356864
1.200000, 0.050000, 0.153697
1.250000, 0.050000, -0.263956
1.300000, 0.050000, -0.840342
1.350000, 0.050000, -1.484593
1.400000, 0.050000, -2.090505
1.450000, 0.050000, -2.559649
1.500000, 0.050000, -2.822798
1.550000, 0.050000, -2.854987
1.600000, 0.050000, -2.680927
1.650000, 0.050000, -2.369591
1.700000, 0.050000, -2.019156
1.750000, 0.050000, -1.735582
1.800000, 0.050000, -1.609495
1.850000, 0.050000, -1.696414
1.900000, 0.050000, -2.004640
1.950000, 0.050000, -2.493434
2.000000, 0.050000, -3.081890
0.000000, 0.100000, 3.333151
0.050000, 0.100000, 2.653970
0.100000, 0.100000, 2.077130
0.150000, 0.100000, 1.683709
0.200000, 0.100000, 1.514617
0.250000, 0.100000, 1.561724
0.300000, 0.100000, 1.769676
0.350000, 0.100000, 2.048010
0.400000, 0.100000, 2.290927
0.450000, 0.100000, 2.400403
0.500000, 0.100000, 2.307616
0.550000, 0.100000, 1.988000
0.600000, 0.100000, 1.466660
0.650000, 0.100000, 0.812955
0.700000, 0.100000, 0.125441
0.750000, 0.100000, -0.489557
0.800000, 0.100000, -0.941061
0.850000, 0.100000, -1.173212
0.900000, 0.100000, -1.177387
0.950000, 0.100000, -0.994022
1.000000, 0.100000, -0.703736
1.050000, 0.100000, -0.409701
1.100000, 0.100000, -0.215099
1.150000, 0.100000, -0.200573
1.200000, 0.100000, -0.406595
1.250000, 0.100000, -0.824595
1.300000, 0.100000, -1.398783
1.350000, 0.100000, -2.038262
1.400000, 0.100000, -2.636805
1.450000, 0.100000, -3.095968
1.500000, 0.100000, -3.346514
1.550000, 0.100000, -3.363477
1.600000, 0.100000, -3.171573
1.650000, 0.100000, -2.839789
1.700000, 0.100000, -2.466320
1.750000, 0.100000, -2.157154
1.800000, 0.100000, -2.002949
1.850000, 0.100000, -2.059266
1.900000, 0.100000, -2.334450
1.950000, 0.100000, -2.787816
2.000000, 0.100000, -3.338518
0.000000, 0.150000, 3.319997
0.050000, 0.150000, 2.604062
0.100000, 0.150000, 1.990855
0.150000, 0.150000, 1.561808
0.200000, 0.150000, 1.358176
0.250000, 0.150000, 1.372170
0.300000, 0.150000, 1.548766
0.350000, 0.150000, 1.797824
0.400000, 0.150000, 2.013851
0.450000, 0.150000, 2.099117
0.500000, 0.150000, 1.985075
0.550000, 0.150000, 1.647417
0.600000, 0.150000, 1.111487
0.650000, 0.150000, 0.446860
0.700000, 0.150000, -0.247716
0.750000, 0.150000, -0.865746
0.800000, 0.150000, -1.316109
0.850000, 0.150000, -1.542830
0.900000, 0.150000, -1.537196
0.950000, 0.150000, -1.339581
1.000000, 0.150000, -1.030573
1.050000, 0.150000, -0.713340
1.100000, 0.150000, -0.491090
1.150000, 0.150000, -0.444520
1.200000, 0.150000, -0.614189
1.250000, 0.150000, -0.991641
1.300000, 0.150000, -1.521228
1.350000, 0.150000, -2.112225
1.400000, 0.150000, -2.658602
1.450000, 0.150000, -3.062141
1.500000, 0.150000, -3.253856
1.550000, 0.150000, -3.209058
1.600000, 0.150000, -2.952758
1.650000, 0.150000, -2.554265
1.700000, 0.150000, -2.112114
1.750000, 0.150000, -1.732651
1.800000, 0.150000, -1.506909
1.850000, 0.150000, -1.490839
1.900000, 0.150000, -1.693188
1.950000, 0.150000, -2.073685
2.000000, 0.150000, -2.551904
0.000000, 0.200000, 3.272056
0.050000, 0.200000, 2.519467
0.100000, 0.200000, 1.870331
0.150000, 0.200000, 1.406743
0.200000, 0.200000, 1.170612
0.250000, 0.200000, 1.154776
0.300000, 0.200000, 1.304809
0.350000, 0.200000, 1.531128
0.400000, 0.200000, 1.728755
0.450000, 0.200000, 1.800425
0.500000, 0.200000, 1.677997
0.550000, 0.200000, 1.337509
0.600000, 0.200000, 0.804584
0.650000, 0.200000, 0.149006
0.700000, 0.200000, -0.530340
0.750000, 0.200000, -1.126900
0.800000, 0.200000, -1.549568
0.850000, 0.200000, -1.742464
0.900000, 0.200000, -1.697048
0.950000, 0.200000, -1.453944
1.000000, 0.200000, -1.094063
1.050000, 0.200000, -0.720975
1.100000, 0.200000, -0.438356
1.150000, 0.200000, -0.327436
1.200000, 0.200000, -0.429372
1.250000, 0.200000, -0.736359
1.300000, 0.200000, -1.193453
1.350000, 0.200000, -1.710675
1.400000, 0.200000, -2.182779
1.450000, 0.200000, -2.512357
1.500000, 0.200000, -2.631260
1.550000, 0.200000, -2.515642
1.600000, 0.200000, -2.191370
1.650000, 0.200000, -1.728596
1.700000, 0.200000, -1.226695
1.750000, 0.200000, -0.792824
1.800000, 0.200000, -0.518801
1.850000, 0.200000, -0.461324
1.900000, 0.200000, -0.629843
1.950000, 0.200000, -0.984729
2.000000, 0.200000, -1.446146
0.000000, 0.250000, 3.192473
0.050000, 0.250000, 2.403364
0.100000, 0.250000, 1.718870
0.150000, 0.250000, 1.222169
0.200000, 0.250000, 0.956208
0.250000, 0.250000, 0.914804
0.300000, 0.250000, 1.044426
0.350000, 0.250000, 1.256291
0.400000, 0.250000, 1.446107
0.450000, 0.250000, 1.517162
0.500000, 0.250000, 1.401735
0.550000, 0.250000, 1.076128
0.600000, 0.250000, 0.566073
0.650000, 0.250000, -0.058697
0.700000, 0.250000, -0.699515
0.750000, 0.250000, -1.250206
0.800000, 0.250000, -1.620202
0.850000, 0.250000, -1.754314
0.900000, 0.250000, -1.644838
0.950000, 0.250000, -1.333367
1.000000, 0.250000, -0.901897
1.050000, 0.250000, -0.455189
1.100000, 0.250000, -0.098190
1.150000, 0.250000, 0.086528
1.200000, 0.250000, 0.056427
1.250000, 0.250000, -0.182094
1.300000, 0.250000, -0.575495
1.350000, 0.250000, -1.035176
1.400000, 0.250000, -1.457223
1.450000, 0.250000, -1.745491
1.500000, 0.250000, -1.832998
1.550000, 0.250000, -1.696956
1.600000, 0.250000, -1.364150
1.650000, 0.250000, -0.905503
1.700000, 0.250000, -0.420990
1.750000, 0.250000, -0.018187
1.800000, 0.250000, 0.210863
1.850000, 0.250000, 0.209439
1.900000, 0.250000, -0.031722
1.950000, 0.250000, -0.472597
2.000000, 0.250000, -1.032741
0.000000, 0.300000, 3.085163
0.050000, 0.300000, 2.259695
0.100000, 0.300000, 1.540551
0.150000, 0.300000, 1.012495
0.200000, 0.300000, 0.719971
0.250000, 0.300000, 0.658155
0.300000, 0.300000, 0.774708
0.350000, 0.300000, 0.981826
0.400000, 0.300000, 1.175953
0.450000, 0.300000, 1.260857
0.500000, 0.300000, 1.169009
0.550000, 0.300000, 0.876613
0.600000, 0.300000, 0.409005
0.650000, 0.300000, -0.164772
0.700000, 0.300000, -0.747023
0.750000, 0.300000, -1.232807
0.800000, 0.300000, -1.533035
0.850000, 0.300000, -1.594201
0.900000, 0.300000, -1.410456
0.950000, 0.300000, -1.025377
1.000000, 0.300000, -0.523030
1.050000, 0.300000, -0.010274
1.100000, 0.300000, 0.405854
1.150000, 0.300000, 0.640767
1.200000, 0.300000, 0.650031
1.250000, 0.300000, 0.438316
1.300000, 0.300000, 0.057652
1.350000, 0.300000, -0.404615
1.400000, 0.300000, -0.845521
1.450000, 0.300000, -1.169546
1.500000, 0.300000, -1.309974
1.550000, 0.300000, -1.243906
1.600000, 0.300000, -0.997635
1.650000, 0.300000, -0.641203
1.700000, 0.300000, -0.273319
1.750000, 0.300000, 0.000069
1.800000, 0.300000, 0.088890
1.850000, 0.300000, -0.061289
1.900000, 0.300000, -0.457175
1.950000, 0.300000, -1.055959
2.000000, 0.300000, -1.774235
0.000000, 0.350000, 2.954707
0.050000, 0.350000, 2.093075
0.100000, 0.350000, 1.340120
0.150000, 0.350000, 0.782788
0.200000, 0.350000, 0.467525
0.250000, 0.350000, 0.391256
0.300000, 0.350000, 0.503061
0.350000, 0.350000, 0.716166
0.400000, 0.350000, 0.927615
0.450000, 0.350000, 1.041300
0.500000, 0.350000, 0.989333
0.550000, 0.350000, 0.747074
0.600000, 0.350000, 0.338544
0.650000, 0.350000, -0.168964
0.700000, 0.350000, -0.679891
0.750000, 0.350000, -1.091757
0.800000, 0.350000, -1.318179
0.850000, 0.350000, -1.308522
0.900000, 0.350000, -1.059871
0.950000, 0.350000, -0.618708
1.000000, 0.350000, -0.071870
1.050000, 0.350000, 0.471242
1.100000, 0.350000, 0.901379
1.150000, 0.350000, 1.132150
1.200000, 0.350000, 1.117810
1.250000, 0.350000, 0.862269
1.300000, 0.350000, 0.417398
1.350000, 0.350000, -0.128984
1.400000, 0.350000, -0.672803
1.450000, 0.350000, -1.116786
1.500000, 0.350000, -1.391862
1.550000, 0.350000, -1.472215
1.600000, 0.350000, -1.380723
1.650000, 0.350000, -1.183601
1.700000, 0.350000, -0.975414
1.750000, 0.350000, -0.857759
1.800000, 0.350000, -0.916266
1.850000, 0.350000, -1.200967
1.900000, 0.350000, -1.714332
1.950000, 0.350000, -2.409606
2.000000, 0.350000, -3.199854
0.000000, 0.400000, 2.806249
0.050000, 0.400000, 1.908675
0.100000, 0.400000, 1.122880
0.150000, 0.400000, 0.538658
0.200000, 0.400000, 0.204996
0.250000, 0.400000, 0.120915
0.300000, 0.400000, 0.237032
0.350000, 0.400000, 0.467458
0.400000, 0.400000, 0.709408
0.450000, 0.400000, 0.866200
0.500000, 0.400000, 0.868632
0.550000, 0.400000, 0.690046
0.600000, 0.400000, 0.351817
0.650000, 0.400000, -0.081940
0.700000, 0.400000, -0.519243
0.750000, 0.400000, -0.861439
0.800000, 0.400000, -1.026056
0.850000, 0.400000, -0.966273
0.900000, 0.400000, -0.682726
0.950000, 0.400000, -0.224999
1.000000, 0.400000, 0.317564
1.050000, 0.400000, 0.833801
1.100000, 0.400000, 1.213551
1.150000, 0.400000, 1.370448
1.200000, 0.400000, 1.259750
1.250000, 0.400000, 0.887358
1.300000, 0.400000, 0.308090
1.350000, 0.400000, -0.386410
1.400000, 0.400000, -1.087470
1.450000, 0.400000, -1.692600
1.500000, 0.400000, -2.127060
1.550000, 0.400000, -2.359121
1.600000, 0.400000, -2.405718
1.650000, 0.400000, -2.327322
1.700000, 0.400000, -2.213177
1.750000, 0.400000, -2.160205
1.800000, 0.400000, -2.250210
1.850000, 0.400000, -2.530421
1.900000, 0.400000, -3.001679
1.950000, 0.400000, -3.616880
2.000000, 0.400000, -4.290079
0.000000, 0.450000, 2.645366
0.050000, 0.450000, 1.712101
0.100000, 0.450000, 0.894564
0.150000, 0.450000, 0.286132
0.200000, 0.450000, -0.061127
0.250000, 0.450000, -0.145822
0.300000, 0.450000, -0.015856
0.350000, 0.450000, 0.243351
0.400000, 0.450000, 0.528408
0.450000, 0.450000, 0.740951
0.500000, 0.450000, 0.809080
0.550000, 0.450000, 0.702551
0.600000, 0.450000, 0.438435
0.650000, 0.450000, 0.076066
0.700000, 0.450000, -0.297582
0.750000, 0.450000, -0.588801
0.800000, 0.450000, -0.719706
0.850000, 0.450000, -0.647430
0.900000, 0.450000, -0.375655
0.950000, 0.450000, 0.044104
1.000000, 0.450000, 0.521870
1.050000, 0.450000, 0.947245
1.100000, 0.450000, 1.212275
1.150000, 0.450000, 1.234209
1.200000, 0.450000, 0.973212
1.250000, 0.450000, 0.441212
1.300000, 0.450000, -0.300083
1.350000, 0.450000, -1.151568
1.400000, 0.450000, -1.996886
1.450000, 0.450000, -2.726006
1.500000, 0.450000, -3.257170
1.550000, 0.450000, -3.552517
1.600000, 0.450000, -3.624083
1.650000, 0.450000, -3.528955
1.700000, 0.450000, -3.354757
1.750000, 0.450000, -3.198698
1.800000, 0.450000, -3.144856
1.850000, 0.450000, -3.244706
1.900000, 0.450000, -3.505188
1.950000, 0.450000, -3.886956
2.000000, 0.450000, -4.313192
0.000000, 0.500000, 2.477934
0.050000, 0.500000, 1.509257
0.100000, 0.500000, 0.661201
0.150000, 0.500000, 0.031513
0.200000, 0.500000, -0.324132
0.250000, 0.500000, -0.401826
0.300000, 0.500000, -0.248281
0.350000, 0.500000, 0.050807
0.400000, 0.500000, 0.390263
0.450000, 0.500000, 0.668503
0.500000, 0.500000, 0.809156
0.550000, 0.500000, 0.776528
0.600000, 0.500000, 0.581628
0.650000, 0.500000, 0.277526
0.700000, 0.500000, -0.054812
0.750000, 0.500000, -0.326984
0.800000, 0.500000, -0.465283
0.850000, 0.500000, -0.429524
0.900000, 0.500000, -0.224296
0.950000, 0.500000, 0.099936
1.000000, 0.500000, 0.456252
1.050000, 0.500000, 0.739251
1.100000, 0.500000, 0.847714
1.150000, 0.500000, 0.707032
1.200000, 0.500000, 0.286497
1.250000, 0.500000, -0.392368
1.300000, 0.500000, -1.258359
1.350000, 0.500000, -2.203559
1.400000, 0.500000, -3.104063
1.450000, 0.500000, -3.844080
1.500000, 0.500000, -4.338315
1.550000, 0.500000, -4.547931
1.600000, 0.500000, -4.486732
1.650000, 0.500000, -4.216359
1.700000, 0.500000, -3.831645
1.750000, 0.500000, -3.439383
1.800000, 0.500000, -3.135171
1.850000, 0.500000, -2.983373
1.900000, 0.500000, -3.004518
1.950000, 0.500000, -3.172820
2.000000, 0.500000, -3.424222
0.000000, 0.550000, 2.309985
0.050000, 0.550000, 1.306203
0.100000, 0.550000, 0.428969
0.150000, 0.550000, -0.218760
0.200000, 0.550000, -0.577235
0.250000, 0.550000, -0.640048
0.300000, 0.550000, -0.453293
0.350000, 0.550000, -0.104067
0.400000, 0.550000, 0.299062
0.450000, 0.550000, 0.649358
0.500000, 0.550000, 0.863912
0.550000, 0.550000, 0.899636
0.600000, 0.550000, 0.759905
0.650000, 0.550000, 0.490591
0.700000, 0.550000, 0.166562
0.750000, 0.550000, -0.128166
0.800000, 0.550000, -0.322066
0.850000, 0.550000, -0.374576
0.900000, 0.550000, -0.287209
0.950000, 0.550000, -0.104699
1.000000, 0.550000, 0.094148
1.050000, 0.550000, 0.213953
1.100000, 0.550000, 0.164784
1.150000, 0.550000, -0.116194
1.200000, 0.550000, -0.648288
1.250000, 0.550000, -1.399824
1.300000, 0.550000, -2.291523
1.350000, 0.550000, -3.210195
1.400000, 0.550000, -4.030011
1.450000, 0.550000, -4.636937
1.500000, 0.550000, -4.951209
1.550000, 0.550000, -4.943108
1.600000, 0.550000, -4.638693
1.650000, 0.550000, -4.114318
1.700000, 0.550000, -3.481077
1.750000, 0.550000, -2.862537
1.800000, 0.550000, -2.370451
1.850000, 0.550000, -2.083583
1.900000, 0.550000, -2.034055
1.950000, 0.550000, -2.203937
2.000000, 0.550000, -2.532613
0.000000, 0.600000, 2.147559
0.050000, 0.600000, 1.109005
0.100000, 0.600000, 0.204055
0.150000, 0.600000, -0.458264
0.200000, 0.600000, -0.813734
0.250000, 0.600000, -0.853677
0.300000, 0.600000, -0.624475
0.350000, 0.600000, -0.216172
0.400000, 0.600000, 0.257259
0.450000, 0.600000, 0.681669
0.500000, 0.600000, 0.965438
0.550000, 0.600000, 1.056331
0.600000, 0.600000, 0.949100
0.650000, 0.600000, 0.682475
0.700000, 0.600000, 0.326527
0.750000, 0.600000, -0.036506
0.800000, 0.600000, -0.333429
0.850000, 0.600000, -0.518465
0.900000, 0.600000, -0.584576
0.950000, 0.600000, -0.565172
1.000000, 0.600000, -0.525807
1.050000, 0.600000, -0.547753
1.100000, 0.600000, -0.707209
1.150000, 0.600000, -1.054905
1.200000, 0.600000, -1.600863
1.250000, 0.600000, -2.307949
1.300000, 0.600000, -3.095979
1.350000, 0.600000, -3.855783
1.400000, 0.600000, -4.470439
1.450000, 0.600000, -4.839255
1.500000, 0.600000, -4.899382
1.550000, 0.600000, -4.640377
1.600000, 0.600000, -4.108476
1.650000, 0.600000, -3.399486
1.700000, 0.600000, -2.641604
1.750000, 0.600000, -1.971622
1.800000, 0.600000, -1.509378
1.850000, 0.600000, -1.335672
1.900000, 0.600000, -1.478160
1.950000, 0.600000, -1.908005
2.000000, 0.600000, -2.547817
0.000000, 0.650000, 1.996563
0.050000, 0.650000, 0.923595
0.100000, 0.650000, -0.007500
0.150000, 0.650000, -0.680741
0.200000, 0.650000, -1.027162
0.250000, 0.650000, -1.036297
0.300000, 0.650000, -0.756102
0.350000, 0.650000, -0.281529
0.400000, 0.650000, 0.265652
0.450000, 0.650000, 0.761450
0.500000, 0.650000, 1.103487
0.550000, 0.650000, 1.229167
0.600000, 0.650000, 1.124626
0.650000, 0.650000, 0.822929
0.700000, 0.650000, 0.392385
0.750000, 0.650000, -0.082078
0.800000, 0.650000, -0.520049
0.850000, 0.650000, -0.864433
0.900000, 0.650000, -1.093696
0.950000, 0.650000, -1.224904
1.000000, 0.650000, -1.307035
1.050000, 0.650000, -1.406312
1.100000, 0.650000, -1.587109
1.150000, 0.650000, -1.893032
1.200000, 0.650000, -2.332753
1.250000, 0.650000, -2.874112
1.300000, 0.650000, -3.448146
1.350000, 0.650000, -3.962456
1.400000, 0.650000, -4.321125
1.450000, 0.650000, -4.446896
1.500000, 0.650000, -4.300640
1.550000, 0.650000, -3.893625
1.600000, 0.650000, -3.289574
1.650000, 0.650000, -2.595633
1.700000, 0.650000, -1.943779
1.750000, 0.650000, -1.466260
1.800000, 0.650000, -1.270049
1.850000, 0.650000, -1.415568
1.900000, 0.650000, -1.904129
1.950000, 0.650000, -2.676781
2.000000, 0.650000, -3.624893
0.000000, 0.700000, 1.862622
0.050000, 0.700000, 0.755622
0.100000, 0.700000, -0.199935
0.150000, 0.700000, -0.880238
0.200000, 0.700000, -1.211430
0.250000, 0.700000, -1.182037
0.300000, 0.700000, -0.843274
0.350000, 0.700000, -0.297377
0.400000, 0.700000, 0.323428
0.450000, 0.700000, 0.882881
0.500000, 0.700000, 1.266227
0.550000, 0.700000, 1.400217
0.600000, 0.700000, 1.263756
0.650000, 0.700000, 0.887464
0.700000, 0.700000, 0.342775
0.750000, 0.700000, -0.276572
0.800000, 0.700000, -0.876309
0.850000, 0.700000, -1.381781
0.900000, 0.700000, -1.752108
0.950000, 0.700000, -1.985494
1.000000, 0.700000, -2.114933
1.050000, 0.700000, -2.195725
1.100000, 0.700000, -2.288114
1.150000, 0.700000, -2.439389
1.200000, 0.700000, -2.669867
1.250000, 0.700000, -2.966215
1.300000, 0.700000, -3.283806
1.350000, 0.700000, -3.557644
1.400000, 0.700000, -3.719372
1.450000, 0.700000, -3.716317
1.500000, 0.700000, -3.528005
1.550000, 0.700000, -3.175977
1.600000, 0.700000, -2.724209
1.650000, 0.700000, -2.269483
1.700000, 0.700000, -1.923350
1.750000, 0.700000, -1.789283
1.800000, 0.700000, -1.939848
1.850000, 0.700000, -2.398901
1.900000, 0.700000, -3.132900
1.950000, 0.700000, -4.053622
2.000000, 0.700000, -5.032170
0.000000, 0.750000, 1.750945
0.050000, 0.750000, 0.610320
0.100000, 0.750000, -0.367915
0.150000, 0.750000, -1.051251
0.200000, 0.750000, -1.360971
0.250000, 0.750000, -1.285709
0.300000, 0.750000, -0.882040
0.350000, 0.750000, -0.262225
0.400000, 0.750000, 0.428249
0.450000, 0.750000, 1.038680
0.500000, 0.750000, 1.441073
0.550000, 0.750000, 1.552507
0.600000, 0.750000, 1.347741
0.650000, 0.750000, 0.860018
0.700000, 0.750000, 0.170446
0.750000, 0.750000, -0.611280
0.800000, 0.750000, -1.370433
0.850000, 0.750000, -2.009978
0.900000, 0.750000, -2.467798
0.950000, 0.750000, -2.725151
1.000000, 0.750000, -2.805129
1.050000, 0.750000, -2.762165
1.100000, 0.750000, -2.665530
1.150000, 0.750000, -2.581005
1.200000, 0.750000, -2.555109
1.250000, 0.750000, -2.605503
1.300000, 0.750000, -2.719593
1.350000, 0.750000, -2.861328
1.400000, 0.750000, -2.984222
1.450000, 0.750000, -3.047103
1.500000, 0.750000, -3.028490
1.550000, 0.750000, -2.935763
1.600000, 0.750000, -2.806611
1.650000, 0.750000, -2.702031
1.700000, 0.750000, -2.692284
1.750000, 0.750000, -2.838941
1.800000, 0.750000, -3.177281
1.850000, 0.750000, -3.703384
1.900000, 0.750000, -4.369386
1.950000, 0.750000, -5.088621
2.000000, 0.750000, -5.750198
0.000000, 0.800000, 1.666202
0.050000, 0.800000, 0.492380
0.100000, 0.800000, -0.506650
0.150000, 0.800000, -1.188844
0.200000, 0.800000, -1.470870
0.250000, 0.800000, -1.342936
0.300000, 0.800000, -0.869499
0.350000, 0.800000, -0.175878
0.400000, 0.800000, 0.576402
0.450000, 0.800000, 1.220544
0.500000, 0.800000, 1.615543
0.550000, 0.800000, 1.671377
0.600000, 0.800000, 1.363587
0.650000, 0.800000, 0.734817
0.700000, 0.800000, -0.116521
0.750000, 0.800000, -1.057664
0.800000, 0.800000, -1.948352
0.850000, 0.800000, -2.667546
0.900000, 0.800000, -3.134720
0.950000, 0.800000, -3.321804
1.000000, 0.800000, -3.253961
1.050000, 0.800000, -2.999770
1.100000, 0.800000, -2.653566
1.150000, 0.800000, -2.314162
1.200000, 0.800000, -2.064700
1.250000, 0.800000, -1.957808
1.300000, 0.800000, -2.008859
1.350000, 0.800000, -2.198122
1.400000, 0.800000, -2.480568
1.450000, 0.800000, -2.800421
1.500000, 0.800000, -3.106620
1.550000, 0.800000, -3.365353
1.600000, 0.800000, -3.566743
1.650000, 0.800000, -3.724321
1.700000, 0.800000, -3.867782
1.750000, 0.800000, -4.031206
1.800000, 0.800000, -4.240069
1.850000, 0.800000, -4.500647
1.900000, 0.800000, -4.794843
1.950000, 0.800000, -5.082103
2.000000, 0.800000, -5.308288
0.000000, 0.850000, 1.612410
0.050000, 0.850000, 0.405839
0.100000, 0.850000, -0.612007
0.150000, 0.850000, -1.288772
0.200000, 0.850000, -1.536973
0.250000, 0.850000, -1.350255
0.300000, 0.850000, -0.803872
0.350000, 0.850000, -0.039427
0.400000, 0.850000, 0.762978
0.450000, 0.850000, 1.419613
0.500000, 0.850000, 1.778096
0.550000, 0.850000, 1.745659
0.600000, 0.850000, 1.305344
0.650000, 0.850000, 0.517226
0.700000, 0.850000, -0.495201
0.750000, 0.850000, -1.570415
0.800000, 0.850000, -2.540753
0.850000, 0.850000, -3.264345
0.900000, 0.850000, -3.650875
0.950000, 0.850000, -3.676369
1.000000, 0.850000, -3.384545
1.050000, 0.850000, -2.875056
1.100000, 0.850000, -2.281538
1.150000, 0.850000, -1.744271
1.200000, 0.850000, -1.383144
1.250000, 0.850000, -1.276247
1.300000, 0.850000, -1.448002
1.350000, 0.850000, -1.868624
1.400000, 0.850000, -2.464246
1.450000, 0.850000, -3.134957
1.500000, 0.850000, -3.776487
1.550000, 0.850000, -4.300851
1.600000, 0.850000, -4.651770
1.650000, 0.850000, -4.812117
1.700000, 0.850000, -4.802517
1.750000, 0.850000, -4.672243
1.800000, 0.850000, -4.485096
1.850000, 0.850000, -4.303924
1.900000, 0.850000, -4.177369
1.950000, 0.850000, -4.131696
2.000000, 0.850000, -4.169090
0.000000, 0.900000, 1.592835
0.050000, 0.900000, 0.353985
0.100000, 0.900000, -0.680613
0.150000, 0.900000, -1.347569
0.200000, 0.900000, -1.555987
0.250000, 0.900000, -1.305210
0.300000, 0.900000, -0.684557
0.350000, 0.900000, 0.144793
0.400000, 0.900000, 0.982094
0.450000, 0.900000, 1.626957
0.500000, 0.900000, 1.918893
0.550000, 0.900000, 1.768596
0.600000, 0.900000, 1.174803
0.650000, 0.900000, 0.223532
0.700000, 0.900000, -0.929957
0.750000, 0.900000, -2.092666
0.800000, 0.900000, -3.072357
0.850000, 0.900000, -3.715306
0.900000, 0.900000, -3.935788
0.950000, 0.900000, -3.731599
1.000000, 0.900000, -3.182777
1.050000, 0.900000, -2.434105
1.100000, 0.900000, -1.665238
1.150000, 0.900000, -1.054644
1.200000, 0.900000, -0.744679
1.250000, 0.900000, -0.814704
1.300000, 0.900000, -1.267367
1.350000, 0.900000, -2.030404
1.400000, 0.900000, -2.973157
1.450000, 0.900000, -3.934058
1.500000, 0.900000, -4.753281
1.550000, 0.900000, -5.303893
1.600000, 0.900000, -5.515378
1.650000, 0.900000, -5.385138
1.700000, 0.900000, -4.976151
1.750000, 0.900000, -4.401829
1.800000, 0.900000, -3.801619
1.850000, 0.900000, -3.312618
1.900000, 0.900000, -3.043037
1.950000, 0.900000, -3.052720
2.000000, 0.900000, -3.344221
0.000000, 0.950000, 1.609921
0.050000, 0.950000, 0.339279
0.100000, 0.950000, -0.709925
0.150000, 0.950000, -1.362631
0.200000, 0.950000, -1.525560
0.250000, 0.950000, -1.206415
0.300000, 0.950000, -0.512155
0.350000, 0.950000, 0.373279
0.400000, 0.950000, 1.227144
0.450000, 0.950000, 1.834040
0.500000, 0.950000, 2.030448
0.550000, 0.950000, 1.738429
0.600000, 0.950000, 0.981530
0.650000, 0.950000, -0.120352
0.700000, 0.950000, -1.376021
0.750000, 0.950000, -2.562695
0.800000, 0.950000, -3.472118
0.850000, 0.950000, -3.953477
0.900000, 0.950000, -3.944276
0.950000, 0.950000, -3.482820
1.000000, 0.950000, -2.699797
1.050000, 0.950000, -1.790834
1.100000, 0.950000, -0.975768
1.150000, 0.950000, -0.453157
1.200000, 0.950000, -0.359460
1.250000, 0.950000, -0.741295
1.300000, 0.950000, -1.546428
1.350000, 0.950000, -2.635244
1.400000, 0.950000, -3.810166
1.450000, 0.950000, -4.856829
1.500000, 0.950000, -5.588396
1.550000, 0.950000, -5.883846
1.600000, 0.950000, -5.712365
1.650000, 0.950000, -5.138925
1.700000, 0.950000, -4.310054
1.750000, 0.950000, -3.422936
1.800000, 0.950000, -2.684356
1.850000, 0.950000, -2.268078
1.900000, 0.950000, -2.279472
1.950000, 0.950000, -2.734595
2.000000, 0.950000, -3.557919
0.000000, 1.000000, 1.665224
0.050000, 1.000000, 0.363296
0.100000, 1.000000, -0.698290
0.150000, 1.000000, -1.332273
0.200000, 1.000000, -1.444331
0.250000, 1.000000, -1.053597
0.300000, 1.000000, -0.288459
0.350000, 1.000000, 0.641466
0.400000, 1.000000, 1.491056
0.450000, 1.000000, 2.033154
0.500000, 1.000000, 2.108112
0.550000, 1.000000, 1.658624
0.600000, 1.000000, 0.742244
0.650000, 1.000000, -0.481135
0.700000, 1.000000, -1.784111
0.750000, 1.000000, -2.921325
0.800000, 1.000000, -3.682927
0.850000, 1.000000, -3.940304
0.900000, 1.000000, -3.674105
0.950000, 1.000000, -2.978449
1.000000, 1.000000, -2.040399
1.050000, 1.000000, -1.099183
1.100000, 1.000000, -0.394042
1.150000, 1.000000, -0.112081
1.200000, 1.000000, -0.347486
1.250000, 1.000000, -1.081002
1.300000, 1.000000, -2.184137
1.350000, 1.000000, -3.447188
1.400000, 1.000000, -4.624968
1.450000, 1.000000, -5.490269
1.500000, 1.000000, -5.883415
1.550000, 1.000000, -5.747090
1.600000, 1.000000, -5.138858
1.650000, 1.000000, -4.218641
1.700000, 1.000000, -3.213888
1.750000, 1.000000, -2.370028
1.800000, 1.000000, -1.896996
1.850000, 1.000000, -1.923507
1.900000, 1.000000, -2.469034
1.950000, 1.000000, -3.439597
2.000000, 1.000000, -4.648285
0.000000, 1.050000, 1.759387
0.050000, 1.050000, 0.426692
0.100000, 1.050000, -0.644982
0.150000, 1.050000, -1.255767
0.200000, 1.050000, -1.311970
0.250000, 1.050000, -0.847615
0.300000, 1.050000, -0.016430
0.350000, 1.050000, 0.943851
0.400000, 1.050000, 1.766566
0.450000, 1.050000, 2.217802
0.500000, 1.050000, 2.150385
0.550000, 1.050000, 1.537703
0.600000, 1.050000, 0.479571
0.650000, 1.050000, -0.821139
0.700000, 1.050000, -2.105630
0.750000, 1.050000, -3.119087
0.800000, 1.050000, -3.669462
0.850000, 1.050000, -3.671542
0.900000, 1.050000, -3.166160
0.950000, 1.050000, -2.310213
1.000000, 1.050000, -1.339910
1.050000, 1.050000, -0.515883
1.100000, 1.050000, -0.062929
1.150000, 1.050000, -0.118363
1.200000, 1.050000, -0.700851
1.250000, 1.050000, -1.706838
1.300000, 1.050000, -2.935220
1.350000, 1.050000, -4.134384
1.400000, 1.050000, -5.060596
1.450000, 1.050000, -5.534172
1.500000, 1.050000, -5.480449
1.550000, 1.050000, -4.946214
1.600000, 1.050000, -4.087969
1.650000, 1.050000, -3.134960
1.700000, 1.050000, -2.335739
1.750000, 1.050000, -1.900728
1.800000, 1.050000, -1.954100
1.850000, 1.050000, -2.506019
1.900000, 1.050000, -3.451459
1.950000, 1.050000, -4.595617
2.000000, 1.050000, -5.699792
0.000000, 1.100000, 1.892118
0.050000, 1.100000, 0.529194
0.100000, 1.100000, -0.550213
0.150000, 1.100000, -1.133350
0.200000, 1.100000, -1.129182
0.250000, 1.100000, -0.590449
0.300000, 1.100000, 0.299866
0.350000, 1.100000, 1.274155
0.400000, 1.100000, 2.046484
0.450000, 1.100000, 2.383000
0.500000, 1.100000, 2.159016
0.550000, 1.100000, 1.388701
0.600000, 1.100000, 0.220283
0.650000, 1.100000, -1.101768
0.700000, 1.100000, -2.297852
0.750000, 1.100000, -3.122285
0.800000, 1.100000, -3.423091
0.850000, 1.100000, -3.177856
0.900000, 1.100000, -2.497126
0.950000, 1.100000, -1.594978
1.000000, 1.100000, -0.734601
1.050000, 1.100000, -0.162762
1.100000, 1.100000, -0.049607
1.150000, 1.100000, -0.448595
1.200000, 1.100000, -1.286087
1.250000, 1.100000, -2.382525
1.300000, 1.100000, -3.499258
1.350000, 1.100000, -4.398781
1.400000, 1.100000, -4.903096
1.450000, 1.100000, -4.935767
1.500000, 1.100000, -4.537634
1.550000, 1.100000, -3.853021
1.600000, 1.100000, -3.090746
1.650000, 1.100000, -2.470400
1.700000, 1.100000, -2.167788
1.750000, 1.100000, -2.273174
1.800000, 1.100000, -2.772354
1.850000, 1.100000, -3.554490
1.900000, 1.100000, -4.443764
1.950000, 1.100000, -5.245987
2.000000, 1.100000, -5.797844
0.000000, 1.150000, 2.062208
0.050000, 1.150000, 0.669603
0.100000, 1.150000, -0.415123
0.150000, 1.150000, -0.966217
0.200000, 1.150000, -0.897699
0.250000, 1.150000, -0.285167
0.300000, 1.150000, 0.655343
0.350000, 1.150000, 1.625490
0.400000, 1.150000, 2.323944
0.450000, 1.150000, 2.525498
0.500000, 1.150000, 2.138897
0.550000, 1.150000, 1.228287
0.600000, 1.150000, -0.006850
0.650000, 1.150000, -1.287128
0.700000, 1.150000, -2.328562
0.750000, 1.150000, -2.917196
0.800000, 1.150000, -2.963124
0.850000, 1.150000, -2.520025
0.900000, 1.150000, -1.765968
0.950000, 1.150000, -0.951804
1.000000, 1.150000, -0.332076
1.050000, 1.150000, -0.097632
1.100000, 1.150000, -0.328031
1.150000, 1.150000, -0.975859
1.200000, 1.150000, -1.885871
1.250000, 1.150000, -2.842300
1.300000, 1.150000, -3.630135
1.350000, 1.150000, -4.092950
1.400000, 1.150000, -4.171545
1.450000, 1.150000, -3.913670
1.500000, 1.150000, -3.453635
1.550000, 1.150000, -2.969128
1.600000, 1.150000, -2.628629
1.650000, 1.150000, -2.544877
1.700000, 1.150000, -2.747346
1.750000, 1.150000, -3.180583
1.800000, 1.150000, -3.727422
1.850000, 1.150000, -4.248821
1.900000, 1.150000, -4.627574
1.950000, 1.150000, -4.802517
2.000000, 1.150000, -4.783311
0.000000, 1.200000, 2.267558
0.050000, 1.200000, 0.845833
0.100000, 1.200000, -0.241747
0.150000, 1.200000, -0.756488
0.200000, 1.200000, -0.620237
0.250000, 1.200000, 0.064130
0.300000, 1.200000, 1.044004
0.350000, 1.200000, 1.990548
0.400000, 1.200000, 2.592644
0.450000, 1.200000, 2.643899
0.500000, 1.200000, 2.097760
0.550000, 1.200000, 1.075591
0.600000, 1.200000, -0.173410
0.650000, 1.200000, -1.347451
0.700000, 1.200000, -2.179643
0.750000, 1.200000, -2.511903
0.800000, 1.200000, -2.334264
0.850000, 1.200000, -1.779501
0.900000, 1.200000, -1.076605
0.950000, 1.200000, -0.478710
1.000000, 1.200000, -0.188084
1.050000, 1.200000, -0.300722
1.100000, 1.200000, -0.786125
1.150000, 1.200000, -1.506473
1.200000, 1.200000, -2.267107
1.250000, 1.200000, -2.880960
1.300000, 1.200000, -3.226053
1.350000, 1.200000, -3.278315
1.400000, 1.200000, -3.110646
1.450000, 1.200000, -2.860359
1.500000, 1.200000, -2.677299
1.550000, 1.200000, -2.670778
1.600000, 1.200000, -2.873277
1.650000, 1.200000, -3.232695
1.700000, 1.200000, -3.635071
1.750000, 1.200000, -3.949295
1.800000, 1.200000, -4.077874
1.850000, 1.200000, -3.995815
1.900000, 1.200000, -3.763640
1.950000, 1.200000, -3.509381
2.000000, 1.200000, -3.384970
0.000000, 1.250000, 2.505238
0.050000, 1.250000, 1.054967
0.100000, 1.250000, -0.032960
0.150000, 1.250000, -0.507153
0.200000, 1.250000, -0.300438
0.250000, 1.250000, 0.452395
0.300000, 1.250000, 1.459076
0.350000, 1.250000, 2.361794
0.400000, 1.250000, 2.847039
0.450000, 1.250000, 2.738685
0.500000, 1.250000, 2.045681
0.550000, 1.250000, 0.950842
0.600000, 1.250000, -0.253709
0.650000, 1.250000, -1.262022
0.700000, 1.250000, -1.849205
0.750000, 1.250000, -1.935510
0.800000, 1.250000, -1.600585
0.850000, 1.250000, -1.045817
0.900000, 1.250000, -0.519844
0.950000, 1.250000, -0.233758
1.000000, 1.250000, -0.294813
1.050000, 1.250000, -0.679922
1.100000, 1.250000, -1.255776
1.150000, 1.250000, -1.836116
1.200000, 1.250000, -2.254173
1.250000, 1.250000, -2.423761
1.300000, 1.250000, -2.367369
1.350000, 1.250000, -2.201998
1.400000, 1.250000, -2.088974
1.450000, 1.250000, -2.166983
1.500000, 1.250000, -2.493676
1.550000, 1.250000, -3.018059
1.600000, 1.250000, -3.594780
1.650000, 1.250000, -4.036128
1.700000, 1.250000, -4.183590
1.750000, 1.250000, -3.973035
1.800000, 1.250000, -3.469015
1.850000, 1.250000, -2.853869
1.900000, 1.250000, -2.372933
1.950000, 1.250000, -2.252905
2.000000, 1.250000, -2.620638
0.000000, 1.300000, 2.771560
0.050000, 1.300000, 1.293325
0.100000, 1.300000, 0.207596
0.150000, 1.300000, -0.221996
0.200000, 1.300000, 0.057212
0.250000, 1.300000, 0.873738
0.300000, 1.300000, 1.893155
0.350000, 1.300000, 2.731666
0.400000, 1.300000, 3.082515
0.450000, 1.300000, 2.812134
0.500000, 1.300000, 1.994435
0.550000, 1.300000, 0.873887
0.600000, 1.300000, -0.226996
0.650000, 1.300000, -1.021313
0.700000, 1.300000, -1.352051
0.750000, 1.300000, -1.234856
0.800000, 1.300000, -0.836892
0.850000, 1.300000, -0.402829
0.900000, 1.300000, -0.157762
0.950000, 1.300000, -0.224147
1.000000, 1.300000, -0.583204
1.050000, 1.300000, -1.093561
1.100000, 1.300000, -1.557766
1.150000, 1.300000, -1.809206
1.200000, 1.300000, -1.784522
1.250000, 1.300000, -1.552625
1.300000, 1.300000, -1.288459
1.350000, 1.300000, -1.201321
1.400000, 1.300000, -1.445574
1.450000, 1.300000, -2.049102
1.500000, 1.300000, -2.888906
1.550000, 1.300000, -3.725828
1.600000, 1.300000, -4.287974
1.650000, 1.300000, -4.373278
1.700000, 1.300000, -3.933126
1.750000, 1.300000, -3.104415
1.800000, 1.300000, -2.175283
1.850000, 1.300000, -1.493586
1.900000, 1.300000, -1.348548
1.950000, 1.300000, -1.866846
2.000000, 1.300000, -2.960666
0.000000, 1.350000, 3.062174
0.050000, 1.350000, 1.556566
0.100000, 1.350000, 0.475608
0.150000, 1.350000, 0.094500
0.200000, 1.350000, 0.447482
0.250000, 1.350000, 1.321549
0.300000, 1.350000, 2.338381
0.350000, 1.350000, 3.092776
0.400000, 1.350000, 3.295507
0.450000, 1.350000, 2.868142
0.500000, 1.350000, 1.956727
0.550000, 1.350000, 0.862707
0.600000, 1.350000, -0.079307
0.650000, 1.350000, -0.628131
0.700000, 1.350000, -0.718397
0.750000, 1.350000, -0.469099
0.800000, 1.350000, -0.118663
0.850000, 1.350000, 0.084043
0.900000, 1.350000, -0.013307
0.950000, 1.350000, -0.405471
1.000000, 1.350000, -0.938763
1.050000, 1.350000, -1.385232
1.100000, 1.350000, -1.549796
1.150000, 1.350000, -1.364529
1.200000, 1.350000, -0.929292
1.250000, 1.350000, -0.479762
1.300000, 1.350000, -0.293829
1.350000, 1.350000, -0.573291
1.400000, 1.350000, -1.349246
1.450000, 1.350000, -2.451609
1.500000, 1.350000, -3.558690
1.550000, 1.350000, -4.311150
1.600000, 1.350000, -4.448355
1.650000, 1.350000, -3.914716
1.700000, 1.350000, -2.893475
1.750000, 1.350000, -1.752106
1.800000, 1.350000, -0.916986
1.850000, 1.350000, -0.722352
1.900000, 1.350000, -1.289231
1.950000, 1.350000, -2.479598
2.000000, 1.350000, -3.943388
0.000000, 1.400000, 3.372176
0.050000, 1.400000, 1.839793
0.100000, 1.400000, 0.766204
0.150000, 1.400000, 0.437261
0.200000, 1.400000, 0.864517
0.250000, 1.400000, 1.788641
0.300000, 1.400000, 2.786613
0.350000, 1.400000, 3.438096
0.400000, 1.400000, 3.483586
0.450000, 1.400000, 2.911962
0.500000, 1.400000, 1.945361
0.550000, 1.400000, 0.932029
0.600000, 1.400000, 0.195175
0.650000, 1.400000, -0.097661
0.700000, 1.400000, 0.009014
0.750000, 1.400000, 0.297146
0.800000, 1.400000, 0.488029
0.850000, 1.400000, 0.377559
0.900000, 1.400000, -0.066922
0.950000, 1.400000, -0.691255
1.000000, 1.400000, -1.227405
1.050000, 1.400000, -1.422306
1.100000, 1.400000, -1.164973
1.150000, 1.400000, -0.553986
1.200000, 1.400000, 0.127516
1.250000, 1.400000, 0.522401
1.300000, 1.400000, 0.351057
1.350000, 1.400000, -0.460108
1.400000, 1.400000, -1.729549
1.450000, 1.400000, -3.075453
1.500000, 1.400000, -4.056229
1.550000, 1.400000, -4.341971
1.600000, 1.400000, -3.847982
1.650000, 1.400000, -2.775399
1.700000, 1.400000, -1.540787
1.750000, 1.400000, -0.621202
1.800000, 1.400000, -0.375443
1.850000, 1.400000, -0.911826
1.900000, 1.400000, -2.054011
1.950000, 1.400000, -3.416759
2.000000, 1.400000, -4.559466
0.000000, 1.450000, 3.696230
0.050000, 1.450000, 2.137677
0.100000, 1.450000, 1.074070
0.150000, 1.450000, 0.800750
0.200000, 1.450000, 1.301967
0.250000, 1.450000, 2.267401
0.300000, 1.450000, 3.229616
0.350000, 1.450000, 3.761141
0.400000, 1.450000, 3.645484
0.450000, 1.450000, 2.949870
0.500000, 1.450000, 1.972373
0.550000, 1.450000, 1.092132
0.600000, 1.450000, 0.593387
0.650000, 1.450000, 0.543596
0.700000, 1.450000, 0.779097
0.750000, 1.450000, 1.001292
0.800000, 1.450000, 0.935205
0.850000, 1.450000, 0.473876
0.900000, 1.450000, -0.260795
0.950000, 1.450000, -0.970889
1.000000, 1.450000, -1.325677
1.050000, 1.450000, -1.128853
1.100000, 1.450000, -0.430616
1.150000, 1.450000, 0.470918
1.200000, 1.450000, 1.144830
1.250000, 1.450000, 1.211420
1.300000, 1.450000, 0.514557
1.350000, 1.450000, -0.795442
1.400000, 1.450000, -2.308425
1.450000, 1.450000, -3.514139
1.500000, 1.450000, -4.008710
1.550000, 1.450000, -3.660101
1.600000, 1.450000, -2.661739
1.650000, 1.450000, -1.451479
1.700000, 1.450000, -0.531039
1.750000, 1.450000, -0.263508
1.800000, 1.450000, -0.734890
1.850000, 1.450000, -1.736514
1.900000, 1.450000, -2.871644
1.950000, 1.450000, -3.735613
2.000000, 1.450000, -4.088190
0.000000, 1.500000, 4.028709
0.050000, 1.500000, 2.444595
0.100000, 1.500000, 1.393591
0.150000, 1.500000, 1.179102
0.200000, 1.500000, 1.753131
0.250000, 1.500000, 2.749961
0.300000, 1.500000, 3.659256
0.350000, 1.500000, 4.056132
0.400000, 1.500000, 3.781091
0.450000, 1.500000, 2.988773
0.500000, 1.500000, 2.048205
0.550000, 1.500000, 1.347926
0.600000, 1.500000, 1.103328
0.650000, 1.500000, 1.259919
0.700000, 1.500000, 1.537476
0.750000, 1.500000, 1.589973
0.800000, 1.500000, 1.199073
0.850000, 1.500000, 0.402413
0.900000, 1.500000, -0.509950
0.950000, 1.500000, -1.132388
1.000000, 1.500000, -1.148757
1.050000, 1.500000, -0.505063
1.100000, 1.500000, 0.537584
1.150000, 1.500000, 1.501019
1.200000, 1.500000, 1.897958
1.250000, 1.500000, 1.454794
1.300000, 1.500000, 0.244820
1.350000, 1.500000, -1.332456
1.400000, 1.500000, -2.719134
1.450000, 1.500000, -3.438643
1.500000, 1.500000, -3.298519
1.550000, 1.500000, -2.464671
1.600000, 1.500000, -1.375471
1.650000, 1.500000, -0.538267
1.700000, 1.500000, -0.304390
1.750000, 1.500000, -0.726555
1.800000, 1.500000, -1.561375
1.850000, 1.500000, -2.409764
1.900000, 1.500000, -2.922761
1.950000, 1.500000, -2.971004
2.000000, 1.500000, -2.696153
0.000000, 1.550000, 4.363827
0.050000, 1.550000, 2.754766
0.100000, 1.550000, 1.718988
0.150000, 1.550000, 1.566261
0.200000, 1.550000, 2.211110
0.250000, 1.550000, 3.228364
0.300000, 1.550000, 4.067684
0.350000, 1.550000, 4.318140
0.400000, 1.550000, 3.891391
0.450000, 1.550000, 3.035787
0.500000, 1.550000, 2.180949
0.550000, 1.550000, 1.698388
0.600000, 1.550000, 1.704693
0.650000, 1.550000, 2.009295
0.700000, 1.550000, 2.231864
0.750000, 1.550000, 2.025060
0.800000, 1.550000, 1.282701
0.850000, 1.550000, 0.220410
0.900000, 1.550000, -0.718202
0.950000, 1.550000, -1.085478
1.000000, 1.550000, -0.670071
1.050000, 1.550000, 0.371532
1.100000, 1.550000, 1.564557
1.150000, 1.550000, 2.327887
1.200000, 1.550000, 2.246839
1.250000, 1.550000, 1.272771
1.300000, 1.550000, -0.249742
1.350000, 1.550000, -1.742556
1.400000, 1.550000, -2.662515
1.450000, 1.550000, -2.747674
1.500000, 1.550000, -2.122310
1.550000, 1.550000, -1.213424
1.600000, 1.550000, -0.525702
1.650000, 1.550000, -0.391369
1.700000, 1.550000, -0.820957
1.750000, 1.550000, -1.526733
1.800000, 1.550000, -2.100579
1.850000, 1.550000, -2.248801
1.900000, 1.550000, -1.958296
1.950000, 1.550000, -1.505748
2.000000, 1.550000, -1.304633
0.000000, 1.600000, 4.695791
0.050000, 1.600000, 3.062400
0.100000, 1.600000, 2.044465
0.150000, 1.600000, 1.956134
0.200000, 1.600000, 2.668955
0.250000, 1.600000, 3.694743
0.300000, 1.600000, 4.447528
0.350000, 1.600000, 4.543205
0.400000, 1.600000, 3.978366
0.450000, 1.600000, 3.097794
0.500000, 1.600000, 2.375722
0.550000, 1.600000, 2.136376
0.600000, 1.600000, 2.370167
0.650000, 1.600000, 2.746919
0.700000, 1.600000, 2.817206
0.750000, 1.600000, 2.287786
0.800000, 1.600000, 1.214884
0.850000, 1.600000, 0.003064
0.900000, 1.600000, -0.796114
0.950000, 1.600000, -0.780424
1.000000, 1.600000, 0.071735
1.050000, 1.600000, 1.363351
1.100000, 1.600000, 2.460406
1.150000, 1.600000, 2.801960
1.200000, 1.600000, 2.177913
1.250000, 1.600000, 0.829624
1.300000, 1.600000, -0.678313
1.350000, 1.600000, -1.746188
1.400000, 1.600000, -2.034953
1.450000, 1.600000, -1.615738
1.500000, 1.600000, -0.899537
1.550000, 1.600000, -0.392128
1.600000, 1.600000, -0.411957
1.650000, 1.600000, -0.925657
1.700000, 1.600000, -1.588619
1.750000, 1.600000, -1.963724
1.800000, 1.600000, -1.792742
1.850000, 1.600000, -1.165787
1.900000, 1.600000, -0.490556
1.950000, 1.600000, -0.274112
2.000000, 1.600000, -0.834900
0.000000, 1.650000, 5.018942
0.050000, 1.650000, 3.361840
0.100000, 1.650000, 2.364353
0.150000, 1.650000, 2.342730
0.200000, 1.650000, 3.119832
0.250000, 1.650000, 4.141493
0.300000, 1.650000, 4.792064
0.350000, 1.650000, 4.728430
0.400000, 1.650000, 4.044866
0.450000, 1.650000, 3.181025
0.500000, 1.650000, 2.634198
0.550000, 1.650000, 2.648855
0.600000, 1.650000, 3.067260
0.650000, 1.650000, 3.428963
0.700000, 1.650000, 3.260035
0.750000, 1.650000, 2.380468
0.800000, 1.650000, 1.045409
0.850000, 1.650000, -0.169179
0.900000, 1.650000, -0.677770
0.950000, 1.650000, -0.218881
1.000000, 1.650000, 0.980055
1.050000, 1.650000, 2.304463
1.100000, 1.650000, 3.068855
1.150000, 1.650000, 2.873815
1.200000, 1.650000, 1.806599
1.250000, 1.650000, 0.376379
1.300000, 1.650000, -0.775515
1.350000, 1.650000, -1.224445
1.400000, 1.650000, -0.974267
1.450000, 1.650000, -0.417375
1.500000, 1.650000, -0.074230
1.550000, 1.650000, -0.269693
1.600000, 1.650000, -0.937554
1.650000, 1.650000, -1.667546
1.700000, 1.650000, -1.965868
1.750000, 1.650000, -1.574135
1.800000, 1.650000, -0.655795
1.850000, 1.650000, 0.265371
1.900000, 1.650000, 0.586372
1.950000, 1.650000, -0.031492
2.000000, 1.650000, -1.453516
0.000000, 1.700000, 5.327897
0.050000, 1.700000, 3.647704
0.100000, 1.700000, 2.673251
0.150000, 1.700000, 2.720310
0.200000, 1.700000, 3.557163
0.250000, 1.700000, 4.561436
0.300000, 1.700000, 5.095377
0.350000, 1.700000, 4.872046
0.400000, 1.700000, 4.094440
0.450000, 1.700000, 3.290652
0.500000, 1.700000, 2.954341
0.550000, 1.700000, 3.217525
0.600000, 1.700000, 3.760572
0.650000, 1.700000, 4.016246
0.700000, 1.700000, 3.541597
0.750000, 1.700000, 2.325645
0.800000, 1.700000, 0.837378
0.850000, 1.700000, -0.224151
0.900000, 1.700000, -0.333354
0.950000, 1.700000, 0.545419
1.000000, 1.700000, 1.920237
1.050000, 1.700000, 3.039113
1.100000, 1.700000, 3.306897
1.150000, 1.700000, 2.606775
1.200000, 1.700000, 1.339652
1.250000, 1.700000, 0.164346
1.300000, 1.700000, -0.399933
1.350000, 1.700000, -0.267774
1.400000, 1.700000, 0.195775
1.450000, 1.700000, 0.438494
1.500000, 1.700000, 0.095076
1.550000, 1.700000, -0.763851
1.600000, 1.700000, -1.665087
1.650000, 1.700000, -2.030439
1.700000, 1.700000, -1.555415
1.750000, 1.700000, -0.432845
1.800000, 1.700000, 0.722928
1.850000, 1.700000, 1.214201
1.900000, 1.700000, 0.662475
1.950000, 1.700000, -0.764681
2.000000, 1.700000, -2.439724
0.000000, 1.750000, 5.617686
0.050000, 1.750000, 3.915022
0.100000, 1.750000, 2.966161
0.150000, 1.750000, 3.083517
0.200000, 1.750000, 3.974778
0.250000, 1.750000, 4.947983
0.300000, 1.750000, 5.352509
0.350000, 1.750000, 4.973446
0.400000, 1.750000, 4.131156
0.450000, 1.750000, 3.430455
0.500000, 1.750000, 3.330347
0.550000, 1.750000, 3.819809
0.600000, 1.750000, 4.414298
0.650000, 1.750000, 4.477510
0.700000, 1.750000, 3.659408
0.750000, 1.750000, 2.162732
0.800000, 1.750000, 0.657698
0.850000, 1.750000, -0.110132
0.900000, 1.750000, 0.224711
0.950000, 1.750000, 1.416281
1.000000, 1.750000, 2.747841
1.050000, 1.750000, 3.457868
1.100000, 1.750000, 3.185255
1.150000, 1.750000, 2.157281
1.200000, 1.750000, 1.009172
1.250000, 1.750000, 0.358646
1.300000, 1.750000, 0.412521
1.350000, 1.750000, 0.857338
1.400000, 1.750000, 1.099104
1.450000, 1.750000, 0.689769
1.500000, 1.750000, -0.343344
1.550000, 1.750000, -1.485883
1.600000, 1.750000, -2.056447
1.650000, 1.750000, -1.654962
1.700000, 1.750000, -0.449101
1.750000, 1.750000, 0.891624
1.800000, 1.750000, 1.580862
1.850000, 1.750000, 1.181997
1.900000, 1.750000, -0.135032
1.950000, 1.750000, -1.706515
2.000000, 1.750000, -2.784118
0.000000, 1.800000, 5.883871
0.050000, 1.800000, 4.159356
0.100000, 1.800000, 3.238612
0.150000, 1.800000, 3.427506
0.200000, 1.800000, 4.367047
0.250000, 1.800000, 5.295279
0.300000, 1.800000, 5.559577
0.350000, 1.800000, 5.033185
0.400000, 1.800000, 4.159398
0.450000, 1.800000, 3.602544
0.500000, 1.800000, 3.752805
0.550000, 1.800000, 4.430142
0.600000, 1.800000, 4.994789
0.650000, 1.800000, 4.791968
0.700000, 1.800000, 3.627090
0.750000, 1.800000, 1.942639
0.800000, 1.800000, 0.567082
0.850000, 1.800000, 0.195261
0.900000, 1.800000, 0.943168
0.950000, 1.800000, 2.273109
1.000000, 1.800000, 3.339120
1.050000, 1.800000, 3.522743
1.100000, 1.800000, 2.804322
1.150000, 1.800000, 1.728690
1.200000, 1.800000, 0.998839
1.250000, 1.800000, 0.980912
1.300000, 1.800000, 1.459901
1.350000, 1.800000, 1.810705
1.400000, 1.800000, 1.463110
1.450000, 1.800000, 0.336634
1.500000, 1.800000, -1.059918
1.550000, 1.800000, -1.941482
1.600000, 1.800000, -1.767219
1.650000, 1.800000, -0.618375
1.700000, 1.800000, 0.824919
1.750000, 1.800000, 1.699109
1.800000, 1.800000, 1.493371
1.850000, 1.800000, 0.353881
1.900000, 1.800000, -1.040804
1.950000, 1.800000, -1.943284
2.000000, 1.800000, -2.024946
0.000000, 1.850000, 6.122661
0.050000, 1.850000, 4.376914
0.100000, 1.850000, 3.486774
0.150000, 1.850000, 3.748054
0.200000, 1.850000, 4.729002
0.250000, 1.850000, 5.598333
0.300000, 1.850000, 5.713875
0.350000, 1.850000, 5.052962
0.400000, 1.850000, 4.183665
0.450000, 1.850000, 3.807172
0.500000, 1.850000, 4.209082
0.550000, 1.850000, 5.021487
0.600000, 1.850000, 5.472972
0.650000, 1.850000, 4.950926
0.700000, 1.850000, 3.472515
0.750000, 1.850000, 1.721013
0.800000, 1.850000, 0.610982
0.850000, 1.850000, 0.680911
0.900000, 1.850000, 1.736648
0.950000, 1.850000, 2.993864
1.000000, 1.850000, 3.617087
1.050000, 1.850000, 3.275301
1.100000, 1.850000, 2.326663
1.150000, 1.850000, 1.511769
1.200000, 1.850000, 1.385377
1.250000, 1.850000, 1.900536
1.300000, 1.850000, 2.446076
1.350000, 1.850000, 2.309817
1.400000, 1.850000, 1.231204
1.450000, 1.850000, -0.360512
1.500000, 1.850000, -1.603829
1.550000, 1.850000, -1.785227
1.600000, 1.850000, -0.835786
1.650000, 1.850000, 0.607269
1.700000, 1.850000, 1.620670
1.750000, 1.850000, 1.604722
1.800000, 1.850000, 0.658359
1.850000, 1.850000, -0.536393
1.900000, 1.850000, -1.228341
1.950000, 1.850000, -1.136991
2.000000, 1.850000, -0.632456
0.000000, 1.900000, 6.331005
0.050000, 1.900000, 4.564644
0.100000, 1.900000, 3.707545
0.150000, 1.900000, 4.041660
0.200000, 1.900000, 5.056439
0.250000, 1.900000, 5.853128
0.300000, 1.900000, 5.813945
0.350000, 1.900000, 5.035553
0.400000, 1.900000, 4.208362
0.450000, 1.900000, 4.042646
0.500000, 1.900000, 4.683892
0.550000, 1.900000, 5.566971
0.600000, 1.900000, 5.826440
0.650000, 1.900000, 4.958320
0.700000, 1.900000, 3.234472
0.750000, 1.900000, 1.550968
0.800000, 1.900000, 0.812741
0.850000, 1.900000, 1.303422
0.900000, 1.900000, 2.502184
0.950000, 1.900000, 3.478426
1.000000, 1.900000, 3.567515
1.050000, 1.900000, 2.825817
1.100000, 1.900000, 1.933345
1.150000, 1.900000, 1.628971
1.200000, 1.900000, 2.113507
1.250000, 1.900000, 2.877427
1.300000, 1.900000, 3.087069
1.350000, 1.900000, 2.238893
1.400000, 1.900000, 0.584975
1.450000, 1.900000, -0.999686
1.500000, 1.900000, -1.620870
1.550000, 1.900000, -0.998766
1.600000, 1.900000, 0.335401
1.650000, 1.900000, 1.424226
1.700000, 1.900000, 1.564899
1.750000, 1.900000, 0.783648
1.800000, 1.900000, -0.240370
1.850000, 1.900000, -0.732386
1.900000, 1.900000, -0.432323
1.950000, 1.900000, 0.205776
2.000000, 1.900000, 0.375656
0.000000, 1.950000, 6.506667
0.050000, 1.950000, 4.720306
0.100000, 1.950000, 3.898635
0.150000, 1.950000, 4.305620
0.200000, 1.950000, 5.346009
0.250000, 1.950000, 6.056708
0.300000, 1.950000, 5.859617
0.350000, 1.950000, 4.984736
0.400000, 1.950000, 4.237618
0.450000, 1.950000, 4.305334
0.500000, 1.950000, 5.160047
0.550000, 1.950000, 6.041545
0.600000, 1.950000, 6.041052
0.650000, 1.950000, 4.830125
0.700000, 1.950000, 2.958206
0.750000, 1.950000, 1.476189
0.800000, 1.950000, 1.169937
0.850000, 1.950000, 1.993551
0.900000, 1.950000, 3.136958
0.950000, 1.950000, 3.667759
1.000000, 1.950000, 3.241409
1.050000, 1.950000, 2.326115
1.100000, 1.950000, 1.775578
1.150000, 1.950000, 2.098484
1.200000, 1.950000, 3.012222
1.250000, 1.950000, 3.641912
1.300000, 1.950000, 3.213227
1.350000, 1.950000, 1.692983
1.400000, 1.950000, -0.133316
1.450000, 1.950000, -1.219199
1.500000, 1.950000, -1.024657
1.550000, 1.950000, 0.098239
1.600000, 1.950000, 1.196301
1.650000, 1.950000, 1.450818
1.700000, 1.950000, 0.782200
1.750000, 1.950000, -0.143378
1.800000, 1.950000, -0.498394
1.850000, 1.950000, 0.003421
1.900000, 1.950000, 0.850232
1.950000, 1.950000, 1.129932
2.000000, 1.950000, 0.270752
0.000000, 2.000000, 6.648283
0.050000, 2.000000, 4.842536
0.100000, 2.000000, 4.058618
0.150000, 2.000000, 4.538087
0.200000, 2.000000, 5.595277
0.250000, 2.000000, 6.207250
0.300000, 2.000000, 5.852027
0.350000, 2.000000, 4.905173
0.400000, 2.000000, 4.275104
0.450000, 2.000000, 4.589783
0.500000, 2.000000, 5.619329
0.550000, 2.000000, 6.423554
0.600000, 2.000000, 6.111925
0.650000, 2.000000, 4.592699
0.700000, 2.000000, 2.690343
0.750000, 2.000000, 1.525297
0.800000, 2.000000, 1.654437
0.850000, 2.000000, 2.666842
0.900000, 2.000000, 3.556142
0.950000, 2.000000, 3.555120
1.000000, 2.000000, 2.743406
1.050000, 2.000000, 1.932626
1.100000, 2.000000, 1.934407
1.150000, 2.000000, 2.828376
1.200000, 2.000000, 3.847318
1.250000, 2.000000, 3.984864
1.300000, 2.000000, 2.830092
1.350000, 2.000000, 0.939878
1.400000, 2.000000, -0.565339
1.450000, 2.000000, -0.861091
1.500000, 2.000000, -0.039121
1.550000, 2.000000, 1.010038
1.600000, 2.000000, 1.346199
1.650000, 2.000000, 0.739479
1.700000, 2.000000, -0.182158
1.750000, 2.000000, -0.510296
1.800000, 2.000000, 0.130629
1.850000, 2.000000, 1.218641
1.900000, 2.000000, 1.730798
1.950000, 2.000000, 0.981437
2.000000, 2.000000, -0.787886
