0.000000, 0.000000, 0.923984
0.050000, 0.000000, 1.676427
0.100000, 0.000000, 2.176844
0.150000, 0.000000, 2.219818
0.200000, 0.000000, 1.796222
0.250000, 0.000000, 1.093728
0.300000, 0.000000, 0.421179
0.350000, 0.000000, 0.085942
0.400000, 0.000000, 0.271337
0.450000, 0.000000, 0.961252
0.500000, 0.000000, 1.941038
0.550000, 0.000000, 2.874618
0.600000, 0.000000, 3.428647
0.650000, 0.000000, 3.396514
0.700000, 0.000000, 2.775015
0.750000, 0.000000, 1.764527
0.800000, 0.000000, 0.692686
0.850000, 0.000000, -0.109305
0.900000, 0.000000, -0.430564
0.950000, 0.000000, -0.257433
1.000000, 0.000000, 0.225767
1.050000, 0.000000, 0.712172
1.100000, 0.000000, 0.894918
1.150000, 0.000000, 0.589682
1.200000, 0.000000, -0.189876
1.250000, 0.000000, -1.232874
1.300000, 0.000000, -2.208109
1.350000, 0.000000, -2.787947
1.400000, 0.000000, -2.772009
1.450000, 0.000000, -2.163499
1.500000, 0.000000, -1.169029
1.550000, 0.000000, -0.121943
1.600000, 0.000000, 0.641682
1.650000, 0.000000, 0.907196
1.700000, 0.000000, 0.658487
1.750000, 0.000000, 0.078876
1.800000, 0.000000, -0.524271
1.850000, 0.000000, -0.842110
1.900000, 0.000000, -0.686970
1.950000, 0.000000, -0.067976
2.000000, 0.000000, 0.809452
0.000000, 0.050000, 0.666927
0.050000, 0.050000, 1.487564
0.100000, 0.050000, 2.050492
0.150000, 0.050000, 2.146850
0.200000, 0.050000, 1.764576
0.250000, 0.050000, 1.089074
0.300000, 0.050000, 0.427708
0.350000, 0.050000, 0.087242
0.400000, 0.050000, 0.251298
0.450000, 0.050000, 0.904960
0.500000, 0.050000, 1.835594
0.550000, 0.050000, 2.709855
0.600000, 0.050000, 3.197691
0.650000, 0.050000, 3.096162
0.700000, 0.050000, 2.405915
0.750000, 0.050000, 1.331142
0.800000, 0.050000, 0.203045
0.850000, 0.050000, -0.644050
0.900000, 0.050000, -0.996749
0.950000, 0.050000, -0.839643
1.000000, 0.050000, -0.356152
1.050000, 0.050000, 0.146862
1.100000, 0.050000, 0.361632
1.150000, 0.050000, 0.102083
1.200000, 0.050000, -0.620633
1.250000, 0.050000, -1.598757
1.300000, 0.050000, -2.504653
1.350000, 0.050000, -3.014502
1.400000, 0.050000, -2.931773
1.450000, 0.050000, -2.263344
1.500000, 0.050000, -1.219116
1.550000, 0.050000, -0.135167
1.600000, 0.050000, 0.650412
1.650000, 0.050000, 0.921775
1.700000, 0.050000, 0.662509
1.750000, 0.050000, 0.056539
1.800000, 0.050000, -0.587291
1.850000, 0.050000, -0.957867
1.900000, 0.050000, -0.864582
1.950000, 0.050000, -0.313120
2.000000, 0.050000, 0.494854
0.000000, 0.100000, 0.149666
0.050000, 0.100000, 1.032813
0.100000, 0.100000, 1.649126
0.150000, 0.100000, 1.786810
0.200000, 0.100000, 1.431536
0.250000, 0.100000, 0.767229
0.300000, 0.100000, 0.100653
0.350000, 0.100000, -0.261124
0.400000, 0.100000, -0.133285
0.450000, 0.100000, 0.471271
0.500000, 0.100000, 1.342645
0.550000, 0.100000, 2.150785
0.600000, 0.100000, 2.569311
0.650000, 0.100000, 2.399137
0.700000, 0.100000, 1.644724
0.750000, 0.100000, 0.513833
0.800000, 0.100000, -0.659209
0.850000, 0.100000, -1.537564
0.900000, 0.100000, -1.906087
0.950000, 0.100000, -1.748464
1.000000, 0.100000, -1.248114
1.050000, 0.100000, -0.712801
1.100000, 0.100000, -0.452039
1.150000, 0.100000, -0.654412
1.200000, 0.100000, -1.311891
1.250000, 0.100000, -2.220282
1.300000, 0.100000, -3.055763
1.350000, 0.100000, -3.498360
1.400000, 0.100000, -3.355216
1.450000, 0.100000, -2.636497
1.500000, 0.100000, -1.554837
1.550000, 0.100000, -0.448327
1.600000, 0.100000, 0.343748
1.650000, 0.100000, 0.605243
1.700000, 0.100000, 0.320349
1.750000, 0.100000, -0.325531
1.800000, 0.100000, -1.021281
1.850000, 0.100000, -1.452849
1.900000, 0.100000, -1.426187
1.950000, 0.100000, -0.943222
2.000000, 0.100000, -0.201758
0.000000, 0.150000, -0.434472
0.050000, 0.150000, 0.502060
0.100000, 0.150000, 1.159699
0.150000, 0.150000, 1.324386
0.200000, 0.150000, 0.980318
0.250000, 0.150000, 0.310821
0.300000, 0.150000, -0.377035
0.350000, 0.150000, -0.774984
0.400000, 0.150000, -0.696187
0.450000, 0.150000, -0.150807
0.500000, 0.150000, 0.654551
0.550000, 0.150000, 1.393512
0.600000, 0.150000, 1.743552
0.650000, 0.150000, 1.509401
0.700000, 0.150000, 0.699091
0.750000, 0.150000, -0.476488
0.800000, 0.150000, -1.680496
0.850000, 0.150000, -2.574341
0.900000, 0.150000, -2.941971
0.950000, 0.150000, -2.767068
1.000000, 0.150000, -2.233948
1.050000, 0.150000, -1.652125
1.100000, 0.150000, -1.333619
1.150000, 0.150000, -1.470131
1.200000, 0.150000, -2.057198
1.250000, 0.150000, -2.894436
1.300000, 0.150000, -3.661868
1.350000, 0.150000, -4.043192
1.400000, 0.150000, -3.848837
1.450000, 0.150000, -3.091698
1.500000, 0.150000, -1.986422
1.550000, 0.150000, -0.872291
1.600000, 0.150000, -0.088891
1.650000, 0.150000, 0.148242
1.700000, 0.150000, -0.175222
1.750000, 0.150000, -0.871607
1.800000, 0.150000, -1.626858
1.850000, 0.150000, -2.123481
1.900000, 0.150000, -2.163669
1.950000, 0.150000, -1.745487
2.000000, 0.150000, -1.062980
0.000000, 0.200000, -0.848617
0.050000, 0.200000, 0.129237
0.100000, 0.200000, 0.813875
0.150000, 0.200000, 0.989768
0.200000, 0.200000, 0.640518
0.250000, 0.200000, -0.050240
0.300000, 0.200000, -0.774231
0.350000, 0.200000, -1.221166
0.400000, 0.200000, -1.201467
0.450000, 0.200000, -0.721996
0.500000, 0.200000, 0.014322
0.550000, 0.200000, 0.684970
0.600000, 0.200000, 0.971244
0.650000, 0.200000, 0.681451
0.700000, 0.200000, -0.173246
0.750000, 0.200000, -1.379442
0.800000, 0.200000, -2.598538
0.850000, 0.200000, -3.491031
0.900000, 0.200000, -3.840863
0.950000, 0.200000, -3.632612
1.000000, 0.200000, -3.052340
1.050000, 0.200000, -2.412061
1.100000, 0.200000, -2.026914
1.150000, 0.200000, -2.092162
1.200000, 0.200000, -2.607149
1.250000, 0.200000, -3.375336
1.300000, 0.200000, -4.080414
1.350000, 0.200000, -4.409365
1.400000, 0.200000, -4.175346
1.450000, 0.200000, -3.393266
1.500000, 0.200000, -2.278960
1.550000, 0.200000, -1.172008
1.600000, 0.200000, -0.411389
1.650000, 0.200000, -0.211159
1.700000, 0.200000, -0.583373
1.750000, 0.200000, -1.337417
1.800000, 0.200000, -2.155793
1.850000, 0.200000, -2.717249
1.900000, 0.200000, -2.820117
1.950000, 0.200000, -2.458703
2.000000, 0.200000, -1.823612
0.000000, 0.250000, -0.905822
0.050000, 0.250000, 0.099024
0.100000, 0.250000, 0.794858
0.150000, 0.250000, 0.965561
0.200000, 0.250000, 0.595051
0.250000, 0.250000, -0.131829
0.300000, 0.250000, -0.904775
0.350000, 0.250000, -1.410753
0.400000, 0.250000, -1.456879
0.450000, 0.250000, -1.046330
0.500000, 0.250000, -0.378168
0.550000, 0.250000, 0.228914
0.600000, 0.250000, 0.459795
0.650000, 0.250000, 0.125914
0.700000, 0.250000, -0.759043
0.750000, 0.250000, -1.979910
0.800000, 0.250000, -3.197172
0.850000, 0.250000, -4.071320
0.900000, 0.250000, -4.387185
0.950000, 0.250000, -4.131089
1.000000, 0.250000, -3.491592
1.050000, 0.250000, -2.783825
1.100000, 0.250000, -2.326486
1.150000, 0.250000, -2.318643
1.200000, 0.250000, -2.763485
1.250000, 0.250000, -3.468137
1.300000, 0.250000, -4.119576
1.350000, 0.250000, -4.407513
1.400000, 0.250000, -4.147115
1.450000, 0.250000, -3.354481
1.500000, 0.250000, -2.245746
1.550000, 0.250000, -1.159883
1.600000, 0.250000, -0.434391
1.650000, 0.250000, -0.281056
1.700000, 0.250000, -0.708995
1.750000, 0.250000, -1.524155
1.800000, 0.250000, -2.405282
1.850000, 0.250000, -3.027266
1.900000, 0.250000, -3.184684
1.950000, 0.250000, -2.868407
2.000000, 0.250000, -2.266105
0.000000, 0.300000, -0.544400
0.050000, 0.300000, 0.471629
0.100000, 0.300000, 1.162254
0.150000, 0.300000, 1.311677
0.200000, 0.300000, 0.905030
0.250000, 0.300000, 0.129196
0.300000, 0.300000, -0.702773
0.350000, 0.300000, -1.274530
0.400000, 0.300000, -1.389499
0.450000, 0.300000, -1.046990
0.500000, 0.300000, -0.442233
0.550000, 0.300000, 0.109666
0.600000, 0.300000, 0.296725
0.650000, 0.300000, -0.067091
0.700000, 0.300000, -0.966330
0.750000, 0.300000, -2.184906
0.800000, 0.300000, -3.383294
0.850000, 0.300000, -4.222870
0.900000, 0.300000, -4.490208
0.950000, 0.300000, -4.174124
1.000000, 0.300000, -3.466295
1.050000, 0.300000, -2.685408
1.100000, 0.300000, -2.153967
1.150000, 0.300000, -2.074884
1.200000, 0.300000, -2.455012
1.250000, 0.300000, -3.104765
1.300000, 0.300000, -3.713848
1.350000, 0.300000, -3.973984
1.400000, 0.300000, -3.701536
1.450000, 0.300000, -2.912903
1.500000, 0.300000, -1.823618
1.550000, 0.300000, -0.771180
1.600000, 0.300000, -0.090821
1.650000, 0.300000, 0.008604
1.700000, 0.300000, -0.478589
1.750000, 0.300000, -1.354597
1.800000, 0.300000, -2.294316
1.850000, 0.300000, -2.968890
1.900000, 0.300000, -3.169466
1.950000, 0.300000, -2.883991
2.000000, 0.300000, -2.297880
0.000000, 0.350000, 0.143823
0.050000, 0.350000, 1.154623
0.100000, 0.350000, 1.823935
0.150000, 0.350000, 1.937187
0.200000, 0.350000, 1.481554
0.250000, 0.350000, 0.646677
0.300000, 0.350000, -0.251070
0.350000, 0.350000, -0.891643
0.400000, 0.350000, -1.074590
0.450000, 0.350000, -0.795382
0.500000, 0.350000, -0.245657
0.550000, 0.350000, 0.262627
0.600000, 0.350000, 0.420015
0.650000, 0.350000, 0.042249
0.700000, 0.350000, -0.854300
0.750000, 0.350000, -2.053529
0.800000, 0.350000, -3.216796
0.850000, 0.350000, -4.007218
0.900000, 0.350000, -4.213861
0.950000, 0.350000, -3.828656
1.000000, 0.350000, -3.046838
1.050000, 0.350000, -2.190899
1.100000, 0.350000, -1.587188
1.150000, 0.350000, -1.442285
1.200000, 0.350000, -1.766336
1.250000, 0.350000, -2.372484
1.300000, 0.350000, -2.952454
1.350000, 0.350000, -3.199168
1.400000, 0.350000, -2.929298
1.450000, 0.350000, -2.158648
1.500000, 0.350000, -1.101284
1.550000, 0.350000, -0.092447
1.600000, 0.350000, 0.535552
1.650000, 0.350000, 0.577282
1.700000, 0.350000, 0.030795
1.750000, 0.350000, -0.902265
1.800000, 0.350000, -1.893061
1.850000, 0.350000, -2.609320
1.900000, 0.350000, -2.839280
1.950000, 0.350000, -2.568643
2.000000, 0.350000, -1.981375
0.000000, 0.400000, 0.943419
0.050000, 0.400000, 1.932880
0.100000, 0.400000, 2.565976
0.150000, 0.400000, 2.630186
0.200000, 0.400000, 2.115455
0.250000, 0.400000, 1.214753
0.300000, 0.400000, 0.248162
0.350000, 0.400000, -0.460389
0.400000, 0.400000, -0.706601
0.450000, 0.400000, -0.482345
0.500000, 0.400000, 0.023894
0.550000, 0.400000, 0.502694
0.600000, 0.400000, 0.646382
0.650000, 0.400000, 0.271623
0.700000, 0.400000, -0.605189
0.750000, 0.400000, -1.768833
0.800000, 0.400000, -2.882404
0.850000, 0.400000, -3.611511
0.900000, 0.400000, -3.748336
0.950000, 0.400000, -3.288367
1.000000, 0.400000, -2.430648
1.050000, 0.400000, -1.501519
1.100000, 0.400000, -0.831002
1.150000, 0.400000, -0.628974
1.200000, 0.400000, -0.908318
1.250000, 0.400000, -1.484205
1.300000, 0.400000, -2.049568
1.350000, 0.400000, -2.297648
1.400000, 0.400000, -2.044531
1.450000, 0.400000, -1.304568
1.500000, 0.400000, -0.289580
1.550000, 0.400000, 0.668100
1.600000, 0.400000, 1.239570
1.650000, 0.400000, 1.223121
1.700000, 0.400000, 0.620631
1.750000, 0.400000, -0.362539
1.800000, 0.400000, -1.394154
1.850000, 0.400000, -2.139045
1.900000, 0.400000, -2.383223
1.950000, 0.400000, -2.110960
2.000000, 0.400000, -1.505663
0.000000, 0.450000, 1.592285
0.050000, 0.450000, 2.545492
0.100000, 0.450000, 3.129482
0.150000, 0.450000, 3.134515
0.200000, 0.450000, 2.553876
0.250000, 0.450000, 1.584252
0.300000, 0.450000, 0.549621
0.350000, 0.450000, -0.222231
0.400000, 0.450000, -0.523395
0.450000, 0.450000, -0.342581
0.500000, 0.450000, 0.134271
0.550000, 0.450000, 0.599526
0.600000, 0.450000, 0.746441
0.650000, 0.450000, 0.391708
0.700000, 0.450000, -0.449158
0.750000, 0.450000, -1.562670
0.800000, 0.450000, -2.614417
0.850000, 0.450000, -3.273122
0.900000, 0.450000, -3.334526
0.950000, 0.450000, -2.797932
1.000000, 0.450000, -1.866236
1.050000, 0.450000, -0.869457
1.100000, 0.450000, -0.140923
1.150000, 0.450000, 0.106742
1.200000, 0.450000, -0.141383
1.250000, 0.450000, -0.701690
1.300000, 0.450000, -1.267443
1.350000, 0.450000, -1.531313
1.400000, 0.450000, -1.307947
1.450000, 0.450000, -0.609468
1.500000, 0.450000, 0.355194
1.550000, 0.450000, 1.257097
1.600000, 0.450000, 1.771044
1.650000, 0.450000, 1.699131
1.700000, 0.450000, 1.046934
1.750000, 0.450000, 0.023197
1.800000, 0.450000, -1.036969
1.850000, 0.450000, -1.796189
1.900000, 0.450000, -2.039057
1.950000, 0.450000, -1.749305
2.000000, 0.450000, -1.110707
0.000000, 0.500000, 1.876490
0.050000, 0.500000, 2.780546
0.100000, 0.500000, 3.305275
0.150000, 0.500000, 3.244292
0.200000, 0.500000, 2.594613
0.250000, 0.500000, 1.556832
0.300000, 0.500000, 0.458797
0.350000, 0.500000, -0.368086
0.400000, 0.500000, -0.712737
0.450000, 0.500000, -0.561310
0.500000, 0.500000, -0.097950
0.550000, 0.500000, 0.370644
0.600000, 0.500000, 0.537762
0.650000, 0.500000, 0.219221
0.700000, 0.500000, -0.571196
0.750000, 0.500000, -1.622495
0.800000, 0.500000, -2.603379
0.850000, 0.500000, -3.186136
0.900000, 0.500000, -3.170326
0.950000, 0.500000, -2.559109
1.000000, 0.500000, -1.559071
1.050000, 0.500000, -0.503546
1.100000, 0.500000, 0.271380
1.150000, 0.500000, 0.551029
1.200000, 0.500000, 0.319246
1.250000, 0.500000, -0.240708
1.300000, 0.500000, -0.821547
1.350000, 0.500000, -1.114521
1.400000, 0.500000, -0.932067
1.450000, 0.500000, -0.283438
1.500000, 0.500000, 0.625808
1.550000, 0.500000, 1.470411
1.600000, 0.500000, 1.928960
1.650000, 0.500000, 1.807232
1.700000, 0.500000, 1.114163
1.750000, 0.500000, 0.061353
1.800000, 0.500000, -1.013894
1.850000, 0.500000, -1.772805
1.900000, 0.500000, -1.999449
1.950000, 0.500000, -1.677936
2.000000, 0.500000, -0.993307
0.000000, 0.550000, 1.707118
0.050000, 0.550000, 2.551855
0.100000, 0.550000, 3.010463
0.150000, 0.550000, 2.880302
0.200000, 0.550000, 2.162309
0.250000, 0.550000, 1.060964
0.300000, 0.550000, -0.092255
0.350000, 0.550000, -0.962754
0.400000, 0.550000, -1.336888
0.450000, 0.550000, -1.199006
0.500000, 0.550000, -0.732308
0.550000, 0.550000, -0.243451
0.600000, 0.550000, -0.040017
0.650000, 0.550000, -0.307916
0.700000, 0.550000, -1.035858
0.750000, 0.550000, -2.015965
0.800000, 0.550000, -2.920508
0.850000, 0.550000, -3.425597
0.900000, 0.550000, -3.334660
0.950000, 0.550000, -2.654556
1.000000, 0.550000, -1.595197
1.050000, 0.550000, -0.492693
1.100000, 0.550000, 0.314804
1.150000, 0.550000, 0.611364
1.200000, 0.550000, 0.380465
1.250000, 0.550000, -0.194104
1.300000, 0.550000, -0.803653
1.350000, 0.550000, -1.137246
1.400000, 0.550000, -1.004473
1.450000, 0.550000, -0.411235
1.500000, 0.550000, 0.440570
1.550000, 0.550000, 1.229447
1.600000, 0.550000, 1.637645
1.650000, 0.550000, 1.474281
1.700000, 0.550000, 0.751135
1.750000, 0.550000, -0.318019
1.800000, 0.550000, -1.394492
1.850000, 0.550000, -2.138992
1.900000, 0.550000, -2.335975
1.950000, 0.550000, -1.970823
2.000000, 0.550000, -1.230663
0.000000, 0.600000, 1.150017
0.050000, 0.600000, 1.928560
0.100000, 0.600000, 2.317859
0.150000, 0.600000, 2.119211
0.200000, 0.600000, 1.337453
0.250000, 0.600000, 0.180713
0.300000, 0.600000, -1.016327
0.350000, 0.600000, -1.916496
0.400000, 0.600000, -2.304331
0.450000, 0.600000, -2.163222
0.500000, 0.600000, -1.676320
0.550000, 0.600000, -1.151147
0.600000, 0.600000, -0.897007
0.650000, 0.600000, -1.102300
0.700000, 0.600000, -1.758852
0.750000, 0.600000, -2.662356
0.800000, 0.600000, -3.488912
0.850000, 0.600000, -3.918506
0.900000, 0.600000, -3.758276
0.950000, 0.600000, -3.018420
1.000000, 0.600000, -1.911641
1.050000, 0.600000, -0.776133
1.100000, 0.600000, 0.048679
1.150000, 0.600000, 0.346476
1.200000, 0.600000, 0.101245
1.250000, 0.600000, -0.501846
1.300000, 0.600000, -1.151945
1.350000, 0.600000, -1.535290
1.400000, 0.600000, -1.458144
1.450000, 0.600000, -0.922771
1.500000, 0.600000, -0.127322
1.550000, 0.600000, 0.610348
1.600000, 0.600000, 0.975813
1.650000, 0.600000, 0.781019
1.700000, 0.600000, 0.039909
1.750000, 0.600000, -1.032364
1.800000, 0.600000, -2.096595
1.850000, 0.600000, -2.813880
1.900000, 0.600000, -2.969940
1.950000, 0.600000, -2.552234
2.000000, 0.600000, -1.750672
0.000000, 0.650000, 0.397321
0.050000, 0.650000, 1.106469
0.100000, 0.650000, 1.427123
0.150000, 0.650000, 1.164497
0.200000, 0.650000, 0.327097
0.250000, 0.650000, -0.873729
0.300000, 0.650000, -2.100706
0.350000, 0.650000, -3.014825
0.400000, 0.650000, -3.399652
0.450000, 0.650000, -3.238518
0.500000, 0.650000, -2.715424
0.550000, 0.650000, -2.139609
0.600000, 0.650000, -1.822863
0.650000, 0.650000, -1.956700
0.700000, 0.650000, -2.536520
0.750000, 0.650000, -3.361848
0.800000, 0.650000, -4.112669
0.850000, 0.650000, -4.472690
0.900000, 0.650000, -4.252402
0.950000, 0.650000, -3.464812
1.000000, 0.650000, -2.324725
1.050000, 0.650000, -1.171630
1.100000, 0.650000, -0.345365
1.150000, 0.650000, -0.061760
1.200000, 0.650000, -0.335477
1.250000, 0.650000, -0.979209
1.300000, 0.650000, -1.679303
1.350000, 0.650000, -2.118694
1.400000, 0.650000, -2.100027
1.450000, 0.650000, -1.621840
1.500000, 0.650000, -0.878661
1.550000, 0.650000, -0.185032
1.600000, 0.650000, 0.147438
1.650000, 0.650000, -0.067145
1.700000, 0.650000, -0.813458
1.750000, 0.650000, -1.875831
1.800000, 0.650000, -2.915437
1.850000, 0.650000, -3.594619
1.900000, 0.650000, -3.701158
1.950000, 0.650000, -3.225266
2.000000, 0.650000, -2.360148
0.000000, 0.700000, -0.308180
0.050000, 0.700000, 0.332220
0.100000, 0.700000, 0.588708
0.150000, 0.700000, 0.270186
0.200000, 0.700000, -0.611601
0.250000, 0.700000, -1.842689
0.300000, 0.700000, -3.083946
0.350000, 0.700000, -3.995376
0.400000, 0.700000, -4.360466
0.450000, 0.700000, -4.163385
0.500000, 0.700000, -3.589843
0.550000, 0.700000, -2.951553
0.600000, 0.700000, -2.563416
0.650000, 0.700000, -2.620522
0.700000, 0.700000, -3.122103
0.750000, 0.700000, -3.871577
0.800000, 0.700000, -4.552662
0.850000, 0.700000, -4.852431
0.900000, 0.700000, -4.584201
0.950000, 0.700000, -3.763102
1.000000, 0.700000, -2.605256
1.050000, 0.700000, -1.450588
1.100000, 0.700000, -0.638472
1.150000, 0.700000, -0.383415
1.200000, 0.700000, -0.697964
1.250000, 0.700000, -1.392037
1.300000, 0.700000, -2.148699
1.350000, 0.700000, -2.647289
1.400000, 0.700000, -2.686744
1.450000, 0.700000, -2.261993
1.500000, 0.700000, -1.564261
1.550000, 0.700000, -0.905276
1.600000, 0.700000, -0.594488
1.650000, 0.700000, -0.816405
1.700000, 0.700000, -1.555176
1.750000, 0.700000, -2.595486
1.800000, 0.700000, -3.599732
1.850000, 0.700000, -4.232286
1.900000, 0.700000, -4.283642
1.950000, 0.700000, -3.747267
2.000000, 0.700000, -2.819975
0.000000, 0.750000, -0.766829
0.050000, 0.750000, -0.190715
0.100000, 0.750000, 0.009655
0.150000, 0.750000, -0.353554
0.200000, 0.750000, -1.265959
0.250000, 0.750000, -2.511716
0.300000, 0.750000, -3.750684
0.350000, 0.750000, -4.642766
0.400000, 0.750000, -4.972271
0.450000, 0.750000, -4.725059
0.500000, 0.750000, -4.089303
0.550000, 0.750000, -3.379821
0.600000, 0.750000, -2.915082
0.650000, 0.750000, -2.894011
0.700000, 0.750000, -3.319739
0.750000, 0.750000, -3.999423
0.800000, 0.750000, -4.620162
0.850000, 0.750000, -4.871872
0.900000, 0.750000, -4.570012
0.950000, 0.750000, -3.731053
1.000000, 0.750000, -2.571575
1.050000, 0.750000, -1.431070
1.100000, 0.750000, -0.647613
1.150000, 0.750000, -0.433623
1.200000, 0.750000, -0.798898
1.250000, 0.750000, -1.550095
1.300000, 0.750000, -2.366705
1.350000, 0.750000, -2.924375
1.400000, 0.750000, -3.018445
1.450000, 0.750000, -2.640545
1.500000, 0.750000, -1.979089
1.550000, 0.750000, -1.343639
1.600000, 0.750000, -1.042245
1.650000, 0.750000, -1.258867
1.700000, 0.750000, -1.977981
1.750000, 0.750000, -2.985464
1.800000, 0.750000, -3.945699
1.850000, 0.750000, -4.525723
1.900000, 0.750000, -4.519231
1.950000, 0.750000, -3.923239
2.000000, 0.750000, -2.938258
0.000000, 0.800000, -0.898150
0.050000, 0.800000, -0.378292
0.100000, 0.800000, -0.222867
0.150000, 0.800000, -0.617043
0.200000, 0.800000, -1.544535
0.250000, 0.800000, -2.788460
0.300000, 0.800000, -4.008552
0.350000, 0.800000, -4.865514
0.400000, 0.800000, -5.145323
0.450000, 0.800000, -4.836286
0.500000, 0.800000, -4.129668
0.550000, 0.800000, -3.343844
0.600000, 0.800000, -2.801119
0.650000, 0.800000, -2.704313
0.700000, 0.800000, -3.060304
0.750000, 0.800000, -3.679643
0.800000, 0.800000, -4.252284
0.850000, 0.800000, -4.470308
0.900000, 0.800000, -4.150535
0.950000, 0.800000, -3.309923
1.000000, 0.800000, -2.164644
1.050000, 0.800000, -1.052917
1.100000, 0.800000, -0.310760
1.150000, 0.800000, -0.147865
1.200000, 0.800000, -0.570796
1.250000, 0.800000, -1.382654
1.300000, 0.800000, -2.259255
1.350000, 0.800000, -2.872655
1.400000, 0.800000, -3.014903
1.450000, 0.800000, -2.674812
1.500000, 0.800000, -2.038617
1.550000, 0.800000, -1.414466
1.600000, 0.800000, -1.109828
1.650000, 0.800000, -1.308960
1.700000, 0.800000, -1.997485
1.750000, 0.800000, -2.963215
1.800000, 0.800000, -3.873142
1.850000, 0.800000, -4.397444
1.900000, 0.800000, -4.333298
1.950000, 0.800000, -3.681348
2.000000, 0.800000, -2.645672
0.000000, 0.850000, -0.770134
0.050000, 0.850000, -0.295379
0.100000, 0.850000, -0.171214
0.150000, 0.850000, -0.580880
0.200000, 0.850000, -1.507020
0.250000, 0.850000, -2.732600
0.300000, 0.850000, -3.918121
0.350000, 0.850000, -4.725928
0.400000, 0.850000, -4.944423
0.450000, 0.850000, -4.564983
0.500000, 0.850000, -3.782417
0.550000, 0.850000, -2.918926
0.600000, 0.850000, -2.300705
0.650000, 0.850000, -2.134325
0.700000, 0.850000, -2.430065
0.750000, 0.850000, -3.001345
0.800000, 0.850000, -3.540300
0.850000, 0.850000, -3.740395
0.900000, 0.850000, -3.418963
0.950000, 0.850000, -2.592580
1.000000, 0.850000, -1.476178
1.050000, 0.850000, -0.405943
1.100000, 0.850000, 0.284806
1.150000, 0.850000, 0.389584
1.200000, 0.850000, -0.094635
1.250000, 0.850000, -0.967291
1.300000, 0.850000, -1.900621
1.350000, 0.850000, -2.563389
1.400000, 0.850000, -2.744820
1.450000, 0.850000, -2.431535
1.500000, 0.850000, -1.808330
1.550000, 0.850000, -1.182740
1.600000, 0.850000, -0.862490
1.650000, 0.850000, -1.032932
1.700000, 0.850000, -1.681571
1.750000, 0.850000, -2.598764
1.800000, 0.850000, -3.454576
1.850000, 0.850000, -3.922597
1.900000, 0.850000, -3.803560
1.950000, 0.850000, -3.101603
2.000000, 0.850000, -2.024026
0.000000, 0.900000, -0.570644
0.050000, 0.900000, -0.127328
0.100000, 0.900000, -0.018988
0.150000, 0.900000, -0.427761
0.200000, 0.900000, -1.336103
0.250000, 0.900000, -2.527715
0.300000, 0.900000, -3.664709
0.350000, 0.900000, -4.411822
0.400000, 0.900000, -4.560498
0.450000, 0.900000, -4.105638
0.500000, 0.900000, -3.245857
0.550000, 0.900000, -2.307239
0.600000, 0.900000, -1.619724
0.650000, 0.900000, -1.393288
0.700000, 0.900000, -1.641085
0.750000, 0.900000, -2.178736
0.800000, 0.900000, -2.699778
0.850000, 0.900000, -2.898214
0.900000, 0.900000, -2.591024
0.950000, 0.900000, -1.793571
1.000000, 0.900000, -0.718785
1.050000, 0.900000, 0.299814
1.100000, 0.900000, 0.932093
1.150000, 0.900000, 0.975082
1.200000, 0.900000, 0.429401
1.250000, 0.900000, -0.500823
1.300000, 0.900000, -1.484532
1.350000, 0.900000, -2.187662
1.400000, 0.900000, -2.397226
1.450000, 0.900000, -2.098378
1.500000, 0.900000, -1.475268
1.550000, 0.900000, -0.835636
1.600000, 0.900000, -0.488253
1.650000, 0.900000, -0.620290
1.700000, 0.900000, -1.221730
1.750000, 0.900000, -2.085932
1.800000, 0.900000, -2.886301
1.850000, 0.900000, -3.299909
1.900000, 0.900000, -3.130913
1.950000, 0.900000, -2.386612
2.000000, 0.900000, -1.277012
0.000000, 0.950000, -0.532014
0.050000, 0.950000, -0.104724
0.100000, 0.950000, 0.004133
0.150000, 0.950000, -0.387359
0.200000, 0.950000, -1.262353
0.250000, 0.950000, -2.406120
0.300000, 0.950000, -3.483127
0.350000, 0.950000, -4.161119
0.400000, 0.950000, -4.235031
0.450000, 0.950000, -3.703546
0.500000, 0.950000, -2.769142
0.550000, 0.950000, -1.761637
0.600000, 0.950000, -1.014371
0.650000, 0.950000, -0.740199
0.700000, 0.950000, -0.954489
0.750000, 0.950000, -1.474278
0.800000, 0.950000, -1.993667
0.850000, 0.950000, -2.206332
0.900000, 0.950000, -1.928073
0.950000, 0.950000, -1.172281
1.000000, 0.950000, -0.149249
1.050000, 0.950000, 0.810660
1.100000, 0.950000, 1.380802
1.150000, 0.950000, 1.361835
1.200000, 0.950000, 0.757936
1.250000, 0.950000, -0.223474
1.300000, 0.950000, -1.248501
1.350000, 0.950000, -1.980853
1.400000, 0.950000, -2.206047
1.450000, 0.950000, -1.908551
1.500000, 0.950000, -1.272672
1.550000, 0.950000, -0.607140
1.600000, 0.950000, -0.222479
1.650000, 0.950000, -0.308269
1.700000, 0.950000, -0.857424
1.750000, 0.950000, -1.666569
1.800000, 0.950000, -2.412521
1.850000, 0.950000, -2.775710
1.900000, 0.950000, -2.563397
1.950000, 0.950000, -1.785537
2.000000, 0.950000, -0.654199
0.000000, 1.000000, -0.837846
0.050000, 1.000000, -0.410265
0.100000, 1.000000, -0.284549
0.150000, 1.000000, -0.643272
0.200000, 1.000000, -1.471114
0.250000, 1.000000, -2.555656
0.300000, 1.000000, -3.564330
0.350000, 1.000000, -4.168332
0.400000, 1.000000, -4.166344
0.450000, 1.000000, -3.560881
0.500000, 1.000000, -2.558136
0.550000, 1.000000, -1.491311
0.600000, 1.000000, -0.696624
0.650000, 1.000000, -0.389145
0.700000, 1.000000, -0.585675
0.750000, 1.000000, -1.103833
0.800000, 1.000000, -1.637421
0.850000, 1.000000, -1.878962
0.900000, 1.000000, -1.642320
0.950000, 1.000000, -0.938281
1.000000, 1.000000, 0.025984
1.050000, 1.000000, 0.923578
1.100000, 1.000000, 1.431461
1.150000, 1.000000, 1.353835
1.200000, 1.000000, 0.698165
1.250000, 1.000000, -0.325287
1.300000, 1.000000, -1.380381
1.350000, 1.000000, -2.129301
1.400000, 1.000000, -2.356837
1.450000, 1.000000, -2.047569
1.500000, 1.000000, -1.386732
1.550000, 1.000000, -0.684744
1.600000, 1.000000, -0.254469
1.650000, 1.000000, -0.288345
1.700000, 1.000000, -0.782478
1.750000, 1.000000, -1.536841
1.800000, 1.000000, -2.231546
1.850000, 1.000000, -2.550077
1.900000, 1.000000, -2.302317
1.950000, 1.000000, -1.500262
2.000000, 1.000000, -0.357306
0.000000, 1.050000, -1.547845
0.050000, 1.050000, -1.103655
0.100000, 1.050000, -0.945639
0.150000, 1.050000, -1.257852
0.200000, 1.050000, -2.027238
0.250000, 1.050000, -3.044293
0.300000, 1.050000, -3.979847
0.350000, 1.050000, -4.508797
0.400000, 1.050000, -4.433618
0.450000, 1.050000, -3.760506
0.500000, 1.050000, -2.699014
0.550000, 1.050000, -1.585209
0.600000, 1.050000, -0.757519
0.650000, 1.050000, -0.432454
0.700000, 1.050000, -0.627410
0.750000, 1.050000, -1.159731
0.800000, 1.050000, -1.722097
0.850000, 1.050000, -2.005130
0.900000, 1.050000, -1.820123
0.950000, 1.050000, -1.174776
1.000000, 1.050000, -0.272825
1.050000, 1.050000, 0.562407
1.100000, 1.050000, 1.011408
1.150000, 1.050000, 0.881656
1.200000, 1.050000, 0.183460
1.250000, 1.050000, -0.870659
1.300000, 1.050000, -1.943011
1.350000, 1.050000, -2.695016
1.400000, 1.050000, -2.911528
1.450000, 1.050000, -2.577995
1.500000, 1.050000, -1.881275
1.550000, 1.050000, -1.134058
1.600000, 1.050000, -0.651991
1.650000, 1.050000, -0.630635
1.700000, 1.050000, -1.069381
1.750000, 1.050000, -1.771440
1.800000, 1.050000, -2.419937
1.850000, 1.050000, -2.700953
1.900000, 1.050000, -2.426400
1.950000, 1.050000, -1.609619
2.000000, 1.050000, -0.464579
0.000000, 1.100000, -2.569681
0.050000, 1.100000, -2.093467
0.100000, 1.100000, -1.889459
0.150000, 1.100000, -2.143928
0.200000, 1.100000, -2.846673
0.250000, 1.100000, -3.791535
0.300000, 1.100000, -4.652987
0.350000, 1.100000, -5.109668
0.400000, 1.100000, -4.967683
0.450000, 1.100000, -4.236554
0.500000, 1.100000, -3.128671
0.550000, 1.100000, -1.982295
0.600000, 1.100000, -1.137289
0.650000, 1.100000, -0.810770
0.700000, 1.100000, -1.019876
0.750000, 1.100000, -1.580856
0.800000, 1.100000, -2.184522
0.850000, 1.100000, -2.518964
0.900000, 1.100000, -2.392426
0.950000, 1.100000, -1.809216
1.000000, 1.100000, -0.969525
1.050000, 1.100000, -0.193175
1.100000, 1.100000, 0.203582
1.150000, 1.100000, 0.031062
1.200000, 1.100000, -0.698158
1.250000, 1.100000, -1.769988
1.300000, 1.100000, -2.845939
1.350000, 1.100000, -3.587449
1.400000, 1.100000, -3.780183
1.450000, 1.100000, -3.411148
1.500000, 1.100000, -2.669405
1.550000, 1.100000, -1.870353
1.600000, 1.100000, -1.332699
1.650000, 1.100000, -1.255225
1.700000, 1.100000, -1.640509
1.750000, 1.100000, -2.294740
1.800000, 1.100000, -2.903621
1.850000, 1.100000, -3.155268
1.900000, 1.100000, -2.862967
1.950000, 1.100000, -2.040684
2.000000, 1.100000, -0.902232
0.000000, 1.150000, -3.688931
0.050000, 1.150000, -3.167030
0.100000, 1.150000, -2.905846
0.150000, 1.150000, -3.094454
0.200000, 1.150000, -3.725936
0.250000, 1.150000, -4.597707
0.300000, 1.150000, -5.387918
0.350000, 1.150000, -5.778779
0.400000, 1.150000, -5.579670
0.450000, 1.150000, -4.802904
0.500000, 1.150000, -3.663036
0.550000, 1.150000, -2.499749
0.600000, 1.150000, -1.653507
0.650000, 1.150000, -1.341180
0.700000, 1.150000, -1.578833
0.750000, 1.150000, -2.180881
0.800000, 1.150000, -2.835641
0.850000, 1.150000, -3.228200
0.900000, 1.150000, -3.163451
0.950000, 1.150000, -2.642197
1.000000, 1.150000, -1.861165
1.050000, 1.150000, -1.136941
1.100000, 1.150000, -0.782952
1.150000, 1.150000, -0.986615
1.200000, 1.150000, -1.733770
1.250000, 1.150000, -2.809501
1.300000, 1.150000, -3.875293
1.350000, 1.150000, -4.593342
1.400000, 1.150000, -4.750812
1.450000, 1.150000, -4.336843
1.500000, 1.150000, -3.543137
1.550000, 1.150000, -2.688085
1.600000, 1.150000, -2.093554
1.650000, 1.150000, -1.961468
1.700000, 1.150000, -2.297350
1.750000, 1.150000, -2.909956
1.800000, 1.150000, -3.487039
1.850000, 1.150000, -3.718124
1.900000, 1.150000, -3.417187
1.950000, 1.150000, -2.598130
2.000000, 1.150000, -1.473958
0.000000, 1.200000, -4.645942
0.050000, 1.200000, -4.067199
0.100000, 1.200000, -3.740778
0.150000, 1.200000, -3.858974
0.200000, 1.200000, -4.418376
0.250000, 1.200000, -5.220002
0.300000, 1.200000, -5.945500
0.350000, 1.200000, -6.280283
0.400000, 1.200000, -6.036466
0.450000, 1.200000, -5.228482
0.500000, 1.200000, -4.072271
0.550000, 1.200000, -2.908102
0.600000, 1.200000, -2.076191
0.650000, 1.200000, -1.792350
0.700000, 1.200000, -2.070836
0.750000, 1.200000, -2.723608
0.800000, 1.200000, -3.436025
0.850000, 1.200000, -3.889872
0.900000, 1.200000, -3.886586
0.950000, 1.200000, -3.423549
1.000000, 1.200000, -2.694288
1.050000, 1.200000, -2.012589
1.100000, 1.200000, -1.689626
1.150000, 1.200000, -1.911223
1.200000, 1.200000, -2.662378
1.250000, 1.200000, -3.728112
1.300000, 1.200000, -4.770623
1.350000, 1.200000, -5.453543
1.400000, 1.200000, -5.566104
1.450000, 1.200000, -5.100019
1.500000, 1.200000, -4.249915
1.550000, 1.200000, -3.337283
1.600000, 1.200000, -2.687087
1.650000, 1.200000, -2.504165
1.700000, 1.200000, -2.796602
1.750000, 1.200000, -3.375220
1.800000, 1.200000, -3.929224
1.850000, 1.200000, -4.148902
1.900000, 1.200000, -3.848265
1.950000, 1.200000, -3.040529
2.000000, 1.200000, -1.937341
0.000000, 1.250000, -5.230553
0.050000, 1.250000, -4.586936
0.100000, 1.250000, -4.190782
0.150000, 1.250000, -4.237825
0.200000, 1.250000, -4.728176
0.250000, 1.250000, -5.466267
0.300000, 1.250000, -6.136866
0.350000, 1.250000, -6.428044
0.400000, 1.250000, -6.153967
0.450000, 1.250000, -5.330402
0.500000, 1.250000, -4.173839
0.550000, 1.250000, -3.024283
0.600000, 1.250000, -2.220895
0.650000, 1.250000, -1.977695
0.700000, 1.250000, -2.306521
0.750000, 1.250000, -3.016418
0.800000, 1.250000, -3.789497
0.850000, 1.250000, -4.304141
0.900000, 1.250000, -4.358423
0.950000, 1.250000, -3.946572
1.000000, 1.250000, -3.259353
1.050000, 1.250000, -2.608321
1.100000, 1.250000, -2.303068
1.150000, 1.250000, -2.528567
1.200000, 1.250000, -3.269725
1.250000, 1.250000, -4.312235
1.300000, 1.250000, -5.319677
1.350000, 1.250000, -5.957688
1.400000, 1.250000, -6.018004
1.450000, 1.250000, -5.495195
1.500000, 1.250000, -4.586929
1.550000, 1.250000, -3.617746
1.600000, 1.250000, -2.915494
1.650000, 1.250000, -2.687564
1.700000, 1.250000, -2.944126
1.750000, 1.250000, -3.497499
1.800000, 1.250000, -4.037728
1.850000, 1.250000, -4.255238
1.900000, 1.250000, -3.963480
1.950000, 1.250000, -3.174460
2.000000, 1.250000, -2.098043
0.000000, 1.300000, -5.358721
0.050000, 1.300000, -4.645765
0.100000, 1.300000, -4.179195
0.150000, 1.300000, -4.158190
0.200000, 1.300000, -4.586186
0.250000, 1.300000, -5.270639
0.300000, 1.300000, -5.898881
0.350000, 1.300000, -6.160947
0.400000, 1.300000, -5.872262
0.450000, 1.300000, -5.049087
0.500000, 1.300000, -3.907610
0.550000, 1.300000, -2.786764
0.600000, 1.300000, -2.023926
0.650000, 1.300000, -1.830722
0.700000, 1.300000, -2.216116
0.750000, 1.300000, -2.985961
0.800000, 1.300000, -3.819030
0.850000, 1.300000, -4.390403
0.900000, 1.300000, -4.495064
0.950000, 1.300000, -4.124532
1.000000, 1.300000, -3.467380
1.050000, 1.300000, -2.833605
1.100000, 1.300000, -2.531952
1.150000, 1.300000, -2.747291
1.200000, 1.300000, -3.465168
1.250000, 1.300000, -4.472609
1.300000, 1.300000, -5.435139
1.350000, 1.300000, -6.020833
1.400000, 1.300000, -6.024213
1.450000, 1.300000, -5.442829
1.500000, 1.300000, -4.477345
1.550000, 1.300000, -3.455150
1.600000, 1.300000, -2.706634
1.650000, 1.300000, -2.441288
1.700000, 1.300000, -2.670823
1.750000, 1.300000, -3.208471
1.800000, 1.300000, -3.744516
1.850000, 1.300000, -3.968951
1.900000, 1.300000, -3.694162
1.950000, 1.300000, -2.930530
2.000000, 1.300000, -1.885846
0.000000, 1.350000, -5.102003
0.050000, 1.350000, -4.319058
0.100000, 1.350000, -3.785237
0.150000, 1.350000, -3.702957
0.200000, 1.350000, -4.078581
0.250000, 1.350000, -4.722019
0.300000, 1.350000, -5.322461
0.350000, 1.350000, -5.571105
0.400000, 1.350000, -5.283786
0.450000, 1.350000, -4.476400
0.500000, 1.350000, -3.364028
0.550000, 1.350000, -2.283801
0.600000, 1.350000, -1.570715
0.650000, 1.350000, -1.433557
0.700000, 1.350000, -1.878150
0.750000, 1.350000, -2.707074
0.800000, 1.350000, -3.595874
0.850000, 1.350000, -4.216615
0.900000, 1.350000, -4.361638
0.950000, 1.350000, -4.020328
1.000000, 1.350000, -3.379743
1.050000, 1.350000, -2.749055
1.100000, 1.350000, -2.436906
1.150000, 1.350000, -2.628785
1.200000, 1.350000, -3.311533
1.250000, 1.350000, -4.274064
1.300000, 1.350000, -5.184277
1.350000, 1.350000, -5.712962
1.400000, 1.350000, -5.657553
1.450000, 1.350000, -5.018536
1.500000, 1.350000, -3.999384
1.550000, 1.350000, -2.930010
1.600000, 1.350000, -2.142906
1.650000, 1.350000, -1.849147
1.700000, 1.350000, -2.061423
1.750000, 1.350000, -2.593303
1.800000, 1.350000, -3.134760
1.850000, 1.350000, -3.374864
1.900000, 1.350000, -3.124527
1.950000, 1.350000, -2.392210
2.000000, 1.350000, -1.383453
0.000000, 1.400000, -4.658766
0.050000, 1.400000, -3.809031
0.100000, 1.400000, -3.214794
0.150000, 1.400000, -3.081304
0.200000, 1.400000, -3.417264
0.250000, 1.400000, -4.034323
0.300000, 1.400000, -4.622715
0.350000, 1.400000, -4.873937
0.400000, 1.400000, -4.603371
0.450000, 1.400000, -3.825737
0.500000, 1.400000, -2.754276
0.550000, 1.400000, -1.723730
0.600000, 1.400000, -1.066271
0.650000, 1.400000, -0.987592
0.700000, 1.400000, -1.490307
0.750000, 1.400000, -2.373846
0.800000, 1.400000, -3.310824
0.850000, 1.400000, -3.970748
0.900000, 1.400000, -4.143904
0.950000, 1.400000, -3.818223
1.000000, 1.400000, -3.179981
1.050000, 1.400000, -2.538269
1.100000, 1.400000, -2.202342
1.150000, 1.400000, -2.358957
1.200000, 1.400000, -2.996796
1.250000, 1.400000, -3.907082
1.300000, 1.400000, -4.760359
1.350000, 1.400000, -5.230255
1.400000, 1.400000, -5.117074
1.450000, 1.400000, -4.424057
1.500000, 1.400000, -3.357168
1.550000, 1.400000, -2.248421
1.600000, 1.400000, -1.431917
1.650000, 1.400000, -1.119768
1.700000, 1.400000, -1.325089
1.750000, 1.400000, -1.861254
1.800000, 1.400000, -2.417448
1.850000, 1.400000, -2.681413
1.900000, 1.400000, -2.462287
1.950000, 1.400000, -1.766412
2.000000, 1.400000, -0.796997
0.000000, 1.450000, -4.278210
0.050000, 1.450000, -3.368555
0.100000, 1.450000, -2.724030
0.150000, 1.450000, -2.552119
0.200000, 1.450000, -2.863137
0.250000, 1.450000, -3.469643
0.300000, 1.450000, -4.062036
0.350000, 1.450000, -4.331240
0.400000, 1.450000, -4.091362
0.450000, 1.450000, -3.355211
0.500000, 1.450000, -2.333601
0.550000, 1.450000, -1.358446
0.600000, 1.450000, -0.758851
0.650000, 1.450000, -0.737357
0.700000, 1.450000, -1.293509
0.750000, 1.450000, -2.223900
0.800000, 1.450000, -3.198686
0.850000, 1.450000, -3.885417
0.900000, 1.450000, -4.073010
0.950000, 1.450000, -3.748681
1.000000, 1.450000, -3.098667
1.050000, 1.450000, -2.432689
1.100000, 1.450000, -2.061260
1.150000, 1.450000, -2.172941
1.200000, 1.450000, -2.758664
1.250000, 1.450000, -3.612227
1.300000, 1.450000, -4.406928
1.350000, 1.450000, -4.819192
1.400000, 1.450000, -4.652010
1.450000, 1.450000, -3.911070
1.500000, 1.450000, -2.804415
1.550000, 1.450000, -1.665677
1.600000, 1.450000, -0.830040
1.650000, 1.450000, -0.510116
1.700000, 1.450000, -0.718931
1.750000, 1.450000, -1.269196
1.800000, 1.450000, -1.848906
1.850000, 1.450000, -2.144167
1.900000, 1.450000, -1.962129
1.950000, 1.450000, -1.306902
2.000000, 1.450000, -0.379348
0.000000, 1.500000, -4.166224
0.050000, 1.500000, -3.206811
0.100000, 1.500000, -2.524854
0.150000, 1.500000, -2.329327
0.200000, 1.500000, -2.631315
0.250000, 1.500000, -3.243391
0.300000, 1.500000, -3.855235
0.350000, 1.500000, -4.156360
0.400000, 1.500000, -3.958857
0.450000, 1.500000, -3.273033
0.500000, 1.500000, -2.306839
0.550000, 1.500000, -1.389125
0.600000, 1.500000, -0.845886
0.650000, 1.500000, -0.876663
0.700000, 1.500000, -1.478261
0.750000, 1.500000, -2.444928
0.800000, 1.500000, -3.444976
0.850000, 1.500000, -4.144696
0.900000, 1.500000, -4.332383
0.950000, 1.500000, -3.995286
1.000000, 1.500000, -3.320314
1.050000, 1.500000, -2.618453
1.100000, 1.500000, -2.202001
1.150000, 1.500000, -2.261719
1.200000, 1.500000, -2.791043
1.250000, 1.500000, -3.586444
1.300000, 1.500000, -4.323928
1.350000, 1.500000, -4.682524
1.400000, 1.500000, -4.467605
1.450000, 1.500000, -3.686899
1.500000, 1.500000, -2.550056
1.550000, 1.500000, -1.391817
1.600000, 1.500000, -0.547926
1.650000, 1.500000, -0.230995
1.700000, 1.500000, -0.453502
1.750000, 1.500000, -1.027102
1.800000, 1.500000, -1.638286
1.850000, 1.500000, -1.971292
1.900000, 1.500000, -1.831137
1.950000, 1.500000, -1.219645
2.000000, 1.500000, -0.335346
0.000000, 1.550000, -4.408993
0.050000, 1.550000, -3.412717
0.100000, 1.550000, -2.708198
0.150000, 1.550000, -2.505052
0.200000, 1.550000, -2.814218
0.250000, 1.550000, -3.447384
0.300000, 1.550000, -4.092652
0.350000, 1.550000, -4.437378
0.400000, 1.550000, -4.291032
0.450000, 1.550000, -3.660985
0.500000, 1.550000, -2.752091
0.550000, 1.550000, -1.890102
0.600000, 1.550000, -1.398071
0.650000, 1.550000, -1.472889
0.700000, 1.550000, -2.109132
0.750000, 1.550000, -3.099333
0.800000, 1.550000, -4.110679
0.850000, 1.550000, -4.808961
0.900000, 1.550000, -4.982607
0.950000, 1.550000, -4.619609
1.000000, 1.550000, -3.908180
1.050000, 1.550000, -3.161091
1.100000, 1.550000, -2.692804
1.150000, 1.550000, -2.696522
1.200000, 1.550000, -3.168267
1.250000, 1.550000, -3.907117
1.300000, 1.550000, -4.591588
1.350000, 1.550000, -4.903004
1.400000, 1.550000, -4.648713
1.450000, 1.550000, -3.838016
1.500000, 1.550000, -2.681672
1.550000, 1.550000, -1.515021
1.600000, 1.550000, -0.673880
1.650000, 1.550000, -0.370417
1.700000, 1.550000, -0.616176
1.750000, 1.550000, -1.221434
1.800000, 1.550000, -1.870937
1.850000, 1.550000, -2.246890
1.900000, 1.550000, -2.152081
1.950000, 1.550000, -1.586016
2.000000, 1.550000, -0.744921
0.000000, 1.600000, -4.943401
0.050000, 1.600000, -3.925172
0.100000, 1.600000, -3.214157
0.150000, 1.600000, -3.019684
0.200000, 1.600000, -3.351632
0.250000, 1.600000, -4.019925
0.300000, 1.600000, -4.710326
0.350000, 1.600000, -5.107413
0.400000, 1.600000, -5.017596
0.450000, 1.600000, -4.445072
0.500000, 1.600000, -3.591575
0.550000, 1.600000, -2.779939
0.600000, 1.600000, -2.330640
0.650000, 1.600000, -2.438452
0.700000, 1.600000, -3.096377
0.750000, 1.600000, -4.095972
0.800000, 1.600000, -5.104075
0.850000, 1.600000, -5.786744
0.900000, 1.600000, -5.933258
0.950000, 1.600000, -5.532981
1.000000, 1.600000, -4.775939
1.050000, 1.600000, -3.977057
1.100000, 1.600000, -3.453184
1.150000, 1.600000, -3.400024
1.200000, 1.600000, -3.816104
1.250000, 1.600000, -4.502898
1.300000, 1.600000, -5.141106
1.350000, 1.600000, -5.413935
1.400000, 1.600000, -5.130243
1.450000, 1.600000, -4.300413
1.500000, 1.600000, -3.135815
1.550000, 1.600000, -1.971914
1.600000, 1.600000, -1.144170
1.650000, 1.600000, -0.863928
1.700000, 1.600000, -1.141479
1.750000, 1.600000, -1.785479
1.800000, 1.600000, -2.478740
1.850000, 1.600000, -2.901310
1.900000, 1.600000, -2.853678
1.950000, 1.600000, -2.333009
2.000000, 1.600000, -1.533239
0.000000, 1.650000, -5.585354
0.050000, 1.650000, -4.561275
0.100000, 1.650000, -3.860128
0.150000, 1.650000, -3.690018
0.200000, 1.650000, -4.058868
0.250000, 1.650000, -4.774056
0.300000, 1.650000, -5.518368
0.350000, 1.650000, -5.973149
0.400000, 1.650000, -5.941511
0.450000, 1.650000, -5.424451
0.500000, 1.650000, -4.620770
0.550000, 1.650000, -3.850768
0.600000, 1.650000, -3.432900
0.650000, 1.650000, -3.560501
0.700000, 1.650000, -4.225760
0.750000, 1.650000, -5.220060
0.800000, 1.650000, -6.210673
0.850000, 1.650000, -6.864653
0.900000, 1.650000, -6.972760
0.950000, 1.650000, -6.526238
1.000000, 1.650000, -5.717281
1.050000, 1.650000, -4.863168
1.100000, 1.650000, -4.283176
1.150000, 1.650000, -4.175404
1.200000, 1.650000, -4.540648
1.250000, 1.650000, -5.182435
1.300000, 1.650000, -5.783226
1.350000, 1.650000, -6.027641
1.400000, 1.650000, -5.725560
1.450000, 1.650000, -4.887955
1.500000, 1.650000, -3.726349
1.550000, 1.650000, -2.575917
1.600000, 1.650000, -1.771394
1.650000, 1.650000, -1.522993
1.700000, 1.650000, -1.839508
1.750000, 1.650000, -2.527774
1.800000, 1.650000, -3.268527
1.850000, 1.650000, -3.739553
1.900000, 1.650000, -3.738982
1.950000, 1.650000, -3.261605
2.000000, 1.650000, -2.499075
0.000000, 1.700000, -6.104967
0.050000, 1.700000, -5.091445
0.100000, 1.700000, -4.415927
0.150000, 1.700000, -4.284387
0.200000, 1.700000, -4.701988
0.250000, 1.700000, -5.472900
0.300000, 1.700000, -6.276465
0.350000, 1.700000, -6.790541
0.400000, 1.700000, -6.814905
0.450000, 1.700000, -6.347553
0.500000, 1.700000, -5.584743
0.550000, 1.700000, -4.844820
0.600000, 1.700000, -4.444915
0.650000, 1.700000, -4.577720
0.700000, 1.700000, -5.235436
0.750000, 1.700000, -6.210080
0.800000, 1.700000, -7.170103
0.850000, 1.700000, -7.784196
0.900000, 1.700000, -7.845105
0.950000, 1.700000, -7.346298
1.000000, 1.700000, -6.482319
1.050000, 1.700000, -5.572819
1.100000, 1.700000, -4.939365
1.150000, 1.700000, -4.782191
1.200000, 1.700000, -5.103990
1.250000, 1.700000, -5.709901
1.300000, 1.700000, -6.283665
1.350000, 1.700000, -6.510822
1.400000, 1.700000, -6.201786
1.450000, 1.700000, -5.367674
1.500000, 1.700000, -4.219762
1.550000, 1.700000, -3.092580
1.600000, 1.700000, -2.319850
1.650000, 1.700000, -2.110413
1.700000, 1.700000, -2.471367
1.750000, 1.700000, -3.207570
1.800000, 1.700000, -3.997559
1.850000, 1.700000, -4.516761
1.900000, 1.700000, -4.560879
1.950000, 1.700000, -4.122300
2.000000, 1.700000, -3.390406
0.000000, 1.750000, -6.319643
0.050000, 1.750000, -5.332480
0.100000, 1.750000, -4.696871
0.150000, 1.750000, -4.615836
0.200000, 1.750000, -5.091096
0.250000, 1.750000, -5.923124
0.300000, 1.750000, -6.787537
0.350000, 1.750000, -7.358665
0.400000, 1.750000, -7.433141
0.450000, 1.750000, -7.006355
0.500000, 1.750000, -6.272618
0.550000, 1.750000, -5.549038
0.600000, 1.750000, -5.152252
0.650000, 1.750000, -5.275157
0.700000, 1.750000, -5.910810
0.750000, 1.750000, -6.852627
0.800000, 1.750000, -7.770897
0.850000, 1.750000, -8.336454
0.900000, 1.750000, -8.344372
0.950000, 1.750000, -7.790507
1.000000, 1.750000, -6.871746
1.050000, 1.750000, -5.909942
1.100000, 1.750000, -5.228660
1.150000, 1.750000, -5.029862
1.200000, 1.750000, -5.317673
1.250000, 1.750000, -5.898339
1.300000, 1.750000, -6.456379
1.350000, 1.750000, -6.677767
1.400000, 1.750000, -6.373016
1.450000, 1.750000, -5.553004
1.500000, 1.750000, -4.428426
1.550000, 1.750000, -3.332903
1.600000, 1.750000, -2.598914
1.650000, 1.750000, -2.433743
1.700000, 1.750000, -2.842634
1.750000, 1.750000, -3.628334
1.800000, 1.750000, -4.467059
1.850000, 1.750000, -5.031786
1.900000, 1.750000, -5.115722
1.950000, 1.750000, -4.708833
2.000000, 1.750000, -3.998279
0.000000, 1.800000, -6.169174
0.050000, 1.800000, -5.222694
0.100000, 1.800000, -4.639005
0.150000, 1.800000, -4.617471
0.200000, 1.800000, -5.155856
0.250000, 1.800000, -6.050636
0.300000, 1.800000, -6.973641
0.350000, 1.800000, -7.595845
0.400000, 1.800000, -7.711139
0.450000, 1.800000, -7.312905
0.500000, 1.800000, -6.594249
0.550000, 1.800000, -5.871894
0.600000, 1.800000, -5.462867
0.650000, 1.800000, -5.561147
0.700000, 1.800000, -6.161440
0.750000, 1.800000, -7.059246
0.800000, 1.800000, -7.927208
0.850000, 1.800000, -8.438650
0.900000, 1.800000, -8.391124
0.950000, 1.800000, -7.782842
1.000000, 1.800000, -6.812836
1.050000, 1.800000, -5.804824
1.100000, 1.800000, -5.083925
1.150000, 1.800000, -4.853329
1.200000, 1.800000, -5.118061
1.250000, 1.800000, -5.684952
1.300000, 1.800000, -6.238808
1.350000, 1.800000, -6.465608
1.400000, 1.800000, -6.175594
1.450000, 1.800000, -5.379098
1.500000, 1.800000, -4.285994
1.550000, 1.800000, -3.228790
1.600000, 1.800000, -2.538560
1.650000, 1.800000, -2.420881
1.700000, 1.800000, -2.879007
1.750000, 1.800000, -3.713443
1.800000, 1.800000, -4.597970
1.850000, 1.800000, -5.203018
1.900000, 1.800000, -5.319258
1.950000, 1.800000, -4.934263
2.000000, 1.800000, -4.233099
0.000000, 1.850000, -5.743909
0.050000, 1.850000, -4.850166
0.100000, 1.850000, -4.327469
0.150000, 1.850000, -4.370990
0.200000, 1.850000, -4.974208
0.250000, 1.850000, -5.929516
0.300000, 1.850000, -6.905110
0.350000, 1.850000, -7.569000
0.400000, 1.850000, -7.712926
0.450000, 1.850000, -7.329019
0.500000, 1.850000, -6.610055
0.550000, 1.850000, -5.873290
0.600000, 1.850000, -5.437048
0.650000, 1.850000, -5.497225
0.700000, 1.850000, -6.050890
0.750000, 1.850000, -6.896165
0.800000, 1.850000, -7.708406
0.850000, 1.850000, -8.163567
0.900000, 1.850000, -8.061628
0.950000, 1.850000, -7.402928
1.000000, 1.850000, -6.388262
1.050000, 1.850000, -5.342734
1.100000, 1.850000, -4.592468
1.150000, 1.850000, -4.341310
1.200000, 1.850000, -4.594634
1.250000, 1.850000, -5.159357
1.300000, 1.850000, -5.720138
1.350000, 1.850000, -5.962607
1.400000, 1.850000, -5.696454
1.450000, 1.850000, -4.931255
1.500000, 1.850000, -3.875896
1.550000, 1.850000, -2.861639
1.600000, 1.850000, -2.218025
1.650000, 1.850000, -2.148802
1.700000, 1.850000, -2.655105
1.750000, 1.850000, -3.535065
1.800000, 1.850000, -4.459914
1.850000, 1.850000, -5.097467
1.900000, 1.850000, -5.235864
1.950000, 1.850000, -4.860401
2.000000, 1.850000, -4.154320
0.000000, 1.900000, -5.254922
0.050000, 1.900000, -4.423034
0.100000, 1.900000, -3.966960
0.150000, 1.900000, -4.077331
0.200000, 1.900000, -4.743229
0.250000, 1.900000, -5.753087
0.300000, 1.900000, -6.771840
0.350000, 1.900000, -7.465113
0.400000, 1.900000, -7.623257
0.450000, 1.900000, -7.238041
0.500000, 1.900000, -6.502853
0.550000, 1.900000, -5.736427
0.600000, 1.900000, -5.259262
0.650000, 1.900000, -5.269917
0.700000, 1.900000, -5.768400
0.750000, 1.900000, -6.555827
0.800000, 1.900000, -7.310413
0.850000, 1.900000, -7.710683
0.900000, 1.900000, -7.558786
0.950000, 1.900000, -6.856768
1.000000, 1.900000, -5.806656
1.050000, 1.900000, -4.734336
1.100000, 1.900000, -3.966321
1.150000, 1.900000, -3.706527
1.200000, 1.900000, -3.960151
1.250000, 1.900000, -4.533753
1.300000, 1.900000, -5.111503
1.350000, 1.900000, -5.378424
1.400000, 1.900000, -5.143481
1.450000, 1.900000, -4.415370
1.500000, 1.900000, -3.401894
1.550000, 1.900000, -2.432983
1.600000, 1.900000, -1.836547
1.650000, 1.900000, -1.814385
1.700000, 1.900000, -2.365377
1.750000, 1.900000, -3.285155
1.800000, 1.900000, -4.242307
1.850000, 1.900000, -4.902017
1.900000, 1.900000, -5.049989
1.950000, 1.900000, -4.669503
2.000000, 1.900000, -3.942418
0.000000, 1.950000, -4.957334
0.050000, 1.950000, -4.192977
0.100000, 1.950000, -3.805401
0.150000, 1.950000, -3.980554
0.200000, 1.950000, -4.703221
0.250000, 1.950000, -5.758215
0.300000, 1.950000, -6.807770
0.350000, 1.950000, -7.515881
0.400000, 1.950000, -7.672400
0.450000, 1.950000, -7.269695
0.500000, 1.950000, -6.502745
0.550000, 1.950000, -5.692680
0.600000, 1.950000, -5.162961
0.650000, 1.950000, -5.115430
0.700000, 1.950000, -5.553430
0.750000, 1.950000, -6.281240
0.800000, 1.950000, -6.979868
0.850000, 1.950000, -7.330131
0.900000, 1.950000, -7.135890
0.950000, 1.950000, -6.400313
1.000000, 1.950000, -5.326005
1.050000, 1.950000, -4.238960
1.100000, 1.950000, -3.465442
1.150000, 1.950000, -3.208875
1.200000, 1.950000, -3.473820
1.250000, 1.950000, -4.066138
1.300000, 1.950000, -4.669276
1.350000, 1.950000, -4.967512
1.400000, 1.950000, -4.769012
1.450000, 1.950000, -4.081548
1.500000, 1.950000, -3.111807
1.550000, 1.950000, -2.188324
1.600000, 1.950000, -1.637283
1.650000, 1.950000, -1.658412
1.700000, 1.950000, -2.248203
1.750000, 1.950000, -3.199671
1.800000, 1.950000, -4.178717
1.850000, 1.950000, -4.847960
1.900000, 1.950000, -4.990908
1.950000, 1.950000, -4.589266
2.000000, 1.950000, -3.824180
0.000000, 2.000000, -5.055841
0.050000, 2.000000, -4.360939
0.100000, 2.000000, -4.039872
0.150000, 2.000000, -4.273983
0.200000, 2.000000, -5.044065
0.250000, 2.000000, -6.131848
0.300000, 2.000000, -7.197595
0.350000, 2.000000, -7.904549
0.400000, 2.000000, -8.043038
0.450000, 2.000000, -7.607032
0.500000, 2.000000, -6.794052
0.550000, 2.000000, -5.928456
0.600000, 2.000000, -5.337334
0.650000, 2.000000, -5.226247
0.700000, 2.000000, -5.602073
0.750000, 2.000000, -6.272195
0.800000, 2.000000, -6.920128
0.850000, 2.000000, -7.228490
0.900000, 2.000000, -7.002226
0.950000, 2.000000, -6.244911
1.000000, 2.000000, -5.158986
1.050000, 2.000000, -4.069856
1.100000, 2.000000, -3.302926
1.150000, 2.000000, -3.060638
1.200000, 2.000000, -3.346567
1.250000, 2.000000, -3.965657
1.300000, 2.000000, -4.600527
1.350000, 2.000000, -4.934691
1.400000, 2.000000, -4.775533
1.450000, 2.000000, -4.129930
1.500000, 2.000000, -3.203444
1.550000, 2.000000, -2.323164
1.600000, 2.000000, -1.813449
1.650000, 2.000000, -1.871818
1.700000, 2.000000, -2.492245
1.750000, 2.000000, -3.465053
1.800000, 2.000000, -4.453489
1.850000, 2.000000, -5.117814
1.900000, 2.000000, -5.239759
1.950000, 2.000000, -4.800116
2.000000, 2.000000, -3.980228
