0.000000, 0.000000, 0.764279
0.050000, 0.000000, 0.882466
0.100000, 0.000000, 0.992284
0.150000, 0.000000, 1.093809
0.200000, 0.000000, 1.187162
0.250000, 0.000000, 1.272514
0.300000, 0.000000, 1.350081
0.350000, 0.000000, 1.420123
0.400000, 0.000000, 1.482945
0.450000, 0.000000, 1.538891
0.500000, 0.000000, 1.588347
0.550000, 0.000000, 1.631735
0.600000, 0.000000, 1.669509
0.650000, 0.000000, 1.702157
0.700000, 0.000000, 1.730195
0.750000, 0.000000, 1.754163
0.800000, 0.000000, 1.774624
0.850000, 0.000000, 1.792160
0.900000, 0.000000, 1.807367
0.950000, 0.000000, 1.820851
1.000000, 0.000000, 1.833229
1.050000, 0.000000, 1.845118
1.100000, 0.000000, 1.857138
1.150000, 0.000000, 1.869904
1.200000, 0.000000, 1.884022
1.250000, 0.000000, 1.900090
1.300000, 0.000000, 1.918689
1.350000, 0.000000, 1.940380
1.400000, 0.000000, 1.965706
1.450000, 0.000000, 1.995181
1.500000, 0.000000, 2.029293
1.550000, 0.000000, 2.068498
1.600000, 0.000000, 2.113216
1.650000, 0.000000, 2.163833
1.700000, 0.000000, 2.220695
1.750000, 0.000000, 2.284104
1.800000, 0.000000, 2.354323
1.850000, 0.000000, 2.431567
1.900000, 0.000000, 2.516006
1.950000, 0.000000, 2.607762
2.000000, 0.000000, 2.706910
0.000000, 0.050000, 0.755136
0.050000, 0.050000, 0.869152
0.100000, 0.050000, 0.974872
0.150000, 0.050000, 1.072421
0.200000, 0.050000, 1.161967
0.250000, 0.050000, 1.243727
0.300000, 0.050000, 1.317963
0.350000, 0.050000, 1.384979
0.400000, 0.050000, 1.445120
0.450000, 0.050000, 1.498772
0.500000, 0.050000, 1.546357
0.550000, 0.050000, 1.588331
0.600000, 0.050000, 1.625181
0.650000, 0.050000, 1.657424
0.700000, 0.050000, 1.685600
0.750000, 0.050000, 1.710273
0.800000, 0.050000, 1.732025
0.850000, 0.050000, 1.751451
0.900000, 0.050000, 1.769160
0.950000, 0.050000, 1.785767
1.000000, 0.050000, 1.801891
1.050000, 0.050000, 1.818150
1.100000, 0.050000, 1.835161
1.150000, 0.050000, 1.853530
1.200000, 0.050000, 1.873853
1.250000, 0.050000, 1.896713
1.300000, 0.050000, 1.922671
1.350000, 0.050000, 1.952269
1.400000, 0.050000, 1.986021
1.450000, 0.050000, 2.024416
1.500000, 0.050000, 2.067909
1.550000, 0.050000, 2.116920
1.600000, 0.050000, 2.171836
1.650000, 0.050000, 2.233000
1.700000, 0.050000, 2.300718
1.750000, 0.050000, 2.375250
1.800000, 0.050000, 2.456811
1.850000, 0.050000, 2.545572
1.900000, 0.050000, 2.641656
1.950000, 0.050000, 2.745136
2.000000, 0.050000, 2.856039
0.000000, 0.100000, 0.789089
0.050000, 0.100000, 0.899007
0.100000, 0.100000, 1.000752
0.150000, 0.100000, 1.094497
0.200000, 0.100000, 1.180457
0.250000, 0.100000, 1.258898
0.300000, 0.100000, 1.330123
0.350000, 0.100000, 1.394481
0.400000, 0.100000, 1.452359
0.450000, 0.100000, 1.504179
0.500000, 0.100000, 1.550399
0.550000, 0.100000, 1.591508
0.600000, 0.100000, 1.628024
0.650000, 0.100000, 1.660489
0.700000, 0.100000, 1.689468
0.750000, 0.100000, 1.715543
0.800000, 0.100000, 1.739312
0.850000, 0.100000, 1.761384
0.900000, 0.100000, 1.782375
0.950000, 0.100000, 1.802905
1.000000, 0.100000, 1.823595
1.050000, 0.100000, 1.845059
1.100000, 0.100000, 1.867906
1.150000, 0.100000, 1.892732
1.200000, 0.100000, 1.920121
1.250000, 0.100000, 1.950634
1.300000, 0.100000, 1.984812
1.350000, 0.100000, 2.023172
1.400000, 0.100000, 2.066201
1.450000, 0.100000, 2.114354
1.500000, 0.100000, 2.168053
1.550000, 0.100000, 2.227682
1.600000, 0.100000, 2.293587
1.650000, 0.100000, 2.366070
1.700000, 0.100000, 2.445394
1.750000, 0.100000, 2.531772
1.800000, 0.100000, 2.625376
1.850000, 0.100000, 2.726326
1.900000, 0.100000, 2.834697
1.950000, 0.100000, 2.950515
2.000000, 0.100000, 3.073756
0.000000, 0.150000, 0.864541
0.050000, 0.150000, 0.970482
0.100000, 0.150000, 1.068423
0.150000, 0.150000, 1.158585
0.200000, 0.150000, 1.241235
0.250000, 0.150000, 1.316681
0.300000, 0.150000, 1.385275
0.350000, 0.150000, 1.447407
0.400000, 0.150000, 1.503504
0.450000, 0.150000, 1.554026
0.500000, 0.150000, 1.599466
0.550000, 0.150000, 1.640344
0.600000, 0.150000, 1.677205
0.650000, 0.150000, 1.710616
0.700000, 0.150000, 1.741163
0.750000, 0.150000, 1.769444
0.800000, 0.150000, 1.796071
0.850000, 0.150000, 1.821661
0.900000, 0.150000, 1.846835
0.950000, 0.150000, 1.872214
1.000000, 0.150000, 1.898414
1.050000, 0.150000, 1.926043
1.100000, 0.150000, 1.955699
1.150000, 0.150000, 1.987961
1.200000, 0.150000, 2.023393
1.250000, 0.150000, 2.062534
1.300000, 0.150000, 2.105898
1.350000, 0.150000, 2.153972
1.400000, 0.150000, 2.207207
1.450000, 0.150000, 2.266024
1.500000, 0.150000, 2.330804
1.550000, 0.150000, 2.401889
1.600000, 0.150000, 2.479579
1.650000, 0.150000, 2.564133
1.700000, 0.150000, 2.655761
1.750000, 0.150000, 2.754630
1.800000, 0.150000, 2.860858
1.850000, 0.150000, 2.974514
1.900000, 0.150000, 3.095621
1.950000, 0.150000, 3.224149
2.000000, 0.150000, 3.360024
0.000000, 0.200000, 0.978871
0.050000, 0.200000, 1.081006
0.100000, 0.200000, 1.175361
0.150000, 0.200000, 1.262212
0.200000, 0.200000, 1.341874
0.250000, 0.200000, 1.414705
0.300000, 0.200000, 1.481101
0.350000, 0.200000, 1.541497
0.400000, 0.200000, 1.596358
0.450000, 0.200000, 1.646181
0.500000, 0.200000, 1.691492
0.550000, 0.200000, 1.732840
0.600000, 0.200000, 1.770795
0.650000, 0.200000, 1.805946
0.700000, 0.200000, 1.838893
0.750000, 0.200000, 1.870248
0.800000, 0.200000, 1.900630
0.850000, 0.200000, 1.930658
0.900000, 0.200000, 1.960952
0.950000, 0.200000, 1.992126
1.000000, 0.200000, 2.024786
1.050000, 0.200000, 2.059523
1.100000, 0.200000, 2.096915
1.150000, 0.200000, 2.137519
1.200000, 0.200000, 2.181868
1.250000, 0.200000, 2.230469
1.300000, 0.200000, 2.283802
1.350000, 0.200000, 2.342312
1.400000, 0.200000, 2.406409
1.450000, 0.200000, 2.476468
1.500000, 0.200000, 2.552821
1.550000, 0.200000, 2.635760
1.600000, 0.200000, 2.725534
1.650000, 0.200000, 2.822346
1.700000, 0.200000, 2.926353
1.750000, 0.200000, 3.037664
1.800000, 0.200000, 3.156341
1.850000, 0.200000, 3.282399
1.900000, 0.200000, 3.415801
1.950000, 0.200000, 3.556466
2.000000, 0.200000, 3.704262
0.000000, 0.250000, 1.128508
0.050000, 0.250000, 1.227051
0.100000, 0.250000, 1.318086
0.150000, 0.250000, 1.401942
0.200000, 0.250000, 1.478989
0.250000, 0.250000, 1.549634
0.300000, 0.250000, 1.614318
0.350000, 0.250000, 1.673520
0.400000, 0.250000, 1.727743
0.450000, 0.250000, 1.777520
0.500000, 0.250000, 1.823406
0.550000, 0.250000, 1.865975
0.600000, 0.250000, 1.905816
0.650000, 0.250000, 1.943533
0.700000, 0.250000, 1.979735
0.750000, 0.250000, 2.015038
0.800000, 0.250000, 2.050058
0.850000, 0.250000, 2.085408
0.900000, 0.250000, 2.121695
0.950000, 0.250000, 2.159515
1.000000, 0.250000, 2.199450
1.050000, 0.250000, 2.242065
1.100000, 0.250000, 2.287904
1.150000, 0.250000, 2.337489
1.200000, 0.250000, 2.391314
1.250000, 0.250000, 2.449841
1.300000, 0.250000, 2.513503
1.350000, 0.250000, 2.582697
1.400000, 0.250000, 2.657782
1.450000, 0.250000, 2.739078
1.500000, 0.250000, 2.826867
1.550000, 0.250000, 2.921384
1.600000, 0.250000, 3.022824
1.650000, 0.250000, 3.131335
1.700000, 0.250000, 3.247021
1.750000, 0.250000, 3.369938
1.800000, 0.250000, 3.500099
1.850000, 0.250000, 3.637466
1.900000, 0.250000, 3.781961
1.950000, 0.250000, 3.933454
2.000000, 0.250000, 4.091777
0.000000, 0.300000, 1.309015
0.050000, 0.300000, 1.404227
0.100000, 0.300000, 1.492252
0.150000, 0.300000, 1.573477
0.200000, 0.300000, 1.648327
0.250000, 0.300000, 1.717259
0.300000, 0.300000, 1.780765
0.350000, 0.300000, 1.839361
0.400000, 0.300000, 1.893591
0.450000, 0.300000, 1.944016
0.500000, 0.300000, 1.991214
0.550000, 0.300000, 2.035779
0.600000, 0.300000, 2.078310
0.650000, 0.300000, 2.119414
0.700000, 0.300000, 2.159699
0.750000, 0.300000, 2.199771
0.800000, 0.300000, 2.240230
0.850000, 0.300000, 2.281667
0.900000, 0.300000, 2.324662
0.950000, 0.300000, 2.369779
1.000000, 0.300000, 2.417562
1.050000, 0.300000, 2.468536
1.100000, 0.300000, 2.523201
1.150000, 0.300000, 2.582032
1.200000, 0.300000, 2.645472
1.250000, 0.300000, 2.713936
1.300000, 0.300000, 2.787806
1.350000, 0.300000, 2.867428
1.400000, 0.300000, 2.953112
1.450000, 0.300000, 3.045130
1.500000, 0.300000, 3.143717
1.550000, 0.300000, 3.249066
1.600000, 0.300000, 3.361329
1.650000, 0.300000, 3.480617
1.700000, 0.300000, 3.607000
1.750000, 0.300000, 3.740503
1.800000, 0.300000, 3.881109
1.850000, 0.300000, 4.028759
1.900000, 0.300000, 4.183352
1.950000, 0.300000, 4.344742
2.000000, 0.300000, 4.512745
0.000000, 0.350000, 1.515208
0.050000, 0.350000, 1.607393
0.100000, 0.350000, 1.692761
0.150000, 0.350000, 1.771760
0.200000, 0.350000, 1.844873
0.250000, 0.350000, 1.912611
0.300000, 0.350000, 1.975512
0.350000, 0.350000, 2.034133
0.400000, 0.350000, 2.089047
0.450000, 0.350000, 2.140840
0.500000, 0.350000, 2.190105
0.550000, 0.350000, 2.237441
0.600000, 0.350000, 2.283446
0.650000, 0.350000, 2.328715
0.700000, 0.350000, 2.373837
0.750000, 0.350000, 2.419391
0.800000, 0.350000, 2.465946
0.850000, 0.350000, 2.514055
0.900000, 0.350000, 2.564255
0.950000, 0.350000, 2.617062
1.000000, 0.350000, 2.672976
1.050000, 0.350000, 2.732470
1.100000, 0.350000, 2.795996
1.150000, 0.350000, 2.863980
1.200000, 0.350000, 2.936821
1.250000, 0.350000, 3.014892
1.300000, 0.350000, 3.098535
1.350000, 0.350000, 3.188062
1.400000, 0.350000, 3.283754
1.450000, 0.350000, 3.385858
1.500000, 0.350000, 3.494589
1.550000, 0.350000, 3.610124
1.600000, 0.350000, 3.732606
1.650000, 0.350000, 3.862137
1.700000, 0.350000, 3.998783
1.750000, 0.350000, 4.142567
1.800000, 0.350000, 4.293471
1.850000, 0.350000, 4.451435
1.900000, 0.350000, 4.616354
1.950000, 0.350000, 4.788080
2.000000, 0.350000, 4.966419
0.000000, 0.400000, 1.741285
0.050000, 0.400000, 1.830790
0.100000, 0.400000, 1.913893
0.150000, 0.400000, 1.991112
0.200000, 0.400000, 2.062989
0.250000, 0.400000, 2.130090
0.300000, 0.400000, 2.192997
0.350000, 0.400000, 2.252302
0.400000, 0.400000, 2.308602
0.450000, 0.400000, 2.362496
0.500000, 0.400000, 2.414579
0.550000, 0.400000, 2.465437
0.600000, 0.400000, 2.515649
0.650000, 0.400000, 2.565781
0.700000, 0.400000, 2.616383
0.750000, 0.400000, 2.667989
0.800000, 0.400000, 2.721120
0.850000, 0.400000, 2.776276
0.900000, 0.400000, 2.833942
0.950000, 0.400000, 2.894582
1.000000, 0.400000, 2.958647
1.050000, 0.400000, 3.026567
1.100000, 0.400000, 3.098756
1.150000, 0.400000, 3.175607
1.200000, 0.400000, 3.257496
1.250000, 0.400000, 3.344781
1.300000, 0.400000, 3.437794
1.350000, 0.400000, 3.536849
1.400000, 0.400000, 3.642230
1.450000, 0.400000, 3.754196
1.500000, 0.400000, 3.872976
1.550000, 0.400000, 3.998763
1.600000, 0.400000, 4.131713
1.650000, 0.400000, 4.271944
1.700000, 0.400000, 4.419527
1.750000, 0.400000, 4.574487
1.800000, 0.400000, 4.736799
1.850000, 0.400000, 4.906386
1.900000, 0.400000, 5.083113
1.950000, 0.400000, 5.266791
2.000000, 0.400000, 5.457174
0.000000, 0.450000, 1.980974
0.050000, 0.450000, 2.068185
0.100000, 0.450000, 2.149457
0.150000, 0.450000, 2.225377
0.200000, 0.450000, 2.296555
0.250000, 0.450000, 2.363610
0.300000, 0.450000, 2.427165
0.350000, 0.450000, 2.487838
0.400000, 0.450000, 2.546239
0.450000, 0.450000, 2.602965
0.500000, 0.450000, 2.658591
0.550000, 0.450000, 2.713676
0.600000, 0.450000, 2.768755
0.650000, 0.450000, 2.824342
0.700000, 0.450000, 2.880932
0.750000, 0.450000, 2.938999
0.800000, 0.450000, 2.999003
0.850000, 0.450000, 3.061387
0.900000, 0.450000, 3.126584
0.950000, 0.450000, 3.195019
1.000000, 0.450000, 3.267107
1.050000, 0.450000, 3.343259
1.100000, 0.450000, 3.423880
1.150000, 0.450000, 3.509368
1.200000, 0.450000, 3.600116
1.250000, 0.450000, 3.696503
1.300000, 0.450000, 3.798896
1.350000, 0.450000, 3.907643
1.400000, 0.450000, 4.023066
1.450000, 0.450000, 4.145457
1.500000, 0.450000, 4.275073
1.550000, 0.450000, 4.412123
1.600000, 0.450000, 4.556769
1.650000, 0.450000, 4.709114
1.700000, 0.450000, 4.869199
1.750000, 0.450000, 5.036998
1.800000, 0.450000, 5.212415
1.850000, 0.450000, 5.395279
1.900000, 0.450000, 5.585349
1.950000, 0.450000, 5.782308
2.000000, 0.450000, 5.985771
0.000000, 0.500000, 2.227699
0.050000, 0.500000, 2.313039
0.100000, 0.500000, 2.392945
0.150000, 0.500000, 2.468086
0.200000, 0.500000, 2.539135
0.250000, 0.500000, 2.606764
0.300000, 0.500000, 2.671632
0.350000, 0.500000, 2.734372
0.400000, 0.500000, 2.795590
0.450000, 0.500000, 2.855860
0.500000, 0.500000, 2.915717
0.550000, 0.500000, 2.975666
0.600000, 0.500000, 3.036178
0.650000, 0.500000, 3.097696
0.700000, 0.500000, 3.160644
0.750000, 0.500000, 3.225428
0.800000, 0.500000, 3.292448
0.850000, 0.500000, 3.362101
0.900000, 0.500000, 3.434788
0.950000, 0.500000, 3.510919
1.000000, 0.500000, 3.590914
1.050000, 0.500000, 3.675205
1.100000, 0.500000, 3.764234
1.150000, 0.500000, 3.858450
1.200000, 0.500000, 3.958301
1.250000, 0.500000, 4.064229
1.300000, 0.500000, 4.176657
1.350000, 0.500000, 4.295983
1.400000, 0.500000, 4.422562
1.450000, 0.500000, 4.556702
1.500000, 0.500000, 4.698646
1.550000, 0.500000, 4.848569
1.600000, 0.500000, 5.006563
1.650000, 0.500000, 5.172634
1.700000, 0.500000, 5.346700
1.750000, 0.500000, 5.528585
1.800000, 0.500000, 5.718023
1.850000, 0.500000, 5.914664
1.900000, 0.500000, 6.118077
1.950000, 0.500000, 6.327761
2.000000, 0.500000, 6.543155
0.000000, 0.550000, 2.474742
0.050000, 0.550000, 2.558668
0.100000, 0.550000, 2.637710
0.150000, 0.550000, 2.712619
0.200000, 0.550000, 2.784138
0.250000, 0.550000, 2.852988
0.300000, 0.550000, 2.919852
0.350000, 0.550000, 2.985363
0.400000, 0.550000, 3.050104
0.450000, 0.550000, 3.114600
0.500000, 0.550000, 3.179321
0.550000, 0.550000, 3.244694
0.600000, 0.550000, 3.311104
0.650000, 0.550000, 3.378911
0.700000, 0.550000, 3.448461
0.750000, 0.550000, 3.520101
0.800000, 0.550000, 3.594187
0.850000, 0.550000, 3.671099
0.900000, 0.550000, 3.751245
0.950000, 0.550000, 3.835067
1.000000, 0.550000, 3.923040
1.050000, 0.550000, 4.015669
1.100000, 0.550000, 4.113478
1.150000, 0.550000, 4.217002
1.200000, 0.550000, 4.326769
1.250000, 0.550000, 4.443285
1.300000, 0.550000, 4.567015
1.350000, 0.550000, 4.698366
1.400000, 0.550000, 4.837667
1.450000, 0.550000, 4.985158
1.500000, 0.550000, 5.140976
1.550000, 0.550000, 5.305149
1.600000, 0.550000, 5.477592
1.650000, 0.550000, 5.658107
1.700000, 0.550000, 5.846389
1.750000, 0.550000, 6.042040
1.800000, 0.550000, 6.244578
1.850000, 0.550000, 6.453454
1.900000, 0.550000, 6.668073
1.950000, 0.550000, 6.887812
2.000000, 0.550000, 7.112037
0.000000, 0.600000, 2.715420
0.050000, 0.600000, 2.798422
0.100000, 0.600000, 2.877130
0.150000, 0.600000, 2.952384
0.200000, 0.600000, 3.024997
0.250000, 0.600000, 3.095734
0.300000, 0.600000, 3.165287
0.350000, 0.600000, 3.234272
0.400000, 0.600000, 3.303220
0.450000, 0.600000, 3.372582
0.500000, 0.600000, 3.442737
0.550000, 0.600000, 3.514008
0.600000, 0.600000, 3.586682
0.650000, 0.600000, 3.661032
0.700000, 0.600000, 3.737338
0.750000, 0.600000, 3.815909
0.800000, 0.600000, 3.897097
0.850000, 0.600000, 3.981312
0.900000, 0.600000, 4.069024
0.950000, 0.600000, 4.160765
1.000000, 0.600000, 4.257115
1.050000, 0.600000, 4.358692
1.100000, 0.600000, 4.466128
1.150000, 0.600000, 4.580045
1.200000, 0.600000, 4.701026
1.250000, 0.600000, 4.829589
1.300000, 0.600000, 4.966165
1.350000, 0.600000, 5.111068
1.400000, 0.600000, 5.264486
1.450000, 0.600000, 5.426469
1.500000, 0.600000, 5.596925
1.550000, 0.600000, 5.775629
1.600000, 0.600000, 5.962233
1.650000, 0.600000, 6.156285
1.700000, 0.600000, 6.357253
1.750000, 0.600000, 6.564553
1.800000, 0.600000, 6.777572
1.850000, 0.600000, 6.995701
1.900000, 0.600000, 7.218352
1.950000, 0.600000, 7.444980
2.000000, 0.600000, 7.675095
0.000000, 0.650000, 2.943258
0.050000, 0.650000, 3.025855
0.100000, 0.650000, 3.104785
0.150000, 0.650000, 3.180985
0.200000, 0.650000, 3.255338
0.250000, 0.650000, 3.328640
0.300000, 0.650000, 3.401581
0.350000, 0.650000, 3.474731
0.400000, 0.650000, 3.548542
0.450000, 0.650000, 3.623360
0.500000, 0.650000, 3.699446
0.550000, 0.650000, 3.777005
0.600000, 0.650000, 3.856222
0.650000, 0.650000, 3.937294
0.700000, 0.650000, 4.020465
0.750000, 0.650000, 4.106048
0.800000, 0.650000, 4.194449
0.850000, 0.650000, 4.286168
0.900000, 0.650000, 4.381798
0.950000, 0.650000, 4.482010
1.000000, 0.650000, 4.587524
1.050000, 0.650000, 4.699079
1.100000, 0.650000, 4.817390
1.150000, 0.650000, 4.943111
1.200000, 0.650000, 5.076796
1.250000, 0.650000, 5.218865
1.300000, 0.650000, 5.369579
1.350000, 0.650000, 5.529028
1.400000, 0.650000, 5.697128
1.450000, 0.650000, 5.873630
1.500000, 0.650000, 6.058144
1.550000, 0.650000, 6.250165
1.600000, 0.650000, 6.449111
1.650000, 0.650000, 6.654364
1.700000, 0.650000, 6.865307
1.750000, 0.650000, 7.081360
1.800000, 0.650000, 7.302007
1.850000, 0.650000, 7.526815
1.900000, 0.650000, 7.755439
1.950000, 0.650000, 7.987622
2.000000, 0.650000, 8.223171
0.000000, 0.700000, 3.152158
0.050000, 0.700000, 3.234893
0.100000, 0.700000, 3.314625
0.150000, 0.700000, 3.392393
0.200000, 0.700000, 3.469147
0.250000, 0.700000, 3.545704
0.300000, 0.700000, 3.622728
0.350000, 0.700000, 3.700715
0.400000, 0.700000, 3.780005
0.450000, 0.700000, 3.860811
0.500000, 0.700000, 3.943255
0.550000, 0.700000, 4.027417
0.600000, 0.700000, 4.113390
0.650000, 0.700000, 4.201326
0.700000, 0.700000, 4.291481
0.750000, 0.700000, 4.384236
0.800000, 0.700000, 4.480115
0.850000, 0.700000, 4.579773
0.900000, 0.700000, 4.683977
0.950000, 0.700000, 4.793558
1.000000, 0.700000, 4.909369
1.050000, 0.700000, 5.032222
1.100000, 0.700000, 5.162834
1.150000, 0.700000, 5.301774
1.200000, 0.700000, 5.449426
1.250000, 0.700000, 5.605963
1.300000, 0.700000, 5.771339
1.350000, 0.700000, 5.945305
1.400000, 0.700000, 6.127435
1.450000, 0.700000, 6.317171
1.500000, 0.700000, 6.513875
1.550000, 0.700000, 6.716886
1.600000, 0.700000, 6.925574
1.650000, 0.700000, 7.139386
1.700000, 0.700000, 7.357879
1.750000, 0.700000, 7.580736
1.800000, 0.700000, 7.807770
1.850000, 0.700000, 8.038897
1.900000, 0.700000, 8.274111
1.950000, 0.700000, 8.513431
2.000000, 0.700000, 8.756854
0.000000, 0.750000, 3.336554
0.050000, 0.750000, 3.419995
0.100000, 0.750000, 3.501129
0.150000, 0.750000, 3.581103
0.200000, 0.750000, 3.660931
0.250000, 0.750000, 3.741436
0.300000, 0.750000, 3.823228
0.350000, 0.750000, 3.906698
0.400000, 0.750000, 3.992041
0.450000, 0.750000, 4.079308
0.500000, 0.750000, 4.168468
0.550000, 0.750000, 4.259485
0.600000, 0.750000, 4.352389
0.650000, 0.750000, 4.447338
0.700000, 0.750000, 4.544664
0.750000, 0.750000, 4.644891
0.800000, 0.750000, 4.748728
0.850000, 0.750000, 4.857034
0.900000, 0.750000, 4.970763
0.950000, 0.750000, 5.090889
1.000000, 0.750000, 5.218327
1.050000, 0.750000, 5.353856
1.100000, 0.750000, 5.498052
1.150000, 0.750000, 5.651242
1.200000, 0.750000, 5.813483
1.250000, 0.750000, 5.984571
1.300000, 0.750000, 6.164071
1.350000, 0.750000, 6.351378
1.400000, 0.750000, 6.545784
1.450000, 0.750000, 6.746562
1.500000, 0.750000, 6.953038
1.550000, 0.750000, 7.164653
1.600000, 0.750000, 7.381014
1.650000, 0.750000, 7.601903
1.700000, 0.750000, 7.827276
1.750000, 0.750000, 8.057222
1.800000, 0.750000, 8.291912
1.850000, 0.750000, 8.531525
1.900000, 0.750000, 8.776173
1.950000, 0.750000, 9.025831
2.000000, 0.750000, 9.280281
0.000000, 0.800000, 3.491568
0.050000, 0.800000, 3.576298
0.100000, 0.800000, 3.659450
0.150000, 0.800000, 3.742282
0.200000, 0.800000, 3.825864
0.250000, 0.800000, 3.911008
0.300000, 0.800000, 3.998239
0.350000, 0.800000, 4.087805
0.400000, 0.800000, 4.179723
0.450000, 0.800000, 4.273863
0.500000, 0.800000, 4.370040
0.550000, 0.800000, 4.468123
0.600000, 0.800000, 4.568129
0.650000, 0.800000, 4.670291
0.700000, 0.800000, 4.775095
0.750000, 0.800000, 4.883280
0.800000, 0.800000, 4.995791
0.850000, 0.800000, 5.113706
0.900000, 0.800000, 5.238134
0.950000, 0.800000, 5.370109
1.000000, 0.800000, 5.510479
1.050000, 0.800000, 5.659829
1.100000, 0.800000, 5.818421
1.150000, 0.800000, 5.986184
1.200000, 0.800000, 6.162738
1.250000, 0.800000, 6.347458
1.300000, 0.800000, 6.539565
1.350000, 0.800000, 6.738230
1.400000, 0.800000, 6.942684
1.450000, 0.800000, 7.152305
1.500000, 0.800000, 7.366689
1.550000, 0.800000, 7.585671
1.600000, 0.800000, 7.809317
1.650000, 0.800000, 8.037876
1.700000, 0.800000, 8.271692
1.750000, 0.800000, 8.511112
1.800000, 0.800000, 8.756376
1.850000, 0.800000, 9.007523
1.900000, 0.800000, 9.264320
1.950000, 0.800000, 9.526227
2.000000, 0.800000, 9.792400
0.000000, 0.850000, 3.613129
0.050000, 0.850000, 3.699750
0.100000, 0.850000, 3.785548
0.150000, 0.850000, 3.871898
0.200000, 0.850000, 3.959918
0.250000, 0.850000, 4.050384
0.300000, 0.850000, 4.143702
0.350000, 0.850000, 4.239939
0.400000, 0.850000, 4.338905
0.450000, 0.850000, 4.440273
0.500000, 0.850000, 4.543718
0.550000, 0.850000, 4.649061
0.600000, 0.850000, 4.756370
0.650000, 0.850000, 4.866035
0.700000, 0.850000, 4.978780
0.750000, 0.850000, 5.095612
0.800000, 0.850000, 5.217731
0.850000, 0.850000, 5.346399
0.900000, 0.850000, 5.482786
0.950000, 0.850000, 5.627840
1.000000, 0.850000, 5.782166
1.050000, 0.850000, 5.945972
1.100000, 0.850000, 6.119057
1.150000, 0.850000, 6.300859
1.200000, 0.850000, 6.490561
1.250000, 0.850000, 6.687218
1.300000, 0.850000, 6.889906
1.350000, 0.850000, 7.097855
1.400000, 0.850000, 7.310555
1.450000, 0.850000, 7.527808
1.500000, 0.850000, 7.749729
1.550000, 0.850000, 7.976686
1.600000, 0.850000, 8.209199
1.650000, 0.850000, 8.447800
1.700000, 0.850000, 8.692896
1.750000, 0.850000, 8.944636
1.800000, 0.850000, 9.202821
1.850000, 0.850000, 9.466860
1.900000, 0.850000, 9.735787
1.950000, 0.850000, 10.008328
2.000000, 0.850000, 10.283022
0.000000, 0.900000, 3.698096
0.050000, 0.900000, 3.787219
0.100000, 0.900000, 3.876299
0.150000, 0.900000, 3.966832
0.200000, 0.900000, 4.059972
0.250000, 0.900000, 4.156430
0.300000, 0.900000, 4.256457
0.350000, 0.900000, 4.359898
0.400000, 0.900000, 4.466330
0.450000, 0.900000, 4.575230
0.500000, 0.900000, 4.686165
0.550000, 0.900000, 4.798966
0.600000, 0.900000, 4.913842
0.650000, 0.900000, 5.031426
0.700000, 0.900000, 5.152743
0.750000, 0.900000, 5.279100
0.800000, 0.900000, 5.411920
0.850000, 0.900000, 5.552546
0.900000, 0.900000, 5.702060
0.950000, 0.900000, 5.861129
1.000000, 0.900000, 6.029930
1.050000, 0.900000, 6.208143
1.100000, 0.900000, 6.395028
1.150000, 0.900000, 6.589571
1.200000, 0.900000, 6.790665
1.250000, 0.900000, 6.997305
1.300000, 0.900000, 7.208750
1.350000, 0.900000, 7.424635
1.400000, 0.900000, 7.645006
1.450000, 0.900000, 7.870276
1.500000, 0.900000, 8.101108
1.550000, 0.900000, 8.338242
1.600000, 0.900000, 8.582309
1.650000, 0.900000, 8.833651
1.700000, 0.900000, 9.092190
1.750000, 0.900000, 9.357361
1.800000, 0.900000, 9.628134
1.850000, 0.900000, 9.903102
1.900000, 0.900000, 10.180644
1.950000, 0.900000, 10.459112
2.000000, 0.900000, 10.737023
0.000000, 0.950000, 3.744335
0.050000, 0.950000, 3.836580
0.100000, 0.950000, 3.929584
0.150000, 0.950000, 4.024966
0.200000, 0.950000, 4.123901
0.250000, 0.950000, 4.227005
0.300000, 0.950000, 4.334328
0.350000, 0.950000, 4.445461
0.400000, 0.950000, 4.559726
0.450000, 0.950000, 4.676419
0.500000, 0.950000, 4.795051
0.550000, 0.950000, 4.915543
0.600000, 0.950000, 5.038337
0.650000, 0.950000, 5.164392
0.700000, 0.950000, 5.295079
0.750000, 0.950000, 5.431981
0.800000, 0.950000, 5.576649
0.850000, 0.950000, 5.730354
0.900000, 0.950000, 5.893884
0.950000, 0.950000, 6.067431
1.000000, 0.950000, 6.250586
1.050000, 0.950000, 6.442439
1.100000, 0.950000, 6.641775
1.150000, 0.950000, 6.847320
1.200000, 0.950000, 7.057979
1.250000, 0.950000, 7.273048
1.300000, 0.950000, 7.492321
1.350000, 0.950000, 7.716104
1.400000, 0.950000, 7.945109
1.450000, 0.950000, 8.180267
1.500000, 0.950000, 8.422486
1.550000, 0.950000, 8.672405
1.600000, 0.950000, 8.930195
1.650000, 0.950000, 9.195445
1.700000, 0.950000, 9.467159
1.750000, 0.950000, 9.743852
1.800000, 0.950000, 10.023753
1.850000, 0.950000, 10.305043
1.900000, 0.950000, 10.586113
1.950000, 0.950000, 10.865765
2.000000, 0.950000, 11.143335
0.000000, 1.000000, 3.750792
0.050000, 1.000000, 3.846784
0.100000, 1.000000, 3.944353
0.150000, 1.000000, 4.045245
0.200000, 1.000000, 4.150640
0.250000, 1.000000, 4.261020
0.300000, 1.000000, 4.376191
0.350000, 1.000000, 4.495454
0.400000, 1.000000, 4.617871
0.450000, 1.000000, 4.742587
0.500000, 1.000000, 4.869125
0.550000, 1.000000, 4.997596
0.600000, 1.000000, 5.128768
0.650000, 1.000000, 5.263987
0.700000, 1.000000, 5.404970
0.750000, 1.000000, 5.553499
0.800000, 1.000000, 5.711100
0.850000, 1.000000, 5.878760
0.900000, 1.000000, 6.056765
0.950000, 1.000000, 6.244666
1.000000, 1.000000, 6.441405
1.050000, 1.000000, 6.645561
1.100000, 1.000000, 6.855666
1.150000, 1.000000, 7.070516
1.200000, 1.000000, 7.289421
1.250000, 1.000000, 7.512326
1.300000, 1.000000, 7.739793
1.350000, 1.000000, 7.972825
1.400000, 1.000000, 8.212599
1.450000, 1.000000, 8.460141
1.500000, 1.000000, 8.716029
1.550000, 1.000000, 8.980189
1.600000, 1.000000, 9.251820
1.650000, 1.000000, 9.529468
1.700000, 1.000000, 9.811248
1.750000, 1.000000, 10.095139
1.800000, 1.000000, 10.379312
1.850000, 1.000000, 10.662410
1.900000, 1.000000, 10.943721
1.950000, 1.000000, 11.223206
2.000000, 1.000000, 11.501377
0.000000, 1.050000, 3.717526
0.050000, 1.050000, 3.817888
0.100000, 1.050000, 3.920662
0.150000, 1.050000, 4.027719
0.200000, 1.050000, 4.140222
0.250000, 1.050000, 4.258479
0.300000, 1.050000, 4.382010
0.350000, 1.050000, 4.509793
0.400000, 1.050000, 4.640636
0.450000, 1.050000, 4.773583
0.500000, 1.050000, 4.908261
0.550000, 1.050000, 5.045070
0.600000, 1.050000, 5.185190
0.650000, 1.050000, 5.330386
0.700000, 1.050000, 5.482667
0.750000, 1.050000, 5.643873
0.800000, 1.050000, 5.815294
0.850000, 1.050000, 5.997411
0.900000, 1.050000, 6.189822
0.950000, 1.050000, 6.391363
1.000000, 1.050000, 6.600406
1.050000, 1.050000, 6.815253
1.100000, 1.050000, 7.034541
1.150000, 1.050000, 7.257548
1.200000, 1.050000, 7.484338
1.250000, 1.050000, 7.715709
1.300000, 1.050000, 7.952946
1.350000, 1.050000, 8.197457
1.400000, 1.050000, 8.450360
1.450000, 1.050000, 8.712138
1.500000, 1.050000, 8.982428
1.550000, 1.050000, 9.260016
1.600000, 1.050000, 9.543015
1.650000, 1.050000, 9.829210
1.700000, 1.050000, 10.116462
1.750000, 1.050000, 10.403102
1.800000, 1.050000, 10.688194
1.850000, 1.050000, 10.971627
1.900000, 1.050000, 11.253999
1.950000, 1.050000, 11.536335
2.000000, 1.050000, 11.819696
0.000000, 1.100000, 3.645719
0.050000, 1.100000, 3.751071
0.100000, 1.100000, 3.859681
0.150000, 1.100000, 3.973548
0.200000, 1.100000, 4.093787
0.250000, 1.100000, 4.220492
0.300000, 1.100000, 4.352848
0.350000, 1.100000, 4.489491
0.400000, 1.100000, 4.628997
0.450000, 1.100000, 4.770377
0.500000, 1.100000, 4.913463
0.550000, 1.100000, 5.059052
0.600000, 1.100000, 5.208798
0.650000, 1.100000, 5.364870
0.700000, 1.100000, 5.529452
0.750000, 1.100000, 5.704242
0.800000, 1.100000, 5.890058
0.850000, 1.100000, 6.086669
0.900000, 1.100000, 6.292880
0.950000, 1.100000, 6.506873
1.000000, 1.100000, 6.726683
1.050000, 1.100000, 6.950714
1.100000, 1.100000, 7.178133
1.150000, 1.100000, 7.409064
1.200000, 1.100000, 7.644504
1.250000, 1.100000, 7.886015
1.300000, 1.100000, 8.135238
1.350000, 1.100000, 8.393389
1.400000, 1.100000, 8.660850
1.450000, 1.100000, 8.936966
1.500000, 1.100000, 9.220115
1.550000, 1.100000, 9.508013
1.600000, 1.100000, 9.798189
1.650000, 1.100000, 10.088505
1.700000, 1.100000, 10.377574
1.750000, 1.100000, 10.664984
1.800000, 1.100000, 10.951256
1.850000, 1.100000, 11.237553
1.900000, 1.100000, 11.525219
1.950000, 1.100000, 11.815269
2.000000, 1.100000, 12.107961
0.000000, 1.150000, 3.537659
0.050000, 1.150000, 3.648614
0.100000, 1.150000, 3.763682
0.150000, 1.150000, 3.884984
0.200000, 1.150000, 4.013565
0.250000, 1.150000, 4.149251
0.300000, 1.150000, 4.290852
0.350000, 1.150000, 4.436649
0.400000, 1.150000, 4.585021
0.450000, 1.150000, 4.735040
0.500000, 1.150000, 4.886853
0.550000, 1.150000, 5.041749
0.600000, 1.150000, 5.201889
0.650000, 1.150000, 5.369765
0.700000, 1.150000, 5.547566
0.750000, 1.150000, 5.736606
0.800000, 1.150000, 5.936995
0.850000, 1.150000, 6.147645
0.900000, 1.150000, 6.366597
0.950000, 1.150000, 6.591591
1.000000, 1.150000, 6.820707
1.050000, 1.150000, 7.052895
1.100000, 1.150000, 7.288237
1.150000, 1.150000, 7.527883
1.200000, 1.150000, 7.773655
1.250000, 1.150000, 8.027453
1.300000, 1.150000, 8.290628
1.350000, 1.150000, 8.563494
1.400000, 1.150000, 8.845131
1.450000, 1.150000, 9.133534
1.500000, 1.150000, 9.426052
1.550000, 1.150000, 9.720020
1.600000, 1.150000, 10.013371
1.650000, 1.150000, 10.305077
1.700000, 1.150000, 10.595292
1.750000, 1.150000, 10.885136
1.800000, 1.150000, 11.176214
1.850000, 1.150000, 11.469979
1.900000, 1.150000, 11.767151
1.950000, 1.150000, 12.067328
2.000000, 1.150000, 12.368936
0.000000, 1.200000, 3.396694
0.050000, 1.200000, 3.513854
0.100000, 1.200000, 3.635987
0.150000, 1.200000, 3.765332
0.200000, 1.200000, 3.902830
0.250000, 1.200000, 4.047991
0.300000, 1.200000, 4.199209
0.350000, 1.200000, 4.354408
0.400000, 1.200000, 4.511828
0.450000, 1.200000, 4.670704
0.500000, 1.200000, 4.831620
0.550000, 1.200000, 4.996433
0.600000, 1.200000, 5.167786
0.650000, 1.200000, 5.348367
0.700000, 1.200000, 5.540135
0.750000, 1.200000, 5.743763
0.800000, 1.200000, 5.958466
0.850000, 1.200000, 6.182263
0.900000, 1.200000, 6.412608
0.950000, 1.200000, 6.647167
1.000000, 1.200000, 6.884528
1.050000, 1.200000, 7.124602
1.100000, 1.200000, 7.368595
1.150000, 1.200000, 7.618572
1.200000, 1.200000, 7.876730
1.250000, 1.200000, 8.144625
1.300000, 1.200000, 8.422579
1.350000, 1.200000, 8.709460
1.400000, 1.200000, 9.002913
1.450000, 1.200000, 9.299947
1.500000, 1.200000, 9.597719
1.550000, 1.200000, 9.894263
1.600000, 1.200000, 10.188937
1.650000, 1.200000, 10.482447
1.700000, 1.200000, 10.776456
1.750000, 1.200000, 11.072877
1.800000, 1.200000, 11.373097
1.850000, 1.200000, 11.677356
1.900000, 1.200000, 11.984481
1.950000, 1.200000, 12.292066
2.000000, 1.200000, 12.597031
0.000000, 1.250000, 3.227164
0.050000, 1.250000, 3.351116
0.100000, 1.250000, 3.480901
0.150000, 1.250000, 3.618875
0.200000, 1.250000, 3.765834
0.250000, 1.250000, 3.920921
0.300000, 1.250000, 4.082076
0.350000, 1.250000, 4.246880
0.400000, 1.250000, 4.413514
0.450000, 1.250000, 4.581493
0.500000, 1.250000, 4.751950
0.550000, 1.250000, 4.927351
0.600000, 1.250000, 5.110752
0.650000, 1.250000, 5.304837
0.700000, 1.250000, 5.511073
0.750000, 1.250000, 5.729253
0.800000, 1.250000, 5.957588
0.850000, 1.250000, 6.193322
0.900000, 1.250000, 6.433650
0.950000, 1.250000, 6.676638
1.000000, 1.250000, 6.921836
1.050000, 1.250000, 7.170374
1.100000, 1.250000, 7.424507
1.150000, 1.250000, 7.686772
1.200000, 1.250000, 7.959027
1.250000, 1.250000, 8.241717
1.300000, 1.250000, 8.533590
1.350000, 1.250000, 8.831983
1.400000, 1.250000, 9.133567
1.450000, 1.250000, 9.435308
1.500000, 1.250000, 9.735318
1.550000, 1.250000, 10.033315
1.600000, 1.250000, 10.330525
1.650000, 1.250000, 10.629083
1.700000, 1.250000, 10.931113
1.750000, 1.250000, 11.237809
1.800000, 1.250000, 11.548833
1.850000, 1.250000, 11.862218
1.900000, 1.250000, 12.174833
1.950000, 1.250000, 12.483230
2.000000, 1.250000, 12.784607
0.000000, 1.300000, 3.034301
0.050000, 1.300000, 3.165612
0.100000, 1.300000, 3.303619
0.150000, 1.300000, 3.450778
0.200000, 1.300000, 3.607705
0.250000, 1.300000, 3.773121
0.300000, 1.300000, 3.944484
0.350000, 1.300000, 4.119062
0.400000, 1.300000, 4.295066
0.450000, 1.300000, 4.472425
0.500000, 1.300000, 4.652917
0.550000, 1.300000, 4.839620
0.600000, 1.300000, 5.035866
0.650000, 1.300000, 5.244089
0.700000, 1.300000, 5.464988
0.750000, 1.300000, 5.697291
0.800000, 1.300000, 5.938233
0.850000, 1.300000, 6.184548
0.900000, 1.300000, 6.433633
0.950000, 1.300000, 6.684450
1.000000, 1.300000, 6.937841
1.050000, 1.300000, 7.196150
1.100000, 1.300000, 7.462269
1.150000, 1.300000, 7.738485
1.200000, 1.300000, 8.025519
1.250000, 1.300000, 8.322129
1.300000, 1.300000, 8.625408
1.350000, 1.300000, 8.931681
1.400000, 1.300000, 9.237664
1.450000, 1.300000, 9.541476
1.500000, 1.300000, 9.843128
1.550000, 1.300000, 10.144316
1.600000, 1.300000, 10.447600
1.650000, 1.300000, 10.755255
1.700000, 1.300000, 11.068228
1.750000, 1.300000, 11.385574
1.800000, 1.300000, 11.704576
1.850000, 1.300000, 12.021514
1.900000, 1.300000, 12.332798
1.950000, 1.300000, 12.636053
2.000000, 1.300000, 12.930774
0.000000, 1.350000, 2.824113
0.050000, 1.350000, 2.963331
0.100000, 1.350000, 3.110100
0.150000, 1.350000, 3.266973
0.200000, 1.350000, 3.434336
0.250000, 1.350000, 3.610436
0.300000, 1.350000, 3.792227
0.350000, 1.350000, 3.976710
0.400000, 1.350000, 4.162242
0.450000, 1.350000, 4.349293
0.500000, 1.350000, 4.540364
0.550000, 1.350000, 4.739092
0.600000, 1.350000, 4.948890
0.650000, 1.350000, 5.171660
0.700000, 1.350000, 5.407075
0.750000, 1.350000, 5.652719
0.800000, 1.350000, 5.905020
0.850000, 1.350000, 6.160619
0.900000, 1.350000, 6.417639
0.950000, 1.350000, 6.676354
1.000000, 1.350000, 6.938995
1.050000, 1.350000, 7.208782
1.100000, 1.350000, 7.488542
1.150000, 1.350000, 7.779472
1.200000, 1.350000, 8.080522
1.250000, 1.350000, 8.388643
1.300000, 1.350000, 8.699802
1.350000, 1.350000, 9.010375
1.400000, 1.350000, 9.318364
1.450000, 1.350000, 9.623969
1.500000, 1.350000, 9.929294
1.550000, 1.350000, 10.237299
1.600000, 1.350000, 10.550412
1.650000, 1.350000, 10.869343
1.700000, 1.350000, 11.192571
1.750000, 1.350000, 11.516700
1.800000, 1.350000, 11.837548
1.850000, 1.350000, 12.151548
1.900000, 1.350000, 12.456907
1.950000, 1.350000, 12.754081
2.000000, 1.350000, 13.045370
0.000000, 1.400000, 2.603249
0.050000, 1.400000, 2.750894
0.100000, 1.400000, 2.906939
0.150000, 1.400000, 3.074018
0.200000, 1.400000, 3.252243
0.250000, 1.400000, 3.439331
0.300000, 1.400000, 3.631721
0.350000, 1.400000, 3.826212
0.400000, 1.400000, 4.021433
0.450000, 1.400000, 4.218525
0.500000, 1.400000, 4.420753
0.550000, 1.400000, 4.632203
0.600000, 1.400000, 4.856118
0.650000, 1.400000, 5.093570
0.700000, 1.400000, 5.343015
0.750000, 1.400000, 5.600936
0.800000, 1.400000, 5.863283
0.850000, 1.400000, 6.127129
0.900000, 1.400000, 6.391820
0.950000, 1.400000, 6.659168
1.000000, 1.400000, 6.932579
1.050000, 1.400000, 7.215495
1.100000, 1.400000, 7.509812
1.150000, 1.400000, 7.814919
1.200000, 1.400000, 8.127785
1.250000, 1.400000, 8.444036
1.300000, 1.400000, 8.759595
1.350000, 1.400000, 9.072174
1.400000, 1.400000, 9.382012
1.450000, 1.400000, 9.691543
1.500000, 1.400000, 10.004129
1.550000, 1.400000, 10.322407
1.600000, 1.400000, 10.646926
1.650000, 1.400000, 10.975664
1.700000, 1.400000, 11.304621
1.750000, 1.400000, 11.629238
1.800000, 1.400000, 11.946061
1.850000, 1.400000, 12.253933
1.900000, 1.400000, 12.554240
1.950000, 1.400000, 12.850081
2.000000, 1.400000, 13.144743
0.000000, 1.450000, 2.378839
0.050000, 1.450000, 2.535403
0.100000, 1.450000, 2.701207
0.150000, 1.450000, 2.878949
0.200000, 1.450000, 3.068416
0.250000, 1.450000, 3.266742
0.300000, 1.450000, 3.469854
0.350000, 1.450000, 3.674430
0.400000, 1.450000, 3.879514
0.450000, 1.450000, 4.087032
0.500000, 1.450000, 4.301007
0.550000, 1.450000, 4.525808
0.600000, 1.450000, 4.764215
0.650000, 1.450000, 5.016187
0.700000, 1.450000, 5.278865
0.750000, 1.450000, 5.547828
0.800000, 1.450000, 5.819020
0.850000, 1.450000, 6.090496
0.900000, 1.450000, 6.363205
0.950000, 1.450000, 6.640441
1.000000, 1.450000, 6.926235
1.050000, 1.450000, 7.223387
1.100000, 1.450000, 7.532043
1.150000, 1.450000, 7.849436
1.200000, 1.450000, 8.170933
1.250000, 1.450000, 8.491892
1.300000, 1.450000, 8.809522
1.350000, 1.450000, 9.123893
1.400000, 1.450000, 9.437658
1.450000, 1.450000, 9.754597
1.500000, 1.450000, 10.077663
1.550000, 1.450000, 10.407381
1.600000, 1.450000, 10.741340
1.650000, 1.450000, 11.075002
1.700000, 1.450000, 11.403464
1.750000, 1.450000, 11.723389
1.800000, 1.450000, 12.034232
1.850000, 1.450000, 12.338222
1.900000, 1.450000, 12.639103
1.950000, 1.450000, 12.940207
2.000000, 1.450000, 13.242713
0.000000, 1.500000, 2.158333
0.050000, 1.500000, 2.324278
0.100000, 1.500000, 2.500288
0.150000, 1.500000, 2.689111
0.200000, 1.500000, 2.890151
0.250000, 1.500000, 3.099913
0.300000, 1.500000, 3.313823
0.350000, 1.500000, 3.528543
0.400000, 1.500000, 3.743676
0.450000, 1.500000, 3.962029
0.500000, 1.500000, 4.188334
0.550000, 1.500000, 4.427009
0.600000, 1.500000, 4.680054
0.650000, 1.500000, 4.946083
0.700000, 1.500000, 5.220952
0.750000, 1.500000, 5.499686
0.800000, 1.500000, 5.778785
0.850000, 1.500000, 6.057799
0.900000, 1.500000, 6.339419
0.950000, 1.500000, 6.628042
1.000000, 1.500000, 6.927505
1.050000, 1.500000, 7.239060
1.100000, 1.500000, 7.560574
1.150000, 1.500000, 7.887337
1.200000, 1.500000, 8.214087
1.250000, 1.500000, 8.537285
1.300000, 1.500000, 8.856556
1.350000, 1.500000, 9.174601
1.400000, 1.500000, 9.495626
1.450000, 1.500000, 9.823045
1.500000, 1.500000, 10.157555
1.550000, 1.500000, 10.496509
1.600000, 1.500000, 10.834894
1.650000, 1.500000, 11.167436
1.700000, 1.500000, 11.490840
1.750000, 1.500000, 11.805077
1.800000, 1.500000, 12.113119
1.850000, 1.500000, 12.419237
1.900000, 1.500000, 12.726692
1.950000, 1.500000, 13.035912
2.000000, 1.500000, 13.344047
0.000000, 1.550000, 1.949325
0.050000, 1.550000, 2.125078
0.100000, 1.550000, 2.311705
0.150000, 1.550000, 2.511984
0.200000, 1.550000, 2.724879
0.250000, 1.550000, 2.946218
0.300000, 1.550000, 3.170959
0.350000, 1.550000, 3.395867
0.400000, 1.550000, 3.621250
0.450000, 1.550000, 3.850868
0.500000, 1.550000, 4.090045
0.550000, 1.550000, 4.342970
0.600000, 1.550000, 4.610546
0.650000, 1.550000, 4.889892
0.700000, 1.550000, 5.175751
0.750000, 1.550000, 5.463090
0.800000, 1.550000, 5.749555
0.850000, 1.550000, 6.036545
0.900000, 1.550000, 6.328341
0.950000, 1.550000, 6.629749
1.000000, 1.550000, 6.943454
1.050000, 1.550000, 7.268436
1.100000, 1.550000, 7.600260
1.150000, 1.550000, 7.933093
1.200000, 1.550000, 8.262419
1.250000, 1.550000, 8.587069
1.300000, 1.550000, 8.909532
1.350000, 1.550000, 9.234394
1.400000, 1.550000, 9.565692
1.450000, 1.550000, 9.904551
1.500000, 1.550000, 10.248297
1.550000, 1.550000, 10.591509
1.600000, 1.550000, 10.928472
1.650000, 1.550000, 11.255782
1.700000, 1.550000, 11.573776
1.750000, 1.550000, 11.886061
1.800000, 1.550000, 12.197377
1.850000, 1.550000, 12.510898
1.900000, 1.550000, 12.826340
1.950000, 1.550000, 13.139842
2.000000, 1.550000, 13.445699
0.000000, 1.600000, 1.759376
0.050000, 1.600000, 1.945326
0.100000, 1.600000, 2.142942
0.150000, 1.600000, 2.355007
0.200000, 1.600000, 2.579985
0.250000, 1.600000, 2.812991
0.300000, 1.600000, 3.048555
0.350000, 1.600000, 3.283681
0.400000, 1.600000, 3.519533
0.450000, 1.600000, 3.760846
0.500000, 1.600000, 4.013371
0.550000, 1.600000, 4.280745
0.600000, 1.600000, 4.562482
0.650000, 1.600000, 4.854170
0.700000, 1.600000, 5.149771
0.750000, 1.600000, 5.444783
0.800000, 1.600000, 5.738534
0.850000, 1.600000, 6.034390
0.900000, 1.600000, 6.337740
0.950000, 1.600000, 6.652871
1.000000, 1.600000, 6.980416
1.050000, 1.600000, 7.316767
1.100000, 1.600000, 7.655769
1.150000, 1.600000, 7.991776
1.200000, 1.600000, 8.322425
1.250000, 1.600000, 8.649612
1.300000, 1.600000, 8.978149
1.350000, 1.600000, 9.312839
1.400000, 1.600000, 9.655543
1.450000, 1.600000, 10.003842
1.500000, 1.600000, 10.352014
1.550000, 1.600000, 10.693805
1.600000, 1.600000, 11.025485
1.650000, 1.600000, 11.347550
1.700000, 1.600000, 11.664126
1.750000, 1.600000, 11.980426
1.800000, 1.600000, 12.299619
1.850000, 1.600000, 12.620826
1.900000, 1.600000, 12.939316
1.950000, 1.600000, 13.248814
2.000000, 1.600000, 13.544657
0.000000, 1.650000, 1.595833
0.050000, 1.650000, 1.792329
0.100000, 1.650000, 2.001264
0.150000, 1.650000, 2.225400
0.200000, 1.650000, 2.462636
0.250000, 1.650000, 2.707341
0.300000, 1.650000, 2.953682
0.350000, 1.650000, 3.199052
0.400000, 1.650000, 3.445603
0.450000, 1.650000, 3.699030
0.500000, 1.650000, 3.965282
0.550000, 1.650000, 4.247099
0.600000, 1.650000, 4.542373
0.650000, 1.650000, 4.845262
0.700000, 1.650000, 5.149422
0.750000, 1.650000, 5.451511
0.800000, 1.650000, 5.752932
0.850000, 1.650000, 6.058830
0.900000, 1.650000, 6.374922
0.950000, 1.650000, 6.703961
1.000000, 1.650000, 7.043904
1.050000, 1.650000, 7.388801
1.100000, 1.650000, 7.731923
1.150000, 1.650000, 8.069322
1.200000, 1.650000, 8.401775
1.250000, 1.650000, 8.734009
1.300000, 1.650000, 9.071643
1.350000, 1.650000, 9.417609
1.400000, 1.650000, 9.770121
1.450000, 1.650000, 10.123343
1.500000, 1.650000, 10.470396
1.550000, 1.650000, 10.806953
1.600000, 1.650000, 11.133389
1.650000, 1.650000, 11.454216
1.700000, 1.650000, 11.775169
1.750000, 1.650000, 12.099580
1.800000, 1.650000, 12.426163
1.850000, 1.650000, 12.749457
1.900000, 1.650000, 13.062687
1.950000, 1.650000, 13.361402
2.000000, 1.650000, 13.645792
0.000000, 1.700000, 1.465654
0.050000, 1.700000, 1.673007
0.100000, 1.700000, 1.893548
0.150000, 1.700000, 2.129989
0.200000, 1.700000, 2.379603
0.250000, 1.700000, 2.635987
0.300000, 1.700000, 2.893025
0.350000, 1.700000, 3.148658
0.400000, 1.700000, 3.406146
0.450000, 1.700000, 3.672076
0.500000, 1.700000, 3.952308
0.550000, 1.700000, 4.248342
0.600000, 1.700000, 4.556302
0.650000, 1.700000, 4.869165
0.700000, 1.700000, 5.180875
0.750000, 1.700000, 5.489844
0.800000, 1.700000, 5.799708
0.850000, 1.700000, 6.116886
0.900000, 1.700000, 6.446421
0.950000, 1.700000, 6.788635
1.000000, 1.700000, 7.138644
1.050000, 1.700000, 7.489014
1.100000, 1.700000, 7.833952
1.150000, 1.700000, 8.172497
1.200000, 1.700000, 8.508744
1.250000, 1.700000, 8.849000
1.300000, 1.700000, 9.197576
1.350000, 1.700000, 9.553797
1.400000, 1.700000, 9.912037
1.450000, 1.700000, 10.264766
1.500000, 1.700000, 10.606760
1.550000, 1.700000, 10.937908
1.600000, 1.700000, 11.262925
1.650000, 1.700000, 11.588129
1.700000, 1.700000, 11.917262
1.750000, 1.700000, 12.248887
1.800000, 1.700000, 12.576953
1.850000, 1.700000, 12.894183
1.900000, 1.700000, 13.196221
1.950000, 1.700000, 13.484036
2.000000, 1.700000, 13.763095
0.000000, 1.750000, 1.375250
0.050000, 1.750000, 1.593725
0.100000, 1.750000, 1.826113
0.150000, 1.750000, 2.075044
0.200000, 1.750000, 2.337101
0.250000, 1.750000, 2.605091
0.300000, 1.750000, 2.872714
0.350000, 1.750000, 3.138628
0.400000, 1.750000, 3.407293
0.450000, 1.750000, 3.686061
0.500000, 1.750000, 3.980379
0.550000, 1.750000, 4.290179
0.600000, 1.750000, 4.609788
0.650000, 1.750000, 4.931404
0.700000, 1.750000, 5.249919
0.750000, 1.750000, 5.565977
0.800000, 1.750000, 5.885315
0.850000, 1.750000, 6.214813
0.900000, 1.750000, 6.557778
0.950000, 1.750000, 6.911515
1.000000, 1.750000, 7.268721
1.050000, 1.750000, 7.621840
1.100000, 1.750000, 7.967549
1.150000, 1.750000, 8.308527
1.200000, 1.750000, 8.651351
1.250000, 1.750000, 9.001882
1.300000, 1.750000, 9.361108
1.350000, 1.750000, 9.724113
1.400000, 1.750000, 10.082841
1.450000, 1.750000, 10.430878
1.500000, 1.750000, 10.767183
1.550000, 1.750000, 11.096379
1.600000, 1.750000, 11.425411
1.650000, 1.750000, 11.758726
1.700000, 1.750000, 12.095073
1.750000, 1.750000, 12.427977
1.800000, 1.750000, 12.749590
1.850000, 1.750000, 13.055442
1.900000, 1.750000, 13.347048
1.950000, 1.750000, 13.630686
2.000000, 1.750000, 13.913151
0.000000, 1.800000, 1.330325
0.050000, 1.800000, 1.560143
0.100000, 1.800000, 1.804572
0.150000, 1.800000, 2.066128
0.200000, 1.800000, 2.340634
0.250000, 1.800000, 2.620107
0.300000, 1.800000, 2.898177
0.350000, 1.800000, 3.174388
0.400000, 1.800000, 3.454461
0.450000, 1.800000, 3.746333
0.500000, 1.800000, 4.054673
0.550000, 1.800000, 4.377572
0.600000, 1.800000, 4.707663
0.650000, 1.800000, 5.036908
0.700000, 1.800000, 5.361809
0.750000, 1.800000, 5.685522
0.800000, 1.800000, 6.015435
0.850000, 1.800000, 6.357853
0.900000, 1.800000, 6.713407
0.950000, 1.800000, 7.076271
1.000000, 1.800000, 7.437750
1.050000, 1.800000, 7.791788
1.100000, 1.800000, 8.138677
1.150000, 1.800000, 8.484461
1.200000, 1.800000, 8.836428
1.250000, 1.800000, 9.197761
1.300000, 1.800000, 9.564966
1.350000, 1.800000, 9.929817
1.400000, 1.800000, 10.284520
1.450000, 1.800000, 10.626576
1.500000, 1.800000, 10.960081
1.550000, 1.800000, 11.292551
1.600000, 1.800000, 11.629461
1.650000, 1.800000, 11.970166
1.700000, 1.800000, 12.307996
1.750000, 1.800000, 12.634445
1.800000, 1.800000, 12.944630
1.850000, 1.800000, 13.240312
1.900000, 1.800000, 13.528451
1.950000, 1.800000, 13.816256
2.000000, 1.800000, 14.106104
0.000000, 1.850000, 1.335743
0.050000, 1.850000, 1.577079
0.100000, 1.850000, 1.833697
0.150000, 1.850000, 2.107959
0.200000, 1.850000, 2.394866
0.250000, 1.850000, 2.685649
0.300000, 1.850000, 2.974002
0.350000, 1.850000, 3.260527
0.400000, 1.850000, 3.552222
0.450000, 1.850000, 3.857373
0.500000, 1.850000, 4.179489
0.550000, 1.850000, 4.514623
0.600000, 1.850000, 4.853967
0.650000, 1.850000, 5.189890
0.700000, 1.850000, 5.521111
0.750000, 1.850000, 5.853310
0.800000, 1.850000, 6.194756
0.850000, 1.850000, 6.550067
0.900000, 1.850000, 6.916550
0.950000, 1.850000, 7.285736
1.000000, 1.850000, 7.649023
1.050000, 1.850000, 8.003395
1.100000, 1.850000, 8.353149
1.150000, 1.850000, 8.706401
1.200000, 1.850000, 9.068861
1.250000, 1.850000, 9.439321
1.300000, 1.850000, 9.810079
1.350000, 1.850000, 10.171992
1.400000, 1.850000, 10.520567
1.450000, 1.850000, 10.858741
1.500000, 1.850000, 11.194374
1.550000, 1.850000, 11.534247
1.600000, 1.850000, 11.878842
1.650000, 1.850000, 12.221634
1.700000, 1.850000, 12.553400
1.750000, 1.850000, 12.868473
1.800000, 1.850000, 13.168487
1.850000, 1.850000, 13.460940
1.900000, 1.850000, 13.753603
1.950000, 1.850000, 14.048769
2.000000, 1.850000, 14.341430
0.000000, 1.900000, 1.395416
0.050000, 1.900000, 1.648396
0.100000, 1.900000, 1.917302
0.150000, 1.900000, 2.204299
0.200000, 1.900000, 2.503502
0.250000, 1.900000, 2.805377
0.300000, 1.900000, 3.103828
0.350000, 1.900000, 3.400679
0.400000, 1.900000, 3.704183
0.450000, 1.900000, 4.022676
0.500000, 1.900000, 4.358136
0.550000, 1.900000, 4.704476
0.600000, 1.900000, 5.051851
0.650000, 1.900000, 5.393749
0.700000, 1.900000, 5.731558
0.750000, 1.900000, 6.073191
0.800000, 1.900000, 6.426787
0.850000, 1.900000, 6.794228
0.900000, 1.900000, 7.169326
0.950000, 1.900000, 7.542040
1.000000, 1.900000, 7.905568
1.050000, 1.900000, 8.261001
1.100000, 1.900000, 8.616049
1.150000, 1.900000, 8.978806
1.200000, 1.900000, 9.351220
1.250000, 1.900000, 9.727170
1.300000, 1.900000, 10.096596
1.350000, 1.900000, 10.452585
1.400000, 1.900000, 10.796107
1.450000, 1.900000, 11.134856
1.500000, 1.900000, 11.477063
1.550000, 1.900000, 11.824922
1.600000, 1.900000, 12.172566
1.650000, 1.900000, 12.510098
1.700000, 1.900000, 12.830672
1.750000, 1.900000, 13.135312
1.800000, 1.900000, 13.431859
1.850000, 1.900000, 13.728837
1.900000, 1.900000, 14.028842
1.950000, 1.900000, 14.326401
2.000000, 1.900000, 14.611919
0.000000, 1.950000, 1.512203
0.050000, 1.950000, 1.776907
0.100000, 1.950000, 2.058151
0.150000, 1.950000, 2.357859
0.200000, 1.950000, 2.669198
0.250000, 1.950000, 2.981902
0.300000, 1.950000, 3.290250
0.350000, 1.950000, 3.597436
0.400000, 1.950000, 3.912893
0.450000, 1.950000, 4.244666
0.500000, 1.950000, 4.592851
0.550000, 1.950000, 4.949247
0.600000, 1.950000, 5.303511
0.650000, 1.950000, 5.650962
0.700000, 1.950000, 5.995910
0.750000, 1.950000, 6.347882
0.800000, 1.950000, 6.713726
0.850000, 1.950000, 7.091801
0.900000, 1.950000, 7.472825
0.950000, 1.950000, 7.846723
1.000000, 1.950000, 8.210084
1.050000, 1.950000, 8.568368
1.100000, 1.950000, 8.931130
1.150000, 1.950000, 9.304015
1.200000, 1.950000, 9.683837
1.250000, 1.950000, 10.060599
1.300000, 1.950000, 10.424882
1.350000, 1.950000, 10.774790
1.400000, 1.950000, 11.116980
1.450000, 1.950000, 11.460991
1.500000, 1.950000, 11.811314
1.550000, 1.950000, 12.163456
1.600000, 1.950000, 12.507095
1.650000, 1.950000, 12.833844
1.700000, 1.950000, 13.143518
1.750000, 1.950000, 13.443982
1.800000, 1.950000, 13.744696
1.850000, 1.950000, 14.049034
1.900000, 1.950000, 14.351433
1.950000, 1.950000, 14.641597
2.000000, 1.950000, 14.912470
0.000000, 2.000000, 1.687851
0.050000, 2.000000, 1.964309
0.100000, 2.000000, 2.257891
0.150000, 2.000000, 2.570233
0.200000, 2.000000, 2.893494
0.250000, 2.000000, 3.216724
0.300000, 2.000000, 3.534751
0.350000, 2.000000, 3.852274
0.400000, 2.000000, 4.179775
0.450000, 2.000000, 4.524629
0.500000, 2.000000, 4.884744
0.550000, 2.000000, 5.249971
0.600000, 2.000000, 5.610125
0.650000, 2.000000, 5.963011
0.700000, 2.000000, 6.315832
0.750000, 2.000000, 6.678831
0.800000, 2.000000, 7.056398
0.850000, 2.000000, 7.442994
0.900000, 2.000000, 7.827236
0.950000, 2.000000, 8.200792
1.000000, 2.000000, 8.564755
1.050000, 2.000000, 8.928229
1.100000, 2.000000, 9.300321
1.150000, 2.000000, 9.682122
1.200000, 2.000000, 10.065301
1.250000, 2.000000, 10.438474
1.300000, 2.000000, 10.796103
1.350000, 2.000000, 11.142578
1.400000, 2.000000, 11.488141
1.450000, 2.000000, 11.839996
1.500000, 2.000000, 12.195948
1.550000, 2.000000, 12.545812
1.600000, 2.000000, 12.879438
1.650000, 2.000000, 13.194734
1.700000, 2.000000, 13.499076
1.750000, 2.000000, 13.802946
1.800000, 2.000000, 14.111043
1.850000, 2.000000, 14.418194
1.900000, 2.000000, 14.713450
1.950000, 2.000000, 14.988970
2.000000, 2.000000, 15.246389
