0.000000, 0.000000, 1.167801
0.050000, 0.000000, 0.521191
0.100000, 0.000000, 0.041870
0.150000, 0.000000, -0.172097
0.200000, 0.000000, -0.074391
0.250000, 0.000000, 0.318746
0.300000, 0.000000, 0.931100
0.350000, 0.000000, 1.641974
0.400000, 0.000000, 2.311246
0.450000, 0.000000, 2.808629
0.500000, 0.000000, 3.040793
0.550000, 0.000000, 2.970543
0.600000, 0.000000, 2.623907
0.650000, 0.000000, 2.083660
0.700000, 0.000000, 1.470742
0.750000, 0.000000, 0.917637
0.800000, 0.000000, 0.539551
0.850000, 0.000000, 0.409642
0.900000, 0.000000, 0.543712
0.950000, 0.000000, 0.897635
1.000000, 0.000000, 1.378055
1.050000, 0.000000, 1.863951
1.100000, 0.000000, 2.234302
1.150000, 0.000000, 2.395751
1.200000, 0.000000, 2.304173
1.250000, 0.000000, 1.975370
1.300000, 0.000000, 1.482500
1.350000, 0.000000, 0.940768
1.400000, 0.000000, 0.482660
1.450000, 0.000000, 0.229113
1.500000, 0.000000, 0.262905
1.550000, 0.000000, 0.610063
1.600000, 0.000000, 1.233390
1.650000, 0.000000, 2.039560
1.700000, 0.000000, 2.898282
1.750000, 0.000000, 3.669437
1.800000, 0.000000, 4.232326
1.850000, 0.000000, 4.510735
1.900000, 0.000000, 4.488424
1.950000, 0.000000, 4.211711
2.000000, 0.000000, 3.778660
0.000000, 0.050000, 1.007476
0.050000, 0.050000, 0.427477
0.100000, 0.050000, 0.011999
0.150000, 0.050000, -0.142576
0.200000, 0.050000, 0.008634
0.250000, 0.050000, 0.448272
0.300000, 0.050000, 1.099394
0.350000, 0.050000, 1.840992
0.400000, 0.050000, 2.533078
0.450000, 0.050000, 3.045922
0.500000, 0.050000, 3.287160
0.550000, 0.050000, 3.220901
0.600000, 0.050000, 2.874750
0.650000, 0.050000, 2.333247
0.700000, 0.050000, 1.719178
0.750000, 0.050000, 1.166861
0.800000, 0.050000, 0.793210
0.850000, 0.050000, 0.672884
0.900000, 0.050000, 0.822881
0.950000, 0.050000, 1.199911
1.000000, 0.050000, 1.711040
1.050000, 0.050000, 2.235232
1.100000, 0.050000, 2.651014
1.150000, 0.050000, 2.864168
1.200000, 0.050000, 2.829341
1.250000, 0.050000, 2.560807
1.300000, 0.050000, 2.129986
1.350000, 0.050000, 1.650221
1.400000, 0.050000, 1.252122
1.450000, 0.050000, 1.054837
1.500000, 0.050000, 1.139535
1.550000, 0.050000, 1.530910
1.600000, 0.050000, 2.190776
1.650000, 0.050000, 3.025216
1.700000, 0.050000, 3.903783
1.750000, 0.050000, 4.686638
1.800000, 0.050000, 5.253786
1.850000, 0.050000, 5.530103
1.900000, 0.050000, 5.500757
1.950000, 0.050000, 5.213722
2.000000, 0.050000, 4.768872
0.000000, 0.100000, 0.725933
0.050000, 0.100000, 0.209777
0.100000, 0.100000, -0.146389
0.150000, 0.100000, -0.247717
0.200000, 0.100000, -0.050536
0.250000, 0.100000, 0.426971
0.300000, 0.100000, 1.107458
0.350000, 0.100000, 1.869955
0.400000, 0.100000, 2.574943
0.450000, 0.100000, 3.093567
0.500000, 0.100000, 3.334679
0.550000, 0.100000, 3.263883
0.600000, 0.100000, 2.910465
0.650000, 0.100000, 2.360731
0.700000, 0.100000, 1.739224
0.750000, 0.100000, 1.181899
0.800000, 0.100000, 0.807099
0.850000, 0.100000, 0.690615
0.900000, 0.100000, 0.850219
0.950000, 0.100000, 1.242982
1.000000, 0.100000, 1.775904
1.050000, 0.100000, 2.327447
1.100000, 0.100000, 2.775231
1.150000, 0.100000, 3.023770
1.200000, 0.100000, 3.026149
1.250000, 0.100000, 2.794872
1.300000, 0.100000, 2.399473
1.350000, 0.100000, 1.951399
1.400000, 0.100000, 1.579453
1.450000, 0.100000, 1.401168
1.500000, 0.100000, 1.496375
1.550000, 0.100000, 1.888779
1.600000, 0.100000, 2.539612
1.650000, 0.100000, 3.354813
1.700000, 0.100000, 4.204231
1.750000, 0.100000, 4.948756
1.800000, 0.100000, 5.469510
1.850000, 0.100000, 5.692814
1.900000, 0.100000, 5.605533
1.950000, 0.100000, 5.257493
2.000000, 0.100000, 4.750477
0.000000, 0.150000, 0.375160
0.050000, 0.150000, -0.081604
0.100000, 0.150000, -0.384524
0.150000, 0.150000, -0.440152
0.200000, 0.150000, -0.205835
0.250000, 0.150000, 0.299657
0.300000, 0.150000, 0.998839
0.350000, 0.150000, 1.771040
0.400000, 0.150000, 2.477451
0.450000, 0.150000, 2.990286
0.500000, 0.150000, 3.219749
0.550000, 0.150000, 3.132999
0.600000, 0.150000, 2.760977
0.650000, 0.150000, 2.191650
0.700000, 0.150000, 1.551117
0.750000, 0.150000, 0.976698
0.800000, 0.150000, 0.587826
0.850000, 0.150000, 0.461036
0.900000, 0.150000, 0.614456
0.950000, 0.150000, 1.005105
1.000000, 0.150000, 1.539514
1.050000, 0.150000, 2.095293
1.100000, 0.150000, 2.548868
1.150000, 0.150000, 2.803285
1.200000, 0.150000, 2.809976
1.250000, 0.150000, 2.579694
1.300000, 0.150000, 2.180231
1.350000, 0.150000, 1.721403
1.400000, 0.150000, 1.330589
1.450000, 0.150000, 1.124194
1.500000, 0.150000, 1.181287
1.550000, 0.150000, 1.525233
1.600000, 0.150000, 2.117375
1.650000, 0.150000, 2.864220
1.700000, 0.150000, 3.636627
1.750000, 0.150000, 4.296894
1.800000, 0.150000, 4.727890
1.850000, 0.150000, 4.857938
1.900000, 0.150000, 4.676071
1.950000, 0.150000, 4.234342
2.000000, 0.150000, 3.636718
0.000000, 0.200000, 0.028609
0.050000, 0.200000, -0.374651
0.100000, 0.200000, -0.631599
0.150000, 0.200000, -0.650092
0.200000, 0.200000, -0.388341
0.250000, 0.200000, 0.134477
0.300000, 0.200000, 0.840927
0.350000, 0.200000, 1.610825
0.400000, 0.200000, 2.306231
0.450000, 0.200000, 2.800542
0.500000, 0.200000, 3.005384
0.550000, 0.200000, 2.889474
0.600000, 0.200000, 2.485357
0.650000, 0.200000, 1.882541
0.700000, 0.200000, 1.208521
0.750000, 0.200000, 0.601779
0.800000, 0.200000, 0.182613
0.850000, 0.200000, 0.028081
0.900000, 0.200000, 0.156467
0.950000, 0.200000, 0.524575
1.000000, 0.200000, 1.038377
1.050000, 0.200000, 1.574626
1.100000, 0.200000, 2.008651
1.150000, 0.200000, 2.242248
1.200000, 0.200000, 2.225530
1.250000, 0.200000, 1.967966
1.300000, 0.200000, 1.536196
1.350000, 0.200000, 1.039101
1.400000, 0.200000, 0.603435
1.450000, 0.200000, 0.345344
1.500000, 0.200000, 0.344058
1.550000, 0.200000, 0.623547
1.600000, 0.200000, 1.146199
1.650000, 0.200000, 1.819984
1.700000, 0.200000, 2.517600
1.750000, 0.200000, 3.103485
1.800000, 0.200000, 3.462866
1.850000, 0.200000, 3.526541
1.900000, 0.200000, 3.286029
1.950000, 0.200000, 2.795771
2.000000, 0.200000, 2.161911
0.000000, 0.250000, -0.235531
0.050000, 0.250000, -0.592290
0.100000, 0.250000, -0.811369
0.150000, 0.250000, -0.801877
0.200000, 0.250000, -0.522800
0.250000, 0.250000, 0.006393
0.300000, 0.250000, 0.708451
0.350000, 0.250000, 1.463801
0.400000, 0.250000, 2.135490
0.450000, 0.250000, 2.598203
0.500000, 0.250000, 2.765060
0.550000, 0.250000, 2.606393
0.600000, 0.250000, 2.156380
0.650000, 0.250000, 1.506093
0.700000, 0.250000, 0.784438
0.750000, 0.250000, 0.131088
0.800000, 0.250000, -0.332739
0.850000, 0.250000, -0.529363
0.900000, 0.250000, -0.440189
0.950000, 0.250000, -0.108393
1.000000, 0.250000, 0.371755
1.050000, 0.250000, 0.876559
1.100000, 0.250000, 1.280759
1.150000, 0.250000, 1.485503
1.200000, 0.250000, 1.440274
1.250000, 0.250000, 1.154018
1.300000, 0.250000, 0.693031
1.350000, 0.250000, 0.166104
1.400000, 0.250000, -0.299800
1.450000, 0.250000, -0.587989
1.500000, 0.250000, -0.618342
1.550000, 0.250000, -0.365661
1.600000, 0.250000, 0.133974
1.650000, 0.250000, 0.790311
1.700000, 0.250000, 1.477997
1.750000, 0.250000, 2.063497
1.800000, 0.250000, 2.434047
1.850000, 0.250000, 2.522323
1.900000, 0.250000, 2.321481
1.950000, 0.250000, 1.887261
2.000000, 0.250000, 1.326671
0.000000, 0.300000, -0.352334
0.050000, 0.300000, -0.670326
0.100000, 0.300000, -0.860039
0.150000, 0.300000, -0.831853
0.200000, 0.300000, -0.545507
0.250000, 0.300000, -0.020706
0.300000, 0.300000, 0.665560
0.350000, 0.300000, 1.394443
0.400000, 0.300000, 2.030113
0.450000, 0.300000, 2.448693
0.500000, 0.300000, 2.564985
0.550000, 0.300000, 2.351140
0.600000, 0.300000, 1.843208
0.650000, 0.300000, 1.134095
0.700000, 0.300000, 0.354432
0.750000, 0.300000, -0.354561
0.800000, 0.300000, -0.870341
0.850000, 0.300000, -1.114154
0.900000, 0.300000, -1.066589
0.950000, 0.300000, -0.770260
1.000000, 0.300000, -0.319094
1.050000, 0.300000, 0.163365
1.100000, 0.300000, 0.551880
1.150000, 0.300000, 0.747538
1.200000, 0.300000, 0.699740
1.250000, 0.300000, 0.417381
1.300000, 0.300000, -0.033217
1.350000, 0.300000, -0.543126
1.400000, 0.300000, -0.985114
1.450000, 0.300000, -1.242089
1.500000, 0.300000, -1.233407
1.550000, 0.300000, -0.933266
1.600000, 0.300000, -0.377102
1.650000, 0.300000, 0.345452
1.700000, 0.300000, 1.109560
1.750000, 0.300000, 1.782032
1.800000, 0.300000, 2.250189
1.850000, 0.300000, 2.446461
1.900000, 0.300000, 2.363362
1.950000, 0.300000, 2.055539
2.000000, 0.300000, 1.628432
0.000000, 0.350000, -0.285413
0.050000, 0.350000, -0.572680
0.100000, 0.350000, -0.741495
0.150000, 0.350000, -0.703604
0.200000, 0.350000, -0.419562
0.250000, 0.350000, 0.090691
0.300000, 0.350000, 0.750491
0.350000, 0.350000, 1.441849
0.400000, 0.350000, 2.030269
0.450000, 0.350000, 2.393614
0.500000, 0.350000, 2.448740
0.550000, 0.350000, 2.170073
0.600000, 0.350000, 1.596057
0.650000, 0.350000, 0.822023
0.700000, 0.350000, -0.019044
0.750000, 0.350000, -0.783716
0.800000, 0.350000, -1.347456
0.850000, 0.350000, -1.629786
0.900000, 0.350000, -1.609876
0.950000, 0.350000, -1.329249
1.000000, 0.350000, -0.881077
1.050000, 0.350000, -0.388474
1.100000, 0.350000, 0.023441
1.150000, 0.350000, 0.255585
1.200000, 0.350000, 0.256936
1.250000, 0.350000, 0.035741
1.300000, 0.350000, -0.342521
1.350000, 0.350000, -0.769934
1.400000, 0.350000, -1.120423
1.450000, 0.350000, -1.278184
1.500000, 0.350000, -1.163986
1.550000, 0.350000, -0.753557
1.600000, 0.350000, -0.083989
1.650000, 0.350000, 0.753301
1.700000, 0.350000, 1.631565
1.750000, 0.350000, 2.415563
1.800000, 0.350000, 2.990435
1.850000, 0.350000, 3.286314
1.900000, 0.350000, 3.293318
1.950000, 0.350000, 3.063641
2.000000, 0.350000, 2.700259
0.000000, 0.400000, -0.036102
0.050000, 0.400000, -0.300556
0.100000, 0.400000, -0.456468
0.150000, 0.400000, -0.417154
0.200000, 0.400000, -0.144118
0.250000, 0.400000, 0.342419
0.300000, 0.400000, 0.966199
0.350000, 0.400000, 1.610307
0.400000, 0.400000, 2.141948
0.450000, 0.400000, 2.441232
0.500000, 0.400000, 2.427709
0.550000, 0.400000, 2.078833
0.600000, 0.400000, 1.436277
0.650000, 0.400000, 0.598660
0.700000, 0.400000, -0.297821
0.750000, 0.400000, -1.106741
0.800000, 0.400000, -1.700902
0.850000, 0.400000, -1.997618
0.900000, 0.400000, -1.974391
0.950000, 0.400000, -1.671688
1.000000, 0.400000, -1.182284
1.050000, 0.400000, -0.629581
1.100000, 0.400000, -0.139666
1.150000, 0.400000, 0.186755
1.200000, 0.400000, 0.296429
1.250000, 0.400000, 0.194827
1.300000, 0.400000, -0.055803
1.350000, 0.400000, -0.351136
1.400000, 0.400000, -0.568942
1.450000, 0.400000, -0.597400
1.500000, 0.400000, -0.361276
1.550000, 0.400000, 0.159799
1.600000, 0.400000, 0.925054
1.650000, 0.400000, 1.839721
1.700000, 0.400000, 2.774131
1.750000, 0.400000, 3.590654
1.800000, 0.400000, 4.172648
1.850000, 0.400000, 4.449141
1.900000, 0.400000, 4.409874
1.950000, 0.400000, 4.107433
2.000000, 0.400000, 3.645962
0.000000, 0.450000, 0.355545
0.050000, 0.450000, 0.106554
0.100000, 0.450000, -0.043579
0.150000, 0.450000, -0.010054
0.200000, 0.450000, 0.244458
0.250000, 0.450000, 0.699396
0.300000, 0.450000, 1.279044
0.350000, 0.450000, 1.867918
0.400000, 0.450000, 2.335497
0.450000, 0.450000, 2.564918
0.500000, 0.450000, 2.479370
0.550000, 0.450000, 2.060378
0.600000, 0.450000, 1.353913
0.650000, 0.450000, 0.462889
0.700000, 0.450000, -0.472440
0.750000, 0.450000, -1.302061
0.800000, 0.450000, -1.895874
0.850000, 0.450000, -2.169162
0.900000, 0.450000, -2.098422
0.950000, 0.450000, -1.724241
1.000000, 0.450000, -1.140694
1.050000, 0.450000, -0.473657
1.100000, 0.450000, 0.147201
1.150000, 0.450000, 0.616600
1.200000, 0.450000, 0.875893
1.250000, 0.450000, 0.924556
1.300000, 0.450000, 0.818492
1.350000, 0.450000, 0.655612
1.400000, 0.450000, 0.551948
1.450000, 0.450000, 0.613643
1.500000, 0.450000, 0.911036
1.550000, 0.450000, 1.460649
1.600000, 0.450000, 2.219114
1.650000, 0.450000, 3.090488
1.700000, 0.450000, 3.945448
1.750000, 0.450000, 4.648278
1.800000, 0.450000, 5.085787
1.850000, 0.450000, 5.191898
1.900000, 0.450000, 4.962536
1.950000, 0.450000, 4.457529
2.000000, 0.450000, 3.789059
0.000000, 0.500000, 0.818214
0.050000, 0.500000, 0.578296
0.100000, 0.500000, 0.428038
0.150000, 0.500000, 0.449914
0.200000, 0.500000, 0.679805
0.250000, 0.500000, 1.096758
0.300000, 0.500000, 1.625841
0.350000, 0.500000, 2.153549
0.400000, 0.500000, 2.552479
0.450000, 0.500000, 2.709875
0.500000, 0.500000, 2.553791
0.550000, 0.500000, 2.071081
0.600000, 0.500000, 1.313159
0.650000, 0.500000, 0.388124
0.700000, 0.500000, -0.559228
0.750000, 0.500000, -1.375337
0.800000, 0.500000, -1.927869
0.850000, 0.500000, -2.131431
0.900000, 0.500000, -1.963558
0.950000, 0.500000, -1.467648
1.000000, 0.500000, -0.742308
1.050000, 0.500000, 0.080499
1.100000, 0.500000, 0.863728
1.150000, 0.500000, 1.493804
1.200000, 0.500000, 1.903298
1.250000, 0.500000, 2.082917
1.300000, 0.500000, 2.080319
1.350000, 0.500000, 1.986210
1.400000, 0.500000, 1.910934
1.450000, 0.500000, 1.956870
1.500000, 0.500000, 2.192838
1.550000, 0.500000, 2.636288
1.600000, 0.500000, 3.247298
1.650000, 0.500000, 3.935814
1.700000, 0.500000, 4.580644
1.750000, 0.500000, 5.056081
1.800000, 0.500000, 5.260363
1.850000, 0.500000, 5.139687
1.900000, 0.500000, 4.702461
1.950000, 0.500000, 4.020525
2.000000, 0.500000, 3.216930
0.000000, 0.550000, 1.263701
0.050000, 0.550000, 1.027773
0.100000, 0.550000, 0.872978
0.150000, 0.550000, 0.878900
0.200000, 0.550000, 1.079632
0.250000, 0.550000, 1.453829
0.300000, 0.550000, 1.927733
0.350000, 0.550000, 2.390618
0.400000, 0.550000, 2.719340
0.450000, 0.550000, 2.806620
0.500000, 0.550000, 2.586818
0.550000, 0.550000, 2.053427
0.600000, 0.550000, 1.264274
0.650000, 0.550000, 0.333071
0.700000, 0.550000, -0.591130
0.750000, 0.550000, -1.352346
0.800000, 0.550000, -1.818021
0.850000, 0.550000, -1.904949
0.900000, 0.550000, -1.595299
0.950000, 0.550000, -0.939399
1.000000, 0.550000, -0.044740
1.050000, 0.550000, 0.946387
1.100000, 0.550000, 1.885819
1.150000, 0.550000, 2.648823
1.200000, 0.550000, 3.157579
1.250000, 0.550000, 3.393961
1.300000, 0.550000, 3.399086
1.350000, 0.550000, 3.260010
1.400000, 0.550000, 3.086760
1.450000, 0.550000, 2.984948
1.500000, 0.550000, 3.030162
1.550000, 0.550000, 3.249895
1.600000, 0.550000, 3.617032
1.650000, 0.550000, 4.056380
1.700000, 0.550000, 4.462753
1.750000, 0.550000, 4.726590
1.800000, 0.550000, 4.761334
1.850000, 0.550000, 4.526394
1.900000, 0.550000, 4.040422
1.950000, 0.550000, 3.381727
2.000000, 0.550000, 2.675462
0.000000, 0.600000, 1.605125
0.050000, 0.600000, 1.369683
0.100000, 0.600000, 1.207620
0.150000, 0.600000, 1.194939
0.200000, 0.600000, 1.363575
0.250000, 0.600000, 1.691876
0.300000, 0.600000, 2.107860
0.350000, 0.600000, 2.504662
0.400000, 0.600000, 2.764844
0.450000, 0.600000, 2.788215
0.500000, 0.600000, 2.516956
0.550000, 0.600000, 1.952334
0.600000, 0.600000, 1.159068
0.650000, 0.600000, 0.256061
0.700000, 0.600000, -0.604843
0.750000, 0.600000, -1.267797
0.800000, 0.600000, -1.603594
0.850000, 0.600000, -1.535580
0.900000, 0.600000, -1.055386
0.950000, 0.600000, -0.225106
1.000000, 0.600000, 0.834540
1.050000, 0.600000, 1.967614
1.100000, 0.600000, 3.013035
1.150000, 0.600000, 3.835047
1.200000, 0.600000, 4.347776
1.250000, 0.600000, 4.528901
1.300000, 0.600000, 4.419810
1.350000, 0.600000, 4.112579
1.400000, 0.600000, 3.726885
1.450000, 0.600000, 3.382120
1.500000, 0.600000, 3.170916
1.550000, 0.600000, 3.139874
1.600000, 0.600000, 3.281646
1.650000, 0.600000, 3.539911
1.700000, 0.600000, 3.825923
1.750000, 0.600000, 4.042697
1.800000, 0.600000, 4.111216
1.850000, 0.600000, 3.992558
1.900000, 0.600000, 3.700780
1.950000, 0.600000, 3.303411
2.000000, 0.600000, 2.909218
0.000000, 0.650000, 1.775064
0.050000, 0.650000, 1.538366
0.100000, 0.650000, 1.368072
0.150000, 0.650000, 1.335797
0.200000, 0.650000, 1.470945
0.250000, 0.650000, 1.751774
0.300000, 0.650000, 2.108934
0.350000, 0.650000, 2.440815
0.400000, 0.650000, 2.637413
0.450000, 0.650000, 2.607377
0.500000, 0.650000, 2.302107
0.550000, 0.650000, 1.731317
0.600000, 0.650000, 0.966247
0.650000, 0.650000, 0.129367
0.700000, 0.650000, -0.627627
0.750000, 0.650000, -1.153156
0.800000, 0.650000, -1.326361
0.850000, 0.650000, -1.082535
0.900000, 0.650000, -0.427919
0.950000, 0.650000, 0.559385
1.000000, 0.650000, 1.742795
1.050000, 0.650000, 2.952274
1.100000, 0.650000, 4.015969
1.150000, 0.650000, 4.792009
1.200000, 0.650000, 5.194015
1.250000, 0.650000, 5.205214
1.300000, 0.650000, 4.878481
1.350000, 0.650000, 4.322598
1.400000, 0.650000, 3.677904
1.450000, 0.650000, 3.086686
1.500000, 0.650000, 2.664673
1.550000, 0.650000, 2.479612
1.600000, 0.650000, 2.541258
1.650000, 0.650000, 2.804561
1.700000, 0.650000, 3.184870
1.750000, 0.650000, 3.581401
1.800000, 0.650000, 3.903433
1.850000, 0.650000, 4.093163
1.900000, 0.650000, 4.140012
1.950000, 0.650000, 4.083148
2.000000, 0.650000, 4.001686
0.000000, 0.700000, 1.739712
0.050000, 0.700000, 1.501863
0.100000, 0.700000, 1.324130
0.150000, 0.700000, 1.272830
0.200000, 0.700000, 1.374490
0.250000, 0.700000, 1.607685
0.300000, 0.700000, 1.906837
0.350000, 0.700000, 2.177313
0.400000, 0.700000, 2.318497
0.450000, 0.700000, 2.249613
0.500000, 0.700000, 1.932320
0.550000, 0.700000, 1.384682
0.600000, 0.700000, 0.682909
0.650000, 0.700000, -0.050061
0.700000, 0.700000, -0.667194
0.750000, 0.700000, -1.026688
0.800000, 0.700000, -1.021910
0.850000, 0.700000, -0.605514
0.900000, 0.700000, 0.197554
0.950000, 0.700000, 1.291282
1.000000, 0.700000, 2.524145
1.050000, 0.700000, 3.716146
1.100000, 0.700000, 4.692006
1.150000, 0.700000, 5.313864
1.200000, 0.700000, 5.506881
1.250000, 0.700000, 5.272597
1.300000, 0.700000, 4.687382
1.350000, 0.700000, 3.886427
1.400000, 0.700000, 3.036666
1.450000, 0.700000, 2.304262
1.500000, 0.700000, 1.823343
1.550000, 0.700000, 1.672286
1.600000, 0.700000, 1.862164
1.650000, 0.700000, 2.339324
1.700000, 0.700000, 3.001062
1.750000, 0.700000, 3.720605
1.800000, 0.700000, 4.375758
1.850000, 0.700000, 4.874904
1.900000, 0.700000, 5.174849
1.950000, 0.700000, 5.286879
2.000000, 0.700000, 5.270135
0.000000, 0.750000, 1.505993
0.050000, 0.750000, 1.268931
0.100000, 0.750000, 1.086191
0.150000, 0.750000, 1.017797
0.200000, 0.750000, 1.087134
0.250000, 0.750000, 1.273720
0.300000, 0.750000, 1.517229
0.350000, 0.750000, 1.732027
0.400000, 0.750000, 1.828963
0.450000, 0.750000, 1.739378
0.500000, 0.750000, 1.435598
0.550000, 0.750000, 0.942851
0.600000, 0.750000, 0.339340
0.650000, 0.750000, -0.256204
0.700000, 0.750000, -0.707303
0.750000, 0.750000, -0.888262
0.800000, 0.750000, -0.712416
0.850000, 0.750000, -0.153843
0.900000, 0.750000, 0.742466
0.950000, 0.750000, 1.864693
1.000000, 0.750000, 3.052272
1.050000, 0.750000, 4.124706
1.100000, 0.750000, 4.915524
1.150000, 0.750000, 5.304554
1.200000, 0.750000, 5.241887
1.250000, 0.750000, 4.758537
1.300000, 0.750000, 3.961438
1.350000, 0.750000, 3.013622
1.400000, 0.750000, 2.103459
1.450000, 0.750000, 1.409093
1.500000, 0.750000, 1.065154
1.550000, 0.750000, 1.138399
1.600000, 0.750000, 1.617003
1.650000, 0.750000, 2.415471
1.700000, 0.750000, 3.393876
1.750000, 0.750000, 4.387245
1.800000, 0.750000, 5.238922
1.850000, 0.750000, 5.831028
1.900000, 0.750000, 6.105906
1.950000, 0.750000, 6.074458
2.000000, 0.750000, 5.810117
0.000000, 0.800000, 1.120107
0.050000, 0.800000, 0.887481
0.100000, 0.800000, 0.703591
0.150000, 0.800000, 0.621125
0.200000, 0.800000, 0.660168
0.250000, 0.800000, 0.802093
0.300000, 0.800000, 0.993649
0.350000, 0.800000, 1.160487
0.400000, 0.800000, 1.227002
0.450000, 0.800000, 1.137765
0.500000, 0.800000, 0.875265
0.550000, 0.800000, 0.469376
0.600000, 0.800000, -0.004256
0.650000, 0.800000, -0.437210
0.700000, 0.800000, -0.710324
0.750000, 0.800000, -0.720216
0.800000, 0.800000, -0.404470
0.850000, 0.800000, 0.240301
0.900000, 0.800000, 1.151992
0.950000, 0.800000, 2.210256
1.000000, 0.800000, 3.256665
1.050000, 0.800000, 4.124127
1.100000, 0.800000, 4.669757
1.150000, 0.800000, 4.804444
1.200000, 0.800000, 4.512808
1.250000, 0.800000, 3.859061
1.300000, 0.800000, 2.977099
1.350000, 0.800000, 2.046408
1.400000, 0.800000, 1.258321
1.450000, 0.800000, 0.779279
1.500000, 0.800000, 0.718451
1.550000, 0.800000, 1.106313
1.600000, 0.800000, 1.888627
1.650000, 0.800000, 2.937130
1.700000, 0.800000, 4.074891
1.750000, 0.800000, 5.111273
1.800000, 0.800000, 5.879487
1.850000, 0.800000, 6.269207
1.900000, 0.800000, 6.247714
1.950000, 0.800000, 5.865432
2.000000, 0.800000, 5.244887
0.000000, 0.850000, 0.657805
0.050000, 0.850000, 0.434761
0.100000, 0.850000, 0.254714
0.150000, 0.850000, 0.161941
0.200000, 0.850000, 0.173243
0.250000, 0.850000, 0.273076
0.300000, 0.850000, 0.417443
0.350000, 0.850000, 0.545764
0.400000, 0.850000, 0.597892
0.450000, 0.850000, 0.532083
0.500000, 0.850000, 0.339310
0.550000, 0.850000, 0.050055
0.600000, 0.850000, -0.268636
0.650000, 0.850000, -0.525777
0.700000, 0.850000, -0.626322
0.750000, 0.850000, -0.494037
0.800000, 0.850000, -0.092092
0.850000, 0.850000, 0.563612
0.900000, 0.850000, 1.402026
0.950000, 0.850000, 2.306760
1.000000, 0.850000, 3.136747
1.050000, 0.850000, 3.753878
1.100000, 0.850000, 4.051956
1.150000, 0.850000, 3.980748
1.200000, 0.850000, 3.559670
1.250000, 0.850000, 2.877644
1.300000, 0.850000, 2.078497
1.350000, 0.850000, 1.334340
1.400000, 0.850000, 0.812033
1.450000, 0.850000, 0.639482
1.500000, 0.850000, 0.878793
1.550000, 0.850000, 1.512096
1.600000, 0.850000, 2.443339
1.650000, 0.850000, 3.516149
1.700000, 0.850000, 4.544470
1.750000, 0.850000, 5.349969
1.800000, 0.850000, 5.798664
1.850000, 0.850000, 5.829223
1.900000, 0.850000, 5.466970
1.950000, 0.850000, 4.820461
2.000000, 0.850000, 4.061050
0.000000, 0.900000, 0.208512
0.050000, 0.900000, 0.001396
0.100000, 0.900000, -0.169044
0.150000, 0.900000, -0.268000
0.200000, 0.900000, -0.281733
0.250000, 0.900000, -0.221112
0.300000, 0.900000, -0.118355
0.350000, 0.900000, -0.017689
0.400000, 0.900000, 0.037757
0.450000, 0.900000, 0.019462
0.500000, 0.900000, -0.076179
0.550000, 0.900000, -0.223657
0.600000, 0.900000, -0.371804
0.650000, 0.900000, -0.454523
0.700000, 0.900000, -0.406615
0.750000, 0.900000, -0.181090
0.800000, 0.900000, 0.236237
0.850000, 0.900000, 0.818665
0.900000, 0.900000, 1.499547
0.950000, 0.900000, 2.182741
1.000000, 0.900000, 2.760870
1.050000, 0.900000, 3.137747
1.100000, 0.900000, 3.250142
1.150000, 0.900000, 3.083907
1.200000, 0.900000, 2.680482
1.250000, 0.900000, 2.131737
1.300000, 0.900000, 1.563605
1.350000, 0.900000, 1.111476
1.400000, 0.900000, 0.892314
1.450000, 0.900000, 0.979379
1.500000, 0.900000, 1.385189
1.550000, 0.900000, 2.056752
1.600000, 0.900000, 2.884649
1.650000, 0.900000, 3.724563
1.700000, 0.900000, 4.427125
1.750000, 0.900000, 4.869981
1.800000, 0.900000, 4.985267
1.850000, 0.900000, 4.776436
1.900000, 0.900000, 4.320434
1.950000, 0.900000, 3.754227
2.000000, 0.900000, 3.247987
0.000000, 0.950000, -0.143287
0.050000, 0.950000, -0.327296
0.100000, 0.950000, -0.482003
0.150000, 0.950000, -0.583073
0.200000, 0.950000, -0.619348
0.250000, 0.950000, -0.595038
0.300000, 0.950000, -0.527748
0.350000, 0.950000, -0.442784
0.400000, 0.950000, -0.365261
0.450000, 0.950000, -0.312079
0.500000, 0.950000, -0.285991
0.550000, 0.950000, -0.273479
0.600000, 0.950000, -0.247246
0.650000, 0.950000, -0.172940
0.700000, 0.950000, -0.018610
0.750000, 0.950000, 0.235415
0.800000, 0.950000, 0.588778
0.850000, 0.950000, 1.017676
0.900000, 0.950000, 1.477019
0.950000, 0.950000, 1.908112
1.000000, 0.950000, 2.250462
1.050000, 0.950000, 2.455173
1.100000, 0.950000, 2.496892
1.150000, 0.950000, 2.381364
1.200000, 0.950000, 2.146541
1.250000, 0.950000, 1.856552
1.300000, 0.950000, 1.589474
1.350000, 0.950000, 1.421322
1.400000, 0.950000, 1.409692
1.450000, 0.950000, 1.580730
1.500000, 0.950000, 1.922550
1.550000, 0.950000, 2.386879
1.600000, 0.950000, 2.898951
1.650000, 0.950000, 3.373776
1.700000, 0.950000, 3.735387
1.750000, 0.950000, 3.934843
1.800000, 0.950000, 3.962861
1.850000, 0.950000, 3.853957
1.900000, 0.950000, 3.680793
1.950000, 0.950000, 3.539516
2.000000, 0.950000, 3.528983
0.000000, 1.000000, -0.335393
0.050000, 1.000000, -0.488693
0.100000, 1.000000, -0.621608
0.150000, 1.000000, -0.721191
0.200000, 1.000000, -0.778071
0.250000, 1.000000, -0.787416
0.300000, 1.000000, -0.749108
0.350000, 1.000000, -0.667138
0.400000, 1.000000, -0.548384
0.450000, 1.000000, -0.401059
0.500000, 1.000000, -0.233178
0.550000, 1.000000, -0.051346
0.600000, 1.000000, 0.139873
0.650000, 1.000000, 0.337943
0.700000, 1.000000, 0.541727
0.750000, 1.000000, 0.750468
0.800000, 1.000000, 0.962661
0.850000, 1.000000, 1.175137
0.900000, 1.000000, 1.382621
0.950000, 1.000000, 1.577936
1.000000, 1.000000, 1.752845
1.050000, 1.000000, 1.899400
1.100000, 1.000000, 2.011524
1.150000, 1.000000, 2.086484
1.200000, 1.000000, 2.125940
1.250000, 1.000000, 2.136296
1.300000, 1.000000, 2.128260
1.350000, 1.000000, 2.115634
1.400000, 1.000000, 2.113554
1.450000, 1.000000, 2.136484
1.500000, 1.000000, 2.196329
1.550000, 1.000000, 2.301017
1.600000, 1.000000, 2.453789
1.650000, 1.000000, 2.653290
1.700000, 1.000000, 2.894408
1.750000, 1.000000, 3.169642
1.800000, 1.000000, 3.470683
1.850000, 1.000000, 3.789878
1.900000, 1.000000, 4.121262
1.950000, 1.000000, 4.460984
2.000000, 1.000000, 4.807066
0.000000, 1.050000, -0.340232
0.050000, 1.050000, -0.455236
0.100000, 1.050000, -0.560799
0.150000, 1.050000, -0.656147
0.200000, 1.050000, -0.732557
0.250000, 1.050000, -0.773347
0.300000, 1.050000, -0.757384
0.350000, 1.050000, -0.665270
0.400000, 1.050000, -0.486415
0.450000, 1.050000, -0.224756
0.500000, 1.050000, 0.098895
0.550000, 1.050000, 0.449046
0.600000, 1.050000, 0.782213
0.650000, 1.050000, 1.056687
0.700000, 1.050000, 1.242993
0.750000, 1.050000, 1.332167
0.800000, 1.050000, 1.339388
0.850000, 1.050000, 1.301533
0.900000, 1.050000, 1.268764
0.950000, 1.050000, 1.291913
1.000000, 1.050000, 1.408665
1.050000, 1.050000, 1.632145
1.100000, 1.050000, 1.945116
1.150000, 1.050000, 2.301800
1.200000, 1.050000, 2.637473
1.250000, 1.050000, 2.883952
1.300000, 1.050000, 2.987465
1.350000, 1.050000, 2.924473
1.400000, 1.050000, 2.711262
1.450000, 1.050000, 2.404365
1.500000, 1.050000, 2.091019
1.550000, 1.050000, 1.871276
1.600000, 1.050000, 1.835588
1.650000, 1.050000, 2.043047
1.700000, 1.050000, 2.505614
1.750000, 1.050000, 3.182512
1.800000, 1.050000, 3.986712
1.850000, 1.050000, 4.802622
1.900000, 1.050000, 5.511299
1.950000, 1.050000, 6.017533
2.000000, 1.050000, 6.272417
0.000000, 1.100000, -0.169582
0.050000, 1.100000, -0.239155
0.100000, 1.100000, -0.312716
0.150000, 1.100000, -0.402272
0.200000, 1.100000, -0.498233
0.250000, 1.100000, -0.568847
0.300000, 1.100000, -0.568568
0.350000, 1.100000, -0.453055
0.400000, 1.100000, -0.196201
0.450000, 1.100000, 0.196401
0.500000, 1.100000, 0.682424
0.550000, 1.100000, 1.188778
0.600000, 1.100000, 1.627933
0.650000, 1.100000, 1.920682
0.700000, 1.100000, 2.019153
0.750000, 1.100000, 1.923286
0.800000, 1.100000, 1.685318
0.850000, 1.100000, 1.399910
0.900000, 1.100000, 1.181458
0.950000, 1.100000, 1.133931
1.000000, 1.100000, 1.321089
1.050000, 1.100000, 1.745415
1.100000, 1.100000, 2.342266
1.150000, 1.100000, 2.992001
1.200000, 1.100000, 3.548116
1.250000, 1.100000, 3.874909
1.300000, 1.100000, 3.885181
1.350000, 1.100000, 3.567901
1.400000, 1.100000, 2.997779
1.450000, 1.100000, 2.323047
1.500000, 1.100000, 1.733296
1.550000, 1.100000, 1.414534
1.600000, 1.100000, 1.502391
1.650000, 1.100000, 2.045424
1.700000, 1.100000, 2.988436
1.750000, 1.100000, 4.181054
1.800000, 1.100000, 5.410514
1.850000, 1.100000, 6.451382
1.900000, 1.100000, 7.120316
1.950000, 1.100000, 7.322220
2.000000, 1.100000, 7.075862
0.000000, 1.150000, 0.129278
0.050000, 1.150000, 0.111410
0.100000, 1.150000, 0.073234
0.150000, 1.150000, -0.010444
0.200000, 1.150000, -0.127225
0.250000, 1.150000, -0.226693
0.300000, 1.150000, -0.235501
0.350000, 1.150000, -0.083501
0.400000, 1.150000, 0.267631
0.450000, 1.150000, 0.803210
0.500000, 1.150000, 1.449910
0.550000, 1.150000, 2.089192
0.600000, 1.150000, 2.587356
0.650000, 1.150000, 2.834132
0.700000, 1.150000, 2.778421
0.750000, 1.150000, 2.449726
0.800000, 1.150000, 1.957415
0.850000, 1.150000, 1.466113
0.900000, 1.150000, 1.152633
0.950000, 1.150000, 1.155813
1.000000, 1.150000, 1.533460
1.050000, 1.150000, 2.239510
1.100000, 1.150000, 3.129411
1.150000, 1.150000, 3.994054
1.200000, 1.150000, 4.614387
1.250000, 1.150000, 4.822480
1.300000, 1.150000, 4.552200
1.350000, 1.150000, 3.864714
1.400000, 1.150000, 2.940387
1.450000, 1.150000, 2.037602
1.500000, 1.150000, 1.428257
1.550000, 1.150000, 1.326523
1.600000, 1.150000, 1.829951
1.650000, 1.150000, 2.889323
1.700000, 1.150000, 4.316353
1.750000, 1.150000, 5.828341
1.800000, 1.150000, 7.118877
1.850000, 1.150000, 7.936361
1.900000, 1.150000, 8.149628
1.950000, 1.150000, 7.782996
2.000000, 1.150000, 7.010950
0.000000, 1.200000, 0.485087
0.050000, 1.200000, 0.523970
0.100000, 1.200000, 0.523000
0.150000, 1.200000, 0.443634
0.200000, 1.200000, 0.303444
0.250000, 1.200000, 0.175465
0.300000, 1.200000, 0.164089
0.350000, 1.200000, 0.365238
0.400000, 1.200000, 0.824691
0.450000, 1.200000, 1.509890
0.500000, 1.200000, 2.306791
0.550000, 1.200000, 3.045335
0.600000, 1.200000, 3.547472
0.650000, 1.200000, 3.683526
0.700000, 1.200000, 3.418826
0.750000, 1.200000, 2.834445
0.800000, 1.200000, 2.113167
0.850000, 1.200000, 1.492422
0.900000, 1.200000, 1.196596
0.950000, 1.200000, 1.368377
1.000000, 1.200000, 2.020302
1.050000, 1.200000, 3.022570
1.100000, 1.200000, 4.132914
1.150000, 1.200000, 5.061774
1.200000, 1.200000, 5.554996
1.250000, 1.200000, 5.470260
1.300000, 1.200000, 4.824357
1.350000, 1.200000, 3.796282
1.400000, 1.200000, 2.683654
1.450000, 1.200000, 1.823656
1.500000, 1.200000, 1.500343
1.550000, 1.200000, 1.864638
1.600000, 1.200000, 2.890154
1.650000, 1.200000, 4.377966
1.700000, 1.200000, 6.009512
1.750000, 1.200000, 7.432957
1.800000, 1.200000, 8.358703
1.850000, 1.200000, 8.637090
1.900000, 1.200000, 8.296500
1.950000, 1.200000, 7.531529
2.000000, 1.200000, 6.645226
0.000000, 1.250000, 0.819219
0.050000, 1.250000, 0.918371
0.100000, 1.250000, 0.954658
0.150000, 1.250000, 0.876286
0.200000, 1.250000, 0.708815
0.250000, 1.250000, 0.552144
0.300000, 1.250000, 0.544664
0.350000, 1.250000, 0.806977
0.400000, 1.250000, 1.386024
0.450000, 1.250000, 2.221488
0.500000, 1.250000, 3.149345
0.550000, 1.250000, 3.944652
0.600000, 1.250000, 4.391532
0.650000, 1.250000, 4.357659
0.700000, 1.250000, 3.847476
0.750000, 1.250000, 3.014031
0.800000, 1.250000, 2.122355
0.850000, 1.250000, 1.473331
0.900000, 1.250000, 1.310786
0.950000, 1.250000, 1.741323
1.000000, 1.250000, 2.693593
1.050000, 1.250000, 3.931984
1.100000, 1.250000, 5.122641
1.150000, 1.250000, 5.932802
1.200000, 1.250000, 6.133194
1.250000, 1.250000, 5.671468
1.300000, 1.250000, 4.693115
1.350000, 1.250000, 3.502442
1.400000, 1.250000, 2.474842
1.450000, 1.250000, 1.946946
1.500000, 1.250000, 2.118180
1.550000, 1.250000, 2.993707
1.600000, 1.250000, 4.385769
1.650000, 1.250000, 5.972191
1.700000, 1.250000, 7.393196
1.750000, 1.250000, 8.356229
1.800000, 1.250000, 8.716719
1.850000, 1.250000, 8.511126
1.900000, 1.250000, 7.934177
1.950000, 1.250000, 7.269887
2.000000, 1.250000, 6.800013
0.000000, 1.300000, 1.063691
0.050000, 1.300000, 1.224891
0.100000, 1.300000, 1.296600
0.150000, 1.300000, 1.214165
0.200000, 1.300000, 1.014386
0.250000, 1.300000, 0.828498
0.300000, 1.300000, 0.831408
0.350000, 1.300000, 1.166056
0.400000, 1.300000, 1.872736
0.450000, 1.300000, 2.852766
0.500000, 1.300000, 3.884088
0.550000, 1.300000, 4.687118
0.600000, 1.300000, 5.019782
0.650000, 1.300000, 4.768268
0.700000, 1.300000, 3.999603
0.750000, 1.300000, 2.954273
0.800000, 1.300000, 1.977734
0.850000, 1.300000, 1.411525
0.900000, 1.300000, 1.479995
0.950000, 1.300000, 2.211587
1.000000, 1.300000, 3.422898
1.050000, 1.300000, 4.772839
1.100000, 1.300000, 5.870255
1.150000, 1.300000, 6.399864
1.200000, 1.300000, 6.224633
1.250000, 1.300000, 5.430457
1.300000, 1.300000, 4.298357
1.350000, 1.300000, 3.213886
1.400000, 1.300000, 2.544405
1.450000, 1.300000, 2.525209
1.500000, 1.300000, 3.191702
1.550000, 1.300000, 4.378402
1.600000, 1.300000, 5.782441
1.650000, 1.300000, 7.067540
1.700000, 1.300000, 7.971726
1.750000, 1.300000, 8.382469
1.800000, 1.300000, 8.355907
1.850000, 1.300000, 8.077523
1.900000, 1.300000, 7.782290
1.950000, 1.300000, 7.665656
2.000000, 1.300000, 7.818185
0.000000, 1.350000, 1.176622
0.050000, 1.350000, 1.399790
0.100000, 1.350000, 1.503190
0.150000, 1.350000, 1.410000
0.200000, 1.350000, 1.171955
0.250000, 1.350000, 0.956235
0.300000, 1.350000, 0.976163
0.350000, 1.350000, 1.393308
0.400000, 1.350000, 2.232067
0.450000, 1.350000, 3.344549
0.500000, 1.350000, 4.444643
0.550000, 1.350000, 5.202706
0.600000, 1.350000, 5.367215
0.650000, 1.350000, 4.867049
0.700000, 1.350000, 3.853311
0.750000, 1.350000, 2.661120
0.800000, 1.350000, 1.701706
0.850000, 1.350000, 1.322032
0.900000, 1.350000, 1.682530
0.950000, 1.350000, 2.698098
1.000000, 1.350000, 4.064936
1.050000, 1.350000, 5.364510
1.100000, 1.350000, 6.207639
1.150000, 1.350000, 6.367041
1.200000, 1.350000, 5.851222
1.250000, 1.350000, 4.894447
1.300000, 1.350000, 3.868550
1.350000, 1.350000, 3.150567
1.400000, 1.350000, 2.995337
1.450000, 1.350000, 3.458583
1.500000, 1.350000, 4.395618
1.550000, 1.350000, 5.531560
1.600000, 1.350000, 6.572428
1.650000, 1.350000, 7.312583
1.700000, 1.350000, 7.697754
1.750000, 1.350000, 7.822394
1.800000, 1.350000, 7.867177
1.850000, 1.350000, 8.006210
1.900000, 1.350000, 8.324694
1.950000, 1.350000, 8.781971
2.000000, 1.350000, 9.234919
0.000000, 1.400000, 1.151713
0.050000, 1.400000, 1.434890
0.100000, 1.400000, 1.564443
0.150000, 1.400000, 1.452386
0.200000, 1.400000, 1.169488
0.250000, 1.400000, 0.923530
0.300000, 1.400000, 0.967373
0.350000, 1.400000, 1.476017
0.400000, 1.400000, 2.447459
0.450000, 1.400000, 3.674085
0.500000, 1.400000, 4.802566
0.550000, 1.400000, 5.462655
0.600000, 1.400000, 5.414720
0.650000, 1.400000, 4.655553
0.700000, 1.400000, 3.436749
0.750000, 1.400000, 2.184157
0.800000, 1.400000, 1.346818
0.850000, 1.400000, 1.232924
0.900000, 1.400000, 1.896567
0.950000, 1.400000, 3.119667
1.000000, 1.400000, 4.496055
1.050000, 1.400000, 5.584497
1.100000, 1.400000, 6.070715
1.150000, 1.400000, 5.875913
1.200000, 1.400000, 5.171792
1.250000, 1.400000, 4.300046
1.300000, 1.400000, 3.632268
1.350000, 1.400000, 3.428535
1.400000, 1.400000, 3.750946
1.450000, 1.400000, 4.463429
1.500000, 1.400000, 5.312142
1.550000, 1.400000, 6.047408
1.600000, 1.400000, 6.532336
1.650000, 1.400000, 6.791309
1.700000, 1.400000, 6.979506
1.750000, 1.400000, 7.290191
1.800000, 1.400000, 7.844222
1.850000, 1.400000, 8.614118
1.900000, 1.400000, 9.419651
1.950000, 1.400000, 9.999973
2.000000, 1.400000, 10.132538
0.000000, 1.450000, 1.019665
0.050000, 1.450000, 1.359104
0.100000, 1.450000, 1.507657
0.150000, 1.450000, 1.367489
0.200000, 1.450000, 1.032896
0.250000, 1.450000, 0.756840
0.300000, 1.450000, 0.831897
0.350000, 1.450000, 1.439755
0.400000, 1.450000, 2.540501
0.450000, 1.450000, 3.857278
0.500000, 1.450000, 4.970001
0.550000, 1.450000, 5.482342
0.600000, 1.450000, 5.191454
0.650000, 1.450000, 4.185834
0.700000, 1.450000, 2.825844
0.750000, 1.450000, 1.611289
0.800000, 1.450000, 0.989276
0.850000, 1.450000, 1.181872
0.900000, 1.450000, 2.105131
0.950000, 1.450000, 3.412204
1.000000, 1.450000, 4.640484
1.050000, 1.450000, 5.399100
1.100000, 1.450000, 5.517482
1.150000, 1.450000, 5.094627
1.200000, 1.450000, 4.433293
1.250000, 1.450000, 3.893649
1.300000, 1.450000, 3.734570
1.350000, 1.450000, 4.013281
1.400000, 1.450000, 4.584928
1.450000, 1.450000, 5.196624
1.500000, 1.450000, 5.627169
1.550000, 1.450000, 5.803662
1.600000, 1.450000, 5.838441
1.650000, 1.450000, 5.968390
1.700000, 1.450000, 6.425568
1.750000, 1.450000, 7.301781
1.800000, 1.450000, 8.474218
1.850000, 1.450000, 9.632357
1.900000, 1.450000, 10.399856
1.950000, 1.450000, 10.500280
2.000000, 1.450000, 9.892823
0.000000, 1.500000, 0.841243
0.050000, 1.500000, 1.231588
0.100000, 1.500000, 1.390650
0.150000, 1.500000, 1.212369
0.200000, 1.500000, 0.819397
0.250000, 1.500000, 0.514273
0.300000, 1.500000, 0.628365
0.350000, 1.500000, 1.341740
0.400000, 1.500000, 2.564410
0.450000, 1.500000, 3.942458
0.500000, 1.500000, 4.993755
0.550000, 1.500000, 5.315343
0.600000, 1.500000, 4.768036
0.650000, 1.500000, 3.551608
0.700000, 1.500000, 2.132711
0.750000, 1.500000, 1.055137
0.800000, 1.500000, 0.716233
0.850000, 1.500000, 1.208970
0.900000, 1.500000, 2.298727
0.950000, 1.500000, 3.541810
1.000000, 1.500000, 4.488115
1.050000, 1.500000, 4.873540
1.100000, 1.500000, 4.715517
1.150000, 1.500000, 4.273069
1.200000, 1.500000, 3.897767
1.250000, 1.500000, 3.852669
1.300000, 1.500000, 4.188849
1.350000, 1.500000, 4.738103
1.400000, 1.500000, 5.221427
1.450000, 1.500000, 5.414956
1.500000, 1.500000, 5.286419
1.550000, 1.500000, 5.029938
1.600000, 1.500000, 4.977742
1.650000, 1.500000, 5.429531
1.700000, 1.500000, 6.483215
1.750000, 1.500000, 7.953195
1.800000, 1.500000, 9.422490
1.850000, 1.500000, 10.411371
1.900000, 1.500000, 10.588238
1.950000, 1.500000, 9.925662
2.000000, 1.500000, 8.727445
0.000000, 1.550000, 0.693482
0.050000, 1.550000, 1.128043
0.100000, 1.550000, 1.288135
0.150000, 1.550000, 1.061395
0.200000, 1.550000, 0.603966
0.250000, 1.550000, 0.272036
0.300000, 1.550000, 0.433588
0.350000, 1.550000, 1.257250
0.400000, 1.550000, 2.590567
0.450000, 1.550000, 3.997151
0.500000, 1.550000, 4.942286
0.550000, 1.550000, 5.040156
0.600000, 1.550000, 4.242075
0.650000, 1.550000, 2.871627
0.700000, 1.550000, 1.486736
0.750000, 1.550000, 0.633462
0.800000, 1.550000, 0.609177
0.850000, 1.550000, 1.347353
0.900000, 1.550000, 2.475371
0.950000, 1.550000, 3.511220
1.000000, 1.550000, 4.097884
1.050000, 1.550000, 4.158878
1.100000, 1.550000, 3.901836
1.150000, 1.550000, 3.676415
1.200000, 1.550000, 3.767143
1.250000, 1.550000, 4.233277
1.300000, 1.550000, 4.880631
1.350000, 1.550000, 5.379125
1.400000, 1.550000, 5.461775
1.450000, 1.550000, 5.096529
1.500000, 1.550000, 4.535019
1.550000, 1.550000, 4.205745
1.600000, 1.550000, 4.500903
1.650000, 1.550000, 5.563838
1.700000, 1.550000, 7.187743
1.750000, 1.550000, 8.882921
1.800000, 1.550000, 10.086241
1.850000, 1.550000, 10.414440
1.900000, 1.550000, 9.839281
1.950000, 1.550000, 8.699626
2.000000, 1.550000, 7.544886
0.000000, 1.600000, 0.652093
0.050000, 1.600000, 1.123194
0.100000, 1.600000, 1.274253
0.150000, 1.600000, 0.988822
0.200000, 1.600000, 0.461902
0.250000, 1.600000, 0.106955
0.300000, 1.600000, 0.325036
0.350000, 1.600000, 1.262101
0.400000, 1.600000, 2.691106
0.450000, 1.600000, 4.090901
0.500000, 1.600000, 4.888580
0.550000, 1.600000, 4.742577
0.600000, 1.600000, 3.719131
0.650000, 1.600000, 2.268558
0.700000, 1.600000, 1.011898
0.750000, 1.600000, 0.447351
0.800000, 1.600000, 0.726775
0.850000, 1.600000, 1.613880
0.900000, 1.600000, 2.638552
0.950000, 1.600000, 3.358576
1.000000, 1.600000, 3.585940
1.050000, 1.600000, 3.458474
1.100000, 1.600000, 3.324978
1.150000, 1.600000, 3.515127
1.200000, 1.600000, 4.127943
1.250000, 1.600000, 4.960624
1.300000, 1.600000, 5.619954
1.350000, 1.600000, 5.755277
1.400000, 1.600000, 5.281987
1.450000, 1.600000, 4.466593
1.500000, 1.600000, 3.818107
1.550000, 1.600000, 3.836187
1.600000, 1.600000, 4.746690
1.650000, 1.600000, 6.365994
1.700000, 1.600000, 8.169999
1.750000, 1.600000, 9.536636
1.800000, 1.600000, 10.039181
1.850000, 1.600000, 9.640781
1.900000, 1.600000, 8.692734
1.950000, 1.600000, 7.742312
2.000000, 1.600000, 7.254948
0.000000, 1.650000, 0.773948
0.050000, 1.650000, 1.273320
0.100000, 1.650000, 1.405139
0.150000, 1.650000, 1.051352
0.200000, 1.650000, 0.451372
0.250000, 1.650000, 0.078977
0.300000, 1.650000, 0.363275
0.350000, 1.650000, 1.415077
0.400000, 1.650000, 2.921458
0.450000, 1.650000, 4.277960
0.500000, 1.650000, 4.892781
0.550000, 1.650000, 4.497610
0.600000, 1.650000, 3.293082
0.650000, 1.650000, 1.847546
0.700000, 1.650000, 0.804743
0.750000, 1.650000, 0.561504
0.800000, 1.650000, 1.090964
0.850000, 1.650000, 2.002376
0.900000, 1.650000, 2.794151
0.950000, 1.650000, 3.149087
1.000000, 1.650000, 3.101127
1.050000, 1.650000, 2.981618
1.100000, 1.650000, 3.183696
1.150000, 1.650000, 3.890185
1.200000, 1.650000, 4.931441
1.250000, 1.650000, 5.862731
1.300000, 1.650000, 6.220738
1.350000, 1.650000, 5.811118
1.400000, 1.650000, 4.856645
1.450000, 1.650000, 3.912227
1.500000, 1.650000, 3.585581
1.550000, 1.650000, 4.214808
1.600000, 1.650000, 5.681680
1.650000, 1.650000, 7.465748
1.700000, 1.650000, 8.910719
1.750000, 1.650000, 9.556822
1.800000, 1.650000, 9.357741
1.850000, 1.650000, 8.667707
1.900000, 1.650000, 8.014934
1.950000, 1.650000, 7.796887
2.000000, 1.650000, 8.073195
0.000000, 1.700000, 1.083502
0.050000, 1.700000, 1.602719
0.100000, 1.700000, 1.705389
0.150000, 1.700000, 1.274591
0.200000, 1.700000, 0.599820
0.250000, 1.700000, 0.217494
0.300000, 1.700000, 0.578215
0.350000, 1.700000, 1.744173
0.400000, 1.700000, 3.306700
0.450000, 1.700000, 4.583752
0.500000, 1.700000, 4.988443
0.550000, 1.700000, 4.354815
0.600000, 1.700000, 3.029925
0.650000, 1.700000, 1.678686
0.700000, 1.700000, 0.917312
0.750000, 1.700000, 0.990741
0.800000, 1.700000, 1.679556
0.850000, 1.700000, 2.481528
0.900000, 1.700000, 2.947545
0.950000, 1.700000, 2.961529
1.000000, 1.700000, 2.793077
1.050000, 1.700000, 2.895018
1.100000, 1.700000, 3.577540
1.150000, 1.700000, 4.768046
1.200000, 1.700000, 6.013818
1.250000, 1.700000, 6.734568
1.300000, 1.700000, 6.575756
1.350000, 1.700000, 5.647120
1.400000, 1.700000, 4.495674
1.450000, 1.700000, 3.820237
1.500000, 1.700000, 4.090097
1.550000, 1.700000, 5.289544
1.600000, 1.700000, 6.936516
1.650000, 1.700000, 8.361550
1.700000, 1.700000, 9.080146
1.750000, 1.700000, 9.039454
1.800000, 1.700000, 8.599709
1.850000, 1.700000, 8.272871
1.900000, 1.700000, 8.386960
1.950000, 1.700000, 8.885954
2.000000, 1.700000, 9.387655
0.000000, 1.750000, 1.566196
0.050000, 1.750000, 2.097112
0.100000, 1.750000, 2.161452
0.150000, 1.750000, 1.646397
0.200000, 1.750000, 0.897244
0.250000, 1.750000, 0.514533
0.300000, 1.750000, 0.962226
0.350000, 1.750000, 2.239710
0.400000, 1.750000, 3.834762
0.450000, 1.750000, 4.998121
0.500000, 1.750000, 5.175419
0.550000, 1.750000, 4.330191
0.600000, 1.750000, 2.958238
0.650000, 1.750000, 1.786756
0.700000, 1.750000, 1.348395
0.750000, 1.750000, 1.695649
0.800000, 1.750000, 2.427476
0.850000, 1.750000, 2.998566
0.900000, 1.750000, 3.101940
0.950000, 1.750000, 2.872524
1.000000, 1.750000, 2.779849
1.050000, 1.750000, 3.283454
1.100000, 1.750000, 4.481697
1.150000, 1.750000, 5.991574
1.200000, 1.750000, 7.148802
1.250000, 1.750000, 7.409139
1.300000, 1.750000, 6.698038
1.350000, 1.750000, 5.483299
1.400000, 1.750000, 4.517897
1.450000, 1.750000, 4.407988
1.500000, 1.750000, 5.271616
1.550000, 1.750000, 6.696261
1.600000, 1.750000, 8.014692
1.650000, 1.750000, 8.719193
1.700000, 1.750000, 8.750993
1.750000, 1.750000, 8.486943
1.800000, 1.750000, 8.443287
1.850000, 1.750000, 8.898941
1.900000, 1.750000, 9.690583
1.950000, 1.750000, 10.317398
2.000000, 1.750000, 10.288912
0.000000, 1.800000, 2.170336
0.050000, 1.800000, 2.705511
0.100000, 1.800000, 2.723458
0.150000, 1.800000, 2.118644
0.200000, 1.800000, 1.297876
0.250000, 1.800000, 0.926334
0.300000, 1.800000, 1.471634
0.350000, 1.800000, 2.855833
0.400000, 1.800000, 4.458007
0.450000, 1.800000, 5.476881
0.500000, 1.800000, 5.420952
0.550000, 1.800000, 4.406186
0.600000, 1.800000, 3.068008
0.650000, 1.800000, 2.150040
0.700000, 1.800000, 2.044798
0.750000, 1.800000, 2.588577
0.800000, 1.800000, 3.236942
0.850000, 1.800000, 3.488512
0.900000, 1.800000, 3.258477
0.950000, 1.800000, 2.941793
1.000000, 1.800000, 3.122142
1.050000, 1.800000, 4.128905
1.100000, 1.800000, 5.752407
1.150000, 1.800000, 7.323361
1.200000, 1.800000, 8.115799
1.250000, 1.800000, 7.810880
1.300000, 1.800000, 6.712727
1.350000, 1.800000, 5.569333
1.400000, 1.800000, 5.113180
1.450000, 1.800000, 5.621676
1.500000, 1.800000, 6.782162
1.550000, 1.800000, 7.940832
1.600000, 1.800000, 8.558488
1.650000, 1.800000, 8.561363
1.700000, 1.800000, 8.352499
1.750000, 1.800000, 8.484538
1.800000, 1.800000, 9.227717
1.850000, 1.800000, 10.338771
1.900000, 1.800000, 11.198383
1.950000, 1.800000, 11.230770
2.000000, 1.800000, 10.321953
0.000000, 1.850000, 2.817117
0.050000, 1.850000, 3.350199
0.100000, 1.850000, 3.315133
0.150000, 1.850000, 2.617063
0.200000, 1.850000, 1.729923
0.250000, 1.850000, 1.382981
0.300000, 1.850000, 2.036277
0.350000, 1.850000, 3.520082
0.400000, 1.850000, 5.102871
0.450000, 1.850000, 5.951363
0.500000, 1.850000, 5.668647
0.550000, 1.850000, 4.539618
0.600000, 1.850000, 3.317722
0.650000, 1.850000, 2.708141
0.700000, 1.850000, 2.912316
0.750000, 1.850000, 3.549054
0.800000, 1.850000, 3.995033
0.850000, 1.850000, 3.887443
0.900000, 1.850000, 3.418018
0.950000, 1.850000, 3.201261
1.000000, 1.850000, 3.809708
1.050000, 1.850000, 5.313186
1.100000, 1.850000, 7.161647
1.150000, 1.850000, 8.509215
1.200000, 1.850000, 8.762557
1.250000, 1.850000, 7.973658
1.300000, 1.850000, 6.802714
1.350000, 1.850000, 6.076737
1.400000, 1.850000, 6.251446
1.450000, 1.850000, 7.148187
1.500000, 1.850000, 8.139414
1.550000, 1.850000, 8.637402
1.600000, 1.850000, 8.528459
1.650000, 1.850000, 8.239700
1.700000, 1.850000, 8.394032
1.750000, 1.850000, 9.308563
1.800000, 1.850000, 10.707142
1.850000, 1.850000, 11.866064
1.900000, 1.850000, 12.100965
1.950000, 1.850000, 11.254916
2.000000, 1.850000, 9.840477
0.000000, 1.900000, 3.416672
0.050000, 1.900000, 3.942719
0.100000, 1.900000, 3.849717
0.150000, 1.900000, 3.057062
0.200000, 1.900000, 2.111277
0.250000, 1.900000, 1.804006
0.300000, 1.900000, 2.575044
0.350000, 1.900000, 4.148953
0.400000, 1.900000, 5.685471
0.450000, 1.900000, 6.343867
0.500000, 1.900000, 5.853287
0.550000, 1.900000, 4.675512
0.600000, 1.900000, 3.647809
0.650000, 1.900000, 3.376856
0.700000, 1.900000, 3.834126
0.750000, 1.900000, 4.445798
0.800000, 1.900000, 4.595406
0.850000, 1.900000, 4.147056
0.900000, 1.900000, 3.583882
0.950000, 1.900000, 3.649963
1.000000, 1.900000, 4.762958
1.050000, 1.900000, 6.643730
1.100000, 1.900000, 8.452447
1.150000, 1.900000, 9.344349
1.200000, 1.900000, 9.043833
1.250000, 1.900000, 8.018575
1.300000, 1.900000, 7.129347
1.350000, 1.900000, 7.017087
1.400000, 1.900000, 7.678846
1.450000, 1.900000, 8.537552
1.500000, 1.900000, 8.938147
1.550000, 1.900000, 8.684109
1.600000, 1.900000, 8.202278
1.650000, 1.900000, 8.208793
1.700000, 1.900000, 9.129987
1.750000, 1.900000, 10.722072
1.800000, 1.900000, 12.188621
1.850000, 1.900000, 12.722832
1.900000, 1.900000, 12.080931
1.950000, 1.900000, 10.764672
2.000000, 1.900000, 9.677047
0.000000, 1.950000, 3.886712
0.050000, 1.950000, 4.402438
0.100000, 1.950000, 4.248431
0.150000, 1.950000, 3.362086
0.200000, 1.950000, 2.367772
0.250000, 1.950000, 2.116539
0.300000, 1.950000, 3.013975
0.350000, 1.950000, 4.666030
0.400000, 1.950000, 6.129782
0.450000, 1.950000, 6.585614
0.500000, 1.950000, 5.918105
0.550000, 1.950000, 4.763570
0.600000, 1.950000, 3.997194
0.650000, 1.950000, 4.066745
0.700000, 1.950000, 4.692911
0.750000, 1.950000, 5.161104
0.800000, 1.950000, 4.959877
0.850000, 1.950000, 4.247300
0.900000, 1.950000, 3.764428
0.950000, 1.950000, 4.255439
1.000000, 1.950000, 5.849433
1.050000, 1.950000, 7.896717
1.100000, 1.950000, 9.401104
1.150000, 1.950000, 9.724471
1.200000, 1.950000, 9.025616
1.250000, 1.950000, 8.101040
1.300000, 1.950000, 7.759467
1.350000, 1.950000, 8.221118
1.400000, 1.950000, 9.005921
1.450000, 1.950000, 9.384730
1.500000, 1.950000, 9.022325
1.550000, 1.950000, 8.291208
1.600000, 1.950000, 7.998610
1.650000, 1.950000, 8.737500
1.700000, 1.950000, 10.375735
1.750000, 1.950000, 12.095640
1.800000, 1.950000, 12.967761
1.850000, 1.950000, 12.623536
1.900000, 1.950000, 11.511426
1.950000, 1.950000, 10.543296
2.000000, 1.950000, 10.410235
0.000000, 2.000000, 4.169745
0.050000, 2.000000, 4.673672
0.100000, 2.000000, 4.457499
0.150000, 2.000000, 3.480547
0.200000, 2.000000, 2.449996
0.250000, 2.000000, 2.272034
0.300000, 2.000000, 3.302951
0.350000, 2.000000, 5.018731
0.400000, 2.000000, 6.384395
0.450000, 2.000000, 6.633228
0.500000, 2.000000, 5.830594
0.550000, 2.000000, 4.773389
0.600000, 2.000000, 4.319085
0.650000, 2.000000, 4.701367
0.700000, 2.000000, 5.392251
0.750000, 2.000000, 5.612847
0.800000, 2.000000, 5.055416
0.850000, 2.000000, 4.203973
0.900000, 2.000000, 3.974273
0.950000, 2.000000, 4.960990
1.000000, 2.000000, 6.911600
1.050000, 2.000000, 8.867685
1.100000, 2.000000, 9.870830
1.150000, 2.000000, 9.668509
1.200000, 2.000000, 8.855397
1.250000, 2.000000, 8.347249
1.300000, 2.000000, 8.628080
1.350000, 2.000000, 9.390150
1.400000, 2.000000, 9.854570
1.450000, 2.000000, 9.493356
1.500000, 2.000000, 8.540193
1.550000, 2.000000, 7.852552
1.600000, 2.000000, 8.227330
1.650000, 2.000000, 9.729891
1.700000, 2.000000, 11.593520
1.750000, 2.000000, 12.783238
1.800000, 2.000000, 12.775028
1.850000, 2.000000, 11.925181
1.900000, 2.000000, 11.139885
1.950000, 2.000000, 11.126319
2.000000, 2.000000, 11.843805
