0.000000, 0.000000, -1.020591
0.050000, 0.000000, -1.027672
0.100000, 0.000000, -0.972880
0.150000, 0.000000, -0.828212
0.200000, 0.000000, -0.595548
0.250000, 0.000000, -0.306553
0.300000, 0.000000, -0.011389
0.350000, 0.000000, 0.239476
0.400000, 0.000000, 0.413481
0.450000, 0.000000, 0.507304
0.500000, 0.000000, 0.547048
0.550000, 0.000000, 0.577261
0.600000, 0.000000, 0.643055
0.650000, 0.000000, 0.772189
0.700000, 0.000000, 0.964003
0.750000, 0.000000, 1.189453
0.800000, 0.000000, 1.402250
0.850000, 0.000000, 1.556838
0.900000, 0.000000, 1.626342
0.950000, 0.000000, 1.613575
1.000000, 0.000000, 1.550893
1.050000, 0.000000, 1.488866
1.100000, 0.000000, 1.478067
1.150000, 0.000000, 1.550848
1.200000, 0.000000, 1.710027
1.250000, 0.000000, 1.928725
1.300000, 0.000000, 2.161388
1.350000, 0.000000, 2.361726
1.400000, 0.000000, 2.500696
1.450000, 0.000000, 2.577637
1.500000, 0.000000, 2.620309
1.550000, 0.000000, 2.673822
1.600000, 0.000000, 2.782727
1.650000, 0.000000, 2.973125
1.700000, 0.000000, 3.241694
1.750000, 0.000000, 3.555874
1.800000, 0.000000, 3.865197
1.850000, 0.000000, 4.119499
1.900000, 0.000000, 4.287117
1.950000, 0.000000, 4.366170
2.000000, 0.000000, 4.384662
0.000000, 0.050000, -0.933031
0.050000, 0.050000, -0.952519
0.100000, 0.050000, -0.911293
0.150000, 0.050000, -0.782044
0.200000, 0.050000, -0.567246
0.250000, 0.050000, -0.299016
0.300000, 0.050000, -0.027809
0.350000, 0.050000, 0.195796
0.400000, 0.050000, 0.339314
0.450000, 0.050000, 0.399684
0.500000, 0.050000, 0.403436
0.550000, 0.050000, 0.395696
0.600000, 0.050000, 0.422267
0.650000, 0.050000, 0.511679
0.700000, 0.050000, 0.664078
0.750000, 0.050000, 0.851219
0.800000, 0.050000, 1.027560
0.850000, 0.050000, 1.148206
0.900000, 0.050000, 1.186807
0.950000, 0.050000, 1.146553
1.000000, 0.050000, 1.059996
1.050000, 0.050000, 0.977720
1.100000, 0.050000, 0.950123
1.150000, 0.050000, 1.009209
1.200000, 0.050000, 1.157288
1.250000, 0.050000, 1.366850
1.300000, 0.050000, 1.591618
1.350000, 0.050000, 1.784526
1.400000, 0.050000, 1.915748
1.450000, 0.050000, 1.983878
1.500000, 0.050000, 2.016006
1.550000, 0.050000, 2.056692
1.600000, 0.050000, 2.150079
1.650000, 0.050000, 2.322032
1.700000, 0.050000, 2.569179
1.750000, 0.050000, 2.859091
1.800000, 0.050000, 3.141616
1.850000, 0.050000, 3.367067
1.900000, 0.050000, 3.504394
1.950000, 0.050000, 3.552435
2.000000, 0.050000, 3.539976
0.000000, 0.100000, -0.805860
0.050000, 0.100000, -0.838913
0.100000, 0.100000, -0.813039
0.150000, 0.100000, -0.701438
0.200000, 0.100000, -0.506959
0.250000, 0.100000, -0.261928
0.300000, 0.100000, -0.016833
0.350000, 0.100000, 0.177902
0.400000, 0.100000, 0.290129
0.450000, 0.100000, 0.317289
0.500000, 0.100000, 0.286565
0.550000, 0.100000, 0.243843
0.600000, 0.100000, 0.235769
0.650000, 0.100000, 0.291745
0.700000, 0.100000, 0.412781
0.750000, 0.100000, 0.571443
0.800000, 0.100000, 0.722904
0.850000, 0.100000, 0.822853
0.900000, 0.100000, 0.845369
0.950000, 0.100000, 0.793887
1.000000, 0.100000, 0.701018
1.050000, 0.100000, 0.617213
1.100000, 0.100000, 0.592559
1.150000, 0.100000, 0.658589
1.200000, 0.100000, 0.817011
1.250000, 0.100000, 1.039615
1.300000, 0.100000, 1.279370
1.350000, 0.100000, 1.488447
1.400000, 0.100000, 1.636284
1.450000, 0.100000, 1.720816
1.500000, 0.100000, 1.768583
1.550000, 0.100000, 1.823739
1.600000, 0.100000, 1.930185
1.650000, 0.100000, 2.113724
1.700000, 0.100000, 2.371100
1.750000, 0.100000, 2.670182
1.800000, 0.100000, 2.961268
1.850000, 0.100000, 3.195257
1.900000, 0.100000, 3.341784
1.950000, 0.100000, 3.400429
2.000000, 0.100000, 3.400742
0.000000, 0.150000, -0.641386
0.050000, 0.150000, -0.689859
0.100000, 0.150000, -0.681633
0.150000, 0.150000, -0.590120
0.200000, 0.150000, -0.418220
0.250000, 0.150000, -0.198136
0.300000, 0.150000, 0.019951
0.350000, 0.150000, 0.186095
0.400000, 0.150000, 0.268791
0.450000, 0.150000, 0.266258
0.500000, 0.150000, 0.206558
0.550000, 0.150000, 0.136527
0.600000, 0.150000, 0.103776
0.650000, 0.150000, 0.138655
0.700000, 0.150000, 0.243050
0.750000, 0.150000, 0.390297
0.800000, 0.150000, 0.536192
0.850000, 0.150000, 0.636872
0.900000, 0.150000, 0.666669
0.950000, 0.150000, 0.629065
1.000000, 0.150000, 0.556509
1.050000, 0.150000, 0.499097
1.100000, 0.150000, 0.506380
1.150000, 0.150000, 0.609209
1.200000, 0.150000, 0.808495
1.250000, 0.150000, 1.075161
1.300000, 0.150000, 1.361280
1.350000, 0.150000, 1.618141
1.400000, 0.150000, 1.814360
1.450000, 0.150000, 1.947146
1.500000, 0.150000, 2.042440
1.550000, 0.150000, 2.143951
1.600000, 0.150000, 2.295300
1.650000, 0.150000, 2.522180
1.700000, 0.150000, 2.821393
1.750000, 0.150000, 3.161013
1.800000, 0.150000, 3.491670
1.850000, 0.150000, 3.764686
1.900000, 0.150000, 3.950177
1.950000, 0.150000, 4.048215
2.000000, 0.150000, 4.088816
0.000000, 0.200000, -0.443352
0.050000, 0.200000, -0.509690
0.100000, 0.200000, -0.521782
0.150000, 0.200000, -0.452849
0.200000, 0.200000, -0.305430
0.250000, 0.200000, -0.111198
0.300000, 0.200000, 0.080355
0.350000, 0.200000, 0.220115
0.400000, 0.200000, 0.277523
0.450000, 0.200000, 0.251821
0.500000, 0.200000, 0.172131
0.550000, 0.200000, 0.086338
0.600000, 0.200000, 0.043049
0.650000, 0.200000, 0.073501
0.700000, 0.200000, 0.180326
0.750000, 0.200000, 0.337419
0.800000, 0.200000, 0.500924
0.850000, 0.200000, 0.627093
0.900000, 0.200000, 0.690123
0.950000, 0.200000, 0.693126
1.000000, 0.200000, 0.667942
1.050000, 0.200000, 0.663851
1.100000, 0.200000, 0.729408
1.150000, 0.200000, 0.894326
1.200000, 0.200000, 1.158284
1.250000, 0.200000, 1.490921
1.300000, 0.200000, 1.843027
1.350000, 0.200000, 2.164651
1.400000, 0.200000, 2.423264
1.450000, 0.200000, 2.615047
1.500000, 0.200000, 2.765074
1.550000, 0.200000, 2.916357
1.600000, 0.200000, 3.112006
1.650000, 0.200000, 3.377385
1.700000, 0.200000, 3.709141
1.750000, 0.200000, 4.075347
1.800000, 0.200000, 4.426755
1.850000, 0.200000, 4.714908
1.900000, 0.200000, 4.910197
1.950000, 0.200000, 5.012988
2.000000, 0.200000, 5.053571
0.000000, 0.250000, -0.216787
0.050000, 0.250000, -0.303891
0.100000, 0.250000, -0.339182
0.150000, 0.250000, -0.295195
0.200000, 0.250000, -0.173628
0.250000, 0.250000, -0.005176
0.300000, 0.250000, 0.161758
0.350000, 0.250000, 0.279222
0.400000, 0.250000, 0.317846
0.450000, 0.250000, 0.278046
0.500000, 0.250000, 0.190047
0.550000, 0.250000, 0.102719
0.600000, 0.250000, 0.065481
0.650000, 0.250000, 0.110173
0.700000, 0.250000, 0.239776
0.750000, 0.250000, 0.428257
0.800000, 0.250000, 0.631539
0.850000, 0.250000, 0.805347
0.900000, 0.250000, 0.923063
0.950000, 0.250000, 0.986701
1.000000, 0.250000, 1.026767
1.050000, 0.250000, 1.090995
1.100000, 0.250000, 1.226245
1.150000, 0.250000, 1.460432
1.200000, 0.250000, 1.791399
1.250000, 0.250000, 2.186971
1.300000, 0.250000, 2.596198
1.350000, 0.250000, 2.967530
1.400000, 0.250000, 3.267018
1.450000, 0.250000, 3.489651
1.500000, 0.250000, 3.659563
1.550000, 0.250000, 3.819099
1.600000, 0.250000, 4.010984
1.650000, 0.250000, 4.260480
1.700000, 0.250000, 4.564391
1.750000, 0.250000, 4.891193
1.800000, 0.250000, 5.192253
1.850000, 0.250000, 5.419902
1.900000, 0.250000, 5.545456
1.950000, 0.250000, 5.570303
2.000000, 0.250000, 5.525807
0.000000, 0.300000, 0.032197
0.050000, 0.300000, -0.078865
0.100000, 0.300000, -0.140267
0.150000, 0.300000, -0.123290
0.200000, 0.300000, -0.028256
0.250000, 0.300000, 0.115577
0.300000, 0.300000, 0.261264
0.350000, 0.300000, 0.362266
0.400000, 0.300000, 0.390526
0.450000, 0.300000, 0.347610
0.500000, 0.300000, 0.264670
0.550000, 0.300000, 0.191233
0.600000, 0.300000, 0.177058
0.650000, 0.300000, 0.253977
0.700000, 0.300000, 0.424596
0.750000, 0.300000, 0.662129
0.800000, 0.300000, 0.921378
0.850000, 0.300000, 1.156608
0.900000, 0.300000, 1.339433
0.950000, 0.300000, 1.469851
1.000000, 0.300000, 1.576157
1.050000, 0.300000, 1.703761
1.100000, 0.300000, 1.897159
1.150000, 0.300000, 2.181952
1.200000, 0.300000, 2.553791
1.250000, 0.300000, 2.978519
1.300000, 0.300000, 3.403486
1.350000, 0.300000, 3.775786
1.400000, 0.300000, 4.060508
1.450000, 0.300000, 4.252116
1.500000, 0.300000, 4.374677
1.550000, 0.300000, 4.470931
1.600000, 0.300000, 4.584457
1.650000, 0.300000, 4.741800
1.700000, 0.300000, 4.941442
1.750000, 0.300000, 5.153878
1.800000, 0.300000, 5.332778
1.850000, 0.300000, 5.432991
1.900000, 0.300000, 5.428490
1.950000, 0.300000, 5.323391
2.000000, 0.300000, 5.151781
0.000000, 0.350000, 0.296639
0.050000, 0.350000, 0.158318
0.100000, 0.350000, 0.068045
0.150000, 0.350000, 0.056432
0.200000, 0.350000, 0.125082
0.250000, 0.350000, 0.246618
0.300000, 0.350000, 0.375844
0.350000, 0.350000, 0.467754
0.400000, 0.350000, 0.495530
0.450000, 0.350000, 0.461615
0.500000, 0.350000, 0.397623
0.550000, 0.350000, 0.353079
0.600000, 0.350000, 0.377262
0.650000, 0.350000, 0.501036
0.700000, 0.350000, 0.725571
0.750000, 0.350000, 1.022217
0.800000, 0.350000, 1.343539
0.850000, 0.350000, 1.641267
0.900000, 0.350000, 1.884275
0.950000, 0.350000, 2.069718
1.000000, 0.350000, 2.223057
1.050000, 0.350000, 2.386997
1.100000, 0.350000, 2.603566
1.150000, 0.350000, 2.896247
1.200000, 0.350000, 3.259026
1.250000, 0.350000, 3.656613
1.300000, 0.350000, 4.035832
1.350000, 0.350000, 4.343893
1.400000, 0.350000, 4.546680
1.450000, 0.350000, 4.640114
1.500000, 0.350000, 4.650362
1.550000, 0.350000, 4.622857
1.600000, 0.350000, 4.604380
1.650000, 0.350000, 4.625097
1.700000, 0.350000, 4.687416
1.750000, 0.350000, 4.765938
1.800000, 0.350000, 4.818484
1.850000, 0.350000, 4.803958
1.900000, 0.350000, 4.700162
1.950000, 0.350000, 4.514681
2.000000, 0.350000, 4.284590
0.000000, 0.400000, 0.569008
0.050000, 0.400000, 0.400201
0.100000, 0.400000, 0.278636
0.150000, 0.400000, 0.237493
0.200000, 0.400000, 0.280854
0.250000, 0.400000, 0.383607
0.300000, 0.400000, 0.502469
0.350000, 0.400000, 0.593895
0.400000, 0.400000, 0.631977
0.450000, 0.400000, 0.619456
0.500000, 0.400000, 0.587588
0.550000, 0.400000, 0.584885
0.600000, 0.400000, 0.658979
0.650000, 0.400000, 0.838509
0.700000, 0.400000, 1.121934
0.750000, 0.400000, 1.477518
0.800000, 0.400000, 1.854502
0.850000, 0.400000, 2.201207
0.900000, 0.400000, 2.483177
0.950000, 0.400000, 2.694481
1.000000, 0.400000, 2.857902
1.050000, 0.400000, 3.014017
1.100000, 0.400000, 3.203416
1.150000, 0.400000, 3.448926
1.200000, 0.400000, 3.744739
1.250000, 0.400000, 4.056667
1.300000, 0.400000, 4.333529
1.350000, 0.400000, 4.525383
1.400000, 0.400000, 4.601730
1.450000, 0.400000, 4.562764
1.500000, 0.400000, 4.439425
1.550000, 0.400000, 4.282245
1.600000, 0.400000, 4.143230
1.650000, 0.400000, 4.057685
1.700000, 0.400000, 4.032860
1.750000, 0.400000, 4.047682
1.800000, 0.400000, 4.063593
1.850000, 0.400000, 4.042239
1.900000, 0.400000, 3.963132
1.950000, 0.400000, 3.834439
2.000000, 0.400000, 3.692617
0.000000, 0.450000, 0.841490
0.050000, 0.450000, 0.639229
0.100000, 0.450000, 0.484455
0.150000, 0.450000, 0.413617
0.200000, 0.450000, 0.433810
0.250000, 0.450000, 0.522465
0.300000, 0.450000, 0.638210
0.350000, 0.450000, 0.738638
0.400000, 0.450000, 0.798114
0.450000, 0.450000, 0.818742
0.500000, 0.450000, 0.830250
0.550000, 0.450000, 0.878788
0.600000, 0.450000, 1.008913
0.650000, 0.450000, 1.245639
0.700000, 0.450000, 1.583442
0.750000, 0.450000, 1.986478
0.800000, 0.450000, 2.399995
0.850000, 0.450000, 2.768678
0.900000, 0.450000, 3.055028
0.950000, 0.450000, 3.250870
1.000000, 0.450000, 3.377717
1.050000, 0.450000, 3.475978
1.100000, 0.450000, 3.587240
1.150000, 0.450000, 3.736517
1.200000, 0.450000, 3.921313
1.250000, 0.450000, 4.111771
1.300000, 0.450000, 4.261880
1.350000, 0.450000, 4.327490
1.400000, 0.450000, 4.284240
1.450000, 0.450000, 4.138520
1.500000, 0.450000, 3.927206
1.550000, 0.450000, 3.706197
1.600000, 0.450000, 3.531999
1.650000, 0.450000, 3.443288
1.700000, 0.450000, 3.449327
1.750000, 0.450000, 3.529546
1.800000, 0.450000, 3.644278
1.850000, 0.450000, 3.752427
1.900000, 0.450000, 3.829196
1.950000, 0.450000, 3.877004
2.000000, 0.450000, 3.925336
0.000000, 0.500000, 1.106277
0.050000, 0.500000, 0.868024
0.100000, 0.500000, 0.678773
0.150000, 0.500000, 0.578961
0.200000, 0.500000, 0.579164
0.250000, 0.500000, 0.659510
0.300000, 0.500000, 0.780314
0.350000, 0.500000, 0.899690
0.400000, 0.500000, 0.991290
0.450000, 0.500000, 1.055293
0.500000, 0.500000, 1.118397
0.550000, 0.500000, 1.222806
0.600000, 0.500000, 1.408479
0.650000, 0.500000, 1.695498
0.700000, 0.500000, 2.073424
0.750000, 0.500000, 2.501877
0.800000, 0.500000, 2.922295
0.850000, 0.500000, 3.276598
0.900000, 0.500000, 3.525820
0.950000, 0.500000, 3.661791
1.000000, 0.500000, 3.707594
1.050000, 0.500000, 3.706752
1.100000, 0.500000, 3.705402
1.150000, 0.500000, 3.734324
1.200000, 0.500000, 3.797704
1.250000, 0.500000, 3.872904
1.300000, 0.500000, 3.921248
1.350000, 0.500000, 3.905578
1.400000, 0.500000, 3.807735
1.450000, 0.500000, 3.639091
1.500000, 0.500000, 3.439923
1.550000, 0.500000, 3.267655
1.600000, 0.500000, 3.178259
1.650000, 0.500000, 3.207741
1.700000, 0.500000, 3.360621
1.750000, 0.500000, 3.609676
1.800000, 0.500000, 3.906986
1.850000, 0.500000, 4.201997
1.900000, 0.500000, 4.459743
1.950000, 0.500000, 4.672310
2.000000, 0.500000, 4.859272
0.000000, 0.550000, 1.355861
0.050000, 0.550000, 1.079656
0.100000, 0.550000, 0.855424
0.150000, 0.550000, 0.728301
0.200000, 0.550000, 0.712743
0.250000, 0.550000, 0.791553
0.300000, 0.550000, 0.926248
0.350000, 0.550000, 1.074517
0.400000, 0.550000, 1.207958
0.450000, 0.550000, 1.323203
0.500000, 0.550000, 1.442177
0.550000, 0.550000, 1.601480
0.600000, 0.550000, 1.835098
0.650000, 0.550000, 2.157295
0.700000, 0.550000, 2.552497
0.750000, 0.550000, 2.976355
0.800000, 0.550000, 3.367927
0.850000, 0.550000, 3.668633
0.900000, 0.550000, 3.841053
0.950000, 0.550000, 3.880612
1.000000, 0.550000, 3.815869
1.050000, 0.550000, 3.697391
1.100000, 0.550000, 3.579465
1.150000, 0.550000, 3.501558
1.200000, 0.550000, 3.476446
1.250000, 0.550000, 3.489322
1.300000, 0.550000, 3.507944
1.350000, 0.550000, 3.499630
1.400000, 0.550000, 3.448296
1.450000, 0.550000, 3.364699
1.500000, 0.550000, 3.285710
1.550000, 0.550000, 3.262647
1.600000, 0.550000, 3.342973
1.650000, 0.550000, 3.552265
1.700000, 0.550000, 3.883324
1.750000, 0.550000, 4.296693
1.800000, 0.550000, 4.732517
1.850000, 0.550000, 5.129457
1.900000, 0.550000, 5.443710
1.950000, 0.550000, 5.661164
2.000000, 0.550000, 5.798377
0.000000, 0.600000, 1.583296
0.050000, 0.600000, 1.267868
0.100000, 0.600000, 1.008990
0.150000, 0.600000, 0.857192
0.200000, 0.600000, 0.831094
0.250000, 0.600000, 0.915956
0.300000, 0.600000, 1.073714
0.350000, 0.600000, 1.260340
0.400000, 0.600000, 1.443692
0.450000, 0.600000, 1.614969
0.500000, 0.600000, 1.789492
0.550000, 0.600000, 1.996738
0.600000, 0.600000, 2.263800
0.650000, 0.600000, 2.599013
0.700000, 0.600000, 2.982523
0.750000, 0.600000, 3.367903
0.800000, 0.600000, 3.694692
0.850000, 0.600000, 3.907479
0.900000, 0.600000, 3.974573
0.950000, 0.600000, 3.899313
1.000000, 0.600000, 3.719749
1.050000, 0.600000, 3.496735
1.100000, 0.600000, 3.294730
1.150000, 0.600000, 3.162326
1.200000, 0.600000, 3.119472
1.250000, 0.600000, 3.155814
1.300000, 0.600000, 3.240273
1.350000, 0.600000, 3.337737
1.400000, 0.600000, 3.426088
1.450000, 0.600000, 3.506753
1.500000, 0.600000, 3.604586
1.550000, 0.600000, 3.757074
1.600000, 0.600000, 3.997106
1.650000, 0.600000, 4.336124
1.700000, 0.600000, 4.754445
1.750000, 0.600000, 5.202896
1.800000, 0.600000, 5.615628
1.850000, 0.600000, 5.929705
1.900000, 0.600000, 6.104472
1.950000, 0.600000, 6.133679
2.000000, 0.600000, 6.046043
0.000000, 0.650000, 1.782434
0.050000, 0.650000, 1.427283
0.100000, 0.650000, 1.134970
0.150000, 0.650000, 0.962073
0.200000, 0.650000, 0.931549
0.250000, 0.650000, 1.030651
0.300000, 0.650000, 1.220637
0.350000, 0.650000, 1.454117
0.400000, 0.650000, 1.693226
0.450000, 0.650000, 1.921698
0.500000, 0.650000, 2.146514
0.550000, 0.650000, 2.388939
0.600000, 0.650000, 2.669016
0.650000, 0.650000, 2.990147
0.700000, 0.650000, 3.330408
0.750000, 0.650000, 3.644633
0.800000, 0.650000, 3.877042
0.850000, 0.650000, 3.980054
0.900000, 0.650000, 3.932294
0.950000, 0.650000, 3.748937
1.000000, 0.650000, 3.480192
1.050000, 0.650000, 3.198083
1.100000, 0.650000, 2.975983
1.150000, 0.650000, 2.868017
1.200000, 0.650000, 2.895469
1.250000, 0.650000, 3.044697
1.300000, 0.650000, 3.276727
1.350000, 0.650000, 3.544454
1.400000, 0.650000, 3.810619
1.450000, 0.650000, 4.059690
1.500000, 0.650000, 4.299323
1.550000, 0.650000, 4.551265
1.600000, 0.650000, 4.835764
1.650000, 0.650000, 5.156140
1.700000, 0.650000, 5.490162
1.750000, 0.650000, 5.792236
1.800000, 0.650000, 6.006211
1.850000, 0.650000, 6.084364
1.900000, 0.650000, 6.005601
1.950000, 0.650000, 5.785948
2.000000, 0.650000, 5.477136
0.000000, 0.700000, 1.948119
0.050000, 0.700000, 1.553552
0.100000, 0.700000, 1.229877
0.150000, 0.700000, 1.040340
0.200000, 0.700000, 1.012245
0.250000, 0.700000, 1.134125
0.300000, 0.700000, 1.365126
0.350000, 0.700000, 1.652524
0.400000, 0.700000, 1.950522
0.450000, 0.700000, 2.233372
0.500000, 0.700000, 2.498311
0.550000, 0.700000, 2.758012
0.600000, 0.700000, 3.026397
0.650000, 0.700000, 3.304280
0.700000, 0.700000, 3.571328
0.750000, 0.700000, 3.788265
0.800000, 0.700000, 3.909066
0.850000, 0.700000, 3.898787
0.900000, 0.700000, 3.750170
0.950000, 0.700000, 3.492277
1.000000, 0.700000, 3.187199
1.050000, 0.700000, 2.915187
1.100000, 0.700000, 2.752879
1.150000, 0.700000, 2.751921
1.200000, 0.700000, 2.925250
1.250000, 0.700000, 3.245560
1.300000, 0.700000, 3.656155
1.350000, 0.700000, 4.089934
1.400000, 0.700000, 4.489553
1.450000, 0.700000, 4.821627
1.500000, 0.700000, 5.080388
1.550000, 0.700000, 5.280410
1.600000, 0.700000, 5.442229
1.650000, 0.700000, 5.577336
1.700000, 0.700000, 5.679117
1.750000, 0.700000, 5.723741
1.800000, 0.700000, 5.680904
1.850000, 0.700000, 5.530196
1.900000, 0.700000, 5.276392
1.950000, 0.700000, 4.957035
2.000000, 0.700000, 4.638470
0.000000, 0.750000, 2.076337
0.050000, 0.750000, 1.643461
0.100000, 0.750000, 1.291306
0.150000, 0.750000, 1.090354
0.200000, 0.750000, 1.072106
0.250000, 0.750000, 1.225374
0.300000, 0.750000, 1.505427
0.350000, 0.750000, 1.851938
0.400000, 0.750000, 2.208874
0.450000, 0.750000, 2.539176
0.500000, 0.750000, 2.829531
0.550000, 0.750000, 3.084638
0.600000, 0.750000, 3.314545
0.650000, 0.750000, 3.521272
0.700000, 0.750000, 3.691033
0.750000, 0.750000, 3.795896
0.800000, 0.750000, 3.804675
0.850000, 0.750000, 3.698839
0.900000, 0.750000, 3.486818
0.950000, 0.750000, 3.210288
1.000000, 0.750000, 2.938790
1.050000, 0.750000, 2.753368
1.100000, 0.750000, 2.724130
1.150000, 0.750000, 2.889181
1.200000, 0.750000, 3.242208
1.250000, 0.750000, 3.733130
1.300000, 0.750000, 4.281748
1.350000, 0.750000, 4.799826
1.400000, 0.750000, 5.214224
1.450000, 0.750000, 5.483555
1.500000, 0.750000, 5.603432
1.550000, 0.750000, 5.599642
1.600000, 0.750000, 5.512963
1.650000, 0.750000, 5.382150
1.700000, 0.750000, 5.231839
1.750000, 0.750000, 5.069727
1.800000, 0.750000, 4.893368
1.850000, 0.750000, 4.702857
1.900000, 0.750000, 4.513153
1.950000, 0.750000, 4.359868
2.000000, 0.750000, 4.294910
0.000000, 0.800000, 2.164308
0.050000, 0.800000, 1.694978
0.100000, 0.800000, 1.317942
0.150000, 0.800000, 1.111424
0.200000, 0.800000, 1.110786
0.250000, 0.800000, 1.303831
0.300000, 0.800000, 1.639851
0.350000, 0.800000, 2.048435
0.400000, 0.800000, 2.461033
0.450000, 0.800000, 2.827868
0.500000, 0.800000, 3.125124
0.550000, 0.800000, 3.351384
0.600000, 0.800000, 3.516509
0.650000, 0.800000, 3.628856
0.700000, 0.800000, 3.687008
0.750000, 0.800000, 3.679849
0.800000, 0.800000, 3.594993
0.850000, 0.800000, 3.431701
0.900000, 0.800000, 3.212121
0.950000, 0.800000, 2.984946
1.000000, 0.800000, 2.818282
1.050000, 0.800000, 2.782762
1.100000, 0.800000, 2.929971
1.150000, 0.800000, 3.273587
1.200000, 0.800000, 3.780253
1.250000, 0.800000, 4.374163
1.300000, 0.800000, 4.954722
1.350000, 0.800000, 5.422106
1.400000, 0.800000, 5.702788
1.450000, 0.800000, 5.767073
1.500000, 0.800000, 5.633472
1.550000, 0.800000, 5.359318
1.600000, 0.800000, 5.021581
1.650000, 0.800000, 4.694949
1.700000, 0.800000, 4.434574
1.750000, 0.800000, 4.268584
1.800000, 0.800000, 4.201413
1.850000, 0.800000, 4.224752
1.900000, 0.800000, 4.330241
1.950000, 0.800000, 4.517749
2.000000, 0.800000, 4.795375
0.000000, 0.850000, 2.210527
0.050000, 0.850000, 1.707253
0.100000, 0.850000, 1.309521
0.150000, 0.850000, 1.103735
0.200000, 0.850000, 1.128585
0.250000, 0.850000, 1.369269
0.300000, 0.850000, 1.766711
0.350000, 0.850000, 2.237793
0.400000, 0.850000, 2.699367
0.450000, 0.850000, 3.088181
0.500000, 0.850000, 3.371057
0.550000, 0.850000, 3.543721
0.600000, 0.850000, 3.620926
0.650000, 0.850000, 3.623498
0.700000, 0.850000, 3.568360
0.750000, 0.850000, 3.465643
0.800000, 0.850000, 3.323331
0.850000, 0.850000, 3.156237
0.900000, 0.850000, 2.993877
0.950000, 0.850000, 2.881974
1.000000, 0.850000, 2.874882
1.050000, 0.850000, 3.020152
1.100000, 0.850000, 3.340192
1.150000, 0.850000, 3.817961
1.200000, 0.850000, 4.393028
1.250000, 0.850000, 4.971092
1.300000, 0.850000, 5.445480
1.350000, 0.850000, 5.724712
1.400000, 0.850000, 5.757738
1.450000, 0.850000, 5.548799
1.500000, 0.850000, 5.157061
1.550000, 0.850000, 4.681060
1.600000, 0.850000, 4.232889
1.650000, 0.850000, 3.910244
1.700000, 0.850000, 3.774740
1.750000, 0.850000, 3.842437
1.800000, 0.850000, 4.088038
1.850000, 0.850000, 4.459596
1.900000, 0.850000, 4.897370
1.950000, 0.850000, 5.349786
2.000000, 0.850000, 5.781513
0.000000, 0.900000, 2.214751
0.050000, 0.900000, 1.680575
0.100000, 0.900000, 1.266758
0.150000, 0.900000, 1.068252
0.200000, 0.900000, 1.126336
0.250000, 0.900000, 1.421706
0.300000, 0.900000, 1.884257
0.350000, 0.900000, 2.415522
0.400000, 0.900000, 2.916058
0.450000, 0.900000, 3.309252
0.500000, 0.900000, 3.555000
0.550000, 0.900000, 3.650862
0.600000, 0.900000, 3.622741
0.650000, 0.900000, 3.510458
0.700000, 0.900000, 3.354463
0.750000, 0.900000, 3.188343
0.800000, 0.900000, 3.038472
0.850000, 0.900000, 2.928598
0.900000, 0.900000, 2.884891
0.950000, 0.900000, 2.936881
1.000000, 0.900000, 3.111868
1.050000, 0.900000, 3.423805
1.100000, 0.900000, 3.860929
1.150000, 0.900000, 4.378035
1.200000, 0.900000, 4.898465
1.250000, 0.900000, 5.327738
1.300000, 0.900000, 5.576410
1.350000, 0.900000, 5.585819
1.400000, 0.900000, 5.348447
1.450000, 0.900000, 4.915593
1.500000, 0.900000, 4.388676
1.550000, 0.900000, 3.895702
1.600000, 0.900000, 3.559324
1.650000, 0.900000, 3.465811
1.700000, 0.900000, 3.644118
1.750000, 0.900000, 4.061006
1.800000, 0.900000, 4.633079
1.850000, 0.900000, 5.251313
1.900000, 0.900000, 5.810023
1.950000, 0.900000, 6.231449
2.000000, 0.900000, 6.479339
0.000000, 0.950000, 2.177934
0.050000, 0.950000, 1.616271
0.100000, 0.950000, 1.191226
0.150000, 0.950000, 1.006598
0.200000, 0.950000, 1.105288
0.250000, 0.950000, 1.461294
0.300000, 0.950000, 1.990625
0.350000, 0.950000, 2.576914
0.400000, 0.950000, 3.103312
0.450000, 0.950000, 3.481044
0.500000, 0.950000, 3.666921
0.550000, 0.950000, 3.666370
0.600000, 0.950000, 3.523430
0.650000, 0.950000, 3.303051
0.700000, 0.950000, 3.072520
0.750000, 0.950000, 2.887763
0.800000, 0.950000, 2.787247
0.850000, 0.950000, 2.792645
0.900000, 0.950000, 2.912831
0.950000, 0.950000, 3.147105
1.000000, 0.950000, 3.484981
1.050000, 0.950000, 3.902586
1.100000, 0.950000, 4.358481
1.150000, 0.950000, 4.793036
1.200000, 0.950000, 5.134846
1.250000, 0.950000, 5.314977
1.300000, 0.950000, 5.286202
1.350000, 0.950000, 5.041400
1.400000, 0.950000, 4.624101
1.450000, 0.950000, 4.125761
1.500000, 0.950000, 3.668225
1.550000, 0.950000, 3.374778
1.600000, 0.950000, 3.337567
1.650000, 0.950000, 3.591081
1.700000, 0.950000, 4.100259
1.750000, 0.950000, 4.767605
1.800000, 0.950000, 5.457884
1.850000, 0.950000, 6.033491
1.900000, 0.950000, 6.390165
1.950000, 0.950000, 6.482701
2.000000, 0.950000, 6.333528
0.000000, 1.000000, 2.102118
0.050000, 1.000000, 1.516581
0.100000, 1.000000, 1.085223
0.150000, 1.000000, 0.920909
0.200000, 1.000000, 1.066972
0.250000, 1.000000, 1.488226
0.300000, 1.000000, 2.083797
0.350000, 1.000000, 2.717120
0.400000, 1.000000, 3.253600
0.450000, 1.000000, 3.594758
0.500000, 1.000000, 3.699590
0.550000, 1.000000, 3.588494
0.600000, 1.000000, 3.330734
0.650000, 1.000000, 3.021173
0.700000, 1.000000, 2.754309
0.750000, 1.000000, 2.603132
0.800000, 1.000000, 2.607449
0.850000, 1.000000, 2.772419
0.900000, 1.000000, 3.074685
0.950000, 1.000000, 3.471847
1.000000, 1.000000, 3.911401
1.050000, 1.000000, 4.337205
1.100000, 1.000000, 4.693913
1.150000, 1.000000, 4.931364
1.200000, 1.000000, 5.010922
1.250000, 1.000000, 4.914204
1.300000, 1.000000, 4.652278
1.350000, 1.000000, 4.271468
1.400000, 1.000000, 3.851534
1.450000, 1.000000, 3.493615
1.500000, 1.000000, 3.298725
1.550000, 1.000000, 3.341450
1.600000, 1.000000, 3.646376
1.650000, 1.000000, 4.175338
1.700000, 1.000000, 4.831177
1.750000, 1.000000, 5.479033
1.800000, 1.000000, 5.980501
1.850000, 1.000000, 6.231399
1.900000, 1.000000, 6.191943
1.950000, 1.000000, 5.899836
2.000000, 1.000000, 5.461586
0.000000, 1.050000, 1.990284
0.050000, 1.050000, 1.384498
0.100000, 1.050000, 0.951612
0.150000, 1.050000, 0.813690
0.200000, 1.050000, 1.013073
0.250000, 1.050000, 1.502647
0.300000, 1.050000, 2.161594
0.350000, 1.050000, 2.831252
0.400000, 1.050000, 3.359908
0.450000, 1.050000, 3.643211
0.500000, 1.050000, 3.648941
0.550000, 1.050000, 3.420209
0.600000, 1.050000, 3.057912
0.650000, 1.050000, 2.689257
0.700000, 1.050000, 2.432490
0.750000, 1.050000, 2.367903
0.800000, 1.050000, 2.522122
0.850000, 1.050000, 2.867882
0.900000, 1.050000, 3.336814
0.950000, 1.050000, 3.839646
1.000000, 1.050000, 4.287398
1.050000, 1.050000, 4.608508
1.100000, 1.050000, 4.759366
1.150000, 1.050000, 4.728277
1.200000, 1.050000, 4.534473
1.250000, 1.050000, 4.223959
1.300000, 1.050000, 3.863163
1.350000, 1.050000, 3.530320
1.400000, 1.050000, 3.304030
1.450000, 1.050000, 3.249170
1.500000, 1.050000, 3.401894
1.550000, 1.050000, 3.757309
1.600000, 1.050000, 4.264325
1.650000, 1.050000, 4.831468
1.700000, 1.050000, 5.344795
1.750000, 1.050000, 5.695202
1.800000, 1.050000, 5.808571
1.850000, 1.050000, 5.669953
1.900000, 1.050000, 5.333437
1.950000, 1.050000, 4.912799
2.000000, 1.050000, 4.553627
0.000000, 1.100000, 1.846177
0.050000, 1.100000, 1.223593
0.100000, 1.100000, 0.793650
0.150000, 1.100000, 0.687665
0.200000, 1.100000, 0.945322
0.250000, 1.100000, 1.504589
0.300000, 1.100000, 2.221685
0.350000, 1.100000, 2.914514
0.400000, 1.100000, 3.415999
0.450000, 1.100000, 3.621165
0.500000, 1.100000, 3.514284
0.550000, 1.100000, 3.168975
0.600000, 1.100000, 2.722600
0.650000, 1.100000, 2.333849
0.700000, 1.100000, 2.136874
0.750000, 1.100000, 2.205357
0.800000, 1.100000, 2.536024
0.850000, 1.100000, 3.054614
0.900000, 1.100000, 3.640630
0.950000, 1.100000, 4.162233
1.000000, 1.100000, 4.510798
1.050000, 1.100000, 4.626058
1.100000, 1.100000, 4.506554
1.150000, 1.100000, 4.204778
1.200000, 1.100000, 3.810420
1.250000, 1.100000, 3.427416
1.300000, 1.100000, 3.150795
1.350000, 1.100000, 3.048042
1.400000, 1.100000, 3.147685
1.450000, 1.100000, 3.435916
1.500000, 1.100000, 3.860771
1.550000, 1.100000, 4.342741
1.600000, 1.100000, 4.790323
1.650000, 1.100000, 5.118573
1.700000, 1.100000, 5.267919
1.750000, 1.100000, 5.219618
1.800000, 1.100000, 5.003818
1.850000, 1.100000, 4.696788
1.900000, 1.100000, 4.405927
1.950000, 1.100000, 4.244361
2.000000, 1.100000, 4.300525
0.000000, 1.150000, 1.674109
0.050000, 1.150000, 1.037829
0.100000, 1.150000, 0.614830
0.150000, 1.150000, 0.545644
0.200000, 1.150000, 0.865391
0.250000, 1.150000, 1.493927
0.300000, 1.150000, 2.261628
0.350000, 1.150000, 2.962345
0.400000, 1.150000, 3.416660
0.450000, 1.150000, 3.525593
0.500000, 1.150000, 3.298356
0.550000, 1.150000, 2.846219
0.600000, 1.150000, 2.345346
0.650000, 1.150000, 1.981033
0.700000, 1.150000, 1.891067
0.750000, 1.150000, 2.125558
0.800000, 1.150000, 2.634790
0.850000, 1.150000, 3.287534
0.900000, 1.150000, 3.912887
0.950000, 1.150000, 4.351938
1.000000, 1.150000, 4.503400
1.050000, 1.150000, 4.350120
1.100000, 1.150000, 3.959928
1.150000, 1.150000, 3.462271
1.200000, 1.150000, 3.009017
1.250000, 1.150000, 2.731688
1.300000, 1.150000, 2.707339
1.350000, 1.150000, 2.941746
1.400000, 1.150000, 3.372968
1.450000, 1.150000, 3.892496
1.500000, 1.150000, 4.376831
1.550000, 1.150000, 4.720419
1.600000, 1.150000, 4.861550
1.650000, 1.150000, 4.795506
1.700000, 1.150000, 4.572917
1.750000, 1.150000, 4.284871
1.800000, 1.150000, 4.039061
1.850000, 1.150000, 3.932776
1.900000, 1.150000, 4.028794
1.950000, 1.150000, 4.339393
2.000000, 1.150000, 4.822059
0.000000, 1.200000, 1.478759
0.050000, 1.200000, 0.831379
0.100000, 1.200000, 0.418722
0.150000, 1.200000, 0.390401
0.200000, 1.200000, 0.774819
0.250000, 1.200000, 1.470365
0.300000, 1.200000, 2.278937
0.350000, 1.200000, 2.970595
0.400000, 1.200000, 3.357943
0.450000, 1.200000, 3.355859
0.500000, 1.200000, 3.007206
0.550000, 1.200000, 2.466577
0.600000, 1.200000, 1.947962
0.650000, 1.200000, 1.653957
0.700000, 1.200000, 1.709866
0.750000, 1.200000, 2.124056
0.800000, 1.200000, 2.786927
0.850000, 1.200000, 3.508071
0.900000, 1.200000, 4.078787
0.950000, 1.200000, 4.339219
1.000000, 1.200000, 4.228428
1.050000, 1.200000, 3.801787
1.100000, 1.200000, 3.211041
1.150000, 1.200000, 2.654488
1.200000, 1.200000, 2.314012
1.250000, 1.200000, 2.299323
1.300000, 1.200000, 2.616708
1.350000, 1.200000, 3.171197
1.400000, 1.200000, 3.800145
1.450000, 1.200000, 4.326470
1.500000, 1.200000, 4.614148
1.550000, 1.200000, 4.608671
1.600000, 1.200000, 4.350652
1.650000, 1.200000, 3.959610
1.700000, 1.200000, 3.594274
1.750000, 1.200000, 3.402575
1.800000, 1.200000, 3.476928
1.850000, 1.200000, 3.827980
1.900000, 1.200000, 4.383767
1.950000, 1.200000, 5.013320
2.000000, 1.200000, 5.566628
0.000000, 1.250000, 1.264965
0.050000, 1.250000, 0.608450
0.100000, 1.250000, 0.208835
0.150000, 1.250000, 0.224576
0.200000, 1.250000, 0.674965
0.250000, 1.250000, 1.433445
0.300000, 1.250000, 2.271174
0.350000, 1.250000, 2.935691
0.400000, 1.250000, 3.237380
0.450000, 1.250000, 3.113826
0.500000, 1.250000, 2.649916
0.550000, 1.250000, 2.046962
0.600000, 1.250000, 1.551813
0.650000, 1.250000, 1.370693
0.700000, 1.250000, 1.597685
0.750000, 1.250000, 2.182487
0.800000, 1.250000, 2.948346
0.850000, 1.250000, 3.653644
0.900000, 1.250000, 4.075570
0.950000, 1.250000, 4.086858
1.000000, 1.250000, 3.699219
1.050000, 1.250000, 3.058781
1.100000, 1.250000, 2.395546
1.150000, 1.250000, 1.944667
1.200000, 1.250000, 1.866832
1.250000, 1.250000, 2.195032
1.300000, 1.250000, 2.825625
1.350000, 1.250000, 3.556133
1.400000, 1.250000, 4.156205
1.450000, 1.250000, 4.446966
1.500000, 1.250000, 4.361495
1.550000, 1.250000, 3.966037
1.600000, 1.250000, 3.435291
1.650000, 1.250000, 2.990941
1.700000, 1.250000, 2.824980
1.750000, 1.250000, 3.034200
1.800000, 1.250000, 3.587981
1.850000, 1.250000, 4.339790
1.900000, 1.250000, 5.077736
1.950000, 1.250000, 5.596411
2.000000, 1.250000, 5.765328
0.000000, 1.300000, 1.037543
0.050000, 1.300000, 0.373133
0.100000, 1.300000, -0.011494
0.150000, 1.300000, 0.050610
0.200000, 1.300000, 0.566986
0.250000, 1.300000, 1.382587
0.300000, 1.300000, 2.236056
0.350000, 1.300000, 2.854825
0.400000, 1.300000, 3.054157
0.450000, 1.300000, 2.803851
0.500000, 1.300000, 2.238175
0.550000, 1.300000, 1.605499
0.600000, 1.300000, 1.176187
0.650000, 1.300000, 1.142638
0.700000, 1.300000, 1.548195
0.750000, 1.300000, 2.271020
0.800000, 1.300000, 3.068819
0.850000, 1.300000, 3.667947
0.900000, 1.300000, 3.864157
0.950000, 1.300000, 3.597999
1.000000, 1.300000, 2.977208
1.050000, 1.300000, 2.237900
1.100000, 1.300000, 1.658840
1.150000, 1.300000, 1.460233
1.200000, 1.300000, 1.724132
1.250000, 1.300000, 2.365540
1.300000, 1.300000, 3.164677
1.350000, 1.300000, 3.848427
1.400000, 1.300000, 4.190963
1.450000, 1.300000, 4.096623
1.500000, 1.300000, 3.634661
1.550000, 1.300000, 3.013239
1.600000, 1.300000, 2.502347
1.650000, 1.300000, 2.334041
1.700000, 1.300000, 2.616635
1.750000, 1.300000, 3.294332
1.800000, 1.300000, 4.167014
1.850000, 1.300000, 4.962845
1.900000, 1.300000, 5.437025
1.950000, 1.300000, 5.460487
2.000000, 1.300000, 5.066128
0.000000, 1.350000, 0.801111
0.050000, 1.350000, 0.129271
0.100000, 1.350000, -0.239188
0.150000, 1.350000, -0.129300
0.200000, 1.350000, 0.451841
0.250000, 1.350000, 1.317149
0.300000, 1.350000, 2.171586
0.350000, 1.350000, 2.726116
0.400000, 1.350000, 2.809241
0.450000, 1.350000, 2.432690
0.500000, 1.350000, 1.785735
0.550000, 1.350000, 1.160415
0.600000, 1.350000, 0.836881
0.650000, 1.350000, 0.973595
0.700000, 1.350000, 1.545203
0.750000, 1.350000, 2.352328
0.800000, 1.350000, 3.099433
0.850000, 1.350000, 3.510409
0.900000, 1.350000, 3.436795
0.950000, 1.350000, 2.916427
1.000000, 1.350000, 2.159628
1.050000, 1.350000, 1.468287
1.100000, 1.350000, 1.119317
1.150000, 1.350000, 1.257870
1.200000, 1.350000, 1.841850
1.250000, 1.350000, 2.659277
1.300000, 1.350000, 3.411656
1.350000, 1.350000, 3.830802
1.400000, 1.350000, 3.783550
1.450000, 1.350000, 3.323542
1.500000, 1.350000, 2.669929
1.550000, 1.350000, 2.121344
1.600000, 1.350000, 1.938727
1.650000, 1.350000, 2.242726
1.700000, 1.350000, 2.965699
1.750000, 1.350000, 3.877042
1.800000, 1.350000, 4.672021
1.850000, 1.350000, 5.089485
1.900000, 1.350000, 5.012662
1.950000, 1.350000, 4.513800
2.000000, 1.350000, 3.825345
0.000000, 1.400000, 0.559950
0.050000, 1.400000, -0.119639
0.100000, 1.400000, -0.471482
0.150000, 1.400000, -0.313212
0.200000, 1.400000, 0.330321
0.250000, 1.400000, 1.236506
0.300000, 1.400000, 2.076176
0.350000, 1.400000, 2.548770
0.400000, 1.400000, 2.505456
0.450000, 1.400000, 2.009309
0.500000, 1.400000, 1.307760
0.550000, 1.400000, 0.728949
0.600000, 1.400000, 0.545100
0.650000, 1.400000, 0.859629
0.700000, 1.400000, 1.564691
0.750000, 1.400000, 2.386594
0.800000, 1.400000, 2.999984
0.850000, 1.400000, 3.163303
0.900000, 1.400000, 2.819292
0.950000, 1.400000, 2.118995
1.000000, 1.400000, 1.359562
1.050000, 1.400000, 0.861865
1.100000, 1.400000, 0.838828
1.150000, 1.400000, 1.308961
1.200000, 1.400000, 2.090667
1.250000, 1.400000, 2.879218
1.300000, 1.400000, 3.374060
1.350000, 1.400000, 3.403418
1.400000, 1.400000, 2.994553
1.450000, 1.400000, 2.360888
1.500000, 1.400000, 1.811834
1.550000, 1.400000, 1.623196
1.600000, 1.400000, 1.922173
1.650000, 1.400000, 2.634600
1.700000, 1.400000, 3.515946
1.750000, 1.400000, 4.252721
1.800000, 1.400000, 4.591779
1.850000, 1.400000, 4.443759
1.900000, 1.400000, 3.917970
1.950000, 1.400000, 3.274808
2.000000, 1.400000, 2.816139
0.000000, 1.450000, 0.317892
0.050000, 1.450000, -0.370508
0.100000, 1.450000, -0.705950
0.150000, 1.450000, -0.499425
0.200000, 1.450000, 0.203105
0.250000, 1.450000, 1.140140
0.300000, 1.450000, 1.948786
0.350000, 1.450000, 2.323206
0.400000, 1.450000, 2.147491
0.450000, 1.450000, 1.544589
0.500000, 1.450000, 0.820117
0.550000, 1.450000, 0.326354
0.600000, 1.450000, 0.306766
0.650000, 1.450000, 0.789701
0.700000, 1.450000, 1.577766
0.750000, 1.450000, 2.336926
0.800000, 1.450000, 2.745270
0.850000, 1.450000, 2.635366
0.900000, 1.450000, 2.067439
0.950000, 1.450000, 1.301657
1.000000, 1.450000, 0.682645
1.050000, 1.450000, 0.488007
1.100000, 1.450000, 0.808060
1.150000, 1.450000, 1.509490
1.200000, 1.450000, 2.297993
1.250000, 1.450000, 2.850980
1.300000, 1.450000, 2.960723
1.350000, 1.450000, 2.624412
1.400000, 1.450000, 2.041889
1.450000, 1.450000, 1.523310
1.500000, 1.450000, 1.348977
1.550000, 1.450000, 1.644326
1.600000, 1.450000, 2.325521
1.650000, 1.450000, 3.138938
1.700000, 1.450000, 3.775674
1.750000, 1.450000, 4.008999
1.800000, 1.450000, 3.793093
1.850000, 1.450000, 3.279550
1.900000, 1.450000, 2.745494
1.950000, 1.450000, 2.466832
2.000000, 1.450000, 2.594313
0.000000, 1.500000, 0.078252
0.050000, 1.500000, -0.620692
0.100000, 1.500000, -0.940495
0.150000, 1.500000, -0.686443
0.200000, 1.500000, 0.070821
0.250000, 1.500000, 1.027740
0.300000, 1.500000, 1.789034
0.350000, 1.500000, 2.051142
0.400000, 1.500000, 1.741841
0.450000, 1.500000, 1.050963
0.500000, 1.500000, 0.338637
0.550000, 1.500000, -0.034947
0.600000, 1.500000, 0.122287
0.650000, 1.500000, 0.747022
0.700000, 1.500000, 1.554215
0.750000, 1.500000, 2.174491
0.800000, 1.500000, 2.329357
0.850000, 1.500000, 1.961316
0.900000, 1.500000, 1.258210
0.950000, 1.500000, 0.561809
1.000000, 1.500000, 0.205443
1.050000, 1.500000, 0.358419
1.100000, 1.500000, 0.950603
1.150000, 1.500000, 1.711513
1.200000, 1.500000, 2.303359
1.250000, 1.500000, 2.483198
1.300000, 1.500000, 2.216448
1.350000, 1.500000, 1.688487
1.400000, 1.500000, 1.210524
1.450000, 1.500000, 1.066665
1.500000, 1.500000, 1.376579
1.550000, 1.500000, 2.039641
1.600000, 1.500000, 2.786316
1.650000, 1.500000, 3.310482
1.700000, 1.500000, 3.417607
1.750000, 1.500000, 3.116776
1.800000, 1.500000, 2.612524
1.850000, 1.500000, 2.201535
1.900000, 1.500000, 2.125496
1.950000, 1.500000, 2.452388
2.000000, 1.500000, 3.044193
0.000000, 1.550000, -0.156219
0.050000, 1.550000, -0.867990
0.100000, 1.550000, -1.173323
0.150000, 1.550000, -0.872916
0.200000, 1.550000, -0.065881
0.250000, 1.550000, 0.899291
0.300000, 1.550000, 1.597304
0.350000, 1.550000, 1.735653
0.400000, 1.550000, 1.296676
0.450000, 1.550000, 0.541970
0.500000, 1.550000, -0.121616
0.550000, 1.550000, -0.345995
0.600000, 1.550000, -0.013209
0.650000, 1.550000, 0.710979
0.700000, 1.550000, 1.466253
0.750000, 1.550000, 1.882717
0.800000, 1.550000, 1.767219
0.850000, 1.550000, 1.197330
0.900000, 1.550000, 0.477252
0.950000, 1.550000, -0.019622
1.000000, 1.550000, -0.039817
1.050000, 1.550000, 0.425849
1.100000, 1.550000, 1.144589
1.150000, 1.550000, 1.767116
1.200000, 1.550000, 2.009898
1.250000, 1.550000, 1.799755
1.300000, 1.550000, 1.307041
1.350000, 1.550000, 0.851917
1.400000, 1.550000, 0.733901
1.450000, 1.550000, 1.074030
1.500000, 1.550000, 1.751657
1.550000, 1.550000, 2.468220
1.600000, 1.550000, 2.904098
1.650000, 1.550000, 2.886289
1.700000, 1.550000, 2.479143
1.750000, 1.550000, 1.950484
1.800000, 1.550000, 1.630466
1.850000, 1.550000, 1.736652
1.900000, 1.550000, 2.256900
1.950000, 1.550000, 2.952112
2.000000, 1.550000, 3.478871
0.000000, 1.600000, -0.383330
0.050000, 1.600000, -1.110619
0.100000, 1.600000, -1.402892
0.150000, 1.600000, -1.057583
0.200000, 1.600000, -0.206248
0.250000, 1.600000, 0.755161
0.300000, 1.600000, 1.374815
0.350000, 1.600000, 1.381160
0.400000, 1.600000, 0.821646
0.450000, 1.600000, 0.031757
0.500000, 1.600000, -0.547028
0.550000, 1.600000, -0.601684
0.600000, 1.600000, -0.109192
0.650000, 1.600000, 0.659462
0.700000, 1.600000, 1.292056
0.750000, 1.600000, 1.460022
0.800000, 1.600000, 1.093466
0.850000, 1.600000, 0.413144
0.900000, 1.600000, -0.195142
0.950000, 1.600000, -0.392849
1.000000, 1.600000, -0.070906
1.050000, 1.600000, 0.596850
1.100000, 1.600000, 1.256155
1.150000, 1.600000, 1.572231
1.200000, 1.600000, 1.415863
1.250000, 1.600000, 0.932993
1.300000, 1.600000, 0.460135
1.350000, 1.600000, 0.333284
1.400000, 1.600000, 0.696862
1.450000, 1.600000, 1.419209
1.500000, 1.600000, 2.162316
1.550000, 1.600000, 2.568082
1.600000, 1.600000, 2.458438
1.650000, 1.600000, 1.938056
1.700000, 1.600000, 1.341169
1.750000, 1.600000, 1.049582
1.800000, 1.600000, 1.280597
1.850000, 1.600000, 1.961598
1.900000, 1.600000, 2.762173
1.950000, 1.600000, 3.269245
2.000000, 1.600000, 3.211998
0.000000, 1.650000, -0.601425
0.050000, 1.650000, -1.347159
0.100000, 1.650000, -1.627847
0.150000, 1.650000, -1.239196
0.200000, 1.650000, -0.349362
0.250000, 1.650000, 0.596163
0.300000, 1.650000, 1.123664
0.350000, 1.650000, 0.993384
0.400000, 1.650000, 0.327607
0.450000, 1.650000, -0.465448
0.500000, 1.650000, -0.926038
0.550000, 1.650000, -0.800886
0.600000, 1.650000, -0.178667
0.650000, 1.650000, 0.571345
0.700000, 1.650000, 1.018670
0.750000, 1.650000, 0.920716
0.800000, 1.650000, 0.358341
0.850000, 1.650000, -0.317995
0.900000, 1.650000, -0.697148
0.950000, 1.650000, -0.547829
1.000000, 1.650000, 0.049562
1.050000, 1.650000, 0.755499
1.100000, 1.650000, 1.175912
1.150000, 1.650000, 1.097694
1.200000, 1.650000, 0.616328
1.250000, 1.650000, 0.080150
1.300000, 1.650000, -0.116665
1.350000, 1.650000, 0.228791
1.400000, 1.650000, 1.000796
1.450000, 1.650000, 1.824132
1.500000, 1.650000, 2.277988
1.550000, 1.650000, 2.141780
1.600000, 1.650000, 1.529563
1.650000, 1.650000, 0.832391
1.700000, 1.650000, 0.498327
1.750000, 1.650000, 0.774460
1.800000, 1.650000, 1.559199
1.850000, 1.650000, 2.451907
1.900000, 1.650000, 2.974790
1.950000, 1.650000, 2.842962
2.000000, 1.650000, 2.129559
0.000000, 1.700000, -0.809333
0.050000, 1.700000, -1.576489
0.100000, 1.700000, -1.846947
0.150000, 1.700000, -1.416460
0.200000, 1.700000, -0.494082
0.250000, 1.700000, 0.423598
0.300000, 1.700000, 0.846829
0.350000, 1.700000, 0.579226
0.400000, 1.700000, -0.173695
0.450000, 1.700000, -0.935885
0.500000, 1.700000, -1.249636
0.550000, 1.700000, -0.946304
0.600000, 1.700000, -0.236824
0.650000, 1.700000, 0.428891
0.700000, 1.700000, 0.643975
0.750000, 1.700000, 0.293928
0.800000, 1.700000, -0.378512
0.850000, 1.700000, -0.929976
0.900000, 1.700000, -0.995318
0.950000, 1.700000, -0.515127
1.000000, 1.700000, 0.228924
1.050000, 1.700000, 0.792350
1.100000, 1.700000, 0.848781
1.150000, 1.700000, 0.398629
1.200000, 1.700000, -0.225485
1.250000, 1.700000, -0.562288
1.300000, 1.700000, -0.310548
1.350000, 1.700000, 0.475286
1.400000, 1.700000, 1.405666
1.450000, 1.700000, 1.984392
1.500000, 1.700000, 1.908637
1.550000, 1.700000, 1.258157
1.600000, 1.700000, 0.456199
1.650000, 1.700000, 0.021850
1.700000, 1.700000, 0.260441
1.750000, 1.700000, 1.077773
1.800000, 1.700000, 2.031174
1.850000, 1.700000, 2.588827
1.900000, 1.700000, 2.443686
1.950000, 1.700000, 1.695082
2.000000, 1.700000, 0.790019
0.000000, 1.750000, -1.006289
0.050000, 1.750000, -1.797712
0.100000, 1.750000, -2.059001
0.150000, 1.750000, -1.587975
0.200000, 1.750000, -0.639013
0.250000, 1.750000, 0.239264
0.300000, 1.750000, 0.548130
0.350000, 1.750000, 0.146613
0.400000, 1.750000, -0.670009
0.450000, 1.750000, -1.366802
0.500000, 1.750000, -1.511716
0.550000, 1.750000, -1.044070
0.600000, 1.750000, -0.299508
0.650000, 1.750000, 0.219829
0.700000, 1.750000, 0.177463
0.750000, 1.750000, -0.379320
0.800000, 1.750000, -1.055637
0.850000, 1.750000, -1.373414
0.900000, 1.750000, -1.089566
0.950000, 1.750000, -0.358917
1.000000, 1.750000, 0.365644
1.050000, 1.750000, 0.631621
1.100000, 1.750000, 0.289344
1.150000, 1.750000, -0.400552
1.200000, 1.750000, -0.928320
1.250000, 1.750000, -0.864204
1.300000, 1.750000, -0.143986
1.350000, 1.750000, 0.875494
1.400000, 1.750000, 1.631304
1.450000, 1.750000, 1.706582
1.500000, 1.750000, 1.096670
1.550000, 1.750000, 0.218363
1.600000, 1.750000, -0.346524
1.650000, 1.750000, -0.213152
1.700000, 1.750000, 0.566637
1.750000, 1.750000, 1.538016
1.800000, 1.750000, 2.128585
1.850000, 1.750000, 2.005014
1.900000, 1.750000, 1.276444
1.950000, 1.750000, 0.418582
2.000000, 1.750000, -0.029946
0.000000, 1.800000, -1.191853
0.050000, 1.800000, -2.010074
0.100000, 1.800000, -2.262801
0.150000, 1.800000, -1.752205
0.200000, 1.800000, -0.782491
0.250000, 1.800000, 0.045437
0.300000, 1.800000, 0.232144
0.350000, 1.800000, -0.295728
0.400000, 1.800000, -1.148984
0.450000, 1.800000, -1.746957
0.500000, 1.800000, -1.709293
0.550000, 1.800000, -1.103133
0.600000, 1.800000, -0.381663
0.650000, 1.800000, -0.061083
0.700000, 1.800000, -0.360261
0.750000, 1.800000, -1.050565
0.800000, 1.800000, -1.617695
0.850000, 1.800000, -1.622700
0.900000, 1.800000, -1.012380
0.950000, 1.800000, -0.163525
1.000000, 1.800000, 0.372226
1.050000, 1.800000, 0.250103
1.100000, 1.800000, -0.421343
1.150000, 1.800000, -1.141250
1.200000, 1.800000, -1.348853
1.250000, 1.800000, -0.805309
1.300000, 1.800000, 0.233808
1.350000, 1.800000, 1.175586
1.400000, 1.800000, 1.475476
1.450000, 1.800000, 0.995789
1.500000, 1.800000, 0.097532
1.550000, 1.800000, -0.596542
1.600000, 1.800000, -0.610395
1.650000, 1.800000, 0.076700
1.700000, 1.800000, 1.025152
1.750000, 1.800000, 1.633698
1.800000, 1.800000, 1.539374
1.850000, 1.800000, 0.851085
1.900000, 1.800000, 0.063801
1.950000, 1.800000, -0.283273
2.000000, 1.800000, 0.030160
0.000000, 1.850000, -1.365820
0.050000, 1.850000, -2.212893
0.100000, 1.850000, -2.457082
0.150000, 1.850000, -1.907459
0.200000, 1.850000, -0.922607
0.250000, 1.850000, -0.155183
0.300000, 1.850000, -0.095913
0.350000, 1.850000, -0.738524
0.400000, 1.850000, -1.598608
0.450000, 1.850000, -2.067078
0.500000, 1.850000, -1.842552
0.550000, 1.850000, -1.134462
0.600000, 1.850000, -0.495855
0.650000, 1.850000, -0.411200
0.700000, 1.850000, -0.939238
0.750000, 1.850000, -1.669346
0.800000, 1.850000, -2.022626
0.850000, 1.850000, -1.679411
0.900000, 1.850000, -0.822415
0.950000, 1.850000, -0.016188
1.000000, 1.850000, 0.194854
1.050000, 1.850000, -0.316784
1.100000, 1.850000, -1.156641
1.150000, 1.850000, -1.675805
1.200000, 1.850000, -1.426071
1.250000, 1.850000, -0.481770
1.300000, 1.850000, 0.601370
1.350000, 1.850000, 1.164780
1.400000, 1.850000, 0.899186
1.450000, 1.850000, 0.053976
1.500000, 1.850000, -0.741727
1.550000, 1.850000, -0.918625
1.600000, 1.850000, -0.357665
1.650000, 1.850000, 0.541138
1.700000, 1.850000, 1.154535
1.750000, 1.850000, 1.081857
1.800000, 1.850000, 0.422815
1.850000, 1.850000, -0.307211
1.900000, 1.850000, -0.558133
1.950000, 1.850000, -0.144846
2.000000, 1.850000, 0.622914
0.000000, 1.900000, -1.528137
0.050000, 1.900000, -2.405500
0.100000, 1.900000, -2.640490
0.150000, 1.900000, -2.051903
0.200000, 1.900000, -1.057253
0.250000, 1.900000, -0.359564
0.300000, 1.900000, -0.430349
0.350000, 1.900000, -1.172254
0.400000, 1.900000, -2.007649
0.450000, 1.900000, -2.320242
0.500000, 1.900000, -1.914739
0.550000, 1.900000, -1.150144
0.600000, 1.900000, -0.651022
0.650000, 1.900000, -0.819897
0.700000, 1.900000, -1.522977
0.750000, 1.900000, -2.188984
0.800000, 1.900000, -2.247070
0.850000, 1.900000, -1.571572
0.900000, 1.900000, -0.593640
0.950000, 1.900000, 0.010553
1.000000, 1.900000, -0.174536
1.050000, 1.900000, -0.983235
1.100000, 1.900000, -1.777437
1.150000, 1.900000, -1.909721
1.200000, 1.900000, -1.200218
1.250000, 1.900000, -0.073758
1.300000, 1.900000, 0.745616
1.350000, 1.900000, 0.758023
1.400000, 1.900000, 0.043463
1.450000, 1.900000, -0.810014
1.500000, 1.900000, -1.147701
1.550000, 1.900000, -0.728312
1.600000, 1.900000, 0.112977
1.650000, 1.900000, 0.734086
1.700000, 1.900000, 0.679459
1.750000, 1.900000, 0.023354
1.800000, 1.900000, -0.694403
1.850000, 1.900000, -0.888067
1.900000, 1.900000, -0.380007
1.950000, 1.900000, 0.457701
2.000000, 1.900000, 0.984198
0.000000, 1.950000, -1.678821
0.050000, 1.950000, -2.587197
0.100000, 1.950000, -2.811582
0.150000, 1.950000, -2.183601
0.200000, 1.950000, -1.184200
0.250000, 1.950000, -0.564455
0.300000, 1.950000, -0.765185
0.350000, 1.950000, -1.587473
0.400000, 1.950000, -2.366080
0.450000, 1.950000, -2.502172
0.500000, 1.950000, -1.931910
0.550000, 1.950000, -1.162427
0.600000, 1.950000, -0.851553
0.650000, 1.950000, -1.269288
0.700000, 1.950000, -2.072072
0.750000, 1.950000, -2.572006
0.800000, 1.950000, -2.289300
0.850000, 1.950000, -1.348894
0.900000, 1.950000, -0.401951
0.950000, 1.950000, -0.126649
1.000000, 1.950000, -0.696380
1.050000, 1.950000, -1.633610
1.100000, 1.950000, -2.168741
1.150000, 1.950000, -1.828859
1.200000, 1.950000, -0.800402
1.250000, 1.950000, 0.215180
1.300000, 1.950000, 0.539341
1.350000, 1.950000, 0.029423
1.400000, 1.950000, -0.829436
1.450000, 1.950000, -1.318414
1.500000, 1.950000, -1.050546
1.550000, 1.950000, -0.262838
1.600000, 1.950000, 0.390311
1.650000, 1.950000, 0.372522
1.700000, 1.950000, -0.298881
1.750000, 1.950000, -1.064246
1.800000, 1.950000, -1.271214
1.850000, 1.950000, -0.704518
1.900000, 1.950000, 0.227963
1.950000, 1.950000, 0.806407
2.000000, 1.950000, 0.567108
0.000000, 2.000000, -1.817910
0.050000, 2.000000, -2.757237
0.100000, 2.000000, -2.968851
0.150000, 2.000000, -2.300582
0.200000, 2.000000, -1.301197
0.250000, 2.000000, -0.766532
0.300000, 2.000000, -1.094377
0.350000, 2.000000, -1.975145
0.400000, 2.000000, -2.665483
0.450000, 2.000000, -2.611421
0.500000, 2.000000, -1.902529
0.550000, 2.000000, -1.182795
0.600000, 2.000000, -1.096770
0.650000, 2.000000, -1.735681
0.700000, 2.000000, -2.548218
0.750000, 2.000000, -2.794546
0.800000, 2.000000, -2.169255
0.850000, 2.000000, -1.074747
0.900000, 2.000000, -0.311642
0.950000, 2.000000, -0.433404
1.000000, 2.000000, -1.292211
1.050000, 2.000000, -2.150364
1.100000, 2.000000, -2.270158
1.150000, 2.000000, -1.503775
1.200000, 2.000000, -0.404676
1.250000, 2.000000, 0.226516
1.300000, 2.000000, -0.012600
1.350000, 2.000000, -0.816612
1.400000, 2.000000, -1.445687
1.450000, 2.000000, -1.348515
1.500000, 2.000000, -0.616322
1.550000, 2.000000, 0.106340
1.600000, 2.000000, 0.175483
1.650000, 2.000000, -0.498462
1.700000, 2.000000, -1.361526
1.750000, 2.000000, -1.670355
1.800000, 2.000000, -1.115363
1.850000, 2.000000, -0.094339
1.900000, 2.000000, 0.596879
1.950000, 2.000000, 0.409527
2.000000, 2.000000, -0.504227
