0.000000, 0.000000, 1.754691
0.050000, 0.000000, 1.379319
0.100000, 0.000000, 1.122671
0.150000, 0.000000, 1.022282
0.200000, 0.000000, 1.103014
0.250000, 0.000000, 1.374205
0.300000, 0.000000, 1.828208
0.350000, 0.000000, 2.440486
0.400000, 0.000000, 3.171296
0.450000, 0.000000, 3.968829
0.500000, 0.000000, 4.773553
0.550000, 0.000000, 5.523358
0.600000, 0.000000, 6.159048
0.650000, 0.000000, 6.629674
0.700000, 0.000000, 6.897211
0.750000, 0.000000, 6.940128
0.800000, 0.000000, 6.755531
0.850000, 0.000000, 6.359645
0.900000, 0.000000, 5.786594
0.950000, 0.000000, 5.085567
1.000000, 0.000000, 4.316624
1.050000, 0.000000, 3.545520
1.100000, 0.000000, 2.838008
1.150000, 0.000000, 2.254150
1.200000, 0.000000, 1.843133
1.250000, 0.000000, 1.639082
1.300000, 0.000000, 1.658221
1.350000, 0.000000, 1.897657
1.400000, 0.000000, 2.335860
1.450000, 0.000000, 2.934803
1.500000, 0.000000, 3.643537
1.550000, 0.000000, 4.402868
1.600000, 0.000000, 5.150685
1.650000, 0.000000, 5.827455
1.700000, 0.000000, 6.381370
1.750000, 0.000000, 6.772687
1.800000, 0.000000, 6.976869
1.850000, 0.000000, 6.986269
1.900000, 0.000000, 6.810225
1.950000, 0.000000, 6.473598
2.000000, 0.000000, 6.013924
0.000000, 0.050000, 1.767969
0.050000, 0.050000, 1.458099
0.100000, 0.050000, 1.260883
0.150000, 0.050000, 1.210183
0.200000, 0.050000, 1.327726
0.250000, 0.050000, 1.620428
0.300000, 0.050000, 2.079063
0.350000, 0.050000, 2.678451
0.400000, 0.050000, 3.379173
0.450000, 0.050000, 4.130695
0.500000, 0.050000, 4.875639
0.550000, 0.050000, 5.554811
0.600000, 0.050000, 6.112531
0.650000, 0.050000, 6.501773
0.700000, 0.050000, 6.688621
0.750000, 0.050000, 6.655619
0.800000, 0.050000, 6.403681
0.850000, 0.050000, 5.952369
0.900000, 0.050000, 5.338486
0.950000, 0.050000, 4.613091
1.000000, 0.050000, 3.837210
1.050000, 0.050000, 3.076595
1.100000, 0.050000, 2.396041
1.150000, 0.050000, 1.853736
1.200000, 0.050000, 1.496191
1.250000, 0.050000, 1.354196
1.300000, 0.050000, 1.440166
1.350000, 0.050000, 1.747137
1.400000, 0.050000, 2.249468
1.450000, 0.050000, 2.905211
1.500000, 0.050000, 3.659905
1.550000, 0.050000, 4.451438
1.600000, 0.050000, 5.215547
1.650000, 0.050000, 5.891425
1.700000, 0.050000, 6.426941
1.750000, 0.050000, 6.782997
1.800000, 0.050000, 6.936635
1.850000, 0.050000, 6.882632
1.900000, 0.050000, 6.633462
1.950000, 0.050000, 6.217660
2.000000, 0.050000, 5.676771
0.000000, 0.100000, 1.818997
0.050000, 0.100000, 1.568558
0.100000, 0.100000, 1.421034
0.150000, 0.100000, 1.407155
0.200000, 0.100000, 1.546228
0.250000, 0.100000, 1.843594
0.300000, 0.100000, 2.289388
0.350000, 0.100000, 2.858757
0.400000, 0.100000, 3.513560
0.450000, 0.100000, 4.205421
0.500000, 0.100000, 4.879882
0.550000, 0.100000, 5.481267
0.600000, 0.100000, 5.957823
0.650000, 0.100000, 6.266638
0.700000, 0.100000, 6.377871
0.750000, 0.100000, 6.277880
0.800000, 0.100000, 5.970918
0.850000, 0.100000, 5.479230
0.900000, 0.100000, 4.841492
0.950000, 0.100000, 4.109732
1.000000, 0.100000, 3.344978
1.050000, 0.100000, 2.612026
1.100000, 0.100000, 1.973800
1.150000, 0.100000, 1.485815
1.200000, 0.100000, 1.191250
1.250000, 0.100000, 1.117090
1.300000, 0.100000, 1.271682
1.350000, 0.100000, 1.643954
1.400000, 0.100000, 2.204348
1.450000, 0.100000, 2.907405
1.500000, 0.100000, 3.695750
1.550000, 0.100000, 4.505122
1.600000, 0.100000, 5.269987
1.650000, 0.100000, 5.929218
1.700000, 0.100000, 6.431332
1.750000, 0.100000, 6.738813
1.800000, 0.100000, 6.831130
1.850000, 0.100000, 6.706198
1.900000, 0.100000, 6.380167
1.950000, 0.100000, 5.885586
2.000000, 0.100000, 5.268126
0.000000, 0.150000, 1.903060
0.050000, 0.150000, 1.702310
0.100000, 0.150000, 1.591606
0.150000, 0.150000, 1.599266
0.200000, 0.150000, 1.743030
0.250000, 0.150000, 2.027605
0.300000, 0.150000, 2.443461
0.350000, 0.150000, 2.967028
0.400000, 0.150000, 3.562331
0.450000, 0.150000, 4.183921
0.500000, 0.150000, 4.780864
0.550000, 0.150000, 5.301418
0.600000, 0.150000, 5.697950
0.650000, 0.150000, 5.931630
0.700000, 0.150000, 5.976438
0.750000, 0.150000, 5.822077
0.800000, 0.150000, 5.475488
0.850000, 0.150000, 4.960796
0.900000, 0.150000, 4.317653
0.950000, 0.150000, 3.598095
1.000000, 0.150000, 2.862196
1.050000, 0.150000, 2.172891
1.100000, 0.150000, 1.590435
1.150000, 0.150000, 1.167018
1.200000, 0.150000, 0.942018
1.250000, 0.150000, 0.938355
1.300000, 0.150000, 1.160277
1.350000, 0.150000, 1.592798
1.400000, 0.150000, 2.202853
1.450000, 0.150000, 2.942076
1.500000, 0.150000, 3.750946
1.550000, 0.150000, 4.563936
1.600000, 0.150000, 5.315195
1.650000, 0.150000, 5.944248
1.700000, 0.150000, 6.401199
1.750000, 0.150000, 6.650960
1.800000, 0.150000, 6.676144
1.850000, 0.150000, 6.478344
1.900000, 0.150000, 6.077729
1.950000, 0.150000, 5.510973
2.000000, 0.150000, 4.827763
0.000000, 0.200000, 2.012637
0.050000, 0.200000, 1.848698
0.100000, 0.200000, 1.759524
0.150000, 0.200000, 1.771875
0.200000, 0.200000, 1.902868
0.250000, 0.200000, 2.157554
0.300000, 0.200000, 2.527699
0.350000, 0.200000, 2.991908
0.400000, 0.200000, 3.517141
0.450000, 0.200000, 4.061486
0.500000, 0.200000, 4.577950
0.550000, 0.200000, 5.018922
0.600000, 0.200000, 5.340860
0.650000, 0.200000, 5.508763
0.700000, 0.200000, 5.499966
0.750000, 0.200000, 5.306868
0.800000, 0.200000, 4.938301
0.850000, 0.200000, 4.419370
0.900000, 0.200000, 3.789745
0.950000, 0.200000, 3.100515
1.000000, 0.200000, 2.409901
1.050000, 0.200000, 1.778175
1.100000, 0.200000, 1.262273
1.150000, 0.200000, 0.910590
1.200000, 0.200000, 0.758447
1.250000, 0.200000, 0.824669
1.300000, 0.200000, 1.109593
1.350000, 0.200000, 1.594732
1.400000, 0.200000, 2.244118
1.450000, 0.200000, 3.007242
1.500000, 0.200000, 3.823320
1.550000, 0.200000, 4.626510
1.600000, 0.200000, 5.351618
1.650000, 0.200000, 5.939754
1.700000, 0.200000, 6.343453
1.750000, 0.200000, 6.530772
1.800000, 0.200000, 6.488001
1.850000, 0.200000, 6.220751
1.900000, 0.200000, 5.753316
1.950000, 0.200000, 5.126386
2.000000, 0.200000, 4.393323
0.000000, 0.250000, 2.137884
0.050000, 0.250000, 1.995455
0.100000, 0.250000, 1.910946
0.150000, 0.250000, 1.910506
0.200000, 0.250000, 2.011610
0.250000, 0.250000, 2.220619
0.300000, 0.250000, 2.531486
0.350000, 0.250000, 2.925767
0.400000, 0.250000, 3.373969
0.450000, 0.250000, 3.838135
0.500000, 0.250000, 4.275416
0.550000, 0.250000, 4.642303
0.600000, 0.250000, 4.899096
0.650000, 0.250000, 5.014158
0.700000, 0.250000, 4.967532
0.750000, 0.250000, 4.753517
0.800000, 0.250000, 4.381934
0.850000, 0.250000, 3.877918
0.900000, 0.250000, 3.280197
0.950000, 0.250000, 2.638016
1.000000, 0.250000, 2.006939
1.050000, 0.250000, 1.443925
1.100000, 0.250000, 1.002122
1.150000, 0.250000, 0.725870
1.200000, 0.250000, 0.646398
1.250000, 0.250000, 0.778626
1.300000, 0.250000, 1.119390
1.350000, 0.250000, 1.647301
1.400000, 0.250000, 2.324249
1.450000, 0.250000, 3.098459
1.500000, 0.250000, 3.908832
1.550000, 0.250000, 4.690180
1.600000, 0.250000, 5.378890
1.650000, 0.250000, 5.918499
1.700000, 0.250000, 6.264679
1.750000, 0.250000, 6.389161
1.800000, 0.250000, 6.282241
1.850000, 0.250000, 5.953651
1.900000, 0.250000, 5.431687
1.950000, 0.250000, 4.760708
2.000000, 0.250000, 3.997201
0.000000, 0.300000, 2.267270
0.050000, 0.300000, 2.129474
0.100000, 0.300000, 2.032124
0.150000, 0.300000, 2.001745
0.200000, 0.300000, 2.057138
0.250000, 0.300000, 2.206870
0.300000, 0.300000, 2.447858
0.350000, 0.300000, 2.765225
0.400000, 0.300000, 3.133449
0.450000, 0.300000, 3.518728
0.500000, 0.300000, 3.882334
0.550000, 0.300000, 4.184612
0.600000, 0.300000, 4.389239
0.650000, 0.300000, 4.467300
0.700000, 0.300000, 4.400748
0.750000, 0.300000, 4.184882
0.800000, 0.300000, 3.829562
0.850000, 0.300000, 3.358989
0.900000, 0.300000, 2.810054
0.950000, 0.300000, 2.229351
1.000000, 0.300000, 1.669136
1.050000, 0.300000, 1.182582
1.100000, 0.300000, 0.818784
1.150000, 0.300000, 0.617992
1.200000, 0.300000, 0.607527
1.250000, 0.300000, 0.798806
1.300000, 0.300000, 1.185760
1.350000, 0.300000, 1.744850
1.400000, 0.300000, 2.436695
1.450000, 0.300000, 3.209198
1.500000, 0.300000, 4.001901
1.550000, 0.300000, 4.751186
1.600000, 0.300000, 5.395854
1.650000, 0.300000, 5.882566
1.700000, 0.300000, 6.170651
1.750000, 0.300000, 6.235829
1.800000, 0.300000, 6.072498
1.850000, 0.300000, 5.694373
1.900000, 0.300000, 5.133397
1.950000, 0.300000, 4.437031
2.000000, 0.300000, 3.664153
0.000000, 0.350000, 2.388332
0.050000, 0.350000, 2.237647
0.100000, 0.350000, 2.110277
0.150000, 0.350000, 2.034097
0.200000, 0.350000, 2.030132
0.250000, 0.350000, 2.109935
0.300000, 0.350000, 2.274010
0.350000, 0.350000, 2.511467
0.400000, 0.350000, 2.800962
0.450000, 0.350000, 3.112830
0.500000, 0.350000, 3.412213
0.550000, 0.350000, 3.662849
0.600000, 0.350000, 3.831152
0.650000, 0.350000, 3.890128
0.700000, 0.350000, 3.822744
0.750000, 0.350000, 3.624343
0.800000, 0.350000, 3.303864
0.850000, 0.350000, 2.883674
0.900000, 0.350000, 2.398019
0.950000, 0.350000, 1.890186
1.000000, 0.350000, 1.408645
1.050000, 0.350000, 1.002516
1.100000, 0.350000, 0.716798
1.150000, 0.350000, 0.587828
1.200000, 0.350000, 0.639417
1.250000, 0.350000, 0.880063
1.300000, 0.350000, 1.301538
1.350000, 0.350000, 1.879017
1.400000, 0.350000, 2.572779
1.450000, 0.350000, 3.331348
1.500000, 0.350000, 4.095819
1.550000, 0.350000, 4.804964
1.600000, 0.350000, 5.400681
1.650000, 0.350000, 5.833264
1.700000, 0.350000, 6.066004
1.750000, 0.350000, 6.078691
1.800000, 0.350000, 5.869677
1.850000, 0.350000, 5.456289
1.900000, 0.350000, 4.873541
1.950000, 0.350000, 4.171249
2.000000, 0.350000, 3.409797
0.000000, 0.400000, 2.488498
0.050000, 0.400000, 2.307725
0.100000, 0.400000, 2.134436
0.150000, 0.400000, 1.998756
0.200000, 0.400000, 1.924721
0.250000, 0.400000, 1.927493
0.300000, 0.400000, 2.011589
0.350000, 0.400000, 2.170318
0.400000, 0.400000, 2.386492
0.450000, 0.400000, 2.634339
0.500000, 0.400000, 2.882411
0.550000, 0.400000, 3.097199
0.600000, 0.400000, 3.247053
0.650000, 0.400000, 3.306006
0.700000, 0.400000, 3.257078
0.750000, 0.400000, 3.094702
0.800000, 0.400000, 2.825984
0.850000, 0.400000, 2.470652
0.900000, 0.400000, 2.059642
0.950000, 0.400000, 1.632455
1.000000, 0.400000, 1.233501
1.050000, 0.400000, 0.907795
1.100000, 0.400000, 0.696411
1.150000, 0.400000, 0.632162
1.200000, 0.400000, 0.735924
1.250000, 0.400000, 1.014015
1.300000, 0.400000, 1.456897
1.350000, 0.400000, 2.039380
1.400000, 0.400000, 2.722338
1.450000, 0.400000, 3.455815
1.500000, 0.400000, 4.183265
1.550000, 0.400000, 4.846523
1.600000, 0.400000, 5.391083
1.650000, 0.400000, 5.771161
1.700000, 0.400000, 5.954080
1.750000, 0.400000, 5.923543
1.800000, 0.400000, 5.681474
1.850000, 0.400000, 5.248228
1.900000, 0.400000, 4.661131
1.950000, 0.400000, 3.971461
2.000000, 0.400000, 3.240129
0.000000, 0.450000, 2.555932
0.050000, 0.450000, 2.329147
0.100000, 0.450000, 2.096197
0.150000, 0.450000, 1.890246
0.200000, 0.450000, 1.738966
0.250000, 0.450000, 1.661560
0.300000, 0.450000, 1.666769
0.350000, 0.450000, 1.752087
0.400000, 0.450000, 1.904239
0.450000, 0.450000, 2.100888
0.500000, 0.450000, 2.313357
0.550000, 0.450000, 2.510092
0.600000, 0.450000, 2.660481
0.650000, 0.450000, 2.738627
0.700000, 0.450000, 2.726642
0.750000, 0.450000, 2.617136
0.800000, 0.450000, 2.414575
0.850000, 0.450000, 2.135377
0.900000, 0.450000, 1.806684
0.950000, 0.450000, 1.463928
1.000000, 0.450000, 1.147402
1.050000, 0.450000, 0.898178
1.100000, 0.450000, 0.753785
1.150000, 0.450000, 0.744078
1.200000, 0.450000, 0.887723
1.250000, 0.450000, 1.189700
1.300000, 0.450000, 1.640071
1.350000, 0.450000, 2.214203
1.400000, 0.450000, 2.874452
1.450000, 0.450000, 3.573180
1.500000, 0.450000, 4.256857
1.550000, 0.450000, 4.870872
1.600000, 0.450000, 5.364593
1.650000, 0.450000, 5.696223
1.700000, 0.450000, 5.836950
1.750000, 0.450000, 5.773999
1.800000, 0.450000, 5.512276
1.850000, 0.450000, 5.074401
1.900000, 0.450000, 4.499120
1.950000, 0.450000, 3.838194
2.000000, 0.450000, 3.152049
0.000000, 0.500000, 2.580354
0.050000, 0.500000, 2.293789
0.100000, 0.500000, 1.990356
0.150000, 0.500000, 1.706887
0.200000, 0.500000, 1.475128
0.250000, 0.500000, 1.318539
0.300000, 0.500000, 1.250073
0.350000, 0.500000, 1.271167
0.400000, 0.500000, 1.372010
0.450000, 0.500000, 1.533055
0.500000, 0.500000, 1.727605
0.550000, 0.500000, 1.925160
0.600000, 0.500000, 2.095193
0.650000, 0.500000, 2.210908
0.700000, 0.500000, 2.252602
0.750000, 0.500000, 2.210244
0.800000, 0.500000, 2.084987
0.850000, 0.500000, 1.889448
0.900000, 0.500000, 1.646688
0.950000, 0.500000, 1.388002
1.000000, 0.500000, 1.149722
1.050000, 0.500000, 0.969346
1.100000, 0.500000, 0.881416
1.150000, 0.500000, 0.913541
1.200000, 0.500000, 1.083013
1.250000, 0.500000, 1.394366
1.300000, 0.500000, 1.838179
1.350000, 0.500000, 2.391252
1.400000, 0.500000, 3.018207
1.450000, 0.500000, 3.674376
1.500000, 0.500000, 4.309727
1.550000, 0.500000, 4.873474
1.600000, 0.500000, 5.318919
1.650000, 0.500000, 5.608077
1.700000, 0.500000, 5.715611
1.750000, 0.500000, 5.631680
1.800000, 0.500000, 5.363412
1.850000, 0.500000, 4.934803
1.900000, 0.500000, 4.385046
1.950000, 0.500000, 3.765385
2.000000, 0.500000, 3.134783
0.000000, 0.550000, 2.553782
0.050000, 0.550000, 2.196584
0.100000, 0.550000, 1.815365
0.150000, 0.550000, 1.451065
0.200000, 0.550000, 1.139724
0.250000, 0.550000, 0.909049
0.300000, 0.550000, 0.775974
0.350000, 0.550000, 0.745428
0.400000, 0.550000, 0.810421
0.450000, 0.550000, 0.953413
0.500000, 0.550000, 1.148784
0.550000, 0.550000, 1.366135
0.600000, 0.550000, 1.574054
0.650000, 0.550000, 1.743938
0.700000, 0.550000, 1.853446
0.750000, 0.550000, 1.889231
0.800000, 0.550000, 1.848636
0.850000, 0.550000, 1.740183
0.900000, 0.550000, 1.582776
0.950000, 0.550000, 1.403725
1.000000, 0.550000, 1.235753
1.050000, 0.550000, 1.113339
1.100000, 0.550000, 1.068737
1.150000, 0.550000, 1.128135
1.200000, 0.550000, 1.308334
1.250000, 0.550000, 1.614333
1.300000, 0.550000, 2.038087
1.350000, 0.550000, 2.558612
1.400000, 0.550000, 3.143440
1.450000, 0.550000, 3.751347
1.500000, 0.550000, 4.336071
1.550000, 0.550000, 4.850704
1.600000, 0.550000, 5.252311
1.650000, 0.550000, 5.506335
1.700000, 0.550000, 5.590329
1.750000, 0.550000, 5.496637
1.800000, 0.550000, 5.233730
1.850000, 0.550000, 4.826028
1.900000, 0.550000, 4.312187
1.950000, 0.550000, 3.741982
2.000000, 0.550000, 3.172040
0.000000, 0.600000, 2.471149
0.050000, 0.600000, 2.035982
0.100000, 0.600000, 1.573598
0.150000, 0.600000, 1.129274
0.200000, 0.600000, 0.743339
0.250000, 0.600000, 0.447519
0.300000, 0.600000, 0.262278
0.350000, 0.600000, 0.195407
0.400000, 0.600000, 0.241952
0.450000, 0.600000, 0.385480
0.500000, 0.600000, 0.600494
0.550000, 0.600000, 0.855731
0.600000, 0.600000, 1.117984
0.650000, 0.600000, 1.356015
0.700000, 0.600000, 1.544170
0.750000, 0.600000, 1.665282
0.800000, 0.600000, 1.712586
0.850000, 0.600000, 1.690424
0.900000, 0.600000, 1.613687
0.950000, 0.600000, 1.506043
1.000000, 0.600000, 1.397155
1.050000, 0.600000, 1.319168
1.100000, 0.600000, 1.302867
1.150000, 0.600000, 1.373895
1.200000, 0.600000, 1.549458
1.250000, 0.600000, 1.835877
1.300000, 0.600000, 2.227260
1.350000, 0.600000, 2.705475
1.400000, 0.600000, 3.241439
1.450000, 0.600000, 3.797641
1.500000, 0.600000, 4.331647
1.550000, 0.600000, 4.800264
1.600000, 0.600000, 5.163943
1.650000, 0.600000, 5.390982
1.700000, 0.600000, 5.461091
1.750000, 0.600000, 5.367940
1.800000, 0.600000, 5.120414
1.850000, 0.600000, 4.742402
1.900000, 0.600000, 4.271101
1.950000, 0.600000, 3.753975
2.000000, 0.600000, 3.244611
0.000000, 0.650000, 2.330760
0.050000, 0.650000, 1.814208
0.100000, 0.650000, 1.271397
0.150000, 0.650000, 0.751938
0.200000, 0.650000, 0.300226
0.250000, 0.650000, -0.048435
0.300000, 0.650000, -0.270676
0.350000, 0.650000, -0.356632
0.400000, 0.650000, -0.310111
0.450000, 0.650000, -0.147390
0.500000, 0.650000, 0.105193
0.550000, 0.650000, 0.414599
0.600000, 0.650000, 0.744999
0.650000, 0.650000, 1.061845
0.700000, 0.650000, 1.335658
0.750000, 0.650000, 1.545150
0.800000, 0.650000, 1.679357
0.850000, 0.650000, 1.738576
0.900000, 0.650000, 1.734025
0.950000, 0.650000, 1.686264
1.000000, 0.650000, 1.622577
1.050000, 0.650000, 1.573584
1.100000, 0.650000, 1.569466
1.150000, 0.650000, 1.636213
1.200000, 0.650000, 1.792288
1.250000, 0.650000, 2.046103
1.300000, 0.650000, 2.394557
1.350000, 0.650000, 2.822842
1.400000, 0.650000, 3.305537
1.450000, 0.650000, 3.808907
1.500000, 0.650000, 4.294191
1.550000, 0.650000, 4.721548
1.600000, 0.650000, 5.054260
1.650000, 0.650000, 5.262768
1.700000, 0.650000, 5.328108
1.750000, 0.650000, 5.244375
1.800000, 0.650000, 5.019948
1.850000, 0.650000, 4.677292
1.900000, 0.650000, 4.251351
1.950000, 0.650000, 3.786613
2.000000, 0.650000, 3.333139
0.000000, 0.700000, 2.134560
0.050000, 0.700000, 1.537320
0.100000, 0.700000, 0.918894
0.150000, 0.700000, 0.333010
0.200000, 0.700000, -0.172307
0.250000, 0.700000, -0.558797
0.300000, 0.700000, -0.800965
0.350000, 0.700000, -0.887753
0.400000, 0.700000, -0.822775
0.450000, 0.700000, -0.623111
0.500000, 0.700000, -0.316849
0.550000, 0.700000, 0.060371
0.600000, 0.700000, 0.469418
0.650000, 0.700000, 0.871922
0.700000, 0.700000, 1.234274
0.750000, 0.700000, 1.530970
0.800000, 0.700000, 1.746973
0.850000, 0.700000, 1.878873
0.900000, 0.700000, 1.934733
0.950000, 0.700000, 1.932686
1.000000, 0.700000, 1.898432
1.050000, 0.700000, 1.861928
1.100000, 0.700000, 1.853636
1.150000, 0.700000, 1.900738
1.200000, 0.700000, 2.023723
1.250000, 0.700000, 2.233729
1.300000, 0.700000, 2.530925
1.350000, 0.700000, 2.904107
1.400000, 0.700000, 3.331586
1.450000, 0.700000, 3.783266
1.500000, 0.700000, 4.223711
1.550000, 0.700000, 4.615899
1.600000, 0.700000, 4.925258
1.650000, 0.700000, 5.123572
1.700000, 0.700000, 5.192331
1.750000, 0.700000, 5.125171
1.800000, 0.700000, 4.929115
1.850000, 0.700000, 4.624453
1.900000, 0.700000, 4.243250
1.950000, 0.700000, 3.826579
2.000000, 0.700000, 3.420741
0.000000, 0.750000, 1.888191
0.050000, 0.750000, 1.215032
0.100000, 0.750000, 0.529617
0.150000, 0.750000, -0.110638
0.200000, 0.750000, -0.654691
0.250000, 0.750000, -1.062098
0.300000, 0.750000, -1.306116
0.350000, 0.750000, -1.375440
0.400000, 0.750000, -1.274437
0.450000, 0.750000, -1.021903
0.500000, 0.750000, -0.648493
0.550000, 0.750000, -0.193130
0.600000, 0.750000, 0.301244
0.650000, 0.750000, 0.792128
0.700000, 0.750000, 1.241684
0.750000, 0.750000, 1.620313
0.800000, 0.750000, 1.909236
0.850000, 0.750000, 2.101846
0.900000, 0.750000, 2.203728
0.950000, 0.750000, 2.231373
1.000000, 0.750000, 2.209754
1.050000, 0.750000, 2.169040
1.100000, 0.750000, 2.140821
1.150000, 0.750000, 2.154234
1.200000, 0.750000, 2.232433
1.250000, 0.750000, 2.389764
1.300000, 0.750000, 2.629948
1.350000, 0.750000, 2.945476
1.400000, 0.750000, 3.318265
1.450000, 0.750000, 3.721529
1.500000, 0.750000, 4.122651
1.550000, 0.750000, 4.486770
1.600000, 0.750000, 4.780689
1.650000, 0.750000, 4.976699
1.700000, 0.750000, 5.055902
1.750000, 0.750000, 5.010665
1.800000, 0.750000, 4.845940
1.850000, 0.750000, 4.579263
1.900000, 0.750000, 4.239418
1.950000, 0.750000, 3.863872
2.000000, 0.750000, 3.495200
0.000000, 0.800000, 1.600831
0.050000, 0.800000, 0.860331
0.100000, 0.800000, 0.119893
0.150000, 0.800000, -0.559989
0.200000, 0.800000, -1.126021
0.250000, 0.800000, -1.536443
0.300000, 0.800000, -1.764199
0.350000, 0.800000, -1.798682
0.400000, 0.800000, -1.645917
0.450000, 0.800000, -1.327226
0.500000, 0.800000, -0.876512
0.550000, 0.800000, -0.336487
0.600000, 0.800000, 0.245785
0.650000, 0.800000, 0.823572
0.700000, 0.800000, 1.354925
0.750000, 0.800000, 1.806473
0.800000, 0.800000, 2.156204
0.850000, 0.800000, 2.394980
0.900000, 0.800000, 2.526686
0.950000, 0.800000, 2.567021
1.000000, 0.800000, 2.541104
1.050000, 0.800000, 2.480158
1.100000, 0.800000, 2.417658
1.150000, 0.800000, 2.385342
1.200000, 0.800000, 2.409511
1.250000, 0.800000, 2.508015
1.300000, 0.800000, 2.688228
1.350000, 0.800000, 2.946222
1.400000, 0.800000, 3.267218
1.450000, 0.800000, 3.627256
1.500000, 0.800000, 3.995911
1.550000, 0.800000, 4.339743
1.600000, 0.800000, 4.626133
1.650000, 0.800000, 4.827072
1.700000, 0.800000, 4.922501
1.750000, 0.800000, 4.902846
1.800000, 0.800000, 4.770445
1.850000, 0.800000, 4.539713
1.900000, 0.800000, 4.235996
1.950000, 0.800000, 3.893210
2.000000, 0.800000, 3.550494
0.000000, 0.850000, 1.284824
0.050000, 0.850000, 0.488897
0.100000, 0.850000, -0.291918
0.150000, 0.850000, -0.994802
0.200000, 0.850000, -1.565073
0.250000, 0.850000, -1.960582
0.300000, 0.850000, -2.154894
0.350000, 0.850000, -2.138994
0.400000, 0.850000, -1.921372
0.450000, 0.850000, -1.526547
0.500000, 0.850000, -0.992174
0.550000, 0.850000, -0.365063
0.600000, 0.850000, 0.303501
0.650000, 0.850000, 0.962669
0.700000, 0.850000, 1.566702
0.750000, 0.850000, 2.078961
0.800000, 0.850000, 2.474858
0.850000, 0.850000, 2.743498
0.900000, 0.850000, 2.887910
0.950000, 0.850000, 2.923868
1.000000, 0.850000, 2.877469
1.050000, 0.850000, 2.781754
1.100000, 0.850000, 2.672727
1.150000, 0.850000, 2.585209
1.200000, 0.850000, 2.548955
1.250000, 0.850000, 2.585430
1.300000, 0.850000, 2.705568
1.350000, 0.850000, 2.908740
1.400000, 0.850000, 3.183010
1.450000, 0.850000, 3.506647
1.500000, 0.850000, 3.850708
1.550000, 0.850000, 4.182417
1.600000, 0.850000, 4.468956
1.650000, 0.850000, 4.681282
1.700000, 0.850000, 4.797540
1.750000, 0.850000, 4.805700
1.800000, 0.850000, 4.705152
1.850000, 0.850000, 4.507051
1.900000, 0.850000, 4.233378
1.950000, 0.850000, 3.914794
2.000000, 0.850000, 3.587503
0.000000, 0.900000, 0.955108
0.050000, 0.900000, 0.118349
0.100000, 0.900000, -0.686320
0.150000, 0.900000, -1.394610
0.200000, 0.900000, -1.951364
0.250000, 0.900000, -2.314967
0.300000, 0.900000, -2.460494
0.350000, 0.900000, -2.381313
0.400000, 0.900000, -2.089046
0.450000, 0.900000, -1.611904
0.500000, 0.900000, -0.991599
0.550000, 0.900000, -0.279134
0.600000, 0.900000, 0.470100
0.650000, 0.900000, 1.201454
0.700000, 0.900000, 1.865898
0.750000, 0.900000, 2.424179
0.800000, 0.900000, 2.849899
0.850000, 0.900000, 3.131245
0.900000, 0.900000, 3.271249
0.950000, 0.900000, 3.286589
1.000000, 0.900000, 3.205101
1.050000, 0.900000, 3.062281
1.100000, 0.900000, 2.897153
1.150000, 0.900000, 2.747937
1.200000, 0.900000, 2.647961
1.250000, 0.900000, 2.622227
1.300000, 0.900000, 2.684966
1.350000, 0.900000, 2.838413
1.400000, 0.900000, 3.072904
1.450000, 0.900000, 3.368261
1.500000, 0.900000, 3.696296
1.550000, 0.900000, 4.024151
1.600000, 0.900000, 4.318115
1.650000, 0.900000, 4.547499
1.700000, 0.900000, 4.688165
1.750000, 0.900000, 4.725316
1.800000, 0.900000, 4.655268
1.850000, 0.900000, 4.485993
1.900000, 0.900000, 4.236397
1.950000, 0.900000, 3.934369
2.000000, 0.900000, 3.613839
0.000000, 0.950000, 0.628493
0.050000, 0.950000, -0.232634
0.100000, 0.950000, -1.043669
0.150000, 0.950000, -1.739757
0.200000, 0.950000, -2.266182
0.250000, 0.950000, -2.582737
0.300000, 0.950000, -2.666785
0.350000, 0.950000, -2.514735
0.400000, 0.950000, -2.141822
0.450000, 0.950000, -1.580249
0.500000, 0.950000, -0.875873
0.550000, 0.950000, -0.083774
0.600000, 0.950000, 0.736867
0.650000, 0.950000, 1.528104
0.700000, 0.950000, 2.238262
0.750000, 0.950000, 2.826235
0.800000, 0.950000, 3.264646
0.850000, 0.950000, 3.541614
0.900000, 0.950000, 3.661000
0.950000, 0.950000, 3.641138
1.000000, 0.950000, 3.512245
1.050000, 0.950000, 3.312762
1.100000, 0.950000, 3.085049
1.150000, 0.950000, 2.870855
1.200000, 0.950000, 2.707017
1.250000, 0.950000, 2.621829
1.300000, 0.950000, 2.632406
1.350000, 0.950000, 2.743300
1.400000, 0.950000, 2.946475
1.450000, 0.950000, 3.222605
1.500000, 0.950000, 3.543545
1.550000, 0.950000, 3.875687
1.600000, 0.950000, 4.183838
1.650000, 0.950000, 4.435205
1.700000, 0.950000, 4.603065
1.750000, 0.950000, 4.669732
1.800000, 0.950000, 4.628520
1.850000, 0.950000, 4.484494
1.900000, 0.950000, 4.253934
1.950000, 0.950000, 3.962576
2.000000, 0.950000, 3.642815
0.000000, 1.000000, 0.322787
0.050000, 1.000000, -0.545279
0.100000, 1.000000, -1.345185
0.150000, 1.000000, -2.012419
0.200000, 1.000000, -2.493559
0.250000, 1.000000, -2.750576
0.300000, 1.000000, -2.763763
0.350000, 1.000000, -2.533038
0.400000, 1.000000, -2.077539
0.450000, 1.000000, -1.433538
0.500000, 1.000000, -0.650916
0.550000, 1.000000, 0.211492
0.600000, 1.000000, 1.091216
0.650000, 1.000000, 1.927654
0.700000, 1.000000, 2.667245
0.750000, 1.000000, 3.267853
0.800000, 1.000000, 3.701965
0.850000, 1.000000, 3.958453
0.900000, 1.000000, 4.042749
0.950000, 1.000000, 3.975482
1.000000, 1.000000, 3.789734
1.050000, 1.000000, 3.527212
1.100000, 1.000000, 3.233749
1.150000, 1.000000, 2.954568
1.200000, 1.000000, 2.729785
1.250000, 1.000000, 2.590593
1.300000, 1.000000, 2.556467
1.350000, 1.000000, 2.633659
1.400000, 1.000000, 2.815082
1.450000, 1.000000, 3.081581
1.500000, 1.000000, 3.404408
1.550000, 1.000000, 3.748644
1.600000, 1.000000, 4.077167
1.650000, 1.000000, 4.354786
1.700000, 1.000000, 4.552069
1.750000, 1.000000, 4.648504
1.800000, 1.000000, 4.634649
1.850000, 1.000000, 4.513071
1.900000, 1.000000, 4.297990
1.950000, 1.000000, 4.013657
2.000000, 1.000000, 3.691678
0.000000, 1.050000, 0.055866
0.050000, 1.050000, -0.801710
0.100000, 1.050000, -1.573955
0.150000, 1.050000, -2.197541
0.200000, 1.050000, -2.621102
0.250000, 1.050000, -2.809407
0.300000, 1.050000, -2.746134
0.350000, 1.050000, -2.434984
0.400000, 1.050000, -1.899062
0.450000, 1.050000, -1.178579
0.500000, 1.050000, -0.327109
0.550000, 1.050000, 0.593260
0.600000, 1.050000, 1.517412
0.650000, 1.050000, 2.382844
0.700000, 1.050000, 3.134924
0.750000, 1.050000, 3.731323
0.800000, 1.050000, 4.145202
0.850000, 1.050000, 4.366921
0.900000, 1.050000, 4.404112
0.950000, 1.050000, 4.280182
1.000000, 1.050000, 4.031395
1.050000, 1.050000, 3.702863
1.100000, 1.050000, 3.343845
1.150000, 1.050000, 3.002816
1.200000, 1.050000, 2.722798
1.250000, 1.050000, 2.537376
1.300000, 1.050000, 2.467789
1.350000, 1.050000, 2.521336
1.400000, 1.050000, 2.691225
1.450000, 1.050000, 2.957846
1.500000, 1.050000, 3.291306
1.550000, 1.050000, 3.654936
1.600000, 1.050000, 4.009400
1.650000, 1.050000, 4.316975
1.700000, 1.050000, 4.545568
1.750000, 1.050000, 4.672050
1.800000, 1.050000, 4.684589
1.850000, 1.050000, 4.583760
1.900000, 1.050000, 4.382314
1.950000, 1.050000, 4.103677
2.000000, 1.050000, 3.779326
0.000000, 1.100000, -0.155310
0.050000, 1.100000, -0.985928
0.100000, 1.100000, -1.715845
0.150000, 1.100000, -2.283661
0.200000, 1.100000, -2.640668
0.250000, 1.100000, -2.754875
0.300000, 1.100000, -2.613596
0.350000, 1.100000, -2.224366
0.400000, 1.100000, -1.614110
0.450000, 1.100000, -0.826636
0.500000, 1.100000, 0.081297
0.550000, 1.100000, 1.044994
0.600000, 1.100000, 1.997447
0.650000, 1.100000, 2.875062
0.700000, 1.100000, 3.622968
0.750000, 1.100000, 4.199439
0.800000, 1.100000, 4.579039
0.850000, 1.100000, 4.754229
0.900000, 1.100000, 4.735320
0.950000, 1.100000, 4.548806
1.000000, 1.100000, 4.234268
1.050000, 1.100000, 3.840180
1.100000, 1.100000, 3.419013
1.150000, 1.100000, 3.022132
1.200000, 1.100000, 2.694973
1.250000, 1.100000, 2.472937
1.300000, 1.100000, 2.378397
1.350000, 1.100000, 2.419064
1.400000, 1.100000, 2.587835
1.450000, 1.100000, 2.864119
1.500000, 1.100000, 3.216452
1.550000, 1.100000, 3.606126
1.600000, 1.100000, 3.991452
1.650000, 1.100000, 4.332200
1.700000, 1.100000, 4.593788
1.750000, 1.100000, 4.750791
1.800000, 1.100000, 4.789426
1.850000, 1.100000, 4.708791
1.900000, 1.100000, 4.520738
1.950000, 1.100000, 4.248432
2.000000, 1.100000, 3.923741
0.000000, 1.150000, -0.295641
0.050000, 1.150000, -1.084706
0.100000, 1.150000, -1.760302
0.150000, 1.150000, -2.263551
0.200000, 1.150000, -2.548823
0.250000, 1.150000, -2.587599
0.300000, 1.150000, -2.370861
0.350000, 1.150000, -1.909809
0.400000, 1.150000, -1.234831
0.450000, 1.150000, -0.392816
0.500000, 1.150000, 0.556950
0.550000, 1.150000, 1.547920
0.600000, 1.150000, 2.512003
0.650000, 1.150000, 3.385336
0.700000, 1.150000, 4.113597
0.750000, 1.150000, 4.656379
0.800000, 1.150000, 4.990251
0.850000, 1.150000, 5.110239
0.900000, 1.150000, 5.029632
0.950000, 1.150000, 4.778139
1.000000, 1.150000, 4.398614
1.050000, 1.150000, 3.942680
1.100000, 1.150000, 3.465660
1.150000, 1.150000, 3.021335
1.200000, 1.150000, 2.656991
1.250000, 1.150000, 2.409236
1.300000, 1.150000, 2.300960
1.350000, 1.150000, 2.339698
1.400000, 1.150000, 2.517527
1.450000, 1.150000, 2.812456
1.500000, 1.150000, 3.191161
1.550000, 1.150000, 3.612751
1.600000, 1.150000, 4.033180
1.650000, 1.150000, 4.409853
1.700000, 1.150000, 4.705970
1.750000, 1.150000, 4.894181
1.800000, 1.150000, 4.959197
1.850000, 1.150000, 4.899119
1.900000, 1.150000, 4.725375
1.950000, 1.150000, 4.461290
2.000000, 1.150000, 4.139462
0.000000, 1.200000, -0.352766
0.050000, 1.200000, -1.088359
0.100000, 1.200000, -1.700975
0.150000, 1.200000, -2.134660
0.200000, 1.200000, -2.347075
0.250000, 1.200000, -2.313180
0.300000, 1.200000, -2.027434
0.350000, 1.200000, -1.504329
0.400000, 1.200000, -0.777178
0.450000, 1.200000, 0.104721
0.500000, 1.200000, 1.080312
0.550000, 1.200000, 2.082010
0.600000, 1.200000, 3.041457
0.650000, 1.200000, 3.895303
0.700000, 1.200000, 4.590474
0.750000, 1.200000, 5.088470
0.800000, 1.200000, 5.368311
0.850000, 1.200000, 5.427877
0.900000, 1.200000, 5.283547
0.950000, 1.200000, 4.968192
1.000000, 1.200000, 4.527723
1.050000, 1.200000, 4.016552
1.100000, 1.200000, 3.492392
1.150000, 1.200000, 3.010882
1.200000, 1.200000, 2.620567
1.250000, 1.200000, 2.358659
1.300000, 1.200000, 2.248001
1.350000, 1.200000, 2.295453
1.400000, 1.200000, 2.491862
1.450000, 1.200000, 2.813553
1.500000, 1.200000, 3.225188
1.550000, 1.200000, 3.683670
1.600000, 1.200000, 4.142706
1.650000, 1.200000, 4.557556
1.700000, 1.200000, 4.889517
1.750000, 1.200000, 5.109687
1.800000, 1.200000, 5.201670
1.850000, 1.200000, 5.162957
1.900000, 1.200000, 5.004887
1.950000, 1.200000, 4.751197
2.000000, 1.200000, 4.435354
0.000000, 1.250000, -0.317816
0.050000, 1.250000, -0.991353
0.100000, 1.250000, -1.536134
0.150000, 1.250000, -1.899320
0.200000, 1.250000, -2.041852
0.250000, 1.250000, -1.941951
0.300000, 1.250000, -1.597154
0.350000, 1.250000, -1.024681
0.400000, 1.250000, -0.260086
0.450000, 1.250000, 0.645699
0.500000, 1.250000, 1.630668
0.550000, 1.250000, 2.627010
0.600000, 1.250000, 3.566878
0.650000, 1.250000, 4.388119
0.700000, 1.250000, 5.039482
0.750000, 1.250000, 5.484802
0.800000, 1.250000, 5.705816
0.850000, 1.250000, 5.703353
0.900000, 1.250000, 5.496815
0.950000, 1.250000, 5.122005
1.000000, 1.250000, 4.627532
1.050000, 1.250000, 4.070132
1.100000, 1.250000, 3.509357
1.150000, 1.250000, 3.002128
1.200000, 1.250000, 2.597661
1.250000, 1.250000, 2.333225
1.300000, 1.250000, 2.231127
1.350000, 1.250000, 2.297160
1.400000, 1.250000, 2.520661
1.450000, 1.250000, 2.876110
1.500000, 1.250000, 3.326118
1.550000, 1.250000, 3.825462
1.600000, 1.250000, 4.325783
1.650000, 1.250000, 4.780457
1.700000, 1.250000, 5.149182
1.750000, 1.250000, 5.401832
1.800000, 1.250000, 5.521208
1.850000, 1.250000, 5.504454
1.900000, 1.250000, 5.362996
1.950000, 1.250000, 5.121066
2.000000, 1.250000, 4.812957
0.000000, 1.300000, -0.185993
0.050000, 1.300000, -0.792699
0.100000, 1.300000, -1.268859
0.150000, 1.300000, -1.564715
0.200000, 1.300000, -1.644244
0.250000, 1.300000, -1.488503
0.300000, 1.300000, -1.097516
0.350000, 1.300000, -0.490522
0.400000, 1.300000, 0.295480
0.450000, 1.300000, 1.208753
0.500000, 1.300000, 2.187164
0.550000, 1.300000, 3.163449
0.600000, 1.300000, 4.070944
0.650000, 1.300000, 4.849257
0.700000, 1.300000, 5.449361
0.750000, 1.300000, 5.837670
0.800000, 1.300000, 5.998713
0.850000, 1.300000, 5.936175
0.900000, 1.300000, 5.672237
0.950000, 1.300000, 5.245266
1.000000, 1.300000, 4.706090
1.050000, 1.300000, 4.113229
1.100000, 1.300000, 3.527501
1.150000, 1.300000, 3.006536
1.200000, 1.300000, 2.599686
1.250000, 1.300000, 2.343810
1.300000, 1.300000, 2.260300
1.350000, 1.300000, 2.353610
1.400000, 1.300000, 2.611407
1.450000, 1.300000, 3.006282
1.500000, 1.300000, 3.498851
1.550000, 1.300000, 4.041915
1.600000, 1.300000, 4.585258
1.650000, 1.300000, 5.080620
1.700000, 1.300000, 5.486363
1.750000, 1.300000, 5.771371
1.800000, 1.300000, 5.917836
1.850000, 1.300000, 5.922670
1.900000, 1.300000, 5.797421
1.950000, 1.300000, 5.566748
2.000000, 1.300000, 5.265608
0.000000, 1.350000, 0.043046
0.050000, 1.350000, -0.496125
0.100000, 1.350000, -0.906984
0.150000, 1.350000, -1.142591
0.200000, 1.350000, -1.169502
0.250000, 1.350000, -0.970988
0.300000, 1.350000, -0.548823
0.350000, 1.350000, 0.076560
0.400000, 1.350000, 0.867567
0.450000, 1.350000, 1.772490
0.500000, 1.350000, 2.729840
0.550000, 1.350000, 3.673576
0.600000, 1.350000, 4.538762
0.650000, 1.350000, 5.267146
0.700000, 1.350000, 5.812147
0.750000, 1.350000, 6.142802
0.800000, 1.350000, 6.246311
0.850000, 1.350000, 6.128950
0.900000, 1.350000, 5.815288
0.950000, 1.350000, 5.345764
1.000000, 1.350000, 4.772885
1.050000, 1.350000, 4.156380
1.100000, 1.350000, 3.557771
1.150000, 1.350000, 3.034878
1.200000, 1.350000, 2.636742
1.250000, 1.350000, 2.399447
1.300000, 1.350000, 2.343214
1.350000, 1.350000, 2.471007
1.400000, 1.350000, 2.768775
1.450000, 1.350000, 3.207266
1.500000, 1.350000, 3.745223
1.550000, 1.350000, 4.333642
1.600000, 1.350000, 4.920653
1.650000, 1.350000, 5.456562
1.700000, 1.350000, 5.898570
1.750000, 1.350000, 6.214703
1.800000, 1.350000, 6.386610
1.850000, 1.350000, 6.410963
1.900000, 1.350000, 6.299352
1.950000, 1.350000, 6.076710
2.000000, 1.350000, 5.778450
0.000000, 1.400000, 0.365038
0.050000, 1.400000, -0.110005
0.100000, 1.400000, -0.462801
0.150000, 1.400000, -0.648747
0.200000, 1.400000, -0.636327
0.250000, 1.400000, -0.410252
0.300000, 1.400000, 0.026811
0.350000, 1.400000, 0.654111
0.400000, 1.400000, 1.434313
0.450000, 1.400000, 2.316527
0.500000, 1.400000, 3.240584
0.550000, 1.400000, 4.142194
0.600000, 1.400000, 4.958515
0.650000, 1.400000, 5.633629
0.700000, 1.400000, 6.123415
0.750000, 1.400000, 6.399380
0.800000, 1.400000, 6.451095
0.850000, 1.400000, 6.287009
0.900000, 1.400000, 5.933568
0.950000, 1.400000, 5.432728
1.000000, 1.400000, 4.838097
1.050000, 1.400000, 4.210057
1.100000, 1.400000, 3.610331
1.150000, 1.400000, 3.096496
1.200000, 1.400000, 2.716940
1.250000, 1.400000, 2.506737
1.300000, 1.400000, 2.484800
1.350000, 1.400000, 2.652564
1.400000, 1.400000, 2.994304
1.450000, 1.400000, 3.479031
1.500000, 1.400000, 4.063762
1.550000, 1.400000, 4.697848
1.600000, 1.400000, 5.327920
1.650000, 1.400000, 5.902974
1.700000, 1.400000, 6.379128
1.750000, 1.400000, 6.723570
1.800000, 1.400000, 6.917370
1.850000, 1.400000, 6.956867
1.900000, 1.400000, 6.853554
1.950000, 1.400000, 6.632481
2.000000, 1.400000, 6.329359
0.000000, 1.450000, 0.771193
0.050000, 1.450000, 0.352951
0.100000, 1.450000, 0.047469
0.150000, 1.450000, -0.102311
0.200000, 1.450000, -0.065990
0.250000, 1.450000, 0.171171
0.300000, 1.450000, 0.606526
0.350000, 1.450000, 1.219892
0.400000, 1.450000, 1.975003
0.450000, 1.450000, 2.822468
0.500000, 1.450000, 3.703966
0.550000, 1.450000, 4.557313
0.600000, 1.450000, 5.321930
0.650000, 1.450000, 5.944212
0.700000, 1.450000, 6.382307
0.750000, 1.450000, 6.609856
0.800000, 1.450000, 6.618346
0.850000, 1.450000, 6.417858
0.900000, 1.450000, 6.036137
0.950000, 1.450000, 5.516070
1.000000, 1.450000, 4.911808
1.050000, 1.450000, 4.283891
1.100000, 1.450000, 3.693828
1.150000, 1.450000, 3.198637
1.200000, 1.450000, 2.845843
1.250000, 1.450000, 2.669398
1.300000, 1.450000, 2.686887
1.350000, 1.450000, 2.898267
1.400000, 1.450000, 3.286243
1.450000, 1.450000, 3.818218
1.500000, 1.450000, 4.449620
1.550000, 1.450000, 5.128271
1.600000, 1.450000, 5.799379
1.650000, 1.450000, 6.410667
1.700000, 1.450000, 6.917146
1.750000, 1.450000, 7.285103
1.800000, 1.450000, 7.494925
1.850000, 1.450000, 7.542499
1.900000, 1.450000, 7.439112
1.950000, 1.450000, 7.209853
2.000000, 1.450000, 6.890718
0.000000, 1.500000, 1.248520
0.050000, 1.500000, 0.876237
0.100000, 1.500000, 0.604406
0.150000, 1.500000, 0.475151
0.200000, 1.500000, 0.518680
0.250000, 1.500000, 0.750137
0.300000, 1.500000, 1.167822
0.350000, 1.500000, 1.752955
0.400000, 1.500000, 2.471045
0.450000, 1.500000, 3.274738
0.500000, 1.500000, 4.107910
0.550000, 1.500000, 4.910630
0.600000, 1.500000, 5.624529
0.650000, 1.500000, 6.198089
0.700000, 1.500000, 6.591344
0.750000, 1.500000, 6.779570
0.800000, 1.500000, 6.755593
0.850000, 1.500000, 6.530512
0.900000, 1.500000, 6.132765
0.950000, 1.500000, 5.605603
1.000000, 1.500000, 5.003229
1.050000, 1.500000, 4.385944
1.100000, 1.500000, 3.814753
1.150000, 1.500000, 3.345935
1.200000, 1.500000, 3.026071
1.250000, 1.500000, 2.887999
1.300000, 1.500000, 2.948049
1.350000, 1.500000, 3.204817
1.400000, 1.500000, 3.639567
1.450000, 1.500000, 4.218212
1.500000, 1.500000, 4.894678
1.550000, 1.500000, 5.615303
1.600000, 1.500000, 6.323867
1.650000, 1.500000, 6.966756
1.700000, 1.500000, 7.497785
1.750000, 1.500000, 7.882227
1.800000, 1.500000, 8.099676
1.850000, 1.500000, 8.145502
1.900000, 1.500000, 8.030782
1.950000, 1.500000, 7.780739
2.000000, 1.500000, 7.431873
0.000000, 1.550000, 1.780369
0.050000, 1.550000, 1.440289
0.100000, 1.550000, 1.186297
0.150000, 1.550000, 1.060659
0.200000, 1.550000, 1.094389
0.250000, 1.550000, 1.304003
0.300000, 1.550000, 1.689625
0.350000, 1.550000, 2.234618
0.400000, 1.550000, 2.906822
0.450000, 1.550000, 3.661270
0.500000, 1.550000, 4.444174
0.550000, 1.550000, 5.197780
0.600000, 1.550000, 5.865664
0.650000, 1.550000, 6.397963
0.700000, 1.550000, 6.756051
0.750000, 1.550000, 6.916208
0.800000, 1.550000, 6.871943
0.850000, 1.550000, 6.634739
0.900000, 1.550000, 6.233138
0.950000, 1.550000, 5.710262
1.000000, 1.550000, 5.119982
1.050000, 1.550000, 4.522092
1.100000, 1.550000, 3.976946
1.150000, 1.550000, 3.540043
1.200000, 1.550000, 3.257071
1.250000, 1.550000, 3.159861
1.300000, 1.550000, 3.263631
1.350000, 1.550000, 3.565754
1.400000, 1.550000, 4.046171
1.450000, 1.550000, 4.669381
1.500000, 1.550000, 5.387821
1.550000, 1.550000, 6.146304
1.600000, 1.550000, 6.887085
1.650000, 1.550000, 7.555095
1.700000, 1.550000, 8.102822
1.750000, 1.550000, 8.494421
1.800000, 1.550000, 8.708659
1.850000, 1.550000, 8.740446
1.900000, 1.550000, 8.600839
1.950000, 1.550000, 8.315534
2.000000, 1.550000, 7.922035
0.000000, 1.600000, 2.347176
0.050000, 1.600000, 2.023387
0.100000, 1.600000, 1.770151
0.150000, 1.600000, 1.630907
0.200000, 1.600000, 1.638485
0.250000, 1.600000, 1.811702
0.300000, 1.600000, 2.153282
0.350000, 1.600000, 2.649325
0.400000, 1.600000, 3.270371
0.450000, 1.600000, 3.973981
0.500000, 1.600000, 4.708609
0.550000, 1.600000, 5.418377
0.600000, 1.600000, 6.048332
0.650000, 1.600000, 6.549664
0.700000, 1.600000, 6.884399
0.750000, 1.600000, 7.029116
0.800000, 1.600000, 6.977323
0.850000, 1.600000, 6.740267
0.900000, 1.600000, 6.346091
0.950000, 1.600000, 5.837403
1.000000, 1.600000, 5.267495
1.050000, 1.600000, 4.695545
1.100000, 1.600000, 4.181261
1.150000, 1.600000, 3.779461
1.200000, 1.600000, 3.535096
1.250000, 1.600000, 3.479171
1.300000, 1.600000, 3.625963
1.350000, 1.600000, 3.971754
1.400000, 1.600000, 4.495232
1.450000, 1.600000, 5.159479
1.500000, 1.600000, 5.915374
1.550000, 1.600000, 6.706075
1.600000, 1.600000, 7.472159
1.650000, 1.600000, 8.156944
1.700000, 1.600000, 8.711486
1.750000, 1.600000, 9.098800
1.800000, 1.600000, 9.296931
1.850000, 1.600000, 9.300597
1.900000, 1.600000, 9.121272
1.950000, 1.600000, 8.785751
2.000000, 1.600000, 8.333326
0.000000, 1.650000, 2.927362
0.050000, 1.650000, 2.602682
0.100000, 1.650000, 2.332799
0.150000, 1.650000, 2.163378
0.200000, 1.650000, 2.130039
0.250000, 1.650000, 2.254728
0.300000, 1.650000, 2.543411
0.350000, 1.650000, 2.985326
0.400000, 1.650000, 3.553866
0.450000, 1.650000, 4.209028
0.500000, 1.650000, 4.901184
0.550000, 1.650000, 5.575819
0.600000, 1.650000, 6.178788
0.650000, 1.650000, 6.661590
0.700000, 1.650000, 6.986130
0.750000, 1.650000, 7.128543
0.800000, 1.650000, 7.081678
0.850000, 1.650000, 6.856011
0.900000, 1.650000, 6.478892
0.950000, 1.650000, 5.992187
1.000000, 1.650000, 5.448530
1.050000, 1.650000, 4.906537
1.100000, 1.650000, 4.425426
1.150000, 1.650000, 4.059551
1.200000, 1.650000, 3.853363
1.250000, 1.650000, 3.837262
1.300000, 1.650000, 4.024742
1.350000, 1.650000, 4.411080
1.400000, 1.650000, 4.973704
1.450000, 1.650000, 5.674184
1.500000, 1.650000, 6.461680
1.550000, 1.650000, 7.277501
1.600000, 1.650000, 8.060361
1.650000, 1.650000, 8.751837
1.700000, 1.650000, 9.301527
1.750000, 1.650000, 9.671442
1.800000, 1.650000, 9.839223
1.850000, 1.650000, 9.799913
1.900000, 1.650000, 9.566135
1.950000, 1.650000, 9.166682
2.000000, 1.650000, 8.643680
0.000000, 1.700000, 3.498361
0.050000, 1.700000, 3.155280
0.100000, 1.700000, 2.851996
0.150000, 1.700000, 2.637411
0.200000, 1.700000, 2.550821
0.250000, 1.700000, 2.617992
0.300000, 1.700000, 2.848580
0.350000, 1.700000, 3.235148
0.400000, 1.700000, 3.753868
0.450000, 1.700000, 4.366837
0.500000, 1.700000, 5.025800
0.550000, 1.700000, 5.676895
0.600000, 1.700000, 6.265980
0.650000, 1.700000, 6.744012
0.700000, 1.700000, 7.071972
0.750000, 1.700000, 7.224828
0.800000, 1.700000, 7.194190
0.850000, 1.700000, 6.989351
0.900000, 1.700000, 6.636641
0.950000, 1.700000, 6.177130
1.000000, 1.700000, 5.662897
1.050000, 1.700000, 5.152213
1.100000, 1.700000, 4.704097
1.150000, 1.700000, 4.372751
1.200000, 1.700000, 4.202407
1.250000, 1.700000, 4.223070
1.300000, 1.700000, 4.447568
1.350000, 1.700000, 4.870171
1.400000, 1.700000, 5.466940
1.450000, 1.700000, 6.197746
1.500000, 1.700000, 7.009792
1.550000, 1.700000, 7.842312
1.600000, 1.700000, 8.631986
1.650000, 1.700000, 9.318610
1.700000, 1.700000, 9.850462
1.750000, 1.700000, 10.188892
1.800000, 1.700000, 10.311715
1.850000, 1.700000, 10.215108
1.900000, 1.700000, 9.913840
1.950000, 1.700000, 9.439843
2.000000, 1.700000, 8.839260
0.000000, 1.750000, 4.037691
0.050000, 1.750000, 3.659350
0.100000, 1.750000, 3.307491
0.150000, 1.750000, 3.035187
0.200000, 1.750000, 2.886154
0.250000, 1.750000, 2.890487
0.300000, 1.750000, 3.061771
0.350000, 1.750000, 3.395849
0.400000, 1.750000, 3.871345
0.450000, 1.750000, 4.451901
0.500000, 1.750000, 5.089884
0.550000, 1.750000, 5.731217
0.600000, 1.750000, 6.320843
0.650000, 1.750000, 6.808294
0.700000, 1.750000, 7.152826
0.750000, 1.750000, 7.327606
0.800000, 1.750000, 7.322549
0.850000, 1.750000, 7.145525
0.900000, 1.750000, 6.821806
0.950000, 1.750000, 6.391811
1.000000, 1.750000, 5.907346
1.050000, 1.750000, 5.426708
1.100000, 1.750000, 5.009114
1.150000, 1.750000, 4.708976
1.200000, 1.750000, 4.570591
1.250000, 1.750000, 4.623734
1.300000, 1.750000, 4.880590
1.350000, 1.750000, 5.334318
1.400000, 1.750000, 5.959397
1.450000, 1.750000, 6.713717
1.500000, 1.750000, 7.542248
1.550000, 1.750000, 8.381924
1.600000, 1.750000, 9.167313
1.650000, 1.750000, 9.836539
1.700000, 1.750000, 10.336905
1.750000, 1.750000, 10.629713
1.800000, 1.750000, 10.693813
1.850000, 1.750000, 10.527592
1.900000, 1.750000, 10.149182
1.950000, 1.750000, 9.594918
2.000000, 1.750000, 8.916156
0.000000, 1.800000, 4.524056
0.050000, 1.800000, 4.095172
0.100000, 1.800000, 3.681991
0.150000, 1.800000, 3.342554
0.200000, 1.800000, 3.125566
0.250000, 1.800000, 3.065751
0.300000, 1.800000, 3.180624
0.350000, 1.800000, 3.469018
0.400000, 1.800000, 3.911460
0.450000, 1.800000, 4.472361
0.500000, 1.800000, 5.103798
0.550000, 1.800000, 5.750493
0.600000, 1.800000, 6.355501
0.650000, 1.800000, 6.866049
0.700000, 1.800000, 7.238953
0.750000, 1.800000, 7.445064
0.800000, 1.800000, 7.472332
0.850000, 1.800000, 7.327160
0.900000, 1.800000, 7.033941
0.950000, 1.800000, 6.632782
1.000000, 1.800000, 6.175673
1.050000, 1.800000, 5.721431
1.100000, 1.800000, 5.329932
1.150000, 1.800000, 5.056175
1.200000, 1.800000, 4.944757
1.250000, 1.800000, 5.025294
1.300000, 1.800000, 5.309239
1.350000, 1.800000, 5.788408
1.400000, 1.800000, 6.435379
1.450000, 1.800000, 7.205722
1.500000, 1.800000, 8.041881
1.550000, 1.800000, 8.878345
1.600000, 1.800000, 9.647628
1.650000, 1.800000, 10.286503
1.700000, 1.800000, 10.741912
1.750000, 1.800000, 10.975997
1.800000, 1.800000, 10.969776
1.850000, 1.800000, 10.725130
1.900000, 1.800000, 10.264892
1.950000, 1.800000, 9.631042
2.000000, 1.800000, 8.881153
0.000000, 1.850000, 4.938380
0.050000, 1.850000, 4.446093
0.100000, 1.850000, 3.961983
0.150000, 1.850000, 3.549678
0.200000, 1.850000, 3.263240
0.250000, 1.850000, 3.142084
0.300000, 1.850000, 3.207423
0.350000, 1.850000, 3.460555
0.400000, 1.850000, 3.883137
0.450000, 1.850000, 4.439410
0.500000, 1.850000, 5.080114
0.550000, 1.850000, 5.747715
0.600000, 1.850000, 6.382412
0.650000, 1.850000, 6.928318
0.700000, 1.850000, 7.339216
0.750000, 1.850000, 7.583311
0.800000, 1.850000, 7.646524
0.850000, 1.850000, 7.533984
0.900000, 1.850000, 7.269591
0.950000, 1.850000, 6.893681
1.000000, 1.850000, 6.459020
1.050000, 1.850000, 6.025526
1.100000, 1.850000, 5.654221
1.150000, 1.850000, 5.401022
1.200000, 1.850000, 5.310968
1.250000, 1.850000, 5.413463
1.300000, 1.850000, 5.718996
1.350000, 1.850000, 6.217686
1.400000, 1.850000, 6.879800
1.450000, 1.850000, 7.658220
1.500000, 1.850000, 8.492631
1.550000, 1.850000, 9.315057
1.600000, 1.850000, 10.056218
1.650000, 1.850000, 10.652118
1.700000, 1.850000, 11.050230
1.750000, 1.850000, 11.214699
1.800000, 1.850000, 11.130054
1.850000, 1.850000, 10.803068
1.900000, 1.850000, 10.262572
1.950000, 1.850000, 9.557231
2.000000, 1.850000, 8.751459
0.000000, 1.900000, 5.264748
0.050000, 1.900000, 4.699335
0.100000, 1.900000, 4.138364
0.150000, 1.900000, 3.651475
0.200000, 1.900000, 3.298217
0.250000, 1.900000, 3.122533
0.300000, 1.900000, 3.148859
0.350000, 1.900000, 3.380219
0.400000, 1.900000, 3.798452
0.450000, 1.900000, 4.366541
0.500000, 1.900000, 5.032769
0.550000, 1.900000, 5.736287
0.600000, 1.900000, 6.413523
0.650000, 1.900000, 7.004789
0.700000, 1.900000, 7.460424
0.750000, 1.900000, 7.745879
0.800000, 1.900000, 7.845219
0.850000, 1.900000, 7.762722
0.900000, 1.900000, 7.522406
0.950000, 1.900000, 7.165532
1.000000, 1.900000, 6.746351
1.050000, 1.900000, 6.326492
1.100000, 1.900000, 5.968580
1.150000, 1.900000, 5.729690
1.200000, 1.900000, 5.655310
1.250000, 1.900000, 5.774417
1.300000, 1.900000, 6.096159
1.350000, 1.900000, 6.608487
1.400000, 1.900000, 7.278900
1.450000, 1.900000, 8.057245
1.500000, 1.900000, 8.880323
1.550000, 1.900000, 9.677862
1.600000, 1.900000, 10.379305
1.650000, 1.900000, 10.920751
1.700000, 1.900000, 11.251374
1.750000, 1.900000, 11.338702
1.800000, 1.900000, 11.172228
1.850000, 1.900000, 10.764984
1.900000, 1.900000, 10.152890
1.950000, 1.900000, 9.391935
2.000000, 1.900000, 8.553402
0.000000, 1.950000, 5.491193
0.050000, 1.950000, 4.846604
0.100000, 1.950000, 4.206855
0.150000, 1.950000, 3.647791
0.200000, 1.950000, 3.234358
0.250000, 1.950000, 3.014625
0.300000, 1.950000, 3.015564
0.350000, 1.950000, 3.240998
0.400000, 1.950000, 3.671854
0.450000, 1.950000, 4.268687
0.500000, 1.950000, 4.976179
0.550000, 1.950000, 5.729153
0.600000, 1.950000, 6.459468
0.650000, 1.950000, 7.103122
0.700000, 1.950000, 7.606824
0.750000, 1.950000, 7.933404
0.800000, 1.950000, 8.065504
0.850000, 1.950000, 8.007210
0.900000, 1.950000, 7.783450
0.950000, 1.950000, 7.437246
1.000000, 1.950000, 7.025090
1.050000, 1.950000, 6.610927
1.100000, 1.950000, 6.259346
1.150000, 1.950000, 6.028676
1.200000, 1.950000, 5.964692
1.250000, 1.950000, 6.095559
1.300000, 1.950000, 6.428558
1.350000, 1.950000, 6.948916
1.400000, 1.950000, 7.620898
1.450000, 1.950000, 8.391057
1.500000, 1.950000, 9.193351
1.550000, 1.950000, 9.955628
1.600000, 1.950000, 10.606855
1.650000, 1.950000, 11.084370
1.700000, 1.950000, 11.340448
1.750000, 1.950000, 11.347509
1.800000, 1.950000, 11.101449
1.850000, 1.950000, 10.622715
1.900000, 1.950000, 9.955006
1.950000, 1.950000, 9.161681
2.000000, 1.950000, 8.320174
0.000000, 2.000000, 5.610288
0.050000, 2.000000, 4.884484
0.100000, 2.000000, 4.168164
0.150000, 2.000000, 3.543350
0.200000, 2.000000, 3.080065
0.250000, 2.000000, 2.829887
0.300000, 2.000000, 2.821456
0.350000, 2.000000, 3.058315
0.400000, 2.000000, 3.519292
0.450000, 2.000000, 4.161311
0.500000, 2.000000, 4.924347
0.550000, 2.000000, 5.737980
0.600000, 2.000000, 6.528874
0.650000, 2.000000, 7.228418
0.700000, 2.000000, 7.779756
0.750000, 2.000000, 8.143502
0.800000, 2.000000, 8.301557
0.850000, 2.000000, 8.258688
0.900000, 2.000000, 8.041690
0.950000, 2.000000, 7.696254
1.000000, 2.000000, 7.281880
1.050000, 2.000000, 6.865345
1.100000, 2.000000, 6.513424
1.150000, 2.000000, 6.285618
1.200000, 2.000000, 6.227618
1.250000, 2.000000, 6.366219
1.300000, 2.000000, 6.706187
1.350000, 2.000000, 7.229425
1.400000, 2.000000, 7.896545
1.450000, 2.000000, 8.650692
1.500000, 2.000000, 9.423255
1.550000, 2.000000, 10.140898
1.600000, 2.000000, 10.733201
1.650000, 2.000000, 11.140138
1.700000, 2.000000, 11.318634
1.750000, 2.000000, 11.247516
1.800000, 2.000000, 10.930330
1.850000, 2.000000, 10.395712
1.900000, 2.000000, 9.695243
1.950000, 2.000000, 8.898944
2.000000, 2.000000, 8.088838
