0.000000, 0.000000, 2.190867
0.050000, 0.000000, 2.553196
0.100000, 0.000000, 2.840315
0.150000, 0.000000, 3.014491
0.200000, 0.000000, 3.046875
0.250000, 0.000000, 2.920481
0.300000, 0.000000, 2.632059
0.350000, 0.000000, 2.192681
0.400000, 0.000000, 1.626963
0.450000, 0.000000, 0.971003
0.500000, 0.000000, 0.269223
0.550000, 0.000000, -0.429584
0.600000, 0.000000, -1.076624
0.650000, 0.000000, -1.627476
0.700000, 0.000000, -2.046040
0.750000, 0.000000, -2.307700
0.800000, 0.000000, -2.401387
0.850000, 0.000000, -2.330349
0.900000, 0.000000, -2.111572
0.950000, 0.000000, -1.773905
1.000000, 0.000000, -1.355081
1.050000, 0.000000, -0.897927
1.100000, 0.000000, -0.446139
1.150000, 0.000000, -0.040042
1.200000, 0.000000, 0.287270
1.250000, 0.000000, 0.513013
1.300000, 0.000000, 0.626730
1.350000, 0.000000, 0.631056
1.400000, 0.000000, 0.541145
1.450000, 0.000000, 0.382844
1.500000, 0.000000, 0.189784
1.550000, 0.000000, -0.000302
1.600000, 0.000000, -0.149683
1.650000, 0.000000, -0.224727
1.700000, 0.000000, -0.199587
1.750000, 0.000000, -0.059109
1.800000, 0.000000, 0.199341
1.850000, 0.000000, 0.565307
1.900000, 0.000000, 1.016006
1.950000, 0.000000, 1.518341
2.000000, 0.000000, 2.031990
0.000000, 0.050000, 2.301673
0.050000, 0.050000, 2.656036
0.100000, 0.050000, 2.936470
0.150000, 0.050000, 3.106057
0.200000, 0.050000, 3.136708
0.250000, 0.050000, 3.012127
0.300000, 0.050000, 2.729668
0.350000, 0.050000, 2.300898
0.400000, 0.050000, 1.750816
0.450000, 0.050000, 1.115774
0.500000, 0.050000, 0.440317
0.550000, 0.050000, -0.226776
0.600000, 0.050000, -0.836860
0.650000, 0.050000, -1.345797
0.700000, 0.050000, -1.717896
0.750000, 0.050000, -1.929068
0.800000, 0.050000, -1.968870
0.850000, 0.050000, -1.841268
0.900000, 0.050000, -1.564038
0.950000, 0.050000, -1.166870
1.000000, 0.050000, -0.688369
1.050000, 0.050000, -0.172244
1.100000, 0.050000, 0.336934
1.150000, 0.050000, 0.798001
1.200000, 0.050000, 1.177076
1.250000, 0.050000, 1.450657
1.300000, 0.050000, 1.607661
1.350000, 0.050000, 1.650198
1.400000, 0.050000, 1.593016
1.450000, 0.050000, 1.461682
1.500000, 0.050000, 1.289681
1.550000, 0.050000, 1.114733
1.600000, 0.050000, 0.974695
1.650000, 0.050000, 0.903459
1.700000, 0.050000, 0.927255
1.750000, 0.050000, 1.061740
1.800000, 0.050000, 1.310154
1.850000, 0.050000, 1.662737
1.900000, 0.050000, 2.097469
1.950000, 0.050000, 2.582076
2.000000, 0.050000, 3.077084
0.000000, 0.100000, 2.403333
0.050000, 0.100000, 2.751012
0.100000, 0.100000, 3.026786
0.150000, 0.100000, 3.194413
0.200000, 0.100000, 3.226414
0.250000, 0.100000, 3.107009
0.300000, 0.100000, 2.833966
0.350000, 0.100000, 2.419156
0.400000, 0.100000, 1.887749
0.450000, 0.100000, 1.276144
0.500000, 0.100000, 0.628795
0.550000, 0.100000, -0.005742
0.600000, 0.100000, -0.579180
0.650000, 0.100000, -1.047856
0.700000, 0.100000, -1.376673
0.750000, 0.100000, -1.542234
0.800000, 0.100000, -1.534875
0.850000, 0.100000, -1.359409
0.900000, 0.100000, -1.034506
0.950000, 0.100000, -0.590781
1.000000, 0.100000, -0.067769
1.050000, 0.100000, 0.489904
1.100000, 0.100000, 1.036789
1.150000, 0.100000, 1.530899
1.200000, 0.100000, 1.937604
1.250000, 0.100000, 2.232749
1.300000, 0.100000, 2.404706
1.350000, 0.100000, 2.455160
1.400000, 0.100000, 2.398567
1.450000, 0.100000, 2.260336
1.500000, 0.100000, 2.073938
1.550000, 0.100000, 1.877221
1.600000, 0.100000, 1.708307
1.650000, 0.100000, 1.601481
1.700000, 0.100000, 1.583494
1.750000, 0.100000, 1.670628
1.800000, 0.100000, 1.866843
1.850000, 0.100000, 2.163175
1.900000, 0.100000, 2.538460
1.950000, 0.100000, 2.961312
2.000000, 0.100000, 3.393168
0.000000, 0.150000, 2.480791
0.050000, 0.150000, 2.823880
0.100000, 0.150000, 3.097695
0.150000, 0.150000, 3.266434
0.200000, 0.150000, 3.302966
0.250000, 0.150000, 3.191770
0.300000, 0.150000, 2.930755
0.350000, 0.150000, 2.531817
0.400000, 0.150000, 2.020031
0.450000, 0.150000, 1.431572
0.500000, 0.150000, 0.810546
0.550000, 0.150000, 0.205046
0.600000, 0.150000, -0.337219
0.650000, 0.150000, -0.773262
0.700000, 0.150000, -1.068751
0.750000, 0.150000, -1.201121
0.800000, 0.150000, -1.161595
0.850000, 0.150000, -0.955904
0.900000, 0.150000, -0.603648
0.950000, 0.150000, -0.136359
1.000000, 0.150000, 0.405541
1.050000, 0.150000, 0.976593
1.100000, 0.150000, 1.530591
1.150000, 0.150000, 2.024884
1.200000, 0.150000, 2.424288
1.250000, 0.150000, 2.704222
1.300000, 0.150000, 2.852769
1.350000, 0.150000, 2.871473
1.400000, 0.150000, 2.774803
1.450000, 0.150000, 2.588338
1.500000, 0.150000, 2.345876
1.550000, 0.150000, 2.085738
1.600000, 0.150000, 1.846669
1.650000, 0.150000, 1.663708
1.700000, 0.150000, 1.564478
1.750000, 0.150000, 1.566237
1.800000, 0.150000, 1.674006
1.850000, 0.150000, 1.879944
1.900000, 0.150000, 2.164053
1.950000, 0.150000, 2.496132
2.000000, 0.150000, 2.838796
0.000000, 0.200000, 2.515957
0.050000, 0.200000, 2.857313
0.100000, 0.200000, 3.132477
0.150000, 0.200000, 3.305748
0.200000, 0.200000, 3.350006
0.250000, 0.200000, 3.249637
0.300000, 0.200000, 3.002362
0.350000, 0.200000, 2.619780
0.400000, 0.200000, 2.126569
0.450000, 0.200000, 1.558409
0.500000, 0.200000, 0.958827
0.550000, 0.200000, 0.375249
0.600000, 0.200000, -0.145337
0.650000, 0.200000, -0.560724
0.700000, 0.200000, -0.837386
0.750000, 0.200000, -0.953579
0.800000, 0.200000, -0.901340
0.850000, 0.200000, -0.687184
0.900000, 0.200000, -0.331446
0.950000, 0.200000, 0.133677
1.000000, 0.200000, 0.667190
1.050000, 0.200000, 1.223170
1.100000, 0.200000, 1.755070
1.150000, 0.200000, 2.220041
1.200000, 0.200000, 2.582852
1.250000, 0.200000, 2.819033
1.300000, 0.200000, 2.916946
1.350000, 0.200000, 2.878577
1.400000, 0.200000, 2.719005
1.450000, 0.200000, 2.464575
1.500000, 0.200000, 2.150000
1.550000, 0.200000, 1.814656
1.600000, 0.200000, 1.498456
1.650000, 0.200000, 1.237714
1.700000, 0.200000, 1.061404
1.750000, 0.200000, 0.988190
1.800000, 0.200000, 1.024525
1.850000, 0.200000, 1.164007
1.900000, 0.200000, 1.388047
1.950000, 0.200000, 1.667803
2.000000, 0.200000, 1.967169
0.000000, 0.250000, 2.495377
0.050000, 0.250000, 2.838547
0.100000, 0.250000, 3.118887
0.150000, 0.250000, 3.300366
0.200000, 0.250000, 3.355452
0.250000, 0.250000, 3.268040
0.300000, 0.250000, 3.035290
0.350000, 0.250000, 2.668179
0.400000, 0.250000, 2.190718
0.450000, 0.250000, 1.637888
0.500000, 0.250000, 1.052497
0.550000, 0.250000, 0.481257
0.600000, 0.250000, -0.029544
0.650000, 0.250000, -0.438357
0.700000, 0.250000, -0.712258
0.750000, 0.250000, -0.830033
0.800000, 0.250000, -0.784153
0.850000, 0.250000, -0.581461
0.900000, 0.250000, -0.242494
0.950000, 0.250000, 0.200481
1.000000, 0.250000, 0.706546
1.050000, 0.250000, 1.230006
1.100000, 0.250000, 1.724696
1.150000, 0.250000, 2.148303
1.200000, 0.250000, 2.466284
1.250000, 0.250000, 2.654998
1.300000, 0.250000, 2.703767
1.350000, 0.250000, 2.615658
1.400000, 0.250000, 2.406921
1.450000, 0.250000, 2.105156
1.500000, 0.250000, 1.746382
1.550000, 0.250000, 1.371306
1.600000, 0.250000, 1.021172
1.650000, 0.250000, 0.733593
1.700000, 0.250000, 0.538779
1.750000, 0.250000, 0.456542
1.800000, 0.250000, 0.494361
1.850000, 0.250000, 0.646711
1.900000, 0.250000, 0.895708
1.950000, 0.250000, 1.213013
2.000000, 0.250000, 1.562808
0.000000, 0.300000, 2.416410
0.050000, 0.300000, 2.765542
0.100000, 0.300000, 3.055299
0.150000, 0.300000, 3.248806
0.200000, 0.300000, 3.317631
0.250000, 0.300000, 3.244744
0.300000, 0.300000, 3.026375
0.350000, 0.300000, 2.672605
0.400000, 0.300000, 2.206600
0.450000, 0.300000, 1.662575
0.500000, 0.300000, 1.082679
0.550000, 0.300000, 0.513091
0.600000, 0.300000, -0.000289
0.650000, 0.300000, -0.416145
0.700000, 0.300000, -0.701616
0.750000, 0.300000, -0.835373
0.800000, 0.300000, -0.809596
0.850000, 0.300000, -0.630665
0.900000, 0.300000, -0.318489
0.950000, 0.300000, 0.095451
1.000000, 0.300000, 0.571153
1.050000, 0.300000, 1.063957
1.100000, 0.300000, 1.528821
1.150000, 0.300000, 1.924618
1.200000, 0.300000, 2.218021
1.250000, 0.300000, 2.386605
1.300000, 0.300000, 2.420873
1.350000, 0.300000, 2.325003
1.400000, 0.300000, 2.116258
1.450000, 0.300000, 1.823112
1.500000, 0.300000, 1.482294
1.550000, 0.300000, 1.135034
1.600000, 0.300000, 0.822879
1.650000, 0.300000, 0.583515
1.700000, 0.300000, 0.446975
1.750000, 0.300000, 0.432639
1.800000, 0.300000, 0.547293
1.850000, 0.300000, 0.784464
1.900000, 0.300000, 1.125074
1.950000, 0.300000, 1.539358
2.000000, 0.300000, 1.989863
0.000000, 0.350000, 2.289519
0.050000, 0.350000, 2.649259
0.100000, 0.350000, 2.952975
0.150000, 0.350000, 3.162355
0.200000, 0.350000, 3.247536
0.250000, 0.350000, 3.190120
0.300000, 0.350000, 2.985093
0.350000, 0.350000, 2.641459
0.400000, 0.350000, 2.181527
0.450000, 0.350000, 1.638906
0.500000, 0.350000, 1.055417
0.550000, 0.350000, 0.477201
0.600000, 0.350000, -0.049583
0.650000, 0.350000, -0.483066
0.700000, 0.350000, -0.789566
0.750000, 0.350000, -0.946691
0.800000, 0.350000, -0.945351
0.850000, 0.350000, -0.790500
0.900000, 0.350000, -0.500514
0.950000, 0.350000, -0.105302
1.000000, 0.350000, 0.356699
1.050000, 0.350000, 0.842308
1.100000, 0.350000, 1.307824
1.150000, 0.350000, 1.713262
1.200000, 0.350000, 2.026184
1.250000, 0.350000, 2.224755
1.300000, 0.350000, 2.299731
1.350000, 0.350000, 2.255179
1.400000, 0.350000, 2.107872
1.450000, 0.350000, 1.885410
1.500000, 0.350000, 1.623277
1.550000, 0.350000, 1.361097
1.600000, 0.350000, 1.138502
1.650000, 0.350000, 0.990981
1.700000, 0.350000, 0.946160
1.750000, 0.350000, 1.020853
1.800000, 0.350000, 1.219207
1.850000, 0.350000, 1.532100
1.900000, 0.350000, 1.937888
1.950000, 0.350000, 2.404398
2.000000, 0.350000, 2.892006
0.000000, 0.400000, 2.135788
0.050000, 0.400000, 2.511164
0.100000, 0.400000, 2.833556
0.150000, 0.400000, 3.062556
0.200000, 0.400000, 3.166312
0.250000, 0.400000, 3.124646
0.300000, 0.400000, 2.931074
0.350000, 0.400000, 2.593514
0.400000, 0.400000, 2.133633
0.450000, 0.400000, 1.584882
0.500000, 0.400000, 0.989412
0.550000, 0.400000, 0.394178
0.600000, 0.400000, -0.153403
0.650000, 0.400000, -0.609825
0.700000, 0.400000, -0.939461
0.750000, 0.400000, -1.117770
0.800000, 0.400000, -1.133417
0.850000, 0.400000, -0.989131
0.900000, 0.400000, -0.701208
0.950000, 0.400000, -0.297731
1.000000, 0.400000, 0.184313
1.050000, 0.400000, 0.702730
1.100000, 0.400000, 1.214261
1.150000, 0.400000, 1.678758
1.200000, 0.400000, 2.062985
1.250000, 0.400000, 2.343669
1.300000, 0.400000, 2.509511
1.350000, 0.400000, 2.561953
1.400000, 0.400000, 2.514655
1.450000, 0.400000, 2.391719
1.500000, 0.400000, 2.224862
1.550000, 0.400000, 2.049826
1.600000, 0.400000, 1.902384
1.650000, 0.400000, 1.814356
1.700000, 0.400000, 1.810043
1.750000, 0.400000, 1.903432
1.800000, 0.400000, 2.096476
1.850000, 0.400000, 2.378616
1.900000, 0.400000, 2.727619
1.950000, 0.400000, 3.111643
2.000000, 0.400000, 3.492345
0.000000, 0.450000, 1.980555
0.050000, 0.450000, 2.376849
0.100000, 0.450000, 2.722678
0.150000, 0.450000, 2.974824
0.200000, 0.450000, 3.098880
0.250000, 0.450000, 3.072544
0.300000, 0.450000, 2.887776
0.350000, 0.450000, 2.551621
0.400000, 0.450000, 2.085609
0.450000, 0.450000, 1.523813
0.500000, 0.450000, 0.909734
0.550000, 0.450000, 0.292322
0.600000, 0.450000, -0.278484
0.650000, 0.450000, -0.756283
0.700000, 0.450000, -1.102372
0.750000, 0.450000, -1.289151
0.800000, 0.450000, -1.302453
0.850000, 0.450000, -1.142609
0.900000, 0.450000, -0.824135
0.950000, 0.450000, -0.374114
1.000000, 0.450000, 0.170566
1.050000, 0.450000, 0.766832
1.100000, 0.450000, 1.369548
1.150000, 0.450000, 1.935715
1.200000, 0.450000, 2.428364
1.250000, 0.450000, 2.819744
1.300000, 0.450000, 3.093519
1.350000, 0.450000, 3.245768
1.400000, 0.450000, 3.284712
1.450000, 0.450000, 3.229215
1.500000, 0.450000, 3.106239
1.550000, 0.450000, 2.947521
1.600000, 0.450000, 2.785828
1.650000, 0.450000, 2.651182
1.700000, 0.450000, 2.567455
1.750000, 0.450000, 2.549679
1.800000, 0.450000, 2.602360
1.850000, 0.450000, 2.718973
1.900000, 0.450000, 2.882688
1.950000, 0.450000, 3.068266
2.000000, 0.450000, 3.244930
0.000000, 0.500000, 1.845567
0.050000, 0.500000, 2.268185
0.100000, 0.500000, 2.642122
0.150000, 0.500000, 2.920591
0.200000, 0.500000, 3.066090
0.250000, 0.500000, 3.053945
0.300000, 0.500000, 2.874673
0.350000, 0.500000, 2.534924
0.400000, 0.500000, 2.056931
0.450000, 0.500000, 1.476526
0.500000, 0.500000, 0.839901
0.550000, 0.500000, 0.199432
0.600000, 0.500000, -0.391042
0.650000, 0.500000, -0.881057
0.700000, 0.500000, -1.228012
0.750000, 0.500000, -1.400913
0.800000, 0.500000, -1.383015
0.850000, 0.500000, -1.173157
0.900000, 0.500000, -0.785660
0.950000, 0.500000, -0.248833
1.000000, 0.500000, 0.397755
1.050000, 0.500000, 1.106958
1.100000, 0.500000, 1.828336
1.150000, 0.500000, 2.512613
1.200000, 0.500000, 3.115902
1.250000, 0.500000, 3.603291
1.300000, 0.500000, 3.951476
1.350000, 0.500000, 4.150214
1.400000, 0.500000, 4.202480
1.450000, 0.500000, 4.123373
1.500000, 0.500000, 3.937893
1.550000, 0.500000, 3.677855
1.600000, 0.500000, 3.378279
1.650000, 0.500000, 3.073616
1.700000, 0.500000, 2.794228
1.750000, 0.500000, 2.563448
1.800000, 0.500000, 2.395537
1.850000, 0.500000, 2.294715
1.900000, 0.500000, 2.255341
1.950000, 0.500000, 2.263227
2.000000, 0.500000, 2.297895
0.000000, 0.550000, 1.742602
0.050000, 0.550000, 2.196934
0.100000, 0.550000, 2.603426
0.150000, 0.550000, 2.910932
0.200000, 0.550000, 3.078354
0.250000, 0.550000, 3.078546
0.300000, 0.550000, 2.900927
0.350000, 0.550000, 2.552549
0.400000, 0.550000, 2.057539
0.450000, 0.550000, 1.454956
0.500000, 0.550000, 0.795274
0.550000, 0.550000, 0.135816
0.600000, 0.550000, -0.464437
0.650000, 0.550000, -0.950188
0.700000, 0.550000, -1.274820
0.750000, 0.550000, -1.404594
0.800000, 0.550000, -1.321673
0.850000, 0.550000, -1.025707
0.900000, 0.550000, -0.533838
0.950000, 0.550000, 0.120842
1.000000, 0.550000, 0.892239
1.050000, 0.550000, 1.725316
1.100000, 0.550000, 2.560884
1.150000, 0.550000, 3.340666
1.200000, 0.550000, 4.012194
1.250000, 0.550000, 4.533074
1.300000, 0.550000, 4.874259
1.350000, 0.550000, 5.022047
1.400000, 0.550000, 4.978669
1.450000, 0.550000, 4.761422
1.500000, 0.550000, 4.400506
1.550000, 0.550000, 3.935768
1.600000, 0.550000, 3.412715
1.650000, 0.550000, 2.878186
1.700000, 0.550000, 2.376100
1.750000, 0.550000, 1.943678
1.800000, 0.550000, 1.608492
1.850000, 0.550000, 1.386591
1.900000, 0.550000, 1.281836
1.950000, 0.550000, 1.286482
2.000000, 0.550000, 1.382883
0.000000, 0.600000, 1.670944
0.050000, 0.600000, 2.162232
0.100000, 0.600000, 2.605370
0.150000, 0.600000, 2.944050
0.200000, 0.600000, 3.133150
0.250000, 0.600000, 3.143128
0.300000, 0.600000, 2.962928
0.350000, 0.600000, 2.601148
0.400000, 0.600000, 2.085340
0.450000, 0.600000, 1.459532
0.500000, 0.600000, 0.780182
0.550000, 0.600000, 0.110945
0.600000, 0.600000, -0.483245
0.650000, 0.600000, -0.942252
0.700000, 0.600000, -1.216393
0.750000, 0.600000, -1.271151
0.800000, 0.600000, -1.090517
0.850000, 0.600000, -0.678644
0.900000, 0.600000, -0.059676
0.950000, 0.600000, 0.724246
1.000000, 0.600000, 1.616597
1.050000, 0.600000, 2.551374
1.100000, 0.600000, 3.458843
1.150000, 0.600000, 4.271596
1.200000, 0.600000, 4.930362
1.250000, 0.600000, 5.389058
1.300000, 0.600000, 5.618620
1.350000, 0.600000, 5.609273
1.400000, 0.600000, 5.371070
1.450000, 0.600000, 4.932654
1.500000, 0.600000, 4.338384
1.550000, 0.600000, 3.644121
1.600000, 0.600000, 2.912058
1.650000, 0.600000, 2.205102
1.700000, 0.600000, 1.581315
1.750000, 0.600000, 1.088926
1.800000, 0.600000, 0.762370
1.850000, 0.600000, 0.619681
1.900000, 0.600000, 0.661470
1.950000, 0.600000, 0.871539
2.000000, 0.600000, 1.219043
0.000000, 0.650000, 1.619635
0.050000, 0.650000, 2.152838
0.100000, 0.650000, 2.636237
0.150000, 0.650000, 3.007549
0.200000, 0.650000, 3.217306
0.250000, 0.650000, 3.233858
0.300000, 0.650000, 3.046615
0.350000, 0.650000, 2.667207
0.400000, 0.650000, 2.128461
0.450000, 0.650000, 1.481276
0.500000, 0.650000, 0.789710
0.550000, 0.650000, 0.124737
0.600000, 0.650000, -0.442709
0.650000, 0.650000, -0.848746
0.700000, 0.650000, -1.042923
0.750000, 0.650000, -0.993355
0.800000, 0.650000, -0.690112
0.850000, 0.650000, -0.146523
0.900000, 0.650000, 0.601724
0.950000, 0.650000, 1.499623
1.000000, 0.650000, 2.477742
1.050000, 0.650000, 3.458500
1.100000, 0.650000, 4.363250
1.150000, 0.650000, 5.119479
1.200000, 0.650000, 5.667464
1.250000, 0.650000, 5.965726
1.300000, 0.650000, 5.994793
1.350000, 0.650000, 5.758898
1.400000, 0.650000, 5.285463
1.450000, 0.650000, 4.622424
1.500000, 0.650000, 3.833648
1.550000, 0.650000, 2.992886
1.600000, 0.650000, 2.176852
1.650000, 0.650000, 1.458066
1.700000, 0.650000, 0.898168
1.750000, 0.650000, 0.542315
1.800000, 0.650000, 0.415210
1.850000, 0.650000, 0.519119
1.900000, 0.650000, 0.834061
1.950000, 0.650000, 1.320144
2.000000, 0.650000, 1.921805
0.000000, 0.700000, 1.573590
0.050000, 0.700000, 2.153257
0.100000, 0.700000, 2.679939
0.150000, 0.700000, 3.084579
0.200000, 0.700000, 3.313163
0.250000, 0.700000, 3.332476
0.300000, 0.700000, 3.133663
0.350000, 0.700000, 2.733226
0.400000, 0.700000, 2.171344
0.450000, 0.700000, 1.507706
0.500000, 0.700000, 0.815273
0.550000, 0.700000, 0.172624
0.600000, 0.700000, -0.344331
0.650000, 0.700000, -0.670404
0.700000, 0.700000, -0.758120
0.750000, 0.700000, -0.582927
0.800000, 0.700000, -0.146066
0.850000, 0.700000, 0.525178
0.900000, 0.700000, 1.379893
0.950000, 0.700000, 2.348366
1.000000, 0.700000, 3.348852
1.050000, 0.700000, 4.295565
1.100000, 0.700000, 5.107112
1.150000, 0.700000, 5.714483
1.200000, 0.700000, 6.067808
1.250000, 0.700000, 6.141181
1.300000, 0.700000, 5.935087
1.350000, 0.700000, 5.476163
1.400000, 0.700000, 4.814369
1.450000, 0.700000, 4.017824
1.500000, 0.700000, 3.165885
1.550000, 0.700000, 2.341150
1.600000, 0.700000, 1.621225
1.650000, 0.700000, 1.071084
1.700000, 0.700000, 0.736804
1.750000, 0.700000, 0.641295
1.800000, 0.700000, 0.782458
1.850000, 0.700000, 1.133925
1.900000, 0.700000, 1.648296
1.950000, 0.700000, 2.262512
2.000000, 0.700000, 2.904794
0.000000, 0.750000, 1.521187
0.050000, 0.750000, 2.151342
0.100000, 0.750000, 2.723635
0.150000, 0.750000, 3.161466
0.200000, 0.750000, 3.406226
0.250000, 0.750000, 3.423958
0.300000, 0.750000, 3.209164
0.350000, 0.750000, 2.785359
0.400000, 0.750000, 2.202293
0.450000, 0.750000, 1.530184
0.500000, 0.750000, 0.851630
0.550000, 0.750000, 0.252107
0.600000, 0.750000, -0.189832
0.650000, 0.750000, -0.411579
0.700000, 0.750000, -0.373670
0.750000, 0.750000, -0.064376
0.800000, 0.750000, 0.498825
0.850000, 0.750000, 1.271038
0.900000, 0.750000, 2.184777
0.950000, 0.750000, 3.157258
1.000000, 0.750000, 4.099336
1.050000, 0.750000, 4.925043
1.100000, 0.750000, 5.560694
1.150000, 0.750000, 5.952517
1.200000, 0.750000, 6.072014
1.250000, 0.750000, 5.918478
1.300000, 0.750000, 5.518434
1.350000, 0.750000, 4.922148
1.400000, 0.750000, 4.197629
1.450000, 0.750000, 3.422862
1.500000, 0.750000, 2.677174
1.550000, 0.750000, 2.032722
1.600000, 0.750000, 1.547040
1.650000, 0.750000, 1.257459
1.700000, 0.750000, 1.177964
1.750000, 0.750000, 1.298771
1.800000, 0.750000, 1.588579
1.850000, 0.750000, 1.999168
1.900000, 0.750000, 2.471726
1.950000, 0.750000, 2.944147
2.000000, 0.750000, 3.358412
0.000000, 0.800000, 1.460397
0.050000, 0.800000, 2.144438
0.100000, 0.800000, 2.763892
0.150000, 0.800000, 3.233889
0.200000, 0.800000, 3.491363
0.250000, 0.800000, 3.502735
0.300000, 0.800000, 3.267838
0.350000, 0.800000, 2.819596
0.400000, 0.800000, 2.219542
0.450000, 0.800000, 1.549779
0.500000, 0.800000, 0.902425
0.550000, 0.800000, 0.367925
0.600000, 0.800000, 0.023699
0.650000, 0.800000, -0.075439
0.700000, 0.800000, 0.096088
0.750000, 0.800000, 0.531723
0.800000, 0.800000, 1.193897
0.850000, 0.800000, 2.018965
0.900000, 0.800000, 2.925217
0.950000, 0.800000, 3.822924
1.000000, 0.800000, 4.625069
1.050000, 0.800000, 5.257417
1.100000, 0.800000, 5.666689
1.150000, 0.800000, 5.825861
1.200000, 0.800000, 5.736057
1.250000, 0.800000, 5.424920
1.300000, 0.800000, 4.941835
1.350000, 0.800000, 4.350752
1.400000, 0.800000, 3.721643
1.450000, 0.800000, 3.121770
1.500000, 0.800000, 2.607892
1.550000, 0.800000, 2.220369
1.600000, 0.800000, 1.979828
1.650000, 0.800000, 1.886650
1.700000, 0.800000, 1.923175
1.750000, 0.800000, 2.058123
1.800000, 0.800000, 2.252477
1.850000, 0.800000, 2.465891
1.900000, 0.800000, 2.662693
1.950000, 0.800000, 2.816642
2.000000, 0.800000, 2.913842
0.000000, 0.850000, 1.401071
0.050000, 0.850000, 2.141675
0.100000, 0.850000, 2.808993
0.150000, 0.850000, 3.309216
0.200000, 0.850000, 3.575154
0.250000, 0.850000, 3.575063
0.300000, 0.850000, 3.316404
0.350000, 0.850000, 2.844083
0.400000, 0.850000, 2.233464
0.450000, 0.850000, 1.579258
0.500000, 0.850000, 0.981918
0.550000, 0.850000, 0.533527
0.600000, 0.850000, 0.305207
0.650000, 0.850000, 0.337785
0.700000, 0.850000, 0.636968
0.750000, 0.850000, 1.173571
0.800000, 0.850000, 1.888600
0.850000, 0.850000, 2.702283
0.900000, 0.850000, 3.525602
0.950000, 0.850000, 4.272546
1.000000, 0.850000, 4.871299
1.050000, 0.850000, 5.272764
1.100000, 0.850000, 5.455335
1.150000, 0.850000, 5.425421
1.200000, 0.850000, 5.213900
1.250000, 0.850000, 4.869300
1.300000, 0.850000, 4.448973
1.350000, 0.850000, 4.009777
1.400000, 0.850000, 3.599770
1.450000, 0.850000, 3.252192
1.500000, 0.850000, 2.982558
1.550000, 0.850000, 2.789121
1.600000, 0.850000, 2.656397
1.650000, 0.850000, 2.560912
1.700000, 0.850000, 2.478004
1.750000, 0.850000, 2.388332
1.800000, 0.850000, 2.282881
1.850000, 0.850000, 2.165524
1.900000, 0.850000, 2.052683
1.950000, 0.850000, 1.970154
2.000000, 0.850000, 1.947722
0.000000, 0.900000, 1.362460
0.050000, 0.900000, 2.161517
0.100000, 0.900000, 2.876507
0.150000, 0.900000, 3.404084
0.200000, 0.900000, 3.673504
0.250000, 0.900000, 3.656641
0.300000, 0.900000, 3.371192
0.350000, 0.900000, 2.876679
0.400000, 0.900000, 2.263998
0.450000, 0.900000, 1.640344
0.500000, 0.900000, 1.112026
0.550000, 0.900000, 0.768007
0.600000, 0.900000, 0.666787
0.650000, 0.900000, 0.828644
0.700000, 0.900000, 1.234294
0.750000, 0.900000, 1.829921
0.800000, 0.900000, 2.537464
0.850000, 0.900000, 3.268213
0.900000, 0.900000, 3.937262
0.950000, 0.900000, 4.476331
1.000000, 0.900000, 4.842862
1.050000, 0.900000, 5.024021
1.100000, 0.900000, 5.035215
1.150000, 0.900000, 4.913739
1.200000, 0.900000, 4.708999
1.250000, 0.900000, 4.471375
1.300000, 0.900000, 4.241907
1.350000, 0.900000, 4.044811
1.400000, 0.900000, 3.884167
1.450000, 0.900000, 3.745329
1.500000, 0.900000, 3.600613
1.550000, 0.900000, 3.418028
1.600000, 0.900000, 3.171151
1.650000, 0.900000, 2.848064
1.700000, 0.900000, 2.457407
1.750000, 0.900000, 2.030147
1.800000, 0.900000, 1.616488
1.850000, 0.900000, 1.278305
1.900000, 0.900000, 1.078354
1.950000, 0.900000, 1.068224
2.000000, 0.900000, 1.277281
0.000000, 0.950000, 1.366899
0.050000, 0.950000, 2.225457
0.100000, 0.950000, 2.987004
0.150000, 0.950000, 3.538145
0.200000, 0.950000, 3.805399
0.250000, 0.950000, 3.766388
0.300000, 0.950000, 3.451904
0.350000, 0.950000, 2.938664
0.400000, 0.950000, 2.334248
0.450000, 0.950000, 1.757137
0.500000, 0.950000, 1.315626
0.550000, 0.950000, 1.089459
0.600000, 0.950000, 1.117482
0.650000, 0.950000, 1.393316
0.700000, 0.950000, 1.869540
0.750000, 0.950000, 2.469175
0.800000, 0.950000, 3.101943
0.850000, 0.950000, 3.681930
0.900000, 0.950000, 4.143103
0.950000, 0.950000, 4.449738
1.000000, 0.950000, 4.599884
1.050000, 0.950000, 4.621509
1.100000, 0.950000, 4.562476
1.150000, 0.950000, 4.476742
1.200000, 0.950000, 4.409926
1.250000, 0.950000, 4.387466
1.300000, 0.950000, 4.408007
1.350000, 0.950000, 4.443480
1.400000, 0.950000, 4.445940
1.450000, 0.950000, 4.359713
1.500000, 0.950000, 4.136261
1.550000, 0.950000, 3.748498
1.600000, 0.950000, 3.201359
1.650000, 0.950000, 2.536063
1.700000, 0.950000, 1.826823
1.750000, 0.950000, 1.170219
1.800000, 0.950000, 0.669019
1.850000, 0.950000, 0.413422
1.900000, 0.950000, 0.463326
1.950000, 0.950000, 0.835175
2.000000, 0.950000, 1.496144
0.000000, 1.000000, 1.432036
0.050000, 1.000000, 2.350272
0.100000, 1.000000, 3.156329
0.150000, 1.000000, 3.726358
0.200000, 1.000000, 3.985225
0.250000, 1.000000, 3.918766
0.300000, 1.000000, 3.573920
0.350000, 1.000000, 3.046978
0.400000, 1.000000, 2.462605
0.450000, 1.000000, 1.948130
0.500000, 1.000000, 1.608527
0.550000, 1.000000, 1.507169
0.600000, 1.000000, 1.656145
0.650000, 1.000000, 2.017748
0.700000, 1.000000, 2.516339
0.750000, 1.000000, 3.057565
0.800000, 1.000000, 3.550401
0.850000, 1.000000, 3.926996
0.900000, 1.000000, 4.155947
0.950000, 1.000000, 4.246197
1.000000, 1.000000, 4.240948
1.050000, 1.000000, 4.203316
1.100000, 1.000000, 4.197285
1.150000, 1.000000, 4.268651
1.200000, 1.000000, 4.430600
1.250000, 1.000000, 4.657528
1.300000, 1.000000, 4.888791
1.350000, 1.000000, 5.041800
1.400000, 1.000000, 5.031665
1.450000, 1.000000, 4.792998
1.500000, 1.000000, 4.298883
1.550000, 1.000000, 3.572468
1.600000, 1.000000, 2.688191
1.650000, 1.000000, 1.761814
1.700000, 1.000000, 0.930919
1.750000, 1.000000, 0.329630
1.800000, 1.000000, 0.062678
1.850000, 1.000000, 0.184209
1.900000, 1.000000, 0.685853
1.950000, 1.000000, 1.496727
2.000000, 1.000000, 2.495569
0.000000, 1.050000, 1.564552
0.050000, 1.050000, 2.541758
0.100000, 1.050000, 3.389364
0.150000, 1.050000, 3.972772
0.200000, 1.050000, 4.216567
0.250000, 1.050000, 4.117588
0.300000, 1.050000, 3.742085
0.350000, 1.050000, 3.207949
0.400000, 1.050000, 2.656383
0.450000, 1.050000, 2.219759
0.500000, 1.050000, 1.993092
0.550000, 1.050000, 2.015609
0.600000, 1.050000, 2.266284
0.650000, 1.050000, 2.673868
0.700000, 1.050000, 3.138414
0.750000, 1.050000, 3.558635
0.800000, 1.050000, 3.858111
0.850000, 1.050000, 4.003822
0.900000, 1.050000, 4.012468
0.950000, 1.050000, 3.943183
1.000000, 1.050000, 3.878678
1.050000, 1.050000, 3.899760
1.100000, 1.050000, 4.059904
1.150000, 1.050000, 4.366558
1.200000, 1.050000, 4.774278
1.250000, 1.050000, 5.191847
1.300000, 1.050000, 5.502116
1.350000, 1.050000, 5.590033
1.400000, 1.050000, 5.372238
1.450000, 1.050000, 4.820982
1.500000, 1.050000, 3.976342
1.550000, 1.050000, 2.943342
1.600000, 1.050000, 1.874091
1.650000, 1.050000, 0.938603
1.700000, 1.050000, 0.290658
1.750000, 1.050000, 0.036328
1.800000, 1.050000, 0.212271
1.850000, 1.050000, 0.778678
1.900000, 1.050000, 1.628482
1.950000, 1.050000, 2.610665
2.000000, 1.050000, 3.562373
0.000000, 1.100000, 1.757766
0.050000, 1.100000, 2.792363
0.100000, 1.100000, 3.677676
0.150000, 1.100000, 4.268197
0.200000, 1.100000, 4.489894
0.250000, 1.100000, 4.353705
0.300000, 1.100000, 3.948376
0.350000, 1.100000, 3.414892
0.400000, 1.100000, 2.909341
0.450000, 1.100000, 2.563901
0.500000, 1.100000, 2.455897
0.550000, 1.100000, 2.592603
0.600000, 1.100000, 2.915181
0.650000, 1.100000, 3.320044
0.700000, 1.100000, 3.691388
0.750000, 1.100000, 3.935713
0.800000, 1.100000, 4.008810
0.850000, 1.100000, 3.927820
0.900000, 1.100000, 3.765089
0.950000, 1.100000, 3.625578
1.000000, 1.100000, 3.614074
1.050000, 1.100000, 3.801331
1.100000, 1.100000, 4.198653
1.150000, 1.100000, 4.748303
1.200000, 1.100000, 5.332925
1.250000, 1.100000, 5.802132
1.300000, 1.100000, 6.009742
1.350000, 1.100000, 5.852189
1.400000, 1.100000, 5.298073
1.450000, 1.100000, 4.400985
1.500000, 1.100000, 3.291838
1.550000, 1.100000, 2.152230
1.600000, 1.100000, 1.175144
1.650000, 1.100000, 0.522599
1.700000, 1.100000, 0.290639
1.750000, 1.100000, 0.490210
1.800000, 1.100000, 1.048421
1.850000, 1.100000, 1.829516
1.900000, 1.100000, 2.669914
1.950000, 1.100000, 3.418223
2.000000, 1.100000, 3.970010
0.000000, 1.150000, 1.994031
0.050000, 1.150000, 3.083598
0.100000, 1.150000, 4.001954
0.150000, 1.150000, 4.592657
0.200000, 1.150000, 4.785032
0.250000, 1.150000, 4.607480
0.300000, 1.150000, 4.174340
0.350000, 1.150000, 3.650497
0.400000, 1.150000, 3.204006
0.450000, 1.150000, 2.960235
0.500000, 1.150000, 2.970341
0.550000, 1.150000, 3.202553
0.600000, 1.150000, 3.558100
0.650000, 1.150000, 3.906441
0.700000, 1.150000, 4.128926
0.750000, 1.150000, 4.157703
0.800000, 1.150000, 3.998150
0.850000, 1.150000, 3.728074
0.900000, 1.150000, 3.473780
0.950000, 1.150000, 3.370012
1.000000, 1.150000, 3.515607
1.050000, 1.150000, 3.938153
1.100000, 1.150000, 4.578471
1.150000, 1.150000, 5.300174
1.200000, 1.150000, 5.922331
1.250000, 1.150000, 6.266573
1.300000, 1.150000, 6.205700
1.350000, 1.150000, 5.700177
1.400000, 1.150000, 4.812172
1.450000, 1.150000, 3.692942
1.500000, 1.150000, 2.546778
1.550000, 1.150000, 1.581241
1.600000, 1.150000, 0.957189
1.650000, 1.150000, 0.752079
1.700000, 1.150000, 0.946242
1.750000, 1.150000, 1.435305
1.800000, 1.150000, 2.064615
1.850000, 1.150000, 2.675402
1.900000, 1.150000, 3.149328
1.950000, 1.150000, 3.438755
2.000000, 1.150000, 3.574446
0.000000, 1.200000, 2.251010
0.050000, 1.200000, 3.392339
0.100000, 1.200000, 4.338326
0.150000, 1.200000, 4.921728
0.200000, 1.200000, 5.077510
0.250000, 1.200000, 4.855128
0.300000, 1.200000, 4.397410
0.350000, 1.200000, 3.893087
0.400000, 1.200000, 3.517900
0.450000, 1.200000, 3.382551
0.500000, 1.200000, 3.503297
0.550000, 1.200000, 3.803748
0.600000, 1.200000, 4.146534
0.650000, 1.200000, 4.384093
0.700000, 1.200000, 4.411917
0.750000, 1.200000, 4.206867
0.800000, 1.200000, 3.838013
0.850000, 1.200000, 3.446220
0.900000, 1.200000, 3.198708
0.950000, 1.200000, 3.232862
1.000000, 1.200000, 3.607223
1.050000, 1.200000, 4.275539
1.100000, 1.200000, 5.092760
1.150000, 1.200000, 5.851998
1.200000, 1.200000, 6.341820
1.250000, 1.200000, 6.406821
1.300000, 1.200000, 5.993233
1.350000, 1.200000, 5.165750
1.400000, 1.200000, 4.090433
1.450000, 1.200000, 2.988843
1.500000, 1.200000, 2.077210
1.550000, 1.200000, 1.508918
1.600000, 1.200000, 1.337338
1.650000, 1.200000, 1.509655
1.700000, 1.200000, 1.892677
1.750000, 1.200000, 2.321745
1.800000, 1.200000, 2.656852
1.850000, 1.200000, 2.828067
1.900000, 1.200000, 2.855972
1.950000, 1.200000, 2.840883
2.000000, 1.200000, 2.924632
0.000000, 1.250000, 2.509453
0.050000, 1.250000, 3.698620
0.100000, 1.250000, 4.666172
0.150000, 1.250000, 5.234362
0.200000, 1.250000, 5.346392
0.250000, 1.250000, 5.076542
0.300000, 1.250000, 4.598695
0.350000, 1.250000, 4.124358
0.400000, 1.250000, 3.831285
0.450000, 1.250000, 3.806632
0.500000, 1.250000, 4.023386
0.550000, 1.250000, 4.357329
0.600000, 1.250000, 4.637931
0.650000, 1.250000, 4.715056
0.700000, 1.250000, 4.517992
0.750000, 1.250000, 4.086031
0.800000, 1.250000, 3.559576
0.850000, 1.250000, 3.134321
0.900000, 1.250000, 2.993784
0.950000, 1.250000, 3.243103
1.000000, 1.250000, 3.866851
1.050000, 1.250000, 4.725809
1.100000, 1.250000, 5.594666
1.150000, 1.250000, 6.228941
1.200000, 1.250000, 6.439522
1.250000, 1.250000, 6.150610
1.300000, 1.250000, 5.422193
1.350000, 1.250000, 4.429918
1.400000, 1.250000, 3.409252
1.450000, 1.250000, 2.582558
1.500000, 1.250000, 2.093155
1.550000, 1.250000, 1.967823
1.600000, 1.250000, 2.119441
1.650000, 1.250000, 2.387825
1.700000, 1.250000, 2.603961
1.750000, 1.250000, 2.655044
1.800000, 1.250000, 2.527659
1.850000, 1.250000, 2.314079
1.900000, 1.250000, 2.179390
1.950000, 1.250000, 2.300682
2.000000, 1.250000, 2.799294
0.000000, 1.300000, 2.759510
0.050000, 1.300000, 3.991964
0.100000, 1.300000, 4.974468
0.150000, 1.300000, 5.519248
0.200000, 1.300000, 5.580644
0.250000, 1.300000, 5.261651
0.300000, 1.300000, 4.769302
0.350000, 1.300000, 4.335673
0.400000, 1.300000, 4.133466
0.450000, 1.300000, 4.216747
0.500000, 1.300000, 4.507912
0.550000, 1.300000, 4.834852
0.600000, 1.300000, 5.003832
0.650000, 1.300000, 4.880462
0.700000, 1.300000, 4.448237
0.750000, 1.300000, 3.822326
0.800000, 1.300000, 3.212831
0.850000, 1.300000, 2.850333
0.900000, 1.300000, 2.900656
0.950000, 1.300000, 3.399983
1.000000, 1.300000, 4.234454
1.050000, 1.300000, 5.172417
1.100000, 1.300000, 5.938617
1.150000, 1.300000, 6.304407
1.200000, 1.300000, 6.162273
1.250000, 1.300000, 5.558533
1.300000, 1.300000, 4.673079
1.350000, 1.300000, 3.754007
1.400000, 1.300000, 3.031032
1.450000, 1.300000, 2.638969
1.500000, 1.300000, 2.578531
1.550000, 1.300000, 2.727881
1.600000, 1.300000, 2.899660
1.650000, 1.300000, 2.921617
1.700000, 1.300000, 2.710346
1.750000, 1.300000, 2.310298
1.800000, 1.300000, 1.883043
1.850000, 1.300000, 1.650183
1.900000, 1.300000, 1.810494
1.950000, 1.300000, 2.461627
2.000000, 1.300000, 3.555372
0.000000, 1.350000, 3.003208
0.050000, 1.350000, 4.273874
0.100000, 1.350000, 5.264295
0.150000, 1.350000, 5.777326
0.200000, 1.350000, 5.781648
0.250000, 1.350000, 5.412914
0.300000, 1.350000, 4.912805
0.350000, 1.350000, 4.530494
0.400000, 1.350000, 4.425280
0.450000, 1.350000, 4.608369
0.500000, 1.350000, 4.946022
0.550000, 1.350000, 5.222014
0.600000, 1.350000, 5.233857
0.650000, 1.350000, 4.883939
0.700000, 1.350000, 4.228686
0.750000, 1.350000, 3.465413
0.800000, 1.350000, 2.861120
0.850000, 1.350000, 2.650510
0.900000, 1.350000, 2.942932
0.950000, 1.350000, 3.674829
1.000000, 1.350000, 4.626836
1.050000, 1.350000, 5.499707
1.100000, 1.350000, 6.020435
1.150000, 1.350000, 6.038257
1.200000, 1.350000, 5.574162
1.250000, 1.350000, 4.805630
1.300000, 1.350000, 3.993379
1.350000, 1.350000, 3.379332
1.400000, 1.350000, 3.095852
1.450000, 1.350000, 3.121524
1.500000, 1.350000, 3.300168
1.550000, 1.350000, 3.414711
1.600000, 1.350000, 3.285874
1.650000, 1.350000, 2.855782
1.700000, 1.350000, 2.222534
1.750000, 1.350000, 1.611065
1.800000, 1.350000, 1.290818
1.850000, 1.350000, 1.471856
1.900000, 1.350000, 2.219889
1.950000, 1.350000, 3.423668
2.000000, 1.350000, 4.828105
0.000000, 1.400000, 3.252170
0.050000, 1.400000, 4.555565
0.100000, 1.400000, 5.546574
0.150000, 1.400000, 6.019528
0.200000, 1.400000, 5.960948
0.250000, 1.400000, 5.543049
0.300000, 1.400000, 5.042932
0.350000, 1.400000, 4.722059
0.400000, 1.400000, 4.716855
0.450000, 1.400000, 4.986185
0.500000, 1.400000, 5.337160
0.550000, 1.400000, 5.517508
0.600000, 1.400000, 5.334527
0.650000, 1.400000, 4.749377
0.700000, 1.400000, 3.905764
0.750000, 1.400000, 3.079767
0.800000, 1.400000, 2.570883
0.850000, 1.400000, 2.579375
0.900000, 1.400000, 3.121161
0.950000, 1.400000, 4.016161
1.000000, 1.400000, 4.955574
1.050000, 1.400000, 5.620785
1.100000, 1.400000, 5.805193
1.150000, 1.400000, 5.489124
1.200000, 1.400000, 4.837719
1.250000, 1.400000, 4.123837
1.300000, 1.400000, 3.609278
1.350000, 1.400000, 3.434724
1.400000, 1.400000, 3.564773
1.450000, 1.400000, 3.810859
1.500000, 1.400000, 3.921786
1.550000, 1.400000, 3.702852
1.600000, 1.400000, 3.112330
1.650000, 1.400000, 2.293409
1.700000, 1.400000, 1.526833
1.750000, 1.400000, 1.122870
1.800000, 1.400000, 1.296981
1.850000, 1.400000, 2.080763
1.900000, 1.400000, 3.305336
1.950000, 1.400000, 4.664396
2.000000, 1.400000, 5.831137
0.000000, 1.450000, 3.521481
0.050000, 1.450000, 4.851844
0.100000, 1.450000, 5.835955
0.150000, 1.450000, 6.260676
0.200000, 1.450000, 6.134131
0.250000, 1.450000, 5.668898
0.300000, 1.450000, 5.177399
0.350000, 1.450000, 4.927211
0.400000, 1.450000, 5.021532
0.450000, 1.450000, 5.358300
0.500000, 1.450000, 5.685666
0.550000, 1.450000, 5.727874
0.600000, 1.450000, 5.323723
0.650000, 1.450000, 4.513951
0.700000, 1.450000, 3.536832
0.750000, 1.450000, 2.732612
0.800000, 1.450000, 2.398623
0.850000, 1.450000, 2.659410
0.900000, 1.450000, 3.409935
0.950000, 1.450000, 4.357548
1.000000, 1.450000, 5.144520
1.050000, 1.450000, 5.497141
1.100000, 1.450000, 5.335717
1.150000, 1.450000, 4.797507
1.200000, 1.450000, 4.163741
1.250000, 1.450000, 3.724755
1.300000, 1.450000, 3.644827
1.350000, 1.450000, 3.888010
1.400000, 1.450000, 4.238472
1.450000, 1.450000, 4.405919
1.500000, 1.450000, 4.168042
1.550000, 1.450000, 3.484941
1.600000, 1.450000, 2.532781
1.650000, 1.450000, 1.640069
1.700000, 1.450000, 1.153665
1.750000, 1.450000, 1.293370
1.800000, 1.450000, 2.059311
1.850000, 1.450000, 3.233063
1.900000, 1.450000, 4.471783
1.950000, 1.450000, 5.453384
2.000000, 1.450000, 6.008266
0.000000, 1.500000, 3.822100
0.050000, 1.500000, 5.173520
0.100000, 1.500000, 6.143236
0.150000, 1.500000, 6.511892
0.200000, 1.500000, 6.313234
0.250000, 1.500000, 5.803802
0.300000, 1.500000, 5.330260
0.350000, 1.500000, 5.158755
0.400000, 1.500000, 5.348353
0.450000, 1.500000, 5.729003
0.500000, 1.500000, 5.993864
0.550000, 1.500000, 5.860636
0.600000, 1.500000, 5.223132
0.650000, 1.500000, 4.218852
0.700000, 1.500000, 3.178571
0.750000, 1.500000, 2.480603
0.800000, 1.500000, 2.378423
0.850000, 1.500000, 2.883454
0.900000, 1.500000, 3.758898
0.950000, 1.500000, 4.627773
1.000000, 1.500000, 5.144082
1.050000, 1.500000, 5.146179
1.100000, 1.500000, 4.720248
1.150000, 1.500000, 4.145021
1.200000, 1.500000, 3.745785
1.250000, 1.500000, 3.729031
1.300000, 1.500000, 4.078067
1.350000, 1.500000, 4.560332
1.400000, 1.500000, 4.843076
1.450000, 1.500000, 4.661720
1.500000, 1.500000, 3.959405
1.550000, 1.500000, 2.929715
1.600000, 1.500000, 1.940605
1.650000, 1.500000, 1.374379
1.700000, 1.500000, 1.458786
1.750000, 1.500000, 2.168734
1.800000, 1.500000, 3.244574
1.850000, 1.500000, 4.317498
1.900000, 1.500000, 5.081736
1.950000, 1.500000, 5.431346
2.000000, 1.500000, 5.496838
0.000000, 1.550000, 4.154741
0.050000, 1.550000, 5.521299
0.100000, 1.550000, 6.469246
0.150000, 1.550000, 6.774481
0.200000, 1.550000, 6.500617
0.250000, 1.550000, 5.951452
0.300000, 1.550000, 5.505726
0.350000, 1.550000, 5.419302
0.400000, 1.550000, 5.696044
0.450000, 1.550000, 6.093012
0.500000, 1.550000, 6.256553
0.550000, 1.550000, 5.918624
0.600000, 1.550000, 5.051595
0.650000, 1.550000, 3.900818
0.700000, 1.550000, 2.876563
0.750000, 1.550000, 2.358878
0.800000, 1.550000, 2.513628
0.850000, 1.550000, 3.212744
0.900000, 1.550000, 4.099040
0.950000, 1.550000, 4.762738
1.000000, 1.550000, 4.940394
1.050000, 1.550000, 4.635906
1.100000, 1.550000, 4.103367
1.150000, 1.550000, 3.702211
1.200000, 1.550000, 3.700221
1.250000, 1.550000, 4.126425
1.300000, 1.550000, 4.750144
1.350000, 1.550000, 5.197602
1.400000, 1.550000, 5.146869
1.450000, 1.550000, 4.501345
1.500000, 1.550000, 3.452442
1.550000, 1.550000, 2.398229
1.600000, 1.550000, 1.757959
1.650000, 1.550000, 1.775370
1.700000, 1.550000, 2.409390
1.750000, 1.550000, 3.366449
1.800000, 1.550000, 4.256722
1.850000, 1.550000, 4.793788
1.900000, 1.550000, 4.935650
1.950000, 1.550000, 4.895473
2.000000, 1.550000, 5.017432
0.000000, 1.600000, 4.507627
0.050000, 1.600000, 5.883529
0.100000, 1.600000, 6.802599
0.150000, 1.600000, 7.037679
0.200000, 1.600000, 6.686685
0.250000, 1.600000, 6.103586
0.300000, 1.600000, 5.695839
0.350000, 1.600000, 5.698974
0.400000, 1.600000, 6.050869
0.450000, 1.600000, 6.433586
0.500000, 1.600000, 6.459244
0.550000, 1.600000, 5.897839
0.600000, 1.600000, 4.821800
0.650000, 1.600000, 3.587051
0.700000, 1.600000, 2.658905
0.750000, 1.600000, 2.375463
0.800000, 1.600000, 2.775354
0.850000, 1.600000, 3.582287
0.900000, 1.600000, 4.354430
0.950000, 1.600000, 4.717865
1.000000, 1.600000, 4.558385
1.050000, 1.600000, 4.068923
1.100000, 1.600000, 3.628549
1.150000, 1.600000, 3.580427
1.200000, 1.600000, 4.030908
1.250000, 1.600000, 4.780311
1.300000, 1.600000, 5.424191
1.350000, 1.600000, 5.571032
1.400000, 1.600000, 5.058615
1.450000, 1.600000, 4.051454
1.500000, 1.600000, 2.965600
1.550000, 1.600000, 2.260226
1.600000, 1.600000, 2.207275
1.650000, 1.600000, 2.762161
1.700000, 1.600000, 3.603779
1.750000, 1.600000, 4.320451
1.800000, 1.600000, 4.639738
1.850000, 1.600000, 4.576706
1.900000, 1.600000, 4.420071
1.950000, 1.600000, 4.564069
2.000000, 1.600000, 5.278136
0.000000, 1.650000, 4.859012
0.050000, 1.650000, 6.238721
0.100000, 1.650000, 7.122202
0.150000, 1.650000, 7.281147
0.200000, 1.650000, 6.852371
0.250000, 1.650000, 6.242435
0.300000, 1.650000, 5.882903
0.350000, 1.650000, 5.977882
0.400000, 1.650000, 6.389270
0.450000, 1.650000, 6.725369
0.500000, 1.650000, 6.581010
0.550000, 1.650000, 5.789739
0.600000, 1.650000, 4.541273
0.650000, 1.650000, 3.294694
0.700000, 1.650000, 2.535193
0.750000, 1.650000, 2.512311
0.800000, 1.650000, 3.108604
0.850000, 1.650000, 3.913231
0.900000, 1.650000, 4.457771
0.950000, 1.650000, 4.478998
1.000000, 1.650000, 4.058436
1.050000, 1.650000, 3.559863
1.100000, 1.650000, 3.402432
1.150000, 1.650000, 3.801745
1.200000, 1.650000, 4.629654
1.250000, 1.650000, 5.475123
1.300000, 1.650000, 5.872576
1.350000, 1.650000, 5.567368
1.400000, 1.650000, 4.666123
1.450000, 1.650000, 3.585169
1.500000, 1.650000, 2.825801
1.550000, 1.650000, 2.704066
1.600000, 1.650000, 3.188589
1.650000, 1.650000, 3.937638
1.700000, 1.650000, 4.512151
1.750000, 1.650000, 4.640526
1.800000, 1.650000, 4.381595
1.850000, 1.650000, 4.091259
1.900000, 1.650000, 4.211709
1.950000, 1.650000, 5.004766
2.000000, 1.650000, 6.383591
0.000000, 1.700000, 5.183556
0.050000, 1.700000, 6.561921
0.100000, 1.700000, 7.403619
0.150000, 1.700000, 7.481321
0.200000, 1.700000, 6.975465
0.250000, 1.700000, 6.347025
0.300000, 1.700000, 6.045768
0.350000, 1.700000, 6.232465
0.400000, 1.700000, 6.684361
0.450000, 1.700000, 6.941046
0.500000, 1.700000, 6.601026
0.550000, 1.700000, 5.587057
0.600000, 1.700000, 4.216889
0.650000, 1.700000, 3.034200
0.700000, 1.700000, 2.500317
0.750000, 1.700000, 2.732220
0.800000, 1.700000, 3.444533
0.850000, 1.700000, 4.129727
0.900000, 1.700000, 4.366519
0.950000, 1.700000, 4.069163
1.000000, 1.700000, 3.526945
1.050000, 1.700000, 3.211322
1.100000, 1.700000, 3.469876
1.150000, 1.700000, 4.295312
1.200000, 1.700000, 5.312080
1.250000, 1.700000, 5.990664
1.300000, 1.700000, 5.960709
1.350000, 1.700000, 5.233524
1.400000, 1.700000, 4.198951
1.450000, 1.700000, 3.398170
1.500000, 1.700000, 3.209613
1.550000, 1.700000, 3.637490
1.600000, 1.700000, 4.329611
1.650000, 1.700000, 4.811555
1.700000, 1.700000, 4.792652
1.750000, 1.700000, 4.355804
1.800000, 1.700000, 3.914228
1.850000, 1.700000, 3.960488
1.900000, 1.700000, 4.760214
1.950000, 1.700000, 6.177173
2.000000, 1.700000, 7.737169
0.000000, 1.750000, 5.460176
0.050000, 1.750000, 6.832549
0.100000, 1.750000, 7.626896
0.150000, 1.750000, 7.619223
0.200000, 1.750000, 7.038394
0.250000, 1.750000, 6.400931
0.300000, 1.750000, 6.167574
0.350000, 1.750000, 6.443301
0.400000, 1.750000, 6.913893
0.450000, 1.750000, 7.059412
0.500000, 1.750000, 6.506388
0.550000, 1.750000, 5.290777
0.600000, 1.750000, 3.860643
0.650000, 1.750000, 2.814489
0.700000, 1.750000, 2.540951
0.750000, 1.750000, 2.989169
0.800000, 1.750000, 3.715624
0.850000, 1.750000, 4.176198
0.900000, 1.750000, 4.075401
0.950000, 1.750000, 3.548701
1.000000, 1.750000, 3.061799
1.050000, 1.750000, 3.093135
1.100000, 1.750000, 3.805590
1.150000, 1.750000, 4.920518
1.200000, 1.750000, 5.877290
1.250000, 1.750000, 6.177889
1.300000, 1.750000, 5.696804
1.350000, 1.750000, 4.758198
1.400000, 1.750000, 3.931130
1.450000, 1.750000, 3.674017
1.500000, 1.750000, 4.055703
1.550000, 1.750000, 4.730692
1.600000, 1.750000, 5.182427
1.650000, 1.750000, 5.076073
1.700000, 1.750000, 4.491947
1.750000, 1.750000, 3.887616
1.800000, 1.750000, 3.811456
1.850000, 1.750000, 4.550687
1.900000, 1.750000, 5.939717
1.950000, 1.750000, 7.452356
2.000000, 1.750000, 8.519811
0.000000, 1.800000, 5.678409
0.050000, 1.800000, 7.040746
0.100000, 1.800000, 7.782893
0.150000, 1.800000, 7.686774
0.200000, 1.800000, 7.034512
0.250000, 1.800000, 6.398533
0.300000, 1.800000, 6.242011
0.350000, 1.800000, 6.601437
0.400000, 1.800000, 7.066719
0.450000, 1.800000, 7.071876
0.500000, 1.800000, 6.298261
0.550000, 1.800000, 4.915374
0.600000, 1.800000, 3.493870
0.650000, 1.800000, 2.647167
0.700000, 1.800000, 2.641897
0.750000, 1.800000, 3.238760
0.800000, 1.800000, 3.869761
0.850000, 1.800000, 4.030529
0.900000, 1.800000, 3.621525
0.950000, 1.800000, 3.007284
1.000000, 1.800000, 2.754630
1.050000, 1.800000, 3.228860
1.100000, 1.800000, 4.323584
1.150000, 1.800000, 5.509610
1.200000, 1.800000, 6.172180
1.250000, 1.800000, 6.010287
1.300000, 1.800000, 5.229331
1.350000, 1.800000, 4.397734
1.400000, 1.800000, 4.065024
1.450000, 1.800000, 4.399742
1.500000, 1.800000, 5.091326
1.550000, 1.800000, 5.580747
1.600000, 1.800000, 5.461496
1.650000, 1.800000, 4.776925
1.700000, 1.800000, 4.010153
1.750000, 1.800000, 3.771239
1.800000, 1.800000, 4.391854
1.850000, 1.800000, 5.700978
1.900000, 1.800000, 7.133250
1.950000, 1.800000, 8.097061
2.000000, 1.800000, 8.354263
0.000000, 1.850000, 5.840897
0.050000, 1.850000, 7.189849
0.100000, 1.850000, 7.875746
0.150000, 1.850000, 7.689233
0.200000, 1.850000, 6.970514
0.250000, 1.850000, 6.347404
0.300000, 1.850000, 6.275703
0.350000, 1.850000, 6.710852
0.400000, 1.850000, 7.145381
0.450000, 1.850000, 6.985010
0.500000, 1.850000, 5.993959
0.550000, 1.850000, 4.489994
0.600000, 1.850000, 3.147702
0.650000, 1.850000, 2.547597
0.700000, 1.850000, 2.789885
0.750000, 1.850000, 3.445870
0.800000, 1.850000, 3.879696
0.850000, 1.850000, 3.709694
0.900000, 1.850000, 3.079863
0.950000, 1.850000, 2.548207
1.000000, 1.850000, 2.672681
1.050000, 1.850000, 3.591789
1.100000, 1.850000, 4.901200
1.150000, 1.850000, 5.916918
1.200000, 1.850000, 6.139916
1.250000, 1.850000, 5.593228
1.300000, 1.850000, 4.792992
1.350000, 1.850000, 4.375292
1.400000, 1.850000, 4.645327
1.450000, 1.850000, 5.370014
1.500000, 1.850000, 5.960771
1.550000, 1.850000, 5.914334
1.600000, 1.850000, 5.194985
1.650000, 1.850000, 4.283110
1.700000, 1.850000, 3.852934
1.750000, 1.850000, 4.306990
1.800000, 1.850000, 5.497499
1.850000, 1.850000, 6.832251
1.900000, 1.850000, 7.689162
1.950000, 1.850000, 7.844381
2.000000, 1.850000, 7.609957
0.000000, 1.900000, 5.961092
0.050000, 1.900000, 7.294079
0.100000, 1.900000, 7.920528
0.150000, 1.900000, 7.642839
0.200000, 1.900000, 6.864052
0.250000, 1.900000, 6.265897
0.300000, 1.900000, 6.285809
0.350000, 1.900000, 6.786137
0.400000, 1.900000, 7.163881
0.450000, 1.900000, 6.818221
0.500000, 1.900000, 5.624082
0.550000, 1.900000, 4.054736
0.600000, 1.900000, 2.858988
0.650000, 1.900000, 2.532036
0.700000, 1.900000, 2.973752
0.750000, 1.900000, 3.587925
0.800000, 1.900000, 3.745995
0.850000, 1.900000, 3.266349
0.900000, 1.900000, 2.549409
0.950000, 1.900000, 2.267609
1.000000, 1.900000, 2.843823
1.050000, 1.900000, 4.111089
1.100000, 1.900000, 5.411095
1.150000, 1.900000, 6.060341
1.200000, 1.900000, 5.837319
1.250000, 1.900000, 5.128036
1.300000, 1.900000, 4.622800
1.350000, 1.900000, 4.792822
1.400000, 1.900000, 5.539397
1.450000, 1.900000, 6.278232
1.500000, 1.900000, 6.394507
1.550000, 1.900000, 5.725693
1.600000, 1.900000, 4.707847
1.650000, 1.900000, 4.073057
1.700000, 1.900000, 4.322157
1.750000, 1.900000, 5.365517
1.800000, 1.900000, 6.599267
1.850000, 1.900000, 7.358659
1.900000, 1.900000, 7.408408
1.950000, 1.900000, 7.103029
2.000000, 1.900000, 7.098324
0.000000, 1.950000, 6.057085
0.050000, 1.950000, 7.372343
0.100000, 1.950000, 7.937038
0.150000, 1.950000, 7.568576
0.200000, 1.950000, 6.737466
0.250000, 1.950000, 6.176861
0.300000, 1.950000, 6.293751
0.350000, 1.950000, 6.846304
0.400000, 1.950000, 7.141562
0.450000, 1.950000, 6.597458
0.500000, 1.950000, 5.225627
0.550000, 1.950000, 3.653040
0.600000, 1.950000, 2.662715
0.650000, 1.950000, 2.611776
0.700000, 1.950000, 3.181625
0.750000, 1.950000, 3.654003
0.800000, 1.950000, 3.493602
0.850000, 1.950000, 2.777478
0.900000, 1.950000, 2.132936
0.950000, 1.950000, 2.233116
1.000000, 1.950000, 3.248354
1.050000, 1.950000, 4.686930
1.100000, 1.950000, 5.753061
1.150000, 1.950000, 5.943426
1.200000, 1.950000, 5.415887
1.250000, 1.950000, 4.842986
1.300000, 1.950000, 4.867591
1.350000, 1.950000, 5.590260
1.400000, 1.950000, 6.492115
1.450000, 1.950000, 6.853490
1.500000, 1.950000, 6.337774
1.550000, 1.950000, 5.279174
1.600000, 1.950000, 4.445502
1.650000, 1.950000, 4.459771
1.700000, 1.950000, 5.332773
1.750000, 1.950000, 6.471815
1.800000, 1.950000, 7.156737
1.850000, 1.950000, 7.107536
1.900000, 1.950000, 6.696686
1.950000, 1.950000, 6.639701
2.000000, 1.950000, 7.408740
0.000000, 2.000000, 6.143933
0.050000, 2.000000, 7.440550
0.100000, 2.000000, 7.942092
0.150000, 2.000000, 7.484439
0.200000, 2.000000, 6.610029
0.250000, 2.000000, 6.099854
0.300000, 2.000000, 6.317454
0.350000, 2.000000, 6.907111
0.400000, 2.000000, 7.095463
0.450000, 2.000000, 6.347321
0.500000, 2.000000, 4.833493
0.550000, 2.000000, 3.322639
0.600000, 2.000000, 2.583417
0.650000, 2.000000, 2.786636
0.700000, 2.000000, 3.397106
0.750000, 2.000000, 3.641467
0.800000, 2.000000, 3.164000
0.850000, 2.000000, 2.328245
0.900000, 2.000000, 1.915192
0.950000, 2.000000, 2.467282
1.000000, 2.000000, 3.820394
1.050000, 2.000000, 5.211837
1.100000, 2.000000, 5.878047
1.150000, 2.000000, 5.652315
1.200000, 2.000000, 5.072834
1.250000, 2.000000, 4.914796
1.300000, 2.000000, 5.534535
1.350000, 2.000000, 6.567895
1.400000, 2.000000, 7.232054
1.450000, 2.000000, 6.981571
1.500000, 2.000000, 5.976464
1.550000, 2.000000, 4.974331
1.600000, 2.000000, 4.732768
1.650000, 2.000000, 5.411794
1.700000, 2.000000, 6.465968
1.750000, 2.000000, 7.112468
1.800000, 2.000000, 6.987137
1.850000, 2.000000, 6.446311
1.900000, 2.000000, 6.265180
1.950000, 2.000000, 6.981938
2.000000, 2.000000, 8.429875
