0.000000, 0.000000, 0.146756
0.050000, 0.000000, -0.831394
0.100000, 0.000000, -1.645219
0.150000, 0.000000, -2.149774
0.200000, 0.000000, -2.271221
0.250000, 0.000000, -2.022665
0.300000, 0.000000, -1.500967
0.350000, 0.000000, -0.865197
0.400000, 0.000000, -0.301466
0.450000, 0.000000, 0.018204
0.500000, 0.000000, -0.026023
0.550000, 0.000000, -0.475033
0.600000, 0.000000, -1.281201
0.650000, 0.000000, -2.318122
0.700000, 0.000000, -3.407527
0.750000, 0.000000, -4.357544
0.800000, 0.000000, -5.003962
0.850000, 0.000000, -5.245533
0.900000, 0.000000, -5.065619
0.950000, 0.000000, -4.535472
1.000000, 0.000000, -3.798460
1.050000, 0.000000, -3.038655
1.100000, 0.000000, -2.440662
1.150000, 0.000000, -2.149423
1.200000, 0.000000, -2.238779
1.250000, 0.000000, -2.695623
1.300000, 0.000000, -3.423096
1.350000, 0.000000, -4.262127
1.400000, 0.000000, -5.026605
1.450000, 0.000000, -5.544507
1.500000, 0.000000, -5.695999
1.550000, 0.000000, -5.440194
1.600000, 0.000000, -4.824716
1.650000, 0.000000, -3.975972
1.700000, 0.000000, -3.072229
1.750000, 0.000000, -2.305360
1.800000, 0.000000, -1.839576
1.850000, 0.000000, -1.776125
1.900000, 0.000000, -2.131646
1.950000, 0.000000, -2.834884
2.000000, 0.000000, -3.742475
0.000000, 0.050000, 0.173185
0.050000, 0.050000, -0.847454
0.100000, 0.050000, -1.702973
0.150000, 0.050000, -2.247920
0.200000, 0.050000, -2.407974
0.250000, 0.050000, -2.195809
0.300000, 0.050000, -1.707904
0.350000, 0.050000, -1.103012
0.400000, 0.050000, -0.566998
0.450000, 0.050000, -0.271715
0.500000, 0.050000, -0.336909
0.550000, 0.050000, -0.803461
0.600000, 0.050000, -1.623824
0.650000, 0.050000, -2.671751
0.700000, 0.050000, -3.769209
0.750000, 0.050000, -4.724631
0.800000, 0.050000, -5.374177
0.850000, 0.050000, -5.617022
0.900000, 0.050000, -5.436993
0.950000, 0.050000, -4.905844
1.000000, 0.050000, -4.167459
1.050000, 0.050000, -3.406436
1.100000, 0.050000, -2.807898
1.150000, 0.050000, -2.517287
1.200000, 0.050000, -2.608912
1.250000, 0.050000, -3.070087
1.300000, 0.050000, -3.804324
1.350000, 0.050000, -4.652859
1.400000, 0.050000, -5.429817
1.450000, 0.050000, -5.963333
1.500000, 0.050000, -6.133650
1.550000, 0.050000, -5.899877
1.600000, 0.050000, -5.309551
1.650000, 0.050000, -4.488909
1.700000, 0.050000, -3.615973
1.750000, 0.050000, -2.882299
1.800000, 0.050000, -2.451718
1.850000, 0.050000, -2.425044
1.900000, 0.050000, -2.818440
1.950000, 0.050000, -3.560142
2.000000, 0.050000, -4.506256
0.000000, 0.100000, 0.056071
0.050000, 0.100000, -1.006263
0.100000, 0.100000, -1.902145
0.150000, 0.100000, -2.485609
0.200000, 0.100000, -2.681869
0.250000, 0.100000, -2.503185
0.300000, 0.100000, -2.045683
0.350000, 0.100000, -1.467839
0.400000, 0.100000, -0.955315
0.450000, 0.100000, -0.679843
0.500000, 0.100000, -0.761131
0.550000, 0.100000, -1.240107
0.600000, 0.100000, -2.069350
0.650000, 0.100000, -3.122817
0.700000, 0.100000, -4.222752
0.750000, 0.100000, -5.177926
0.800000, 0.100000, -5.824894
0.850000, 0.100000, -6.063269
0.900000, 0.100000, -5.877350
0.950000, 0.100000, -5.339381
1.000000, 0.100000, -4.593744
1.050000, 0.100000, -3.825531
1.100000, 0.100000, -3.220337
1.150000, 0.100000, -2.924047
1.200000, 0.100000, -3.011370
1.250000, 0.100000, -3.469968
1.300000, 0.100000, -4.203638
1.350000, 0.100000, -5.053829
1.400000, 0.100000, -5.834806
1.450000, 0.100000, -6.374762
1.500000, 0.100000, -6.553920
1.550000, 0.100000, -6.331281
1.600000, 0.100000, -5.754198
1.650000, 0.100000, -4.948648
1.700000, 0.100000, -4.092322
1.750000, 0.100000, -3.376386
1.800000, 0.100000, -2.964223
1.850000, 0.100000, -2.956162
1.900000, 0.100000, -3.367845
1.950000, 0.100000, -4.126975
2.000000, 0.100000, -5.089114
0.000000, 0.150000, -0.163111
0.050000, 0.150000, -1.265835
0.100000, 0.150000, -2.200235
0.150000, 0.150000, -2.819810
0.200000, 0.150000, -3.049294
0.250000, 0.150000, -2.900529
0.300000, 0.150000, -2.469300
0.350000, 0.150000, -1.913813
0.400000, 0.150000, -1.419549
0.450000, 0.150000, -1.158143
0.500000, 0.150000, -1.249288
0.550000, 0.150000, -1.733983
0.600000, 0.150000, -2.564957
0.650000, 0.150000, -3.616391
0.700000, 0.150000, -4.710819
0.750000, 0.150000, -5.657362
0.800000, 0.150000, -6.292968
0.850000, 0.150000, -6.517684
0.900000, 0.150000, -6.316262
0.950000, 0.150000, -5.761413
1.000000, 0.150000, -4.997983
1.050000, 0.150000, -4.211511
1.100000, 0.150000, -3.588016
1.150000, 0.150000, -3.273768
1.200000, 0.150000, -3.343810
1.250000, 0.150000, -3.786081
1.300000, 0.150000, -4.504590
1.350000, 0.150000, -5.340927
1.400000, 0.150000, -6.109422
1.450000, 0.150000, -6.638256
1.500000, 0.150000, -6.807562
1.550000, 0.150000, -6.576178
1.600000, 0.150000, -5.991222
1.650000, 0.150000, -5.178371
1.700000, 0.150000, -4.314957
1.750000, 0.150000, -3.591741
1.800000, 0.150000, -3.171665
1.850000, 0.150000, -3.154585
1.900000, 0.150000, -3.555664
1.950000, 0.150000, -4.302118
2.000000, 0.150000, -5.249040
0.000000, 0.200000, -0.425187
0.050000, 0.200000, -1.566518
0.100000, 0.200000, -2.537124
0.150000, 0.200000, -3.189923
0.200000, 0.200000, -3.449133
0.250000, 0.200000, -3.326154
0.300000, 0.200000, -2.916412
0.350000, 0.200000, -2.377839
0.400000, 0.200000, -1.895731
0.450000, 0.200000, -1.641628
0.500000, 0.200000, -1.735219
0.550000, 0.200000, -2.217582
0.600000, 0.200000, -3.041609
0.650000, 0.200000, -4.081716
0.700000, 0.200000, -5.160739
0.750000, 0.200000, -6.088156
0.800000, 0.200000, -6.701317
0.850000, 0.200000, -6.900703
0.900000, 0.200000, -6.671523
0.950000, 0.200000, -6.086950
1.000000, 0.200000, -5.292290
1.050000, 0.200000, -4.473527
1.100000, 0.200000, -3.817093
1.150000, 0.200000, -3.469634
1.200000, 0.200000, -3.506523
1.250000, 0.200000, -3.915976
1.300000, 0.200000, -4.602212
1.350000, 0.200000, -5.406973
1.400000, 0.200000, -6.144668
1.450000, 0.200000, -6.643494
1.500000, 0.200000, -6.783532
1.550000, 0.200000, -6.523506
1.600000, 0.200000, -5.910364
1.650000, 0.200000, -5.069562
1.700000, 0.200000, -4.178175
1.750000, 0.200000, -3.426670
1.800000, 0.200000, -2.977677
1.850000, 0.200000, -2.930736
1.900000, 0.200000, -3.300691
1.950000, 0.200000, -4.014459
2.000000, 0.200000, -4.926862
0.000000, 0.250000, -0.665936
0.050000, 0.250000, -1.843658
0.100000, 0.250000, -2.847744
0.150000, 0.250000, -3.530463
0.200000, 0.250000, -3.815459
0.250000, 0.250000, -3.713646
0.300000, 0.250000, -3.320053
0.350000, 0.250000, -2.792315
0.400000, 0.250000, -2.315529
0.450000, 0.250000, -2.061136
0.500000, 0.250000, -2.148825
0.550000, 0.250000, -2.619769
0.600000, 0.250000, -3.427043
0.650000, 0.250000, -4.445326
0.700000, 0.250000, -5.497793
0.750000, 0.250000, -6.394321
0.800000, 0.250000, -6.972710
0.850000, 0.250000, -7.133931
0.900000, 0.250000, -6.863708
0.950000, 0.250000, -6.235746
1.000000, 0.250000, -5.395884
1.050000, 0.250000, -4.530627
1.100000, 0.250000, -3.826910
1.150000, 0.250000, -3.431852
1.200000, 0.250000, -3.421259
1.250000, 0.250000, -3.783733
1.300000, 0.250000, -4.423832
1.350000, 0.250000, -5.183578
1.400000, 0.250000, -5.877605
1.450000, 0.250000, -6.334279
1.500000, 0.250000, -6.433795
1.550000, 0.250000, -6.134941
1.600000, 0.250000, -5.484682
1.650000, 0.250000, -4.608453
1.700000, 0.250000, -3.683274
1.750000, 0.250000, -2.899536
1.800000, 0.250000, -2.419781
1.850000, 0.250000, -2.343452
1.900000, 0.250000, -2.685309
1.950000, 0.250000, -3.372197
2.000000, 0.250000, -4.258889
0.000000, 0.300000, -0.829747
0.050000, 0.300000, -2.041263
0.100000, 0.300000, -3.075753
0.150000, 0.300000, -3.784743
0.200000, 0.300000, -4.091226
0.250000, 0.300000, -4.005562
0.300000, 0.300000, -3.622336
0.350000, 0.300000, -3.098851
0.400000, 0.300000, -2.619988
0.450000, 0.300000, -2.357093
0.500000, 0.300000, -2.429875
0.550000, 0.300000, -2.879640
0.600000, 0.300000, -3.659703
0.650000, 0.300000, -4.645085
0.700000, 0.300000, -5.659388
0.750000, 0.300000, -6.513002
0.800000, 0.300000, -7.044304
0.850000, 0.300000, -7.154898
0.900000, 0.300000, -6.831185
0.950000, 0.300000, -6.147573
1.000000, 0.300000, -5.250618
1.050000, 0.300000, -4.327549
1.100000, 0.300000, -3.566011
1.150000, 0.300000, -3.113813
1.200000, 0.300000, -3.047421
1.250000, 0.300000, -3.356055
1.300000, 0.300000, -3.944844
1.350000, 0.300000, -4.656328
1.400000, 0.300000, -5.305602
1.450000, 0.300000, -5.721434
1.500000, 0.300000, -5.784357
1.550000, 0.300000, -5.453443
1.600000, 0.300000, -4.775877
1.650000, 0.300000, -3.877263
1.700000, 0.300000, -2.934741
1.750000, 0.300000, -2.138776
1.800000, 0.300000, -1.651945
1.850000, 0.300000, -1.573695
1.900000, 0.300000, -1.918763
1.950000, 0.300000, -2.613952
2.000000, 0.300000, -3.513979
0.000000, 0.350000, -0.881318
0.050000, 0.350000, -2.123711
0.100000, 0.350000, -3.185249
0.150000, 0.350000, -3.916597
0.200000, 0.350000, -4.239994
0.250000, 0.350000, -4.165165
0.300000, 0.350000, -3.786191
0.350000, 0.350000, -3.260011
0.400000, 0.350000, -2.771287
0.450000, 0.350000, -2.491293
0.500000, 0.350000, -2.539814
0.550000, 0.350000, -2.958378
0.600000, 0.350000, -3.700658
0.650000, 0.350000, -4.642169
0.700000, 0.350000, -5.607125
0.750000, 0.350000, -6.406634
0.800000, 0.350000, -6.879889
0.850000, 0.350000, -6.929386
0.900000, 0.350000, -6.542478
0.950000, 0.350000, -5.794573
1.000000, 0.350000, -4.833252
1.050000, 0.350000, -3.846776
1.100000, 0.350000, -3.023815
1.150000, 0.350000, -2.513179
1.200000, 0.350000, -2.392289
1.250000, 0.350000, -2.651270
1.300000, 0.350000, -3.196082
1.350000, 0.350000, -3.870017
1.400000, 0.350000, -4.488834
1.450000, 0.350000, -4.881861
1.500000, 0.350000, -4.930092
1.550000, 0.350000, -4.592945
1.600000, 0.350000, -3.917844
1.650000, 0.350000, -3.030517
1.700000, 0.350000, -2.108118
1.750000, 0.350000, -1.341017
1.800000, 0.350000, -0.891590
1.850000, 0.350000, -0.858986
1.900000, 0.350000, -1.257547
1.950000, 0.350000, -2.013597
2.000000, 0.350000, -2.981295
0.000000, 0.400000, -0.812850
0.050000, 0.400000, -2.082960
0.100000, 0.400000, -3.167988
0.150000, 0.400000, -3.917597
0.200000, 0.400000, -4.253149
0.250000, 0.400000, -4.183643
0.300000, 0.400000, -3.802592
0.350000, 0.400000, -3.266551
0.400000, 0.400000, -2.759982
0.450000, 0.400000, -2.454154
0.500000, 0.400000, -2.469043
0.550000, 0.400000, -2.846557
0.600000, 0.400000, -3.540940
0.650000, 0.400000, -4.428448
0.700000, 0.400000, -5.334201
0.750000, 0.400000, -6.070354
0.800000, 0.400000, -6.477273
0.850000, 0.400000, -6.458722
0.900000, 0.400000, -6.003401
0.950000, 0.400000, -5.188111
1.000000, 0.400000, -4.161846
1.050000, 0.400000, -3.114273
1.100000, 0.400000, -2.235433
1.150000, 0.400000, -1.675438
1.200000, 0.400000, -1.512929
1.250000, 0.400000, -1.739127
1.300000, 0.400000, -2.260959
1.350000, 0.400000, -2.922522
1.400000, 0.400000, -3.540206
1.450000, 0.400000, -3.943781
1.500000, 0.400000, -4.014482
1.550000, 0.400000, -3.711765
1.600000, 0.400000, -3.082879
1.650000, 0.400000, -2.253168
1.700000, 0.400000, -1.399195
1.750000, 0.400000, -0.710543
1.800000, 0.400000, -0.348612
1.850000, 0.400000, -0.411401
1.900000, 0.400000, -0.911948
1.950000, 0.400000, -1.775137
2.000000, 0.400000, -2.853572
0.000000, 0.450000, -0.645197
0.050000, 0.450000, -1.939694
0.100000, 0.450000, -3.044532
0.150000, 0.450000, -3.808207
0.200000, 0.450000, -4.151062
0.250000, 0.450000, -4.081266
0.300000, 0.450000, -3.691713
0.350000, 0.450000, -3.138573
0.400000, 0.450000, -2.606170
0.450000, 0.450000, -2.265896
0.500000, 0.450000, -2.238106
0.550000, 0.450000, -2.565348
0.600000, 0.450000, -3.202750
0.650000, 0.450000, -4.027681
0.700000, 0.450000, -4.866578
0.750000, 0.450000, -5.533093
0.800000, 0.450000, -5.869228
0.850000, 0.450000, -5.780494
0.900000, 0.450000, -5.257396
0.950000, 0.450000, -4.378563
1.000000, 0.450000, -3.294793
1.050000, 0.450000, -2.197488
1.100000, 0.450000, -1.278305
1.150000, 0.450000, -0.688823
1.200000, 0.450000, -0.508943
1.250000, 0.450000, -0.730921
1.300000, 0.450000, -1.262449
1.350000, 0.450000, -1.948100
1.400000, 0.450000, -2.604427
1.450000, 0.450000, -3.061041
1.500000, 0.450000, -3.198687
1.550000, 0.450000, -2.975998
1.600000, 0.450000, -2.439085
1.650000, 0.450000, -1.711846
1.700000, 0.450000, -0.969116
1.750000, 0.450000, -0.398499
1.800000, 0.450000, -0.159199
1.850000, 0.450000, -0.346848
1.900000, 0.450000, -0.971987
1.950000, 0.450000, -1.956923
2.000000, 0.450000, -3.151662
0.000000, 0.500000, -0.422710
0.050000, 0.500000, -1.738174
0.100000, 0.500000, -2.859108
0.150000, 0.500000, -3.632639
0.200000, 0.500000, -3.977940
0.250000, 0.500000, -3.902242
0.300000, 0.500000, -3.497783
0.350000, 0.500000, -2.920381
0.400000, 0.500000, -2.354346
0.450000, 0.500000, -1.971393
0.500000, 0.500000, -1.892549
0.550000, 0.500000, -2.161367
0.600000, 0.500000, -2.734295
0.650000, 0.500000, -3.490304
0.700000, 0.500000, -4.257680
0.750000, 0.500000, -4.852114
0.800000, 0.500000, -5.117786
0.850000, 0.500000, -4.962460
0.900000, 0.500000, -4.378903
0.950000, 0.500000, -3.447944
1.000000, 0.500000, -2.322454
1.050000, 0.500000, -1.195707
1.100000, 0.500000, -0.260978
1.150000, 0.500000, 0.328865
1.200000, 0.500000, 0.492990
1.250000, 0.500000, 0.238631
1.300000, 0.500000, -0.341975
1.350000, 0.500000, -1.093010
1.400000, 0.500000, -1.830164
1.450000, 0.500000, -2.381722
1.500000, 0.500000, -2.626657
1.550000, 0.500000, -2.521415
1.600000, 0.500000, -2.109550
1.650000, 0.500000, -1.512089
1.700000, 0.500000, -0.900748
1.750000, 0.500000, -0.459835
1.800000, 0.500000, -0.345169
1.850000, 0.500000, -0.648988
1.900000, 0.500000, -1.378524
1.950000, 0.500000, -2.452947
2.000000, 0.500000, -3.719387
0.000000, 0.550000, -0.202939
0.050000, 0.550000, -1.535946
0.100000, 0.550000, -2.669303
0.150000, 0.550000, -3.448553
0.200000, 0.550000, -3.791523
0.250000, 0.550000, -3.704405
0.300000, 0.550000, -3.278767
0.350000, 0.550000, -2.670164
0.400000, 0.550000, -2.063080
0.450000, 0.550000, -1.629854
0.500000, 0.550000, -1.492587
0.550000, 0.550000, -1.696321
0.600000, 0.550000, -2.199382
0.650000, 0.550000, -2.882946
0.700000, 0.550000, -3.577759
0.750000, 0.550000, -4.102151
0.800000, 0.550000, -4.303026
0.850000, 0.550000, -4.090856
0.900000, 0.550000, -3.461005
0.950000, 0.550000, -2.496683
1.000000, 0.550000, -1.352830
1.050000, 0.550000, -0.224389
1.100000, 0.550000, 0.694176
1.150000, 0.550000, 1.249348
1.200000, 0.550000, 1.360245
1.250000, 0.550000, 1.034664
1.300000, 0.550000, 0.366040
1.350000, 0.550000, -0.487992
1.400000, 0.550000, -1.340722
1.450000, 0.550000, -2.017501
1.500000, 0.550000, -2.393912
1.550000, 0.550000, -2.422645
1.600000, 0.550000, -2.143236
1.650000, 0.550000, -1.672558
1.700000, 0.550000, -1.178156
1.750000, 0.550000, -0.840291
1.800000, 0.550000, -0.810989
1.850000, 0.550000, -1.179076
1.900000, 0.550000, -1.948879
1.950000, 0.550000, -3.037280
2.000000, 0.550000, -4.289827
0.000000, 0.600000, -0.043433
0.050000, 0.600000, -1.390635
0.100000, 0.600000, -2.532871
0.150000, 0.600000, -3.313852
0.200000, 0.600000, -3.649874
0.250000, 0.600000, -3.546004
0.300000, 0.600000, -3.093155
0.350000, 0.600000, -2.446770
0.400000, 0.600000, -1.791788
0.450000, 0.600000, -1.301582
0.500000, 0.600000, -1.099839
0.550000, 0.600000, -1.233707
0.600000, 0.600000, -1.664050
0.650000, 0.600000, -2.274930
0.700000, 0.600000, -2.900209
0.750000, 0.600000, -3.361436
0.800000, 0.600000, -3.508694
0.850000, 0.600000, -3.255457
0.900000, 0.600000, -2.599767
0.950000, 0.600000, -1.627059
1.000000, 0.600000, -0.493924
1.050000, 0.600000, 0.603721
1.100000, 0.600000, 1.471187
1.150000, 0.600000, 1.955532
1.200000, 0.600000, 1.977262
1.250000, 0.600000, 1.546371
1.300000, 0.600000, 0.759237
1.350000, 0.600000, -0.222884
1.400000, 0.600000, -1.209101
1.450000, 0.600000, -2.020160
1.500000, 0.600000, -2.526768
1.550000, 0.600000, -2.676654
1.600000, 0.600000, -2.504485
1.650000, 0.600000, -2.122549
1.700000, 0.600000, -1.694281
1.750000, 0.600000, -1.396470
1.800000, 0.600000, -1.378472
1.850000, 0.600000, -1.727374
1.900000, 0.600000, -2.446796
1.950000, 0.600000, -3.454005
2.000000, 0.600000, -4.596063
0.000000, 0.650000, 0.011458
0.050000, 0.650000, -1.346750
0.100000, 0.650000, -2.494527
0.150000, 0.650000, -3.273475
0.200000, 0.650000, -3.598171
0.250000, 0.650000, -3.472476
0.300000, 0.650000, -2.986725
0.350000, 0.650000, -2.296470
0.400000, 0.650000, -1.587485
0.450000, 0.650000, -1.034701
0.500000, 0.650000, -0.764038
0.550000, 0.650000, -0.825460
0.600000, 0.650000, -1.183119
0.650000, 0.650000, -1.724677
0.700000, 0.650000, -2.287737
0.750000, 0.650000, -2.697536
0.800000, 0.650000, -2.807597
0.850000, 0.650000, -2.534392
0.900000, 0.650000, -1.878341
0.950000, 0.650000, -0.926480
1.000000, 0.650000, 0.163905
1.050000, 0.650000, 1.197185
1.100000, 0.650000, 1.979992
1.150000, 0.650000, 2.361726
1.200000, 0.650000, 2.266208
1.250000, 0.650000, 1.707600
1.300000, 0.650000, 0.787171
1.350000, 0.650000, -0.328414
1.400000, 0.650000, -1.442551
1.450000, 0.650000, -2.370216
1.500000, 0.650000, -2.976549
1.550000, 0.650000, -3.204168
1.600000, 0.650000, -3.083339
1.650000, 0.650000, -2.722882
1.700000, 0.650000, -2.283887
1.750000, 0.650000, -1.942077
1.800000, 0.650000, -1.847114
1.850000, 0.650000, -2.087803
1.900000, 0.650000, -2.670876
1.950000, 0.650000, -3.518029
2.000000, 0.650000, -4.481917
0.000000, 0.700000, -0.059120
0.050000, 0.700000, -1.425381
0.100000, 0.700000, -2.575634
0.150000, 0.700000, -3.349076
0.200000, 0.700000, -3.658367
0.250000, 0.700000, -3.506116
0.300000, 0.700000, -2.982202
0.350000, 0.700000, -2.242599
0.400000, 0.700000, -1.474411
0.450000, 0.700000, -0.854772
0.500000, 0.700000, -0.512586
0.550000, 0.700000, -0.501446
0.600000, 0.700000, -0.789571
0.650000, 0.700000, -1.268910
0.700000, 0.700000, -1.781313
0.750000, 0.700000, -2.155960
0.800000, 0.700000, -2.249757
0.850000, 0.700000, -1.981756
0.900000, 0.700000, -1.353951
0.950000, 0.700000, -0.453795
1.000000, 0.700000, 0.562263
1.050000, 0.700000, 1.500717
1.100000, 0.700000, 2.171560
1.150000, 0.700000, 2.428684
1.200000, 0.700000, 2.201340
1.250000, 0.700000, 1.509831
1.300000, 0.700000, 0.461974
1.350000, 0.700000, -0.768934
1.400000, 0.700000, -1.979917
1.450000, 0.700000, -2.980184
1.500000, 0.700000, -3.630047
1.550000, 0.700000, -3.868525
1.600000, 0.700000, -3.723755
1.650000, 0.700000, -3.304070
1.700000, 0.700000, -2.771814
1.750000, 0.700000, -2.305707
1.800000, 0.700000, -2.060072
1.850000, 0.700000, -2.129875
1.900000, 0.700000, -2.529246
1.950000, 0.700000, -3.188199
2.000000, 0.700000, -3.968241
0.000000, 0.750000, -0.247371
0.050000, 0.750000, -1.619037
0.100000, 0.750000, -2.769042
0.150000, 0.750000, -3.533852
0.200000, 0.750000, -3.824017
0.250000, 0.750000, -3.640877
0.300000, 0.750000, -3.074049
0.350000, 0.750000, -2.280341
0.400000, 0.750000, -1.448797
0.450000, 0.750000, -0.759520
0.500000, 0.750000, -0.345254
0.550000, 0.750000, -0.264072
0.600000, 0.750000, -0.489031
0.650000, 0.750000, -0.916942
0.700000, 0.750000, -1.394194
0.750000, 0.750000, -1.753840
0.800000, 0.750000, -1.855677
0.850000, 0.750000, -1.620400
0.900000, 0.750000, -1.050208
0.950000, 0.750000, -0.231200
1.000000, 0.750000, 0.683090
1.050000, 0.750000, 1.503547
1.100000, 0.750000, 2.045845
1.150000, 0.750000, 2.170561
1.200000, 0.750000, 1.814285
1.250000, 0.750000, 1.004886
1.300000, 0.750000, -0.142467
1.350000, 0.750000, -1.447799
1.400000, 0.750000, -2.702572
1.450000, 0.750000, -3.711932
1.500000, 0.750000, -4.333946
1.550000, 0.750000, -4.507420
1.600000, 0.750000, -4.262418
1.650000, 0.750000, -3.711318
1.700000, 0.750000, -3.022481
1.750000, 0.750000, -2.382351
1.800000, 0.750000, -1.954295
1.850000, 0.750000, -1.843170
1.900000, 0.750000, -2.073308
1.950000, 0.750000, -2.584649
2.000000, 0.750000, -3.247770
0.000000, 0.800000, -0.517990
0.050000, 0.800000, -1.892784
0.100000, 0.800000, -3.040211
0.150000, 0.800000, -3.793660
0.200000, 0.800000, -4.061379
0.250000, 0.800000, -3.843467
0.300000, 0.800000, -3.229552
0.350000, 0.800000, -2.377797
0.400000, 0.800000, -1.479916
0.450000, 0.800000, -0.719856
0.500000, 0.800000, -0.235127
0.550000, 0.800000, -0.089148
0.600000, 0.800000, -0.260490
0.650000, 0.800000, -0.651204
0.700000, 0.800000, -1.112192
0.750000, 0.800000, -1.479878
0.800000, 0.800000, -1.615937
0.850000, 0.800000, -1.441195
0.900000, 0.800000, -0.956097
0.950000, 0.800000, -0.243105
1.000000, 0.800000, 0.549626
1.050000, 0.800000, 1.239829
1.100000, 0.800000, 1.651092
1.150000, 0.800000, 1.652475
1.200000, 0.800000, 1.189057
1.250000, 0.800000, 0.296611
1.300000, 0.800000, -0.902963
1.350000, 0.800000, -2.224651
1.400000, 0.800000, -3.457005
1.450000, 0.800000, -4.404698
1.500000, 0.800000, -4.927907
1.550000, 0.800000, -4.970115
1.600000, 0.800000, -4.568430
1.650000, 0.800000, -3.844281
1.700000, 0.800000, -2.976559
1.750000, 0.800000, -2.163086
1.800000, 0.800000, -1.578725
1.850000, 0.800000, -1.339191
1.900000, 0.800000, -1.478283
1.950000, 0.800000, -1.943335
2.000000, 0.800000, -2.609668
0.000000, 0.850000, -0.815366
0.050000, 0.850000, -2.191433
0.100000, 0.850000, -3.334391
0.150000, 0.850000, -4.074181
0.200000, 0.850000, -4.316570
0.250000, 0.850000, -4.060493
0.300000, 0.850000, -3.395951
0.350000, 0.850000, -2.483099
0.400000, 0.850000, -1.517170
0.450000, 0.850000, -0.686926
0.500000, 0.850000, -0.135605
0.550000, 0.850000, 0.067218
0.600000, 0.850000, -0.063058
0.650000, 0.850000, -0.433804
0.700000, 0.850000, -0.899995
0.750000, 0.850000, -1.300406
0.800000, 0.850000, -1.497000
0.850000, 0.850000, -1.408640
0.900000, 0.850000, -1.031557
0.950000, 0.850000, -0.441941
1.000000, 0.850000, 0.220018
1.050000, 0.850000, 0.781168
1.100000, 0.850000, 1.074703
1.150000, 0.850000, 0.979046
1.200000, 0.850000, 0.447636
1.250000, 0.850000, -0.477115
1.300000, 0.850000, -1.669001
1.350000, 0.850000, -2.941503
1.400000, 0.850000, -4.084730
1.450000, 0.850000, -4.908015
1.500000, 0.850000, -5.279091
1.550000, 0.850000, -5.151466
1.600000, 0.850000, -4.574088
1.650000, 0.850000, -3.681223
1.700000, 0.850000, -2.664677
1.750000, 0.850000, -1.734277
1.800000, 0.850000, -1.075041
1.850000, 0.850000, -0.810135
1.900000, 0.850000, -0.977423
1.950000, 0.850000, -1.524465
2.000000, 0.850000, -2.322790
0.000000, 0.900000, -1.075279
0.050000, 0.900000, -2.451232
0.100000, 0.900000, -3.588300
0.150000, 0.900000, -4.312587
0.200000, 0.900000, -4.527217
0.250000, 0.900000, -4.230098
0.300000, 0.900000, -3.512066
0.350000, 0.900000, -2.536019
0.400000, 0.900000, -1.501678
0.450000, 0.900000, -0.603656
0.500000, 0.900000, 0.008124
0.550000, 0.900000, 0.257241
0.600000, 0.900000, 0.152804
0.650000, 0.900000, -0.217581
0.700000, 0.900000, -0.712018
0.750000, 0.900000, -1.170042
0.800000, 0.900000, -1.451729
0.850000, 0.900000, -1.471385
0.900000, 0.900000, -1.218228
0.950000, 0.900000, -0.759452
1.000000, 0.900000, -0.224952
1.050000, 0.900000, 0.222865
1.100000, 0.900000, 0.427455
1.150000, 0.900000, 0.276067
1.200000, 0.900000, -0.271340
1.250000, 0.900000, -1.168849
1.300000, 0.900000, -2.290251
1.350000, 0.900000, -3.452720
1.400000, 0.900000, -4.453638
1.450000, 0.900000, -5.112753
1.500000, 0.900000, -5.310621
1.550000, 0.900000, -5.014999
1.600000, 0.900000, -4.289363
1.650000, 0.900000, -3.281556
1.700000, 0.900000, -2.194805
1.750000, 0.900000, -1.247120
1.800000, 0.900000, -0.627619
1.850000, 0.900000, -0.458932
1.900000, 0.900000, -0.773586
1.950000, 0.900000, -1.509215
2.000000, 0.900000, -2.523447
0.000000, 0.950000, -1.238556
0.050000, 0.950000, -2.613506
0.100000, 0.950000, -3.743754
0.150000, 0.950000, -4.451160
0.200000, 0.950000, -4.636067
0.250000, 0.950000, -4.295559
0.300000, 0.950000, -3.521876
0.350000, 0.950000, -2.481537
0.400000, 0.950000, -1.379810
0.450000, 0.950000, -0.418246
0.500000, 0.950000, 0.245660
0.550000, 0.950000, 0.528140
0.600000, 0.950000, 0.432089
0.650000, 0.950000, 0.040857
0.700000, 0.950000, -0.505285
0.750000, 0.950000, -1.044457
0.800000, 0.950000, -1.432161
0.850000, 0.950000, -1.575192
0.900000, 0.950000, -1.452875
0.950000, 0.950000, -1.120958
1.000000, 0.950000, -0.697400
1.050000, 0.950000, -0.333339
1.100000, 0.950000, -0.175903
1.150000, 0.950000, -0.331324
1.200000, 0.950000, -0.836860
1.250000, 0.950000, -1.648041
1.300000, 0.950000, -2.644451
1.350000, 0.950000, -3.653097
1.400000, 0.950000, -4.484505
1.450000, 0.950000, -4.973798
1.500000, 0.950000, -5.017783
1.550000, 0.950000, -4.599831
1.600000, 0.950000, -3.796870
1.650000, 0.950000, -2.766633
1.700000, 0.950000, -1.717546
1.750000, 0.950000, -0.867399
1.800000, 0.950000, -0.399397
1.850000, 0.950000, -0.424838
1.900000, 0.950000, -0.960275
1.950000, 0.950000, -1.923981
2.000000, 0.950000, -3.152468
0.000000, 1.000000, -1.263720
0.050000, 1.000000, -2.637298
0.100000, 1.000000, -3.760294
0.150000, 1.000000, -4.449907
0.200000, 1.000000, -4.603585
0.250000, 1.000000, -4.217874
0.300000, 1.000000, -3.387098
0.350000, 1.000000, -2.282392
0.400000, 1.000000, -1.115722
0.450000, 1.000000, -0.096653
0.500000, 1.000000, 0.608973
0.550000, 1.000000, 0.909816
0.600000, 1.000000, 0.803048
0.650000, 1.000000, 0.369065
0.700000, 1.000000, -0.251404
0.750000, 1.000000, -0.892343
0.800000, 1.000000, -1.401606
0.850000, 1.000000, -1.675409
0.900000, 1.000000, -1.680551
0.950000, 1.000000, -1.459576
1.000000, 1.000000, -1.117992
1.050000, 1.000000, -0.796686
1.100000, 1.000000, -0.636016
1.150000, 1.000000, -0.739912
1.200000, 1.000000, -1.148332
1.250000, 1.000000, -1.824542
1.300000, 1.000000, -2.660371
1.350000, 1.000000, -3.498532
1.400000, 1.000000, -4.167246
1.450000, 1.000000, -4.519541
1.500000, 1.000000, -4.468449
1.550000, 1.000000, -4.010060
1.600000, 1.000000, -3.228976
1.650000, 1.000000, -2.284467
1.700000, 1.000000, -1.379854
1.750000, 1.000000, -0.721342
1.800000, 1.000000, -0.474924
1.850000, 1.000000, -0.730536
1.900000, 1.000000, -1.481192
1.950000, 1.000000, -2.621754
2.000000, 1.000000, -3.967843
0.000000, 1.050000, -1.135882
0.050000, 1.050000, -2.508242
0.100000, 1.050000, -3.624047
0.150000, 1.050000, -4.295402
0.200000, 1.050000, -4.416788
0.250000, 1.050000, -3.984583
0.300000, 1.050000, -3.095995
0.350000, 1.050000, -1.927882
0.400000, 1.050000, -0.700116
0.450000, 1.050000, 0.368686
0.500000, 1.050000, 1.103753
0.550000, 1.050000, 1.406290
0.600000, 1.050000, 1.268726
0.650000, 1.050000, 0.770379
0.700000, 1.050000, 0.055083
0.750000, 1.050000, -0.703853
0.800000, 1.050000, -1.343370
0.850000, 1.050000, -1.746226
0.900000, 1.050000, -1.864701
0.950000, 1.050000, -1.727483
1.000000, 1.050000, -1.428652
1.050000, 1.050000, -1.101680
1.100000, 1.050000, -0.884704
1.150000, 1.050000, -0.885264
1.200000, 1.050000, -1.152720
1.250000, 1.050000, -1.664786
1.300000, 1.050000, -2.331395
1.350000, 1.050000, -3.015104
1.400000, 1.050000, -3.563482
1.450000, 1.050000, -3.846107
1.500000, 1.050000, -3.787648
1.550000, 1.050000, -3.389271
1.600000, 1.050000, -2.733106
1.650000, 1.050000, -1.968247
1.700000, 1.050000, -1.280847
1.750000, 1.050000, -0.854517
1.800000, 1.050000, -0.829493
1.850000, 1.050000, -1.269522
1.900000, 1.050000, -2.143938
1.950000, 1.050000, -3.329215
2.000000, 1.050000, -4.630215
0.000000, 1.100000, -0.869932
0.050000, 1.100000, -2.241748
0.100000, 1.100000, -3.350896
0.150000, 1.100000, -4.003951
0.200000, 1.100000, -4.092397
0.250000, 1.100000, -3.612910
0.300000, 1.100000, -2.666501
0.350000, 1.100000, -1.436966
0.400000, 1.100000, -0.153319
0.450000, 1.100000, 0.955824
0.500000, 1.100000, 1.706439
0.550000, 1.100000, 1.992812
0.600000, 1.100000, 1.804148
0.650000, 1.100000, 1.221142
0.700000, 1.100000, 0.393883
0.750000, 1.100000, -0.493598
0.800000, 1.100000, -1.264151
0.850000, 1.100000, -1.784735
0.900000, 1.100000, -1.992155
0.950000, 1.100000, -1.902090
1.000000, 1.100000, -1.600026
1.050000, 1.100000, -1.216747
1.100000, 1.100000, -0.894408
1.150000, 1.100000, -0.751219
1.200000, 1.100000, -0.852921
1.250000, 1.100000, -1.197577
1.300000, 1.100000, -1.717037
1.350000, 1.100000, -2.294612
1.400000, 1.100000, -2.794699
1.450000, 1.100000, -3.097360
1.500000, 1.100000, -3.129659
1.550000, 1.100000, -2.886250
1.600000, 1.100000, -2.434115
1.650000, 1.100000, -1.899941
1.700000, 1.100000, -1.442587
1.750000, 1.100000, -1.216593
1.800000, 1.100000, -1.334843
1.850000, 1.100000, -1.838939
1.900000, 1.100000, -2.684272
1.950000, 1.100000, -3.743745
2.000000, 1.100000, -4.830009
0.000000, 1.150000, -0.507346
0.050000, 1.150000, -1.879789
0.100000, 1.150000, -2.983259
0.150000, 1.150000, -3.618355
0.200000, 1.150000, -3.673591
0.250000, 1.150000, -3.146505
0.300000, 1.150000, -2.142956
0.350000, 1.150000, -0.854982
0.400000, 1.150000, 0.478023
0.450000, 1.150000, 1.616655
0.500000, 1.150000, 2.367629
0.550000, 1.150000, 2.619332
0.600000, 1.150000, 2.359840
0.650000, 1.150000, 1.674224
0.700000, 1.150000, 0.722354
0.750000, 1.150000, -0.297535
0.800000, 1.150000, -1.191420
0.850000, 1.150000, -1.809044
0.900000, 1.150000, -2.072196
0.950000, 1.150000, -1.986164
1.000000, 1.150000, -1.632575
1.050000, 1.150000, -1.145961
1.100000, 1.150000, -0.679871
1.150000, 1.150000, -0.370482
1.200000, 1.150000, -0.305969
1.250000, 1.150000, -0.508413
1.300000, 1.150000, -0.931962
1.350000, 1.150000, -1.477235
1.400000, 1.150000, -2.018173
1.450000, 1.150000, -2.434759
1.500000, 1.150000, -2.643729
1.550000, 1.150000, -2.619920
1.600000, 1.150000, -2.403127
1.650000, 1.150000, -2.088730
1.700000, 1.150000, -1.804168
1.750000, 1.150000, -1.676692
1.800000, 1.150000, -1.799951
1.850000, 1.150000, -2.207403
1.900000, 1.150000, -2.859106
1.950000, 1.150000, -3.645529
2.000000, 1.150000, -4.408167
0.000000, 1.200000, -0.107296
0.050000, 1.200000, -1.482007
0.100000, 1.200000, -2.581175
0.150000, 1.200000, -3.198990
0.200000, 1.200000, -3.221073
0.250000, 1.200000, -2.646505
0.300000, 1.200000, -1.587157
0.350000, 1.200000, -0.244685
0.400000, 1.200000, 1.129939
0.450000, 1.200000, 2.285941
0.500000, 1.200000, 3.021161
0.550000, 1.200000, 3.219635
0.600000, 1.200000, 2.870978
0.650000, 1.200000, 2.068112
0.700000, 1.200000, 0.984417
0.750000, 1.200000, -0.164405
0.800000, 1.200000, -1.165431
0.850000, 1.200000, -1.851047
0.900000, 1.200000, -2.130196
0.950000, 1.200000, -2.002292
1.000000, 1.200000, -1.551588
1.050000, 1.200000, -0.924009
1.100000, 1.200000, -0.292167
1.150000, 1.200000, 0.183437
1.200000, 1.200000, 0.388426
1.250000, 1.200000, 0.276569
1.300000, 1.200000, -0.124513
1.350000, 1.200000, -0.724531
1.400000, 1.200000, -1.395350
1.450000, 1.200000, -2.003248
1.500000, 1.200000, -2.440902
1.550000, 1.200000, -2.651640
1.600000, 1.200000, -2.640502
1.650000, 1.200000, -2.469804
1.700000, 1.200000, -2.240582
1.750000, 1.200000, -2.064616
1.800000, 1.200000, -2.033932
1.850000, 1.200000, -2.195246
1.900000, 1.200000, -2.535695
1.950000, 1.200000, -2.983521
2.000000, 1.200000, -3.423862
0.000000, 1.250000, 0.265997
0.050000, 1.250000, -1.113045
0.100000, 1.250000, -2.209637
0.150000, 1.250000, -2.811125
0.200000, 1.250000, -2.800389
0.250000, 1.250000, -2.178843
0.300000, 1.250000, -1.065655
0.350000, 1.250000, 0.326471
0.400000, 1.250000, 1.733877
0.450000, 1.250000, 2.894100
0.500000, 1.250000, 3.596939
0.550000, 1.250000, 3.724191
0.600000, 1.250000, 3.270223
0.650000, 1.250000, 2.339641
0.700000, 1.250000, 1.123045
0.750000, 1.250000, -0.143667
0.800000, 1.250000, -1.227741
0.850000, 1.250000, -1.945662
0.900000, 1.250000, -2.197568
0.950000, 1.250000, -1.983336
1.000000, 1.250000, -1.397661
1.050000, 1.250000, -0.605939
1.100000, 1.250000, 0.193314
1.150000, 1.250000, 0.811131
1.200000, 1.250000, 1.106706
1.250000, 1.250000, 1.014002
1.300000, 1.250000, 0.551244
1.350000, 1.250000, -0.187937
1.400000, 1.250000, -1.058958
1.450000, 1.250000, -1.900300
1.500000, 1.250000, -2.569212
1.550000, 1.250000, -2.971176
1.600000, 1.250000, -3.076873
1.650000, 1.250000, -2.923461
1.700000, 1.250000, -2.600594
1.750000, 1.250000, -2.225096
1.800000, 1.250000, -1.910650
1.850000, 1.250000, -1.739824
1.900000, 1.250000, -1.745031
1.950000, 1.250000, -1.902709
2.000000, 1.250000, -2.141848
0.000000, 1.300000, 0.556921
0.050000, 1.300000, -0.828886
0.100000, 1.300000, -1.924910
0.150000, 1.300000, -2.511237
0.200000, 1.300000, -2.468229
0.250000, 1.300000, -1.800545
0.300000, 1.300000, -0.636047
0.350000, 1.300000, 0.800056
0.400000, 1.300000, 2.230442
0.450000, 1.300000, 3.380968
0.500000, 1.300000, 4.034729
0.550000, 1.300000, 4.073964
0.600000, 1.300000, 3.501486
0.650000, 1.300000, 2.437609
0.700000, 1.300000, 1.093585
0.750000, 1.300000, -0.272623
0.800000, 1.300000, -1.408917
0.850000, 1.300000, -2.119151
0.900000, 1.300000, -2.300573
0.950000, 1.300000, -1.961350
1.000000, 1.300000, -1.215093
1.050000, 1.300000, -0.254151
1.100000, 1.300000, 0.692251
1.150000, 1.300000, 1.405978
1.200000, 1.300000, 1.724020
1.250000, 1.300000, 1.569641
1.300000, 1.300000, 0.964680
1.350000, 1.300000, 0.021129
1.400000, 1.300000, -1.085474
1.450000, 1.300000, -2.154595
1.500000, 1.300000, -3.002654
1.550000, 1.300000, -3.499454
1.600000, 1.300000, -3.591652
1.650000, 1.300000, -3.308925
1.700000, 1.300000, -2.752314
1.750000, 1.300000, -2.068131
1.800000, 1.300000, -1.413739
1.850000, 1.300000, -0.923061
1.900000, 1.300000, -0.679358
1.950000, 1.300000, -0.700925
2.000000, 1.300000, -0.942203
0.000000, 1.350000, 0.730173
0.050000, 1.350000, -0.665138
0.100000, 1.350000, -1.762818
0.150000, 1.350000, -2.335291
0.200000, 1.350000, -2.260707
0.250000, 1.350000, -1.548007
0.300000, 1.350000, -0.335248
0.350000, 1.350000, 1.138403
0.400000, 1.350000, 2.581161
0.450000, 1.350000, 3.707600
0.500000, 1.350000, 4.295977
0.550000, 1.350000, 4.232215
0.600000, 1.350000, 3.531648
0.650000, 1.350000, 2.334307
0.700000, 1.350000, 0.874959
0.750000, 1.350000, -0.565672
0.800000, 1.350000, -1.718323
0.850000, 1.350000, -2.379370
0.900000, 1.350000, -2.450760
0.950000, 1.350000, -1.957714
1.000000, 1.350000, -1.040972
1.050000, 1.350000, 0.074423
1.100000, 1.350000, 1.126958
1.150000, 1.350000, 1.872988
1.200000, 1.350000, 2.136285
1.250000, 1.350000, 1.842742
1.300000, 1.350000, 1.033411
1.350000, 1.350000, -0.146313
1.400000, 1.350000, -1.478569
1.450000, 1.350000, -2.718908
1.500000, 1.350000, -3.646355
1.550000, 1.350000, -4.107257
1.600000, 1.350000, -4.044042
1.650000, 1.350000, -3.503421
1.700000, 1.350000, -2.622964
1.750000, 1.350000, -1.599541
1.800000, 1.350000, -0.646769
1.850000, 1.350000, 0.049315
1.900000, 1.350000, 0.367060
1.950000, 1.350000, 0.271096
2.000000, 1.350000, -0.184697
0.000000, 1.400000, 0.777956
0.050000, 1.400000, -0.629835
0.100000, 1.400000, -1.731534
0.150000, 1.400000, -2.291525
0.200000, 1.400000, -2.186141
0.250000, 1.400000, -1.429773
0.300000, 1.400000, -0.172261
0.350000, 1.400000, 1.331847
0.400000, 1.400000, 2.775739
0.450000, 1.400000, 3.863535
0.500000, 1.400000, 4.371085
0.550000, 1.400000, 4.191746
0.600000, 1.400000, 3.357692
0.650000, 1.400000, 2.032430
0.700000, 1.400000, 0.476238
0.750000, 1.400000, -1.008184
0.800000, 1.400000, -2.138416
0.850000, 1.400000, -2.710336
0.900000, 1.400000, -2.639417
0.950000, 1.400000, -1.976860
1.000000, 1.400000, -0.897424
1.050000, 1.400000, 0.338306
1.100000, 1.400000, 1.439132
1.150000, 1.400000, 2.144311
1.200000, 1.400000, 2.277728
1.250000, 1.400000, 1.783982
1.300000, 1.400000, 0.739069
1.350000, 1.400000, -0.666308
1.400000, 1.400000, -2.167029
1.450000, 1.400000, -3.478818
1.500000, 1.400000, -4.356830
1.550000, 1.400000, -4.645372
1.600000, 1.400000, -4.308542
1.650000, 1.400000, -3.435709
1.700000, 1.400000, -2.221061
1.750000, 1.400000, -0.921837
1.800000, 1.400000, 0.195725
1.850000, 1.400000, 0.911323
1.900000, 1.400000, 1.094965
1.950000, 1.400000, 0.731765
2.000000, 1.400000, -0.077658
0.000000, 1.450000, 0.721122
0.050000, 1.450000, -0.702281
0.100000, 1.450000, -1.810422
0.150000, 1.450000, -2.359290
0.200000, 1.450000, -2.223899
0.250000, 1.450000, -1.425379
0.300000, 1.450000, -0.127024
0.350000, 1.450000, 1.399889
0.400000, 1.450000, 2.833233
0.450000, 1.450000, 3.867990
0.500000, 1.450000, 4.280595
0.550000, 1.450000, 3.976035
0.600000, 1.450000, 3.007702
0.650000, 1.450000, 1.565834
0.700000, 1.450000, -0.062961
0.750000, 1.450000, -1.556475
0.800000, 1.450000, -2.625041
0.850000, 1.450000, -3.072552
0.900000, 1.450000, -2.837463
0.950000, 1.450000, -2.005084
1.000000, 1.450000, -0.788651
1.050000, 1.450000, 0.516750
1.100000, 1.450000, 1.597540
1.150000, 1.450000, 2.188794
1.200000, 1.450000, 2.130898
1.250000, 1.450000, 1.403709
1.300000, 1.450000, 0.131018
1.350000, 1.450000, -1.445578
1.400000, 1.450000, -3.017749
1.450000, 1.450000, -4.275582
1.500000, 1.450000, -4.972923
1.550000, 1.450000, -4.979082
1.600000, 1.450000, -4.305959
1.650000, 1.450000, -3.104955
1.700000, 1.450000, -1.634410
1.750000, 1.450000, -0.204597
1.800000, 1.450000, 0.887977
1.850000, 1.450000, 1.422993
1.900000, 1.450000, 1.302256
1.950000, 1.450000, 0.569465
2.000000, 1.450000, -0.600235
0.000000, 1.500000, 0.604025
0.050000, 1.500000, -0.838204
0.100000, 1.500000, -1.955185
0.150000, 1.500000, -2.494201
0.200000, 1.500000, -2.329541
0.250000, 1.500000, -1.490500
0.300000, 1.500000, -0.155553
0.350000, 1.500000, 1.386052
0.400000, 1.500000, 2.796926
0.450000, 1.500000, 3.764738
0.500000, 1.500000, 4.070055
0.550000, 1.500000, 3.634019
0.600000, 1.500000, 2.535488
0.650000, 1.500000, 0.993895
0.700000, 1.500000, -0.678429
0.750000, 1.500000, -2.144095
0.800000, 1.500000, -3.113855
0.850000, 1.500000, -3.409234
0.900000, 1.500000, -3.000936
0.950000, 1.500000, -2.014675
1.000000, 1.500000, -0.703165
1.050000, 1.500000, 0.609603
1.100000, 1.500000, 1.599635
1.150000, 1.500000, 2.014218
1.200000, 1.500000, 1.727639
1.250000, 1.500000, 0.769192
1.300000, 1.500000, -0.682647
1.350000, 1.500000, -2.338630
1.400000, 1.500000, -3.861367
1.450000, 1.500000, -4.938529
1.500000, 1.500000, -5.350681
1.550000, 1.500000, -5.018967
1.600000, 1.500000, -4.022243
1.650000, 1.500000, -2.579944
1.700000, 1.500000, -1.004398
1.750000, 1.500000, 0.367002
1.800000, 1.500000, 1.245011
1.850000, 1.500000, 1.451153
1.900000, 1.500000, 0.956133
1.950000, 1.500000, -0.114338
2.000000, 1.500000, -1.507543
0.000000, 1.550000, 0.484212
0.050000, 1.550000, -0.980050
0.100000, 1.550000, -2.108164
0.150000, 1.550000, -2.638436
0.200000, 1.550000, -2.445134
0.250000, 1.550000, -1.567265
0.300000, 1.550000, -0.200256
0.350000, 1.550000, 1.347582
0.400000, 1.550000, 2.724025
0.450000, 1.550000, 3.611808
0.500000, 1.550000, 3.799678
0.550000, 1.550000, 3.229668
0.600000, 1.550000, 2.009984
0.650000, 1.550000, 0.390659
0.700000, 1.550000, -1.292525
0.750000, 1.550000, -2.693187
0.800000, 1.550000, -3.531681
0.850000, 1.550000, -3.657227
0.900000, 1.550000, -3.080932
0.950000, 1.550000, -1.972341
1.000000, 1.550000, -0.620393
1.050000, 1.550000, 0.632362
1.100000, 1.550000, 1.467427
1.150000, 1.550000, 1.662409
1.200000, 1.550000, 1.141283
1.250000, 1.550000, -0.008390
1.300000, 1.550000, -1.555065
1.350000, 1.550000, -3.175150
1.400000, 1.550000, -4.525527
1.450000, 1.550000, -5.320305
1.500000, 1.550000, -5.394585
1.550000, 1.550000, -4.740951
1.600000, 1.550000, -3.510614
1.650000, 1.550000, -1.979060
1.700000, 1.550000, -0.484063
1.750000, 1.550000, 0.649937
1.800000, 1.550000, 1.184057
1.850000, 1.550000, 1.017636
1.900000, 1.550000, 0.209597
1.950000, 1.550000, -1.036113
2.000000, 1.550000, -2.417567
0.000000, 1.600000, 0.419233
0.050000, 1.600000, -1.070181
0.100000, 1.600000, -2.211538
0.150000, 1.600000, -2.733937
0.200000, 1.600000, -2.512449
0.250000, 1.600000, -1.597463
0.300000, 1.600000, -0.203148
0.350000, 1.600000, 1.342226
0.400000, 1.600000, 2.672454
0.450000, 1.600000, 3.468264
0.500000, 1.600000, 3.531086
0.550000, 1.600000, 2.828619
0.600000, 1.600000, 1.501696
0.650000, 1.600000, -0.168970
0.700000, 1.600000, -1.828212
0.750000, 1.600000, -3.128642
0.800000, 1.600000, -3.810454
0.850000, 1.600000, -3.760306
0.900000, 1.600000, -3.035753
0.950000, 1.600000, -1.849837
1.000000, 1.600000, -0.519766
1.050000, 1.600000, 0.608070
1.100000, 1.600000, 1.239105
1.150000, 1.600000, 1.198745
1.200000, 1.600000, 0.471963
1.250000, 1.600000, -0.794545
1.300000, 1.600000, -2.327721
1.350000, 1.600000, -3.792393
1.400000, 1.600000, -4.869154
1.450000, 1.600000, -5.327640
1.500000, 1.600000, -5.078318
1.550000, 1.600000, -4.191072
1.600000, 1.600000, -2.876786
1.650000, 1.600000, -1.436769
1.700000, 1.600000, -0.192224
1.750000, 1.600000, 0.589572
1.800000, 1.600000, 0.755264
1.850000, 1.600000, 0.297961
1.900000, 1.600000, -0.644671
1.950000, 1.600000, -1.825626
2.000000, 1.600000, -2.948290
0.000000, 1.650000, 0.453439
0.050000, 1.650000, -1.064077
0.100000, 1.650000, -2.220526
0.150000, 1.650000, -2.735624
0.200000, 1.650000, -2.486185
0.250000, 1.650000, -1.535772
0.300000, 1.650000, -0.119072
0.350000, 1.650000, 1.415014
0.400000, 1.650000, 2.687627
0.450000, 1.650000, 3.380965
0.500000, 1.650000, 3.314008
0.550000, 1.650000, 2.484760
0.600000, 1.650000, 1.069093
0.650000, 1.650000, -0.623051
0.700000, 1.650000, -2.223066
0.750000, 1.650000, -3.392080
0.800000, 1.650000, -3.900842
0.850000, 1.650000, -3.681979
0.900000, 1.650000, -2.842485
0.950000, 1.650000, -1.634138
1.000000, 1.650000, -0.389796
1.050000, 1.650000, 0.558391
1.100000, 1.650000, 0.958740
1.150000, 1.650000, 0.698604
1.200000, 1.650000, -0.171878
1.250000, 1.650000, -1.455671
1.300000, 1.650000, -2.859531
1.350000, 1.650000, -4.066311
1.400000, 1.650000, -4.810860
1.450000, 1.650000, -4.941174
1.500000, 1.650000, -4.450557
1.550000, 1.650000, -3.474056
1.600000, 1.650000, -2.251307
1.650000, 1.650000, -1.065979
1.700000, 1.650000, -0.177269
1.750000, 1.650000, 0.239742
1.800000, 1.650000, 0.130952
1.850000, 1.650000, -0.430530
1.900000, 1.650000, -1.268801
1.950000, 1.650000, -2.152856
2.000000, 1.650000, -2.854829
0.000000, 1.700000, 0.607682
0.050000, 1.700000, -0.940640
0.100000, 1.700000, -2.113700
0.150000, 1.700000, -2.621710
0.200000, 1.700000, -2.344298
0.250000, 1.700000, -1.360092
0.300000, 1.700000, 0.073950
0.350000, 1.700000, 1.587914
0.400000, 1.700000, 2.792100
0.450000, 1.700000, 3.374195
0.500000, 1.700000, 3.175850
0.550000, 1.700000, 2.229662
0.600000, 1.700000, 0.747862
0.650000, 1.700000, -0.933555
0.700000, 1.700000, -2.440309
0.750000, 1.700000, -3.452743
0.800000, 1.700000, -3.782620
0.850000, 1.700000, -3.414933
0.900000, 1.700000, -2.505233
0.950000, 1.700000, -1.334551
1.000000, 1.700000, -0.234683
1.050000, 1.700000, 0.496291
1.100000, 1.700000, 0.666594
1.150000, 1.700000, 0.233666
1.200000, 1.700000, -0.692154
1.250000, 1.700000, -1.882303
1.300000, 1.700000, -3.052420
1.350000, 1.700000, -3.935353
1.400000, 1.700000, -4.345711
1.450000, 1.700000, -4.220128
1.500000, 1.700000, -3.624511
1.550000, 1.700000, -2.728557
1.600000, 1.700000, -1.756262
1.650000, 1.700000, -0.926768
1.700000, 1.700000, -0.401436
1.750000, 1.700000, -0.250236
1.800000, 1.700000, -0.444490
1.850000, 1.700000, -0.875480
1.900000, 1.700000, -1.391576
1.950000, 1.700000, -1.842227
2.000000, 1.700000, -2.116330
0.000000, 1.750000, 0.874167
0.050000, 1.750000, -0.707350
0.100000, 1.750000, -1.898147
0.150000, 1.750000, -2.398877
0.200000, 1.750000, -2.093176
0.250000, 1.750000, -1.076738
0.300000, 1.750000, 0.369532
0.350000, 1.750000, 1.854631
0.400000, 1.750000, 2.980369
0.450000, 1.750000, 3.444429
0.500000, 1.750000, 3.116380
0.550000, 1.750000, 2.067143
0.600000, 1.750000, 0.545290
0.650000, 1.750000, -1.092129
0.700000, 1.750000, -2.474586
0.750000, 1.750000, -3.312996
0.800000, 1.750000, -3.469530
0.850000, 1.750000, -2.984916
0.900000, 1.750000, -2.057932
0.950000, 1.750000, -0.984788
1.000000, 1.750000, -0.076554
1.050000, 1.750000, 0.422237
1.100000, 1.750000, 0.392206
1.150000, 1.750000, -0.139241
1.200000, 1.750000, -1.016572
1.250000, 1.750000, -2.007189
1.300000, 1.750000, -2.868620
1.350000, 1.750000, -3.412313
1.400000, 1.750000, -3.546870
1.450000, 1.750000, -3.290699
1.500000, 1.750000, -2.753494
1.550000, 1.750000, -2.094941
1.600000, 1.750000, -1.474849
1.650000, 1.750000, -1.010140
1.700000, 1.750000, -0.750620
1.750000, 1.750000, -0.678576
1.800000, 1.750000, -0.729393
1.850000, 1.750000, -0.823906
1.900000, 1.750000, -0.900242
1.950000, 1.750000, -0.934087
2.000000, 1.750000, -0.941124
0.000000, 1.800000, 1.217590
0.050000, 1.800000, -0.399130
0.100000, 1.800000, -1.608346
0.150000, 1.800000, -2.101162
0.200000, 1.800000, -1.766545
0.250000, 1.800000, -0.719343
0.300000, 1.800000, 0.734002
0.350000, 1.800000, 2.181697
0.400000, 1.800000, 3.219939
0.450000, 1.800000, 3.561368
0.500000, 1.800000, 3.108685
0.550000, 1.800000, 1.974084
0.600000, 1.800000, 0.440926
0.650000, 1.800000, -1.119526
0.700000, 1.800000, -2.351312
0.750000, 1.800000, -3.007301
0.800000, 1.800000, -3.007531
0.850000, 1.800000, -2.448042
0.900000, 1.800000, -1.560791
0.950000, 1.800000, -0.639147
1.000000, 1.800000, 0.047503
1.050000, 1.800000, 0.324901
1.100000, 1.800000, 0.151594
1.150000, 1.800000, -0.384861
1.200000, 1.800000, -1.108249
1.250000, 1.800000, -1.815103
1.300000, 1.800000, -2.336590
1.350000, 1.800000, -2.581902
1.400000, 1.800000, -2.551669
1.450000, 1.800000, -2.320486
1.500000, 1.800000, -1.997846
1.550000, 1.800000, -1.683182
1.600000, 1.800000, -1.431518
1.650000, 1.800000, -1.241292
1.700000, 1.800000, -1.067234
1.750000, 1.800000, -0.851754
1.800000, 1.800000, -0.561479
1.850000, 1.800000, -0.213702
1.900000, 1.800000, 0.118811
1.950000, 1.800000, 0.328197
2.000000, 1.800000, 0.311020
0.000000, 1.850000, 1.582340
0.050000, 1.850000, -0.071158
0.100000, 1.850000, -1.298986
0.150000, 1.850000, -1.782784
0.200000, 1.850000, -1.418305
0.250000, 1.850000, -0.341717
0.300000, 1.850000, 1.113549
0.350000, 1.850000, 2.515599
0.400000, 1.850000, 3.458448
0.450000, 1.850000, 3.675017
0.500000, 1.850000, 3.106164
0.550000, 1.850000, 1.907295
0.600000, 1.850000, 0.393322
0.650000, 1.850000, -1.058917
0.700000, 1.850000, -2.119817
0.750000, 1.850000, -2.594879
0.800000, 1.850000, -2.466699
0.850000, 1.850000, -1.881837
0.900000, 1.850000, -1.090807
0.950000, 1.850000, -0.363290
1.000000, 1.850000, 0.093189
1.050000, 1.850000, 0.186169
1.100000, 1.850000, -0.051203
1.150000, 1.850000, -0.491015
1.200000, 1.850000, -0.968265
1.250000, 1.850000, -1.342980
1.300000, 1.850000, -1.544613
1.350000, 1.850000, -1.584520
1.400000, 1.850000, -1.534774
1.450000, 1.850000, -1.484172
1.500000, 1.850000, -1.490406
1.550000, 1.850000, -1.548305
1.600000, 1.850000, -1.587524
1.650000, 1.850000, -1.501475
1.700000, 1.850000, -1.196926
1.750000, 1.850000, -0.644969
1.800000, 1.850000, 0.087596
1.850000, 1.850000, 0.841352
1.900000, 1.850000, 1.404738
1.950000, 1.850000, 1.580997
2.000000, 1.850000, 1.260024
0.000000, 1.900000, 1.904195
0.050000, 1.900000, 0.212822
0.100000, 1.900000, -1.033294
0.150000, 1.900000, -1.506487
0.200000, 1.900000, -1.110884
0.250000, 1.900000, -0.006198
0.300000, 1.900000, 1.445857
0.350000, 1.900000, 2.794413
0.400000, 1.900000, 3.635276
0.450000, 1.900000, 3.727254
0.500000, 1.900000, 3.054004
0.550000, 1.900000, 1.814868
0.600000, 1.900000, 0.351276
0.650000, 1.900000, -0.964615
0.700000, 1.900000, -1.841812
0.750000, 1.900000, -2.147641
0.800000, 1.900000, -1.928415
0.850000, 1.900000, -1.371749
0.900000, 1.900000, -0.728085
0.950000, 1.900000, -0.221351
1.000000, 1.900000, 0.019909
1.050000, 1.900000, -0.010871
1.100000, 1.900000, -0.219161
1.150000, 1.900000, -0.465342
1.200000, 1.900000, -0.631339
1.250000, 1.900000, -0.670811
1.300000, 1.900000, -0.623535
1.350000, 1.900000, -0.589399
1.400000, 1.900000, -0.673756
1.450000, 1.900000, -0.927533
1.500000, 1.900000, -1.308051
1.550000, 1.900000, -1.678969
1.600000, 1.900000, -1.852779
1.650000, 1.900000, -1.662371
1.700000, 1.900000, -1.035647
1.750000, 1.900000, -0.043930
1.800000, 1.900000, 1.097485
1.850000, 1.900000, 2.082114
1.900000, 1.900000, 2.604695
1.950000, 1.900000, 2.464030
2.000000, 1.900000, 1.641135
0.000000, 1.950000, 2.123982
0.050000, 1.950000, 0.394146
0.100000, 1.950000, -0.869397
0.150000, 1.950000, -1.329915
0.200000, 1.950000, -0.901627
0.250000, 1.950000, 0.229940
0.300000, 1.950000, 1.673695
0.350000, 1.950000, 2.961390
0.400000, 1.950000, 3.695114
0.450000, 1.950000, 3.665344
0.500000, 1.950000, 2.902607
0.550000, 1.950000, 1.649493
0.600000, 1.950000, 0.267093
0.650000, 1.950000, -0.888742
0.700000, 1.950000, -1.577739
0.750000, 1.950000, -1.735956
0.800000, 1.950000, -1.470440
0.850000, 1.950000, -0.995766
0.900000, 1.950000, -0.540688
0.950000, 1.950000, -0.262031
1.000000, 1.950000, -0.197627
1.050000, 1.950000, -0.273121
1.100000, 1.950000, -0.355608
1.150000, 1.950000, -0.328739
1.200000, 1.950000, -0.156138
1.250000, 1.950000, 0.094537
1.300000, 1.950000, 0.277924
1.350000, 1.950000, 0.237663
1.400000, 1.950000, -0.113930
1.450000, 1.950000, -0.737298
1.500000, 1.950000, -1.455495
1.550000, 1.950000, -2.001652
1.600000, 1.950000, -2.110708
1.650000, 1.950000, -1.623400
1.700000, 1.950000, -0.563272
1.750000, 1.950000, 0.845252
1.800000, 1.950000, 2.229897
1.850000, 1.950000, 3.181399
1.900000, 1.950000, 3.387056
1.950000, 1.950000, 2.741539
2.000000, 1.950000, 1.395179
0.000000, 2.000000, 2.200227
0.050000, 2.000000, 0.431867
0.100000, 2.000000, -0.847702
0.150000, 2.000000, -1.293002
0.200000, 2.000000, -0.830194
0.250000, 2.000000, 0.327083
0.300000, 2.000000, 1.757502
0.350000, 2.000000, 2.977527
0.400000, 2.000000, 3.600514
0.450000, 2.000000, 3.454439
0.500000, 2.000000, 2.620002
0.550000, 2.000000, 1.380782
0.600000, 2.000000, 0.108870
0.650000, 2.000000, -0.868795
0.700000, 2.000000, -1.373946
0.750000, 2.000000, -1.415242
0.800000, 2.000000, -1.152938
0.850000, 2.000000, -0.810255
0.900000, 2.000000, -0.571085
0.950000, 2.000000, -0.506682
1.000000, 2.000000, -0.559881
1.050000, 2.000000, -0.590287
1.100000, 2.000000, -0.458037
1.150000, 2.000000, -0.107542
1.200000, 2.000000, 0.387355
1.250000, 2.000000, 0.839233
1.300000, 2.000000, 1.020481
1.350000, 2.000000, 0.765705
1.400000, 2.000000, 0.060482
1.450000, 2.000000, -0.923163
1.500000, 2.000000, -1.864866
1.550000, 2.000000, -2.399271
1.600000, 2.000000, -2.249537
1.650000, 2.000000, -1.341538
1.700000, 2.000000, 0.146460
1.750000, 2.000000, 1.822050
1.800000, 2.000000, 3.196555
1.850000, 2.000000, 3.844261
1.900000, 2.000000, 3.547996
1.950000, 2.000000, 2.379014
2.000000, 2.000000, 0.681213
