0.000000, 0.000000, 0.904733
0.050000, 0.000000, 0.043774
0.100000, 0.000000, -0.518660
0.150000, 0.000000, -0.572354
0.200000, 0.000000, -0.115304
0.250000, 0.000000, 0.646236
0.300000, 0.000000, 1.377509
0.350000, 0.000000, 1.744342
0.400000, 0.000000, 1.542207
0.450000, 0.000000, 0.775945
0.500000, 0.000000, -0.340359
0.550000, 0.000000, -1.463323
0.600000, 0.000000, -2.249569
0.650000, 0.000000, -2.485011
0.700000, 0.000000, -2.164807
0.750000, 0.000000, -1.493486
0.800000, 0.000000, -0.805221
0.850000, 0.000000, -0.434767
0.900000, 0.000000, -0.588381
0.950000, 0.000000, -1.264057
1.000000, 0.000000, -2.251581
1.050000, 0.000000, -3.212383
1.100000, 0.000000, -3.808717
1.150000, 0.000000, -3.832813
1.200000, 0.000000, -3.286676
1.250000, 0.000000, -2.382036
1.300000, 0.000000, -1.460451
1.350000, 0.000000, -0.864064
1.400000, 0.000000, -0.806332
1.450000, 0.000000, -1.292097
1.500000, 0.000000, -2.117458
1.550000, 0.000000, -2.949480
1.600000, 0.000000, -3.455229
1.650000, 0.000000, -3.430804
1.700000, 0.000000, -2.881046
1.750000, 0.000000, -2.019413
1.800000, 0.000000, -1.188047
1.850000, 0.000000, -0.728507
1.900000, 0.000000, -0.852522
1.950000, 0.000000, -1.562099
2.000000, 0.000000, -2.649466
0.000000, 0.050000, 0.862655
0.050000, 0.050000, -0.021313
0.100000, 0.050000, -0.605535
0.150000, 0.050000, -0.679013
0.200000, 0.050000, -0.239011
0.250000, 0.050000, 0.508879
0.300000, 0.050000, 1.230482
0.350000, 0.050000, 1.592107
0.400000, 0.050000, 1.389600
0.450000, 0.050000, 0.628054
0.500000, 0.050000, -0.478318
0.550000, 0.050000, -1.586135
0.600000, 0.050000, -2.352148
0.650000, 0.050000, -2.562524
0.700000, 0.050000, -2.212798
0.750000, 0.050000, -1.507980
0.800000, 0.050000, -0.782826
0.850000, 0.050000, -0.372757
0.900000, 0.050000, -0.484763
0.950000, 0.050000, -1.117621
1.000000, 0.050000, -2.061928
1.050000, 0.050000, -2.979937
1.100000, 0.050000, -3.534716
1.150000, 0.050000, -3.519276
1.200000, 0.050000, -2.936355
1.250000, 0.050000, -1.998349
1.300000, 0.050000, -1.047400
1.350000, 0.050000, -0.426131
1.400000, 0.050000, -0.348376
1.450000, 0.050000, -0.819229
1.500000, 0.050000, -1.634920
1.550000, 0.050000, -2.462515
1.600000, 0.050000, -2.968951
1.650000, 0.050000, -2.950074
1.700000, 0.050000, -2.410352
1.750000, 0.050000, -1.562762
1.800000, 0.050000, -0.748863
1.850000, 0.050000, -0.309552
1.900000, 0.050000, -0.455826
1.950000, 0.050000, -1.188909
2.000000, 0.050000, -2.300219
0.000000, 0.100000, 0.793102
0.050000, 0.100000, -0.112654
0.100000, 0.100000, -0.716663
0.150000, 0.100000, -0.807201
0.200000, 0.100000, -0.380871
0.250000, 0.100000, 0.357312
0.300000, 0.100000, 1.073650
0.350000, 0.100000, 1.434822
0.400000, 0.100000, 1.236922
0.450000, 0.100000, 0.485167
0.500000, 0.100000, -0.606233
0.550000, 0.100000, -1.694032
0.600000, 0.100000, -2.435239
0.650000, 0.100000, -2.616399
0.700000, 0.100000, -2.233535
0.750000, 0.100000, -1.492242
0.800000, 0.100000, -0.727947
0.850000, 0.100000, -0.276807
0.900000, 0.100000, -0.346598
0.950000, 0.100000, -0.936914
1.000000, 0.100000, -1.839178
1.050000, 0.100000, -2.716461
1.100000, 0.100000, -3.232615
1.150000, 0.100000, -3.181389
1.200000, 0.100000, -2.566190
1.250000, 0.100000, -1.600000
1.300000, 0.100000, -0.625447
1.350000, 0.100000, 0.014466
1.400000, 0.100000, 0.105648
1.450000, 0.100000, -0.357128
1.500000, 0.100000, -1.170097
1.550000, 0.100000, -2.000199
1.600000, 0.100000, -2.514121
1.650000, 0.100000, -2.507342
1.700000, 0.100000, -1.983850
1.750000, 0.100000, -1.156043
1.800000, 0.100000, -0.364822
1.850000, 0.100000, 0.049647
1.900000, 0.100000, -0.122857
1.950000, 0.100000, -0.882748
2.000000, 0.100000, -2.020628
0.000000, 0.150000, 0.696958
0.050000, 0.150000, -0.228582
0.100000, 0.150000, -0.849651
0.150000, 0.150000, -0.953872
0.200000, 0.150000, -0.537281
0.250000, 0.150000, 0.195578
0.300000, 0.150000, 0.911369
0.350000, 0.150000, 1.277009
0.400000, 0.150000, 1.088711
0.450000, 0.150000, 0.351679
0.500000, 0.150000, -0.720020
0.550000, 0.150000, -1.783405
0.600000, 0.150000, -2.495870
0.650000, 0.150000, -2.644457
0.700000, 0.150000, -2.225781
0.750000, 0.150000, -1.446116
0.800000, 0.150000, -0.641631
0.850000, 0.150000, -0.149277
0.900000, 0.150000, -0.177655
0.950000, 0.150000, -0.727191
1.000000, 0.150000, -1.590132
1.050000, 0.150000, -2.430342
1.100000, 0.150000, -2.912415
1.150000, 0.150000, -2.830778
1.200000, 0.150000, -2.189430
1.250000, 0.150000, -1.201844
1.300000, 0.150000, -0.211034
1.350000, 0.150000, 0.439735
1.400000, 0.150000, 0.536231
1.450000, 0.150000, 0.073220
1.500000, 0.150000, -0.745415
1.550000, 0.150000, -1.586370
1.600000, 0.150000, -2.115967
1.650000, 0.150000, -2.129209
1.700000, 0.150000, -1.629513
1.750000, 0.150000, -0.828621
1.800000, 0.150000, -0.066708
1.850000, 0.150000, 0.316834
1.900000, 0.150000, 0.112589
1.950000, 0.150000, -0.679043
2.000000, 0.150000, -1.847859
0.000000, 0.200000, 0.575672
0.050000, 0.200000, -0.366916
0.100000, 0.200000, -1.001657
0.150000, 0.200000, -1.115617
0.200000, 0.200000, -0.704373
0.250000, 0.200000, 0.027879
0.300000, 0.200000, 0.748032
0.350000, 0.200000, 1.123108
0.400000, 0.200000, 0.949295
0.450000, 0.200000, 0.231644
0.500000, 0.200000, -0.816055
0.550000, 0.200000, -1.851218
0.600000, 0.200000, -2.531746
0.650000, 0.200000, -2.645284
0.700000, 0.200000, -2.189136
0.750000, 0.200000, -1.370328
0.800000, 0.200000, -0.525835
0.850000, 0.200000, 0.006560
0.900000, 0.200000, 0.017414
0.950000, 0.200000, -0.494532
1.000000, 0.200000, -1.322327
1.050000, 0.200000, -2.130584
1.100000, 0.200000, -2.584583
1.150000, 0.200000, -2.479349
1.200000, 0.200000, -1.819380
1.250000, 0.200000, -0.818541
1.300000, 0.200000, 0.179886
1.350000, 0.200000, 0.832491
1.400000, 0.200000, 0.925030
1.450000, 0.200000, 0.452380
1.500000, 0.200000, -0.381330
1.550000, 0.200000, -1.242438
1.600000, 0.200000, -1.796792
1.650000, 0.200000, -1.838827
1.700000, 0.200000, -1.371301
1.750000, 0.200000, -0.605234
1.800000, 0.200000, 0.119974
1.850000, 0.200000, 0.465735
1.900000, 0.200000, 0.223449
1.950000, 0.200000, -0.605676
2.000000, 0.200000, -1.810660
0.000000, 0.250000, 0.431226
0.050000, 0.250000, -0.525013
0.100000, 0.250000, -1.169461
0.150000, 0.250000, -1.288745
0.200000, 0.250000, -0.878108
0.250000, 0.250000, -0.141533
0.300000, 0.250000, 0.587961
0.350000, 0.250000, 0.977356
0.400000, 0.250000, 0.822672
0.450000, 0.250000, 0.128668
0.500000, 0.250000, -0.891278
0.550000, 0.250000, -1.895103
0.600000, 0.250000, -2.541325
0.650000, 0.250000, -2.618289
0.700000, 0.250000, -2.124066
0.750000, 0.250000, -1.266498
0.800000, 0.250000, -0.383404
0.850000, 0.250000, 0.186580
0.900000, 0.250000, 0.233169
0.950000, 0.250000, -0.245705
1.000000, 0.250000, -1.043850
1.050000, 0.250000, -1.826572
1.100000, 0.250000, -2.259754
1.150000, 0.250000, -2.138927
1.200000, 0.250000, -1.468984
1.250000, 0.250000, -0.464061
1.300000, 0.250000, 0.532412
1.350000, 0.250000, 1.177011
1.400000, 0.250000, 1.255607
1.450000, 0.250000, 0.763319
1.500000, 0.250000, -0.095362
1.550000, 0.250000, -0.986295
1.600000, 0.250000, -1.574757
1.650000, 0.250000, -1.654519
1.700000, 0.250000, -1.227611
1.750000, 0.250000, -0.504268
1.800000, 0.250000, 0.176921
1.850000, 0.250000, 0.478196
1.900000, 0.250000, 0.191776
1.950000, 0.250000, -0.680344
2.000000, 0.250000, -1.926439
0.000000, 0.300000, 0.266079
0.050000, 0.300000, -0.699829
0.100000, 0.300000, -1.349542
0.150000, 0.300000, -1.469374
0.200000, 0.300000, -1.054374
0.250000, 0.300000, -0.308459
0.300000, 0.300000, 0.435295
0.350000, 0.300000, 0.843682
0.400000, 0.300000, 0.712409
0.450000, 0.300000, 0.045808
0.500000, 0.300000, -0.943282
0.550000, 0.300000, -1.913431
0.600000, 0.300000, -2.523873
0.650000, 0.300000, -2.563737
0.700000, 0.300000, -2.031920
0.750000, 0.300000, -1.137121
0.800000, 0.300000, -0.218023
0.850000, 0.300000, 0.385886
0.900000, 0.300000, 0.463505
0.950000, 0.300000, 0.011996
1.000000, 0.300000, -0.763142
1.050000, 0.300000, -1.527825
1.100000, 0.300000, -1.948443
1.150000, 0.300000, -1.820921
1.200000, 0.300000, -1.150425
1.250000, 0.300000, -0.151233
1.300000, 0.300000, 0.833215
1.350000, 0.300000, 1.459615
1.400000, 0.300000, 1.514088
1.450000, 0.300000, 0.992130
1.500000, 0.300000, 0.098716
1.550000, 0.300000, -0.831425
1.600000, 0.300000, -1.462891
1.650000, 0.300000, -1.588707
1.700000, 0.300000, -1.210101
1.750000, 0.300000, -0.536476
1.800000, 0.300000, 0.094429
1.850000, 0.300000, 0.345695
1.900000, 0.300000, 0.010355
1.950000, 0.300000, -0.908825
2.000000, 0.300000, -2.199415
0.000000, 0.350000, 0.083113
0.050000, 0.350000, -0.888002
0.100000, 0.350000, -1.538169
0.150000, 0.350000, -1.653531
0.200000, 0.350000, -1.229096
0.250000, 0.350000, -0.468861
0.300000, 0.350000, 0.293884
0.350000, 0.350000, 0.725601
0.400000, 0.350000, 0.621546
0.450000, 0.350000, -0.014510
0.500000, 0.350000, -0.970378
0.550000, 0.350000, -1.905364
0.600000, 0.350000, -2.479502
0.650000, 0.350000, -2.482761
0.700000, 0.350000, -1.914910
0.750000, 0.350000, -0.985523
0.800000, 0.350000, -0.034143
0.850000, 0.350000, 0.598915
0.900000, 0.350000, 0.701780
0.950000, 0.350000, 0.270917
1.000000, 0.350000, -0.488787
1.050000, 0.350000, -1.243752
1.100000, 0.350000, -1.660758
1.150000, 0.350000, -1.535995
1.200000, 0.350000, -0.874760
1.250000, 0.350000, 0.108667
1.300000, 0.350000, 1.070985
1.350000, 0.350000, 1.669156
1.400000, 0.350000, 1.689696
1.450000, 0.350000, 1.128608
1.500000, 0.350000, 0.191481
1.550000, 0.350000, -0.786253
1.600000, 0.350000, -1.468415
1.650000, 0.350000, -1.647200
1.700000, 0.350000, -1.322967
1.750000, 0.350000, -0.704237
1.800000, 0.350000, -0.127871
1.850000, 0.350000, 0.070065
1.900000, 0.350000, -0.316588
1.950000, 0.350000, -1.284317
2.000000, 0.350000, -2.620028
0.000000, 0.400000, -0.114440
0.050000, 0.400000, -1.085928
0.100000, 0.400000, -1.731487
0.150000, 0.400000, -1.837247
0.200000, 0.400000, -1.398327
0.250000, 0.400000, -0.618964
0.300000, 0.400000, 0.167193
0.350000, 0.400000, 0.626127
0.400000, 0.400000, 0.552512
0.450000, 0.400000, -0.050559
0.500000, 0.400000, -0.971654
0.550000, 0.400000, -1.870895
0.600000, 0.400000, -2.409177
0.650000, 0.400000, -2.377354
0.700000, 0.400000, -1.776081
0.750000, 0.400000, -0.815804
0.800000, 0.400000, 0.163104
0.850000, 0.400000, 0.819553
0.900000, 0.400000, 0.940974
0.950000, 0.400000, 0.523226
1.000000, 0.400000, -0.229303
1.050000, 0.400000, -0.983411
1.100000, 0.400000, -1.406131
1.150000, 0.400000, -1.293767
1.200000, 0.400000, -0.651597
1.250000, 0.400000, 0.306262
1.300000, 0.400000, 1.236801
1.350000, 0.400000, 1.797406
1.400000, 0.400000, 1.775135
1.450000, 0.400000, 1.166639
1.500000, 0.400000, 0.178250
1.550000, 0.400000, -0.853784
1.600000, 0.400000, -1.592410
1.650000, 0.400000, -1.828909
1.700000, 0.400000, -1.562713
1.750000, 0.400000, -1.001416
1.800000, 0.400000, -0.480977
1.850000, 0.400000, -0.336605
1.900000, 0.400000, -0.773661
1.950000, 0.400000, -1.787917
2.000000, 0.400000, -3.165656
0.000000, 0.450000, -0.323080
0.050000, 0.450000, -1.289852
0.100000, 0.450000, -1.925620
0.150000, 0.450000, -2.016658
0.200000, 0.450000, -1.558357
0.250000, 0.450000, -0.755347
0.300000, 0.450000, 0.058213
0.350000, 0.450000, 0.547694
0.400000, 0.450000, 0.507063
0.450000, 0.450000, -0.061368
0.500000, 0.450000, -0.947005
0.550000, 0.450000, -1.810856
0.600000, 0.450000, -2.314713
0.650000, 0.450000, -2.250333
0.700000, 0.450000, -1.619252
0.750000, 0.450000, -0.632751
0.800000, 0.450000, 0.368019
0.850000, 0.450000, 1.041274
0.900000, 0.450000, 1.173844
0.950000, 0.450000, 0.761102
1.000000, 0.450000, 0.007071
1.050000, 0.450000, -0.755277
1.100000, 0.450000, -1.193067
1.150000, 0.450000, -1.102554
1.200000, 0.450000, -0.488821
1.250000, 0.450000, 0.434343
1.300000, 0.450000, 1.324392
1.350000, 0.450000, 1.839301
1.400000, 0.450000, 1.766819
1.450000, 0.450000, 1.104390
1.500000, 0.450000, 0.059213
1.550000, 0.450000, -1.031535
1.600000, 0.450000, -1.829837
1.650000, 0.450000, -2.125987
1.700000, 0.450000, -1.918436
1.750000, 0.450000, -1.413820
1.800000, 0.450000, -0.947185
1.850000, 0.450000, -0.852888
1.900000, 0.450000, -1.335523
1.950000, 0.450000, -2.390188
2.000000, 0.450000, -3.802603
0.000000, 0.500000, -0.539122
0.050000, 0.500000, -1.495963
0.100000, 0.500000, -2.116759
0.150000, 0.500000, -2.188095
0.200000, 0.500000, -1.705794
0.250000, 0.500000, -0.875032
0.300000, 0.500000, -0.030615
0.350000, 0.500000, 0.492087
0.400000, 0.500000, 0.486229
0.450000, 0.500000, -0.046744
0.500000, 0.500000, -0.897149
0.550000, 0.500000, -1.726910
0.600000, 0.500000, -2.198742
0.650000, 0.500000, -2.105290
0.700000, 0.500000, -1.448935
0.750000, 0.500000, -0.441738
0.800000, 0.500000, 0.574461
0.850000, 0.500000, 1.257287
0.900000, 0.500000, 1.393097
0.950000, 0.500000, 0.976919
1.000000, 0.500000, 0.212575
1.050000, 0.500000, -0.567029
1.100000, 0.500000, -1.028929
1.150000, 0.500000, -0.969147
1.200000, 0.500000, -0.392391
1.250000, 0.500000, 0.488063
1.300000, 0.500000, 1.330308
1.350000, 0.500000, 1.793066
1.400000, 0.500000, 1.664938
1.450000, 0.500000, 0.944294
1.500000, 0.500000, -0.160677
1.550000, 0.500000, -1.311772
1.600000, 0.500000, -2.169926
1.650000, 0.500000, -2.524393
1.700000, 0.500000, -2.372607
1.750000, 0.500000, -1.920236
1.800000, 0.500000, -1.501421
1.850000, 0.500000, -1.449703
1.900000, 0.500000, -1.968959
1.950000, 0.500000, -3.053688
2.000000, 0.500000, -4.489132
0.000000, 0.550000, -0.758789
0.050000, 0.550000, -1.700482
0.100000, 0.550000, -2.301261
0.150000, 0.550000, -2.348183
0.200000, 0.550000, -1.837660
0.250000, 0.550000, -0.975559
0.300000, 0.550000, -0.097467
0.350000, 0.550000, 0.460398
0.400000, 0.550000, 0.490285
0.450000, 0.550000, -0.007297
0.500000, 0.550000, -0.823613
0.550000, 0.550000, -1.621527
0.600000, 0.550000, -2.064659
0.650000, 0.550000, -1.946511
0.700000, 0.550000, -1.270243
0.750000, 0.550000, -0.248603
0.800000, 0.550000, 0.775986
0.850000, 0.550000, 1.460695
0.900000, 0.550000, 1.591560
0.950000, 0.550000, 1.163436
1.000000, 0.550000, 0.380118
1.050000, 0.550000, -0.425358
1.100000, 0.550000, -0.919748
1.150000, 0.550000, -0.898645
1.200000, 0.550000, -0.366188
1.250000, 0.550000, 0.465046
1.300000, 0.550000, 1.253962
1.350000, 0.550000, 1.660197
1.400000, 0.550000, 1.473346
1.450000, 0.550000, 0.692832
1.500000, 0.550000, -0.472062
1.550000, 0.550000, -1.682025
1.600000, 0.550000, -2.596890
1.650000, 0.550000, -3.004838
1.700000, 0.550000, -2.902286
1.750000, 0.550000, -2.493951
1.800000, 0.550000, -2.113122
1.850000, 0.550000, -2.092595
1.900000, 0.550000, -2.635623
1.950000, 0.550000, -3.736220
2.000000, 0.550000, -5.179286
0.000000, 0.600000, -0.978303
0.050000, 0.600000, -1.899763
0.100000, 0.600000, -2.475735
0.150000, 0.600000, -2.493916
0.200000, 0.600000, -1.951456
0.250000, 0.600000, -1.055048
0.300000, 0.600000, -0.141177
0.350000, 0.600000, 0.452993
0.400000, 0.600000, 0.518736
0.450000, 0.600000, 0.055578
0.500000, 0.600000, -0.728712
0.550000, 0.600000, -1.497927
0.600000, 0.600000, -1.916555
0.650000, 0.600000, -1.778886
0.700000, 0.600000, -1.088769
0.750000, 0.600000, -0.059521
0.800000, 0.600000, 0.965996
0.850000, 0.600000, 1.644657
0.900000, 0.600000, 1.762357
0.950000, 0.600000, 1.313967
1.000000, 0.600000, 0.503456
1.050000, 0.600000, -0.335803
1.100000, 0.600000, -0.870081
1.150000, 0.600000, -0.894338
1.200000, 0.600000, -0.411947
1.250000, 0.600000, 0.365395
1.300000, 0.600000, 1.097580
1.350000, 0.600000, 1.445308
1.400000, 0.600000, 1.199295
1.450000, 0.600000, 0.360125
1.500000, 0.600000, -0.861751
1.550000, 0.600000, -2.125862
1.600000, 0.600000, -3.090921
1.650000, 0.600000, -3.544049
1.700000, 0.600000, -3.480683
1.750000, 0.600000, -3.104665
1.800000, 0.600000, -2.748527
1.850000, 0.600000, -2.744446
1.900000, 0.600000, -3.295207
1.950000, 0.600000, -4.394509
2.000000, 0.600000, -5.827107
0.000000, 0.650000, -1.193980
0.050000, 0.650000, -2.090374
0.100000, 0.650000, -2.637130
0.150000, 0.650000, -2.622738
0.200000, 0.650000, -2.045229
0.250000, 0.650000, -1.112247
0.300000, 0.650000, -0.161275
0.350000, 0.650000, 0.469498
0.400000, 0.650000, 0.570324
0.450000, 0.650000, 0.139722
0.500000, 0.650000, -0.615495
0.550000, 0.650000, -1.360014
0.600000, 0.650000, -1.759121
0.650000, 0.650000, -1.607800
0.700000, 0.650000, -0.910464
0.750000, 0.650000, 0.119145
0.800000, 0.650000, 1.137895
0.850000, 0.650000, 1.802553
0.900000, 0.650000, 1.899073
0.950000, 0.650000, 1.422549
1.000000, 0.650000, 0.577345
1.050000, 0.650000, -0.302616
1.100000, 0.650000, -0.882906
1.150000, 0.650000, -0.957646
1.200000, 0.650000, -0.529255
1.250000, 0.650000, 0.191630
1.300000, 0.650000, 0.866036
1.350000, 0.650000, 1.155855
1.400000, 0.650000, 0.853027
1.450000, 0.650000, -0.040637
1.500000, 0.650000, -1.313478
1.550000, 0.650000, -2.623864
1.600000, 0.650000, -3.629419
1.650000, 0.650000, -4.116269
1.700000, 0.650000, -4.078973
1.750000, 0.650000, -3.720632
1.800000, 0.650000, -3.373187
1.850000, 0.650000, -3.368390
1.900000, 0.650000, -3.908775
1.950000, 0.650000, -4.987975
2.000000, 0.650000, -6.390859
0.000000, 0.700000, -1.402317
0.050000, 0.700000, -2.269189
0.100000, 0.700000, -2.782807
0.150000, 0.700000, -2.732603
0.200000, 0.700000, -2.117621
0.250000, 0.700000, -1.146565
0.300000, 0.700000, -0.157999
0.350000, 0.700000, 0.508809
0.400000, 0.700000, 0.643056
0.450000, 0.700000, 0.242263
0.500000, 0.700000, -0.487682
0.550000, 0.700000, -1.212286
0.600000, 0.700000, -1.597545
0.650000, 0.700000, -1.439005
0.700000, 0.700000, -0.741495
0.750000, 0.700000, 0.280993
0.800000, 0.700000, 1.285252
0.850000, 0.700000, 1.928148
0.900000, 0.700000, 1.995913
0.950000, 0.700000, 1.484093
1.000000, 0.700000, 0.597669
1.050000, 0.700000, -0.328664
1.100000, 0.700000, -0.959562
1.150000, 0.700000, -1.088117
1.200000, 0.700000, -0.715611
1.250000, 0.700000, -0.051472
1.300000, 0.700000, 0.566589
1.350000, 0.700000, 0.801750
1.400000, 0.700000, 0.447231
1.450000, 0.700000, -0.493906
1.500000, 0.700000, -1.808812
1.550000, 0.700000, -3.154752
1.600000, 0.700000, -4.188357
1.650000, 0.700000, -4.694895
1.700000, 0.700000, -4.668219
1.750000, 0.700000, -4.310895
1.800000, 0.700000, -3.954516
1.850000, 0.700000, -3.930679
1.900000, 0.700000, -4.441964
1.950000, 0.700000, -5.482247
2.000000, 0.700000, -6.836843
0.000000, 0.750000, -1.600085
0.050000, 0.750000, -2.433460
0.100000, 0.750000, -2.910604
0.150000, 0.750000, -2.822027
0.200000, 0.750000, -2.167903
0.250000, 0.750000, -1.158087
0.300000, 0.750000, -0.132290
0.350000, 0.750000, 0.569106
0.400000, 0.750000, 0.734243
0.450000, 0.750000, 0.359674
0.500000, 0.750000, -0.349573
0.550000, 0.750000, -1.059736
0.600000, 0.750000, -1.437387
0.650000, 0.750000, -1.278486
0.700000, 0.750000, -0.588096
0.750000, 0.750000, 0.419740
0.800000, 0.750000, 1.401955
0.850000, 0.750000, 2.015744
0.900000, 0.750000, 2.047850
0.950000, 0.750000, 1.494506
1.000000, 0.750000, 0.561540
1.050000, 0.750000, -0.415361
1.100000, 0.750000, -1.099742
1.150000, 0.750000, -1.283478
1.200000, 0.750000, -0.966567
1.250000, 0.750000, -0.357106
1.300000, 0.750000, 0.208541
1.350000, 0.750000, 0.394879
1.400000, 0.750000, -0.003583
1.450000, 0.750000, -0.982578
1.500000, 0.750000, -2.328152
1.550000, 0.750000, -3.696594
1.600000, 0.750000, -4.743716
1.650000, 0.750000, -5.254142
1.700000, 0.750000, -5.221273
1.750000, 0.750000, -4.847430
1.800000, 0.750000, -4.464175
1.850000, 0.750000, -4.403293
1.900000, 0.750000, -4.867770
1.950000, 0.750000, -5.852106
2.000000, 0.750000, -7.142441
0.000000, 0.800000, -1.784403
0.050000, 0.800000, -2.580889
0.100000, 0.800000, -3.018891
0.150000, 0.800000, -2.890124
0.200000, 0.800000, -2.195992
0.250000, 0.800000, -1.147575
0.300000, 0.800000, -0.085774
0.350000, 0.800000, 0.647903
0.400000, 0.800000, 0.840569
0.450000, 0.800000, 0.487862
0.500000, 0.800000, -0.205957
0.550000, 0.800000, -0.907730
0.600000, 0.800000, -1.284452
0.650000, 0.800000, -1.132318
0.700000, 0.800000, -0.456420
0.750000, 0.800000, 0.529372
0.800000, 0.800000, 1.482366
0.850000, 0.800000, 2.060328
0.900000, 0.800000, 2.050754
0.950000, 0.800000, 1.450802
1.000000, 0.800000, 0.467373
1.050000, 0.800000, -0.562652
1.100000, 0.800000, -1.301518
1.150000, 0.800000, -1.539740
1.200000, 0.800000, -1.275914
1.250000, 0.800000, -0.716731
1.300000, 0.800000, -0.197180
1.350000, 0.800000, -0.051441
1.400000, 0.800000, -0.483789
1.450000, 0.800000, -1.488861
1.500000, 0.800000, -2.851762
1.550000, 0.800000, -4.228020
1.600000, 0.800000, -5.272884
1.650000, 0.800000, -5.770630
1.700000, 0.800000, -5.714541
1.750000, 0.800000, -5.307058
1.800000, 0.800000, -4.880099
1.850000, 0.800000, -4.766042
1.900000, 0.800000, -5.168693
1.950000, 0.800000, -6.083586
2.000000, 0.800000, -7.298091
0.000000, 0.850000, -1.952808
0.050000, 0.850000, -2.709680
0.100000, 0.850000, -3.106610
0.150000, 0.850000, -2.936630
0.200000, 0.850000, -2.202457
0.250000, 0.850000, -1.116451
0.300000, 0.850000, -0.020724
0.350000, 0.850000, 0.742103
0.400000, 0.850000, 0.958159
0.450000, 0.850000, 0.622258
0.500000, 0.850000, -0.061990
0.550000, 0.850000, -0.761880
0.600000, 0.850000, -1.144650
0.650000, 0.850000, -1.006519
0.700000, 0.850000, -0.352383
0.750000, 0.850000, 0.604302
0.800000, 0.850000, 1.521469
0.850000, 0.850000, 2.057703
0.900000, 0.850000, 2.001503
0.950000, 0.850000, 1.351181
1.000000, 0.850000, 0.314921
1.050000, 0.850000, -0.769014
1.100000, 0.850000, -1.561427
1.150000, 0.850000, -1.851355
1.200000, 0.850000, -1.635930
1.250000, 0.850000, -1.120423
1.300000, 0.850000, -0.638483
1.350000, 0.850000, -0.523066
1.400000, 0.850000, -0.977373
1.450000, 0.850000, -1.995145
1.500000, 0.850000, -3.360797
1.550000, 0.850000, -4.729391
1.600000, 0.850000, -5.755952
1.650000, 0.850000, -6.224787
1.700000, 0.850000, -6.129467
1.750000, 0.850000, -5.672976
1.800000, 0.850000, -5.188028
1.850000, 0.850000, -5.008032
1.900000, 0.850000, -5.338045
1.950000, 0.850000, -6.175045
2.000000, 0.850000, -7.308012
0.000000, 0.900000, -2.103321
0.050000, 0.900000, -2.818585
0.100000, 0.900000, -3.173301
0.150000, 0.900000, -2.961907
0.200000, 0.900000, -2.188503
0.250000, 0.900000, -1.066761
0.300000, 0.900000, 0.059995
0.350000, 0.900000, 0.848068
0.400000, 0.900000, 1.082681
0.450000, 0.900000, 0.757928
0.500000, 0.900000, 0.076920
0.550000, 0.900000, -0.627914
0.600000, 0.900000, -1.023849
0.650000, 0.900000, -0.906899
0.700000, 0.900000, -0.281518
0.750000, 0.900000, 0.639509
0.800000, 0.900000, 1.514995
0.850000, 0.900000, 2.004604
0.900000, 0.900000, 1.898070
0.950000, 0.900000, 1.195079
1.000000, 0.900000, 0.105284
1.050000, 0.900000, -1.031519
1.100000, 0.900000, -1.874581
1.150000, 0.900000, -2.211410
1.200000, 0.900000, -2.037669
1.250000, 0.900000, -1.557262
1.300000, 0.900000, -1.102612
1.350000, 0.900000, -1.005626
1.400000, 0.900000, -1.468661
1.450000, 0.900000, -2.484847
1.500000, 0.900000, -3.838245
1.550000, 0.900000, -5.183829
1.600000, 0.900000, -6.176816
1.650000, 0.900000, -6.601985
1.700000, 0.900000, -6.453650
1.750000, 0.900000, -5.935804
1.800000, 0.900000, -5.382409
1.850000, 0.900000, -5.128343
1.900000, 0.900000, -5.380315
1.950000, 0.900000, -6.137107
2.000000, 0.900000, -7.189612
0.000000, 0.950000, -2.234493
0.050000, 0.950000, -2.906938
0.100000, 0.950000, -3.219112
0.150000, 0.950000, -2.966938
0.200000, 0.950000, -2.155944
0.250000, 0.950000, -1.001130
0.300000, 0.950000, 0.152991
0.350000, 0.950000, 0.961710
0.400000, 0.950000, 1.209437
0.450000, 0.950000, 0.889691
0.500000, 0.950000, 0.205248
0.550000, 0.950000, -0.511533
0.600000, 0.950000, -0.927735
0.650000, 0.950000, -0.838917
0.700000, 0.950000, -0.248833
0.750000, 0.950000, 0.630670
0.800000, 0.950000, 1.459549
0.850000, 0.950000, 1.898787
0.900000, 0.950000, 1.739584
0.950000, 0.950000, 0.983189
1.000000, 0.950000, -0.159119
1.050000, 0.950000, -1.345909
1.100000, 0.950000, -2.234829
1.150000, 0.950000, -2.611864
1.200000, 0.950000, -2.471279
1.250000, 0.950000, -2.015745
1.300000, 0.950000, -1.576660
1.350000, 0.950000, -1.485140
1.400000, 0.950000, -1.943017
1.450000, 0.950000, -2.943183
1.500000, 0.950000, -4.269757
1.550000, 0.950000, -5.578077
1.600000, 0.950000, -6.524022
1.650000, 0.950000, -6.893322
1.700000, 0.950000, -6.681518
1.750000, 0.950000, -6.094068
1.800000, 0.950000, -5.466616
1.850000, 0.950000, -5.135887
1.900000, 0.950000, -5.310568
1.950000, 0.950000, -5.991496
2.000000, 0.950000, -6.971639
0.000000, 1.000000, -2.345438
0.050000, 1.000000, -2.974666
0.100000, 1.000000, -3.244797
0.150000, 1.000000, -2.953301
0.200000, 1.000000, -2.107159
0.250000, 1.000000, -0.922696
0.300000, 1.000000, 0.254431
0.350000, 1.000000, 1.078584
0.400000, 1.000000, 1.333487
0.450000, 1.000000, 1.012239
0.500000, 1.000000, 0.317482
0.550000, 1.000000, -0.418273
0.600000, 1.000000, -0.861667
0.650000, 1.000000, -0.807543
0.700000, 1.000000, -0.258678
0.750000, 1.000000, 0.574283
0.800000, 1.000000, 1.352698
0.850000, 1.000000, 1.739105
0.900000, 1.000000, 1.526368
0.950000, 1.000000, 0.717460
1.000000, 1.000000, -0.474610
1.050000, 1.000000, -1.706724
1.100000, 1.000000, -2.634942
1.150000, 1.000000, -3.043810
1.200000, 1.000000, -2.926345
1.250000, 1.000000, -2.484209
1.300000, 1.000000, -2.048060
1.350000, 1.000000, -1.948574
1.400000, 1.000000, -2.387462
1.450000, 1.000000, -3.357821
1.500000, 1.000000, -4.644309
1.550000, 1.000000, -5.903123
1.600000, 1.000000, -6.791305
1.650000, 1.000000, -7.096027
1.700000, 1.000000, -6.814511
1.750000, 1.000000, -6.154099
1.800000, 1.000000, -5.452463
1.850000, 1.000000, -5.048458
1.900000, 1.000000, -5.152931
1.950000, 1.000000, -5.768857
2.000000, 1.000000, -6.691259
0.000000, 1.050000, -2.435859
0.050000, 1.050000, -3.022294
0.100000, 1.050000, -3.251699
0.150000, 1.050000, -2.923129
0.200000, 1.050000, -2.045035
0.250000, 1.050000, -0.835037
0.300000, 1.050000, 0.360130
0.350000, 1.050000, 1.194001
0.400000, 1.050000, 1.449760
0.450000, 1.050000, 1.120272
0.500000, 1.050000, 0.408259
0.550000, 1.050000, -0.353368
0.600000, 1.050000, -0.830545
0.650000, 1.050000, -0.817123
0.700000, 1.050000, -0.314630
0.750000, 1.050000, 0.467762
0.800000, 1.050000, 1.193054
0.850000, 1.050000, 1.525551
0.900000, 1.050000, 1.259946
0.950000, 1.050000, 0.401051
1.000000, 1.050000, -0.836343
1.050000, 1.050000, -2.107450
1.100000, 1.050000, -3.066831
1.150000, 1.050000, -3.497758
1.200000, 1.050000, -3.392242
1.250000, 1.050000, -2.951245
1.300000, 1.050000, -2.505063
1.350000, 1.050000, -2.384361
1.400000, 1.050000, -2.791203
1.450000, 1.050000, -3.719400
1.500000, 1.050000, -4.954663
1.550000, 1.050000, -6.154564
1.600000, 1.050000, -6.977802
1.650000, 1.050000, -7.213439
1.700000, 1.050000, -6.860774
1.750000, 1.050000, -6.129343
1.800000, 1.050000, -5.359074
1.850000, 1.050000, -4.891058
1.900000, 1.050000, -4.938306
1.950000, 1.050000, -5.505800
2.000000, 1.050000, -6.390356
0.000000, 1.100000, -2.506053
0.050000, 1.100000, -3.050933
0.100000, 1.100000, -3.241713
0.150000, 1.100000, -2.879063
0.200000, 1.100000, -1.972895
0.250000, 1.100000, -0.742080
0.300000, 1.100000, 0.465651
0.350000, 1.100000, 1.303134
0.400000, 1.100000, 1.553180
0.450000, 1.100000, 1.208622
0.500000, 1.100000, 0.472499
0.550000, 1.100000, -0.321618
0.600000, 1.100000, -0.838683
0.650000, 1.100000, -0.871273
0.700000, 1.100000, -0.419389
0.750000, 1.100000, 0.309521
0.800000, 1.100000, 0.980327
0.850000, 1.100000, 1.259278
0.900000, 1.100000, 0.943024
0.950000, 1.100000, 0.038271
1.000000, 1.100000, -1.238422
1.050000, 1.100000, -2.540691
1.100000, 1.100000, -3.521777
1.150000, 1.100000, -3.963927
1.200000, 1.100000, -3.858478
1.250000, 1.100000, -3.406091
1.300000, 1.100000, -2.937154
1.350000, 1.100000, -2.782824
1.400000, 1.100000, -3.146045
1.450000, 1.100000, -4.021876
1.500000, 1.100000, -5.197612
1.550000, 1.100000, -6.332692
1.600000, 1.100000, -7.087910
1.650000, 1.100000, -7.254589
1.700000, 1.100000, -6.834374
1.750000, 1.100000, -6.039163
1.800000, 1.100000, -5.211174
1.850000, 1.100000, -4.693648
1.900000, 1.100000, -4.701518
1.950000, 1.100000, -5.241403
2.000000, 1.100000, -6.111406
0.000000, 1.150000, -2.556906
0.050000, 1.150000, -3.062250
0.100000, 1.150000, -3.217243
0.150000, 1.150000, -2.824183
0.200000, 1.150000, -1.894417
0.250000, 1.150000, -0.648009
0.300000, 1.150000, 0.566416
0.350000, 1.150000, 1.401141
0.400000, 1.150000, 1.638787
0.450000, 1.150000, 1.272379
0.500000, 1.150000, 0.505525
0.550000, 1.150000, -0.327271
0.600000, 1.150000, -0.889696
0.650000, 1.150000, -0.972769
0.700000, 1.150000, -0.574700
0.750000, 1.150000, 0.099029
0.800000, 1.150000, 0.715349
0.850000, 1.150000, 0.942593
0.900000, 1.150000, 0.579438
0.950000, 1.150000, -0.365521
1.000000, 1.150000, -1.674046
1.050000, 1.150000, -2.998375
1.100000, 1.150000, -3.990684
1.150000, 1.150000, -4.432545
1.200000, 1.150000, -4.315035
1.250000, 1.150000, -3.838992
1.300000, 1.150000, -3.335419
1.350000, 1.150000, -3.136514
1.400000, 1.150000, -3.446658
1.450000, 1.150000, -4.262694
1.500000, 1.150000, -5.373994
1.550000, 1.150000, -6.442294
1.600000, 1.150000, -7.130825
1.650000, 1.150000, -7.233401
1.700000, 1.150000, -6.754119
1.750000, 1.150000, -5.907202
1.800000, 1.150000, -5.036980
1.850000, 1.150000, -4.488503
1.900000, 1.150000, -4.478150
1.950000, 1.150000, -5.013551
2.000000, 1.150000, -5.893345
0.000000, 1.200000, -2.589867
0.050000, 1.200000, -3.058427
0.100000, 1.200000, -3.181142
0.150000, 1.200000, -2.761932
0.200000, 1.200000, -1.813546
0.250000, 1.200000, -0.557164
0.300000, 1.200000, 0.657815
0.350000, 1.200000, 1.483278
0.400000, 1.200000, 1.701860
0.450000, 1.200000, 1.307013
0.500000, 1.200000, 0.503183
0.550000, 1.200000, -0.373912
0.600000, 1.200000, -0.986404
0.650000, 1.200000, -1.123476
0.700000, 1.200000, -0.781292
0.750000, 1.200000, -0.163158
0.800000, 1.200000, 0.400077
0.850000, 1.200000, 0.578920
0.900000, 1.200000, 0.174081
0.950000, 1.200000, -0.804034
1.000000, 1.200000, -2.135679
1.050000, 1.200000, -3.471956
1.100000, 1.200000, -4.464333
1.150000, 1.200000, -4.894133
1.200000, 1.200000, -4.752670
1.250000, 1.200000, -4.241503
1.300000, 1.200000, -3.692821
1.350000, 1.200000, -3.440434
1.400000, 1.200000, -3.690706
1.450000, 1.200000, -4.442766
1.500000, 1.200000, -5.488479
1.550000, 1.200000, -6.492195
1.600000, 1.200000, -7.119777
1.650000, 1.200000, -7.167578
1.700000, 1.200000, -6.642044
1.750000, 1.200000, -5.759456
1.800000, 1.200000, -4.865822
1.850000, 1.200000, -4.307423
1.900000, 1.200000, -4.301351
1.950000, 1.200000, -4.855405
2.000000, 1.200000, -5.767821
0.000000, 1.250000, -2.606915
0.050000, 1.250000, -3.042110
0.100000, 1.250000, -3.136642
0.150000, 1.250000, -2.696036
0.200000, 1.250000, -1.734396
0.250000, 1.250000, -0.473931
0.300000, 1.250000, 0.735317
0.350000, 1.250000, 1.545016
0.400000, 1.250000, 1.738029
0.450000, 1.250000, 1.308487
0.500000, 1.250000, 0.461947
0.550000, 1.250000, -0.464368
0.600000, 1.250000, -1.130751
0.650000, 1.250000, -1.324280
0.700000, 1.250000, -1.038842
0.750000, 1.250000, -0.475386
0.800000, 1.250000, 0.037572
0.850000, 1.250000, 0.172738
0.900000, 1.250000, -0.267201
0.950000, 1.250000, -1.270189
1.000000, 1.250000, -2.615232
1.050000, 1.250000, -3.952649
1.100000, 1.250000, -4.933635
1.150000, 1.250000, -5.339779
1.200000, 1.250000, -5.163192
1.250000, 1.250000, -4.606744
1.300000, 1.250000, -4.004399
1.350000, 1.250000, -3.692142
1.400000, 1.250000, -3.878825
1.450000, 1.250000, -4.566272
1.500000, 1.250000, -5.549144
1.550000, 1.250000, -6.494565
1.600000, 1.250000, -7.071028
1.650000, 1.250000, -7.077258
1.700000, 1.250000, -6.521704
1.750000, 1.250000, -5.622189
1.800000, 1.250000, -4.725725
1.850000, 1.250000, -4.179000
1.900000, 1.250000, -4.198893
1.950000, 1.250000, -4.792363
2.000000, 1.250000, -5.756203
0.000000, 1.300000, -2.610513
0.050000, 1.300000, -3.016343
0.100000, 1.300000, -3.087271
0.150000, 1.300000, -2.630408
0.200000, 1.300000, -1.661152
0.250000, 1.300000, -0.402639
0.300000, 1.300000, 0.794583
0.350000, 1.300000, 1.582151
0.400000, 1.300000, 1.743385
0.450000, 1.300000, 1.273355
0.500000, 1.300000, 0.379009
0.550000, 1.300000, -0.600634
0.600000, 1.300000, -1.323748
0.650000, 1.300000, -1.575057
0.700000, 1.300000, -1.345963
0.750000, 1.300000, -0.834922
0.800000, 1.300000, -0.368060
0.850000, 1.300000, -0.270504
0.900000, 1.300000, -0.737734
0.950000, 1.300000, -1.756287
1.000000, 1.300000, -3.104265
1.050000, 1.300000, -4.431649
1.100000, 1.300000, -5.389880
1.150000, 1.300000, -5.761389
1.200000, 1.300000, -5.539693
1.250000, 1.300000, -4.929581
1.300000, 1.300000, -4.267375
1.350000, 1.300000, -3.891746
1.400000, 1.300000, -4.014449
1.450000, 1.300000, -4.640293
1.500000, 1.300000, -5.566869
1.550000, 1.300000, -6.464034
1.600000, 1.300000, -7.002688
1.650000, 1.300000, -6.983515
1.700000, 1.300000, -6.416373
1.750000, 1.300000, -5.519867
1.800000, 1.300000, -4.641112
1.850000, 1.300000, -4.126205
1.900000, 1.300000, -4.190749
1.950000, 1.300000, -4.839785
2.000000, 1.300000, -5.867630
0.000000, 1.350000, -2.603542
0.050000, 1.350000, -2.984490
0.100000, 1.350000, -3.036774
0.150000, 1.350000, -2.569055
0.200000, 1.350000, -1.597963
0.250000, 1.350000, -0.347456
0.300000, 1.350000, 0.831567
0.350000, 1.350000, 1.590907
0.400000, 1.350000, 1.714575
0.450000, 1.350000, 1.198848
0.500000, 1.350000, 0.252352
0.550000, 1.350000, -0.783815
0.600000, 1.350000, -1.565436
0.650000, 1.350000, -1.874654
0.700000, 1.350000, -1.700219
0.750000, 1.350000, -1.237999
0.800000, 1.350000, -0.811737
0.850000, 1.350000, -0.744503
0.900000, 1.350000, -1.230164
0.950000, 1.350000, -2.254182
1.000000, 1.350000, -3.594195
1.050000, 1.350000, -4.900363
1.100000, 1.350000, -5.824965
1.150000, 1.350000, -6.151900
1.200000, 1.350000, -5.876721
1.250000, 1.350000, -5.206740
1.300000, 1.350000, -4.481162
1.350000, 1.350000, -4.041773
1.400000, 1.350000, -4.103515
1.450000, 1.350000, -4.674302
1.500000, 1.350000, -5.554585
1.550000, 1.350000, -6.416686
1.600000, 1.350000, -6.933442
1.650000, 1.350000, -6.906832
1.700000, 1.350000, -6.347294
1.750000, 1.350000, -5.473245
1.800000, 1.350000, -4.630842
1.850000, 1.350000, -4.164479
1.900000, 1.350000, -4.287390
1.950000, 1.350000, -5.001681
2.000000, 1.350000, -6.098305
0.000000, 1.400000, -2.589231
0.050000, 1.400000, -2.950156
0.100000, 1.400000, -2.989014
0.150000, 1.400000, -2.515980
0.200000, 1.400000, -1.548845
0.250000, 1.400000, -0.312282
0.300000, 1.400000, 0.842620
0.350000, 1.400000, 1.568026
0.400000, 1.400000, 1.648883
0.450000, 1.400000, 1.082945
0.500000, 1.400000, 0.080803
0.550000, 1.400000, -1.014087
0.600000, 1.400000, -1.854870
0.650000, 1.400000, -2.220903
0.700000, 1.400000, -2.098158
0.750000, 1.400000, -1.679883
0.800000, 1.400000, -1.287507
0.850000, 1.400000, -1.242231
0.900000, 1.400000, -1.736620
0.950000, 1.400000, -2.755481
1.000000, 1.400000, -4.076504
1.050000, 1.400000, -5.350626
1.100000, 1.400000, -6.231608
1.150000, 1.400000, -6.505464
1.200000, 1.400000, -6.170415
1.250000, 1.400000, -5.436844
1.300000, 1.400000, -4.647286
1.350000, 1.400000, -4.146936
1.400000, 1.400000, -4.154041
1.450000, 1.400000, -4.679533
1.500000, 1.400000, -5.526420
1.550000, 1.400000, -6.368974
1.600000, 1.400000, -6.881251
1.650000, 1.400000, -6.865633
1.700000, 1.400000, -6.332106
1.750000, 1.400000, -5.497782
1.800000, 1.400000, -4.706713
1.850000, 1.400000, -4.300489
1.900000, 1.400000, -4.488970
1.950000, 1.400000, -5.270498
2.000000, 1.400000, -6.432071
0.000000, 1.450000, -2.571083
0.050000, 1.450000, -2.917097
0.100000, 1.450000, -2.947877
0.150000, 1.450000, -2.475079
0.200000, 1.450000, -1.517582
0.250000, 1.450000, -0.300657
0.300000, 1.450000, 0.824574
0.350000, 1.450000, 1.510849
0.400000, 1.450000, 1.544299
0.450000, 1.450000, 0.924428
0.500000, 1.450000, -0.135928
0.550000, 1.450000, -1.290688
0.600000, 1.450000, -2.190127
0.650000, 1.450000, -2.610655
0.700000, 1.450000, -2.535382
0.750000, 1.450000, -2.154965
0.800000, 1.450000, -1.788666
0.850000, 1.450000, -1.756090
0.900000, 1.450000, -2.248893
0.950000, 1.450000, -3.251735
1.000000, 1.450000, -4.542951
1.050000, 1.450000, -5.774911
1.100000, 1.450000, -6.603527
1.150000, 1.450000, -6.817589
1.200000, 1.450000, -6.418562
1.250000, 1.450000, -5.620378
1.300000, 1.450000, -4.769218
1.350000, 1.450000, -4.213811
1.400000, 1.450000, -4.175620
1.450000, 1.450000, -4.668275
1.500000, 1.450000, -5.496796
1.550000, 1.450000, -6.336639
1.600000, 1.450000, -6.862133
1.650000, 1.450000, -6.874981
1.700000, 1.450000, -6.383550
1.750000, 1.450000, -5.602471
1.800000, 1.450000, -4.872573
1.850000, 1.450000, -4.531659
1.900000, 1.450000, -4.785444
1.950000, 1.450000, -5.628010
2.000000, 1.450000, -6.842230
0.000000, 1.500000, -2.552782
0.050000, 1.500000, -2.889126
0.100000, 1.500000, -2.917184
0.150000, 1.500000, -2.450052
0.200000, 1.500000, -1.507631
0.250000, 1.500000, -0.315676
0.300000, 1.500000, 0.774822
0.350000, 1.500000, 1.417384
0.400000, 1.500000, 1.399572
0.450000, 1.500000, 0.722913
0.500000, 1.500000, -0.397238
0.550000, 1.500000, -1.611921
0.600000, 1.500000, -2.568341
0.650000, 1.500000, -3.039834
0.700000, 1.500000, -3.006627
0.750000, 1.500000, -2.656877
0.800000, 1.500000, -2.307905
0.850000, 1.500000, -2.278080
0.900000, 1.500000, -2.758629
0.950000, 1.500000, -3.734646
1.000000, 1.500000, -4.985777
1.050000, 1.500000, -6.166512
1.100000, 1.500000, -6.935601
1.150000, 1.500000, -7.085226
1.200000, 1.500000, -6.620613
1.250000, 1.500000, -5.759588
1.300000, 1.500000, -4.852131
1.350000, 1.500000, -4.250432
1.400000, 1.500000, -4.178845
1.450000, 1.500000, -4.653133
1.500000, 1.500000, -5.479531
1.550000, 1.500000, -6.333694
1.600000, 1.500000, -6.889092
1.650000, 1.500000, -6.945537
1.700000, 1.500000, -6.508568
1.750000, 1.500000, -5.789204
1.800000, 1.500000, -5.124087
1.850000, 1.500000, -4.846508
1.900000, 1.500000, -5.157629
1.950000, 1.500000, -6.047230
2.000000, 1.500000, -7.294415
0.000000, 1.550000, -2.538106
0.050000, 1.550000, -2.870022
0.100000, 1.550000, -2.900587
0.150000, 1.550000, -2.444308
0.200000, 1.550000, -1.522039
0.250000, 1.550000, -0.359911
0.300000, 1.550000, 0.691380
0.350000, 1.550000, 1.286350
0.400000, 1.550000, 1.214237
0.450000, 1.550000, 0.478864
0.500000, 1.550000, -0.701634
0.550000, 1.550000, -1.975185
0.600000, 1.550000, -2.985753
0.650000, 1.550000, -3.503521
0.700000, 1.550000, -3.505868
0.750000, 1.550000, -3.178620
0.800000, 1.550000, -2.837464
0.850000, 1.550000, -2.799976
0.900000, 1.550000, -3.257514
0.950000, 1.550000, -4.196267
1.000000, 1.550000, -5.397892
1.050000, 1.550000, -6.519714
1.100000, 1.550000, -7.223982
1.150000, 1.550000, -7.306827
1.200000, 1.550000, -6.777631
1.250000, 1.550000, -5.858311
1.300000, 1.550000, -4.902598
1.350000, 1.550000, -4.265834
1.400000, 1.550000, -4.174701
1.450000, 1.550000, -4.646278
1.500000, 1.550000, -5.486996
1.550000, 1.550000, -6.371535
1.600000, 1.550000, -6.971255
1.650000, 1.550000, -7.082834
1.700000, 1.550000, -6.707831
1.750000, 1.550000, -6.052694
1.800000, 1.550000, -5.449191
1.850000, 1.550000, -5.225766
1.900000, 1.550000, -5.579095
1.950000, 1.550000, -6.495156
2.000000, 1.550000, -7.750226
0.000000, 1.600000, -2.530832
0.050000, 1.600000, -2.863435
0.100000, 1.600000, -2.901487
0.150000, 1.600000, -2.460882
0.200000, 1.600000, -1.563371
0.250000, 1.600000, -0.435350
0.300000, 1.600000, 0.572936
0.350000, 1.600000, 1.117210
0.400000, 1.600000, 0.988634
0.450000, 1.600000, 0.193585
0.500000, 1.600000, -1.046766
0.550000, 1.600000, -2.377027
0.600000, 1.600000, -3.437790
0.650000, 1.600000, -3.996053
0.700000, 1.600000, -4.026451
0.750000, 1.600000, -3.712720
0.800000, 1.600000, -3.369305
0.850000, 1.600000, -3.313515
0.900000, 1.600000, -3.737479
0.950000, 1.600000, -4.629189
1.000000, 1.600000, -5.773051
1.050000, 1.600000, -6.829929
1.100000, 1.600000, -7.466177
1.150000, 1.600000, -7.482336
1.200000, 1.600000, -6.892190
1.250000, 1.600000, -5.921751
1.300000, 1.600000, -4.928229
1.350000, 1.600000, -4.269567
1.400000, 1.600000, -4.173955
1.450000, 1.600000, -4.658750
1.500000, 1.600000, -5.529370
1.550000, 1.600000, -6.458233
1.600000, 1.600000, -7.113299
1.650000, 1.600000, -7.286936
1.700000, 1.600000, -6.975757
1.750000, 1.600000, -6.380970
1.800000, 1.600000, -5.829190
1.850000, 1.600000, -5.644167
1.900000, 1.600000, -6.018715
1.950000, 1.600000, -6.936094
2.000000, 1.600000, -8.171259
0.000000, 1.650000, -2.534645
0.050000, 1.650000, -2.872796
0.100000, 1.650000, -2.922945
0.150000, 1.650000, -2.502362
0.200000, 1.650000, -1.633643
0.250000, 1.650000, -0.543350
0.300000, 1.650000, 0.418883
0.350000, 1.650000, 0.910188
0.400000, 1.650000, 0.723898
0.450000, 1.650000, -0.130803
0.500000, 1.650000, -1.429470
0.550000, 1.650000, -2.813213
0.600000, 1.650000, -3.919156
0.650000, 1.650000, -4.511141
0.700000, 1.650000, -4.561226
0.750000, 1.650000, -4.251383
0.800000, 1.650000, -3.895289
0.850000, 1.650000, -3.810587
0.900000, 1.650000, -4.190885
0.950000, 1.650000, -5.026727
1.000000, 1.650000, -6.106011
1.050000, 1.650000, -7.093804
1.100000, 1.650000, -7.661094
1.150000, 1.650000, -7.613149
1.200000, 1.650000, -6.968228
1.250000, 1.650000, -5.956219
1.300000, 1.650000, -4.937293
1.350000, 1.650000, -4.271195
1.400000, 1.650000, -4.186575
1.450000, 1.650000, -4.699836
1.500000, 1.650000, -5.614053
1.550000, 1.650000, -6.598048
1.600000, 1.650000, -7.315173
1.650000, 1.650000, -7.552487
1.700000, 1.650000, -7.300993
1.750000, 1.650000, -6.756408
1.800000, 1.650000, -6.240409
1.850000, 1.650000, -6.072773
1.900000, 1.650000, -6.443654
1.950000, 1.650000, -7.335238
2.000000, 1.650000, -8.523147
0.000000, 1.700000, -2.553045
0.050000, 1.700000, -2.901233
0.100000, 1.700000, -2.967612
0.150000, 1.700000, -2.570825
0.200000, 1.700000, -1.734277
0.250000, 1.700000, -0.684600
0.300000, 1.700000, 0.229330
0.350000, 1.700000, 0.666262
0.400000, 1.700000, 0.421935
0.450000, 1.700000, -0.491411
0.500000, 1.700000, -1.845843
0.550000, 1.700000, -3.278819
0.600000, 1.700000, -4.423948
0.650000, 1.700000, -5.042004
0.700000, 1.700000, -5.102708
0.750000, 1.700000, -4.786673
0.800000, 1.700000, -4.407359
0.850000, 1.700000, -4.283426
0.900000, 1.700000, -4.610709
0.950000, 1.700000, -5.383082
1.000000, 1.700000, -6.392654
1.050000, 1.700000, -7.309298
1.100000, 1.700000, -7.809038
1.150000, 1.700000, -7.702026
1.200000, 1.700000, -7.010853
1.250000, 1.700000, -5.968824
1.300000, 1.700000, -4.938310
1.350000, 1.700000, -4.279816
1.400000, 1.700000, -4.221206
1.450000, 1.700000, -4.776563
1.500000, 1.700000, -5.745243
1.550000, 1.700000, -6.791205
1.600000, 1.700000, -7.572153
1.650000, 1.700000, -7.869152
1.700000, 1.700000, -7.667343
1.750000, 1.700000, -7.157204
1.800000, 1.700000, -6.656260
1.850000, 1.700000, -6.481613
1.900000, 1.700000, -6.822513
1.950000, 1.700000, -7.662174
2.000000, 1.700000, -8.779194
0.000000, 1.750000, -2.589265
0.050000, 1.750000, -2.951494
0.100000, 1.750000, -3.037657
0.150000, 1.750000, -2.667785
0.200000, 1.750000, -1.866062
0.250000, 1.750000, -0.859109
0.300000, 1.750000, 0.005103
0.350000, 1.750000, 0.387139
0.400000, 1.750000, 0.085379
0.450000, 1.750000, -0.884647
0.500000, 1.750000, -2.291324
0.550000, 1.750000, -3.768337
0.600000, 1.750000, -4.945782
0.650000, 1.750000, -5.581514
0.700000, 1.750000, -5.643237
0.750000, 1.750000, -5.310682
0.800000, 1.750000, -4.897728
0.850000, 1.750000, -4.724787
0.900000, 1.750000, -4.990715
0.950000, 1.750000, -5.693484
1.000000, 1.750000, -6.630093
1.050000, 1.750000, -7.475719
1.100000, 1.750000, -7.911679
1.150000, 1.750000, -7.752961
1.200000, 1.750000, -7.026117
1.250000, 1.750000, -5.967161
1.300000, 1.750000, -4.939656
1.350000, 1.750000, -4.303619
1.400000, 1.750000, -4.284734
1.450000, 1.750000, -4.893336
1.500000, 1.750000, -5.923731
1.550000, 1.750000, -7.033919
1.600000, 1.750000, -7.875219
1.650000, 1.750000, -8.222419
1.700000, 1.750000, -8.055056
1.750000, 1.750000, -7.559190
1.800000, 1.750000, -7.049557
1.850000, 1.750000, -6.842429
1.900000, 1.750000, -7.128353
1.950000, 1.750000, -7.893966
2.000000, 1.750000, -8.923243
0.000000, 1.800000, -2.646184
0.050000, 1.800000, -3.025882
0.100000, 1.800000, -3.134722
0.150000, 1.800000, -2.794157
0.200000, 1.800000, -2.029139
0.250000, 1.800000, -1.066206
0.300000, 1.800000, -0.252278
0.350000, 1.800000, 0.075220
0.400000, 1.800000, -0.282467
0.450000, 1.800000, -1.306297
0.500000, 1.800000, -2.760794
0.550000, 1.800000, -4.275793
0.600000, 1.800000, -5.477930
0.650000, 1.800000, -6.122355
0.700000, 1.800000, -6.175144
0.750000, 1.800000, -5.815713
0.800000, 1.800000, -5.359055
0.850000, 1.800000, -5.128125
0.900000, 1.800000, -5.325606
0.950000, 1.800000, -5.954317
1.000000, 1.800000, -6.816744
1.050000, 1.800000, -7.593735
1.100000, 1.800000, -7.971975
1.150000, 1.800000, -7.771024
1.200000, 1.800000, -7.020769
1.250000, 1.800000, -5.958982
1.300000, 1.800000, -4.949187
1.350000, 1.800000, -4.349501
1.400000, 1.800000, -4.381952
1.450000, 1.800000, -5.051724
1.500000, 1.800000, -6.146900
1.550000, 1.800000, -7.318702
1.600000, 1.800000, -8.211724
1.650000, 1.800000, -8.594706
1.700000, 1.800000, -8.442397
1.750000, 1.800000, -7.937843
1.800000, 1.800000, -7.394899
1.850000, 1.800000, -7.131285
1.900000, 1.800000, -7.341323
1.950000, 1.800000, -8.017538
2.000000, 1.800000, -8.951495
0.000000, 1.850000, -2.726264
0.050000, 1.850000, -3.126191
0.100000, 1.850000, -3.259873
0.150000, 1.850000, -2.950236
0.200000, 1.850000, -2.222999
0.250000, 1.850000, -1.304551
0.300000, 1.850000, -0.540632
0.350000, 1.850000, -0.266465
0.400000, 1.850000, -0.677716
0.450000, 1.850000, -1.751621
0.500000, 1.850000, -3.248697
0.550000, 1.850000, -4.794886
0.600000, 1.850000, -6.013470
0.650000, 1.850000, -6.657179
0.700000, 1.850000, -6.690927
0.750000, 1.850000, -6.294451
0.800000, 1.850000, -5.784618
0.850000, 1.850000, -5.487749
0.900000, 1.850000, -5.611160
0.950000, 1.850000, -6.163209
1.000000, 1.850000, -6.952359
1.050000, 1.850000, -7.665340
1.100000, 1.850000, -7.994069
1.150000, 1.850000, -7.762169
1.200000, 1.850000, -7.001990
1.250000, 1.850000, -5.951878
1.300000, 1.850000, -4.973901
1.350000, 1.850000, -4.422759
1.400000, 1.850000, -4.515348
1.450000, 1.850000, -5.250430
1.500000, 1.850000, -6.408941
1.550000, 1.850000, -7.634898
1.600000, 1.850000, -8.566322
1.650000, 1.850000, -8.966690
1.700000, 1.850000, -8.807371
1.750000, 1.850000, -8.270336
1.800000, 1.850000, -7.670906
1.850000, 1.850000, -7.330804
1.900000, 1.850000, -7.450654
1.950000, 1.850000, -8.031122
2.000000, 1.850000, -8.873091
0.000000, 1.900000, -2.831486
0.050000, 1.900000, -3.253671
0.100000, 1.900000, -3.413583
0.150000, 1.900000, -3.135686
0.200000, 1.900000, -2.446490
0.250000, 1.900000, -1.572177
0.300000, 1.900000, -0.857178
0.350000, 1.900000, -0.634323
0.400000, 1.900000, -1.095977
0.450000, 1.900000, -2.215461
0.500000, 1.900000, -3.749159
0.550000, 1.900000, -5.319120
0.600000, 1.900000, -6.545436
0.650000, 1.900000, -7.178770
0.700000, 1.900000, -7.183417
0.750000, 1.900000, -6.740134
0.800000, 1.900000, -6.168475
0.850000, 1.900000, -5.798968
0.900000, 1.900000, -5.844338
0.950000, 1.900000, -6.319096
1.000000, 1.900000, -7.038038
1.050000, 1.900000, -7.693794
1.100000, 1.900000, -7.983146
1.150000, 1.900000, -7.733022
1.200000, 1.900000, -6.977124
1.250000, 1.900000, -5.952977
1.300000, 1.900000, -5.019651
1.350000, 1.900000, -4.526876
1.400000, 1.900000, -4.685035
1.450000, 1.900000, -5.485421
1.500000, 1.900000, -6.701268
1.550000, 1.900000, -7.969433
1.600000, 1.900000, -8.922076
1.650000, 1.900000, -9.318777
1.700000, 1.900000, -9.129477
1.750000, 1.900000, -8.537465
1.800000, 1.900000, -7.862150
1.850000, 1.900000, -7.431860
1.900000, 1.900000, -7.455836
1.950000, 1.900000, -7.944632
2.000000, 1.900000, -8.709400
0.000000, 1.950000, -2.963299
0.050000, 1.950000, -3.408990
0.100000, 1.950000, -3.595710
0.150000, 1.950000, -3.349555
0.200000, 1.950000, -2.697852
0.250000, 1.950000, -1.866534
0.300000, 1.950000, -1.198594
0.350000, 1.950000, -1.024289
0.400000, 1.950000, -1.532471
0.450000, 1.950000, -2.692364
0.500000, 1.950000, -4.256124
0.550000, 1.950000, -5.841953
0.600000, 1.950000, -7.066975
0.650000, 1.950000, -7.680206
0.700000, 1.950000, -7.645937
0.750000, 1.950000, -7.146706
0.800000, 1.950000, -6.505604
0.850000, 1.950000, -6.058204
0.900000, 1.950000, -6.023367
0.950000, 1.950000, -6.422260
1.000000, 1.950000, -7.076201
1.050000, 1.950000, -7.683524
1.100000, 1.950000, -7.945267
1.150000, 1.950000, -7.690659
1.200000, 1.950000, -6.953414
1.250000, 1.950000, -5.968683
1.300000, 1.950000, -5.090923
1.350000, 1.950000, -4.663403
1.400000, 1.950000, -4.888799
1.450000, 1.950000, -5.750223
1.500000, 1.950000, -7.013105
1.550000, 1.950000, -8.307730
1.600000, 1.950000, -9.261690
1.650000, 1.950000, -9.632597
1.700000, 1.950000, -9.391375
1.750000, 1.950000, -8.725315
1.800000, 1.950000, -7.960601
1.850000, 1.950000, -7.434564
1.900000, 1.950000, -7.366868
1.950000, 1.950000, -7.778921
2.000000, 1.950000, -8.492068
0.000000, 2.000000, -3.122587
0.050000, 2.000000, -3.592221
0.100000, 2.000000, -3.805511
0.150000, 2.000000, -3.590292
0.200000, 2.000000, -2.974757
0.250000, 2.000000, -2.184550
0.300000, 2.000000, -1.561106
0.350000, 2.000000, -1.431921
0.400000, 2.000000, -1.982131
0.450000, 2.000000, -3.176700
0.500000, 2.000000, -4.763490
0.550000, 2.000000, -6.356942
0.600000, 2.000000, -7.571495
0.650000, 2.000000, -8.155011
0.700000, 2.000000, -8.072455
0.750000, 2.000000, -7.508963
0.800000, 2.000000, -6.792030
0.850000, 2.000000, -6.263092
0.900000, 2.000000, -6.147793
0.950000, 2.000000, -6.474325
1.000000, 2.000000, -7.070524
1.050000, 2.000000, -7.640002
1.100000, 2.000000, -7.887191
1.150000, 2.000000, -7.642374
1.200000, 2.000000, -6.937752
1.250000, 2.000000, -6.004444
1.300000, 2.000000, -5.190690
1.350000, 2.000000, -4.831949
1.400000, 2.000000, -5.122293
1.450000, 2.000000, -6.036364
1.500000, 2.000000, -7.332212
1.550000, 2.000000, -8.634722
1.600000, 2.000000, -9.568777
1.650000, 2.000000, -9.892428
1.700000, 2.000000, -9.580316
1.750000, 2.000000, -8.826513
1.800000, 2.000000, -7.966479
1.850000, 2.000000, -7.348455
1.900000, 2.000000, -7.203557
1.950000, 2.000000, -7.563989
2.000000, 2.000000, -8.260032
