0.000000, 0.000000, -0.426828
0.050000, 0.000000, -0.355649
0.100000, 0.000000, -0.251250
0.150000, 0.000000, -0.145458
0.200000, 0.000000, -0.047411
0.250000, 0.000000, 0.056942
0.300000, 0.000000, 0.195528
0.350000, 0.000000, 0.394795
0.400000, 0.000000, 0.664437
0.450000, 0.000000, 0.988319
0.500000, 0.000000, 1.325371
0.550000, 0.000000, 1.620391
0.600000, 0.000000, 1.820915
0.650000, 0.000000, 1.893923
0.700000, 0.000000, 1.836207
0.750000, 0.000000, 1.674544
0.800000, 0.000000, 1.455679
0.850000, 0.000000, 1.229933
0.900000, 0.000000, 1.034604
0.950000, 0.000000, 0.883369
1.000000, 0.000000, 0.765531
1.050000, 0.000000, 0.655147
1.100000, 0.000000, 0.526270
1.150000, 0.000000, 0.368206
1.200000, 0.000000, 0.194630
1.250000, 0.000000, 0.042842
1.300000, 0.000000, -0.036839
1.350000, 0.000000, 0.002334
1.400000, 0.000000, 0.187136
1.450000, 0.000000, 0.514360
1.500000, 0.000000, 0.950986
1.550000, 0.000000, 1.444550
1.600000, 0.000000, 1.939850
1.650000, 0.000000, 2.395815
1.700000, 0.000000, 2.796312
1.750000, 0.000000, 3.151034
1.800000, 0.000000, 3.486428
1.850000, 0.000000, 3.830422
1.900000, 0.000000, 4.197068
1.950000, 0.000000, 4.577225
2.000000, 0.000000, 4.939069
0.000000, 0.050000, -0.505161
0.050000, 0.050000, -0.351778
0.100000, 0.050000, -0.170879
0.150000, 0.050000, 0.002257
0.200000, 0.050000, 0.155540
0.250000, 0.050000, 0.300739
0.300000, 0.050000, 0.464294
0.350000, 0.050000, 0.672039
0.400000, 0.050000, 0.933961
0.450000, 0.050000, 1.235112
0.500000, 0.050000, 1.536432
0.550000, 0.050000, 1.785449
0.600000, 0.050000, 1.932983
0.650000, 0.050000, 1.949687
0.700000, 0.050000, 1.836197
0.750000, 0.050000, 1.623102
0.800000, 0.050000, 1.360711
0.850000, 0.050000, 1.102466
0.900000, 0.050000, 0.888166
0.950000, 0.050000, 0.733238
1.000000, 0.050000, 0.627879
1.050000, 0.050000, 0.546137
1.100000, 0.050000, 0.461156
1.150000, 0.050000, 0.360475
1.200000, 0.050000, 0.255255
1.250000, 0.050000, 0.179655
1.300000, 0.050000, 0.180416
1.350000, 0.050000, 0.300457
1.400000, 0.050000, 0.562692
1.450000, 0.050000, 0.960227
1.500000, 0.050000, 1.456740
1.550000, 0.050000, 1.997023
1.600000, 0.050000, 2.523848
1.650000, 0.050000, 2.994943
1.700000, 0.050000, 3.393865
1.750000, 0.050000, 3.730903
1.800000, 0.050000, 4.033981
1.850000, 0.050000, 4.333293
1.900000, 0.050000, 4.645825
1.950000, 0.050000, 4.965878
2.000000, 0.050000, 5.265380
0.000000, 0.100000, -0.509981
0.050000, 0.100000, -0.280098
0.100000, 0.100000, -0.031901
0.150000, 0.100000, 0.196327
0.200000, 0.100000, 0.390161
0.250000, 0.100000, 0.559829
0.300000, 0.100000, 0.731103
0.350000, 0.100000, 0.930060
0.400000, 0.100000, 1.167824
0.450000, 0.100000, 1.431407
0.500000, 0.100000, 1.684428
0.550000, 0.100000, 1.877655
0.600000, 0.100000, 1.965532
0.650000, 0.100000, 1.922513
0.700000, 0.100000, 1.753004
0.750000, 0.100000, 1.491116
0.800000, 0.100000, 1.190242
0.850000, 0.100000, 0.906287
0.900000, 0.100000, 0.680766
0.950000, 0.100000, 0.529965
1.000000, 0.100000, 0.444045
1.050000, 0.100000, 0.396115
1.100000, 0.100000, 0.357531
1.150000, 0.100000, 0.313290
1.200000, 0.100000, 0.271396
1.250000, 0.100000, 0.262413
1.300000, 0.100000, 0.329239
1.350000, 0.100000, 0.510920
1.400000, 0.100000, 0.826676
1.450000, 0.100000, 1.266305
1.500000, 0.100000, 1.790739
1.550000, 0.100000, 2.342745
1.600000, 0.100000, 2.863897
1.650000, 0.100000, 3.311621
1.700000, 0.100000, 3.670079
1.750000, 0.100000, 3.951051
1.800000, 0.100000, 4.184742
1.850000, 0.100000, 4.404300
1.900000, 0.100000, 4.630174
1.950000, 0.100000, 4.860443
2.000000, 0.100000, 5.070929
0.000000, 0.150000, -0.447024
0.050000, 0.150000, -0.149798
0.100000, 0.150000, 0.153492
0.150000, 0.150000, 0.422119
0.200000, 0.150000, 0.640012
0.250000, 0.150000, 0.816630
0.300000, 0.150000, 0.977887
0.350000, 0.150000, 1.150902
0.400000, 0.150000, 1.348669
0.450000, 0.150000, 1.560794
0.500000, 0.150000, 1.754059
0.550000, 0.150000, 1.882784
0.600000, 0.150000, 1.905155
0.650000, 0.150000, 1.799338
0.700000, 0.150000, 1.573220
0.750000, 0.150000, 1.263956
0.800000, 0.150000, 0.927382
0.850000, 0.150000, 0.621100
0.900000, 0.150000, 0.387484
0.950000, 0.150000, 0.242791
1.000000, 0.150000, 0.176260
1.050000, 0.150000, 0.159242
1.100000, 0.150000, 0.160594
1.150000, 0.150000, 0.162210
1.200000, 0.150000, 0.168560
1.250000, 0.150000, 0.206443
1.300000, 0.150000, 0.314969
1.350000, 0.150000, 0.529589
1.400000, 0.150000, 0.866322
1.450000, 0.150000, 1.312335
1.500000, 0.150000, 1.826663
1.550000, 0.150000, 2.351010
1.600000, 0.150000, 2.826790
1.650000, 0.150000, 3.212186
1.700000, 0.150000, 3.493006
1.750000, 0.150000, 3.683476
1.800000, 0.150000, 3.816921
1.850000, 0.150000, 3.930124
1.900000, 0.150000, 4.047488
1.950000, 0.150000, 4.171161
2.000000, 0.150000, 4.280927
0.000000, 0.200000, -0.325494
0.050000, 0.200000, 0.026968
0.100000, 0.200000, 0.370809
0.150000, 0.200000, 0.663495
0.200000, 0.200000, 0.888031
0.250000, 0.200000, 1.053868
0.300000, 0.200000, 1.187825
0.350000, 0.200000, 1.318765
0.400000, 0.200000, 1.462164
0.450000, 0.200000, 1.610700
0.500000, 0.200000, 1.734630
0.550000, 0.200000, 1.791961
0.600000, 0.200000, 1.744562
0.650000, 0.200000, 1.574071
0.700000, 0.200000, 1.291434
0.750000, 0.200000, 0.936293
0.800000, 0.200000, 0.566246
0.850000, 0.200000, 0.239847
0.900000, 0.200000, -0.000444
0.950000, 0.200000, -0.139148
1.000000, 0.200000, -0.188620
1.050000, 0.200000, -0.179822
1.100000, 0.200000, -0.146795
1.150000, 0.200000, -0.110951
1.200000, 0.200000, -0.071344
1.250000, 0.200000, -0.004707
1.300000, 0.200000, 0.124739
1.350000, 0.200000, 0.349516
1.400000, 0.200000, 0.683297
1.450000, 0.200000, 1.111631
1.500000, 0.200000, 1.592768
1.550000, 0.200000, 2.068526
1.600000, 0.200000, 2.481345
1.650000, 0.200000, 2.791307
1.700000, 0.200000, 2.986904
1.750000, 0.200000, 3.085703
1.800000, 0.200000, 3.124861
1.850000, 0.200000, 3.145289
1.900000, 0.200000, 3.175600
1.950000, 0.200000, 3.222019
2.000000, 0.200000, 3.268062
0.000000, 0.250000, -0.157561
0.050000, 0.250000, 0.235748
0.100000, 0.250000, 0.604057
0.150000, 0.250000, 0.903693
0.200000, 0.250000, 1.117448
0.250000, 0.250000, 1.255487
0.300000, 0.250000, 1.346204
0.350000, 0.250000, 1.420801
0.400000, 0.250000, 1.497715
0.450000, 0.250000, 1.573025
0.500000, 0.250000, 1.620640
0.550000, 0.250000, 1.602256
0.600000, 0.250000, 1.483263
0.650000, 0.250000, 1.248455
0.700000, 0.250000, 0.911402
0.750000, 0.250000, 0.513689
0.800000, 0.250000, 0.114090
0.850000, 0.250000, -0.228496
0.900000, 0.250000, -0.472094
0.950000, 0.250000, -0.602499
1.000000, 0.250000, -0.634032
1.050000, 0.250000, -0.600192
1.100000, 0.250000, -0.537957
1.150000, 0.250000, -0.471892
1.200000, 0.250000, -0.404217
1.250000, 0.250000, -0.314645
1.300000, 0.250000, -0.169995
1.350000, 0.250000, 0.060208
1.400000, 0.250000, 0.388275
1.450000, 0.250000, 0.799188
1.500000, 0.250000, 1.251472
1.550000, 0.250000, 1.688073
1.600000, 0.250000, 2.053366
1.650000, 0.250000, 2.310083
1.700000, 0.250000, 2.449951
1.750000, 0.250000, 2.494186
1.800000, 0.250000, 2.483811
1.850000, 0.250000, 2.463608
1.900000, 0.250000, 2.465851
1.950000, 0.250000, 2.500006
2.000000, 0.250000, 2.552219
0.000000, 0.300000, 0.042311
0.050000, 0.300000, 0.460589
0.100000, 0.300000, 0.836617
0.150000, 0.300000, 1.126236
0.200000, 0.300000, 1.312691
0.250000, 0.300000, 1.407489
0.300000, 0.300000, 1.441170
0.350000, 0.300000, 1.447749
0.400000, 0.300000, 1.448971
0.450000, 0.300000, 1.444537
0.500000, 0.300000, 1.412083
0.550000, 0.300000, 1.316929
0.600000, 0.300000, 1.127792
0.650000, 0.300000, 0.832328
0.700000, 0.300000, 0.446346
0.750000, 0.300000, 0.012957
0.800000, 0.300000, -0.408329
0.850000, 0.300000, -0.758671
0.900000, 0.300000, -0.996924
0.950000, 0.300000, -1.110399
1.000000, 0.300000, -1.115517
1.050000, 0.300000, -1.048298
1.100000, 0.300000, -0.948499
1.150000, 0.300000, -0.843534
1.200000, 0.300000, -0.738356
1.250000, 0.300000, -0.615113
1.300000, 0.300000, -0.442607
1.350000, 0.300000, -0.191765
1.400000, 0.300000, 0.149003
1.450000, 0.300000, 0.564680
1.500000, 0.300000, 1.014525
1.550000, 0.300000, 1.442902
1.600000, 0.300000, 1.796204
1.650000, 0.300000, 2.039657
1.700000, 0.300000, 2.167795
1.750000, 0.300000, 2.204769
1.800000, 0.300000, 2.194477
1.850000, 0.300000, 2.184309
1.900000, 0.300000, 2.208699
1.950000, 0.300000, 2.278650
2.000000, 0.300000, 2.381093
0.000000, 0.350000, 0.258158
0.050000, 0.350000, 0.684913
0.100000, 0.350000, 1.052154
0.150000, 0.350000, 1.315831
0.200000, 0.350000, 1.460211
0.250000, 0.350000, 1.498667
0.300000, 0.350000, 1.464328
0.350000, 0.350000, 1.394376
0.400000, 0.350000, 1.314116
0.450000, 0.350000, 1.227009
0.500000, 0.350000, 1.114445
0.550000, 0.350000, 0.945298
0.600000, 0.350000, 0.691457
0.650000, 0.350000, 0.343208
0.700000, 0.350000, -0.081663
0.750000, 0.350000, -0.538816
0.800000, 0.350000, -0.968288
0.850000, 0.350000, -1.311559
0.900000, 0.350000, -1.528527
0.950000, 0.350000, -1.608182
1.000000, 0.350000, -1.569129
1.050000, 0.350000, -1.449942
1.100000, 0.350000, -1.293127
1.150000, 0.350000, -1.128878
1.200000, 0.350000, -0.964793
1.250000, 0.350000, -0.785380
1.300000, 0.350000, -0.561386
1.350000, 0.350000, -0.265175
1.400000, 0.350000, 0.113977
1.450000, 0.350000, 0.560775
1.500000, 0.350000, 1.034772
1.550000, 0.350000, 1.481137
1.600000, 0.350000, 1.847490
1.650000, 0.350000, 2.100579
1.700000, 0.350000, 2.236616
1.750000, 0.350000, 2.281434
1.800000, 0.350000, 2.280463
1.850000, 0.350000, 2.282328
1.900000, 0.350000, 2.322273
1.950000, 0.350000, 2.411597
2.000000, 0.350000, 2.536935
0.000000, 0.400000, 0.473397
0.050000, 0.400000, 0.892432
0.100000, 0.400000, 1.235514
0.150000, 0.400000, 1.459194
0.200000, 0.400000, 1.549207
0.250000, 0.400000, 1.521177
0.300000, 0.400000, 1.411147
0.350000, 0.400000, 1.259713
0.400000, 0.400000, 1.095918
0.450000, 0.400000, 0.927087
0.500000, 0.400000, 0.738396
0.550000, 0.400000, 0.502244
0.600000, 0.400000, 0.193601
0.650000, 0.400000, -0.194752
0.700000, 0.400000, -0.643239
0.750000, 0.400000, -1.106508
0.800000, 0.400000, -1.524395
0.850000, 0.400000, -1.838983
0.900000, 0.400000, -2.011523
0.950000, 0.400000, -2.033026
1.000000, 0.400000, -1.924669
1.050000, 0.400000, -1.727999
1.100000, 0.400000, -1.488749
1.150000, 0.400000, -1.240428
1.200000, 0.400000, -0.993874
1.250000, 0.400000, -0.736619
1.300000, 0.400000, -0.442084
1.350000, 0.400000, -0.084859
1.400000, 0.400000, 0.344078
1.450000, 0.400000, 0.828293
1.500000, 0.400000, 1.326769
1.550000, 0.400000, 1.784647
1.600000, 0.400000, 2.150013
1.650000, 0.400000, 2.390489
1.700000, 0.400000, 2.503488
1.750000, 0.400000, 2.516254
1.800000, 0.400000, 2.475740
1.850000, 0.400000, 2.432102
1.900000, 0.400000, 2.422037
1.950000, 0.400000, 2.458139
2.000000, 0.400000, 2.528140
0.000000, 0.450000, 0.671734
0.050000, 0.450000, 1.068038
0.100000, 0.450000, 1.373552
0.150000, 0.450000, 1.545774
0.200000, 0.450000, 1.572197
0.250000, 0.450000, 1.470942
0.300000, 0.450000, 1.281168
0.350000, 0.450000, 1.047060
0.400000, 0.450000, 0.801541
0.450000, 0.450000, 0.555906
0.500000, 0.450000, 0.299198
0.550000, 0.450000, 0.007365
0.600000, 0.450000, -0.341564
0.650000, 0.450000, -0.752414
0.700000, 0.450000, -1.204007
0.750000, 0.450000, -1.650270
0.800000, 0.450000, -2.031256
0.850000, 0.450000, -2.290200
0.900000, 0.450000, -2.390404
0.950000, 0.450000, -2.325736
1.000000, 0.450000, -2.120911
1.050000, 0.450000, -1.821544
1.100000, 0.450000, -1.477774
1.150000, 0.450000, -1.127657
1.200000, 0.450000, -0.786517
1.250000, 0.450000, -0.446100
1.300000, 0.450000, -0.083588
1.350000, 0.450000, 0.323294
1.400000, 0.450000, 0.781193
1.450000, 0.450000, 1.272168
1.500000, 0.450000, 1.754621
1.550000, 0.450000, 2.174065
1.600000, 0.450000, 2.479882
1.650000, 0.450000, 2.641866
1.700000, 0.450000, 2.660368
1.750000, 0.450000, 2.566216
1.800000, 0.450000, 2.410436
1.850000, 0.450000, 2.247574
1.900000, 0.450000, 2.118857
1.950000, 0.450000, 2.041359
2.000000, 0.450000, 2.007073
0.000000, 0.500000, 0.838063
0.050000, 0.500000, 1.198637
0.100000, 0.500000, 1.455852
0.150000, 0.500000, 1.568318
0.200000, 0.500000, 1.525406
0.250000, 0.500000, 1.347835
0.300000, 0.500000, 1.077992
0.350000, 0.500000, 0.763775
0.400000, 0.500000, 0.442129
0.450000, 0.500000, 0.128476
0.500000, 0.500000, -0.184148
0.550000, 0.500000, -0.516160
0.600000, 0.500000, -0.886499
0.650000, 0.500000, -1.297757
0.700000, 0.500000, -1.727503
0.750000, 0.500000, -2.129524
0.800000, 0.500000, -2.444911
0.850000, 0.500000, -2.619132
0.900000, 0.500000, -2.618857
0.950000, 0.500000, -2.442337
1.000000, 0.500000, -2.119503
1.050000, 0.500000, -1.701771
1.100000, 0.500000, -1.245390
1.150000, 0.500000, -0.794520
1.200000, 0.500000, -0.370254
1.250000, 0.500000, 0.030550
1.300000, 0.500000, 0.426554
1.350000, 0.500000, 0.837096
1.400000, 0.500000, 1.267311
1.450000, 0.500000, 1.699308
1.500000, 0.500000, 2.093157
1.550000, 0.500000, 2.397635
1.600000, 0.500000, 2.566872
1.650000, 0.500000, 2.576692
1.700000, 0.500000, 2.434495
1.750000, 0.500000, 2.178843
1.800000, 0.500000, 1.868793
1.850000, 0.500000, 1.566818
1.900000, 0.500000, 1.321545
1.950000, 0.500000, 1.156529
2.000000, 0.500000, 1.068950
0.000000, 0.550000, 0.959295
0.050000, 0.550000, 1.273865
0.100000, 0.550000, 1.475290
0.150000, 0.550000, 1.523254
0.200000, 0.550000, 1.408949
0.250000, 0.550000, 1.155663
0.300000, 0.550000, 0.809050
0.350000, 0.550000, 0.420839
0.400000, 0.550000, 0.032189
0.450000, 0.550000, -0.337145
0.500000, 0.550000, -0.689948
0.550000, 0.550000, -1.042938
0.600000, 0.550000, -1.412133
0.650000, 0.550000, -1.798281
0.700000, 0.550000, -2.178410
0.750000, 0.550000, -2.507241
0.800000, 0.550000, -2.728351
0.850000, 0.550000, -2.791218
0.900000, 0.550000, -2.667911
0.950000, 0.550000, -2.363234
1.000000, 0.550000, -1.914478
1.050000, 0.550000, -1.380819
1.100000, 0.550000, -0.826180
1.150000, 0.550000, -0.301817
1.200000, 0.550000, 0.165162
1.250000, 0.550000, 0.573414
1.300000, 0.550000, 0.939033
1.350000, 0.550000, 1.280984
1.400000, 0.550000, 1.606372
1.450000, 0.550000, 1.901624
1.500000, 0.550000, 2.133335
1.550000, 0.550000, 2.258704
1.600000, 0.550000, 2.241750
1.650000, 0.550000, 2.069103
1.700000, 0.550000, 1.759236
1.750000, 0.550000, 1.361374
1.800000, 0.550000, 0.944135
1.850000, 0.550000, 0.577803
1.900000, 0.550000, 0.316495
1.950000, 0.550000, 0.186501
2.000000, 0.550000, 0.184697
0.000000, 0.600000, 1.025075
0.050000, 0.600000, 1.286655
0.100000, 0.600000, 1.428423
0.150000, 0.600000, 1.410881
0.200000, 0.600000, 1.226805
0.250000, 0.600000, 0.901926
0.300000, 0.600000, 0.485169
0.350000, 0.600000, 0.032254
0.400000, 0.600000, -0.411198
0.450000, 0.600000, -0.820819
0.500000, 0.600000, -1.195031
0.550000, 0.600000, -1.546878
0.600000, 0.600000, -1.889817
0.650000, 0.600000, -2.223533
0.700000, 0.600000, -2.525786
0.750000, 0.600000, -2.753980
0.800000, 0.600000, -2.856350
0.850000, 0.600000, -2.788844
0.900000, 0.600000, -2.531494
0.950000, 0.600000, -2.098073
1.000000, 0.600000, -1.535249
1.050000, 0.600000, -0.911281
1.100000, 0.600000, -0.298172
1.150000, 0.600000, 0.246456
1.200000, 0.600000, 0.691443
1.250000, 0.600000, 1.034188
1.300000, 0.600000, 1.292598
1.350000, 0.600000, 1.490584
1.400000, 0.600000, 1.643149
1.450000, 0.600000, 1.747154
1.500000, 0.600000, 1.781518
1.550000, 0.600000, 1.716849
1.600000, 0.600000, 1.530702
1.650000, 0.600000, 1.222379
1.700000, 0.600000, 0.821183
1.750000, 0.600000, 0.384433
1.800000, 0.600000, -0.014607
1.850000, 0.600000, -0.304943
1.900000, 0.600000, -0.435895
1.950000, 0.600000, -0.388658
2.000000, 0.600000, -0.177493
0.000000, 0.650000, 1.028348
0.050000, 0.650000, 1.233623
0.100000, 0.650000, 1.315668
0.150000, 0.650000, 1.235329
0.200000, 0.650000, 0.986578
0.250000, 0.650000, 0.597382
0.300000, 0.650000, 0.119969
0.350000, 0.650000, -0.385730
0.400000, 0.650000, -0.869287
0.450000, 0.650000, -1.301404
0.500000, 0.650000, -1.676025
0.550000, 0.650000, -2.002760
0.600000, 0.650000, -2.293269
0.650000, 0.650000, -2.547530
0.700000, 0.650000, -2.745996
0.750000, 0.650000, -2.851242
0.800000, 0.650000, -2.818973
0.850000, 0.650000, -2.614485
0.900000, 0.650000, -2.228369
0.950000, 0.650000, -1.685319
1.000000, 0.650000, -1.042326
1.050000, 0.650000, -0.376386
1.100000, 0.650000, 0.234271
1.150000, 0.650000, 0.729054
1.200000, 0.650000, 1.077604
1.250000, 0.650000, 1.282072
1.300000, 0.650000, 1.368920
1.350000, 0.650000, 1.373891
1.400000, 0.650000, 1.326259
1.450000, 0.650000, 1.238475
1.500000, 0.650000, 1.105088
1.550000, 0.650000, 0.911012
1.600000, 0.650000, 0.645490
1.650000, 0.650000, 0.315770
1.700000, 0.650000, -0.045483
1.750000, 0.650000, -0.382624
1.800000, 0.650000, -0.629139
1.850000, 0.650000, -0.725437
1.900000, 0.650000, -0.636049
1.950000, 0.650000, -0.359988
2.000000, 0.650000, 0.069543
0.000000, 0.700000, 0.965747
0.050000, 0.700000, 1.115248
0.100000, 0.700000, 1.141274
0.150000, 0.700000, 1.004325
0.200000, 0.700000, 0.699057
0.250000, 0.700000, 0.255444
0.300000, 0.700000, -0.270898
0.350000, 0.700000, -0.815486
0.400000, 0.700000, -1.322659
0.450000, 0.700000, -1.757882
0.500000, 0.700000, -2.110656
0.550000, 0.700000, -2.387775
0.600000, 0.700000, -2.600406
0.650000, 0.700000, -2.750881
0.700000, 0.700000, -2.825040
0.750000, 0.700000, -2.793726
0.800000, 0.700000, -2.623265
0.850000, 0.700000, -2.291044
0.900000, 0.700000, -1.800079
0.950000, 0.700000, -1.186532
1.000000, 0.700000, -0.516597
1.050000, 0.700000, 0.126954
1.100000, 0.700000, 0.664421
1.150000, 0.700000, 1.038531
1.200000, 0.700000, 1.227019
1.250000, 0.700000, 1.244399
1.300000, 0.700000, 1.132751
1.350000, 0.700000, 0.945292
1.400000, 0.700000, 0.728951
1.450000, 0.700000, 0.512242
1.500000, 0.700000, 0.302491
1.550000, 0.700000, 0.092687
1.600000, 0.700000, -0.125532
1.650000, 0.700000, -0.348634
1.700000, 0.700000, -0.553580
1.750000, 0.700000, -0.699439
1.800000, 0.700000, -0.738122
1.850000, 0.700000, -0.630371
1.900000, 0.700000, -0.360904
1.950000, 0.700000, 0.053311
2.000000, 0.700000, 0.565245
0.000000, 0.750000, 0.837772
0.050000, 0.750000, 0.935841
0.100000, 0.750000, 0.913075
0.150000, 0.750000, 0.728750
0.200000, 0.750000, 0.377604
0.250000, 0.750000, -0.108580
0.300000, 0.750000, -0.670598
0.350000, 0.750000, -1.238951
0.400000, 0.750000, -1.752240
0.450000, 0.750000, -2.170456
0.500000, 0.750000, -2.478989
0.550000, 0.750000, -2.682918
0.600000, 0.750000, -2.794912
0.650000, 0.750000, -2.822439
0.700000, 0.750000, -2.760038
0.750000, 0.750000, -2.590225
0.800000, 0.750000, -2.292868
0.850000, 0.750000, -1.859298
0.900000, 0.750000, -1.305187
0.950000, 0.750000, -0.676383
1.000000, 0.750000, -0.044344
1.050000, 0.750000, 0.508321
1.100000, 0.750000, 0.907906
1.150000, 0.750000, 1.108660
1.200000, 0.750000, 1.104371
1.250000, 0.750000, 0.928507
1.300000, 0.750000, 0.642936
1.350000, 0.750000, 0.319227
1.400000, 0.750000, 0.019012
1.450000, 0.750000, -0.219999
1.500000, 0.750000, -0.388052
1.550000, 0.750000, -0.496979
1.600000, 0.750000, -0.566828
1.650000, 0.750000, -0.611383
1.700000, 0.750000, -0.628584
1.750000, 0.750000, -0.599678
1.800000, 0.750000, -0.497269
1.850000, 0.750000, -0.298741
1.900000, 0.750000, 0.000714
1.950000, 0.750000, 0.381228
2.000000, 0.750000, 0.800924
0.000000, 0.800000, 0.648758
0.050000, 0.800000, 0.703301
0.100000, 0.800000, 0.642051
0.150000, 0.800000, 0.422026
0.200000, 0.800000, 0.037407
0.250000, 0.800000, -0.478329
0.300000, 0.800000, -1.062034
0.350000, 0.800000, -1.638573
0.400000, 0.800000, -2.140277
0.450000, 0.800000, -2.521592
0.500000, 0.800000, -2.764525
0.550000, 0.800000, -2.874178
0.600000, 0.800000, -2.867432
0.650000, 0.800000, -2.760319
0.700000, 0.800000, -2.559727
0.750000, 0.800000, -2.263018
0.800000, 0.800000, -1.865581
0.850000, 0.800000, -1.372792
0.900000, 0.800000, -0.810739
0.950000, 0.800000, -0.230248
1.000000, 0.800000, 0.298858
1.050000, 0.800000, 0.702525
1.100000, 0.800000, 0.921861
1.150000, 0.800000, 0.930587
1.200000, 0.800000, 0.744261
1.250000, 0.800000, 0.417609
1.300000, 0.800000, 0.030363
1.350000, 0.800000, -0.333985
1.400000, 0.800000, -0.609638
1.450000, 0.800000, -0.763261
1.500000, 0.800000, -0.797641
1.550000, 0.800000, -0.743758
1.600000, 0.800000, -0.644873
1.650000, 0.800000, -0.538844
1.700000, 0.800000, -0.445116
1.750000, 0.800000, -0.360726
1.800000, 0.800000, -0.265925
1.850000, 0.800000, -0.136294
1.900000, 0.800000, 0.044197
1.950000, 0.800000, 0.274901
2.000000, 0.800000, 0.538532
0.000000, 0.850000, 0.406632
0.050000, 0.850000, 0.428676
0.100000, 0.850000, 0.341716
0.150000, 0.850000, 0.099364
0.200000, 0.850000, -0.305372
0.250000, 0.850000, -0.837295
0.300000, 0.850000, -1.428756
0.350000, 0.850000, -1.998224
0.400000, 0.850000, -2.471244
0.450000, 0.850000, -2.796916
0.500000, 0.850000, -2.955126
0.550000, 0.850000, -2.953424
0.600000, 0.850000, -2.816306
0.650000, 0.850000, -2.572212
0.700000, 0.850000, -2.243886
0.750000, 0.850000, -1.845828
0.800000, 0.850000, -1.389172
0.850000, 0.850000, -0.890922
0.900000, 0.850000, -0.382376
0.950000, 0.850000, 0.088290
1.000000, 0.850000, 0.462013
1.050000, 0.850000, 0.682564
1.100000, 0.850000, 0.713658
1.150000, 0.850000, 0.553213
1.200000, 0.850000, 0.238940
1.250000, 0.850000, -0.157832
1.300000, 0.850000, -0.549085
1.350000, 0.850000, -0.852924
1.400000, 0.850000, -1.015051
1.450000, 0.850000, -1.021962
1.500000, 0.850000, -0.901607
1.550000, 0.850000, -0.711486
1.600000, 0.850000, -0.518400
1.650000, 0.850000, -0.376754
1.700000, 0.850000, -0.312560
1.750000, 0.850000, -0.317989
1.800000, 0.850000, -0.357406
1.850000, 0.850000, -0.381755
1.900000, 0.850000, -0.345456
1.950000, 0.850000, -0.219524
2.000000, 0.850000, 0.003374
0.000000, 0.900000, 0.122471
0.050000, 0.900000, 0.125545
0.100000, 0.900000, 0.027363
0.150000, 0.900000, -0.223083
0.200000, 0.900000, -0.634494
0.250000, 0.900000, -1.169725
0.300000, 0.900000, -1.755840
0.350000, 0.900000, -2.304023
0.400000, 0.900000, -2.732615
0.450000, 0.900000, -2.985952
0.500000, 0.900000, -3.043682
0.550000, 0.900000, -2.918949
0.600000, 0.900000, -2.647787
0.650000, 0.900000, -2.274926
0.700000, 0.900000, -1.841752
0.750000, 0.900000, -1.380548
0.800000, 0.900000, -0.915951
0.850000, 0.900000, -0.471207
0.900000, 0.900000, -0.074718
0.950000, 0.900000, 0.237711
1.000000, 0.900000, 0.427466
1.050000, 0.900000, 0.463845
1.100000, 0.900000, 0.337041
1.150000, 0.900000, 0.067841
1.200000, 0.900000, -0.290938
1.250000, 0.900000, -0.663573
1.300000, 0.900000, -0.969512
1.350000, 0.900000, -1.145188
1.400000, 0.900000, -1.162469
1.450000, 0.900000, -1.037243
1.500000, 0.900000, -0.824674
1.550000, 0.900000, -0.602067
1.600000, 0.900000, -0.444552
1.650000, 0.900000, -0.401287
1.700000, 0.900000, -0.479821
1.750000, 0.900000, -0.643517
1.800000, 0.900000, -0.822553
1.850000, 0.900000, -0.934563
1.900000, 0.900000, -0.907966
1.950000, 0.900000, -0.700546
2.000000, 0.900000, -0.307913
0.000000, 0.950000, -0.190112
0.050000, 0.950000, -0.190731
0.100000, 0.950000, -0.284785
0.150000, 0.950000, -0.529124
0.200000, 0.950000, -0.934546
0.250000, 0.950000, -1.461477
0.300000, 0.950000, -2.030663
0.350000, 0.950000, -2.545026
0.400000, 0.950000, -2.915467
0.450000, 0.950000, -3.082631
0.500000, 0.950000, -3.028510
0.550000, 0.950000, -2.775619
0.600000, 0.950000, -2.375714
0.650000, 0.950000, -1.893225
0.700000, 0.950000, -1.389552
0.750000, 0.950000, -0.913091
0.800000, 0.950000, -0.496807
0.850000, 0.950000, -0.161889
0.900000, 0.950000, 0.076363
0.950000, 0.950000, 0.204689
1.000000, 0.950000, 0.212768
1.050000, 0.950000, 0.098786
1.100000, 0.950000, -0.123194
1.150000, 0.950000, -0.418466
1.200000, 0.950000, -0.733411
1.250000, 0.950000, -1.005262
1.300000, 0.950000, -1.178004
1.350000, 0.950000, -1.219523
1.400000, 0.950000, -1.133713
1.450000, 0.950000, -0.962295
1.500000, 0.950000, -0.774261
1.550000, 0.950000, -0.645161
1.600000, 0.950000, -0.632273
1.650000, 0.950000, -0.753669
1.700000, 0.950000, -0.978373
1.750000, 0.950000, -1.231494
1.800000, 0.950000, -1.413358
1.850000, 0.950000, -1.427063
1.900000, 0.950000, -1.206030
1.950000, 0.950000, -0.733091
2.000000, 0.950000, -0.045459
0.000000, 1.000000, -0.515723
0.050000, 1.000000, -0.503863
0.100000, 1.000000, -0.578478
0.150000, 1.000000, -0.803428
0.200000, 1.000000, -1.191791
0.250000, 1.000000, -1.700783
0.300000, 1.000000, -2.243554
0.350000, 1.000000, -2.713746
0.400000, 1.000000, -3.014883
0.450000, 1.000000, -3.085579
0.500000, 1.000000, -2.913449
0.550000, 1.000000, -2.534637
0.600000, 1.000000, -2.020663
0.650000, 1.000000, -1.458005
0.700000, 1.000000, -0.927390
0.750000, 1.000000, -0.488825
0.800000, 1.000000, -0.175474
0.850000, 1.000000, 0.004061
0.900000, 1.000000, 0.058345
0.950000, 1.000000, 0.004995
1.000000, 1.000000, -0.134652
1.050000, 1.000000, -0.336827
1.100000, 1.000000, -0.573894
1.150000, 1.000000, -0.813127
1.200000, 1.000000, -1.018632
1.250000, 1.000000, -1.157681
1.300000, 1.000000, -1.210172
1.350000, 1.000000, -1.177602
1.400000, 1.000000, -1.087102
1.450000, 1.000000, -0.987130
1.500000, 1.000000, -0.934283
1.550000, 1.000000, -0.974244
1.600000, 1.000000, -1.122790
1.650000, 1.000000, -1.353758
1.700000, 1.000000, -1.599346
1.750000, 1.000000, -1.764368
1.800000, 1.000000, -1.751397
1.850000, 1.000000, -1.489660
1.900000, 1.000000, -0.958707
1.950000, 1.000000, -0.198971
2.000000, 1.000000, 0.694819
0.000000, 1.050000, -0.838038
0.050000, 1.050000, -0.797536
0.100000, 1.050000, -0.838339
0.150000, 1.050000, -1.032376
0.200000, 1.050000, -1.394924
0.250000, 1.050000, -1.878874
0.300000, 1.050000, -2.388266
0.350000, 1.050000, -2.806490
0.400000, 1.050000, -3.030143
0.450000, 1.050000, -2.998143
0.500000, 1.050000, -2.707648
0.550000, 1.050000, -2.212908
0.600000, 1.050000, -1.608626
0.650000, 1.050000, -1.003996
0.700000, 1.050000, -0.495770
0.750000, 1.050000, -0.148091
0.800000, 1.050000, 0.016263
0.850000, 1.050000, 0.012681
0.900000, 1.050000, -0.117206
0.950000, 1.050000, -0.320917
1.000000, 1.050000, -0.548758
1.050000, 1.050000, -0.762384
1.100000, 1.050000, -0.937636
1.150000, 1.050000, -1.063276
1.200000, 1.050000, -1.138281
1.250000, 1.050000, -1.169860
1.300000, 1.050000, -1.172786
1.350000, 1.050000, -1.168940
1.400000, 1.050000, -1.185032
1.450000, 1.050000, -1.246932
1.500000, 1.050000, -1.370703
1.550000, 1.050000, -1.552652
1.600000, 1.050000, -1.762329
1.650000, 1.050000, -1.942548
1.700000, 1.050000, -2.018801
1.750000, 1.050000, -1.917251
1.800000, 1.050000, -1.586979
1.850000, 1.050000, -1.019690
1.900000, 1.050000, -0.259774
1.950000, 1.050000, 0.600107
2.000000, 1.050000, 1.438392
0.000000, 1.100000, -1.140708
0.050000, 1.100000, -1.056311
0.100000, 1.100000, -1.050717
0.150000, 1.100000, -1.204819
0.200000, 1.100000, -1.535690
0.250000, 1.100000, -1.990433
0.300000, 1.100000, -2.462261
0.350000, 1.100000, -2.823468
0.400000, 1.100000, -2.964687
0.450000, 1.100000, -2.828167
0.500000, 1.100000, -2.425061
0.550000, 1.100000, -1.832063
0.600000, 1.100000, -1.169311
0.650000, 1.100000, -0.567132
0.700000, 1.100000, -0.132097
0.750000, 1.100000, 0.077699
0.800000, 1.100000, 0.061805
0.850000, 1.100000, -0.130019
0.900000, 1.100000, -0.417805
0.950000, 1.100000, -0.716692
1.000000, 1.100000, -0.959619
1.050000, 1.100000, -1.111430
1.100000, 1.100000, -1.171886
1.150000, 1.100000, -1.168793
1.200000, 1.100000, -1.145072
1.250000, 1.100000, -1.144506
1.300000, 1.100000, -1.200065
1.350000, 1.100000, -1.326878
1.400000, 1.100000, -1.519946
1.450000, 1.100000, -1.755477
1.500000, 1.100000, -1.994454
1.550000, 1.100000, -2.187656
1.600000, 1.100000, -2.282124
1.650000, 1.100000, -2.229365
1.700000, 1.100000, -1.995112
1.750000, 1.100000, -1.569255
1.800000, 1.100000, -0.973280
1.850000, 1.100000, -0.261980
1.900000, 1.100000, 0.483059
1.950000, 1.100000, 1.168579
2.000000, 1.100000, 1.710759
0.000000, 1.150000, -1.408259
0.050000, 1.150000, -1.266477
0.100000, 1.150000, -1.204443
0.150000, 1.150000, -1.312688
0.200000, 1.150000, -1.609332
0.250000, 1.150000, -2.033853
0.300000, 1.150000, -2.466781
0.350000, 1.150000, -2.768705
0.400000, 1.150000, -2.825851
0.450000, 1.150000, -2.587536
0.500000, 1.150000, -2.083677
0.550000, 1.150000, -1.417185
0.600000, 1.150000, -0.734169
0.650000, 1.150000, -0.181834
0.700000, 1.150000, 0.132527
0.750000, 1.150000, 0.168968
0.800000, 1.150000, -0.038955
0.850000, 1.150000, -0.399949
0.900000, 1.150000, -0.796490
0.950000, 1.150000, -1.121449
1.000000, 1.150000, -1.308338
1.050000, 1.150000, -1.346556
1.100000, 1.150000, -1.278279
1.150000, 1.150000, -1.179546
1.200000, 1.150000, -1.132656
1.250000, 1.150000, -1.198920
1.300000, 1.150000, -1.399785
1.350000, 1.150000, -1.710988
1.400000, 1.150000, -2.070087
1.450000, 1.150000, -2.393859
1.500000, 1.150000, -2.599795
1.550000, 1.150000, -2.625657
1.600000, 1.150000, -2.442536
1.650000, 1.150000, -2.059253
1.700000, 1.150000, -1.518373
1.750000, 1.150000, -0.885864
1.800000, 1.150000, -0.237269
1.850000, 1.150000, 0.356743
1.900000, 1.150000, 0.843026
1.950000, 1.150000, 1.194913
2.000000, 1.150000, 1.416082
0.000000, 1.200000, -1.626946
0.050000, 1.200000, -1.416810
0.100000, 1.200000, -1.291449
0.150000, 1.200000, -1.351451
0.200000, 1.200000, -1.614837
0.250000, 1.200000, -2.011291
0.300000, 1.200000, -2.406715
0.350000, 1.200000, -2.649733
0.400000, 1.200000, -2.624410
0.450000, 1.200000, -2.291508
0.500000, 1.200000, -1.704523
0.550000, 1.200000, -0.995318
0.600000, 1.200000, -0.334293
0.650000, 1.200000, 0.121603
0.700000, 1.200000, 0.275903
0.750000, 1.200000, 0.119567
0.800000, 1.200000, -0.270394
0.850000, 1.200000, -0.759335
0.900000, 1.200000, -1.200381
0.950000, 1.200000, -1.481507
1.000000, 1.200000, -1.558954
1.050000, 1.200000, -1.466673
1.100000, 1.200000, -1.299670
1.150000, 1.200000, -1.177768
1.200000, 1.200000, -1.202399
1.250000, 1.200000, -1.420816
1.300000, 1.200000, -1.809092
1.350000, 1.200000, -2.278732
1.400000, 1.200000, -2.703904
1.450000, 1.200000, -2.959848
1.500000, 1.200000, -2.959963
1.550000, 1.200000, -2.680096
1.600000, 1.200000, -2.163245
1.650000, 1.200000, -1.504329
1.700000, 1.200000, -0.820847
1.750000, 1.200000, -0.219156
1.800000, 1.200000, 0.233294
1.850000, 1.200000, 0.522023
1.900000, 1.200000, 0.682859
1.950000, 1.200000, 0.784753
2.000000, 1.200000, 0.904362
0.000000, 1.250000, -1.785514
0.050000, 1.250000, -1.499190
0.100000, 1.250000, -1.307213
0.150000, 1.250000, -1.320348
0.200000, 1.250000, -1.554981
0.250000, 1.250000, -1.928499
0.300000, 1.250000, -2.290253
0.350000, 1.250000, -2.477100
0.400000, 1.250000, -2.373935
0.450000, 1.250000, -1.957871
0.500000, 1.250000, -1.310499
0.550000, 1.250000, -0.593847
0.600000, 1.250000, 0.001672
0.650000, 1.250000, 0.319291
0.700000, 1.250000, 0.286503
0.750000, 1.250000, -0.063078
0.800000, 1.250000, -0.603825
0.850000, 1.250000, -1.162886
0.900000, 1.250000, -1.579797
0.950000, 1.250000, -1.760138
1.000000, 1.250000, -1.704784
1.050000, 1.250000, -1.505032
1.100000, 1.250000, -1.305884
1.150000, 1.250000, -1.250812
1.200000, 1.250000, -1.427596
1.250000, 1.250000, -1.834186
1.300000, 1.250000, -2.376361
1.350000, 1.250000, -2.897740
1.400000, 1.250000, -3.231527
1.450000, 1.250000, -3.255958
1.500000, 1.250000, -2.934441
1.550000, 1.250000, -2.326899
1.600000, 1.250000, -1.568931
1.650000, 1.250000, -0.826474
1.700000, 1.250000, -0.241844
1.750000, 1.250000, 0.110377
1.800000, 1.250000, 0.242956
1.850000, 1.250000, 0.245207
1.900000, 1.250000, 0.246381
1.950000, 1.250000, 0.366579
2.000000, 1.250000, 0.672416
0.000000, 1.300000, -1.875814
0.050000, 1.300000, -1.509047
0.100000, 1.300000, -1.251005
0.150000, 1.300000, -1.222439
0.200000, 1.300000, -1.436153
0.250000, 1.300000, -1.794467
0.300000, 1.300000, -2.128366
0.350000, 1.300000, -2.263724
0.400000, 1.300000, -2.090019
0.450000, 1.300000, -1.605978
0.500000, 1.300000, -0.925114
0.550000, 1.300000, -0.238846
0.600000, 1.300000, 0.249463
0.650000, 1.300000, 0.395520
0.700000, 1.300000, 0.164236
0.750000, 1.300000, -0.359267
0.800000, 1.300000, -1.001690
0.850000, 1.300000, -1.564758
0.900000, 1.300000, -1.896354
0.950000, 1.300000, -1.943498
1.000000, 1.300000, -1.767893
1.050000, 1.300000, -1.518577
1.100000, 1.300000, -1.372062
1.150000, 1.300000, -1.462296
1.200000, 1.300000, -1.826490
1.250000, 1.300000, -2.386979
1.300000, 1.300000, -2.975957
1.350000, 1.300000, -3.394144
1.400000, 1.300000, -3.481908
1.450000, 1.300000, -3.176815
1.500000, 1.300000, -2.536530
1.550000, 1.300000, -1.718751
1.600000, 1.300000, -0.925553
1.650000, 1.300000, -0.332575
1.700000, 1.300000, -0.028871
1.750000, 1.300000, 0.010710
1.800000, 1.300000, -0.089136
1.850000, 1.300000, -0.155331
1.900000, 1.300000, -0.034896
1.950000, 1.300000, 0.344711
2.000000, 1.300000, 0.945771
0.000000, 1.350000, -1.893249
0.050000, 1.350000, -1.445614
0.100000, 1.350000, -1.125932
0.150000, 1.350000, -1.064427
0.200000, 1.350000, -1.267983
0.250000, 1.350000, -1.620872
0.300000, 1.350000, -1.934131
0.350000, 1.350000, -2.024120
0.400000, 1.350000, -1.789401
0.450000, 1.350000, -1.255703
0.500000, 1.350000, -0.571179
0.550000, 1.350000, 0.046497
0.600000, 1.350000, 0.390841
0.650000, 1.350000, 0.343884
0.700000, 1.350000, -0.079830
0.750000, 1.350000, -0.739583
0.800000, 1.350000, -1.422646
0.850000, 1.350000, -1.925204
0.900000, 1.350000, -2.128637
0.950000, 1.350000, -2.041625
1.000000, 1.350000, -1.791931
1.050000, 1.350000, -1.571338
1.100000, 1.350000, -1.555481
1.150000, 1.350000, -1.830106
1.200000, 1.350000, -2.352738
1.250000, 1.350000, -2.964966
1.300000, 1.350000, -3.450751
1.350000, 1.350000, -3.618248
1.400000, 1.350000, -3.373393
1.450000, 1.350000, -2.756679
1.500000, 1.350000, -1.928815
1.550000, 1.350000, -1.110792
1.600000, 1.350000, -0.501564
1.650000, 1.350000, -0.205195
1.700000, 1.350000, -0.195576
1.750000, 1.350000, -0.332124
1.800000, 1.350000, -0.420036
1.850000, 1.350000, -0.291294
1.900000, 1.350000, 0.125390
1.950000, 1.350000, 0.773178
2.000000, 1.350000, 1.486639
0.000000, 1.400000, -1.837027
0.050000, 1.400000, -1.311960
0.100000, 1.400000, -0.938756
0.150000, 1.400000, -0.856276
0.200000, 1.400000, -1.062783
0.250000, 1.400000, -1.421386
0.300000, 1.400000, -1.721944
0.350000, 1.400000, -1.773550
0.400000, 1.400000, -1.489045
0.450000, 1.400000, -0.926385
0.500000, 1.400000, -0.269545
0.550000, 1.400000, 0.243304
0.600000, 1.400000, 0.414825
0.650000, 1.400000, 0.167670
0.700000, 1.400000, -0.424752
0.750000, 1.400000, -1.168379
0.800000, 1.400000, -1.826879
0.850000, 1.400000, -2.215913
0.900000, 1.400000, -2.274500
0.950000, 1.400000, -2.084396
1.000000, 1.400000, -1.830012
1.050000, 1.400000, -1.716011
1.100000, 1.400000, -1.877131
1.150000, 1.400000, -2.317786
1.200000, 1.400000, -2.906491
1.250000, 1.400000, -3.427334
1.300000, 1.400000, -3.667097
1.350000, 1.400000, -3.501974
1.400000, 1.400000, -2.948176
1.450000, 1.400000, -2.155765
1.500000, 1.400000, -1.348605
1.550000, 1.400000, -0.735466
1.600000, 1.400000, -0.428981
1.650000, 1.400000, -0.405598
1.700000, 1.400000, -0.522403
1.750000, 1.400000, -0.583053
1.800000, 1.400000, -0.424817
1.850000, 1.400000, 0.009736
1.900000, 1.400000, 0.646161
1.950000, 1.400000, 1.307433
2.000000, 1.400000, 1.786624
0.000000, 1.450000, -1.710201
0.050000, 1.450000, -1.114822
0.100000, 1.450000, -0.699525
0.150000, 1.450000, -0.610660
0.200000, 1.450000, -0.834847
0.250000, 1.450000, -1.210871
0.300000, 1.450000, -1.506664
0.350000, 1.450000, -1.527149
0.400000, 1.450000, -1.205227
0.450000, 1.450000, -0.635807
0.500000, 1.450000, -0.037946
0.550000, 1.450000, 0.338159
0.600000, 1.450000, 0.318433
0.650000, 1.450000, -0.120510
0.700000, 1.450000, -0.841858
0.750000, 1.450000, -1.607788
0.800000, 1.450000, -2.180900
0.850000, 1.450000, -2.423221
0.900000, 1.450000, -2.349671
0.950000, 1.450000, -2.113375
1.000000, 1.450000, -1.930437
1.050000, 1.450000, -1.978308
1.100000, 1.450000, -2.313060
1.150000, 1.450000, -2.841956
1.200000, 1.450000, -3.362833
1.250000, 1.450000, -3.652162
1.300000, 1.450000, -3.562401
1.350000, 1.450000, -3.085658
1.400000, 1.450000, -2.356162
1.450000, 1.450000, -1.591406
1.500000, 1.450000, -0.998885
1.550000, 1.450000, -0.690069
1.600000, 1.450000, -0.639263
1.650000, 1.450000, -0.704412
1.700000, 1.450000, -0.699068
1.750000, 1.450000, -0.482185
1.800000, 1.450000, -0.025084
1.850000, 1.450000, 0.574109
1.900000, 1.450000, 1.134190
1.950000, 1.450000, 1.472236
2.000000, 1.450000, 1.485481
0.000000, 1.500000, -1.519490
0.050000, 1.500000, -0.864225
0.100000, 1.500000, -0.421007
0.150000, 1.500000, -0.342247
0.200000, 1.500000, -0.599626
0.250000, 1.500000, -1.004502
0.300000, 1.500000, -1.302734
0.350000, 1.500000, -1.299068
0.400000, 1.500000, -0.952668
0.450000, 1.500000, -0.399270
0.500000, 1.500000, 0.109988
0.550000, 1.500000, 0.323954
0.600000, 1.500000, 0.106882
0.650000, 1.500000, -0.499813
0.700000, 1.500000, -1.297526
0.750000, 1.500000, -2.021757
0.800000, 1.500000, -2.461196
0.850000, 1.500000, -2.548782
0.900000, 1.500000, -2.383017
0.950000, 1.500000, -2.171256
1.000000, 1.500000, -2.123505
1.050000, 1.500000, -2.347995
1.100000, 1.500000, -2.797952
1.150000, 1.500000, -3.293808
1.200000, 1.500000, -3.608863
1.250000, 1.500000, -3.576561
1.300000, 1.500000, -3.168032
1.350000, 1.500000, -2.503710
1.400000, 1.500000, -1.794918
1.450000, 1.500000, -1.244801
1.500000, 1.500000, -0.956775
1.550000, 1.500000, -0.894060
1.600000, 1.500000, -0.908337
1.650000, 1.500000, -0.821858
1.700000, 1.500000, -0.521706
1.750000, 1.500000, -0.019698
1.800000, 1.500000, 0.551079
1.850000, 1.500000, 1.000750
1.900000, 1.500000, 1.175852
1.950000, 1.500000, 1.035138
2.000000, 1.500000, 0.670706
0.000000, 1.550000, -1.274909
0.050000, 1.550000, -0.572924
0.100000, 1.550000, -0.117983
0.150000, 1.550000, -0.066882
0.200000, 1.550000, -0.372850
0.250000, 1.550000, -0.816883
0.300000, 1.550000, -1.123340
0.350000, 1.550000, -1.101684
0.400000, 1.550000, -0.743771
0.450000, 1.550000, -0.228808
0.500000, 1.550000, 0.165484
0.550000, 1.550000, 0.200341
0.600000, 1.550000, -0.206770
0.650000, 1.550000, -0.942871
0.700000, 1.550000, -1.756311
0.750000, 1.550000, -2.379665
0.800000, 1.550000, -2.656295
0.850000, 1.550000, -2.607643
0.900000, 1.550000, -2.409392
0.950000, 1.550000, -2.291138
1.000000, 1.550000, -2.412449
1.050000, 1.550000, -2.778926
1.100000, 1.550000, -3.240136
1.150000, 1.550000, -3.568651
1.200000, 1.550000, -3.577978
1.250000, 1.550000, -3.218001
1.300000, 1.550000, -2.599234
1.350000, 1.550000, -1.934669
1.400000, 1.550000, -1.430761
1.450000, 1.550000, -1.184967
1.500000, 1.550000, -1.143042
1.550000, 1.550000, -1.137500
1.600000, 1.550000, -0.985922
1.650000, 1.550000, -0.596471
1.700000, 1.550000, -0.024325
1.750000, 1.550000, 0.551397
1.800000, 1.550000, 0.918717
1.850000, 1.550000, 0.944343
1.900000, 1.550000, 0.646805
1.950000, 1.550000, 0.191811
2.000000, 1.550000, -0.189166
0.000000, 1.600000, -0.989205
0.050000, 1.600000, -0.255695
0.100000, 1.600000, 0.193573
0.150000, 1.600000, 0.199301
0.200000, 1.600000, -0.169627
0.250000, 1.600000, -0.661186
0.300000, 1.600000, -0.979634
0.350000, 1.600000, -0.944928
0.400000, 1.600000, -0.588002
0.450000, 1.600000, -0.132587
0.500000, 1.600000, 0.125124
0.550000, 1.600000, -0.026209
0.600000, 1.600000, -0.602514
0.650000, 1.600000, -1.417989
0.700000, 1.600000, -2.184127
0.750000, 1.600000, -2.659110
0.800000, 1.600000, -2.767007
0.850000, 1.600000, -2.624153
0.900000, 1.600000, -2.461474
0.950000, 1.600000, -2.487848
1.000000, 1.600000, -2.770591
1.050000, 1.600000, -3.198200
1.100000, 1.600000, -3.544201
1.150000, 1.600000, -3.595126
1.200000, 1.600000, -3.270724
1.250000, 1.600000, -2.669630
1.300000, 1.600000, -2.015634
1.350000, 1.600000, -1.535037
1.400000, 1.600000, -1.333872
1.450000, 1.600000, -1.343757
1.500000, 1.600000, -1.366915
1.550000, 1.600000, -1.195518
1.600000, 1.600000, -0.738625
1.650000, 1.600000, -0.084905
1.700000, 1.600000, 0.535805
1.750000, 1.600000, 0.873179
1.800000, 1.600000, 0.794096
1.850000, 1.600000, 0.361262
1.900000, 1.600000, -0.192453
1.950000, 1.600000, -0.582709
2.000000, 1.600000, -0.622866
0.000000, 1.650000, -0.677153
0.050000, 1.650000, 0.071487
0.100000, 1.650000, 0.497383
0.150000, 1.650000, 0.440783
0.200000, 1.650000, -0.003578
0.250000, 1.650000, -0.548383
0.300000, 1.650000, -0.880094
0.350000, 1.650000, -0.835753
0.400000, 1.650000, -0.491439
0.450000, 1.650000, -0.114516
0.500000, 1.650000, -0.008969
0.550000, 1.650000, -0.342770
0.600000, 1.650000, -1.054749
0.650000, 1.650000, -1.891623
0.700000, 1.650000, -2.551142
0.750000, 1.650000, -2.847579
0.800000, 1.650000, -2.804890
0.850000, 1.650000, -2.626420
0.900000, 1.650000, -2.562122
0.950000, 1.650000, -2.753157
1.000000, 1.650000, -3.145473
1.050000, 1.650000, -3.522331
1.100000, 1.650000, -3.635355
1.150000, 1.650000, -3.355757
1.200000, 1.650000, -2.755721
1.250000, 1.650000, -2.071086
1.300000, 1.650000, -1.566568
1.350000, 1.650000, -1.382582
1.400000, 1.650000, -1.454403
1.450000, 1.650000, -1.552819
1.500000, 1.650000, -1.424350
1.550000, 1.650000, -0.949980
1.600000, 1.650000, -0.228819
1.650000, 1.650000, 0.464914
1.700000, 1.650000, 0.830271
1.750000, 1.650000, 0.710223
1.800000, 1.650000, 0.186606
1.850000, 1.650000, -0.457092
1.900000, 1.650000, -0.886933
1.950000, 1.650000, -0.900122
2.000000, 1.650000, -0.534847
0.000000, 1.700000, -0.354728
0.050000, 1.700000, 0.392336
0.100000, 1.700000, 0.777770
0.150000, 1.700000, 0.643532
0.200000, 1.700000, 0.113947
0.250000, 1.700000, -0.486586
0.300000, 1.700000, -0.830029
0.350000, 1.700000, -0.777788
0.400000, 1.700000, -0.456512
0.450000, 1.700000, -0.174087
0.500000, 1.700000, -0.229237
0.550000, 1.700000, -0.730709
0.600000, 1.700000, -1.534017
0.650000, 1.700000, -2.330948
0.700000, 1.700000, -2.834160
0.750000, 1.700000, -2.942852
0.800000, 1.700000, -2.789235
0.850000, 1.700000, -2.640298
0.900000, 1.700000, -2.718728
0.950000, 1.700000, -3.055933
1.000000, 1.700000, -3.469132
1.050000, 1.700000, -3.676657
1.100000, 1.700000, -3.479174
1.150000, 1.700000, -2.892949
1.200000, 1.700000, -2.150311
1.250000, 1.700000, -1.564528
1.300000, 1.700000, -1.340936
1.350000, 1.700000, -1.451034
1.400000, 1.700000, -1.649280
1.450000, 1.700000, -1.625547
1.500000, 1.700000, -1.202270
1.550000, 1.700000, -0.455906
1.600000, 1.700000, 0.313820
1.650000, 1.700000, 0.752199
1.700000, 1.700000, 0.656876
1.750000, 1.700000, 0.100565
1.800000, 1.700000, -0.605491
1.850000, 1.700000, -1.087437
1.900000, 1.700000, -1.120979
1.950000, 1.700000, -0.754740
2.000000, 1.700000, -0.272428
0.000000, 1.750000, -0.038222
0.050000, 1.750000, 0.691159
0.100000, 1.750000, 1.020526
0.150000, 1.750000, 0.795786
0.200000, 1.750000, 0.174530
0.250000, 1.750000, -0.480568
0.300000, 1.750000, -0.831270
0.350000, 1.750000, -0.771185
0.400000, 1.750000, -0.481962
0.450000, 1.750000, -0.306454
0.500000, 1.750000, -0.523105
0.550000, 1.750000, -1.166787
0.600000, 1.750000, -2.008983
0.650000, 1.750000, -2.706305
0.700000, 1.750000, -3.018234
0.750000, 1.750000, -2.952162
0.800000, 1.750000, -2.743061
0.850000, 1.750000, -2.683943
0.900000, 1.750000, -2.920640
0.950000, 1.750000, -3.347269
1.000000, 1.750000, -3.672370
1.050000, 1.750000, -3.613322
1.100000, 1.750000, -3.091533
1.150000, 1.750000, -2.298656
1.200000, 1.750000, -1.586836
1.250000, 1.750000, -1.250523
1.300000, 1.750000, -1.339571
1.350000, 1.750000, -1.625798
1.400000, 1.750000, -1.748145
1.450000, 1.750000, -1.446880
1.500000, 1.750000, -0.738478
1.550000, 1.750000, 0.081600
1.600000, 1.750000, 0.612978
1.650000, 1.750000, 0.593935
1.700000, 1.750000, 0.062350
1.750000, 1.750000, -0.666750
1.800000, 1.750000, -1.192711
1.850000, 1.750000, -1.269642
1.900000, 1.750000, -0.945777
1.950000, 1.750000, -0.516913
2.000000, 1.750000, -0.326919
0.000000, 1.800000, 0.256661
0.050000, 1.800000, 0.953726
0.100000, 1.800000, 1.213706
0.150000, 1.800000, 0.888720
0.200000, 1.800000, 0.173177
0.250000, 1.800000, -0.531453
0.300000, 1.800000, -0.882073
0.350000, 1.800000, -0.812667
0.400000, 1.800000, -0.562987
0.450000, 1.800000, -0.502745
0.500000, 1.800000, -0.873667
0.550000, 1.800000, -1.624536
0.600000, 1.800000, -2.448533
0.650000, 1.800000, -2.993330
0.700000, 1.800000, -3.097428
0.750000, 1.800000, -2.890263
0.800000, 1.800000, -2.688770
0.850000, 1.800000, -2.763870
0.900000, 1.800000, -3.140187
0.950000, 1.800000, -3.569643
1.000000, 1.800000, -3.699910
1.050000, 1.800000, -3.323561
1.100000, 1.800000, -2.536068
1.150000, 1.800000, -1.690571
1.200000, 1.800000, -1.174896
1.250000, 1.800000, -1.158454
1.300000, 1.800000, -1.479928
1.350000, 1.800000, -1.754220
1.400000, 1.800000, -1.630420
1.450000, 1.800000, -1.030289
1.500000, 1.800000, -0.208211
1.550000, 1.800000, 0.408409
1.600000, 1.800000, 0.493384
1.650000, 1.800000, 0.029808
1.700000, 1.800000, -0.684217
1.750000, 1.800000, -1.233222
1.800000, 1.800000, -1.351746
1.850000, 1.800000, -1.083623
1.900000, 1.800000, -0.730510
1.950000, 1.800000, -0.629790
2.000000, 1.800000, -0.915812
0.000000, 1.850000, 0.515680
0.050000, 1.850000, 1.168063
0.100000, 1.850000, 1.348289
0.150000, 1.850000, 0.916948
0.200000, 1.850000, 0.108630
0.250000, 1.850000, -0.636632
0.300000, 1.850000, -0.977216
0.350000, 1.850000, -0.895777
0.400000, 1.850000, -0.691600
0.450000, 1.850000, -0.750582
0.500000, 1.850000, -1.260617
0.550000, 1.850000, -2.075844
0.600000, 1.850000, -2.823845
0.650000, 1.850000, -3.174603
0.700000, 1.850000, -3.074653
0.750000, 1.850000, -2.776711
0.800000, 1.850000, -2.644114
0.850000, 1.850000, -2.873195
0.900000, 1.850000, -3.337172
0.950000, 1.850000, -3.668324
1.000000, 1.850000, -3.523148
1.050000, 1.850000, -2.841247
1.100000, 1.850000, -1.909743
1.150000, 1.850000, -1.181534
1.200000, 1.850000, -0.971142
1.250000, 1.850000, -1.241178
1.300000, 1.850000, -1.631098
1.350000, 1.850000, -1.710454
1.400000, 1.850000, -1.280842
1.450000, 1.850000, -0.516072
1.500000, 1.850000, 0.156485
1.550000, 1.850000, 0.349060
1.600000, 1.850000, -0.024425
1.650000, 1.850000, -0.698865
1.700000, 1.850000, -1.251138
1.750000, 1.850000, -1.395128
1.800000, 1.850000, -1.168599
1.850000, 1.850000, -0.882439
1.900000, 1.850000, -0.874357
1.950000, 1.850000, -1.248596
2.000000, 1.850000, -1.791188
0.000000, 1.900000, 0.726844
0.050000, 1.900000, 1.325113
0.100000, 1.900000, 1.418681
0.150000, 1.900000, 0.878831
0.200000, 1.900000, -0.016541
0.250000, 1.900000, -0.789870
0.300000, 1.900000, -1.108308
0.350000, 1.900000, -1.011313
0.400000, 1.900000, -0.857146
0.450000, 1.900000, -1.034781
0.500000, 1.900000, -1.661371
0.550000, 1.900000, -2.492633
0.600000, 1.900000, -3.110278
0.650000, 1.900000, -3.240697
0.700000, 1.900000, -2.960667
0.750000, 1.900000, -2.632737
0.800000, 1.900000, -2.619105
0.850000, 1.900000, -2.992377
0.900000, 1.900000, -3.466057
0.950000, 1.900000, -3.602773
1.000000, 1.900000, -3.147677
1.050000, 1.900000, -2.236813
1.100000, 1.900000, -1.320186
1.150000, 1.900000, -0.850734
1.200000, 1.900000, -0.965788
1.250000, 1.900000, -1.395486
1.300000, 1.900000, -1.666145
1.350000, 1.900000, -1.449251
1.400000, 1.900000, -0.799899
1.450000, 1.900000, -0.111472
1.500000, 1.900000, 0.176105
1.550000, 1.900000, -0.103960
1.600000, 1.900000, -0.733622
1.650000, 1.900000, -1.284188
1.700000, 1.900000, -1.440162
1.750000, 1.900000, -1.226744
1.800000, 1.900000, -0.970967
1.850000, 1.900000, -1.029838
1.900000, 1.900000, -1.495805
1.950000, 1.900000, -2.106866
2.000000, 1.900000, -2.432983
0.000000, 1.950000, 0.881079
0.050000, 1.950000, 1.419243
0.100000, 1.950000, 1.423028
0.150000, 1.950000, 0.776581
0.200000, 1.950000, -0.196044
0.250000, 1.950000, -0.981637
0.300000, 1.950000, -1.264279
0.350000, 1.950000, -1.147912
0.400000, 1.950000, -1.046967
0.450000, 1.950000, -1.338201
0.500000, 1.950000, -2.052310
0.550000, 1.950000, -2.848549
0.600000, 1.950000, -3.288964
0.650000, 1.950000, -3.190559
0.700000, 1.950000, -2.772375
0.750000, 1.950000, -2.478146
0.800000, 1.950000, -2.614323
0.850000, 1.950000, -3.092368
0.900000, 1.950000, -3.484559
0.950000, 1.950000, -3.355756
1.000000, 1.950000, -2.613863
1.050000, 1.950000, -1.602855
1.100000, 1.950000, -0.860589
1.150000, 1.950000, -0.724769
1.200000, 1.950000, -1.089817
1.250000, 1.950000, -1.501211
1.300000, 1.950000, -1.512460
1.350000, 1.950000, -1.027386
1.400000, 1.950000, -0.364549
1.450000, 1.950000, 0.000651
1.500000, 1.950000, -0.190532
1.550000, 1.950000, -0.784877
1.600000, 1.950000, -1.349800
1.650000, 1.950000, -1.523299
1.700000, 1.950000, -1.299845
1.750000, 1.950000, -1.023803
1.800000, 1.950000, -1.096169
1.850000, 1.950000, -1.630000
1.900000, 1.950000, -2.332789
1.950000, 1.950000, -2.715488
2.000000, 1.950000, -2.468379
0.000000, 2.000000, 0.972731
0.050000, 2.000000, 1.448553
0.100000, 2.000000, 1.363321
0.150000, 2.000000, 0.616155
0.200000, 2.000000, -0.420193
0.250000, 2.000000, -1.199617
0.300000, 2.000000, -1.432028
0.350000, 2.000000, -1.292766
0.400000, 2.000000, -1.247157
0.450000, 2.000000, -1.642679
0.500000, 2.000000, -2.410081
0.550000, 2.000000, -3.120546
0.600000, 2.000000, -3.347992
0.650000, 2.000000, -3.031220
0.700000, 2.000000, -2.530633
0.750000, 2.000000, -2.328642
0.800000, 2.000000, -2.620884
0.850000, 2.000000, -3.139663
0.900000, 2.000000, -3.362118
0.950000, 2.000000, -2.938317
1.000000, 2.000000, -1.990266
1.050000, 2.000000, -1.034761
1.100000, 2.000000, -0.588601
1.150000, 2.000000, -0.773792
1.200000, 2.000000, -1.240400
1.250000, 2.000000, -1.465566
1.300000, 2.000000, -1.181592
1.350000, 2.000000, -0.584117
1.400000, 2.000000, -0.155551
1.450000, 2.000000, -0.256296
1.500000, 2.000000, -0.825155
1.550000, 2.000000, -1.436045
1.600000, 2.000000, -1.660149
1.650000, 2.000000, -1.428217
1.700000, 2.000000, -1.087725
1.750000, 2.000000, -1.104001
1.800000, 2.000000, -1.652384
1.850000, 2.000000, -2.442785
1.900000, 2.000000, -2.929098
1.950000, 2.000000, -2.738571
2.000000, 2.000000, -1.972084
