0.000000, 0.000000, -0.906005
0.050000, 0.000000, -0.724791
0.100000, 0.000000, -0.481433
0.150000, 0.000000, -0.183652
0.200000, 0.000000, 0.157828
0.250000, 0.000000, 0.529799
0.300000, 0.000000, 0.917228
0.350000, 0.000000, 1.304028
0.400000, 0.000000, 1.673897
0.450000, 0.000000, 2.011172
0.500000, 0.000000, 2.301669
0.550000, 0.000000, 2.533445
0.600000, 0.000000, 2.697452
0.650000, 0.000000, 2.788045
0.700000, 0.000000, 2.803311
0.750000, 0.000000, 2.745204
0.800000, 0.000000, 2.619483
0.850000, 0.000000, 2.435443
0.900000, 0.000000, 2.205464
0.950000, 0.000000, 1.944392
1.000000, 0.000000, 1.668798
1.050000, 0.000000, 1.396136
1.100000, 0.000000, 1.143859
1.150000, 0.000000, 0.928538
1.200000, 0.000000, 0.765020
1.250000, 0.000000, 0.665684
1.300000, 0.000000, 0.639825
1.350000, 0.000000, 0.693201
1.400000, 0.000000, 0.827769
1.450000, 0.000000, 1.041614
1.500000, 0.000000, 1.329091
1.550000, 0.000000, 1.681152
1.600000, 0.000000, 2.085855
1.650000, 0.000000, 2.529014
1.700000, 0.000000, 2.994969
1.750000, 0.000000, 3.467415
1.800000, 0.000000, 3.930267
1.850000, 0.000000, 4.368491
1.900000, 0.000000, 4.768879
1.950000, 0.000000, 5.120707
2.000000, 0.000000, 5.416255
0.000000, 0.050000, -1.272499
0.050000, 0.050000, -1.011451
0.100000, 0.050000, -0.693435
0.150000, 0.050000, -0.329307
0.200000, 0.050000, 0.067535
0.250000, 0.050000, 0.481814
0.300000, 0.050000, 0.897149
0.350000, 0.050000, 1.296901
0.400000, 0.050000, 1.665040
0.450000, 0.050000, 1.986985
0.500000, 0.050000, 2.250385
0.550000, 0.050000, 2.445778
0.600000, 0.050000, 2.567109
0.650000, 0.050000, 2.612069
0.700000, 0.050000, 2.582246
0.750000, 0.050000, 2.483062
0.800000, 0.050000, 2.323517
0.850000, 0.050000, 2.115747
0.900000, 0.050000, 1.874408
0.950000, 0.050000, 1.615941
1.000000, 0.050000, 1.357731
1.050000, 0.050000, 1.117231
1.100000, 0.050000, 0.911070
1.150000, 0.050000, 0.754220
1.200000, 0.050000, 0.659244
1.250000, 0.050000, 0.635676
1.300000, 0.050000, 0.689560
1.350000, 0.050000, 0.823183
1.400000, 0.050000, 1.034995
1.450000, 0.050000, 1.319736
1.500000, 0.050000, 1.668764
1.550000, 0.050000, 2.070543
1.600000, 0.050000, 2.511290
1.650000, 0.050000, 2.975734
1.700000, 0.050000, 3.447934
1.750000, 0.050000, 3.912132
1.800000, 0.050000, 4.353585
1.850000, 0.050000, 4.759323
1.900000, 0.050000, 5.118805
1.950000, 0.050000, 5.424435
2.000000, 0.050000, 5.671906
0.000000, 0.100000, -2.055746
0.050000, 0.100000, -1.720041
0.100000, 0.100000, -1.335695
0.150000, 0.100000, -0.916258
0.200000, 0.100000, -0.477217
0.250000, 0.100000, -0.035217
0.300000, 0.100000, 0.392789
0.350000, 0.100000, 0.790415
0.400000, 0.100000, 1.142692
0.450000, 0.100000, 1.436856
0.500000, 0.100000, 1.663015
0.550000, 0.100000, 1.814681
0.600000, 0.100000, 1.889120
0.650000, 0.100000, 1.887504
0.700000, 0.100000, 1.814868
0.750000, 0.100000, 1.679861
0.800000, 0.100000, 1.494304
0.850000, 0.100000, 1.272595
0.900000, 0.100000, 1.030965
0.950000, 0.100000, 0.786655
1.000000, 0.100000, 0.557033
1.050000, 0.100000, 0.358711
1.100000, 0.100000, 0.206707
1.150000, 0.100000, 0.113692
1.200000, 0.100000, 0.089369
1.250000, 0.100000, 0.140011
1.300000, 0.100000, 0.268176
1.350000, 0.100000, 0.472631
1.400000, 0.100000, 0.748471
1.450000, 0.100000, 1.087427
1.500000, 0.100000, 1.478356
1.550000, 0.100000, 1.907876
1.600000, 0.100000, 2.361106
1.650000, 0.100000, 2.822486
1.700000, 0.100000, 3.276614
1.750000, 0.100000, 3.709068
1.800000, 0.100000, 4.107159
1.850000, 0.100000, 4.460579
1.900000, 0.100000, 4.761911
1.950000, 0.100000, 5.006968
2.000000, 0.100000, 5.194949
0.000000, 0.150000, -2.962483
0.050000, 0.150000, -2.560431
0.100000, 0.150000, -2.120777
0.150000, 0.150000, -1.659197
0.200000, 0.150000, -1.192587
0.250000, 0.150000, -0.738203
0.300000, 0.150000, -0.312783
0.350000, 0.150000, 0.068311
0.400000, 0.150000, 0.391888
0.450000, 0.150000, 0.647609
0.500000, 0.150000, 0.828521
0.550000, 0.150000, 0.931423
0.600000, 0.150000, 0.957028
0.650000, 0.150000, 0.909928
0.700000, 0.150000, 0.798355
0.750000, 0.150000, 0.633749
0.800000, 0.150000, 0.430171
0.850000, 0.150000, 0.203568
0.900000, 0.150000, -0.029048
0.950000, 0.150000, -0.250474
1.000000, 0.150000, -0.444198
1.050000, 0.150000, -0.595237
1.100000, 0.150000, -0.690883
1.150000, 0.150000, -0.721334
1.200000, 0.150000, -0.680157
1.250000, 0.150000, -0.564570
1.300000, 0.150000, -0.375535
1.350000, 0.150000, -0.117639
1.400000, 0.150000, 0.201205
1.450000, 0.150000, 0.570238
1.500000, 0.150000, 0.976477
1.550000, 0.150000, 1.405454
1.600000, 0.150000, 1.842016
1.650000, 0.150000, 2.271160
1.700000, 0.150000, 2.678837
1.750000, 0.150000, 3.052706
1.800000, 0.150000, 3.382766
1.850000, 0.150000, 3.661861
1.900000, 0.150000, 3.886014
1.950000, 0.150000, 4.054578
2.000000, 0.150000, 4.170202
0.000000, 0.200000, -3.632127
0.050000, 0.200000, -3.174712
0.100000, 0.200000, -2.692859
0.150000, 0.200000, -2.203711
0.200000, 0.200000, -1.724832
0.250000, 0.200000, -1.273321
0.300000, 0.200000, -0.864948
0.350000, 0.200000, -0.513352
0.400000, 0.200000, -0.229349
0.450000, 0.200000, -0.020389
0.500000, 0.200000, 0.109820
0.550000, 0.200000, 0.161482
0.600000, 0.200000, 0.138693
0.650000, 0.200000, 0.049207
0.700000, 0.200000, -0.095977
0.750000, 0.200000, -0.283204
0.800000, 0.200000, -0.496881
0.850000, 0.200000, -0.720291
0.900000, 0.200000, -0.936467
0.950000, 0.200000, -1.129062
1.000000, 0.200000, -1.283187
1.050000, 0.200000, -1.386155
1.100000, 0.200000, -1.428112
1.150000, 0.200000, -1.402500
1.200000, 0.200000, -1.306345
1.250000, 0.200000, -1.140349
1.300000, 0.200000, -0.908783
1.350000, 0.200000, -0.619194
1.400000, 0.200000, -0.281929
1.450000, 0.200000, 0.090473
1.500000, 0.200000, 0.484012
1.550000, 0.200000, 0.884018
1.600000, 0.200000, 1.275972
1.650000, 0.200000, 1.646306
1.700000, 0.200000, 1.983140
1.750000, 0.200000, 2.276908
1.800000, 0.200000, 2.520855
1.850000, 0.200000, 2.711364
1.900000, 0.200000, 2.848096
1.950000, 0.200000, 2.933956
2.000000, 0.200000, 2.974859
0.000000, 0.250000, -3.777214
0.050000, 0.250000, -3.277492
0.100000, 0.250000, -2.767917
0.150000, 0.250000, -2.266385
0.200000, 0.250000, -1.790379
0.250000, 0.250000, -1.356106
0.300000, 0.250000, -0.977685
0.350000, 0.250000, -0.666445
0.400000, 0.250000, -0.430376
0.450000, 0.250000, -0.273739
0.500000, 0.250000, -0.196885
0.550000, 0.250000, -0.196266
0.600000, 0.250000, -0.264657
0.650000, 0.250000, -0.391555
0.700000, 0.250000, -0.563762
0.750000, 0.250000, -0.766089
0.800000, 0.250000, -0.982166
0.850000, 0.250000, -1.195301
0.900000, 0.250000, -1.389351
0.950000, 0.250000, -1.549550
1.000000, 0.250000, -1.663253
1.050000, 0.250000, -1.720561
1.100000, 0.250000, -1.714791
1.150000, 0.250000, -1.642759
1.200000, 0.250000, -1.504880
1.250000, 0.250000, -1.305065
1.300000, 0.250000, -1.050432
1.350000, 0.250000, -0.750843
1.400000, 0.250000, -0.418301
1.450000, 0.250000, -0.066231
1.500000, 0.250000, 0.291300
1.550000, 0.250000, 0.640393
1.600000, 0.250000, 0.968108
1.650000, 0.250000, 1.263183
1.700000, 0.250000, 1.516656
1.750000, 0.250000, 1.722347
1.800000, 0.250000, 1.877174
1.850000, 0.250000, 1.981291
1.900000, 0.250000, 2.038037
1.950000, 0.250000, 2.053700
2.000000, 0.250000, 2.037120
0.000000, 0.300000, -3.296792
0.050000, 0.300000, -2.769164
0.100000, 0.300000, -2.246919
0.150000, 0.300000, -1.747972
0.200000, 0.300000, -1.289014
0.250000, 0.300000, -0.884692
0.300000, 0.300000, -0.546905
0.350000, 0.300000, -0.284232
0.400000, 0.300000, -0.101545
0.450000, 0.300000, 0.000197
0.500000, 0.300000, 0.023941
0.550000, 0.300000, -0.023663
0.600000, 0.300000, -0.132657
0.650000, 0.300000, -0.290337
0.700000, 0.300000, -0.481953
0.750000, 0.300000, -0.691504
0.800000, 0.300000, -0.902591
0.850000, 0.300000, -1.099278
0.900000, 0.300000, -1.266915
0.950000, 0.300000, -1.392881
1.000000, 0.300000, -1.467203
1.050000, 0.300000, -1.483022
1.100000, 0.300000, -1.436887
1.150000, 0.300000, -1.328852
1.200000, 0.300000, -1.162379
1.250000, 0.300000, -0.944060
1.300000, 0.300000, -0.683156
1.350000, 0.300000, -0.391010
1.400000, 0.300000, -0.080341
1.450000, 0.300000, 0.235530
1.500000, 0.300000, 0.543474
1.550000, 0.300000, 0.831323
1.600000, 0.300000, 1.088589
1.650000, 0.300000, 1.307061
1.700000, 0.300000, 1.481277
1.750000, 0.300000, 1.608828
1.800000, 0.300000, 1.690481
1.850000, 0.300000, 1.730117
1.900000, 0.300000, 1.734491
1.950000, 0.300000, 1.712819
2.000000, 0.300000, 1.676228
0.000000, 0.350000, -2.319241
0.050000, 0.350000, -1.778660
0.100000, 0.350000, -1.258541
0.150000, 0.350000, -0.776126
0.200000, 0.350000, -0.346666
0.250000, 0.350000, 0.017298
0.300000, 0.350000, 0.306519
0.350000, 0.350000, 0.515443
0.400000, 0.350000, 0.642430
0.450000, 0.350000, 0.689764
0.500000, 0.350000, 0.663460
0.550000, 0.350000, 0.572888
0.600000, 0.350000, 0.430221
0.650000, 0.350000, 0.249751
0.700000, 0.350000, 0.047100
0.750000, 0.350000, -0.161618
0.800000, 0.350000, -0.360653
0.850000, 0.350000, -0.535433
0.900000, 0.350000, -0.673307
0.950000, 0.350000, -0.764156
1.000000, 0.350000, -0.800870
1.050000, 0.350000, -0.779633
1.100000, 0.350000, -0.700033
1.150000, 0.350000, -0.564968
1.200000, 0.350000, -0.380380
1.250000, 0.350000, -0.154809
1.300000, 0.350000, 0.101190
1.350000, 0.350000, 0.375730
1.400000, 0.350000, 0.656352
1.450000, 0.350000, 0.930804
1.500000, 0.350000, 1.187792
1.550000, 0.350000, 1.417676
1.600000, 0.350000, 1.613059
1.650000, 0.350000, 1.769234
1.700000, 0.350000, 1.884474
1.750000, 0.350000, 1.960140
1.800000, 0.350000, 2.000607
1.850000, 0.350000, 2.013010
1.900000, 0.350000, 2.006820
1.950000, 0.350000, 1.993290
2.000000, 0.350000, 1.984781
0.000000, 0.400000, -1.157930
0.050000, 0.400000, -0.619079
0.100000, 0.400000, -0.114822
0.150000, 0.400000, 0.338893
0.200000, 0.400000, 0.728779
0.250000, 0.400000, 1.044811
0.300000, 0.400000, 1.280649
0.350000, 0.400000, 1.433873
0.400000, 0.400000, 1.506010
0.450000, 0.400000, 1.502364
0.500000, 0.400000, 1.431652
0.550000, 0.400000, 1.305471
0.600000, 0.400000, 1.137629
0.650000, 0.400000, 0.943366
0.700000, 0.400000, 0.738528
0.750000, 0.400000, 0.538718
0.800000, 0.400000, 0.358486
0.850000, 0.400000, 0.210594
0.900000, 0.400000, 0.105396
0.950000, 0.400000, 0.050366
1.000000, 0.400000, 0.049797
1.050000, 0.400000, 0.104693
1.100000, 0.400000, 0.212839
1.150000, 0.400000, 0.369064
1.200000, 0.400000, 0.565662
1.250000, 0.400000, 0.792960
1.300000, 0.400000, 1.039983
1.350000, 0.400000, 1.295190
1.400000, 0.400000, 1.547230
1.450000, 0.400000, 1.785678
1.500000, 0.400000, 2.001704
1.550000, 0.400000, 2.188641
1.600000, 0.400000, 2.342418
1.650000, 0.400000, 2.461826
1.700000, 0.400000, 2.548617
1.750000, 0.400000, 2.607411
1.800000, 0.400000, 2.645436
1.850000, 0.400000, 2.672095
1.900000, 0.400000, 2.698409
1.950000, 0.400000, 2.736342
2.000000, 0.400000, 2.798069
0.000000, 0.450000, -0.196407
0.050000, 0.450000, 0.327113
0.100000, 0.450000, 0.803589
0.150000, 0.450000, 1.218861
0.200000, 0.450000, 1.561987
0.250000, 0.450000, 1.825695
0.300000, 0.450000, 2.006638
0.350000, 0.450000, 2.105454
0.400000, 0.450000, 2.126611
0.450000, 0.450000, 2.078074
0.500000, 0.450000, 1.970789
0.550000, 0.450000, 1.818027
0.600000, 0.450000, 1.634628
0.650000, 0.450000, 1.436179
0.700000, 0.450000, 1.238175
0.750000, 0.450000, 1.055212
0.800000, 0.450000, 0.900249
0.850000, 0.450000, 0.783984
0.900000, 0.450000, 0.714372
0.950000, 0.450000, 0.696317
1.000000, 0.450000, 0.731535
1.050000, 0.450000, 0.818618
1.100000, 0.450000, 0.953265
1.150000, 0.450000, 1.128687
1.200000, 0.450000, 1.336141
1.250000, 0.450000, 1.565577
1.300000, 0.450000, 1.806340
1.350000, 0.450000, 2.047904
1.400000, 0.450000, 2.280584
1.450000, 0.450000, 2.496178
1.500000, 0.450000, 2.688517
1.550000, 0.450000, 2.853879
1.600000, 0.450000, 2.991241
1.650000, 0.450000, 3.102368
1.700000, 0.450000, 3.191714
1.750000, 0.450000, 3.266157
1.800000, 0.450000, 3.334574
1.850000, 0.450000, 3.407286
1.900000, 0.450000, 3.495401
1.950000, 0.450000, 3.610091
2.000000, 0.450000, 3.761860
0.000000, 0.500000, 0.253317
0.050000, 0.500000, 0.749740
0.100000, 0.500000, 1.188975
0.150000, 0.500000, 1.559000
0.200000, 0.500000, 1.851423
0.250000, 0.500000, 2.061776
0.300000, 0.500000, 2.189610
0.350000, 0.500000, 2.238377
0.400000, 0.500000, 2.215126
0.450000, 0.500000, 2.130016
0.500000, 0.500000, 1.995685
0.550000, 0.500000, 1.826512
0.600000, 0.500000, 1.637803
0.650000, 0.500000, 1.444964
0.700000, 0.500000, 1.262692
0.750000, 0.500000, 1.104229
0.800000, 0.500000, 0.980727
0.850000, 0.500000, 0.900751
0.900000, 0.500000, 0.869941
0.950000, 0.500000, 0.890859
1.000000, 0.500000, 0.963011
1.050000, 0.500000, 1.083052
1.100000, 0.500000, 1.245154
1.150000, 0.500000, 1.441509
1.200000, 0.500000, 1.662933
1.250000, 0.500000, 1.899546
1.300000, 0.500000, 2.141471
1.350000, 0.500000, 2.379515
1.400000, 0.500000, 2.605802
1.450000, 0.500000, 2.814296
1.500000, 0.500000, 3.001208
1.550000, 0.500000, 3.165245
1.600000, 0.500000, 3.307700
1.650000, 0.500000, 3.432363
1.700000, 0.500000, 3.545267
1.750000, 0.500000, 3.654292
1.800000, 0.500000, 3.768628
1.850000, 0.500000, 3.898153
1.900000, 0.500000, 4.052747
1.950000, 0.500000, 4.241593
2.000000, 0.500000, 4.472502
0.000000, 0.550000, 0.065512
0.050000, 0.550000, 0.525553
0.100000, 0.550000, 0.921061
0.150000, 0.550000, 1.242321
0.200000, 0.550000, 1.483504
0.250000, 0.550000, 1.642814
0.300000, 0.550000, 1.722425
0.350000, 0.550000, 1.728224
0.400000, 0.550000, 1.669365
0.450000, 0.550000, 1.557673
0.500000, 0.550000, 1.406931
0.550000, 0.550000, 1.232087
0.600000, 0.550000, 1.048428
0.650000, 0.550000, 0.870774
0.700000, 0.550000, 0.712716
0.750000, 0.550000, 0.585964
0.800000, 0.550000, 0.499814
0.850000, 0.550000, 0.460782
0.900000, 0.550000, 0.472400
0.950000, 0.550000, 0.535201
1.000000, 0.550000, 0.646874
1.050000, 0.550000, 0.802577
1.100000, 0.550000, 0.995400
1.150000, 0.550000, 1.216930
1.200000, 0.550000, 1.457882
1.250000, 0.550000, 1.708774
1.300000, 0.550000, 1.960586
1.350000, 0.550000, 2.205371
1.400000, 0.550000, 2.436780
1.450000, 0.550000, 2.650469
1.500000, 0.550000, 2.844367
1.550000, 0.550000, 3.018785
1.600000, 0.550000, 3.176361
1.650000, 0.550000, 3.321853
1.700000, 0.550000, 3.461778
1.750000, 0.550000, 3.603936
1.800000, 0.550000, 3.756835
1.850000, 0.550000, 3.929068
1.900000, 0.550000, 4.128662
1.950000, 0.550000, 4.362454
2.000000, 0.550000, 4.635531
0.000000, 0.600000, -0.655081
0.050000, 0.600000, -0.237718
0.100000, 0.600000, 0.110899
0.150000, 0.600000, 0.383326
0.200000, 0.600000, 0.576114
0.250000, 0.600000, 0.689823
0.300000, 0.600000, 0.728830
0.350000, 0.600000, 0.700956
0.400000, 0.600000, 0.616922
0.450000, 0.600000, 0.489673
0.500000, 0.600000, 0.333621
0.550000, 0.600000, 0.163828
0.600000, 0.600000, -0.004808
0.650000, 0.600000, -0.158320
0.700000, 0.600000, -0.284366
0.750000, 0.600000, -0.372800
0.800000, 0.600000, -0.416095
0.850000, 0.600000, -0.409603
0.900000, 0.600000, -0.351644
0.950000, 0.600000, -0.243411
1.000000, 0.600000, -0.088725
1.050000, 0.600000, 0.106367
1.100000, 0.600000, 0.334098
1.150000, 0.600000, 0.585581
1.200000, 0.600000, 0.851441
1.250000, 0.600000, 1.122465
1.300000, 0.600000, 1.390207
1.350000, 0.600000, 1.647526
1.400000, 0.600000, 1.889027
1.450000, 0.600000, 2.111363
1.500000, 0.600000, 2.313404
1.550000, 0.600000, 2.496247
1.600000, 0.600000, 2.663077
1.650000, 0.600000, 2.818887
1.700000, 0.600000, 2.970076
1.750000, 0.600000, 3.123956
1.800000, 0.600000, 3.288189
1.850000, 0.600000, 3.470204
1.900000, 0.600000, 3.676618
1.950000, 0.600000, 3.912713
2.000000, 0.600000, 4.181986
0.000000, 0.650000, -1.616284
0.050000, 0.650000, -1.244553
0.100000, 0.650000, -0.942513
0.150000, 0.650000, -0.715570
0.200000, 0.650000, -0.565168
0.250000, 0.650000, -0.488872
0.300000, 0.650000, -0.480646
0.350000, 0.650000, -0.531310
0.400000, 0.650000, -0.629137
0.450000, 0.650000, -0.760572
0.500000, 0.650000, -0.911013
0.550000, 0.650000, -1.065623
0.600000, 0.650000, -1.210116
0.650000, 0.650000, -1.331490
0.700000, 0.650000, -1.418657
0.750000, 0.650000, -1.462940
0.800000, 0.650000, -1.458418
0.850000, 0.650000, -1.402107
0.900000, 0.650000, -1.293963
0.950000, 0.650000, -1.136716
1.000000, 0.650000, -0.935559
1.050000, 0.650000, -0.697702
1.100000, 0.650000, -0.431824
1.150000, 0.650000, -0.147469
1.200000, 0.650000, 0.145596
1.250000, 0.650000, 0.438003
1.300000, 0.650000, 0.721363
1.350000, 0.650000, 0.988760
1.400000, 0.650000, 1.235140
1.450000, 0.650000, 1.457568
1.500000, 0.650000, 1.655341
1.550000, 0.650000, 1.829959
1.600000, 0.650000, 1.984950
1.650000, 0.650000, 2.125571
1.700000, 0.650000, 2.258403
1.750000, 0.650000, 2.390856
1.800000, 0.650000, 2.530642
1.850000, 0.650000, 2.685219
1.900000, 0.650000, 2.861263
1.950000, 0.650000, 3.064191
2.000000, 0.650000, 3.297771
0.000000, 0.700000, -2.452124
0.050000, 0.700000, -2.125481
0.100000, 0.700000, -1.866254
0.150000, 0.700000, -1.678249
0.200000, 0.700000, -1.561457
0.250000, 0.700000, -1.512184
0.300000, 0.700000, -1.523368
0.350000, 0.700000, -1.585066
0.400000, 0.700000, -1.685080
0.450000, 0.700000, -1.809680
0.500000, 0.700000, -1.944390
0.550000, 0.700000, -2.074785
0.600000, 0.700000, -2.187267
0.650000, 0.700000, -2.269762
0.700000, 0.700000, -2.312321
0.750000, 0.700000, -2.307575
0.800000, 0.700000, -2.251040
0.850000, 0.700000, -2.141248
0.900000, 0.700000, -1.979706
0.950000, 0.700000, -1.770684
1.000000, 0.700000, -1.520861
1.050000, 0.700000, -1.238834
1.100000, 0.700000, -0.934544
1.150000, 0.700000, -0.618623
1.200000, 0.700000, -0.301742
1.250000, 0.700000, 0.006050
1.300000, 0.700000, 0.295913
1.350000, 0.700000, 0.560728
1.400000, 0.700000, 0.795494
1.450000, 0.700000, 0.997587
1.500000, 0.700000, 1.166873
1.550000, 0.700000, 1.305672
1.600000, 0.700000, 1.418569
1.650000, 0.700000, 1.512102
1.700000, 0.700000, 1.594324
1.750000, 0.700000, 1.674293
1.800000, 0.700000, 1.761490
1.850000, 0.700000, 1.865236
1.900000, 0.700000, 1.994106
1.950000, 0.700000, 2.155400
2.000000, 0.700000, 2.354690
0.000000, 0.750000, -2.863577
0.050000, 0.750000, -2.578011
0.100000, 0.750000, -2.354607
0.150000, 0.750000, -2.196200
0.200000, 0.750000, -2.102030
0.250000, 0.750000, -2.067857
0.300000, 0.750000, -2.086264
0.350000, 0.750000, -2.147130
0.400000, 0.750000, -2.238236
0.450000, 0.750000, -2.345989
0.500000, 0.750000, -2.456200
0.550000, 0.750000, -2.554884
0.600000, 0.750000, -2.629047
0.650000, 0.750000, -2.667391
0.700000, 0.750000, -2.660921
0.750000, 0.750000, -2.603414
0.800000, 0.750000, -2.491717
0.850000, 0.750000, -2.325875
0.900000, 0.750000, -2.109058
0.950000, 0.750000, -1.847329
1.000000, 0.750000, -1.549224
1.050000, 0.750000, -1.225211
1.100000, 0.750000, -0.887024
1.150000, 0.750000, -0.546942
1.200000, 0.750000, -0.217026
1.250000, 0.750000, 0.091618
1.300000, 0.750000, 0.369523
1.350000, 0.750000, 0.609442
1.400000, 0.750000, 0.806806
1.450000, 0.750000, 0.960012
1.500000, 0.750000, 1.070550
1.550000, 0.750000, 1.142930
1.600000, 0.750000, 1.184448
1.650000, 0.750000, 1.204770
1.700000, 0.750000, 1.215384
1.750000, 0.750000, 1.228930
1.800000, 0.750000, 1.258464
1.850000, 0.750000, 1.316680
1.900000, 0.750000, 1.415151
1.950000, 0.750000, 1.563619
2.000000, 0.750000, 1.769384
0.000000, 0.800000, -2.732593
0.050000, 0.800000, -2.480851
0.100000, 0.800000, -2.283459
0.150000, 0.800000, -2.143074
0.200000, 0.800000, -2.059002
0.250000, 0.800000, -2.027229
0.300000, 0.800000, -2.040647
0.350000, 0.800000, -2.089460
0.400000, 0.800000, -2.161763
0.450000, 0.800000, -2.244248
0.500000, 0.800000, -2.322997
0.550000, 0.800000, -2.384329
0.600000, 0.800000, -2.415637
0.650000, 0.800000, -2.406164
0.700000, 0.800000, -2.347681
0.750000, 0.800000, -2.235013
0.800000, 0.800000, -2.066379
0.850000, 0.800000, -1.843531
0.900000, 0.800000, -1.571670
0.950000, 0.800000, -1.259142
1.000000, 0.800000, -0.916940
1.050000, 0.800000, -0.558019
1.100000, 0.800000, -0.196483
1.150000, 0.800000, 0.153316
1.200000, 0.800000, 0.477717
1.250000, 0.800000, 0.764660
1.300000, 0.800000, 1.004516
1.350000, 0.800000, 1.190781
1.400000, 0.800000, 1.320591
1.450000, 0.800000, 1.395016
1.500000, 0.800000, 1.419112
1.550000, 0.800000, 1.401729
1.600000, 0.800000, 1.355069
1.650000, 0.800000, 1.294026
1.700000, 0.800000, 1.235338
1.750000, 0.800000, 1.196598
1.800000, 0.800000, 1.195188
1.850000, 0.800000, 1.247189
1.900000, 0.800000, 1.366342
1.950000, 0.800000, 1.563126
2.000000, 0.800000, 1.843996
0.000000, 0.850000, -2.165863
0.050000, 0.850000, -1.937852
0.100000, 0.850000, -1.754399
0.150000, 0.850000, -1.618907
0.200000, 0.850000, -1.531642
0.250000, 0.850000, -1.489594
0.300000, 0.850000, -1.486563
0.350000, 0.850000, -1.513470
0.400000, 0.850000, -1.558885
0.450000, 0.850000, -1.609743
0.500000, 0.850000, -1.652203
0.550000, 0.850000, -1.672592
0.600000, 0.850000, -1.658375
0.650000, 0.850000, -1.599083
0.700000, 0.850000, -1.487120
0.750000, 0.850000, -1.318400
0.800000, 0.850000, -1.092761
0.850000, 0.850000, -0.814105
0.900000, 0.850000, -0.490261
0.950000, 0.850000, -0.132561
1.000000, 0.850000, 0.244856
1.050000, 0.850000, 0.625953
1.100000, 0.850000, 0.993885
1.150000, 0.850000, 1.332185
1.200000, 0.850000, 1.625966
1.250000, 0.850000, 1.863063
1.300000, 0.850000, 2.035021
1.350000, 0.850000, 2.137877
1.400000, 0.850000, 2.172639
1.450000, 0.850000, 2.145455
1.500000, 0.850000, 2.067427
1.550000, 0.850000, 1.954076
1.600000, 0.850000, 1.824485
1.650000, 0.850000, 1.700164
1.700000, 0.850000, 1.603714
1.750000, 0.850000, 1.557357
1.800000, 0.850000, 1.581444
1.850000, 0.850000, 1.693031
1.900000, 0.850000, 1.904624
1.950000, 0.850000, 2.223180
2.000000, 0.850000, 2.649438
0.000000, 0.900000, -1.451677
0.050000, 0.900000, -1.235025
0.100000, 0.900000, -1.051863
0.150000, 0.900000, -0.907357
0.200000, 0.900000, -0.803653
0.250000, 0.900000, -0.739479
0.300000, 0.900000, -0.710036
0.350000, 0.900000, -0.707178
0.400000, 0.900000, -0.719918
0.450000, 0.900000, -0.735189
0.500000, 0.900000, -0.738847
0.550000, 0.900000, -0.716808
0.600000, 0.900000, -0.656251
0.650000, 0.900000, -0.546774
0.700000, 0.900000, -0.381412
0.750000, 0.900000, -0.157419
0.800000, 0.900000, 0.123266
0.850000, 0.900000, 0.453904
0.900000, 0.900000, 0.823247
0.950000, 0.900000, 1.216202
1.000000, 0.900000, 1.614850
1.050000, 0.900000, 1.999740
1.100000, 0.900000, 2.351378
1.150000, 0.900000, 2.651795
1.200000, 0.900000, 2.886070
1.250000, 0.900000, 3.043685
1.300000, 0.900000, 3.119618
1.350000, 0.900000, 3.115040
1.400000, 0.900000, 3.037590
1.450000, 0.900000, 2.901152
1.500000, 0.900000, 2.725156
1.550000, 0.900000, 2.533433
1.600000, 0.900000, 2.352683
1.650000, 0.900000, 2.210672
1.700000, 0.900000, 2.134282
1.750000, 0.900000, 2.147537
1.800000, 0.900000, 2.269777
1.850000, 0.900000, 2.514099
1.900000, 0.900000, 2.886191
1.950000, 0.900000, 3.383660
2.000000, 0.900000, 3.995916
0.000000, 0.950000, -0.946497
0.050000, 0.950000, -0.727241
0.100000, 0.950000, -0.529921
0.150000, 0.950000, -0.362531
0.200000, 0.950000, -0.229996
0.250000, 0.950000, -0.133426
0.300000, 0.950000, -0.069750
0.350000, 0.950000, -0.031777
0.400000, 0.950000, -0.008697
0.450000, 0.950000, 0.013007
0.500000, 0.950000, 0.048322
0.550000, 0.950000, 0.112245
0.600000, 0.950000, 0.218234
0.650000, 0.950000, 0.376725
0.700000, 0.950000, 0.593861
0.750000, 0.950000, 0.870562
0.800000, 0.950000, 1.202044
0.850000, 0.950000, 1.577856
0.900000, 0.950000, 1.982454
0.950000, 0.950000, 2.396286
1.000000, 0.950000, 2.797310
1.050000, 0.950000, 3.162832
1.100000, 0.950000, 3.471506
1.150000, 0.950000, 3.705329
1.200000, 0.950000, 3.851457
1.250000, 0.950000, 3.903660
1.300000, 0.950000, 3.863299
1.350000, 0.950000, 3.739689
1.400000, 0.950000, 3.549820
1.450000, 0.950000, 3.317420
1.500000, 0.950000, 3.071414
1.550000, 0.950000, 2.843891
1.600000, 0.950000, 2.667733
1.650000, 0.950000, 2.574083
1.700000, 0.950000, 2.589855
1.750000, 0.950000, 2.735506
1.800000, 0.950000, 3.023229
1.850000, 0.950000, 3.455750
1.900000, 0.950000, 4.025826
1.950000, 0.950000, 4.716503
2.000000, 0.950000, 5.502117
0.000000, 1.000000, -0.934737
0.050000, 1.000000, -0.698097
0.100000, 1.000000, -0.472190
0.150000, 1.000000, -0.268902
0.200000, 1.000000, -0.096767
0.250000, 1.000000, 0.040225
0.300000, 1.000000, 0.143282
0.350000, 1.000000, 0.218863
0.400000, 1.000000, 0.278088
0.450000, 1.000000, 0.335579
0.500000, 1.000000, 0.407827
0.550000, 1.000000, 0.511271
0.600000, 1.000000, 0.660274
0.650000, 1.000000, 0.865235
0.700000, 1.000000, 1.131038
0.750000, 1.000000, 1.456021
0.800000, 1.000000, 1.831600
0.850000, 1.000000, 2.242627
0.900000, 1.000000, 2.668455
0.950000, 1.000000, 3.084664
1.000000, 1.000000, 3.465264
1.050000, 1.000000, 3.785216
1.100000, 1.000000, 4.022991
1.150000, 1.000000, 4.162949
1.200000, 1.000000, 4.197275
1.250000, 1.000000, 4.127273
1.300000, 1.000000, 3.963875
1.350000, 1.000000, 3.727269
1.400000, 1.000000, 3.445662
1.450000, 1.000000, 3.153254
1.500000, 1.000000, 2.887591
1.550000, 1.000000, 2.686512
1.600000, 1.000000, 2.584962
1.650000, 1.000000, 2.611946
1.700000, 1.000000, 2.787918
1.750000, 1.000000, 3.122825
1.800000, 1.000000, 3.615011
1.850000, 1.000000, 4.251079
1.900000, 1.000000, 5.006747
1.950000, 1.000000, 5.848627
2.000000, 1.000000, 6.736789
0.000000, 1.050000, -1.515548
0.050000, 1.050000, -1.246745
0.100000, 1.050000, -0.978660
0.150000, 1.050000, -0.728089
0.200000, 1.050000, -0.507884
0.250000, 1.050000, -0.325232
0.300000, 1.050000, -0.180685
0.350000, 1.050000, -0.068048
0.400000, 1.050000, 0.024836
0.450000, 1.050000, 0.114513
0.500000, 1.050000, 0.219720
0.550000, 1.050000, 0.358825
0.600000, 1.050000, 0.547217
0.650000, 1.050000, 0.794944
0.700000, 1.050000, 1.104916
0.750000, 1.050000, 1.471886
0.800000, 1.050000, 1.882373
0.850000, 1.050000, 2.315575
0.900000, 1.050000, 2.745197
0.950000, 1.050000, 3.142037
1.000000, 1.050000, 3.477067
1.050000, 1.050000, 3.724679
1.100000, 1.050000, 3.865757
1.150000, 1.050000, 3.890229
1.200000, 1.050000, 3.798798
1.250000, 1.050000, 3.603650
1.300000, 1.050000, 3.328006
1.350000, 1.050000, 3.004543
1.400000, 1.050000, 2.672797
1.450000, 1.050000, 2.375783
1.500000, 1.050000, 2.156155
1.550000, 1.050000, 2.052274
1.600000, 1.050000, 2.094574
1.650000, 1.050000, 2.302595
1.700000, 1.050000, 2.682976
1.750000, 1.050000, 3.228625
1.800000, 1.050000, 3.919159
1.850000, 1.050000, 4.722571
1.900000, 1.050000, 5.597989
1.950000, 1.050000, 6.499240
2.000000, 1.050000, 7.378891
0.000000, 1.100000, -2.560094
0.050000, 1.100000, -2.245176
0.100000, 1.100000, -1.922934
0.150000, 1.100000, -1.616005
0.200000, 1.100000, -1.342111
0.250000, 1.100000, -1.111732
0.300000, 1.100000, -0.926819
0.350000, 1.100000, -0.780717
0.400000, 1.100000, -0.659287
0.450000, 1.100000, -0.543109
0.500000, 1.100000, -0.410447
0.550000, 1.100000, -0.240620
0.600000, 1.100000, -0.017321
0.650000, 1.100000, 0.268552
0.700000, 1.100000, 0.616938
0.750000, 1.100000, 1.017803
0.800000, 1.100000, 1.451640
0.850000, 1.100000, 1.891238
0.900000, 1.100000, 2.304566
0.950000, 1.100000, 2.658442
1.000000, 1.100000, 2.922573
1.050000, 1.100000, 3.073488
1.100000, 1.100000, 3.097878
1.150000, 1.100000, 2.994943
1.200000, 1.100000, 2.777413
1.250000, 1.100000, 2.471090
1.300000, 1.100000, 2.112916
1.350000, 1.100000, 1.747728
1.400000, 1.100000, 1.424041
1.450000, 1.100000, 1.189294
1.500000, 1.100000, 1.085077
1.550000, 1.100000, 1.142846
1.600000, 1.100000, 1.380625
1.650000, 1.100000, 1.801036
1.700000, 1.100000, 2.390893
1.750000, 1.100000, 3.122415
1.800000, 1.100000, 3.955921
1.850000, 1.100000, 4.843723
1.900000, 1.100000, 5.734796
1.950000, 1.100000, 6.579722
2.000000, 1.100000, 7.335365
0.000000, 1.150000, -3.755916
0.050000, 1.150000, -3.382526
0.100000, 1.150000, -2.996450
0.150000, 1.150000, -2.626957
0.200000, 1.150000, -2.296999
0.250000, 1.150000, -2.020200
0.300000, 1.150000, -1.799285
0.350000, 1.150000, -1.626153
0.400000, 1.150000, -1.483564
0.450000, 1.150000, -1.348188
0.500000, 1.150000, -1.194593
0.550000, 1.150000, -0.999591
0.600000, 1.150000, -0.746339
0.650000, 1.150000, -0.427593
0.700000, 1.150000, -0.047643
0.750000, 1.150000, 0.377385
0.800000, 1.150000, 0.820938
0.850000, 1.150000, 1.249037
0.900000, 1.150000, 1.624482
0.950000, 1.150000, 1.911764
1.000000, 1.150000, 2.082031
1.050000, 1.150000, 2.117459
1.100000, 1.150000, 2.014442
1.150000, 1.150000, 1.785143
1.200000, 1.150000, 1.457146
1.250000, 1.150000, 1.071218
1.300000, 1.150000, 0.677373
1.350000, 1.150000, 0.329716
1.400000, 1.150000, 0.080627
1.450000, 1.150000, -0.024986
1.500000, 1.150000, 0.045304
1.550000, 1.150000, 0.307777
1.600000, 1.150000, 0.760704
1.650000, 1.150000, 1.384507
1.700000, 1.150000, 2.143921
1.750000, 1.150000, 2.991903
1.800000, 1.150000, 3.874814
1.850000, 1.150000, 4.738249
1.900000, 1.150000, 5.532819
1.950000, 1.150000, 6.219193
2.000000, 1.150000, 6.771836
0.000000, 1.200000, -4.721698
0.050000, 1.200000, -4.279766
0.100000, 1.200000, -3.823036
0.150000, 1.200000, -3.388044
0.200000, 1.200000, -3.003108
0.250000, 1.200000, -2.684585
0.300000, 1.200000, -2.435077
0.350000, 1.200000, -2.243830
0.400000, 1.200000, -2.089229
0.450000, 1.200000, -1.942997
0.500000, 1.200000, -1.775433
0.550000, 1.200000, -1.560903
0.600000, 1.200000, -1.282743
0.650000, 1.200000, -0.936793
0.700000, 1.200000, -0.533025
0.750000, 1.200000, -0.094963
0.800000, 1.200000, 0.343075
0.850000, 1.200000, 0.740554
0.900000, 1.200000, 1.056492
0.950000, 1.200000, 1.255628
1.000000, 1.200000, 1.314092
1.050000, 1.200000, 1.223764
1.100000, 1.200000, 0.994648
1.150000, 1.200000, 0.654882
1.200000, 1.200000, 0.248308
1.250000, 1.200000, -0.170137
1.300000, 1.200000, -0.540624
1.350000, 1.200000, -0.805453
1.400000, 1.200000, -0.915956
1.450000, 1.200000, -0.838388
1.500000, 1.200000, -0.558015
1.550000, 1.200000, -0.080865
1.600000, 1.200000, 0.567090
1.650000, 1.200000, 1.343216
1.700000, 1.200000, 2.193511
1.750000, 1.200000, 3.059207
1.800000, 1.200000, 3.883809
1.850000, 1.200000, 4.619635
1.900000, 1.200000, 5.233022
1.950000, 1.200000, 5.707528
2.000000, 1.200000, 6.044764
0.000000, 1.250000, -5.148858
0.050000, 1.250000, -4.631159
0.100000, 1.250000, -4.100219
0.150000, 1.250000, -3.600281
0.200000, 1.250000, -3.164936
0.250000, 1.250000, -2.812595
0.300000, 1.250000, -2.544581
0.350000, 1.250000, -2.346082
0.400000, 1.250000, -2.189755
0.450000, 1.250000, -2.041386
0.500000, 1.250000, -1.866644
0.550000, 1.250000, -1.637836
0.600000, 1.250000, -1.339543
0.650000, 1.250000, -0.972210
0.700000, 1.250000, -0.553058
0.750000, 1.250000, -0.114143
0.800000, 1.250000, 0.302194
0.850000, 1.250000, 0.649826
0.900000, 1.250000, 0.886284
0.950000, 1.250000, 0.980007
1.000000, 1.250000, 0.916266
1.050000, 1.250000, 0.700791
1.100000, 1.250000, 0.360501
1.150000, 1.250000, -0.058871
1.200000, 1.250000, -0.497961
1.250000, 1.250000, -0.891086
1.300000, 1.250000, -1.174639
1.350000, 1.250000, -1.295384
1.400000, 1.250000, -1.217440
1.450000, 1.250000, -0.926969
1.500000, 1.250000, -0.433866
1.550000, 1.250000, 0.229763
1.600000, 1.250000, 1.014127
1.650000, 1.250000, 1.858593
1.700000, 1.250000, 2.699853
1.750000, 1.250000, 3.480234
1.800000, 1.250000, 4.154939
1.850000, 1.250000, 4.697211
1.900000, 1.250000, 5.100716
1.950000, 1.250000, 5.378860
2.000000, 1.250000, 5.561232
0.000000, 1.300000, -4.916101
0.050000, 1.300000, -4.318658
0.100000, 1.300000, -3.713437
0.150000, 1.300000, -3.152630
0.200000, 1.300000, -2.674754
0.250000, 1.300000, -2.299345
0.300000, 1.300000, -2.025061
0.350000, 1.300000, -1.831467
0.400000, 1.300000, -1.684116
0.450000, 1.300000, -1.542007
0.500000, 1.300000, -1.366103
0.550000, 1.300000, -1.127407
0.600000, 1.300000, -0.813185
0.650000, 1.300000, -0.430234
0.700000, 1.300000, -0.004579
0.750000, 1.300000, 0.422377
0.800000, 1.300000, 0.800666
0.850000, 1.300000, 1.080402
0.900000, 1.300000, 1.220833
0.950000, 1.300000, 1.198262
1.000000, 1.300000, 1.011485
1.050000, 1.300000, 0.683764
1.100000, 1.300000, 0.260943
1.150000, 1.300000, -0.194098
1.200000, 1.300000, -0.609832
1.250000, 1.300000, -0.916023
1.300000, 1.300000, -1.053690
1.350000, 1.300000, -0.983519
1.400000, 1.300000, -0.691406
1.450000, 1.300000, -0.190267
1.500000, 1.300000, 0.482160
1.550000, 1.300000, 1.269167
1.600000, 1.300000, 2.103634
1.650000, 1.300000, 2.917935
1.700000, 1.300000, 3.653614
1.750000, 1.300000, 4.269333
1.800000, 1.300000, 4.745860
1.850000, 1.300000, 5.087367
1.900000, 1.300000, 5.318939
1.950000, 1.300000, 5.480777
2.000000, 1.300000, 5.620137
0.000000, 1.350000, -4.133361
0.050000, 1.350000, -3.455672
0.100000, 1.350000, -2.779619
0.150000, 1.350000, -2.165371
0.200000, 1.350000, -1.655802
0.250000, 1.350000, -1.270393
0.300000, 1.350000, -1.003553
0.350000, 1.350000, -0.827564
0.400000, 1.350000, -0.699546
0.450000, 1.350000, -0.571079
0.500000, 1.350000, -0.398695
0.550000, 1.350000, -0.153259
0.600000, 1.350000, 0.173497
0.650000, 1.350000, 0.566527
0.700000, 1.350000, 0.989600
0.750000, 1.350000, 1.391660
0.800000, 1.350000, 1.716294
0.850000, 1.350000, 1.912620
0.900000, 1.350000, 1.945618
0.950000, 1.350000, 1.804015
1.000000, 1.350000, 1.504242
1.050000, 1.350000, 1.089664
1.100000, 1.350000, 0.625118
1.150000, 1.350000, 0.187607
1.200000, 1.350000, -0.145298
1.250000, 1.350000, -0.307404
1.300000, 1.350000, -0.254156
1.350000, 1.350000, 0.030535
1.400000, 1.350000, 0.532057
1.450000, 1.350000, 1.207823
1.500000, 1.350000, 1.994477
1.550000, 1.350000, 2.818318
1.600000, 1.350000, 3.607161
1.650000, 1.350000, 4.301574
1.700000, 1.350000, 4.863611
1.750000, 1.350000, 5.281571
1.800000, 1.350000, 5.570051
1.850000, 1.350000, 5.765396
1.900000, 1.350000, 5.917430
1.950000, 1.350000, 6.079061
2.000000, 1.350000, 6.295635
0.000000, 1.400000, -3.098490
0.050000, 1.400000, -2.343557
0.100000, 1.400000, -1.603475
0.150000, 1.400000, -0.946223
0.200000, 1.400000, -0.418233
0.250000, 1.400000, -0.037547
0.300000, 1.400000, 0.207420
0.350000, 1.400000, 0.353363
0.400000, 1.400000, 0.452798
0.450000, 1.400000, 0.561904
0.500000, 1.400000, 0.727896
0.550000, 1.400000, 0.978454
0.600000, 1.400000, 1.315302
0.650000, 1.400000, 1.713211
0.700000, 1.400000, 2.124670
0.750000, 1.400000, 2.489327
0.800000, 1.400000, 2.746408
0.850000, 1.400000, 2.847686
0.900000, 1.400000, 2.768472
0.950000, 1.400000, 2.514451
1.000000, 1.400000, 2.122938
1.050000, 1.400000, 1.658222
1.100000, 1.400000, 1.201735
1.150000, 1.400000, 0.838822
1.200000, 1.400000, 0.644503
1.250000, 1.400000, 0.670844
1.300000, 1.400000, 0.938261
1.350000, 1.400000, 1.432361
1.400000, 1.400000, 2.106880
1.450000, 1.400000, 2.892171
1.500000, 1.400000, 3.707640
1.550000, 1.400000, 4.475817
1.600000, 1.400000, 5.135458
1.650000, 1.400000, 5.651274
1.700000, 1.400000, 6.018542
1.750000, 1.400000, 6.261832
1.800000, 1.400000, 6.428210
1.850000, 1.400000, 6.576318
1.900000, 1.400000, 6.763513
1.950000, 1.400000, 7.033589
2.000000, 1.400000, 7.407495
0.000000, 1.450000, -2.183291
0.050000, 1.450000, -1.357461
0.100000, 1.450000, -0.563165
0.150000, 1.450000, 0.124164
0.200000, 1.450000, 0.655523
0.250000, 1.450000, 1.015877
0.300000, 1.450000, 1.224646
0.350000, 1.450000, 1.329168
0.400000, 1.450000, 1.392600
0.450000, 1.450000, 1.478852
0.500000, 1.450000, 1.637744
0.550000, 1.450000, 1.893497
0.600000, 1.450000, 2.238992
0.650000, 1.450000, 2.636993
0.700000, 1.450000, 3.028117
0.750000, 1.450000, 3.343888
0.800000, 1.450000, 3.522187
0.850000, 1.450000, 3.521856
0.900000, 1.450000, 3.333388
0.950000, 1.450000, 2.983405
1.000000, 1.450000, 2.531884
1.050000, 1.450000, 2.062562
1.100000, 1.450000, 1.668343
1.150000, 1.450000, 1.434564
1.200000, 1.450000, 1.423425
1.250000, 1.450000, 1.662669
1.300000, 1.450000, 2.140754
1.350000, 1.450000, 2.809481
1.400000, 1.450000, 3.593525
1.450000, 1.450000, 4.404953
1.500000, 1.450000, 5.159835
1.550000, 1.450000, 5.793617
1.600000, 1.450000, 6.272244
1.650000, 1.450000, 6.596857
1.700000, 1.450000, 6.801245
1.750000, 1.450000, 6.942692
1.800000, 1.450000, 7.088196
1.850000, 1.450000, 7.298998
1.900000, 1.450000, 7.616641
1.950000, 1.450000, 8.053503
2.000000, 1.450000, 8.589743
0.000000, 1.500000, -1.692458
0.050000, 1.500000, -0.805078
0.100000, 1.500000, 0.031120
0.150000, 1.500000, 0.733759
0.200000, 1.500000, 1.252418
0.250000, 1.500000, 1.576763
0.300000, 1.500000, 1.735945
0.350000, 1.500000, 1.789511
0.400000, 1.500000, 1.811981
0.450000, 1.500000, 1.874547
0.500000, 1.500000, 2.028011
0.550000, 1.500000, 2.290750
0.600000, 1.500000, 2.644388
0.650000, 1.500000, 3.038122
0.700000, 1.500000, 3.400759
0.750000, 1.500000, 3.657781
0.800000, 1.500000, 3.749639
0.850000, 1.500000, 3.647184
0.900000, 1.500000, 3.360748
0.950000, 1.500000, 2.940754
1.000000, 1.500000, 2.469577
1.050000, 1.500000, 2.046290
1.100000, 1.500000, 1.767481
1.150000, 1.500000, 1.708209
1.200000, 1.500000, 1.907154
1.250000, 1.500000, 2.359127
1.300000, 1.500000, 3.016536
1.350000, 1.500000, 3.799490
1.400000, 1.500000, 4.612349
1.450000, 1.500000, 5.363190
1.500000, 1.500000, 5.982015
1.550000, 1.500000, 6.433847
1.600000, 1.500000, 6.723978
1.650000, 1.500000, 6.894361
1.700000, 1.500000, 7.012064
1.750000, 1.500000, 7.152437
1.800000, 1.500000, 7.380765
1.850000, 1.500000, 7.736526
1.900000, 1.500000, 8.223735
1.950000, 1.500000, 8.809544
2.000000, 1.500000, 9.431409
0.000000, 1.550000, -1.749238
0.050000, 1.550000, -0.812141
0.100000, 1.550000, 0.051798
0.150000, 1.550000, 0.753895
0.200000, 1.550000, 1.243582
0.250000, 1.550000, 1.517016
0.300000, 1.550000, 1.614953
0.350000, 1.550000, 1.610554
0.400000, 1.550000, 1.590077
0.450000, 1.550000, 1.631067
0.500000, 1.550000, 1.783207
0.550000, 1.550000, 2.056327
0.600000, 1.550000, 2.418390
0.650000, 1.550000, 2.803898
0.700000, 1.550000, 3.130716
0.750000, 1.550000, 3.321320
0.800000, 1.550000, 3.323414
0.850000, 1.550000, 3.124991
0.900000, 1.550000, 2.760183
0.950000, 1.550000, 2.304389
1.000000, 1.550000, 1.859657
1.050000, 1.550000, 1.533567
1.100000, 1.550000, 1.416408
1.150000, 1.550000, 1.561840
1.200000, 1.550000, 1.975462
1.250000, 1.550000, 2.613915
1.300000, 1.550000, 3.394702
1.350000, 1.550000, 4.214490
1.400000, 1.550000, 4.971685
1.450000, 1.550000, 5.588131
1.500000, 1.550000, 6.025006
1.550000, 1.550000, 6.289338
1.600000, 1.550000, 6.429790
1.650000, 1.550000, 6.522815
1.700000, 1.550000, 6.652557
1.750000, 1.550000, 6.889282
1.800000, 1.550000, 7.271463
1.850000, 1.550000, 7.795770
1.900000, 1.550000, 8.417318
1.950000, 1.550000, 9.060161
2.000000, 1.550000, 9.635547
0.000000, 1.600000, -2.251375
0.050000, 1.600000, -1.278233
0.100000, 1.600000, -0.401811
0.150000, 1.600000, 0.283617
0.200000, 1.600000, 0.728696
0.250000, 1.600000, 0.937891
0.300000, 1.600000, 0.965379
0.350000, 1.600000, 0.899098
0.400000, 1.600000, 0.837014
0.450000, 1.600000, 0.861590
0.500000, 1.600000, 1.018822
0.550000, 1.600000, 1.307064
0.600000, 1.600000, 1.678380
0.650000, 1.600000, 2.052049
0.700000, 1.600000, 2.336773
0.750000, 1.600000, 2.455998
0.800000, 1.600000, 2.369914
0.850000, 1.600000, 2.088560
0.900000, 1.600000, 1.672593
0.950000, 1.600000, 1.221392
1.000000, 1.600000, 0.851267
1.050000, 1.600000, 0.669028
1.100000, 1.600000, 0.747348
1.150000, 1.600000, 1.107928
1.200000, 1.600000, 1.716577
1.250000, 1.600000, 2.491439
1.300000, 1.600000, 3.322330
1.350000, 1.600000, 4.096493
1.400000, 1.600000, 4.724487
1.450000, 1.600000, 5.159918
1.500000, 1.600000, 5.408297
1.550000, 1.600000, 5.522950
1.600000, 1.600000, 5.589187
1.650000, 1.600000, 5.700761
1.700000, 1.600000, 5.934587
1.750000, 1.600000, 6.330090
1.800000, 1.600000, 6.878368
1.850000, 1.600000, 7.523902
1.900000, 1.600000, 8.178404
1.950000, 1.600000, 8.743370
2.000000, 1.600000, 9.135678
0.000000, 1.650000, -2.914006
0.050000, 1.650000, -1.919579
0.100000, 1.650000, -1.046221
0.150000, 1.650000, -0.393029
0.200000, 1.650000, -0.006759
0.250000, 1.650000, 0.127176
0.300000, 1.650000, 0.078061
0.350000, 1.650000, -0.050517
0.400000, 1.650000, -0.149367
0.450000, 1.650000, -0.133073
0.500000, 1.650000, 0.037695
0.550000, 1.650000, 0.346766
0.600000, 1.650000, 0.728400
0.650000, 1.650000, 1.086881
0.700000, 1.650000, 1.324516
0.750000, 1.650000, 1.370530
0.800000, 1.650000, 1.203082
0.850000, 1.650000, 0.858450
0.900000, 1.650000, 0.424793
0.950000, 1.650000, 0.021952
1.000000, 1.650000, -0.227539
1.050000, 1.650000, -0.228741
1.100000, 1.650000, 0.061969
1.150000, 1.650000, 0.625941
1.200000, 1.650000, 1.386914
1.250000, 1.650000, 2.230115
1.300000, 1.650000, 3.030840
1.350000, 1.650000, 3.685116
1.400000, 1.650000, 4.134513
1.450000, 1.650000, 4.378741
1.500000, 1.650000, 4.472890
1.550000, 1.650000, 4.510186
1.600000, 1.650000, 4.594971
1.650000, 1.650000, 4.813138
1.700000, 1.650000, 5.207893
1.750000, 1.650000, 5.767335
1.800000, 1.650000, 6.427125
1.850000, 1.650000, 7.087596
1.900000, 1.650000, 7.640761
1.950000, 1.650000, 8.000073
2.000000, 1.650000, 8.125024
0.000000, 1.700000, -3.382900
0.050000, 1.700000, -2.382228
0.100000, 1.700000, -1.526942
0.150000, 1.700000, -0.920201
0.200000, 1.700000, -0.604774
0.250000, 1.700000, -0.554200
0.300000, 1.700000, -0.682571
0.350000, 1.700000, -0.870126
0.400000, 1.700000, -0.997425
0.450000, 1.700000, -0.978576
0.500000, 1.700000, -0.784250
0.550000, 1.700000, -0.448158
0.600000, 1.700000, -0.055259
0.650000, 1.700000, 0.284863
0.700000, 1.700000, 0.471890
0.750000, 1.700000, 0.446295
0.800000, 1.700000, 0.209545
0.850000, 1.700000, -0.172849
0.900000, 1.700000, -0.586447
0.950000, 1.700000, -0.897124
1.000000, 1.700000, -0.986416
1.050000, 1.700000, -0.783209
1.100000, 1.700000, -0.283023
1.150000, 1.700000, 0.450506
1.200000, 1.700000, 1.302360
1.250000, 1.700000, 2.136527
1.300000, 1.700000, 2.831670
1.350000, 1.700000, 3.312304
1.400000, 1.700000, 3.566932
1.450000, 1.700000, 3.648281
1.500000, 1.700000, 3.655745
1.550000, 1.700000, 3.705079
1.600000, 1.700000, 3.893948
1.650000, 1.700000, 4.273044
1.700000, 1.700000, 4.830905
1.750000, 1.700000, 5.496721
1.800000, 1.700000, 6.160363
1.850000, 1.700000, 6.704016
1.900000, 1.700000, 7.036555
1.950000, 1.700000, 7.120980
2.000000, 1.700000, 6.987131
0.000000, 1.750000, -3.374556
0.050000, 1.750000, -2.382132
0.100000, 1.750000, -1.558591
0.150000, 1.750000, -1.010434
0.200000, 1.750000, -0.775109
0.250000, 1.750000, -0.812611
0.300000, 1.750000, -1.019123
0.350000, 1.750000, -1.258562
0.400000, 1.750000, -1.402733
0.450000, 1.750000, -1.368236
0.500000, 1.750000, -1.139327
0.550000, 1.750000, -0.770103
0.600000, 1.750000, -0.365482
0.650000, 1.750000, -0.046786
0.700000, 1.750000, 0.087756
0.750000, 1.750000, -0.004261
0.800000, 1.750000, -0.293297
0.850000, 1.750000, -0.683308
0.900000, 1.750000, -1.037294
0.950000, 1.750000, -1.215576
1.000000, 1.750000, -1.115611
1.050000, 1.750000, -0.701662
1.100000, 1.750000, -0.015603
1.150000, 1.750000, 0.834386
1.200000, 1.750000, 1.703954
1.250000, 1.750000, 2.452805
1.300000, 1.750000, 2.983288
1.350000, 1.750000, 3.266162
1.400000, 1.750000, 3.346119
1.450000, 1.750000, 3.325625
1.500000, 1.750000, 3.332015
1.550000, 1.750000, 3.477701
1.600000, 1.750000, 3.825349
1.650000, 1.750000, 4.368384
1.700000, 1.750000, 5.032619
1.750000, 1.750000, 5.698551
1.800000, 1.750000, 6.237706
1.850000, 1.750000, 6.552262
1.900000, 1.750000, 6.606148
1.950000, 1.750000, 6.438326
2.000000, 1.750000, 6.154162
0.000000, 1.800000, -2.789366
0.050000, 1.800000, -1.818340
0.100000, 1.800000, -1.038162
0.150000, 1.800000, -0.558036
0.200000, 1.800000, -0.408823
0.250000, 1.800000, -0.535446
0.300000, 1.800000, -0.815132
0.350000, 1.800000, -1.095757
0.400000, 1.800000, -1.242371
0.450000, 1.800000, -1.177480
0.500000, 1.800000, -0.902653
0.550000, 1.800000, -0.494865
0.600000, 1.800000, -0.078910
0.650000, 1.800000, 0.215339
0.700000, 1.800000, 0.297292
0.750000, 1.800000, 0.147611
0.800000, 1.800000, -0.172369
0.850000, 1.800000, -0.536883
0.900000, 1.800000, -0.792715
0.950000, 1.800000, -0.805515
1.000000, 1.800000, -0.501086
1.050000, 1.800000, 0.111209
1.100000, 1.800000, 0.940241
1.150000, 1.800000, 1.839635
1.200000, 1.800000, 2.650894
1.250000, 1.800000, 3.249848
1.300000, 1.800000, 3.582153
1.350000, 1.800000, 3.676981
1.400000, 1.800000, 3.634835
1.450000, 1.800000, 3.593468
1.500000, 1.800000, 3.682682
1.550000, 1.800000, 3.982221
1.600000, 1.800000, 4.495966
1.650000, 1.800000, 5.150512
1.700000, 1.800000, 5.818599
1.750000, 1.800000, 6.360045
1.800000, 1.800000, 6.667368
1.850000, 1.800000, 6.701773
1.900000, 1.800000, 6.508126
1.950000, 1.800000, 6.204108
2.000000, 1.800000, 5.946700
0.000000, 1.850000, -1.754364
0.050000, 1.850000, -0.815824
0.100000, 1.850000, -0.087963
0.150000, 1.850000, 0.317837
0.200000, 1.850000, 0.378464
0.250000, 1.850000, 0.165450
0.300000, 1.850000, -0.178717
0.350000, 1.850000, -0.486576
0.400000, 1.850000, -0.618933
0.450000, 1.850000, -0.507989
0.500000, 1.850000, -0.176350
0.550000, 1.850000, 0.274146
0.600000, 1.850000, 0.699883
0.650000, 1.850000, 0.966694
0.700000, 1.850000, 0.997816
0.750000, 1.850000, 0.802605
0.800000, 1.850000, 0.476410
0.850000, 1.850000, 0.171482
0.900000, 1.850000, 0.048385
0.950000, 1.850000, 0.223784
1.000000, 1.850000, 0.731760
1.050000, 1.850000, 1.511400
1.100000, 1.850000, 2.424821
1.150000, 1.850000, 3.299849
1.200000, 1.850000, 3.983499
1.250000, 1.850000, 4.388898
1.300000, 1.850000, 4.520438
1.350000, 1.850000, 4.469103
1.400000, 1.850000, 4.379722
1.450000, 1.850000, 4.401048
1.500000, 1.850000, 4.635221
1.550000, 1.850000, 5.103306
1.600000, 1.850000, 5.738277
1.650000, 1.850000, 6.407761
1.700000, 1.850000, 6.959030
1.750000, 1.850000, 7.271379
1.800000, 1.850000, 7.298551
1.850000, 1.850000, 7.087122
1.900000, 1.850000, 6.764599
1.950000, 1.850000, 6.500956
2.000000, 1.850000, 6.456002
0.000000, 1.900000, -0.578961
0.050000, 1.900000, 0.318673
0.100000, 1.900000, 0.988384
0.150000, 1.900000, 1.317005
0.200000, 1.900000, 1.290211
0.250000, 1.900000, 0.997210
0.300000, 1.900000, 0.600672
0.350000, 1.900000, 0.282249
0.400000, 1.900000, 0.182396
0.450000, 1.900000, 0.355140
0.500000, 1.900000, 0.753259
0.550000, 1.900000, 1.248755
0.600000, 1.900000, 1.681312
0.650000, 1.900000, 1.917752
0.700000, 1.900000, 1.901701
0.750000, 1.900000, 1.676091
0.800000, 1.900000, 1.370579
0.850000, 1.900000, 1.158090
0.900000, 1.900000, 1.195492
0.950000, 1.900000, 1.568876
1.000000, 1.900000, 2.262442
1.050000, 1.900000, 3.161833
1.100000, 1.900000, 4.090910
1.150000, 1.900000, 4.869433
1.200000, 1.900000, 5.371901
1.250000, 1.900000, 5.567419
1.300000, 1.900000, 5.527025
1.350000, 1.900000, 5.396153
1.400000, 1.900000, 5.341932
1.450000, 1.900000, 5.493706
1.500000, 1.900000, 5.897445
1.550000, 1.900000, 6.499869
1.600000, 1.900000, 7.167795
1.650000, 1.900000, 7.735941
1.700000, 1.900000, 8.066585
1.750000, 1.900000, 8.100280
1.800000, 1.900000, 7.879919
1.850000, 1.900000, 7.539614
1.900000, 1.900000, 7.262015
1.950000, 1.900000, 7.218602
2.000000, 1.900000, 7.513397
0.000000, 1.950000, 0.359651
0.050000, 1.950000, 1.211086
0.100000, 1.950000, 1.820224
0.150000, 1.950000, 2.072353
0.200000, 1.950000, 1.962855
0.250000, 1.950000, 1.599656
0.300000, 1.950000, 1.165784
0.350000, 1.950000, 0.855503
0.400000, 1.950000, 0.807112
0.450000, 1.950000, 1.056614
0.500000, 1.950000, 1.528890
0.550000, 1.950000, 2.069331
0.600000, 1.950000, 2.504191
0.650000, 1.950000, 2.707464
0.700000, 1.950000, 2.649778
0.750000, 1.950000, 2.411343
0.800000, 1.950000, 2.154146
0.850000, 1.950000, 2.063429
0.900000, 1.950000, 2.279744
0.950000, 1.950000, 2.846336
1.000000, 1.950000, 3.691106
1.050000, 1.950000, 4.649868
1.100000, 1.950000, 5.522619
1.150000, 1.950000, 6.142591
1.200000, 1.950000, 6.433190
1.250000, 1.950000, 6.432346
1.300000, 1.950000, 6.275647
1.350000, 1.950000, 6.144567
1.400000, 1.950000, 6.198792
1.450000, 1.950000, 6.517352
1.500000, 1.950000, 7.070037
1.550000, 1.950000, 7.729495
1.600000, 1.950000, 8.319544
1.650000, 1.950000, 8.682037
1.700000, 1.950000, 8.737793
1.750000, 1.950000, 8.519241
1.800000, 1.950000, 8.162685
1.850000, 1.950000, 7.862754
1.900000, 1.950000, 7.805385
1.950000, 1.950000, 8.103456
2.000000, 1.950000, 8.758298
0.000000, 2.000000, 0.757862
0.050000, 2.000000, 1.561220
0.100000, 2.000000, 2.110868
0.150000, 2.000000, 2.290640
0.200000, 2.000000, 2.106420
0.250000, 2.000000, 1.685740
0.300000, 2.000000, 1.231855
0.350000, 2.000000, 0.949657
0.400000, 2.000000, 0.971501
0.450000, 2.000000, 1.311046
0.500000, 2.000000, 1.862460
0.550000, 2.000000, 2.445070
0.600000, 2.000000, 2.876126
0.650000, 2.000000, 3.043707
0.700000, 2.000000, 2.951731
0.750000, 2.000000, 2.719771
0.800000, 2.000000, 2.537679
0.850000, 2.000000, 2.592350
0.900000, 2.000000, 2.994663
0.950000, 2.000000, 3.734612
1.000000, 2.000000, 4.681931
1.050000, 2.000000, 5.632181
1.100000, 2.000000, 6.380925
1.150000, 2.000000, 6.797896
1.200000, 2.000000, 6.873089
1.250000, 2.000000, 6.717381
1.300000, 2.000000, 6.517669
1.350000, 2.000000, 6.463805
1.400000, 2.000000, 6.675360
1.450000, 2.000000, 7.156254
1.500000, 2.000000, 7.794565
1.550000, 2.000000, 8.407544
1.600000, 2.000000, 8.814515
1.650000, 2.000000, 8.909651
1.700000, 2.000000, 8.706607
1.750000, 2.000000, 8.337739
1.800000, 2.000000, 8.007940
1.850000, 2.000000, 7.920463
1.900000, 2.000000, 8.202843
1.950000, 2.000000, 8.860961
2.000000, 2.000000, 9.778653
