0.000000, 0.000000, 0.158138
0.050000, 0.000000, -0.092831
0.100000, 0.000000, -0.317708
0.150000, 0.000000, -0.515882
0.200000, 0.000000, -0.688321
0.250000, 0.000000, -0.837432
0.300000, 0.000000, -0.966848
0.350000, 0.000000, -1.081156
0.400000, 0.000000, -1.185583
0.450000, 0.000000, -1.285657
0.500000, 0.000000, -1.386867
0.550000, 0.000000, -1.494337
0.600000, 0.000000, -1.612536
0.650000, 0.000000, -1.745038
0.700000, 0.000000, -1.894346
0.750000, 0.000000, -2.061792
0.800000, 0.000000, -2.247507
0.850000, 0.000000, -2.450480
0.900000, 0.000000, -2.668685
0.950000, 0.000000, -2.899269
1.000000, 0.000000, -3.138798
1.050000, 0.000000, -3.383538
1.100000, 0.000000, -3.629759
1.150000, 0.000000, -3.874025
1.200000, 0.000000, -4.113484
1.250000, 0.000000, -4.346109
1.300000, 0.000000, -4.570889
1.350000, 0.000000, -4.787957
1.400000, 0.000000, -4.998642
1.450000, 0.000000, -5.205449
1.500000, 0.000000, -5.411952
1.550000, 0.000000, -5.622619
1.600000, 0.000000, -5.842574
1.650000, 0.000000, -6.077307
1.700000, 0.000000, -6.332345
1.750000, 0.000000, -6.612916
1.800000, 0.000000, -6.923607
1.850000, 0.000000, -7.268049
1.900000, 0.000000, -7.648652
1.950000, 0.000000, -8.066382
2.000000, 0.000000, -8.520628
0.000000, 0.050000, 0.247030
0.050000, 0.050000, 0.038678
0.100000, 0.050000, -0.145950
0.150000, 0.050000, -0.307678
0.200000, 0.050000, -0.448700
0.250000, 0.050000, -0.572369
0.300000, 0.050000, -0.682938
0.350000, 0.050000, -0.785249
0.400000, 0.050000, -0.884407
0.450000, 0.050000, -0.985448
0.500000, 0.050000, -1.093026
0.550000, 0.050000, -1.211134
0.600000, 0.050000, -1.342875
0.650000, 0.050000, -1.490301
0.700000, 0.050000, -1.654319
0.750000, 0.050000, -1.834676
0.800000, 0.050000, -2.030026
0.850000, 0.050000, -2.238064
0.900000, 0.050000, -2.455722
0.950000, 0.050000, -2.679424
1.000000, 0.050000, -2.905364
1.050000, 0.050000, -3.129815
1.100000, 0.050000, -3.349421
1.150000, 0.050000, -3.561482
1.200000, 0.050000, -3.764192
1.250000, 0.050000, -3.956827
1.300000, 0.050000, -4.139863
1.350000, 0.050000, -4.315021
1.400000, 0.050000, -4.485239
1.450000, 0.050000, -4.654548
1.500000, 0.050000, -4.827898
1.550000, 0.050000, -5.010894
1.600000, 0.050000, -5.209505
1.650000, 0.050000, -5.429718
1.700000, 0.050000, -5.677192
1.750000, 0.050000, -5.956906
1.800000, 0.050000, -6.272836
1.850000, 0.050000, -6.627674
1.900000, 0.050000, -7.022610
1.950000, 0.050000, -7.457185
2.000000, 0.050000, -7.929230
0.000000, 0.100000, 0.388571
0.050000, 0.100000, 0.220467
0.100000, 0.100000, 0.072264
0.150000, 0.100000, -0.058112
0.200000, 0.100000, -0.173827
0.250000, 0.100000, -0.278879
0.300000, 0.100000, -0.377800
0.350000, 0.100000, -0.475333
0.400000, 0.100000, -0.576116
0.450000, 0.100000, -0.684373
0.500000, 0.100000, -0.803651
0.550000, 0.100000, -0.936601
0.600000, 0.100000, -1.084827
0.650000, 0.100000, -1.248806
0.700000, 0.100000, -1.427884
0.750000, 0.100000, -1.620353
0.800000, 0.100000, -1.823593
0.850000, 0.100000, -2.034280
0.900000, 0.100000, -2.248643
0.950000, 0.100000, -2.462753
1.000000, 0.100000, -2.672831
1.050000, 0.100000, -2.875544
1.100000, 0.100000, -3.068290
1.150000, 0.100000, -3.249434
1.200000, 0.100000, -3.418488
1.250000, 0.100000, -3.576233
1.300000, 0.100000, -3.724750
1.350000, 0.100000, -3.867383
1.400000, 0.100000, -4.008610
1.450000, 0.100000, -4.153854
1.500000, 0.100000, -4.309214
1.550000, 0.100000, -4.481151
1.600000, 0.100000, -4.676146
1.650000, 0.100000, -4.900326
1.700000, 0.100000, -5.159111
1.750000, 0.100000, -5.456880
1.800000, 0.100000, -5.796677
1.850000, 0.100000, -6.179983
1.900000, 0.100000, -6.606569
1.950000, 0.100000, -7.074422
2.000000, 0.100000, -7.579777
0.000000, 0.150000, 0.577421
0.050000, 0.150000, 0.445763
0.100000, 0.150000, 0.328912
0.150000, 0.150000, 0.223772
0.200000, 0.150000, 0.126486
0.250000, 0.150000, 0.032727
0.300000, 0.150000, -0.061984
0.350000, 0.150000, -0.161973
0.400000, 0.150000, -0.271110
0.450000, 0.150000, -0.392556
0.500000, 0.150000, -0.528560
0.550000, 0.150000, -0.680314
0.600000, 0.150000, -0.847888
0.650000, 0.150000, -1.030237
0.700000, 0.150000, -1.225285
0.750000, 0.150000, -1.430086
0.800000, 0.150000, -1.641032
0.850000, 0.150000, -1.854124
0.900000, 0.150000, -2.065267
0.950000, 0.150000, -2.270580
1.000000, 0.150000, -2.466701
1.050000, 0.150000, -2.651067
1.100000, 0.150000, -2.822157
1.150000, 0.150000, -2.979665
1.200000, 0.150000, -3.124620
1.250000, 0.150000, -3.259410
1.300000, 0.150000, -3.387741
1.350000, 0.150000, -3.514499
1.400000, 0.150000, -3.645546
1.450000, 0.150000, -3.787448
1.500000, 0.150000, -3.947147
1.550000, 0.150000, -4.131603
1.600000, 0.150000, -4.347415
1.650000, 0.150000, -4.600452
1.700000, 0.150000, -4.895509
1.750000, 0.150000, -5.236002
1.800000, 0.150000, -5.623731
1.850000, 0.150000, -6.058723
1.900000, 0.150000, -6.539157
1.950000, 0.150000, -7.061379
2.000000, 0.150000, -7.620026
0.000000, 0.200000, 0.805152
0.050000, 0.200000, 0.704912
0.100000, 0.200000, 0.613367
0.150000, 0.200000, 0.526656
0.200000, 0.200000, 0.440521
0.250000, 0.200000, 0.350615
0.300000, 0.200000, 0.252809
0.350000, 0.200000, 0.143478
0.400000, 0.200000, 0.019751
0.450000, 0.200000, -0.120295
0.500000, 0.200000, -0.277505
0.550000, 0.200000, -0.451588
0.600000, 0.200000, -0.641137
0.650000, 0.200000, -0.843727
0.700000, 0.200000, -1.056078
0.750000, 0.200000, -1.274283
0.800000, 0.200000, -1.494081
0.850000, 0.200000, -1.711164
0.900000, 0.200000, -1.921492
0.950000, 0.200000, -2.121601
1.000000, 0.200000, -2.308893
1.050000, 0.200000, -2.481870
1.100000, 0.200000, -2.640317
1.150000, 0.200000, -2.785414
1.200000, 0.200000, -2.919760
1.250000, 0.200000, -3.047321
1.300000, 0.200000, -3.173292
1.350000, 0.200000, -3.303880
1.400000, 0.200000, -3.446024
1.450000, 0.200000, -3.607056
1.500000, 0.200000, -3.794333
1.550000, 0.200000, -4.014846
1.600000, 0.200000, -4.274840
1.650000, 0.200000, -4.579458
1.700000, 0.200000, -4.932423
1.750000, 0.200000, -5.335799
1.800000, 0.200000, -5.789814
1.850000, 0.200000, -6.292785
1.900000, 0.200000, -6.841125
1.950000, 0.200000, -7.429457
2.000000, 0.200000, -8.050815
0.000000, 0.250000, 1.060911
0.050000, 0.250000, 0.986112
0.100000, 0.250000, 0.913185
0.150000, 0.250000, 0.837767
0.200000, 0.250000, 0.755485
0.250000, 0.250000, 0.662248
0.300000, 0.250000, 0.554538
0.350000, 0.250000, 0.429648
0.400000, 0.250000, 0.285867
0.450000, 0.250000, 0.122608
0.500000, 0.250000, -0.059550
0.550000, 0.250000, -0.258890
0.600000, 0.250000, -0.472663
0.650000, 0.250000, -0.697264
0.700000, 0.250000, -0.928470
0.750000, 0.250000, -1.161723
0.800000, 0.250000, -1.392441
0.850000, 0.250000, -1.616345
0.900000, 0.250000, -1.829775
0.950000, 0.250000, -2.029978
1.000000, 0.250000, -2.215353
1.050000, 0.250000, -2.385634
1.100000, 0.250000, -2.541995
1.150000, 0.250000, -2.687085
1.200000, 0.250000, -2.824961
1.250000, 0.250000, -2.960953
1.300000, 0.250000, -3.101439
1.350000, 0.250000, -3.253555
1.400000, 0.250000, -3.424852
1.450000, 0.250000, -3.622915
1.500000, 0.250000, -3.854966
1.550000, 0.250000, -4.127471
1.600000, 0.250000, -4.445771
1.650000, 0.250000, -4.813766
1.700000, 0.250000, -5.233653
1.750000, 0.250000, -5.705749
1.800000, 0.250000, -6.228403
1.850000, 0.250000, -6.798006
1.900000, 0.250000, -7.409089
1.950000, 0.250000, -8.054528
2.000000, 0.250000, -8.725821
0.000000, 0.300000, 1.332265
0.050000, 0.300000, 1.276314
0.100000, 0.300000, 1.215035
0.150000, 0.300000, 1.143826
0.200000, 0.300000, 1.058449
0.250000, 0.300000, 0.955309
0.300000, 0.300000, 0.831696
0.350000, 0.300000, 0.685967
0.400000, 0.300000, 0.517663
0.450000, 0.300000, 0.327548
0.500000, 0.300000, 0.117573
0.550000, 0.300000, -0.109237
0.600000, 0.300000, -0.348975
0.650000, 0.300000, -0.597089
0.700000, 0.300000, -0.848681
0.750000, 0.300000, -1.098828
0.800000, 0.300000, -1.342913
0.850000, 0.300000, -1.576951
0.900000, 0.300000, -1.797887
0.950000, 0.300000, -2.003840
1.000000, 0.300000, -2.194296
1.050000, 0.300000, -2.370217
1.100000, 0.300000, -2.534072
1.150000, 0.300000, -2.689778
1.200000, 0.300000, -2.842558
1.250000, 0.300000, -2.998717
1.300000, 0.300000, -3.165349
1.350000, 0.300000, -3.349990
1.400000, 0.300000, -3.560226
1.450000, 0.300000, -3.803299
1.500000, 0.300000, -4.085701
1.550000, 0.300000, -4.412801
1.600000, 0.300000, -4.788521
1.650000, 0.300000, -5.215067
1.700000, 0.300000, -5.692748
1.750000, 0.300000, -6.219882
1.800000, 0.300000, -6.792797
1.850000, 0.300000, -7.405935
1.900000, 0.300000, -8.052044
1.950000, 0.300000, -8.722462
2.000000, 0.300000, -9.407470
0.000000, 0.350000, 1.606170
0.050000, 0.350000, 1.562215
0.100000, 0.350000, 1.505714
0.150000, 0.350000, 1.432050
0.200000, 0.350000, 1.337331
0.250000, 0.350000, 1.218631
0.300000, 0.350000, 1.074180
0.350000, 0.350000, 0.903473
0.400000, 0.350000, 0.707315
0.450000, 0.350000, 0.487775
0.500000, 0.350000, 0.248068
0.550000, 0.350000, -0.007635
0.600000, 0.350000, -0.274466
0.650000, 0.350000, -0.547153
0.700000, 0.350000, -0.820360
0.750000, 0.350000, -1.089023
0.800000, 0.350000, -1.348688
0.850000, 0.350000, -1.595815
0.900000, 0.350000, -1.828036
0.950000, 0.350000, -2.044354
1.000000, 0.350000, -2.245259
1.050000, 0.350000, -2.432772
1.100000, 0.350000, -2.610386
1.150000, 0.350000, -2.782932
1.200000, 0.350000, -2.956362
1.250000, 0.350000, -3.137452
1.300000, 0.350000, -3.333465
1.350000, 0.350000, -3.551758
1.400000, 0.350000, -3.799384
1.450000, 0.350000, -4.082691
1.500000, 0.350000, -4.406944
1.550000, 0.350000, -4.776000
1.600000, 0.350000, -5.192036
1.650000, 0.350000, -5.655368
1.700000, 0.350000, -6.164350
1.750000, 0.350000, -6.715373
1.800000, 0.350000, -7.302967
1.850000, 0.350000, -7.919993
1.900000, 0.350000, -8.557921
1.950000, 0.350000, -9.207180
2.000000, 0.350000, -9.857575
0.000000, 0.400000, 1.869961
0.050000, 0.400000, 1.831275
0.100000, 0.400000, 1.773150
0.150000, 0.400000, 1.691132
0.200000, 0.400000, 1.581822
0.250000, 0.400000, 1.443069
0.300000, 0.400000, 1.274094
0.350000, 0.400000, 1.075533
0.400000, 0.400000, 0.849403
0.450000, 0.400000, 0.598976
0.500000, 0.400000, 0.328593
0.550000, 0.400000, 0.043399
0.600000, 0.400000, -0.250960
0.650000, 0.400000, -0.548678
0.700000, 0.400000, -0.844143
0.750000, 0.400000, -1.132281
0.800000, 0.400000, -1.408879
0.850000, 0.400000, -1.670852
0.900000, 0.400000, -1.916461
0.950000, 0.400000, -2.145443
1.000000, 0.400000, -2.359068
1.050000, 0.400000, -2.560101
1.100000, 0.400000, -2.752678
1.150000, 0.400000, -2.942102
1.200000, 0.400000, -3.134568
1.250000, 0.400000, -3.336824
1.300000, 0.400000, -3.555800
1.350000, 0.400000, -3.798212
1.400000, 0.400000, -4.070170
1.450000, 0.400000, -4.376808
1.500000, 0.400000, -4.721954
1.550000, 0.400000, -5.107871
1.600000, 0.400000, -5.535065
1.650000, 0.400000, -6.002186
1.700000, 0.400000, -6.506027
1.750000, 0.400000, -7.041612
1.800000, 0.400000, -7.602386
1.850000, 0.400000, -8.180486
1.900000, 0.400000, -8.767078
1.950000, 0.400000, -9.352763
2.000000, 0.400000, -9.928002
0.000000, 0.450000, 2.112306
0.050000, 0.450000, 2.072654
0.100000, 0.450000, 2.007312
0.150000, 0.450000, 1.912104
0.200000, 0.450000, 1.784195
0.250000, 0.450000, 1.622229
0.300000, 0.450000, 1.426398
0.350000, 0.450000, 1.198412
0.400000, 0.450000, 0.941396
0.450000, 0.450000, 0.659695
0.500000, 0.450000, 0.358625
0.550000, 0.450000, 0.044160
0.600000, 0.450000, -0.277415
0.650000, 0.450000, -0.599866
0.700000, 0.450000, -0.917374
0.750000, 0.450000, -1.224867
0.800000, 0.450000, -1.518318
0.850000, 0.450000, -1.794979
0.900000, 0.450000, -2.053540
0.950000, 0.450000, -2.294214
1.000000, 0.450000, -2.518723
1.050000, 0.450000, -2.730208
1.100000, 0.450000, -2.933047
1.150000, 0.450000, -3.132606
1.200000, 0.450000, -3.334929
1.250000, 0.450000, -3.546382
1.300000, 0.450000, -3.773284
1.350000, 0.450000, -4.021522
1.400000, 0.450000, -4.296195
1.450000, 0.450000, -4.601296
1.500000, 0.450000, -4.939446
1.550000, 0.450000, -5.311708
1.600000, 0.450000, -5.717480
1.650000, 0.450000, -6.154479
1.700000, 0.450000, -6.618818
1.750000, 0.450000, -7.105174
1.800000, 0.450000, -7.607035
1.850000, 0.450000, -8.117015
1.900000, 0.450000, -8.627227
1.950000, 0.450000, -9.129677
2.000000, 0.450000, -9.616686
0.000000, 0.500000, 2.324028
0.050000, 0.500000, 2.278007
0.100000, 0.500000, 2.200965
0.150000, 0.500000, 2.089031
0.200000, 0.500000, 1.939916
0.250000, 0.500000, 1.753002
0.300000, 0.500000, 1.529355
0.350000, 0.500000, 1.271637
0.400000, 0.500000, 0.983943
0.450000, 0.500000, 0.671557
0.500000, 0.500000, 0.340642
0.550000, 0.500000, -0.002097
0.600000, 0.500000, -0.349798
0.650000, 0.500000, -0.695809
0.700000, 0.500000, -1.034053
0.750000, 0.500000, -1.359353
0.800000, 0.500000, -1.667696
0.850000, 0.500000, -1.956439
0.900000, 0.500000, -2.224429
0.950000, 0.500000, -2.472040
1.000000, 0.500000, -2.701122
1.050000, 0.500000, -2.914871
1.100000, 0.500000, -3.117615
1.150000, 0.500000, -3.314548
1.200000, 0.500000, -3.511412
1.250000, 0.500000, -3.714146
1.300000, 0.500000, -3.928536
1.350000, 0.500000, -4.159867
1.400000, 0.500000, -4.412613
1.450000, 0.500000, -4.690171
1.500000, 0.500000, -4.994664
1.550000, 0.500000, -5.326813
1.600000, 0.500000, -5.685897
1.650000, 0.500000, -6.069793
1.700000, 0.500000, -6.475104
1.750000, 0.500000, -6.897357
1.800000, 0.500000, -7.331264
1.850000, 0.500000, -7.771043
1.900000, 0.500000, -8.210751
1.950000, 0.500000, -8.644650
2.000000, 0.500000, -9.067543
0.000000, 0.550000, 2.498736
0.050000, 0.550000, 2.442078
0.100000, 0.550000, 2.350193
0.150000, 0.550000, 2.219456
0.200000, 0.550000, 2.048012
0.250000, 0.550000, 1.835841
0.300000, 0.550000, 1.584722
0.350000, 0.550000, 1.298112
0.400000, 0.550000, 0.980928
0.450000, 0.550000, 0.639270
0.500000, 0.550000, 0.280081
0.550000, 0.550000, -0.089231
0.600000, 0.550000, -0.461185
0.650000, 0.550000, -0.828610
0.700000, 0.550000, -1.185015
0.750000, 0.550000, -1.524897
0.800000, 0.550000, -1.844005
0.850000, 0.550000, -2.139524
0.900000, 0.550000, -2.410172
0.950000, 0.550000, -2.656224
1.000000, 0.550000, -2.879442
1.050000, 0.550000, -3.082930
1.100000, 0.550000, -3.270924
1.150000, 0.550000, -3.448519
1.200000, 0.550000, -3.621365
1.250000, 0.550000, -3.795338
1.300000, 0.550000, -3.976213
1.350000, 0.550000, -4.169349
1.400000, 0.550000, -4.379414
1.450000, 0.550000, -4.610157
1.500000, 0.550000, -4.864242
1.550000, 0.550000, -5.143153
1.600000, 0.550000, -5.447169
1.650000, 0.550000, -5.775417
1.700000, 0.550000, -6.125991
1.750000, 0.550000, -6.496129
1.800000, 0.550000, -6.882440
1.850000, 0.550000, -7.281161
1.900000, 0.550000, -7.688433
1.950000, 0.550000, -8.100572
2.000000, 0.550000, -8.514320
0.000000, 0.600000, 2.633228
0.050000, 0.600000, 2.563027
0.100000, 0.600000, 2.454657
0.150000, 0.600000, 2.304573
0.200000, 0.600000, 2.111153
0.250000, 0.600000, 1.874758
0.300000, 0.600000, 1.597675
0.350000, 0.600000, 1.283972
0.400000, 0.600000, 0.939259
0.450000, 0.600000, 0.570386
0.500000, 0.600000, 0.185071
0.550000, 0.600000, -0.208494
0.600000, 0.600000, -0.602062
0.650000, 0.600000, -0.987737
0.700000, 0.600000, -1.358351
0.750000, 0.600000, -1.707802
0.800000, 0.600000, -2.031318
0.850000, 0.600000, -2.325660
0.900000, 0.600000, -2.589227
0.950000, 0.600000, -2.822093
1.000000, 0.600000, -3.025943
1.050000, 0.600000, -3.203945
1.100000, 0.600000, -3.360544
1.150000, 0.600000, -3.501208
1.200000, 0.600000, -3.632127
1.250000, 0.600000, -3.759896
1.300000, 0.600000, -3.891194
1.350000, 0.600000, -4.032467
1.400000, 0.600000, -4.189651
1.450000, 0.600000, -4.367929
1.500000, 0.600000, -4.571547
1.550000, 0.600000, -4.803684
1.600000, 0.600000, -5.066392
1.650000, 0.600000, -5.360594
1.700000, 0.600000, -5.686141
1.750000, 0.600000, -6.041929
1.800000, 0.600000, -6.426047
1.850000, 0.600000, -6.835956
1.900000, 0.600000, -7.268693
1.950000, 0.600000, -7.721068
2.000000, 0.600000, -8.189850
0.000000, 0.650000, 2.727617
0.050000, 0.650000, 2.642493
0.100000, 0.650000, 2.517571
0.150000, 0.650000, 2.349116
0.200000, 0.650000, 2.135455
0.250000, 0.650000, 1.877049
0.300000, 0.650000, 1.576453
0.350000, 0.650000, 1.238176
0.400000, 0.650000, 0.868433
0.450000, 0.650000, 0.474826
0.500000, 0.650000, 0.065952
0.550000, 0.650000, -0.349028
0.600000, 0.650000, -0.760845
0.650000, 0.650000, -1.160574
0.700000, 0.650000, -1.540062
0.750000, 0.650000, -1.892315
0.800000, 0.650000, -2.211814
0.850000, 0.650000, -2.494767
0.900000, 0.650000, -2.739260
0.950000, 0.650000, -2.945326
1.000000, 0.650000, -3.114918
1.050000, 0.650000, -3.251791
1.100000, 0.650000, -3.361310
1.150000, 0.650000, -3.450182
1.200000, 0.650000, -3.526136
1.250000, 0.650000, -3.597573
1.300000, 0.650000, -3.673187
1.350000, 0.650000, -3.761596
1.400000, 0.650000, -3.870981
1.450000, 0.650000, -4.008765
1.500000, 0.650000, -4.181333
1.550000, 0.650000, -4.393814
1.600000, 0.650000, -4.649920
1.650000, 0.650000, -4.951862
1.700000, 0.650000, -5.300321
1.750000, 0.650000, -5.694495
1.800000, 0.650000, -6.132199
1.850000, 0.650000, -6.610009
1.900000, 0.650000, -7.123456
1.950000, 0.650000, -7.667236
2.000000, 0.650000, -8.235443
0.000000, 0.700000, 2.785206
0.050000, 0.700000, 2.685373
0.100000, 0.700000, 2.545390
0.150000, 0.700000, 2.360964
0.200000, 0.700000, 2.130001
0.250000, 0.700000, 1.852739
0.300000, 0.700000, 1.531758
0.350000, 0.700000, 1.171866
0.400000, 0.700000, 0.779865
0.450000, 0.700000, 0.364215
0.500000, 0.700000, -0.065396
0.550000, 0.700000, -0.498535
0.600000, 0.700000, -0.924562
0.650000, 0.700000, -1.333165
0.700000, 0.700000, -1.714890
0.750000, 0.700000, -2.061624
0.800000, 0.700000, -2.367018
0.850000, 0.700000, -2.626813
0.900000, 0.700000, -2.839076
0.950000, 0.700000, -3.004313
1.000000, 0.700000, -3.125466
1.050000, 0.700000, -3.207800
1.100000, 0.700000, -3.258663
1.150000, 0.700000, -3.287168
1.200000, 0.700000, -3.303775
1.250000, 0.700000, -3.319817
1.300000, 0.700000, -3.346996
1.350000, 0.700000, -3.396850
1.400000, 0.700000, -3.480242
1.450000, 0.700000, -3.606878
1.500000, 0.700000, -3.784886
1.550000, 0.700000, -4.020469
1.600000, 0.700000, -4.317643
1.650000, 0.700000, -4.678085
1.700000, 0.700000, -5.101078
1.750000, 0.700000, -5.583570
1.800000, 0.700000, -6.120329
1.850000, 0.700000, -6.704192
1.900000, 0.700000, -7.326394
1.950000, 0.700000, -7.976959
2.000000, 0.700000, -8.645134
0.000000, 0.750000, 2.812100
0.050000, 0.750000, 2.699355
0.100000, 0.750000, 2.547260
0.150000, 0.750000, 2.350503
0.200000, 0.750000, 2.106136
0.250000, 0.750000, 1.813826
0.300000, 0.750000, 1.475951
0.350000, 0.750000, 1.097542
0.400000, 0.750000, 0.686066
0.450000, 0.750000, 0.251061
0.500000, 0.750000, -0.196356
0.550000, 0.750000, -0.644078
0.600000, 0.750000, -1.079674
0.650000, 0.750000, -1.491078
0.700000, 0.750000, -1.867285
0.750000, 0.750000, -2.198987
0.800000, 0.750000, -2.479141
0.850000, 0.750000, -2.703420
0.900000, 0.750000, -2.870520
0.950000, 0.750000, -2.982313
1.000000, 0.750000, -3.043833
1.050000, 0.750000, -3.063083
1.100000, 0.750000, -3.050694
1.150000, 0.750000, -3.019423
1.200000, 0.750000, -2.983547
1.250000, 0.750000, -2.958154
1.300000, 0.750000, -2.958392
1.350000, 0.750000, -2.998704
1.400000, 0.750000, -3.092089
1.450000, 0.750000, -3.249434
1.500000, 0.750000, -3.478948
1.550000, 0.750000, -3.785729
1.600000, 0.750000, -4.171492
1.650000, 0.750000, -4.634464
1.700000, 0.750000, -5.169463
1.750000, 0.750000, -5.768145
1.800000, 0.750000, -6.419421
1.850000, 0.750000, -7.110003
1.900000, 0.750000, -7.825074
1.950000, 0.750000, -8.549018
2.000000, 0.750000, -9.266206
0.000000, 0.800000, 2.816625
0.050000, 0.800000, 2.694245
0.100000, 0.800000, 2.534260
0.150000, 0.800000, 2.329797
0.200000, 0.800000, 2.076578
0.250000, 0.800000, 1.773348
0.300000, 0.800000, 1.422106
0.350000, 0.800000, 1.028117
0.400000, 0.800000, 0.599709
0.450000, 0.800000, 0.147850
0.500000, 0.800000, -0.314458
0.550000, 0.800000, -0.772947
0.600000, 0.800000, -1.212950
0.650000, 0.800000, -1.620338
0.700000, 0.800000, -1.982438
0.750000, 0.800000, -2.288901
0.800000, 0.800000, -2.532441
0.850000, 0.800000, -2.709412
0.900000, 0.800000, -2.820173
0.950000, 0.800000, -2.869215
1.000000, 0.800000, -2.865038
1.050000, 0.800000, -2.819781
1.100000, 0.800000, -2.748623
1.150000, 0.800000, -2.668980
1.200000, 0.800000, -2.599555
1.250000, 0.800000, -2.559289
1.300000, 0.800000, -2.566278
1.350000, 0.800000, -2.636714
1.400000, 0.800000, -2.783930
1.450000, 0.800000, -3.017596
1.500000, 0.800000, -3.343111
1.550000, 0.800000, -3.761253
1.600000, 0.800000, -4.268086
1.650000, 0.800000, -4.855149
1.700000, 0.800000, -5.509905
1.750000, 0.800000, -6.216443
1.800000, 0.800000, -6.956371
1.850000, 0.800000, -7.709866
1.900000, 0.800000, -8.456808
1.950000, 0.800000, -9.177939
2.000000, 0.800000, -9.855957
0.000000, 0.850000, 2.808591
0.050000, 0.850000, 2.681146
0.100000, 0.850000, 2.518513
0.150000, 0.850000, 2.311644
0.200000, 0.850000, 2.054434
0.250000, 0.850000, 1.744384
0.300000, 0.850000, 1.383007
0.350000, 0.850000, 0.975930
0.400000, 0.850000, 0.532675
0.450000, 0.850000, 0.066129
0.500000, 0.850000, -0.408262
0.550000, 0.850000, -0.873526
0.600000, 0.850000, -1.312352
0.650000, 0.850000, -1.708352
0.700000, 0.850000, -2.047294
0.750000, 0.850000, -2.318241
0.800000, 0.850000, -2.514473
0.850000, 0.850000, -2.634160
0.900000, 0.850000, -2.680702
0.950000, 0.850000, -2.662715
1.000000, 0.850000, -2.593650
1.050000, 0.850000, -2.491080
1.100000, 0.850000, -2.375662
1.150000, 0.850000, -2.269882
1.200000, 0.850000, -2.196632
1.250000, 0.850000, -2.177730
1.300000, 0.850000, -2.232485
1.350000, 0.850000, -2.376394
1.400000, 0.850000, -2.620081
1.450000, 0.850000, -2.968535
1.500000, 0.850000, -3.420721
1.550000, 0.850000, -3.969584
1.600000, 0.850000, -4.602448
1.650000, 0.850000, -5.301806
1.700000, 0.850000, -6.046426
1.750000, 0.850000, -6.812722
1.800000, 0.850000, -7.576280
1.850000, 0.850000, -8.313458
1.900000, 0.850000, -9.002931
1.950000, 0.850000, -9.627085
2.000000, 0.850000, -10.173167
0.000000, 0.900000, 2.798472
0.050000, 0.900000, 2.671574
0.100000, 0.900000, 2.512236
0.150000, 0.900000, 2.308587
0.200000, 0.900000, 2.052192
0.250000, 0.900000, 1.739040
0.300000, 0.900000, 1.370157
0.350000, 0.900000, 0.951795
0.400000, 0.900000, 0.495152
0.450000, 0.900000, 0.015654
0.500000, 0.900000, -0.468166
0.550000, 0.900000, -0.936088
0.600000, 0.900000, -1.367834
0.650000, 0.900000, -1.744759
0.700000, 0.900000, -2.051472
0.750000, 0.900000, -2.277255
0.800000, 0.900000, -2.417148
0.850000, 0.900000, -2.472617
0.900000, 0.900000, -2.451726
0.950000, 0.900000, -2.368801
1.000000, 0.900000, -2.243593
1.050000, 0.900000, -2.099987
1.100000, 0.900000, -1.964372
1.150000, 0.900000, -1.863763
1.200000, 0.900000, -1.823844
1.250000, 0.900000, -1.867058
1.300000, 0.900000, -2.010914
1.350000, 0.900000, -2.266633
1.400000, 0.900000, -2.638242
1.450000, 0.900000, -3.122201
1.500000, 0.900000, -3.707585
1.550000, 0.900000, -4.376830
1.600000, 0.900000, -5.106978
1.650000, 0.900000, -5.871338
1.700000, 0.900000, -6.641433
1.750000, 0.900000, -7.389100
1.800000, 0.900000, -8.088568
1.850000, 0.900000, -8.718362
1.900000, 0.900000, -9.262889
1.950000, 0.900000, -9.713578
2.000000, 0.900000, -10.069488
0.000000, 0.950000, 2.796580
0.050000, 0.950000, 2.676564
0.100000, 0.950000, 2.526817
0.150000, 0.950000, 2.331966
0.200000, 0.950000, 2.080775
0.250000, 0.950000, 1.767529
0.300000, 0.950000, 1.392896
0.350000, 0.950000, 0.964170
0.400000, 0.950000, 0.494862
0.450000, 0.950000, 0.003672
0.500000, 0.950000, -0.487085
0.550000, 0.950000, -0.953448
0.600000, 0.950000, -1.372008
0.650000, 0.950000, -1.722132
0.700000, 0.950000, -1.988016
0.750000, 0.950000, -2.160356
0.800000, 0.950000, -2.237498
0.850000, 0.950000, -2.225937
0.900000, 0.950000, -2.140109
0.950000, 0.950000, -2.001480
1.000000, 0.950000, -1.836991
1.050000, 0.950000, -1.676995
1.100000, 0.950000, -1.552846
1.150000, 0.950000, -1.494346
1.200000, 0.950000, -1.527277
1.250000, 0.950000, -1.671218
1.300000, 0.950000, -1.937860
1.350000, 0.950000, -2.329951
1.400000, 0.950000, -2.840984
1.450000, 0.950000, -3.455655
1.500000, 0.950000, -4.151065
1.550000, 0.950000, -4.898569
1.600000, 0.950000, -5.666117
1.650000, 0.950000, -6.420896
1.700000, 0.950000, -7.132042
1.750000, 0.950000, -7.773204
1.800000, 0.950000, -8.324724
1.850000, 0.950000, -8.775259
1.900000, 0.950000, -9.122696
1.950000, 0.950000, -9.374285
2.000000, 0.950000, -9.545966
0.000000, 1.000000, 2.812300
0.050000, 1.000000, 2.705872
0.100000, 1.000000, 2.571988
0.150000, 1.000000, 2.391094
0.200000, 1.000000, 2.148731
0.250000, 1.000000, 1.837401
0.300000, 1.000000, 1.457688
0.350000, 1.000000, 1.018512
0.400000, 1.000000, 0.536485
0.450000, 1.000000, 0.034411
0.500000, 1.000000, -0.460920
0.550000, 1.000000, -0.921417
0.600000, 1.000000, -1.320609
0.650000, 1.000000, -1.636475
0.700000, 1.000000, -1.853921
0.750000, 1.000000, -1.966627
0.800000, 1.000000, -1.978072
0.850000, 1.000000, -1.901624
0.900000, 1.000000, -1.759652
0.950000, 1.000000, -1.581742
1.000000, 1.000000, -1.402171
1.050000, 1.000000, -1.256870
1.100000, 1.000000, -1.180162
1.150000, 1.000000, -1.201596
1.200000, 1.000000, -1.343169
1.250000, 1.000000, -1.617219
1.300000, 1.000000, -2.025192
1.350000, 1.000000, -2.557422
1.400000, 1.000000, -3.193936
1.450000, 1.000000, -3.906243
1.500000, 1.000000, -4.659915
1.550000, 1.000000, -5.417752
1.600000, 1.000000, -6.143207
1.650000, 1.000000, -6.803769
1.700000, 1.000000, -7.373969
1.750000, 1.000000, -7.837734
1.800000, 1.000000, -8.189849
1.850000, 1.000000, -8.436405
1.900000, 1.000000, -8.594176
1.950000, 1.000000, -8.688978
2.000000, 1.000000, -8.753182
0.000000, 1.050000, 2.853439
0.050000, 1.050000, 2.767301
0.100000, 1.050000, 2.655154
0.150000, 1.050000, 2.492607
0.200000, 1.050000, 2.261634
0.250000, 1.050000, 1.953001
0.300000, 1.050000, 1.567646
0.350000, 1.050000, 1.116879
0.400000, 1.050000, 0.621332
0.450000, 1.050000, 0.108805
0.500000, 1.050000, -0.388788
0.550000, 1.050000, -0.839026
0.600000, 1.050000, -1.212731
0.650000, 1.050000, -1.487469
0.700000, 1.050000, -1.650375
0.750000, 1.050000, -1.699997
0.800000, 1.050000, -1.646936
0.850000, 1.050000, -1.513174
0.900000, 1.050000, -1.330167
0.950000, 1.050000, -1.135867
1.000000, 1.050000, -0.970990
1.050000, 1.050000, -0.874915
1.100000, 1.050000, -0.881648
1.150000, 1.050000, -1.016290
1.200000, 1.050000, -1.292370
1.250000, 1.050000, -1.710364
1.300000, 1.050000, -2.257548
1.350000, 1.050000, -2.909211
1.400000, 1.050000, -3.631136
1.450000, 1.050000, -4.383062
1.500000, 1.050000, -5.122800
1.550000, 1.050000, -5.810561
1.600000, 1.050000, -6.413042
1.650000, 1.050000, -6.906847
1.700000, 1.050000, -7.280881
1.750000, 1.050000, -7.537464
1.800000, 1.050000, -7.692041
1.850000, 1.050000, -7.771532
1.900000, 1.050000, -7.811477
1.950000, 1.050000, -7.852285
2.000000, 1.050000, -7.934978
0.000000, 1.100000, 2.925755
0.050000, 1.100000, 2.866232
0.100000, 1.100000, 2.780945
0.150000, 1.100000, 2.640054
0.200000, 1.100000, 2.421723
0.250000, 1.100000, 2.115176
0.300000, 1.100000, 1.722328
0.350000, 1.100000, 1.257802
0.400000, 1.100000, 0.747292
0.450000, 1.100000, 0.224503
0.500000, 1.100000, -0.272996
0.550000, 1.100000, -0.708483
0.600000, 1.100000, -1.050794
0.650000, 1.100000, -1.278452
0.700000, 1.100000, -1.382702
0.750000, 1.100000, -1.369072
0.800000, 1.100000, -1.257241
0.850000, 1.100000, -1.079219
0.900000, 1.100000, -0.876015
0.950000, 1.100000, -0.693181
1.000000, 1.100000, -0.575746
1.050000, 1.100000, -0.563112
1.100000, 1.100000, -0.684540
1.150000, 1.100000, -0.955733
1.200000, 1.100000, -1.376938
1.250000, 1.100000, -1.932815
1.300000, 1.100000, -2.594074
1.350000, 1.100000, -3.320727
1.400000, 1.100000, -4.066583
1.450000, 1.100000, -4.784467
1.500000, 1.100000, -5.431569
1.550000, 1.100000, -5.974307
1.600000, 1.100000, -6.392142
1.650000, 1.100000, -6.679895
1.700000, 1.100000, -6.848315
1.750000, 1.100000, -6.922811
1.800000, 1.100000, -6.940512
1.850000, 1.100000, -6.945980
1.900000, 1.100000, -6.986081
1.950000, 1.100000, -7.104605
2.000000, 1.100000, -7.337249
0.000000, 1.150000, 3.032683
0.050000, 1.150000, 3.005364
0.100000, 1.150000, 2.950995
0.150000, 1.150000, 2.833739
0.200000, 1.150000, 2.627820
0.250000, 1.150000, 2.321280
0.300000, 1.150000, 1.917816
0.350000, 1.150000, 1.436449
0.400000, 1.150000, 0.909061
0.450000, 1.150000, 0.376138
0.500000, 1.150000, -0.118736
0.550000, 1.150000, -0.534885
0.600000, 1.150000, -0.840264
0.650000, 1.150000, -1.016130
0.700000, 1.150000, -1.060014
0.750000, 1.150000, -0.986608
0.800000, 1.150000, -0.826404
0.850000, 1.150000, -0.622246
0.900000, 1.150000, -0.424213
0.950000, 1.150000, -0.283488
1.000000, 1.150000, -0.245986
1.050000, 1.150000, -0.346560
1.100000, 1.150000, -0.604539
1.150000, 1.150000, -1.021185
1.200000, 1.150000, -1.579395
1.250000, 1.150000, -2.245725
1.300000, 1.150000, -2.974472
1.350000, 1.150000, -3.713324
1.400000, 1.150000, -4.409865
1.450000, 1.150000, -5.018114
1.500000, 1.150000, -5.504268
1.550000, 1.150000, -5.850934
1.600000, 1.150000, -6.059300
1.650000, 1.150000, -6.148974
1.700000, 1.150000, -6.155518
1.750000, 1.150000, -6.125980
1.800000, 1.150000, -6.112992
1.850000, 1.150000, -6.168191
1.900000, 1.150000, -6.335778
1.950000, 1.150000, -6.647041
2.000000, 1.150000, -7.116524
0.000000, 1.200000, 3.175267
0.050000, 1.200000, 3.184698
0.100000, 1.200000, 3.163984
0.150000, 1.200000, 3.070829
0.200000, 1.200000, 2.875518
0.250000, 1.200000, 2.565448
0.300000, 1.200000, 2.147080
0.350000, 1.200000, 1.645064
0.400000, 1.200000, 1.098639
0.450000, 1.200000, 0.555859
0.500000, 1.200000, 0.066445
0.550000, 1.200000, -0.325686
0.600000, 1.200000, -0.589139
0.650000, 1.200000, -0.710040
0.700000, 1.200000, -0.694576
0.750000, 1.200000, -0.568688
0.800000, 1.200000, -0.374935
0.850000, 1.200000, -0.166952
0.900000, 1.200000, -0.002249
0.950000, 1.200000, 0.065625
1.000000, 1.200000, -0.005516
1.050000, 1.200000, -0.240595
1.100000, 1.200000, -0.643701
1.150000, 1.200000, -1.197351
1.200000, 1.200000, -1.864741
1.250000, 1.200000, -2.594652
1.300000, 1.200000, -3.328381
1.350000, 1.200000, -4.007723
1.400000, 1.200000, -4.582920
1.450000, 1.200000, -5.019477
1.500000, 1.200000, -5.302894
1.550000, 1.200000, -5.440675
1.600000, 1.200000, -5.461324
1.650000, 1.200000, -5.410470
1.700000, 1.200000, -5.344664
1.750000, 1.200000, -5.323692
1.800000, 1.200000, -5.402480
1.850000, 1.200000, -5.623693
1.900000, 1.200000, -6.012053
1.950000, 1.200000, -6.571141
2.000000, 1.200000, -7.283114
0.000000, 1.250000, 3.352307
0.050000, 1.250000, 3.401728
0.100000, 1.250000, 3.415905
0.150000, 1.250000, 3.345703
0.200000, 1.250000, 3.157622
0.250000, 1.250000, 2.839121
0.300000, 1.250000, 2.400586
0.350000, 1.250000, 1.873638
0.400000, 1.250000, 1.306049
0.450000, 1.250000, 0.754071
0.500000, 1.250000, 0.273376
0.550000, 1.250000, -0.089995
0.600000, 1.250000, -0.307243
0.650000, 1.250000, -0.371811
0.700000, 1.250000, -0.300953
0.750000, 1.250000, -0.133629
0.800000, 1.250000, 0.074996
0.850000, 1.250000, 0.261615
0.900000, 1.250000, 0.364202
0.950000, 1.250000, 0.331349
1.000000, 1.250000, 0.130100
1.050000, 1.250000, -0.248925
1.100000, 1.250000, -0.789912
1.150000, 1.250000, -1.454016
1.200000, 1.250000, -2.184987
1.250000, 1.250000, -2.917449
1.300000, 1.250000, -3.586582
1.350000, 1.250000, -4.137769
1.400000, 1.250000, -4.534751
1.450000, 1.250000, -4.765079
1.500000, 1.250000, -4.842023
1.550000, 1.250000, -4.802675
1.600000, 1.250000, -4.702508
1.650000, 1.250000, -4.607227
1.700000, 1.250000, -4.583121
1.750000, 1.250000, -4.687377
1.800000, 1.250000, -4.959788
1.850000, 1.250000, -5.417099
1.900000, 1.250000, -6.050821
1.950000, 1.250000, -6.828809
2.000000, 1.250000, -7.700350
0.000000, 1.300000, 3.560669
0.050000, 1.300000, 3.651834
0.100000, 1.300000, 3.700529
0.150000, 1.300000, 3.650514
0.200000, 1.300000, 3.464793
0.250000, 1.300000, 3.131776
0.300000, 1.300000, 2.667095
0.350000, 1.300000, 2.110767
0.400000, 1.300000, 1.520214
0.450000, 1.300000, 0.960310
0.500000, 1.300000, 0.492127
0.550000, 1.300000, 0.162272
0.600000, 1.300000, -0.005400
0.650000, 1.300000, -0.014284
0.700000, 1.300000, 0.105009
0.750000, 1.300000, 0.299275
0.800000, 1.300000, 0.501149
0.850000, 1.300000, 0.640001
0.900000, 1.300000, 0.653487
0.950000, 1.300000, 0.497849
1.000000, 1.300000, 0.155268
1.050000, 1.300000, -0.362967
1.100000, 1.300000, -1.018029
1.150000, 1.300000, -1.749621
1.200000, 1.300000, -2.485574
1.250000, 1.300000, -3.153440
1.300000, 1.300000, -3.692188
1.350000, 1.300000, -4.062102
1.400000, 1.300000, -4.251286
1.450000, 1.300000, -4.277695
1.500000, 1.300000, -4.186373
1.550000, 1.300000, -4.042352
1.600000, 1.300000, -3.920346
1.650000, 1.300000, -3.892939
1.700000, 1.300000, -4.019164
1.750000, 1.300000, -4.335331
1.800000, 1.300000, -4.849567
1.850000, 1.300000, -5.540948
1.900000, 1.300000, -6.363311
1.950000, 1.300000, -7.253105
2.000000, 1.300000, -8.139955
0.000000, 1.350000, 3.795734
0.050000, 1.350000, 3.928808
0.100000, 1.350000, 4.010029
0.150000, 1.350000, 3.975889
0.200000, 1.350000, 3.786337
0.250000, 1.350000, 3.431793
0.300000, 1.350000, 2.934588
0.350000, 1.350000, 2.344607
0.400000, 1.350000, 1.729935
0.450000, 1.350000, 1.164206
0.500000, 1.350000, 0.712929
0.550000, 1.350000, 0.421269
0.600000, 1.350000, 0.305460
0.650000, 1.350000, 0.349440
0.700000, 1.350000, 0.507288
0.750000, 1.350000, 0.711096
0.800000, 1.350000, 0.882846
0.850000, 1.350000, 0.948225
0.900000, 1.350000, 0.849901
0.950000, 1.350000, 0.557890
1.000000, 1.350000, 0.075172
1.050000, 1.350000, -0.562498
1.100000, 1.350000, -1.292550
1.150000, 1.350000, -2.036340
1.200000, 1.350000, -2.712783
1.250000, 1.350000, -3.252494
1.300000, 1.350000, -3.609969
1.350000, 1.350000, -3.771651
1.400000, 1.350000, -3.758475
1.450000, 1.350000, -3.622436
1.500000, 1.350000, -3.437777
1.550000, 1.350000, -3.288352
1.600000, 1.350000, -3.253371
1.650000, 1.350000, -3.394016
1.700000, 1.350000, -3.743276
1.750000, 1.350000, -4.300751
1.800000, 1.350000, -5.033301
1.850000, 1.350000, -5.881402
1.900000, 1.350000, -6.770026
1.950000, 1.350000, -7.622106
2.000000, 1.350000, -8.372169
0.000000, 1.400000, 4.051934
0.050000, 1.400000, 4.225476
0.100000, 1.400000, 4.335686
0.150000, 1.400000, 4.311727
0.200000, 1.400000, 4.111078
0.250000, 1.400000, 3.727381
0.300000, 1.400000, 3.191236
0.350000, 1.400000, 2.563865
0.400000, 1.400000, 1.924861
0.450000, 1.400000, 1.356417
0.500000, 1.400000, 0.927068
0.550000, 1.400000, 0.678088
0.600000, 1.400000, 0.615161
0.650000, 1.400000, 0.706939
0.700000, 1.400000, 0.890782
0.750000, 1.400000, 1.084595
0.800000, 1.400000, 1.202513
0.850000, 1.400000, 1.171423
0.900000, 1.400000, 0.945176
0.950000, 1.400000, 0.513742
1.000000, 1.400000, -0.094458
1.050000, 1.400000, -0.817538
1.100000, 1.400000, -1.571521
1.150000, 1.400000, -2.265997
1.200000, 1.400000, -2.821096
1.250000, 1.400000, -3.182592
1.300000, 1.400000, -3.332268
1.350000, 1.400000, -3.291591
1.400000, 1.400000, -3.117988
1.450000, 1.400000, -2.894435
1.500000, 1.400000, -2.714305
1.550000, 1.400000, -2.664341
1.600000, 1.400000, -2.808948
1.650000, 1.400000, -3.178766
1.700000, 1.400000, -3.765630
1.750000, 1.400000, -4.524851
1.800000, 1.400000, -5.384318
1.850000, 1.400000, -6.258667
1.900000, 1.400000, -7.065767
1.950000, 1.400000, -7.742375
2.000000, 1.400000, -8.255952
0.000000, 1.450000, 4.323301
0.050000, 1.450000, 4.534340
0.100000, 1.450000, 4.668617
0.150000, 1.450000, 4.647999
0.200000, 1.450000, 4.428221
0.250000, 1.450000, 4.007492
0.300000, 1.450000, 3.426337
0.350000, 1.450000, 2.758733
0.400000, 1.450000, 2.096398
0.450000, 1.450000, 1.529491
0.500000, 1.450000, 1.127684
0.550000, 1.450000, 0.925520
0.600000, 1.450000, 0.915057
0.650000, 1.450000, 1.047330
0.700000, 1.450000, 1.242320
0.750000, 1.450000, 1.405424
0.800000, 1.450000, 1.447022
0.850000, 1.450000, 1.301144
0.900000, 1.450000, 0.939392
0.950000, 1.450000, 0.377246
1.000000, 1.450000, -0.328590
1.050000, 1.450000, -1.091289
1.100000, 1.450000, -1.811231
1.150000, 1.450000, -2.396071
1.200000, 1.450000, -2.779479
1.250000, 1.450000, -2.934746
1.300000, 1.450000, -2.880503
1.350000, 1.450000, -2.677377
1.400000, 1.450000, -2.416261
1.450000, 1.450000, -2.200555
1.500000, 1.450000, -2.125984
1.550000, 1.450000, -2.262041
1.600000, 1.450000, -2.638816
1.650000, 1.450000, -3.241821
1.700000, 1.450000, -4.015825
1.750000, 1.450000, -4.876867
1.800000, 1.450000, -5.729928
1.850000, 1.450000, -6.488649
1.900000, 1.450000, -7.093022
1.950000, 1.450000, -7.521433
2.000000, 1.450000, -7.794606
0.000000, 1.500000, 4.604002
0.050000, 1.500000, 4.848194
0.100000, 1.500000, 5.000461
0.150000, 1.500000, 4.975504
0.200000, 1.500000, 4.728148
0.250000, 1.500000, 4.262644
0.300000, 1.500000, 3.631139
0.350000, 1.500000, 2.921683
0.400000, 1.500000, 2.238455
0.450000, 1.500000, 1.678544
0.500000, 1.500000, 1.310394
0.550000, 1.500000, 1.158638
0.600000, 1.500000, 1.198643
0.650000, 1.500000, 1.361965
0.700000, 1.500000, 1.551515
0.750000, 1.500000, 1.663114
0.800000, 1.500000, 1.608711
0.850000, 1.500000, 1.336161
0.900000, 1.500000, 0.841212
0.950000, 1.500000, 0.169039
1.000000, 1.500000, -0.595059
1.050000, 1.500000, -1.343824
1.100000, 1.500000, -1.971129
1.150000, 1.500000, -2.395021
1.200000, 1.500000, -2.575692
1.250000, 1.500000, -2.524487
1.300000, 1.500000, -2.301978
1.350000, 1.500000, -2.005514
1.400000, 1.500000, -1.748927
1.450000, 1.500000, -1.638781
1.500000, 1.500000, -1.752290
1.550000, 1.500000, -2.121675
1.600000, 1.500000, -2.728282
1.650000, 1.500000, -3.507713
1.700000, 1.500000, -4.364762
1.750000, 1.500000, -5.194872
1.800000, 1.500000, -5.907369
1.850000, 1.500000, -6.445389
1.900000, 1.500000, -6.798121
1.950000, 1.500000, -7.002711
2.000000, 1.500000, -7.135391
0.000000, 1.550000, 4.888783
0.050000, 1.550000, 5.160645
0.100000, 1.550000, 5.323971
0.150000, 1.550000, 5.286496
0.200000, 1.550000, 5.003082
0.250000, 1.550000, 4.485588
0.300000, 1.550000, 3.799486
0.350000, 1.550000, 3.048075
0.400000, 1.550000, 2.347986
0.450000, 1.550000, 1.801729
0.500000, 1.550000, 1.473693
0.550000, 1.550000, 1.375175
0.600000, 1.550000, 1.461953
0.650000, 1.550000, 1.644932
0.700000, 1.550000, 1.811379
0.750000, 1.550000, 1.851780
0.800000, 1.550000, 1.686016
0.850000, 1.550000, 1.282746
0.900000, 1.550000, 0.667414
0.950000, 1.550000, -0.083017
1.000000, 1.550000, -0.857448
1.050000, 1.550000, -1.536137
1.100000, 1.550000, -2.018420
1.150000, 1.550000, -2.246240
1.200000, 1.550000, -2.218025
1.250000, 1.550000, -1.989691
1.300000, 1.550000, -1.662509
1.350000, 1.550000, -1.360642
1.400000, 1.550000, -1.203515
1.450000, 1.550000, -1.279390
1.500000, 1.550000, -1.626227
1.550000, 1.550000, -2.224210
1.600000, 1.550000, -3.001607
1.650000, 1.550000, -3.852529
1.700000, 1.550000, -4.662404
1.750000, 1.550000, -5.335194
1.800000, 1.550000, -5.815971
1.850000, 1.550000, -6.103613
1.900000, 1.550000, -6.250619
1.950000, 1.550000, -6.350132
2.000000, 1.550000, -6.513189
0.000000, 1.600000, 5.173304
0.050000, 1.600000, 5.466512
0.100000, 1.600000, 5.633453
0.150000, 1.600000, 5.575160
0.200000, 1.600000, 5.247564
0.250000, 1.600000, 4.671764
0.300000, 1.600000, 3.928243
0.350000, 1.600000, 3.136515
0.400000, 1.600000, 2.425268
0.450000, 1.600000, 1.900434
0.500000, 1.600000, 1.619086
0.550000, 1.600000, 1.575636
0.600000, 1.600000, 1.703722
0.650000, 1.600000, 1.893302
0.700000, 1.600000, 2.018682
0.750000, 1.600000, 1.970494
0.800000, 1.600000, 1.683660
0.850000, 1.600000, 1.154359
0.900000, 1.600000, 0.441742
0.950000, 1.600000, -0.346089
1.000000, 1.600000, -1.078427
1.050000, 1.600000, -1.634141
1.100000, 1.600000, -1.931778
1.150000, 1.600000, -1.950129
1.200000, 1.600000, -1.734197
1.250000, 1.600000, -1.385047
1.300000, 1.600000, -1.036026
1.350000, 1.600000, -0.821184
1.400000, 1.600000, -0.843646
1.450000, 1.600000, -1.151688
1.500000, 1.600000, -1.728358
1.550000, 1.600000, -2.497131
1.600000, 1.600000, -3.342125
1.650000, 1.600000, -4.137809
1.700000, 1.600000, -4.780786
1.750000, 1.600000, -5.215755
1.800000, 1.600000, -5.449190
1.850000, 1.600000, -5.547348
1.900000, 1.600000, -5.619104
1.950000, 1.600000, -5.787885
2.000000, 1.600000, -6.159697
0.000000, 1.650000, 5.454337
0.050000, 1.650000, 5.762064
0.100000, 1.650000, 5.925040
0.150000, 1.650000, 5.837889
0.200000, 1.650000, 5.458713
0.250000, 1.650000, 4.819535
0.300000, 1.650000, 4.017464
0.350000, 1.650000, 3.188950
0.400000, 1.650000, 2.473914
0.450000, 1.650000, 1.979202
0.500000, 1.650000, 1.750956
0.550000, 1.650000, 1.763154
0.600000, 1.650000, 1.925287
0.650000, 1.650000, 2.107127
0.700000, 1.650000, 2.174007
0.750000, 1.650000, 2.023288
0.800000, 1.650000, 1.612363
0.850000, 1.650000, 0.970767
0.900000, 1.650000, 0.193149
0.950000, 1.650000, -0.585101
1.000000, 1.650000, -1.223222
1.050000, 1.650000, -1.612180
1.100000, 1.650000, -1.703765
1.150000, 1.650000, -1.524037
1.200000, 1.650000, -1.167577
1.250000, 1.650000, -0.773999
1.300000, 1.650000, -0.492853
1.350000, 1.650000, -0.446062
1.400000, 1.650000, -0.697698
1.450000, 1.650000, -1.238926
1.500000, 1.650000, -1.992022
1.550000, 1.650000, -2.832286
1.600000, 1.650000, -3.622043
1.650000, 1.650000, -4.247721
1.700000, 1.650000, -4.650213
1.750000, 1.650000, -4.840512
1.800000, 1.650000, -4.896497
1.850000, 1.650000, -4.941722
1.900000, 1.650000, -5.111807
1.950000, 1.650000, -5.517308
2.000000, 1.650000, -6.212882
0.000000, 1.700000, 5.729817
0.050000, 1.700000, 6.045109
0.100000, 1.700000, 6.196772
0.150000, 1.700000, 6.073350
0.200000, 1.700000, 5.636266
0.250000, 1.700000, 4.930167
0.300000, 1.700000, 4.070301
0.350000, 1.700000, 3.210486
0.400000, 1.700000, 2.500591
0.450000, 1.700000, 2.045381
0.500000, 1.700000, 1.876163
0.550000, 1.700000, 1.943098
0.600000, 1.700000, 2.130257
0.650000, 1.700000, 2.289186
0.700000, 1.700000, 2.281532
0.750000, 1.700000, 2.018808
0.800000, 1.700000, 1.488125
0.850000, 1.700000, 0.756664
0.900000, 1.700000, -0.046428
0.950000, 1.700000, -0.765729
1.000000, 1.700000, -1.262905
1.050000, 1.700000, -1.455696
1.100000, 1.700000, -1.341666
1.150000, 1.700000, -1.000063
1.200000, 1.700000, -0.571253
1.250000, 1.700000, -0.219375
1.300000, 1.700000, -0.088560
1.350000, 1.700000, -0.264805
1.400000, 1.700000, -0.754044
1.450000, 1.700000, -1.482413
1.500000, 1.700000, -2.318554
1.550000, 1.700000, -3.111643
1.600000, 1.700000, -3.734502
1.650000, 1.700000, -4.119695
1.700000, 1.700000, -4.278550
1.750000, 1.700000, -4.297762
1.800000, 1.700000, -4.314546
1.850000, 1.700000, -4.477276
1.900000, 1.700000, -4.902626
1.950000, 1.700000, -5.641217
2.000000, 1.700000, -6.661411
0.000000, 1.750000, 5.998756
0.050000, 1.750000, 6.314904
0.100000, 1.750000, 6.448513
0.150000, 1.750000, 6.282367
0.200000, 1.750000, 5.782400
0.250000, 1.750000, 5.007580
0.300000, 1.750000, 4.092677
0.350000, 1.750000, 3.208973
0.400000, 1.750000, 2.514516
0.450000, 1.750000, 2.108535
0.500000, 1.750000, 2.003421
0.550000, 1.750000, 2.122469
0.600000, 1.750000, 2.323979
0.650000, 1.750000, 2.444521
0.700000, 1.750000, 2.348550
0.750000, 1.750000, 1.969635
0.800000, 1.750000, 1.331097
0.850000, 1.750000, 0.539879
0.900000, 1.750000, -0.244586
0.950000, 1.750000, -0.857381
1.000000, 1.750000, -1.177159
1.050000, 1.750000, -1.162769
1.100000, 1.750000, -0.866653
1.150000, 1.750000, -0.421015
1.200000, 1.750000, -0.000772
1.250000, 1.750000, 0.225878
1.300000, 1.750000, 0.144783
1.350000, 1.750000, -0.272770
1.400000, 1.750000, -0.963755
1.450000, 1.750000, -1.793945
1.500000, 1.750000, -2.599154
1.550000, 1.750000, -3.234923
1.600000, 1.750000, -3.619961
1.650000, 1.750000, -3.760485
1.700000, 1.750000, -3.748253
1.750000, 1.750000, -3.732891
1.800000, 1.750000, -3.876679
1.850000, 1.750000, -4.305168
1.900000, 1.750000, -5.068273
1.950000, 1.750000, -6.123366
2.000000, 1.750000, -7.345476
0.000000, 1.800000, 6.261051
0.050000, 1.800000, 6.571961
0.100000, 1.800000, 6.681702
0.150000, 1.800000, 6.467624
0.200000, 1.800000, 5.901370
0.250000, 1.800000, 5.057911
0.300000, 1.800000, 4.092747
0.350000, 1.800000, 3.194364
0.400000, 1.800000, 2.526727
0.450000, 1.800000, 2.179660
0.500000, 1.800000, 2.142498
0.550000, 1.800000, 2.309144
0.600000, 1.800000, 2.512847
0.650000, 1.800000, 2.579803
0.700000, 1.800000, 2.384777
0.750000, 1.800000, 1.891345
0.800000, 1.800000, 1.164155
0.850000, 1.800000, 0.349307
0.900000, 1.800000, -0.371067
0.950000, 1.800000, -0.835916
1.000000, 1.800000, -0.956289
1.050000, 1.800000, -0.744360
1.100000, 1.800000, -0.311368
1.150000, 1.800000, 0.164958
1.200000, 1.800000, 0.493426
1.250000, 1.800000, 0.526453
1.300000, 1.800000, 0.203532
1.350000, 1.800000, -0.432335
1.400000, 1.800000, -1.250236
1.450000, 1.800000, -2.074020
1.500000, 1.800000, -2.738665
1.550000, 1.800000, -3.142715
1.600000, 1.800000, -3.280410
1.650000, 1.800000, -3.243483
1.700000, 1.800000, -3.192051
1.750000, 1.800000, -3.303693
1.800000, 1.800000, -3.716626
1.850000, 1.800000, -4.484726
1.900000, 1.800000, -5.558495
1.950000, 1.800000, -6.798015
2.000000, 1.800000, -8.013946
0.000000, 1.850000, 6.517215
0.050000, 1.850000, 6.817730
0.100000, 1.850000, 6.899002
0.150000, 1.850000, 6.633238
0.200000, 1.850000, 5.999006
0.250000, 1.850000, 5.088916
0.300000, 1.850000, 4.080216
0.350000, 1.850000, 3.177945
0.400000, 1.850000, 2.549235
0.450000, 1.850000, 2.270286
0.500000, 1.850000, 2.303327
0.550000, 1.850000, 2.511030
0.600000, 1.850000, 2.703545
0.650000, 1.850000, 2.702600
0.700000, 1.850000, 2.401520
0.750000, 1.850000, 1.801369
0.800000, 1.850000, 1.011267
0.850000, 1.850000, 0.212736
0.900000, 1.850000, -0.400254
0.950000, 1.850000, -0.685844
1.000000, 1.850000, -0.602238
1.050000, 1.850000, -0.223245
1.100000, 1.850000, 0.283771
1.150000, 1.850000, 0.710366
1.200000, 1.850000, 0.872820
1.250000, 1.850000, 0.669749
1.300000, 1.850000, 0.112758
1.350000, 1.850000, -0.679828
1.400000, 1.850000, -1.523978
1.450000, 1.850000, -2.232135
1.500000, 1.850000, -2.676078
1.550000, 1.850000, -2.829750
1.600000, 1.850000, -2.777961
1.650000, 1.850000, -2.688101
1.700000, 1.850000, -2.754173
1.750000, 1.850000, -3.131575
1.800000, 1.850000, -3.884119
1.850000, 1.850000, -4.960777
1.900000, 1.850000, -6.209904
1.950000, 1.850000, -7.426378
2.000000, 1.850000, -8.416302
0.000000, 1.900000, 6.768070
0.050000, 1.900000, 7.054251
0.100000, 1.900000, 7.103874
0.150000, 1.900000, 6.784263
0.200000, 1.900000, 6.082124
0.250000, 1.900000, 5.109290
0.300000, 1.900000, 4.065565
0.350000, 1.900000, 3.171475
0.400000, 1.900000, 2.594100
0.450000, 1.900000, 2.391532
0.500000, 1.900000, 2.495076
0.550000, 1.900000, 2.735215
0.600000, 1.900000, 2.902265
0.650000, 1.900000, 2.820611
0.700000, 1.900000, 2.410776
0.750000, 1.900000, 1.717757
0.800000, 1.900000, 0.895782
0.850000, 1.900000, 0.154720
0.900000, 1.900000, -0.313324
0.950000, 1.900000, -0.401824
1.000000, 1.900000, -0.128551
1.050000, 1.900000, 0.368268
1.100000, 1.900000, 0.875127
1.150000, 1.900000, 1.174237
1.200000, 1.900000, 1.115918
1.250000, 1.900000, 0.667485
1.300000, 1.900000, -0.078147
1.350000, 1.900000, -0.936995
1.400000, 1.900000, -1.699621
1.450000, 1.900000, -2.205050
1.500000, 1.900000, -2.397353
1.550000, 1.900000, -2.345298
1.600000, 1.900000, -2.218260
1.650000, 1.900000, -2.226729
1.700000, 1.900000, -2.548066
1.750000, 1.900000, -3.263223
1.800000, 1.900000, -4.326431
1.850000, 1.900000, -5.578447
1.900000, 1.900000, -6.798894
1.950000, 1.900000, -7.779728
2.000000, 1.900000, -8.394546
0.000000, 1.950000, 7.014455
0.050000, 1.950000, 7.283791
0.100000, 1.950000, 7.300136
0.150000, 1.950000, 6.926154
0.200000, 1.950000, 6.157906
0.250000, 1.950000, 5.127966
0.300000, 1.950000, 4.059262
0.350000, 1.950000, 3.186330
0.400000, 1.950000, 2.672530
0.450000, 1.950000, 2.553196
0.500000, 1.950000, 2.725292
0.550000, 1.950000, 2.987192
0.600000, 1.950000, 3.114005
0.650000, 1.950000, 2.940946
0.700000, 1.950000, 2.424325
0.750000, 1.950000, 1.657927
0.800000, 1.950000, 0.838766
0.850000, 1.950000, 0.194680
0.900000, 1.950000, -0.099899
0.950000, 1.950000, 0.010703
1.000000, 1.950000, 0.440761
1.050000, 1.950000, 0.991575
1.100000, 1.950000, 1.420718
1.150000, 1.950000, 1.527088
1.200000, 1.950000, 1.220945
1.250000, 1.950000, 0.553611
1.300000, 1.950000, -0.303826
1.350000, 1.950000, -1.124961
1.400000, 1.950000, -1.712114
1.450000, 1.950000, -1.969346
1.500000, 1.950000, -1.937827
1.550000, 1.950000, -1.780697
1.600000, 1.950000, -1.722926
1.650000, 1.950000, -1.968116
1.700000, 1.950000, -2.622543
1.750000, 1.950000, -3.654202
1.800000, 1.950000, -4.901836
1.850000, 1.950000, -6.130806
1.900000, 1.950000, -7.115613
1.950000, 1.950000, -7.719191
2.000000, 1.950000, -7.940249
0.000000, 2.000000, 7.256980
0.050000, 2.000000, 7.508517
0.100000, 2.000000, 7.491552
0.150000, 2.000000, 7.064279
0.200000, 2.000000, 6.233320
0.250000, 2.000000, 5.153444
0.300000, 2.000000, 4.071024
0.350000, 2.000000, 3.232707
0.400000, 2.000000, 2.794062
0.450000, 2.000000, 2.762959
0.500000, 2.000000, 2.999170
0.550000, 2.000000, 3.270214
0.600000, 2.000000, 3.341994
0.650000, 2.000000, 3.069509
0.700000, 2.000000, 2.452922
0.750000, 2.000000, 1.637510
0.800000, 2.000000, 0.857519
0.850000, 2.000000, 0.345370
0.900000, 2.000000, 0.240963
0.950000, 2.000000, 0.535792
1.000000, 2.000000, 1.073329
1.050000, 2.000000, 1.605653
1.100000, 2.000000, 1.884845
1.150000, 2.000000, 1.754377
1.200000, 2.000000, 1.205743
1.250000, 2.000000, 0.378841
1.300000, 2.000000, -0.493905
1.350000, 2.000000, -1.178251
1.400000, 2.000000, -1.528920
1.450000, 2.000000, -1.545748
1.500000, 2.000000, -1.373736
1.550000, 2.000000, -1.246982
1.600000, 2.000000, -1.397966
1.650000, 2.000000, -1.966918
1.700000, 2.000000, -2.945965
1.750000, 2.000000, -4.179540
1.800000, 2.000000, -5.420996
1.850000, 2.000000, -6.423959
1.900000, 2.000000, -7.033660
1.950000, 2.000000, -7.243477
2.000000, 2.000000, -7.195217
