0.000000, 0.000000, 2.049559
0.050000, 0.000000, 1.830596
0.100000, 0.000000, 1.680959
0.150000, 0.000000, 1.652761
0.200000, 0.000000, 1.772231
0.250000, 0.000000, 2.033995
0.300000, 0.000000, 2.402252
0.350000, 0.000000, 2.818574
0.400000, 0.000000, 3.214648
0.450000, 0.000000, 3.527165
0.500000, 0.000000, 3.711628
0.550000, 0.000000, 3.752047
0.600000, 0.000000, 3.664431
0.650000, 0.000000, 3.493300
0.700000, 0.000000, 3.301980
0.750000, 0.000000, 3.158804
0.800000, 0.000000, 3.122218
0.850000, 0.000000, 3.228044
0.900000, 0.000000, 3.481672
0.950000, 0.000000, 3.856890
1.000000, 0.000000, 4.301599
1.050000, 0.000000, 4.749177
1.100000, 0.000000, 5.132999
1.150000, 0.000000, 5.400967
1.200000, 0.000000, 5.526869
1.250000, 0.000000, 5.516095
1.300000, 0.000000, 5.404468
1.350000, 0.000000, 5.250432
1.400000, 0.000000, 5.122321
1.450000, 0.000000, 5.083461
1.500000, 0.000000, 5.178373
1.550000, 0.000000, 5.423064
1.600000, 0.000000, 5.801546
1.650000, 0.000000, 6.269320
1.700000, 0.000000, 6.763079
1.750000, 0.000000, 7.214508
1.800000, 0.000000, 7.565182
1.850000, 0.000000, 7.779297
1.900000, 0.000000, 7.851479
1.950000, 0.000000, 7.807959
2.000000, 0.000000, 7.700849
0.000000, 0.050000, 1.924182
0.050000, 0.050000, 1.701791
0.100000, 0.050000, 1.548727
0.150000, 0.050000, 1.517106
0.200000, 0.050000, 1.633156
0.250000, 0.050000, 1.891505
0.300000, 0.050000, 2.256352
0.350000, 0.050000, 2.669271
0.400000, 0.050000, 3.061948
0.450000, 0.050000, 3.371078
0.500000, 0.050000, 3.552162
0.550000, 0.050000, 3.589212
0.600000, 0.050000, 3.498237
0.650000, 0.050000, 3.323758
0.700000, 0.050000, 3.129101
0.750000, 0.050000, 2.982600
0.800000, 0.050000, 2.942702
0.850000, 0.050000, 3.045228
0.900000, 0.050000, 3.295568
0.950000, 0.050000, 3.667510
1.000000, 0.050000, 4.108958
1.050000, 0.050000, 4.553286
1.100000, 0.050000, 4.933871
1.150000, 0.050000, 5.198613
1.200000, 0.050000, 5.321302
1.250000, 0.050000, 5.307327
1.300000, 0.050000, 5.192509
1.350000, 0.050000, 5.035292
1.400000, 0.050000, 4.904010
1.450000, 0.050000, 4.861989
1.500000, 0.050000, 4.953747
1.550000, 0.050000, 5.195292
1.600000, 0.050000, 5.570634
1.650000, 0.050000, 6.035273
1.700000, 0.050000, 6.525901
1.750000, 0.050000, 6.974204
1.800000, 0.050000, 7.321752
1.850000, 0.050000, 7.532743
1.900000, 0.050000, 7.601802
1.950000, 0.050000, 7.555156
2.000000, 0.050000, 7.444918
0.000000, 0.100000, 1.460852
0.050000, 0.100000, 1.235036
0.100000, 0.100000, 1.078548
0.150000, 0.100000, 1.043505
0.200000, 0.100000, 1.156137
0.250000, 0.100000, 1.411072
0.300000, 0.100000, 1.772509
0.350000, 0.100000, 2.182022
0.400000, 0.100000, 2.571299
0.450000, 0.100000, 2.877033
0.500000, 0.100000, 3.054727
0.550000, 0.100000, 3.088392
0.600000, 0.100000, 2.994039
0.650000, 0.100000, 2.816186
0.700000, 0.100000, 2.618162
0.750000, 0.100000, 2.468299
0.800000, 0.100000, 2.425044
0.850000, 0.100000, 2.524218
0.900000, 0.100000, 2.771211
0.950000, 0.100000, 3.139811
1.000000, 0.100000, 3.577919
1.050000, 0.100000, 4.018911
1.100000, 0.100000, 4.396162
1.150000, 0.100000, 4.657573
1.200000, 0.100000, 4.776930
1.250000, 0.100000, 4.759624
1.300000, 0.100000, 4.641472
1.350000, 0.100000, 4.480921
1.400000, 0.100000, 4.346300
1.450000, 0.100000, 4.300935
1.500000, 0.100000, 4.389343
1.550000, 0.100000, 4.627531
1.600000, 0.100000, 4.999507
1.650000, 0.100000, 5.460770
1.700000, 0.100000, 5.948011
1.750000, 0.100000, 6.392912
1.800000, 0.100000, 6.737045
1.850000, 0.100000, 6.944603
1.900000, 0.100000, 7.010211
1.950000, 0.100000, 6.960096
2.000000, 0.100000, 6.846367
0.000000, 0.150000, 0.775749
0.050000, 0.150000, 0.546509
0.100000, 0.150000, 0.386600
0.150000, 0.150000, 0.348138
0.200000, 0.150000, 0.457352
0.250000, 0.150000, 0.708870
0.300000, 0.150000, 1.066890
0.350000, 0.150000, 1.472986
0.400000, 0.150000, 1.858845
0.450000, 0.150000, 2.161159
0.500000, 0.150000, 2.335430
0.550000, 0.150000, 2.365670
0.600000, 0.150000, 2.267886
0.650000, 0.150000, 2.086599
0.700000, 0.150000, 1.885133
0.750000, 0.150000, 1.731822
0.800000, 0.150000, 1.685110
0.850000, 0.150000, 1.780818
0.900000, 0.150000, 2.024334
0.950000, 0.150000, 2.389444
1.000000, 0.150000, 2.824049
1.050000, 0.150000, 3.261522
1.100000, 0.150000, 3.635238
1.150000, 0.150000, 3.893095
1.200000, 0.150000, 4.008878
1.250000, 0.150000, 3.987975
1.300000, 0.150000, 3.866204
1.350000, 0.150000, 3.702007
1.400000, 0.150000, 3.563713
1.450000, 0.150000, 3.514646
1.500000, 0.150000, 3.599320
1.550000, 0.150000, 3.833741
1.600000, 0.150000, 4.201914
1.650000, 0.150000, 4.659337
1.700000, 0.150000, 5.142698
1.750000, 0.150000, 5.583678
1.800000, 0.150000, 5.923846
1.850000, 0.150000, 6.127394
1.900000, 0.150000, 6.188945
1.950000, 0.150000, 6.134722
2.000000, 0.150000, 6.016834
0.000000, 0.200000, 0.034142
0.050000, 0.200000, -0.198518
0.100000, 0.200000, -0.361845
0.150000, 0.200000, -0.403725
0.200000, 0.200000, -0.297931
0.250000, 0.200000, -0.049837
0.300000, 0.200000, 0.304753
0.350000, 0.200000, 0.707411
0.400000, 0.200000, 1.089822
0.450000, 0.200000, 1.388676
0.500000, 0.200000, 1.559472
0.550000, 0.200000, 1.586220
0.600000, 0.200000, 1.484926
0.650000, 0.200000, 1.300106
0.700000, 0.200000, 1.095085
0.750000, 0.200000, 0.938192
0.800000, 0.200000, 0.887870
0.850000, 0.200000, 0.979936
0.900000, 0.200000, 1.219778
0.950000, 0.200000, 1.581178
1.000000, 0.200000, 2.012035
1.050000, 0.200000, 2.445719
1.100000, 0.200000, 2.815602
1.150000, 0.200000, 3.069580
1.200000, 0.200000, 3.181436
1.250000, 0.200000, 3.156555
1.300000, 0.200000, 3.030753
1.350000, 0.200000, 2.862468
1.400000, 0.200000, 2.720028
1.450000, 0.200000, 2.666753
1.500000, 0.200000, 2.747157
1.550000, 0.200000, 2.977241
1.600000, 0.200000, 3.341010
1.650000, 0.200000, 3.793957
1.700000, 0.200000, 4.272770
1.750000, 0.200000, 4.709128
1.800000, 0.200000, 5.044596
1.850000, 0.200000, 5.243366
1.900000, 0.200000, 5.300058
1.950000, 0.200000, 5.240895
2.000000, 0.200000, 5.117983
0.000000, 0.250000, -0.585632
0.050000, 0.250000, -0.821708
0.100000, 0.250000, -0.988449
0.150000, 0.250000, -1.033746
0.200000, 0.250000, -0.931376
0.250000, 0.250000, -0.686716
0.300000, 0.250000, -0.335575
0.350000, 0.250000, 0.063614
0.400000, 0.250000, 0.442534
0.450000, 0.250000, 0.737871
0.500000, 0.250000, 0.905119
0.550000, 0.250000, 0.928285
0.600000, 0.250000, 0.823370
0.650000, 0.250000, 0.634888
0.700000, 0.250000, 0.426158
0.750000, 0.250000, 0.265506
0.800000, 0.250000, 0.211371
0.850000, 0.250000, 0.299567
0.900000, 0.250000, 0.535478
0.950000, 0.250000, 0.892882
1.000000, 0.250000, 1.319675
1.050000, 0.250000, 1.749224
1.100000, 0.250000, 2.114897
1.150000, 0.250000, 2.364587
1.200000, 0.250000, 2.472074
1.250000, 0.250000, 2.442740
1.300000, 0.250000, 2.312398
1.350000, 0.250000, 2.139484
1.400000, 0.250000, 1.992324
1.450000, 0.250000, 1.934235
1.500000, 0.250000, 2.009727
1.550000, 0.250000, 2.234802
1.600000, 0.250000, 2.593461
1.650000, 0.250000, 3.041199
1.700000, 0.250000, 3.514698
1.750000, 0.250000, 3.945639
1.800000, 0.250000, 4.275586
1.850000, 0.250000, 4.468729
1.900000, 0.250000, 4.519688
1.950000, 0.250000, 4.454686
2.000000, 0.250000, 4.325830
0.000000, 0.300000, -0.931045
0.050000, 0.300000, -1.170530
0.100000, 0.300000, -1.340682
0.150000, 0.300000, -1.389396
0.200000, 0.300000, -1.290456
0.250000, 0.300000, -1.049245
0.300000, 0.300000, -0.701580
0.350000, 0.300000, -0.305897
0.400000, 0.300000, 0.069478
0.450000, 0.300000, 0.361225
0.500000, 0.300000, 0.524834
0.550000, 0.300000, 0.544304
0.600000, 0.300000, 0.435632
0.650000, 0.300000, 0.243324
0.700000, 0.300000, 0.030696
0.750000, 0.300000, -0.133932
0.800000, 0.300000, -0.192126
0.850000, 0.300000, -0.108076
0.900000, 0.300000, 0.123594
0.950000, 0.300000, 0.476663
1.000000, 0.300000, 0.899019
1.050000, 0.300000, 1.324026
1.100000, 0.300000, 1.685050
1.150000, 0.300000, 1.929980
1.200000, 0.300000, 2.032593
1.250000, 0.300000, 1.998270
1.300000, 0.300000, 1.862819
1.350000, 0.300000, 1.684677
1.400000, 0.300000, 1.532167
1.450000, 0.300000, 1.468606
1.500000, 0.300000, 1.538505
1.550000, 0.300000, 1.757862
1.600000, 0.300000, 2.110682
1.650000, 0.300000, 2.552458
1.700000, 0.300000, 3.019876
1.750000, 0.300000, 3.444615
1.800000, 0.300000, 3.768244
1.850000, 0.300000, 3.954953
1.900000, 0.300000, 3.999368
1.950000, 0.300000, 3.927712
2.000000, 0.300000, 3.792097
0.000000, 0.350000, -0.908624
0.050000, 0.350000, -1.151513
0.100000, 0.350000, -1.325070
0.150000, 0.350000, -1.377201
0.200000, 0.350000, -1.281699
0.250000, 0.350000, -1.043957
0.300000, 0.350000, -0.699798
0.350000, 0.350000, -0.307670
0.400000, 0.350000, 0.064093
0.450000, 0.350000, 0.352164
0.500000, 0.350000, 0.512023
0.550000, 0.350000, 0.527661
0.600000, 0.350000, 0.415069
0.650000, 0.350000, 0.218745
0.700000, 0.350000, 0.001999
0.750000, 0.350000, -0.166857
0.800000, 0.350000, -0.229394
0.850000, 0.350000, -0.149808
0.900000, 0.350000, 0.077274
0.950000, 0.350000, 0.425624
1.000000, 0.350000, 0.843128
1.050000, 0.350000, 1.263147
1.100000, 0.350000, 1.619043
1.150000, 0.350000, 1.858705
1.200000, 0.350000, 1.955907
1.250000, 0.350000, 1.916029
1.300000, 0.350000, 1.774882
1.350000, 0.350000, 1.590901
1.400000, 0.350000, 1.432411
1.450000, 0.350000, 1.362732
1.500000, 0.350000, 1.426375
1.550000, 0.350000, 1.639346
1.600000, 0.350000, 1.985651
1.650000, 0.350000, 2.420789
1.700000, 0.350000, 2.881450
1.750000, 0.350000, 3.299321
1.800000, 0.350000, 3.615976
1.850000, 0.350000, 3.795615
1.900000, 0.350000, 3.832869
1.950000, 0.350000, 3.753972
2.000000, 0.350000, 3.611043
0.000000, 0.400000, -0.504327
0.050000, 0.400000, -0.750612
0.100000, 0.400000, -0.927569
0.150000, 0.400000, -0.983119
0.200000, 0.400000, -0.891065
0.250000, 0.400000, -0.656814
0.300000, 0.400000, -0.316200
0.350000, 0.400000, 0.072317
0.400000, 0.400000, 0.440390
0.450000, 0.400000, 0.724683
0.500000, 0.400000, 0.880664
0.550000, 0.400000, 0.892316
0.600000, 0.400000, 0.775618
0.650000, 0.400000, 0.575063
0.700000, 0.400000, 0.353949
0.750000, 0.400000, 0.180584
0.800000, 0.400000, 0.113390
0.850000, 0.400000, 0.188166
0.900000, 0.400000, 0.410281
0.950000, 0.400000, 0.753502
1.000000, 0.400000, 1.165715
1.050000, 0.400000, 1.580278
1.100000, 0.400000, 1.930553
1.150000, 0.400000, 2.164429
1.200000, 0.400000, 2.255684
1.250000, 0.400000, 2.209699
1.300000, 0.400000, 2.062289
1.350000, 0.400000, 1.871895
1.400000, 0.400000, 1.706848
1.450000, 0.400000, 1.630474
1.500000, 0.400000, 1.687293
1.550000, 0.400000, 1.893319
1.600000, 0.400000, 2.232569
1.650000, 0.400000, 2.660552
1.700000, 0.400000, 3.113970
1.750000, 0.400000, 3.524523
1.800000, 0.400000, 3.833797
1.850000, 0.400000, 4.006008
1.900000, 0.400000, 4.035799
1.950000, 0.400000, 3.949420
2.000000, 0.400000, 3.799007
0.000000, 0.450000, 0.213398
0.050000, 0.450000, -0.036275
0.100000, 0.450000, -0.216628
0.150000, 0.450000, -0.275598
0.200000, 0.450000, -0.187004
0.250000, 0.450000, 0.043730
0.300000, 0.450000, 0.380755
0.350000, 0.450000, 0.765594
0.400000, 0.450000, 1.129890
0.450000, 0.450000, 1.410289
0.500000, 0.450000, 1.562249
0.550000, 0.450000, 1.569740
0.600000, 0.450000, 1.448732
0.650000, 0.450000, 1.243706
0.700000, 0.450000, 1.017954
0.750000, 0.450000, 0.839777
0.800000, 0.450000, 0.767591
0.850000, 0.450000, 0.837191
0.900000, 0.450000, 1.053943
0.950000, 0.450000, 1.391614
1.000000, 0.450000, 1.798089
1.050000, 0.450000, 2.206730
1.100000, 0.450000, 2.550901
1.150000, 0.450000, 2.778497
1.200000, 0.450000, 2.863303
1.250000, 0.450000, 2.810708
1.300000, 0.450000, 2.656537
1.350000, 0.450000, 2.459242
1.400000, 0.450000, 2.287165
1.450000, 0.450000, 2.203648
1.500000, 0.450000, 2.253226
1.550000, 0.450000, 2.451929
1.600000, 0.450000, 2.783790
1.650000, 0.450000, 3.204337
1.700000, 0.450000, 3.650293
1.750000, 0.450000, 4.053375
1.800000, 0.450000, 4.355192
1.850000, 0.450000, 4.519979
1.900000, 0.450000, 4.542402
1.950000, 0.450000, 4.448731
2.000000, 0.450000, 4.291126
0.000000, 0.500000, 1.108535
0.050000, 0.500000, 0.855483
0.100000, 0.500000, 0.671740
0.150000, 0.500000, 0.609348
0.200000, 0.500000, 0.694466
0.250000, 0.500000, 0.921653
0.300000, 0.500000, 1.255038
0.350000, 0.500000, 1.636128
0.400000, 0.500000, 1.996545
0.450000, 0.500000, 2.272923
0.500000, 0.500000, 2.420704
0.550000, 0.500000, 2.423845
0.600000, 0.500000, 2.298303
0.650000, 0.500000, 2.088551
0.700000, 0.500000, 1.857874
0.750000, 0.500000, 1.674566
0.800000, 0.500000, 1.597039
0.850000, 0.500000, 1.661088
0.900000, 0.500000, 1.872079
0.950000, 0.500000, 2.203782
1.000000, 0.500000, 2.604087
1.050000, 0.500000, 3.006364
1.100000, 0.500000, 3.343986
1.150000, 0.500000, 3.564860
1.200000, 0.500000, 3.642783
1.250000, 0.500000, 3.583162
1.300000, 0.500000, 3.421838
1.350000, 0.500000, 3.217282
1.400000, 0.500000, 3.037859
1.450000, 0.500000, 2.946930
1.500000, 0.500000, 2.989056
1.550000, 0.500000, 3.180290
1.600000, 0.500000, 3.504692
1.650000, 0.500000, 3.917815
1.700000, 0.500000, 4.356410
1.750000, 0.500000, 4.752220
1.800000, 0.500000, 5.046883
1.850000, 0.500000, 5.204659
1.900000, 0.500000, 5.220242
1.950000, 0.500000, 5.119929
2.000000, 0.500000, 4.955903
0.000000, 0.550000, 2.007152
0.050000, 0.550000, 1.750731
0.100000, 0.550000, 1.563603
0.150000, 0.550000, 1.497786
0.200000, 0.550000, 1.579412
0.250000, 0.550000, 1.803017
0.300000, 0.550000, 2.132706
0.350000, 0.550000, 2.509964
0.400000, 0.550000, 2.866396
0.450000, 0.550000, 3.138613
0.500000, 0.550000, 3.282043
0.550000, 0.550000, 3.280629
0.600000, 0.550000, 3.150317
0.650000, 0.550000, 2.935571
0.700000, 0.550000, 2.699669
0.750000, 0.550000, 2.510902
0.800000, 0.550000, 2.427684
0.850000, 0.550000, 2.485810
0.900000, 0.550000, 2.690653
0.950000, 0.550000, 3.015992
1.000000, 0.550000, 3.409728
1.050000, 0.550000, 3.805245
1.100000, 0.550000, 4.135935
1.150000, 0.550000, 4.349724
1.200000, 0.550000, 4.420432
1.250000, 0.550000, 4.353489
1.300000, 0.550000, 4.184764
1.350000, 0.550000, 3.972757
1.400000, 0.550000, 3.785861
1.450000, 0.550000, 3.687471
1.500000, 0.550000, 3.722179
1.550000, 0.550000, 3.906071
1.600000, 0.550000, 4.223241
1.650000, 0.550000, 4.629275
1.700000, 0.550000, 5.060957
1.750000, 0.550000, 5.450064
1.800000, 0.550000, 5.738264
1.850000, 0.550000, 5.889847
1.900000, 0.550000, 5.899537
1.950000, 0.550000, 5.793658
2.000000, 0.550000, 5.624417
0.000000, 0.600000, 2.735318
0.050000, 0.600000, 2.475539
0.100000, 0.600000, 2.285032
0.150000, 0.600000, 2.215785
0.200000, 0.600000, 2.293901
0.250000, 0.600000, 2.513885
0.300000, 0.600000, 2.839816
0.350000, 0.600000, 3.213154
0.400000, 0.600000, 3.565480
0.450000, 0.600000, 3.833387
0.500000, 0.600000, 3.972284
0.550000, 0.600000, 3.966099
0.600000, 0.600000, 3.830770
0.650000, 0.600000, 3.610752
0.700000, 0.600000, 3.369321
0.750000, 0.600000, 3.174770
0.800000, 0.600000, 3.085515
0.850000, 0.600000, 3.137362
0.900000, 0.600000, 3.335695
0.950000, 0.600000, 3.654311
1.000000, 0.600000, 4.041130
1.050000, 0.600000, 4.429561
1.100000, 0.600000, 4.753022
1.150000, 0.600000, 4.959469
1.200000, 0.600000, 5.022754
1.250000, 0.600000, 4.948343
1.300000, 0.600000, 4.772142
1.350000, 0.600000, 4.552688
1.400000, 0.600000, 4.358415
1.450000, 0.600000, 4.252758
1.500000, 0.600000, 4.280349
1.550000, 0.600000, 4.457314
1.600000, 0.600000, 4.767787
1.650000, 0.600000, 5.167392
1.700000, 0.600000, 5.592949
1.750000, 0.600000, 5.976269
1.800000, 0.600000, 6.259051
1.850000, 0.600000, 6.405616
1.900000, 0.600000, 6.410709
1.950000, 0.600000, 6.300678
2.000000, 0.600000, 6.127745
0.000000, 0.650000, 3.157021
0.050000, 0.650000, 2.893894
0.100000, 0.650000, 2.700014
0.150000, 0.650000, 2.627331
0.200000, 0.650000, 2.701915
0.250000, 0.650000, 2.918236
0.300000, 0.650000, 3.240342
0.350000, 0.650000, 3.609665
0.400000, 0.650000, 3.957759
0.450000, 0.650000, 4.221195
0.500000, 0.650000, 4.355366
0.550000, 0.650000, 4.344187
0.600000, 0.650000, 4.203586
0.650000, 0.650000, 3.978016
0.700000, 0.650000, 3.730754
0.750000, 0.650000, 3.530098
0.800000, 0.650000, 3.434479
0.850000, 0.650000, 3.479715
0.900000, 0.650000, 3.671217
0.950000, 0.650000, 3.982804
1.000000, 0.650000, 4.362428
1.050000, 0.650000, 4.743533
1.100000, 0.650000, 5.059573
1.150000, 0.650000, 5.258548
1.200000, 0.650000, 5.314352
1.250000, 0.650000, 5.232498
1.300000, 0.650000, 5.048937
1.350000, 0.650000, 4.822255
1.400000, 0.650000, 4.620935
1.450000, 0.650000, 4.508458
1.500000, 0.650000, 4.529502
1.550000, 0.650000, 4.700237
1.600000, 0.650000, 5.004839
1.650000, 0.650000, 5.398971
1.700000, 0.650000, 5.819485
1.750000, 0.650000, 6.198224
1.800000, 0.650000, 6.476912
1.850000, 0.650000, 6.619887
1.900000, 0.650000, 6.621912
1.950000, 0.650000, 6.509337
2.000000, 0.650000, 6.334389
0.000000, 0.700000, 3.203816
0.050000, 0.700000, 2.937352
0.100000, 0.700000, 2.740104
0.150000, 0.700000, 2.663980
0.200000, 0.700000, 2.735009
0.250000, 0.700000, 2.947621
0.300000, 0.700000, 3.265829
0.350000, 0.700000, 3.631033
0.400000, 0.700000, 3.974759
0.450000, 0.700000, 4.233558
0.500000, 0.700000, 4.362803
0.550000, 0.700000, 4.346400
0.600000, 0.700000, 4.200270
0.650000, 0.700000, 3.968869
0.700000, 0.700000, 3.715480
0.750000, 0.700000, 3.508417
0.800000, 0.700000, 3.406129
0.850000, 0.700000, 3.444465
0.900000, 0.700000, 3.628863
0.950000, 0.700000, 3.933183
1.000000, 0.700000, 4.305420
1.050000, 0.700000, 4.679061
1.100000, 0.700000, 4.987615
1.150000, 0.700000, 5.179130
1.200000, 0.700000, 5.227559
1.250000, 0.700000, 5.138468
1.300000, 0.700000, 4.947866
1.350000, 0.700000, 4.714394
1.400000, 0.700000, 4.506588
1.450000, 0.700000, 4.387980
1.500000, 0.700000, 4.403296
1.550000, 0.700000, 4.568750
1.600000, 0.700000, 4.868555
1.650000, 0.700000, 5.258405
1.700000, 0.700000, 5.675180
1.750000, 0.700000, 6.050740
1.800000, 0.700000, 6.326818
1.850000, 0.700000, 6.467757
1.900000, 0.700000, 6.468312
1.950000, 0.700000, 6.354819
2.000000, 0.700000, 6.179481
0.000000, 0.750000, 2.889750
0.050000, 0.750000, 2.619961
0.100000, 0.750000, 2.419351
0.150000, 0.750000, 2.339779
0.200000, 0.750000, 2.407226
0.250000, 0.750000, 2.616079
0.300000, 0.750000, 2.930311
0.350000, 0.750000, 3.291287
0.400000, 0.750000, 3.630505
0.450000, 0.750000, 3.884491
0.500000, 0.750000, 4.008605
0.550000, 0.750000, 3.986743
0.600000, 0.750000, 3.834829
0.650000, 0.750000, 3.597323
0.700000, 0.750000, 3.337527
0.750000, 0.750000, 3.123777
0.800000, 0.750000, 3.014554
0.850000, 0.750000, 3.045745
0.900000, 0.750000, 3.222833
0.950000, 0.750000, 3.519728
1.000000, 0.750000, 3.884482
1.050000, 0.750000, 4.250641
1.100000, 0.750000, 4.551775
1.150000, 0.750000, 4.735999
1.200000, 0.750000, 4.777329
1.250000, 0.750000, 4.681396
1.300000, 0.750000, 4.484271
1.350000, 0.750000, 4.244655
1.400000, 0.750000, 4.031139
1.450000, 0.750000, 3.907305
1.500000, 0.750000, 3.917922
1.550000, 0.750000, 4.079240
1.600000, 0.750000, 4.375499
1.650000, 0.750000, 4.762413
1.700000, 0.750000, 5.176868
1.750000, 0.750000, 5.550723
1.800000, 0.750000, 5.825700
1.850000, 0.750000, 5.966116
1.900000, 0.750000, 5.966693
1.950000, 0.750000, 5.853724
2.000000, 0.750000, 5.679357
0.000000, 0.800000, 2.308303
0.050000, 0.800000, 2.035201
0.100000, 0.800000, 1.831235
0.150000, 0.800000, 1.748206
0.200000, 0.800000, 1.812042
0.250000, 0.800000, 2.017083
0.300000, 0.800000, 2.327256
0.350000, 0.800000, 2.683889
0.400000, 0.800000, 3.018450
0.450000, 0.800000, 3.267443
0.500000, 0.800000, 3.386217
0.550000, 0.800000, 3.358664
0.600000, 0.800000, 3.200713
0.650000, 0.800000, 2.956842
0.700000, 0.800000, 2.690378
0.750000, 0.800000, 2.469693
0.800000, 0.800000, 2.353312
0.850000, 0.800000, 2.377172
0.900000, 0.800000, 2.546817
0.950000, 0.800000, 2.836222
1.000000, 0.800000, 3.193505
1.050000, 0.800000, 3.552288
1.100000, 0.800000, 3.846213
1.150000, 0.800000, 4.023470
1.200000, 0.800000, 4.058148
1.250000, 0.800000, 3.955947
1.300000, 0.800000, 3.753003
1.350000, 0.800000, 3.508076
1.400000, 0.800000, 3.289807
1.450000, 0.800000, 3.161822
1.500000, 0.800000, 3.168920
1.550000, 0.800000, 3.327373
1.600000, 0.800000, 3.621428
1.650000, 0.800000, 4.006795
1.700000, 0.800000, 4.420345
1.750000, 0.800000, 4.793904
1.800000, 0.800000, 5.069152
1.850000, 0.800000, 5.210351
1.900000, 0.800000, 5.212153
1.950000, 0.800000, 5.100772
2.000000, 0.800000, 4.928265
0.000000, 0.850000, 1.612012
0.050000, 0.850000, 1.335610
0.100000, 0.850000, 1.128292
0.150000, 0.850000, 1.041797
0.200000, 0.850000, 1.101992
0.250000, 0.850000, 1.303162
0.300000, 0.850000, 1.609188
0.350000, 0.850000, 1.961358
0.400000, 0.850000, 2.291109
0.450000, 0.850000, 2.534926
0.500000, 0.850000, 2.648149
0.550000, 0.850000, 2.614673
0.600000, 0.850000, 2.450442
0.650000, 0.850000, 2.199962
0.700000, 0.850000, 1.926596
0.750000, 0.850000, 1.698766
0.800000, 0.850000, 1.575055
0.850000, 0.850000, 1.591467
0.900000, 0.850000, 1.753619
0.950000, 0.850000, 2.035565
1.000000, 0.850000, 2.385507
1.050000, 0.850000, 2.737149
1.100000, 0.850000, 3.024220
1.150000, 0.850000, 3.194989
1.200000, 0.850000, 3.223622
1.250000, 0.850000, 3.115890
1.300000, 0.850000, 2.907992
1.350000, 0.850000, 2.658737
1.400000, 0.850000, 2.436808
1.450000, 0.850000, 2.305856
1.500000, 0.850000, 2.310692
1.550000, 0.850000, 2.467585
1.600000, 0.850000, 2.760765
1.650000, 0.850000, 3.145905
1.700000, 0.850000, 3.559826
1.750000, 0.850000, 3.934289
1.800000, 0.850000, 4.210893
1.850000, 0.850000, 4.353807
1.900000, 0.850000, 4.357578
1.950000, 0.850000, 4.248304
2.000000, 0.850000, 4.077922
0.000000, 0.900000, 0.979223
0.050000, 0.900000, 0.699534
0.100000, 0.900000, 0.488868
0.150000, 0.900000, 0.398896
0.200000, 0.900000, 0.455417
0.250000, 0.900000, 0.652656
0.300000, 0.900000, 0.954443
0.350000, 0.900000, 1.302024
0.400000, 0.900000, 1.626807
0.450000, 0.900000, 1.865262
0.500000, 0.900000, 1.972723
0.550000, 0.900000, 1.933100
0.600000, 0.900000, 1.762359
0.650000, 0.900000, 1.505047
0.700000, 0.900000, 1.224578
0.750000, 0.900000, 0.989438
0.800000, 0.900000, 0.858284
0.850000, 0.900000, 0.867202
0.900000, 0.900000, 1.021900
0.950000, 0.900000, 1.296524
1.000000, 0.900000, 1.639370
1.050000, 0.900000, 1.984239
1.100000, 0.900000, 2.264948
1.150000, 0.900000, 2.429851
1.200000, 0.900000, 2.453192
1.250000, 0.900000, 2.340804
1.300000, 0.900000, 2.128940
1.350000, 0.900000, 1.876446
1.400000, 0.900000, 1.652023
1.450000, 0.900000, 1.519326
1.500000, 0.900000, 1.523151
1.550000, 0.900000, 1.679729
1.600000, 0.900000, 1.973238
1.650000, 0.900000, 2.359278
1.700000, 0.900000, 2.774580
1.750000, 0.900000, 3.150801
1.800000, 0.900000, 3.429419
1.850000, 0.900000, 3.574472
1.900000, 0.900000, 3.580368
1.950000, 0.900000, 3.473060
2.000000, 0.900000, 3.304332
0.000000, 0.950000, 0.575218
0.050000, 0.950000, 0.292254
0.100000, 0.950000, 0.078246
0.150000, 0.950000, -0.015216
0.200000, 0.950000, 0.037595
0.250000, 0.950000, 0.230838
0.300000, 0.950000, 0.528289
0.350000, 0.950000, 0.871151
0.400000, 0.950000, 1.190806
0.450000, 0.950000, 1.423710
0.500000, 0.950000, 1.525204
0.550000, 0.950000, 1.479216
0.600000, 0.950000, 1.301753
0.650000, 0.950000, 1.037411
0.700000, 0.950000, 0.749676
0.750000, 0.950000, 0.507112
0.800000, 0.950000, 0.368466
0.850000, 0.950000, 0.369926
0.900000, 0.950000, 0.517301
0.950000, 0.950000, 0.784845
1.000000, 0.950000, 1.120960
1.050000, 0.950000, 1.459546
1.100000, 0.950000, 1.734513
1.150000, 0.950000, 1.894300
1.200000, 0.950000, 1.913217
1.250000, 0.950000, 1.797152
1.300000, 0.950000, 1.582389
1.350000, 0.950000, 1.327791
1.400000, 0.950000, 1.102050
1.450000, 0.950000, 0.968789
1.500000, 0.950000, 0.972754
1.550000, 0.950000, 1.130102
1.600000, 0.950000, 1.424913
1.650000, 0.950000, 1.812675
1.700000, 0.950000, 2.229987
1.750000, 0.950000, 2.608360
1.800000, 0.950000, 2.889116
1.850000, 0.950000, 3.036130
1.900000, 0.950000, 3.043643
1.950000, 0.950000, 2.937441
2.000000, 0.950000, 2.769149
0.000000, 1.000000, 0.516187
0.050000, 1.000000, 0.229960
0.100000, 1.000000, 0.012613
0.150000, 1.000000, -0.084352
0.200000, 1.000000, -0.035289
0.250000, 1.000000, 0.153890
0.300000, 1.000000, 0.446904
0.350000, 1.000000, 0.784914
0.400000, 1.000000, 1.099278
0.450000, 1.000000, 1.326445
0.500000, 1.000000, 1.421769
0.550000, 1.000000, 1.369211
0.600000, 1.000000, 1.184831
0.650000, 1.000000, 0.913295
0.700000, 1.000000, 0.618172
0.750000, 1.000000, 0.368124
0.800000, 1.000000, 0.222009
0.850000, 1.000000, 0.216127
0.900000, 1.000000, 0.356407
0.950000, 1.000000, 0.617219
1.000000, 1.000000, 0.947078
1.050000, 1.000000, 1.279986
1.100000, 1.000000, 1.549946
1.150000, 1.000000, 1.705467
1.200000, 1.000000, 1.720915
1.250000, 1.000000, 1.602210
1.300000, 1.000000, 1.385644
1.350000, 1.000000, 1.130062
1.400000, 1.000000, 0.904112
1.450000, 1.000000, 0.771348
1.500000, 1.000000, 0.776418
1.550000, 1.000000, 0.935362
1.600000, 1.000000, 1.232120
1.650000, 1.000000, 1.622024
1.700000, 1.000000, 2.041501
1.750000, 1.000000, 2.421882
1.800000, 1.000000, 2.704303
1.850000, 1.000000, 2.852456
1.900000, 1.000000, 2.860401
1.950000, 1.000000, 2.753757
2.000000, 1.000000, 2.583998
0.000000, 1.050000, 0.843904
0.050000, 1.050000, 0.554427
0.100000, 1.050000, 0.333744
0.150000, 1.050000, 0.233260
0.200000, 1.050000, 0.278534
0.250000, 1.050000, 0.463578
0.300000, 1.050000, 0.752050
0.350000, 1.050000, 1.085072
0.400000, 1.050000, 1.393979
0.450000, 1.050000, 1.615224
0.500000, 1.050000, 1.704184
0.550000, 1.050000, 1.644867
0.600000, 1.050000, 1.453401
0.650000, 1.050000, 1.174538
0.700000, 1.050000, 0.871952
0.750000, 1.050000, 0.614422
0.800000, 1.050000, 0.460930
0.850000, 1.050000, 0.447908
0.900000, 1.050000, 0.581414
0.950000, 1.050000, 0.835944
1.000000, 1.050000, 1.160125
1.050000, 1.050000, 1.488061
1.100000, 1.050000, 1.753835
1.150000, 1.050000, 1.906014
1.200000, 1.050000, 1.918995
1.250000, 1.050000, 1.798701
1.300000, 1.050000, 1.581398
1.350000, 1.050000, 1.325873
1.400000, 1.050000, 1.100685
1.450000, 1.050000, 0.969274
1.500000, 1.050000, 0.976145
1.550000, 1.050000, 1.137174
1.600000, 1.050000, 1.436118
1.650000, 1.050000, 1.828112
1.700000, 1.050000, 2.249381
1.750000, 1.050000, 2.631049
1.800000, 1.050000, 2.914055
1.850000, 1.050000, 3.061901
1.900000, 1.050000, 3.068477
1.950000, 1.050000, 2.959257
2.000000, 1.050000, 2.785595
0.000000, 1.100000, 1.516623
0.050000, 1.100000, 1.223909
0.100000, 1.100000, 0.999892
0.150000, 1.100000, 0.895873
0.200000, 1.100000, 0.937313
0.250000, 1.100000, 1.118148
0.300000, 1.100000, 1.401971
0.350000, 1.100000, 1.729865
0.400000, 1.100000, 2.033151
0.450000, 1.100000, 2.248292
0.500000, 1.100000, 2.330703
0.550000, 1.100000, 2.264454
0.600000, 1.100000, 2.065758
0.650000, 1.100000, 1.779476
0.700000, 1.100000, 1.469402
0.750000, 1.100000, 1.204453
0.800000, 1.100000, 1.043753
0.850000, 1.100000, 1.023876
0.900000, 1.100000, 1.151020
0.950000, 1.100000, 1.399808
1.000000, 1.100000, 1.718981
1.050000, 1.100000, 2.042732
1.100000, 1.100000, 2.305205
1.150000, 1.100000, 2.455004
1.200000, 1.100000, 2.466524
1.250000, 1.100000, 2.345655
1.300000, 1.100000, 2.128592
1.350000, 1.100000, 1.874018
1.400000, 1.100000, 1.650358
1.450000, 1.100000, 1.520884
1.500000, 1.100000, 1.529913
1.550000, 1.100000, 1.693113
1.600000, 1.100000, 1.994020
1.650000, 1.100000, 2.387544
1.700000, 1.100000, 2.809687
1.750000, 1.100000, 3.191361
1.800000, 1.100000, 3.473310
1.850000, 1.100000, 3.618867
1.900000, 1.100000, 3.621787
1.950000, 1.100000, 3.507443
2.000000, 1.100000, 3.327136
0.000000, 1.150000, 2.418182
0.050000, 1.150000, 2.122243
0.100000, 1.150000, 1.894894
0.150000, 1.150000, 1.787321
0.200000, 1.150000, 1.824883
0.250000, 1.150000, 2.001429
0.300000, 1.150000, 2.280492
0.350000, 1.150000, 2.603118
0.400000, 1.150000, 2.900619
0.450000, 1.150000, 3.109480
0.500000, 1.150000, 3.185168
0.550000, 1.150000, 3.111835
0.600000, 1.150000, 2.905797
0.650000, 1.150000, 2.612042
0.700000, 1.150000, 2.294509
0.750000, 1.150000, 2.022268
0.800000, 1.150000, 1.854601
0.850000, 1.150000, 1.828236
0.900000, 1.150000, 1.949515
0.950000, 1.150000, 2.193187
1.000000, 1.150000, 2.508094
1.050000, 1.150000, 2.828502
1.100000, 1.150000, 3.088595
1.150000, 1.150000, 3.236975
1.200000, 1.150000, 3.248000
1.250000, 1.150000, 3.127479
1.300000, 1.150000, 2.911487
1.350000, 1.150000, 2.658554
1.400000, 1.150000, 2.436916
1.450000, 1.150000, 2.309631
1.500000, 1.150000, 2.320786
1.550000, 1.150000, 2.485801
1.600000, 1.150000, 2.787967
1.650000, 1.150000, 3.181955
1.700000, 1.150000, 3.603541
1.750000, 1.150000, 3.983442
1.800000, 1.150000, 4.262235
1.850000, 1.150000, 4.403130
1.900000, 1.150000, 4.399807
1.950000, 1.150000, 4.277617
2.000000, 1.150000, 4.087894
0.000000, 1.200000, 3.383328
0.050000, 1.200000, 3.084176
0.100000, 1.200000, 2.853496
0.150000, 1.200000, 2.742348
0.200000, 1.200000, 2.775984
0.250000, 1.200000, 2.948161
0.300000, 1.200000, 3.222350
0.350000, 1.200000, 3.539565
0.400000, 1.200000, 3.831118
0.450000, 1.200000, 4.033530
0.500000, 1.200000, 4.102336
0.550000, 1.200000, 4.021787
0.600000, 1.200000, 3.808326
0.650000, 1.200000, 3.507090
0.700000, 1.200000, 3.182182
0.750000, 1.200000, 2.902843
0.800000, 1.200000, 2.728523
0.850000, 1.200000, 2.696114
0.900000, 1.200000, 2.812099
0.950000, 1.200000, 3.051348
1.000000, 1.200000, 3.362786
1.050000, 1.200000, 3.680727
1.100000, 1.200000, 3.939359
1.150000, 1.200000, 4.087244
1.200000, 1.200000, 4.098652
1.250000, 1.200000, 3.979260
1.300000, 1.200000, 3.764974
1.350000, 1.200000, 3.514110
1.400000, 1.200000, 3.294671
1.450000, 1.200000, 3.169457
1.500000, 1.200000, 3.182285
1.550000, 1.200000, 3.348308
1.600000, 1.200000, 3.650562
1.650000, 1.200000, 4.043482
1.700000, 1.200000, 4.462644
1.750000, 1.200000, 4.838606
1.800000, 1.200000, 5.111838
1.850000, 1.200000, 5.245501
1.900000, 1.200000, 5.233287
1.950000, 1.200000, 5.100624
2.000000, 1.200000, 4.898987
0.000000, 1.250000, 4.233743
0.050000, 1.250000, 3.931389
0.100000, 1.250000, 3.697377
0.150000, 1.250000, 3.582633
0.200000, 1.250000, 3.612291
0.250000, 1.250000, 3.780015
0.300000, 1.250000, 4.049214
0.350000, 1.250000, 4.360875
0.400000, 1.250000, 4.646321
0.450000, 1.250000, 4.842123
0.500000, 1.250000, 4.903903
0.550000, 1.250000, 4.816032
0.600000, 1.250000, 4.595103
0.650000, 1.250000, 4.286424
0.700000, 1.250000, 3.954279
0.750000, 1.250000, 3.668097
0.800000, 1.250000, 3.487509
0.850000, 1.250000, 3.449570
0.900000, 1.250000, 3.560900
0.950000, 1.250000, 3.796470
1.000000, 1.250000, 4.105269
1.050000, 1.250000, 4.421622
1.100000, 1.250000, 4.679679
1.150000, 1.250000, 4.827911
1.200000, 1.250000, 4.840448
1.250000, 1.250000, 4.722782
1.300000, 1.250000, 4.510587
1.350000, 1.250000, 4.261923
1.400000, 1.250000, 4.044507
1.450000, 1.250000, 3.920850
1.500000, 1.250000, 3.934479
1.550000, 1.250000, 4.100273
1.600000, 1.250000, 4.401023
1.650000, 1.250000, 4.790961
1.700000, 1.250000, 5.205510
1.750000, 1.250000, 5.575138
1.800000, 1.250000, 5.840292
1.850000, 1.250000, 5.964183
1.900000, 1.250000, 5.940624
1.950000, 1.250000, 5.795237
2.000000, 1.250000, 5.579757
0.000000, 1.300000, 4.816915
0.050000, 1.300000, 4.511370
0.100000, 1.300000, 4.274026
0.150000, 1.300000, 4.155662
0.200000, 1.300000, 4.181288
0.250000, 1.300000, 4.344472
0.300000, 1.300000, 4.608563
0.350000, 1.300000, 4.914527
0.400000, 1.300000, 5.193711
0.450000, 1.300000, 5.382752
0.500000, 1.300000, 5.437379
0.550000, 1.300000, 5.342106
0.600000, 1.300000, 5.113702
0.650000, 1.300000, 4.797662
0.700000, 1.300000, 4.458477
0.750000, 1.300000, 4.165772
0.800000, 1.300000, 3.979365
0.850000, 1.300000, 3.936471
0.900000, 1.300000, 4.043835
0.950000, 1.300000, 4.276507
1.000000, 1.300000, 4.583503
1.050000, 1.300000, 4.899119
1.100000, 1.300000, 5.157415
1.150000, 1.300000, 5.306719
1.200000, 1.300000, 5.320961
1.250000, 1.300000, 5.205387
1.300000, 1.300000, 4.995390
1.350000, 1.300000, 4.748723
1.400000, 1.300000, 4.532790
1.450000, 1.300000, 4.409786
1.500000, 1.300000, 4.422947
1.550000, 1.300000, 4.586896
1.600000, 1.300000, 4.884215
1.650000, 1.300000, 5.268989
1.700000, 1.300000, 5.676568
1.750000, 1.300000, 6.037422
1.800000, 1.300000, 6.292084
1.850000, 1.300000, 6.403932
1.900000, 1.300000, 6.367025
1.950000, 1.300000, 6.207301
2.000000, 1.300000, 5.976871
0.000000, 1.350000, 5.039391
0.050000, 1.350000, 4.730666
0.100000, 1.350000, 4.489986
0.150000, 1.350000, 4.367977
0.200000, 1.350000, 4.389515
0.250000, 1.350000, 4.548071
0.300000, 1.350000, 4.806934
0.350000, 1.350000, 5.107058
0.400000, 1.350000, 5.379829
0.450000, 1.350000, 5.561968
0.500000, 1.350000, 5.609335
0.550000, 1.350000, 5.506611
0.600000, 1.350000, 5.270760
0.650000, 1.350000, 4.947493
0.700000, 1.350000, 4.601517
0.750000, 1.350000, 4.302668
0.800000, 1.350000, 4.110950
0.850000, 1.350000, 4.063729
0.900000, 1.350000, 4.167853
0.950000, 1.350000, 4.398421
1.000000, 1.350000, 4.704433
1.050000, 1.350000, 5.020105
1.100000, 1.350000, 5.279353
1.150000, 1.350000, 5.430298
1.200000, 1.350000, 5.446610
1.250000, 1.350000, 5.333234
1.300000, 1.350000, 5.125235
1.350000, 1.350000, 4.880024
1.400000, 1.350000, 4.664667
1.450000, 1.350000, 4.541048
1.500000, 1.350000, 4.552130
1.550000, 1.350000, 4.712320
1.600000, 1.350000, 5.004058
1.650000, 1.350000, 5.381367
1.700000, 1.350000, 5.779624
1.750000, 1.350000, 6.129420
1.800000, 1.350000, 6.371498
1.850000, 1.350000, 6.469534
1.900000, 1.350000, 6.417957
1.950000, 1.350000, 6.243134
2.000000, 1.350000, 5.997645
0.000000, 1.400000, 4.887149
0.050000, 1.400000, 4.575253
0.100000, 1.400000, 4.331234
0.150000, 1.400000, 4.205552
0.200000, 1.400000, 4.222944
0.250000, 1.400000, 4.376779
0.300000, 1.400000, 4.630292
0.350000, 1.400000, 4.924437
0.400000, 1.400000, 5.190651
0.450000, 1.400000, 5.365761
0.500000, 1.400000, 5.405780
0.550000, 1.400000, 5.295584
0.600000, 1.400000, 5.052356
0.650000, 1.400000, 4.722042
0.700000, 1.400000, 4.369580
0.750000, 1.400000, 4.065021
0.800000, 1.400000, 3.868551
0.850000, 1.400000, 3.817668
0.900000, 1.400000, 3.919299
0.950000, 1.400000, 4.148549
1.000000, 1.400000, 4.454352
1.050000, 1.400000, 4.770786
1.100000, 1.400000, 5.031562
1.150000, 1.400000, 5.184528
1.200000, 1.400000, 5.203040
1.250000, 1.400000, 5.091688
1.300000, 1.400000, 4.885170
1.350000, 1.400000, 4.640536
1.400000, 1.400000, 4.424514
1.450000, 1.400000, 4.298696
1.500000, 1.400000, 4.305821
1.550000, 1.400000, 4.460150
1.600000, 1.400000, 4.744070
1.650000, 1.400000, 5.111653
1.700000, 1.400000, 5.498428
1.750000, 1.400000, 5.835237
1.800000, 1.400000, 6.063171
1.850000, 1.400000, 6.146325
1.900000, 1.400000, 6.079611
1.950000, 1.400000, 5.889913
2.000000, 1.400000, 5.630344
0.000000, 1.450000, 4.428655
0.050000, 1.450000, 4.113598
0.100000, 1.450000, 3.866235
0.150000, 1.450000, 3.736851
0.200000, 1.450000, 3.750035
0.250000, 1.450000, 3.899056
0.300000, 1.450000, 4.147098
0.350000, 1.450000, 4.435124
0.400000, 1.450000, 4.694642
0.450000, 1.450000, 4.862610
0.500000, 1.450000, 4.895218
0.550000, 1.450000, 4.777561
0.600000, 1.450000, 4.527065
0.650000, 1.450000, 4.189931
0.700000, 1.450000, 3.831338
0.750000, 1.450000, 3.521553
0.800000, 1.450000, 3.320931
0.850000, 1.450000, 3.267082
0.900000, 1.450000, 3.366968
0.950000, 1.450000, 3.595654
1.000000, 1.450000, 3.901954
1.050000, 1.450000, 4.219741
1.100000, 1.450000, 4.482454
1.150000, 1.450000, 4.637610
1.200000, 1.450000, 4.658192
1.250000, 1.450000, 4.548397
1.300000, 1.450000, 4.342533
1.350000, 1.450000, 4.097283
1.400000, 1.450000, 3.879062
1.450000, 1.450000, 3.749221
1.500000, 1.450000, 3.750343
1.550000, 1.450000, 3.896644
1.600000, 1.450000, 4.170572
1.650000, 1.450000, 4.526381
1.700000, 1.450000, 4.899887
1.750000, 1.450000, 5.222324
1.800000, 1.450000, 5.435253
1.850000, 1.450000, 5.503301
1.900000, 1.450000, 5.421943
1.950000, 1.450000, 5.218631
2.000000, 1.450000, 4.947012
0.000000, 1.500000, 3.799947
0.050000, 1.500000, 3.481736
0.100000, 1.500000, 3.231024
0.150000, 1.500000, 3.097906
0.200000, 1.500000, 3.106819
0.250000, 1.500000, 3.250928
0.300000, 1.500000, 3.493376
0.350000, 1.500000, 3.775148
0.400000, 1.500000, 4.027842
0.450000, 1.500000, 4.188568
0.500000, 1.500000, 4.213724
0.550000, 1.500000, 4.088648
0.600000, 1.500000, 3.831036
0.650000, 1.500000, 3.487354
0.700000, 1.500000, 3.123034
0.750000, 1.500000, 2.808550
0.800000, 1.500000, 2.604410
0.850000, 1.500000, 2.548299
0.900000, 1.500000, 2.647173
0.950000, 1.500000, 2.875999
1.000000, 1.500000, 3.183404
1.050000, 1.500000, 3.502993
1.100000, 1.500000, 3.767863
1.150000, 1.500000, 3.925145
1.200000, 1.500000, 3.947399
1.250000, 1.500000, 3.838406
1.300000, 1.500000, 3.632074
1.350000, 1.500000, 3.384745
1.400000, 1.500000, 3.162567
1.450000, 1.500000, 3.026723
1.500000, 1.500000, 3.019747
1.550000, 1.500000, 3.155924
1.600000, 1.500000, 3.417907
1.650000, 1.500000, 3.760268
1.700000, 1.500000, 4.119256
1.750000, 1.500000, 4.426624
1.800000, 1.500000, 4.624509
1.850000, 1.500000, 4.678148
1.900000, 1.500000, 4.583617
1.950000, 1.500000, 4.368925
2.000000, 1.500000, 4.088200
0.000000, 1.550000, 3.174975
0.050000, 1.550000, 2.853618
0.100000, 1.550000, 2.599549
0.150000, 1.550000, 2.462663
0.200000, 1.550000, 2.467240
0.250000, 1.550000, 2.606340
0.300000, 1.550000, 2.843071
0.350000, 1.550000, 3.118456
0.400000, 1.550000, 3.364206
0.450000, 1.550000, 3.517608
0.500000, 1.550000, 3.535295
0.550000, 1.550000, 3.402878
0.600000, 1.550000, 3.138339
0.650000, 1.550000, 2.788427
0.700000, 1.550000, 2.418825
0.750000, 1.550000, 2.100206
0.800000, 1.550000, 1.893200
0.850000, 1.550000, 1.835529
0.900000, 1.550000, 1.934089
0.950000, 1.550000, 2.163684
1.000000, 1.550000, 2.472685
1.050000, 1.550000, 2.794359
1.100000, 1.550000, 3.061400
1.150000, 1.550000, 3.220497
1.200000, 1.550000, 3.243760
1.250000, 1.550000, 3.134537
1.300000, 1.550000, 2.926360
1.350000, 1.550000, 2.675273
1.400000, 1.550000, 2.447234
1.450000, 1.550000, 2.303361
1.500000, 1.550000, 2.286262
1.550000, 1.550000, 2.410437
1.600000, 1.550000, 2.658885
1.650000, 1.550000, 2.986648
1.700000, 1.550000, 3.330537
1.750000, 1.550000, 3.622928
1.800000, 1.550000, 3.806610
1.850000, 1.550000, 3.847455
1.900000, 1.550000, 3.742119
1.950000, 1.550000, 3.519097
2.000000, 1.550000, 3.232869
0.000000, 1.600000, 2.727692
0.050000, 1.600000, 2.403194
0.100000, 1.600000, 2.145759
0.150000, 1.600000, 2.005071
0.200000, 1.600000, 2.005243
0.250000, 1.600000, 2.139234
0.300000, 1.600000, 2.370125
0.350000, 1.600000, 2.638995
0.400000, 1.600000, 2.877690
0.450000, 1.600000, 3.023703
0.500000, 1.600000, 3.033931
0.550000, 1.600000, 2.894282
0.600000, 1.600000, 2.623046
0.650000, 1.600000, 2.267263
0.700000, 1.600000, 1.892864
0.750000, 1.600000, 1.570699
0.800000, 1.600000, 1.361489
0.850000, 1.600000, 1.302943
0.900000, 1.600000, 1.401832
0.950000, 1.600000, 1.632730
1.000000, 1.600000, 1.943678
1.050000, 1.600000, 2.267537
1.100000, 1.600000, 2.536542
1.150000, 1.600000, 2.696898
1.200000, 1.600000, 2.720248
1.250000, 1.600000, 2.609522
1.300000, 1.600000, 2.397913
1.350000, 1.600000, 2.141245
1.400000, 1.600000, 1.905388
1.450000, 1.600000, 1.751524
1.500000, 1.600000, 1.722478
1.550000, 1.600000, 1.833120
1.600000, 1.600000, 2.066945
1.650000, 1.600000, 2.379597
1.700000, 1.600000, 2.708557
1.750000, 1.600000, 2.986894
1.800000, 1.600000, 3.158073
1.850000, 1.600000, 3.188567
1.900000, 1.600000, 3.075526
1.950000, 1.600000, 2.847784
2.000000, 1.600000, 2.559979
0.000000, 1.650000, 2.594130
0.050000, 1.650000, 2.266497
0.100000, 1.650000, 2.005686
0.150000, 1.650000, 1.861158
0.200000, 1.650000, 1.856855
0.250000, 1.650000, 1.985635
0.300000, 1.650000, 2.210565
0.350000, 1.650000, 2.472796
0.400000, 1.650000, 2.704336
0.450000, 1.650000, 2.842914
0.500000, 1.650000, 2.845718
0.550000, 1.650000, 2.698980
0.600000, 1.650000, 2.421315
0.650000, 1.650000, 2.060059
0.700000, 1.650000, 1.681379
0.750000, 1.650000, 1.356277
0.800000, 1.650000, 1.145520
0.850000, 1.650000, 1.086747
0.900000, 1.650000, 1.186536
0.950000, 1.650000, 1.419155
1.000000, 1.650000, 1.732246
1.050000, 1.650000, 2.058195
1.100000, 1.650000, 2.328730
1.150000, 1.650000, 2.489550
1.200000, 1.650000, 2.511832
1.250000, 1.650000, 2.398123
1.300000, 1.650000, 2.181351
1.350000, 1.650000, 1.917218
1.400000, 1.650000, 1.671634
1.450000, 1.650000, 1.505996
1.500000, 1.650000, 1.463503
1.550000, 1.650000, 1.559547
1.600000, 1.650000, 1.778261
1.650000, 1.650000, 2.076002
1.700000, 1.650000, 2.390988
1.750000, 1.650000, 2.657003
1.800000, 1.650000, 2.818143
1.850000, 1.650000, 2.841389
1.900000, 1.650000, 2.724222
1.950000, 1.650000, 2.495605
2.000000, 1.650000, 2.210084
0.000000, 1.700000, 2.842752
0.050000, 1.700000, 2.511990
0.100000, 1.700000, 2.247791
0.150000, 1.700000, 2.099383
0.200000, 1.700000, 2.090532
0.250000, 1.700000, 2.213999
0.300000, 1.700000, 2.432847
0.350000, 1.700000, 2.688322
0.400000, 1.700000, 2.912619
0.450000, 1.700000, 3.043734
0.500000, 1.700000, 3.039177
0.550000, 1.700000, 2.885526
0.600000, 1.700000, 2.601735
0.650000, 1.700000, 2.235437
0.700000, 1.700000, 1.853018
0.750000, 1.700000, 1.525596
0.800000, 1.700000, 1.313934
0.850000, 1.700000, 1.255532
0.900000, 1.700000, 1.356702
0.950000, 1.700000, 1.591331
1.000000, 1.700000, 1.906587
1.050000, 1.700000, 2.234328
1.100000, 1.700000, 2.505737
1.150000, 1.700000, 2.666000
1.200000, 1.700000, 2.685858
1.250000, 1.700000, 2.567536
1.300000, 1.700000, 2.343795
1.350000, 1.700000, 2.070339
1.400000, 1.700000, 1.813274
1.450000, 1.700000, 1.634367
1.500000, 1.700000, 1.577356
1.550000, 1.700000, 1.658300
1.600000, 1.700000, 1.862085
1.650000, 1.700000, 2.145852
1.700000, 1.700000, 2.448578
1.750000, 1.700000, 2.704714
1.800000, 1.700000, 2.858883
1.850000, 1.700000, 2.878402
1.900000, 1.700000, 2.760860
1.950000, 1.700000, 2.535083
2.000000, 1.700000, 2.255232
0.000000, 1.750000, 3.459532
0.050000, 1.750000, 3.125642
0.100000, 1.750000, 2.858042
0.150000, 1.750000, 2.705713
0.200000, 1.750000, 2.692240
0.250000, 1.750000, 2.810290
0.300000, 1.750000, 3.022936
0.350000, 1.750000, 3.271543
0.400000, 1.750000, 3.488522
0.450000, 1.750000, 3.612167
0.500000, 1.750000, 3.600338
0.550000, 1.750000, 3.439983
0.600000, 1.750000, 3.150406
0.650000, 1.750000, 2.779527
0.700000, 1.750000, 2.393928
0.750000, 1.750000, 2.064801
0.800000, 1.750000, 1.852844
0.850000, 1.750000, 1.795345
0.900000, 1.750000, 1.898273
0.950000, 1.750000, 2.135055
1.000000, 1.750000, 2.452318
1.050000, 1.750000, 2.781346
1.100000, 1.750000, 3.052761
1.150000, 1.750000, 3.211251
1.200000, 1.750000, 3.227170
1.250000, 1.750000, 3.102514
1.300000, 1.750000, 2.869999
1.350000, 1.750000, 2.585484
1.400000, 1.750000, 2.315434
1.450000, 1.750000, 2.122154
1.500000, 1.750000, 2.050074
1.550000, 1.750000, 2.116040
1.600000, 1.750000, 2.305773
1.650000, 1.750000, 2.577217
1.700000, 1.750000, 2.870064
1.750000, 1.750000, 3.119323
1.800000, 1.750000, 3.269965
1.850000, 1.750000, 3.289407
1.900000, 1.750000, 3.175068
1.950000, 1.750000, 2.955338
2.000000, 1.750000, 2.683692
0.000000, 1.800000, 4.351008
0.050000, 1.800000, 4.013994
0.100000, 1.800000, 3.742977
0.150000, 1.800000, 3.586684
0.200000, 1.800000, 3.568511
0.250000, 1.800000, 3.681040
0.300000, 1.800000, 3.887367
0.350000, 1.800000, 4.129001
0.400000, 1.800000, 4.338599
0.450000, 1.800000, 4.454787
0.500000, 1.800000, 4.435803
0.550000, 1.800000, 4.268985
0.600000, 1.800000, 3.973991
0.650000, 1.800000, 3.599017
0.700000, 1.800000, 3.210809
0.750000, 1.800000, 2.880580
0.800000, 1.800000, 2.668894
0.850000, 1.800000, 2.612752
0.900000, 1.800000, 2.717694
0.950000, 1.800000, 2.956613
1.000000, 1.800000, 3.275542
1.050000, 1.800000, 3.605155
1.100000, 1.800000, 3.875513
1.150000, 1.800000, 4.030846
1.200000, 1.800000, 4.041205
1.250000, 1.800000, 3.908471
1.300000, 1.800000, 3.665463
1.350000, 1.800000, 3.368366
1.400000, 1.800000, 3.084170
1.450000, 1.800000, 2.875886
1.500000, 1.800000, 2.788762
1.550000, 1.800000, 2.840525
1.600000, 1.800000, 3.017754
1.650000, 1.800000, 3.279160
1.700000, 1.800000, 3.565036
1.750000, 1.800000, 3.810768
1.800000, 1.800000, 3.961433
1.850000, 1.800000, 3.984258
1.900000, 1.800000, 3.876185
1.950000, 1.800000, 3.664858
2.000000, 1.800000, 3.402790
0.000000, 1.850000, 5.364662
0.050000, 1.850000, 5.024523
0.100000, 1.850000, 4.750075
0.150000, 1.850000, 4.589771
0.200000, 1.850000, 4.566820
0.250000, 1.850000, 4.673722
0.300000, 1.850000, 4.873616
0.350000, 1.850000, 5.108179
0.400000, 1.850000, 5.310348
0.450000, 1.850000, 5.419112
0.500000, 1.850000, 5.393118
0.550000, 1.850000, 5.220108
0.600000, 1.850000, 4.920094
0.650000, 1.850000, 4.541532
0.700000, 1.850000, 4.151287
0.750000, 1.850000, 3.820536
0.800000, 1.850000, 3.609632
0.850000, 1.850000, 3.555205
0.900000, 1.850000, 3.662287
0.950000, 1.850000, 3.903167
1.000000, 1.850000, 4.223233
1.050000, 1.850000, 4.552540
1.100000, 1.850000, 4.820609
1.150000, 1.850000, 4.971281
1.200000, 1.850000, 4.974407
1.250000, 1.850000, 4.831901
1.300000, 1.850000, 4.576850
1.350000, 1.850000, 4.265941
1.400000, 1.850000, 3.966863
1.450000, 1.850000, 3.743472
1.500000, 1.850000, 3.641940
1.550000, 1.850000, 3.680909
1.600000, 1.850000, 3.847787
1.650000, 1.850000, 4.101945
1.700000, 1.850000, 4.384094
1.750000, 1.850000, 4.629749
1.800000, 1.850000, 4.783797
1.850000, 1.850000, 4.812960
1.900000, 1.850000, 4.713384
1.950000, 1.850000, 4.511686
2.000000, 1.850000, 4.259199
0.000000, 1.900000, 6.322165
0.050000, 1.900000, 5.978902
0.100000, 1.900000, 5.701003
0.150000, 1.900000, 5.536641
0.200000, 1.900000, 5.508832
0.250000, 1.900000, 5.610001
0.300000, 1.900000, 5.803350
0.350000, 1.900000, 6.030753
0.400000, 1.900000, 6.225459
0.450000, 1.900000, 6.326855
0.500000, 1.900000, 6.294021
0.550000, 1.900000, 6.115118
0.600000, 1.900000, 5.810508
0.650000, 1.900000, 5.428876
0.700000, 1.900000, 5.037161
0.750000, 1.900000, 4.706433
0.800000, 1.900000, 4.496754
0.850000, 1.900000, 4.444295
0.900000, 1.900000, 4.553503
0.950000, 1.900000, 4.796000
1.000000, 1.900000, 5.116498
1.050000, 1.900000, 5.444436
1.100000, 1.900000, 5.708849
1.150000, 1.900000, 5.853278
1.200000, 1.900000, 5.847513
1.250000, 1.900000, 5.693662
1.300000, 1.900000, 5.425263
1.350000, 1.900000, 5.099683
1.400000, 1.900000, 4.785468
1.450000, 1.900000, 4.547434
1.500000, 1.900000, 4.432728
1.550000, 1.900000, 4.460893
1.600000, 1.900000, 4.620066
1.650000, 1.900000, 4.870098
1.700000, 1.900000, 5.151872
1.750000, 1.900000, 5.400730
1.800000, 1.900000, 5.561044
1.850000, 1.900000, 5.598704
1.900000, 1.900000, 5.508772
1.950000, 1.900000, 5.316617
2.000000, 1.900000, 5.072272
0.000000, 1.950000, 7.058251
0.050000, 1.950000, 6.711863
0.100000, 1.950000, 6.430495
0.150000, 1.950000, 6.262025
0.200000, 1.950000, 6.229275
0.250000, 1.950000, 6.324606
0.300000, 1.950000, 6.511302
0.350000, 1.950000, 6.731462
0.400000, 1.950000, 6.918687
0.450000, 1.950000, 7.012792
0.500000, 1.950000, 6.973315
0.550000, 1.950000, 6.788846
0.600000, 1.950000, 6.480083
0.650000, 1.950000, 6.095908
0.700000, 1.950000, 5.703276
0.750000, 1.950000, 5.373071
0.800000, 1.950000, 5.164980
0.850000, 1.950000, 5.114629
0.900000, 1.950000, 5.225801
0.950000, 1.950000, 5.469405
1.000000, 1.950000, 5.789462
1.050000, 1.950000, 6.114823
1.100000, 1.950000, 6.374112
1.150000, 1.950000, 6.510695
1.200000, 1.950000, 6.494457
1.250000, 1.950000, 6.327882
1.300000, 1.950000, 6.045147
1.350000, 1.950000, 5.704467
1.400000, 1.950000, 5.375378
1.450000, 1.950000, 5.123729
1.500000, 1.950000, 4.997644
1.550000, 1.950000, 5.017478
1.600000, 1.950000, 5.171931
1.650000, 1.950000, 5.421088
1.700000, 1.950000, 5.705702
1.750000, 1.950000, 5.960607
1.800000, 1.950000, 6.129324
1.850000, 1.950000, 6.176613
1.900000, 1.950000, 6.096225
1.950000, 1.950000, 5.912156
2.000000, 1.950000, 5.673137
0.000000, 2.000000, 7.456748
0.050000, 2.000000, 7.107231
0.100000, 2.000000, 6.822373
0.150000, 2.000000, 6.649745
0.200000, 2.000000, 6.611970
0.250000, 2.000000, 6.701356
0.300000, 2.000000, 6.881294
0.350000, 2.000000, 7.094141
0.400000, 2.000000, 7.273881
0.450000, 2.000000, 7.360793
0.500000, 2.000000, 7.314896
0.550000, 2.000000, 7.125211
0.600000, 2.000000, 6.812757
0.650000, 2.000000, 6.426567
0.700000, 2.000000, 6.033545
0.750000, 2.000000, 5.704310
0.800000, 2.000000, 5.498081
0.850000, 2.000000, 5.449853
0.900000, 2.000000, 5.562680
0.950000, 2.000000, 5.806720
1.000000, 2.000000, 6.125309
1.050000, 2.000000, 6.446767
1.100000, 2.000000, 6.699411
1.150000, 2.000000, 6.826578
1.200000, 2.000000, 6.798427
1.250000, 2.000000, 6.618009
1.300000, 2.000000, 6.320323
1.350000, 2.000000, 5.964585
1.400000, 2.000000, 5.621415
1.450000, 2.000000, 5.357718
1.500000, 2.000000, 5.222526
1.550000, 2.000000, 5.236857
1.600000, 2.000000, 5.389733
1.650000, 2.000000, 5.641174
1.700000, 2.000000, 5.931457
1.750000, 2.000000, 6.194568
1.800000, 2.000000, 6.372863
1.850000, 2.000000, 6.429733
1.900000, 2.000000, 6.357486
1.950000, 2.000000, 6.178744
2.000000, 2.000000, 5.941080
