0.000000, 0.000000, -2.410013
0.050000, 0.000000, -2.592872
0.100000, 0.000000, -2.721967
0.150000, 0.000000, -2.751836
0.200000, 0.000000, -2.680954
0.250000, 0.000000, -2.551811
0.300000, 0.000000, -2.434029
0.350000, 0.000000, -2.396979
0.400000, 0.000000, -2.482427
0.450000, 0.000000, -2.687675
0.500000, 0.000000, -2.965720
0.550000, 0.000000, -3.242386
0.600000, 0.000000, -3.443951
0.650000, 0.000000, -3.524758
0.700000, 0.000000, -3.484270
0.750000, 0.000000, -3.367103
0.800000, 0.000000, -3.246023
0.850000, 0.000000, -3.194389
0.900000, 0.000000, -3.258577
0.950000, 0.000000, -3.440872
1.000000, 0.000000, -3.699342
1.050000, 0.000000, -3.964698
1.100000, 0.000000, -4.167652
1.150000, 0.000000, -4.266272
1.200000, 0.000000, -4.262843
1.250000, 0.000000, -4.203740
1.300000, 0.000000, -4.162324
1.350000, 0.000000, -4.211358
1.400000, 0.000000, -4.395461
1.450000, 0.000000, -4.714095
1.500000, 0.000000, -5.121602
1.550000, 0.000000, -5.544261
1.600000, 0.000000, -5.907897
1.650000, 0.000000, -6.165504
1.700000, 0.000000, -6.314387
1.750000, 0.000000, -6.396310
1.800000, 0.000000, -6.480646
1.850000, 0.000000, -6.637015
1.900000, 0.000000, -6.907908
1.950000, 0.000000, -7.291799
2.000000, 0.000000, -7.743227
0.000000, 0.050000, -2.322405
0.050000, 0.050000, -2.512670
0.100000, 0.050000, -2.648220
0.150000, 0.050000, -2.683019
0.200000, 0.050000, -2.615047
0.250000, 0.050000, -2.486417
0.300000, 0.050000, -2.366503
0.350000, 0.050000, -2.324575
0.400000, 0.050000, -2.402448
0.450000, 0.050000, -2.597627
0.500000, 0.050000, -2.863444
0.550000, 0.050000, -3.126179
0.600000, 0.050000, -3.312665
0.650000, 0.050000, -3.377854
0.700000, 0.050000, -3.321856
0.750000, 0.050000, -3.189925
0.800000, 0.050000, -3.055423
0.850000, 0.050000, -2.992232
0.900000, 0.050000, -3.047148
0.950000, 0.050000, -3.222747
1.000000, 0.050000, -3.477251
1.050000, 0.050000, -3.741369
1.100000, 0.050000, -3.945663
1.150000, 0.050000, -4.047906
1.200000, 0.050000, -4.049966
1.250000, 0.050000, -3.997693
1.300000, 0.050000, -3.963853
1.350000, 0.050000, -4.020570
1.400000, 0.050000, -4.211819
1.450000, 0.050000, -4.536448
1.500000, 0.050000, -4.948247
1.550000, 0.050000, -5.373039
1.600000, 0.050000, -5.736311
1.650000, 0.050000, -5.990859
1.700000, 0.050000, -6.133935
1.750000, 0.050000, -6.207405
1.800000, 0.050000, -6.280890
1.850000, 0.050000, -6.424388
1.900000, 0.050000, -6.680882
1.950000, 0.050000, -7.049423
2.000000, 0.050000, -7.485176
0.000000, 0.100000, -1.966500
0.050000, 0.100000, -2.163222
0.100000, 0.100000, -2.303700
0.150000, 0.100000, -2.341408
0.200000, 0.100000, -2.273949
0.250000, 0.100000, -2.143185
0.300000, 0.100000, -2.018389
0.350000, 0.100000, -1.968884
0.400000, 0.100000, -2.036682
0.450000, 0.100000, -2.219627
0.500000, 0.100000, -2.471506
0.550000, 0.100000, -2.719150
0.600000, 0.100000, -2.890006
0.650000, 0.100000, -2.939672
0.700000, 0.100000, -2.868893
0.750000, 0.100000, -2.723521
0.800000, 0.100000, -2.577440
0.850000, 0.100000, -2.504952
0.900000, 0.100000, -2.553145
0.950000, 0.100000, -2.724747
1.000000, 0.100000, -2.977977
1.050000, 0.100000, -3.243397
1.100000, 0.100000, -3.451272
1.150000, 0.100000, -3.558958
1.200000, 0.100000, -3.567798
1.250000, 0.100000, -3.523046
1.300000, 0.100000, -3.496829
1.350000, 0.100000, -3.560628
1.400000, 0.100000, -3.757803
1.450000, 0.100000, -4.086650
1.500000, 0.100000, -4.500503
1.550000, 0.100000, -4.924848
1.600000, 0.100000, -5.284970
1.650000, 0.100000, -5.533616
1.700000, 0.100000, -5.668138
1.750000, 0.100000, -5.730650
1.800000, 0.100000, -5.791150
1.850000, 0.100000, -5.920130
1.900000, 0.100000, -6.161148
1.950000, 0.100000, -6.513881
2.000000, 0.100000, -6.934141
0.000000, 0.150000, -1.510389
0.050000, 0.150000, -1.712039
0.100000, 0.150000, -1.855427
0.150000, 0.150000, -1.893647
0.200000, 0.150000, -1.824052
0.250000, 0.150000, -1.688404
0.300000, 0.150000, -1.556026
0.350000, 0.150000, -1.496440
0.400000, 0.150000, -1.551995
0.450000, 0.150000, -1.720990
0.500000, 0.150000, -1.957763
0.550000, 0.150000, -2.189761
0.600000, 0.150000, -2.345071
0.650000, 0.150000, -2.379930
0.700000, 0.150000, -2.295679
0.750000, 0.150000, -2.138693
0.800000, 0.150000, -1.983273
0.850000, 0.150000, -1.904016
0.900000, 0.150000, -1.948159
0.950000, 0.150000, -2.118430
1.000000, 0.150000, -2.372896
1.050000, 0.150000, -2.641826
1.100000, 0.150000, -2.855064
1.150000, 0.150000, -2.969444
1.200000, 0.150000, -2.985710
1.250000, 0.150000, -2.948480
1.300000, 0.150000, -2.929235
1.350000, 0.150000, -2.998840
1.400000, 0.150000, -3.200105
1.450000, 0.150000, -3.530870
1.500000, 0.150000, -3.944129
1.550000, 0.150000, -4.365168
1.600000, 0.150000, -4.719223
1.650000, 0.150000, -4.959138
1.700000, 0.150000, -5.082517
1.750000, 0.150000, -5.131848
1.800000, 0.150000, -5.177623
1.850000, 0.150000, -5.290909
1.900000, 0.150000, -5.515891
1.950000, 0.150000, -5.852891
2.000000, 0.150000, -6.258352
0.000000, 0.200000, -1.161488
0.050000, 0.200000, -1.366048
0.100000, 0.200000, -1.509949
0.150000, 0.200000, -1.546033
0.200000, 0.200000, -1.471553
0.250000, 0.200000, -1.328321
0.300000, 0.200000, -1.185857
0.350000, 0.200000, -1.114019
0.400000, 0.200000, -1.155614
0.450000, 0.200000, -1.309488
0.500000, 0.200000, -1.530595
0.550000, 0.200000, -1.747023
0.600000, 0.200000, -1.887497
0.650000, 0.200000, -1.908848
0.700000, 0.200000, -1.812941
0.750000, 0.200000, -1.646569
0.800000, 0.200000, -1.484324
0.850000, 0.200000, -1.400953
0.900000, 0.200000, -1.443693
0.950000, 0.200000, -1.615120
1.000000, 0.200000, -1.873007
1.050000, 0.200000, -2.147201
1.100000, 0.200000, -2.367025
1.150000, 0.200000, -2.488713
1.200000, 0.200000, -2.512373
1.250000, 0.200000, -2.481975
1.300000, 0.200000, -2.468386
1.350000, 0.200000, -2.541921
1.400000, 0.200000, -2.744931
1.450000, 0.200000, -3.074917
1.500000, 0.200000, -3.484675
1.550000, 0.200000, -3.899439
1.600000, 0.200000, -4.244545
1.650000, 0.200000, -4.473085
1.700000, 0.200000, -4.583040
1.750000, 0.200000, -4.617391
1.800000, 0.200000, -4.647204
1.850000, 0.200000, -4.744174
1.900000, 0.200000, -4.953132
1.950000, 0.200000, -5.275029
2.000000, 0.200000, -5.666880
0.000000, 0.250000, -1.086819
0.050000, 0.250000, -1.291892
0.100000, 0.250000, -1.433659
0.150000, 0.250000, -1.464859
0.200000, 0.250000, -1.382794
0.250000, 0.250000, -1.229474
0.300000, 0.250000, -1.074755
0.350000, 0.250000, -0.988949
0.400000, 0.250000, -1.015412
0.450000, 0.250000, -1.153604
0.500000, 0.250000, -1.359119
0.550000, 0.250000, -1.560682
0.600000, 0.250000, -1.687615
0.650000, 0.250000, -1.697269
0.700000, 0.250000, -1.591926
0.750000, 0.250000, -1.418670
0.800000, 0.250000, -1.252245
0.850000, 0.250000, -1.167396
0.900000, 0.250000, -1.211205
0.950000, 0.250000, -1.385957
1.000000, 0.250000, -1.649002
1.050000, 0.250000, -1.929664
1.100000, 0.250000, -2.156668
1.150000, 0.250000, -2.285608
1.200000, 0.250000, -2.315948
1.250000, 0.250000, -2.291043
1.300000, 0.250000, -2.281208
1.350000, 0.250000, -2.356301
1.400000, 0.250000, -2.558333
1.450000, 0.250000, -2.884608
1.500000, 0.250000, -3.287868
1.550000, 0.250000, -3.693448
1.600000, 0.250000, -4.026932
1.650000, 0.250000, -4.241791
1.700000, 0.250000, -4.336497
1.750000, 0.250000, -4.354607
1.800000, 0.250000, -4.367816
1.850000, 0.250000, -4.448464
1.900000, 0.250000, -4.642010
1.950000, 0.250000, -4.949982
2.000000, 0.250000, -5.329888
0.000000, 0.300000, -1.348553
0.050000, 0.300000, -1.551494
0.100000, 0.300000, -1.688379
0.150000, 0.300000, -1.711998
0.200000, 0.300000, -1.619847
0.250000, 0.300000, -1.454271
0.300000, 0.300000, -1.285581
0.350000, 0.300000, -1.184637
0.400000, 0.300000, -1.195406
0.450000, 0.300000, -1.317990
0.500000, 0.300000, -1.508619
0.550000, 0.300000, -1.696611
0.600000, 0.300000, -1.811809
0.650000, 0.300000, -1.811982
0.700000, 0.300000, -1.699702
0.750000, 0.300000, -1.522203
0.800000, 0.300000, -1.354226
0.850000, 0.300000, -1.270362
0.900000, 0.300000, -1.317402
0.950000, 0.300000, -1.497205
1.000000, 0.300000, -1.766602
1.050000, 0.300000, -2.054315
1.100000, 0.300000, -2.288431
1.150000, 0.300000, -2.423900
1.200000, 0.300000, -2.459569
1.250000, 0.300000, -2.438244
1.300000, 0.300000, -2.429780
1.350000, 0.300000, -2.503698
1.400000, 0.300000, -2.701811
1.450000, 0.300000, -3.021369
1.500000, 0.300000, -3.415218
1.550000, 0.300000, -3.808940
1.600000, 0.300000, -4.128499
1.650000, 0.300000, -4.327858
1.700000, 0.300000, -4.406065
1.750000, 0.300000, -4.407307
1.800000, 0.300000, -4.403925
1.850000, 0.300000, -4.468889
1.900000, 0.300000, -4.648236
1.950000, 0.300000, -4.943986
2.000000, 0.300000, -5.314029
0.000000, 0.350000, -1.879476
0.050000, 0.350000, -2.077539
0.100000, 0.350000, -2.206847
0.150000, 0.350000, -2.220384
0.200000, 0.350000, -2.115982
0.250000, 0.350000, -1.936438
0.300000, 0.350000, -1.752610
0.350000, 0.350000, -1.635968
0.400000, 0.350000, -1.631121
0.450000, 0.350000, -1.738804
0.500000, 0.350000, -1.915841
0.550000, 0.350000, -2.092071
0.600000, 0.350000, -2.197751
0.650000, 0.350000, -2.190941
0.700000, 0.350000, -2.074362
0.750000, 0.350000, -1.895244
0.800000, 0.350000, -1.728177
0.850000, 0.350000, -1.647457
0.900000, 0.350000, -1.699450
0.950000, 0.350000, -1.885495
1.000000, 0.350000, -2.161822
1.050000, 0.350000, -2.456516
1.100000, 0.350000, -2.697018
1.150000, 0.350000, -2.837663
1.200000, 0.350000, -2.876748
1.250000, 0.350000, -2.856621
1.300000, 0.350000, -2.846800
1.350000, 0.350000, -2.916609
1.400000, 0.350000, -3.107808
1.450000, 0.350000, -3.417752
1.500000, 0.350000, -3.799534
1.550000, 0.350000, -4.179119
1.600000, 0.350000, -4.482962
1.650000, 0.350000, -4.665606
1.700000, 0.350000, -4.726729
1.750000, 0.350000, -4.711166
1.800000, 0.350000, -4.691891
1.850000, 0.350000, -4.742452
1.900000, 0.350000, -4.909380
1.950000, 0.350000, -5.195080
2.000000, 0.350000, -5.557691
0.000000, 0.400000, -2.507804
0.050000, 0.400000, -2.698293
0.100000, 0.400000, -2.817526
0.150000, 0.400000, -2.818820
0.200000, 0.400000, -2.700457
0.250000, 0.400000, -2.505781
0.300000, 0.400000, -2.306259
0.350000, 0.400000, -2.174001
0.400000, 0.400000, -2.154248
0.450000, 0.400000, -2.248329
0.500000, 0.400000, -2.413585
0.550000, 0.400000, -2.580270
0.600000, 0.400000, -2.678933
0.650000, 0.400000, -2.667780
0.700000, 0.400000, -2.549529
0.750000, 0.400000, -2.371257
0.800000, 0.400000, -2.207258
0.850000, 0.400000, -2.131405
0.900000, 0.400000, -2.189544
0.950000, 0.400000, -2.382412
1.000000, 0.400000, -2.665602
1.050000, 0.400000, -2.966554
1.100000, 0.400000, -3.212095
1.150000, 0.400000, -3.356011
1.200000, 0.400000, -3.396141
1.250000, 0.400000, -3.374498
1.300000, 0.400000, -3.360403
1.350000, 0.400000, -3.423130
1.400000, 0.400000, -3.604544
1.450000, 0.400000, -3.902250
1.500000, 0.400000, -4.269725
1.550000, 0.400000, -4.633427
1.600000, 0.400000, -4.920394
1.650000, 0.400000, -5.085799
1.700000, 0.400000, -5.129972
1.750000, 0.400000, -5.098382
1.800000, 0.400000, -5.064583
1.850000, 0.400000, -5.102621
1.900000, 0.400000, -5.259413
1.950000, 0.400000, -5.537616
2.000000, 0.400000, -5.895478
0.000000, 0.450000, -3.021896
0.050000, 0.450000, -3.202315
0.100000, 0.450000, -3.309313
0.150000, 0.450000, -3.296657
0.200000, 0.450000, -3.163175
0.250000, 0.450000, -2.952816
0.300000, 0.450000, -2.737686
0.350000, 0.450000, -2.590527
0.400000, 0.450000, -2.557172
0.450000, 0.450000, -2.639465
0.500000, 0.450000, -2.795164
0.550000, 0.450000, -2.954810
0.600000, 0.450000, -3.049099
0.650000, 0.450000, -3.036234
0.700000, 0.450000, -2.918779
0.750000, 0.450000, -2.743514
0.800000, 0.450000, -2.584313
0.850000, 0.450000, -2.514524
0.900000, 0.450000, -2.579394
0.950000, 0.450000, -2.779025
1.000000, 0.450000, -3.068364
1.050000, 0.450000, -3.374238
1.100000, 0.450000, -3.622926
1.150000, 0.450000, -3.767758
1.200000, 0.450000, -3.806240
1.250000, 0.450000, -3.780187
1.300000, 0.450000, -3.758875
1.350000, 0.450000, -3.811684
1.400000, 0.450000, -3.980730
1.450000, 0.450000, -4.264005
1.500000, 0.450000, -4.615482
1.550000, 0.450000, -4.962203
1.600000, 0.450000, -5.231840
1.650000, 0.450000, -5.380221
1.700000, 0.450000, -5.408310
1.750000, 0.450000, -5.362162
1.800000, 0.450000, -5.315829
1.850000, 0.450000, -5.343746
1.900000, 0.450000, -5.493085
1.950000, 0.450000, -5.766614
2.000000, 0.450000, -6.122539
0.000000, 0.500000, -3.250216
0.050000, 0.500000, -3.418407
0.100000, 0.500000, -3.511467
0.150000, 0.500000, -3.483706
0.200000, 0.500000, -3.334557
0.250000, 0.500000, -3.108607
0.300000, 0.500000, -2.878591
0.350000, 0.500000, -2.717840
0.400000, 0.500000, -2.672703
0.450000, 0.500000, -2.745439
0.500000, 0.500000, -2.894092
0.550000, 0.500000, -3.049349
0.600000, 0.500000, -3.141901
0.650000, 0.500000, -3.129798
0.700000, 0.500000, -3.015306
0.750000, 0.500000, -2.844785
0.800000, 0.500000, -2.691583
0.850000, 0.500000, -2.628453
0.900000, 0.500000, -2.700005
0.950000, 0.500000, -2.905695
1.000000, 0.500000, -3.199860
1.050000, 0.500000, -3.508779
1.100000, 0.500000, -3.758279
1.150000, 0.500000, -3.901356
1.200000, 0.500000, -3.935323
1.250000, 0.500000, -3.901950
1.300000, 0.500000, -3.870623
1.350000, 0.500000, -3.910973
1.400000, 0.500000, -4.065509
1.450000, 0.500000, -4.332721
1.500000, 0.500000, -4.667167
1.550000, 0.500000, -4.996527
1.600000, 0.500000, -5.249130
1.650000, 0.500000, -5.381442
1.700000, 0.500000, -5.395016
1.750000, 0.500000, -5.336406
1.800000, 0.500000, -5.280056
1.850000, 0.500000, -5.300659
1.900000, 0.500000, -5.445500
1.950000, 0.500000, -5.717305
2.000000, 0.500000, -6.074091
0.000000, 0.550000, -3.126040
0.050000, 0.550000, -3.280301
0.100000, 0.550000, -3.358270
0.150000, 0.550000, -3.314862
0.200000, 0.550000, -3.150143
0.250000, 0.550000, -2.909329
0.300000, 0.550000, -2.665742
0.350000, 0.550000, -2.493228
0.400000, 0.550000, -2.438547
0.450000, 0.550000, -2.504244
0.500000, 0.550000, -2.648508
0.550000, 0.550000, -2.802020
0.600000, 0.550000, -2.895317
0.650000, 0.550000, -2.886150
0.700000, 0.550000, -2.776365
0.750000, 0.550000, -2.611798
0.800000, 0.550000, -2.465201
0.850000, 0.550000, -2.408689
0.900000, 0.550000, -2.486230
0.950000, 0.550000, -2.696671
1.000000, 0.550000, -2.993801
1.050000, 0.550000, -3.303451
1.100000, 0.550000, -3.551114
1.150000, 0.550000, -3.689598
1.200000, 0.550000, -3.716171
1.250000, 0.550000, -3.672717
1.300000, 0.550000, -3.628877
1.350000, 0.550000, -3.654677
1.400000, 0.550000, -3.793125
1.450000, 0.550000, -4.043302
1.500000, 0.550000, -4.360407
1.550000, 0.550000, -4.672779
1.600000, 0.550000, -4.909389
1.650000, 0.550000, -5.027290
1.700000, 0.550000, -5.028542
1.750000, 0.550000, -4.960090
1.800000, 0.550000, -4.896639
1.850000, 0.550000, -4.912995
1.900000, 0.550000, -5.056403
1.950000, 0.550000, -5.329402
2.000000, 0.550000, -5.689680
0.000000, 0.600000, -2.712232
0.050000, 0.600000, -2.851413
0.100000, 0.600000, -2.913753
0.150000, 0.600000, -2.854799
0.200000, 0.600000, -2.675244
0.250000, 0.600000, -2.420888
0.300000, 0.600000, -2.165566
0.350000, 0.600000, -1.983535
0.400000, 0.600000, -1.921836
0.450000, 0.600000, -1.983160
0.500000, 0.600000, -2.125687
0.550000, 0.600000, -2.279943
0.600000, 0.600000, -2.376168
0.650000, 0.600000, -2.371690
0.700000, 0.600000, -2.267832
0.750000, 0.600000, -2.109833
0.800000, 0.600000, -1.969809
0.850000, 0.600000, -1.919236
0.900000, 0.600000, -2.001471
0.950000, 0.600000, -2.214818
1.000000, 0.600000, -2.512618
1.050000, 0.600000, -2.820371
1.100000, 0.600000, -3.063384
1.150000, 0.600000, -3.194425
1.200000, 0.600000, -3.210878
1.250000, 0.600000, -3.154885
1.300000, 0.600000, -3.096485
1.350000, 0.600000, -3.106207
1.400000, 0.600000, -3.227654
1.450000, 0.600000, -3.460549
1.500000, 0.600000, -3.760753
1.550000, 0.600000, -4.057250
1.600000, 0.600000, -4.279601
1.650000, 0.600000, -4.385368
1.700000, 0.600000, -4.377002
1.750000, 0.600000, -4.301712
1.800000, 0.600000, -4.234315
1.850000, 0.600000, -4.249577
1.900000, 0.600000, -4.394556
1.950000, 0.600000, -4.671459
2.000000, 0.600000, -5.037525
0.000000, 0.650000, -2.176683
0.050000, 0.650000, -2.300247
0.100000, 0.650000, -2.347064
0.150000, 0.650000, -2.273302
0.200000, 0.650000, -2.080240
0.250000, 0.650000, -1.814186
0.300000, 0.650000, -1.549383
0.350000, 0.650000, -1.360369
0.400000, 0.650000, -1.294328
0.450000, 0.650000, -1.353939
0.500000, 0.650000, -1.497227
0.550000, 0.650000, -1.654421
0.600000, 0.650000, -1.755334
0.650000, 0.650000, -1.756774
0.700000, 0.650000, -1.659466
0.750000, 0.650000, -1.508015
0.800000, 0.650000, -1.373896
0.850000, 0.650000, -1.327978
0.900000, 0.650000, -1.413077
0.950000, 0.650000, -1.627049
1.000000, 0.650000, -1.922911
1.050000, 0.650000, -2.225976
1.100000, 0.650000, -2.461517
1.150000, 0.650000, -2.582418
1.200000, 0.650000, -2.586327
1.250000, 0.650000, -2.515787
1.300000, 0.650000, -2.441343
1.350000, 0.650000, -2.434122
1.400000, 0.650000, -2.538371
1.450000, 0.650000, -2.754480
1.500000, 0.650000, -3.038956
1.550000, 0.650000, -3.321377
1.600000, 0.650000, -3.531810
1.650000, 0.650000, -3.628213
1.700000, 0.650000, -3.613298
1.750000, 0.650000, -3.534386
1.800000, 0.650000, -3.466255
1.850000, 0.650000, -3.483479
1.900000, 0.650000, -3.632782
1.950000, 0.650000, -3.915920
2.000000, 0.650000, -4.289581
0.000000, 0.700000, -1.727802
0.050000, 0.700000, -1.835855
0.100000, 0.700000, -1.867891
0.150000, 0.700000, -1.780659
0.200000, 0.700000, -1.575940
0.250000, 0.700000, -1.300450
0.300000, 0.700000, -1.028710
0.350000, 0.700000, -0.835397
0.400000, 0.700000, -0.767684
0.450000, 0.700000, -0.828091
0.500000, 0.700000, -0.974342
0.550000, 0.700000, -1.136243
0.600000, 0.700000, -1.243083
0.650000, 0.700000, -1.251073
0.700000, 0.700000, -1.160303
0.750000, 0.700000, -1.014741
0.800000, 0.700000, -0.885255
0.850000, 0.700000, -0.842174
0.900000, 0.700000, -0.927869
0.950000, 0.700000, -1.139875
1.000000, 0.700000, -1.431025
1.050000, 0.700000, -1.726602
1.100000, 0.700000, -1.951997
1.150000, 0.700000, -2.060363
1.200000, 0.700000, -2.049750
1.250000, 0.700000, -1.963215
1.300000, 0.700000, -1.871899
1.350000, 0.700000, -1.847581
1.400000, 0.700000, -1.935175
1.450000, 0.700000, -2.135717
1.500000, 0.700000, -2.406312
1.550000, 0.700000, -2.677043
1.600000, 0.700000, -2.878375
1.650000, 0.700000, -2.968525
1.700000, 0.700000, -2.950315
1.750000, 0.700000, -2.871025
1.800000, 0.700000, -2.805235
1.850000, 0.700000, -2.827185
1.900000, 0.700000, -2.983140
1.950000, 0.700000, -3.274298
2.000000, 0.700000, -3.656726
0.000000, 0.750000, -1.534735
0.050000, 0.750000, -1.628024
0.100000, 0.750000, -1.646619
0.150000, 0.750000, -1.547772
0.200000, 0.750000, -1.333667
0.250000, 0.750000, -1.051294
0.300000, 0.750000, -0.775311
0.350000, 0.750000, -0.580379
0.400000, 0.750000, -0.513512
0.450000, 0.750000, -0.576926
0.500000, 0.750000, -0.727921
0.550000, 0.750000, -0.895776
0.600000, 0.750000, -1.009184
0.650000, 0.750000, -1.023721
0.700000, 0.750000, -0.938841
0.750000, 0.750000, -0.797904
0.800000, 0.750000, -0.671242
0.850000, 0.750000, -0.628741
0.900000, 0.750000, -0.712453
0.950000, 0.750000, -0.919733
1.000000, 0.750000, -1.203386
1.050000, 0.750000, -1.488819
1.100000, 0.750000, -1.701694
1.150000, 0.750000, -1.795572
1.200000, 0.750000, -1.769017
1.250000, 0.750000, -1.665687
1.300000, 0.750000, -1.557378
1.350000, 0.750000, -1.516536
1.400000, 0.750000, -1.588728
1.450000, 0.750000, -1.775583
1.500000, 0.750000, -2.034715
1.550000, 0.750000, -2.296602
1.600000, 0.750000, -2.491966
1.650000, 0.750000, -2.579133
1.700000, 0.750000, -2.560878
1.750000, 0.750000, -2.484281
1.800000, 0.750000, -2.423581
1.850000, 0.750000, -2.452550
1.900000, 0.750000, -2.616891
1.950000, 0.750000, -2.917170
2.000000, 0.750000, -3.308790
0.000000, 0.800000, -1.662796
0.050000, 0.800000, -1.742664
0.100000, 0.800000, -1.749680
0.150000, 0.800000, -1.641494
0.200000, 0.800000, -1.420564
0.250000, 0.800000, -1.134011
0.300000, 0.800000, -0.856475
0.350000, 0.800000, -0.662454
0.400000, 0.800000, -0.598654
0.450000, 0.800000, -0.666866
0.500000, 0.800000, -0.823861
0.550000, 0.800000, -0.998320
0.600000, 0.800000, -1.118302
0.650000, 0.800000, -1.138744
0.700000, 0.800000, -1.058497
0.750000, 0.800000, -0.920384
0.800000, 0.800000, -0.794296
0.850000, 0.800000, -0.749805
0.900000, 0.800000, -0.828784
0.950000, 0.800000, -1.028564
1.000000, 0.800000, -1.302078
1.050000, 0.800000, -1.575008
1.100000, 0.800000, -1.773426
1.150000, 0.800000, -1.851413
1.200000, 0.800000, -1.808138
1.250000, 0.800000, -1.687913
1.300000, 0.800000, -1.563208
1.350000, 0.800000, -1.507118
1.400000, 0.800000, -1.565806
1.450000, 0.800000, -1.741412
1.500000, 0.800000, -1.991939
1.550000, 0.800000, -2.248122
1.600000, 0.800000, -2.440788
1.650000, 0.800000, -2.528210
1.700000, 0.800000, -2.512959
1.750000, 0.800000, -2.441764
1.800000, 0.800000, -2.388391
1.850000, 0.800000, -2.426041
1.900000, 0.800000, -2.599776
1.950000, 0.800000, -2.909487
2.000000, 0.800000, -3.309903
0.000000, 0.850000, -2.048761
0.050000, 0.850000, -2.117072
0.100000, 0.850000, -2.114790
0.150000, 0.850000, -1.999836
0.200000, 0.850000, -1.774792
0.250000, 0.850000, -1.486760
0.300000, 0.850000, -1.210210
0.350000, 0.850000, -1.019332
0.400000, 0.850000, -0.960400
0.450000, 0.850000, -1.034676
0.500000, 0.850000, -1.198330
0.550000, 0.850000, -1.379407
0.600000, 0.850000, -1.505327
0.650000, 0.850000, -1.530425
0.700000, 0.850000, -1.453014
0.750000, 0.850000, -1.315481
0.800000, 0.850000, -1.187403
0.850000, 0.850000, -1.138176
0.900000, 0.850000, -1.209655
0.950000, 0.850000, -1.399300
1.000000, 0.850000, -1.660324
1.050000, 0.850000, -1.918824
1.100000, 0.850000, -2.101396
1.150000, 0.850000, -2.162725
1.200000, 0.850000, -2.102643
1.250000, 0.850000, -1.966133
1.300000, 0.850000, -1.826319
1.350000, 0.850000, -1.756891
1.400000, 0.850000, -1.804520
1.450000, 0.850000, -1.971735
1.500000, 0.850000, -2.216793
1.550000, 0.850000, -2.470528
1.600000, 0.850000, -2.663710
1.650000, 0.850000, -2.754399
1.700000, 0.850000, -2.744809
1.750000, 0.850000, -2.681187
1.800000, 0.850000, -2.636718
1.850000, 0.850000, -2.683952
1.900000, 0.850000, -2.867266
1.950000, 0.850000, -3.185870
2.000000, 0.850000, -3.593847
0.000000, 0.900000, -2.525455
0.050000, 0.900000, -2.584493
0.100000, 0.900000, -2.575489
0.150000, 0.900000, -2.456484
0.200000, 0.900000, -2.230037
0.250000, 0.900000, -1.943076
0.300000, 0.900000, -1.669756
0.350000, 0.900000, -1.483832
0.400000, 0.900000, -1.431045
0.450000, 0.900000, -1.512053
0.500000, 0.900000, -1.682387
0.550000, 0.900000, -1.869454
0.600000, 0.900000, -2.000068
0.650000, 0.900000, -2.028030
0.700000, 0.900000, -1.951215
0.750000, 0.900000, -1.811700
0.800000, 0.900000, -1.678889
0.850000, 0.900000, -1.622161
0.900000, 0.900000, -1.683506
0.950000, 0.900000, -1.860670
1.000000, 0.900000, -2.107281
1.050000, 0.900000, -2.349965
1.100000, 0.900000, -2.515929
1.150000, 0.900000, -2.560521
1.200000, 0.900000, -2.484245
1.250000, 0.900000, -2.332743
1.300000, 0.900000, -2.179731
1.350000, 0.900000, -2.099407
1.400000, 0.900000, -2.138829
1.450000, 0.900000, -2.300776
1.500000, 0.900000, -2.543598
1.550000, 0.900000, -2.798067
1.600000, 0.900000, -2.994732
1.650000, 0.900000, -3.091287
1.700000, 0.900000, -3.089456
1.750000, 0.900000, -3.034894
1.800000, 0.900000, -3.000126
1.850000, 0.900000, -3.057006
1.900000, 0.900000, -3.249219
1.950000, 0.900000, -3.575322
2.000000, 0.900000, -3.988818
0.000000, 0.950000, -2.886219
0.050000, 0.950000, -2.938562
0.100000, 0.950000, -2.925560
0.150000, 0.950000, -2.805224
0.200000, 0.950000, -2.579933
0.250000, 0.950000, -2.296296
0.300000, 0.950000, -2.028028
0.350000, 0.950000, -1.848346
0.400000, 0.950000, -1.802382
0.450000, 0.950000, -1.890152
0.500000, 0.950000, -2.066546
0.550000, 0.950000, -2.258363
0.600000, 0.950000, -2.391884
0.650000, 0.950000, -2.420471
0.700000, 0.950000, -2.341690
0.750000, 0.950000, -2.197449
0.800000, 0.950000, -2.057138
0.850000, 0.950000, -1.990275
0.900000, 0.950000, -2.039138
0.950000, 0.950000, -2.201895
1.000000, 0.950000, -2.432707
1.050000, 0.950000, -2.658814
1.100000, 0.950000, -2.808088
1.150000, 0.950000, -2.836556
1.200000, 0.950000, -2.745377
1.250000, 0.950000, -2.580789
1.300000, 0.950000, -2.417014
1.350000, 0.950000, -2.328635
1.400000, 0.950000, -2.362954
1.450000, 0.950000, -2.522840
1.500000, 0.950000, -2.766572
1.550000, 0.950000, -3.024695
1.600000, 0.950000, -3.227383
1.650000, 0.950000, -3.331829
1.700000, 0.950000, -3.339155
1.750000, 0.950000, -3.294347
1.800000, 0.950000, -3.269224
1.850000, 0.950000, -3.334939
1.900000, 0.950000, -3.534517
1.950000, 0.950000, -3.865926
2.000000, 0.950000, -4.282188
0.000000, 1.000000, -2.964590
0.050000, 1.000000, -3.012966
0.100000, 1.000000, -2.998692
0.150000, 1.000000, -2.879592
0.200000, 1.000000, -2.657721
0.250000, 1.000000, -2.379242
0.300000, 1.000000, -2.117326
0.350000, 1.000000, -1.944574
0.400000, 1.000000, -1.905473
0.450000, 1.000000, -1.999392
0.500000, 1.000000, -2.180612
0.550000, 1.000000, -2.375396
0.600000, 1.000000, -2.509585
0.650000, 1.000000, -2.536233
0.700000, 1.000000, -2.452741
0.750000, 1.000000, -2.301003
0.800000, 1.000000, -2.150552
0.850000, 1.000000, -2.071200
0.900000, 1.000000, -2.105651
0.950000, 1.000000, -2.252609
1.000000, 1.000000, -2.466854
1.050000, 1.000000, -2.676296
1.100000, 1.000000, -2.809488
1.150000, 1.000000, -2.823114
1.200000, 1.000000, -2.718931
1.250000, 1.000000, -2.543680
1.300000, 1.000000, -2.371966
1.350000, 1.000000, -2.278614
1.400000, 1.000000, -2.311010
1.450000, 1.000000, -2.471944
1.500000, 1.000000, -2.719461
1.550000, 1.000000, -2.983721
1.600000, 1.000000, -3.194387
1.650000, 1.000000, -3.308042
1.700000, 1.000000, -3.325127
1.750000, 1.000000, -3.289914
1.800000, 1.000000, -3.273511
1.850000, 1.000000, -3.346405
1.900000, 1.000000, -3.551027
1.950000, 1.000000, -3.884861
2.000000, 1.000000, -4.300577
0.000000, 1.050000, -2.698730
0.050000, 1.050000, -2.745869
0.100000, 1.050000, -2.732895
0.150000, 1.050000, -2.617305
0.200000, 1.050000, -2.400700
0.250000, 1.050000, -2.128688
0.300000, 1.050000, -1.873823
0.350000, 1.050000, -1.708051
0.400000, 1.050000, -1.675209
0.450000, 1.050000, -1.774050
0.500000, 1.050000, -1.958316
0.550000, 1.050000, -2.153829
0.600000, 1.050000, -2.286123
0.650000, 1.050000, -2.308083
0.700000, 1.050000, -2.217102
0.750000, 1.050000, -2.055219
0.800000, 1.050000, -1.892266
0.850000, 1.050000, -1.798484
0.900000, 1.050000, -1.817119
0.950000, 1.050000, -1.947500
1.000000, 1.050000, -2.145080
1.050000, 1.050000, -2.338454
1.100000, 1.050000, -2.456835
1.150000, 1.050000, -2.457506
1.200000, 1.050000, -2.342727
1.250000, 1.050000, -2.159621
1.300000, 1.050000, -1.983030
1.350000, 1.050000, -1.887857
1.400000, 1.050000, -1.921405
1.450000, 1.050000, -2.086220
1.500000, 1.050000, -2.339953
1.550000, 1.050000, -2.612245
1.600000, 1.050000, -2.832137
1.650000, 1.050000, -2.955522
1.700000, 1.050000, -2.982118
1.750000, 1.050000, -2.955479
1.800000, 1.050000, -2.946039
1.850000, 1.050000, -3.023690
1.900000, 1.050000, -3.230377
1.950000, 1.050000, -3.563235
2.000000, 1.050000, -3.974736
0.000000, 1.100000, -2.155936
0.050000, 1.100000, -2.204415
0.100000, 1.100000, -2.195023
0.150000, 1.100000, -2.084796
0.200000, 1.100000, -1.874776
0.250000, 1.100000, -1.609944
0.300000, 1.100000, -1.362191
0.350000, 1.100000, -1.202806
0.400000, 1.100000, -1.175002
0.450000, 1.100000, -1.276990
0.500000, 1.100000, -1.462068
0.550000, 1.100000, -1.655745
0.600000, 1.100000, -1.783388
0.650000, 1.100000, -1.797876
0.700000, 1.100000, -1.696749
0.750000, 1.100000, -1.522347
0.800000, 1.100000, -1.344937
0.850000, 1.100000, -1.235308
0.900000, 1.100000, -1.237335
0.950000, 1.100000, -1.351026
1.000000, 1.100000, -1.532524
1.050000, 1.100000, -1.711088
1.100000, 1.100000, -1.816530
1.150000, 1.100000, -1.806638
1.200000, 1.100000, -1.684054
1.250000, 1.100000, -1.496133
1.300000, 1.100000, -1.317793
1.350000, 1.100000, -1.223846
1.400000, 1.100000, -1.261342
1.450000, 1.100000, -1.432426
1.500000, 1.100000, -1.694220
1.550000, 1.100000, -1.975732
1.600000, 1.100000, -2.205305
1.650000, 1.100000, -2.338099
1.700000, 1.100000, -2.373108
1.750000, 1.100000, -2.353207
1.800000, 1.100000, -2.348234
1.850000, 1.100000, -2.427592
1.900000, 1.100000, -2.632883
1.950000, 1.100000, -2.961052
2.000000, 1.100000, -3.364549
0.000000, 1.150000, -1.507826
0.050000, 1.150000, -1.559928
0.100000, 1.150000, -1.555979
0.150000, 1.150000, -1.452446
0.200000, 1.150000, -1.249734
0.250000, 1.150000, -0.992156
0.300000, 1.150000, -0.750931
0.350000, 1.150000, -0.596722
0.400000, 1.150000, -0.572189
0.450000, 1.150000, -0.675093
0.500000, 1.150000, -0.858416
0.550000, 1.150000, -1.047499
0.600000, 1.150000, -1.167700
0.650000, 1.150000, -1.172048
0.700000, 1.150000, -1.058386
0.750000, 1.150000, -0.869495
0.800000, 1.150000, -0.676194
0.850000, 1.150000, -0.549908
0.900000, 1.150000, -0.535197
0.950000, 1.150000, -0.632764
1.000000, 1.150000, -0.799420
1.050000, 1.150000, -0.965028
1.100000, 1.150000, -1.059908
1.150000, 1.150000, -1.042227
1.200000, 1.150000, -0.914860
1.250000, 1.150000, -0.725232
1.300000, 1.150000, -0.548164
1.350000, 1.150000, -0.458209
1.400000, 1.150000, -0.502007
1.450000, 1.150000, -0.681164
1.500000, 1.150000, -0.952161
1.550000, 1.150000, -1.243296
1.600000, 1.150000, -1.482172
1.650000, 1.150000, -1.623220
1.700000, 1.150000, -1.664750
1.750000, 1.150000, -1.649036
1.800000, 1.150000, -1.645434
1.850000, 1.150000, -1.723006
1.900000, 1.150000, -1.923173
1.950000, 1.150000, -2.242871
2.000000, 1.150000, -2.634716
0.000000, 1.200000, -0.965630
0.050000, 1.200000, -1.023221
0.100000, 1.200000, -1.026051
0.150000, 1.200000, -0.929945
0.200000, 1.200000, -0.734626
0.250000, 1.200000, -0.483728
0.300000, 1.200000, -0.247833
0.350000, 1.200000, -0.097039
0.400000, 1.200000, -0.073551
0.450000, 1.200000, -0.174807
0.500000, 1.200000, -0.353615
0.550000, 1.200000, -0.535304
0.600000, 1.200000, -0.645384
0.650000, 1.200000, -0.637189
0.700000, 1.200000, -0.509006
0.750000, 1.200000, -0.304173
0.800000, 1.200000, -0.094152
0.850000, 1.200000, 0.048942
0.900000, 1.200000, 0.079845
0.950000, 1.200000, -0.002818
1.000000, 1.200000, -0.156470
1.050000, 1.200000, -0.311482
1.100000, 1.200000, -0.398557
1.150000, 1.200000, -0.376092
1.200000, 1.200000, -0.247031
1.250000, 1.200000, -0.058698
1.300000, 1.200000, 0.114353
1.350000, 1.200000, 0.197987
1.400000, 1.200000, 0.146112
1.450000, 1.200000, -0.042226
1.500000, 1.200000, -0.322790
1.550000, 1.200000, -0.623132
1.600000, 1.200000, -0.870116
1.650000, 1.200000, -1.017486
1.700000, 1.200000, -1.062950
1.750000, 1.200000, -1.048304
1.800000, 1.200000, -1.042566
1.850000, 1.200000, -1.114630
1.900000, 1.200000, -1.305921
1.950000, 1.200000, -1.613556
2.000000, 1.200000, -1.990499
0.000000, 1.250000, -0.700253
0.050000, 1.250000, -0.764674
0.100000, 1.250000, -0.775025
0.150000, 1.250000, -0.686440
0.200000, 1.250000, -0.497954
0.250000, 1.250000, -0.252548
0.300000, 1.250000, -0.020233
0.350000, 1.250000, 0.129363
0.400000, 1.250000, 0.154367
0.450000, 1.250000, 0.057521
0.500000, 1.250000, -0.113967
0.550000, 1.250000, -0.285576
0.600000, 1.250000, -0.383117
0.650000, 1.250000, -0.360374
0.700000, 1.250000, -0.216195
0.750000, 1.250000, 0.005432
0.800000, 1.250000, 0.232348
0.850000, 1.250000, 0.391726
0.900000, 1.250000, 0.437623
0.950000, 1.250000, 0.368045
1.000000, 1.250000, 0.225055
1.050000, 1.250000, 0.077899
1.100000, 1.250000, -0.004361
1.150000, 1.250000, 0.019810
1.200000, 1.250000, 0.147577
1.250000, 1.250000, 0.331885
1.300000, 1.250000, 0.498607
1.350000, 1.250000, 0.574164
1.400000, 1.250000, 0.513126
1.450000, 1.250000, 0.315265
1.500000, 1.250000, 0.025575
1.550000, 1.250000, -0.282751
1.600000, 1.250000, -0.535888
1.650000, 1.250000, -0.686975
1.700000, 1.250000, -0.733245
1.750000, 1.250000, -0.716163
1.800000, 1.250000, -0.704588
1.850000, 1.250000, -0.767434
1.900000, 1.250000, -0.946324
1.950000, 1.250000, -1.238742
2.000000, 1.250000, -1.598173
0.000000, 1.300000, -0.777604
0.050000, 1.300000, -0.849601
0.100000, 1.300000, -0.867576
0.150000, 1.300000, -0.785962
0.200000, 1.300000, -0.603132
0.250000, 1.300000, -0.361481
0.300000, 1.300000, -0.130536
0.350000, 1.300000, 0.020416
0.400000, 1.300000, 0.049694
0.450000, 1.300000, -0.039936
0.500000, 1.300000, -0.201407
0.550000, 1.300000, -0.360503
0.600000, 1.300000, -0.443484
0.650000, 1.300000, -0.404698
0.700000, 1.300000, -0.243647
0.750000, 1.300000, -0.005027
0.800000, 1.300000, 0.238286
0.850000, 1.300000, 0.412773
0.900000, 1.300000, 0.471867
0.950000, 1.300000, 0.413053
1.000000, 1.300000, 0.278002
1.050000, 1.300000, 0.135722
1.100000, 1.300000, 0.055212
1.150000, 1.300000, 0.078111
1.200000, 1.300000, 0.201860
1.250000, 1.300000, 0.379839
1.300000, 1.300000, 0.538485
1.350000, 1.300000, 0.604889
1.400000, 1.300000, 0.534358
1.450000, 1.300000, 0.327429
1.500000, 1.300000, 0.029846
1.550000, 1.300000, -0.284500
1.600000, 1.300000, -0.541180
1.650000, 1.300000, -0.692860
1.700000, 1.300000, -0.736446
1.750000, 1.300000, -0.713257
1.800000, 1.300000, -0.692184
1.850000, 1.300000, -0.742358
1.900000, 1.300000, -0.905788
1.950000, 1.300000, -1.180503
2.000000, 1.300000, -1.520655
0.000000, 1.350000, -1.133863
0.050000, 1.350000, -1.213542
0.100000, 1.350000, -1.238599
0.150000, 1.350000, -1.162792
0.200000, 1.350000, -0.983892
0.250000, 1.350000, -0.743798
0.300000, 1.350000, -0.511679
0.350000, 1.350000, -0.356617
0.400000, 1.350000, -0.320257
0.450000, 1.350000, -0.399968
0.500000, 1.350000, -0.548982
0.550000, 1.350000, -0.693527
0.600000, 1.350000, -0.760431
0.650000, 1.350000, -0.704701
0.700000, 1.350000, -0.526553
0.750000, 1.350000, -0.271409
0.800000, 1.350000, -0.012849
0.850000, 1.350000, 0.174977
0.900000, 1.350000, 0.244967
0.950000, 1.350000, 0.194208
1.000000, 1.350000, 0.064130
1.050000, 1.350000, -0.076329
1.100000, 1.350000, -0.158066
1.150000, 1.350000, -0.139159
1.200000, 1.350000, -0.021730
1.250000, 1.350000, 0.148172
1.300000, 1.350000, 0.297665
1.350000, 1.350000, 0.354586
1.400000, 1.350000, 0.275016
1.450000, 1.350000, 0.060252
1.500000, 1.350000, -0.243259
1.550000, 1.350000, -0.561022
1.600000, 1.350000, -0.818132
1.650000, 1.350000, -0.966936
1.700000, 1.350000, -1.004203
1.750000, 1.350000, -0.971296
1.800000, 1.350000, -0.937341
1.850000, 1.350000, -0.971875
1.900000, 1.350000, -1.117472
1.950000, 1.350000, -1.372850
2.000000, 1.350000, -1.692941
0.000000, 1.400000, -1.600097
0.050000, 1.400000, -1.686922
0.100000, 1.400000, -1.717905
0.150000, 1.400000, -1.646189
0.200000, 1.400000, -1.469033
0.250000, 1.400000, -1.227962
0.300000, 1.400000, -0.991923
0.350000, 1.400000, -0.829947
0.400000, 1.400000, -0.783803
0.450000, 1.400000, -0.851146
0.500000, 1.400000, -0.985650
0.550000, 1.400000, -1.114108
0.600000, 1.400000, -1.164010
0.650000, 1.400000, -1.091082
0.700000, 1.400000, -0.896279
0.750000, 1.400000, -0.625732
0.800000, 1.400000, -0.353669
0.850000, 1.400000, -0.154784
0.900000, 1.400000, -0.076587
0.950000, 1.400000, -0.122243
1.000000, 1.400000, -0.250398
1.050000, 1.400000, -0.392009
1.100000, 1.400000, -0.477693
1.150000, 1.400000, -0.465089
1.200000, 1.400000, -0.355737
1.250000, 1.400000, -0.194997
1.300000, 1.400000, -0.054998
1.350000, 1.400000, -0.007116
1.400000, 1.400000, -0.094501
1.450000, 1.400000, -0.315148
1.500000, 1.400000, -0.621999
1.550000, 1.400000, -0.940082
1.600000, 1.400000, -1.194180
1.650000, 1.400000, -1.336507
1.700000, 1.400000, -1.363892
1.750000, 1.400000, -1.317946
1.800000, 1.400000, -1.268222
1.850000, 1.400000, -1.284841
1.900000, 1.400000, -1.411087
1.950000, 1.400000, -1.646475
2.000000, 1.400000, -1.946780
0.000000, 1.450000, -1.966826
0.050000, 1.450000, -2.059646
0.100000, 1.450000, -2.094847
0.150000, 1.450000, -2.025048
0.200000, 1.450000, -1.847114
0.250000, 1.450000, -1.602331
0.300000, 1.450000, -1.359576
0.350000, 1.450000, -1.187986
0.400000, 1.450000, -1.129604
0.450000, 1.450000, -1.182516
0.500000, 1.450000, -1.300956
0.550000, 1.450000, -1.412379
0.600000, 1.450000, -1.444999
0.650000, 1.450000, -1.355285
0.700000, 1.450000, -1.144916
0.750000, 1.450000, -0.860682
0.800000, 1.450000, -0.577369
0.850000, 1.450000, -0.370094
0.900000, 1.450000, -0.286628
0.950000, 1.450000, -0.330223
1.000000, 1.450000, -0.459426
1.050000, 1.450000, -0.604918
1.100000, 1.450000, -0.696872
1.150000, 1.450000, -0.692340
1.200000, 1.450000, -0.592169
1.250000, 1.450000, -0.440953
1.300000, 1.450000, -0.310022
1.350000, 1.450000, -0.269974
1.400000, 1.450000, -0.363243
1.450000, 1.450000, -0.587203
1.500000, 1.450000, -0.894319
1.550000, 1.450000, -1.209309
1.600000, 1.450000, -1.456826
1.650000, 1.450000, -1.589158
1.700000, 1.450000, -1.603394
1.750000, 1.450000, -1.541591
1.800000, 1.450000, -1.473905
1.850000, 1.450000, -1.471184
1.900000, 1.450000, -1.577529
1.950000, 1.450000, -1.793312
2.000000, 1.450000, -2.075162
0.000000, 1.500000, -2.063860
0.050000, 1.500000, -2.160971
0.100000, 1.500000, -2.198227
0.150000, 1.500000, -2.127834
0.200000, 1.500000, -1.946399
0.250000, 1.500000, -1.695117
0.300000, 1.500000, -1.442952
0.350000, 1.500000, -1.259295
0.400000, 1.500000, -1.186605
0.450000, 1.500000, -1.223520
0.500000, 1.500000, -1.324929
0.550000, 1.500000, -1.419011
0.600000, 1.500000, -1.434730
0.650000, 1.500000, -1.329289
0.700000, 1.500000, -1.105037
0.750000, 1.500000, -0.809341
0.800000, 1.500000, -0.517423
0.850000, 1.500000, -0.304678
0.900000, 1.500000, -0.218978
0.950000, 1.500000, -0.263483
1.000000, 1.500000, -0.396470
1.050000, 1.500000, -0.548179
1.100000, 1.500000, -0.648193
1.150000, 1.500000, -0.652863
1.200000, 1.500000, -0.562260
1.250000, 1.500000, -0.420169
1.300000, 1.500000, -0.297131
1.350000, 1.500000, -0.263012
1.400000, 1.500000, -0.359620
1.450000, 1.500000, -0.583846
1.500000, 1.500000, -0.887841
1.550000, 1.500000, -1.196200
1.600000, 1.500000, -1.433655
1.650000, 1.500000, -1.552768
1.700000, 1.500000, -1.551091
1.750000, 1.500000, -1.471300
1.800000, 1.500000, -1.384299
1.850000, 1.500000, -1.361768
1.900000, 1.500000, -1.448680
1.950000, 1.500000, -1.646268
2.000000, 1.500000, -1.911960
0.000000, 1.550000, -1.824929
0.050000, 1.550000, -1.924174
0.100000, 1.550000, -1.960981
0.150000, 1.550000, -1.887283
0.200000, 1.550000, -1.699573
0.250000, 1.550000, -1.439108
0.300000, 1.550000, -1.175084
0.350000, 1.550000, -0.977289
0.400000, 1.550000, -0.888717
0.450000, 1.550000, -0.908651
0.500000, 1.550000, -0.992699
0.550000, 1.550000, -1.069793
0.600000, 1.550000, -1.069636
0.650000, 1.550000, -0.950119
0.700000, 1.550000, -0.714178
0.750000, 1.550000, -0.409638
0.800000, 1.550000, -0.112016
0.850000, 1.550000, 0.103177
0.900000, 1.550000, 0.188143
0.950000, 1.550000, 0.139984
1.000000, 1.550000, 0.000860
1.050000, 1.550000, -0.158880
1.100000, 1.550000, -0.268115
1.150000, 1.550000, -0.282408
1.200000, 1.550000, -0.201012
1.250000, 1.550000, -0.066906
1.300000, 1.550000, 0.050113
1.350000, 1.550000, 0.080815
1.400000, 1.550000, -0.016113
1.450000, 1.550000, -0.237245
1.500000, 1.550000, -0.534610
1.550000, 1.550000, -0.832884
1.600000, 1.550000, -1.057087
1.650000, 1.550000, -1.160256
1.700000, 1.550000, -1.140579
1.750000, 1.550000, -1.041499
1.800000, 1.550000, -0.934767
1.850000, 1.550000, -0.892951
1.900000, 1.550000, -0.961891
1.950000, 1.550000, -1.143622
2.000000, 1.550000, -1.396261
0.000000, 1.600000, -1.312442
0.050000, 1.600000, -1.411324
0.100000, 1.600000, -1.444982
0.150000, 1.600000, -1.365216
0.200000, 1.600000, -1.168557
0.250000, 1.600000, -0.896470
0.300000, 1.600000, -0.618521
0.350000, 1.600000, -0.405011
0.400000, 1.600000, -0.299562
0.450000, 1.600000, -0.302166
0.500000, 1.600000, -0.369180
0.550000, 1.600000, -0.430280
0.600000, 1.600000, -0.415866
0.650000, 1.600000, -0.284430
0.700000, 1.600000, -0.039389
0.750000, 1.600000, 0.271120
0.800000, 1.600000, 0.571440
0.850000, 1.600000, 0.786117
0.900000, 1.600000, 0.867601
0.950000, 1.600000, 0.813419
1.000000, 1.600000, 0.666316
1.050000, 1.600000, 0.497349
1.100000, 1.600000, 0.378435
1.150000, 1.600000, 0.354837
1.200000, 1.600000, 0.428126
1.250000, 1.600000, 0.556079
1.300000, 1.600000, 0.669555
1.350000, 1.600000, 0.699827
1.400000, 1.600000, 0.605911
1.450000, 1.600000, 0.391359
1.500000, 1.600000, 0.104057
1.550000, 1.600000, -0.180965
1.600000, 1.600000, -0.389215
1.650000, 1.600000, -0.474380
1.700000, 1.600000, -0.435432
1.750000, 1.600000, -0.316680
1.800000, 1.600000, -0.190776
1.850000, 1.600000, -0.131164
1.900000, 1.600000, -0.184490
1.950000, 1.600000, -0.353472
2.000000, 1.600000, -0.596744
0.000000, 1.650000, -0.692945
0.050000, 1.650000, -0.788767
0.100000, 1.650000, -0.816523
0.150000, 1.650000, -0.728027
0.200000, 1.650000, -0.519993
0.250000, 1.650000, -0.234225
0.300000, 1.650000, 0.059224
0.350000, 1.650000, 0.289450
0.400000, 1.650000, 0.412137
0.450000, 1.650000, 0.426558
0.500000, 1.650000, 0.375612
0.550000, 1.650000, 0.328922
0.600000, 1.650000, 0.355471
0.650000, 1.650000, 0.496271
0.700000, 1.650000, 0.747566
0.750000, 1.650000, 1.061058
0.800000, 1.650000, 1.361122
0.850000, 1.650000, 1.572532
0.900000, 1.650000, 1.648149
0.950000, 1.650000, 1.586077
1.000000, 1.650000, 1.429764
1.050000, 1.650000, 1.251068
1.100000, 1.650000, 1.122744
1.150000, 1.650000, 1.090893
1.200000, 1.650000, 1.157860
1.250000, 1.650000, 1.282096
1.300000, 1.650000, 1.394979
1.350000, 1.650000, 1.428127
1.400000, 1.650000, 1.340688
1.450000, 1.650000, 1.136131
1.500000, 1.650000, 0.862048
1.550000, 1.650000, 0.592970
1.600000, 1.650000, 0.402725
1.650000, 1.650000, 0.336824
1.700000, 1.650000, 0.395412
1.750000, 1.650000, 0.533266
1.800000, 1.650000, 0.676845
1.850000, 1.650000, 0.751894
1.900000, 1.650000, 0.711086
1.950000, 1.650000, 0.551197
2.000000, 1.650000, 0.313294
0.000000, 1.700000, -0.172687
0.050000, 1.700000, -0.262702
0.100000, 1.700000, -0.281904
0.150000, 1.700000, -0.182264
0.200000, 1.700000, 0.039194
0.250000, 1.700000, 0.340211
0.300000, 1.700000, 0.650159
0.350000, 1.700000, 0.897468
0.400000, 1.700000, 1.037106
0.450000, 1.700000, 1.067610
0.500000, 1.700000, 1.031180
0.550000, 1.700000, 0.996813
0.600000, 1.700000, 1.032979
0.650000, 1.700000, 1.180328
0.700000, 1.700000, 1.434918
0.750000, 1.700000, 1.748454
0.800000, 1.700000, 2.045515
0.850000, 1.700000, 2.251264
0.900000, 1.700000, 2.319122
0.950000, 1.700000, 2.247892
1.000000, 1.700000, 2.081821
1.050000, 1.700000, 1.893614
1.100000, 1.700000, 1.756877
1.150000, 1.700000, 1.718505
1.200000, 1.700000, 1.781538
1.250000, 1.700000, 1.904968
1.300000, 1.700000, 2.020534
1.350000, 1.700000, 2.060002
1.400000, 1.700000, 1.982445
1.450000, 1.700000, 1.791037
1.500000, 1.700000, 1.532867
1.550000, 1.700000, 1.281789
1.600000, 1.700000, 1.110814
1.650000, 1.700000, 1.064554
1.700000, 1.700000, 1.142221
1.750000, 1.700000, 1.297688
1.800000, 1.700000, 1.456595
1.850000, 1.700000, 1.544007
1.900000, 1.700000, 1.512099
1.950000, 1.700000, 1.357363
2.000000, 1.700000, 1.120814
0.000000, 1.750000, 0.082039
0.050000, 1.750000, 0.000477
0.100000, 1.750000, -0.007767
0.150000, 1.750000, 0.105054
0.200000, 1.750000, 0.341492
0.250000, 1.750000, 0.658750
0.300000, 1.750000, 0.985566
0.350000, 1.750000, 1.249680
0.400000, 1.750000, 1.405345
0.450000, 1.750000, 1.450407
0.500000, 1.750000, 1.426439
0.550000, 1.750000, 1.401913
0.600000, 1.750000, 1.444918
0.650000, 1.750000, 1.595888
0.700000, 1.750000, 1.850857
0.750000, 1.750000, 2.161700
0.800000, 1.750000, 2.453359
0.850000, 1.750000, 2.651535
0.900000, 1.750000, 2.710333
0.950000, 1.750000, 2.629349
1.000000, 1.750000, 2.453684
1.050000, 1.750000, 2.256903
1.100000, 1.750000, 2.113427
1.150000, 1.750000, 2.070868
1.200000, 1.750000, 2.132833
1.250000, 1.750000, 2.258699
1.300000, 1.750000, 2.380373
1.350000, 1.750000, 2.429558
1.400000, 1.750000, 2.365040
1.450000, 1.750000, 2.189489
1.500000, 1.750000, 1.949307
1.550000, 1.750000, 1.717518
1.600000, 1.750000, 1.566215
1.650000, 1.750000, 1.539057
1.700000, 1.750000, 1.634337
1.750000, 1.750000, 1.805096
1.800000, 1.750000, 1.976289
1.850000, 1.750000, 2.072485
1.900000, 1.750000, 2.045588
1.950000, 1.750000, 1.892060
2.000000, 1.750000, 1.653132
0.000000, 1.800000, 0.009310
0.050000, 1.800000, -0.061401
0.100000, 1.800000, -0.056660
0.150000, 1.800000, 0.070885
0.200000, 1.800000, 0.323286
0.250000, 1.800000, 0.657148
0.300000, 1.800000, 1.000555
0.350000, 1.800000, 1.280562
0.400000, 1.800000, 1.450750
0.450000, 1.800000, 1.508347
0.500000, 1.800000, 1.494396
0.550000, 1.800000, 1.476971
0.600000, 1.800000, 1.523922
0.650000, 1.800000, 1.675626
0.700000, 1.800000, 1.928253
0.750000, 1.800000, 2.234007
0.800000, 1.800000, 2.518338
0.850000, 1.800000, 2.707610
0.900000, 1.800000, 2.756709
0.950000, 1.800000, 2.666079
1.000000, 1.800000, 2.481693
1.050000, 1.800000, 2.277949
1.100000, 1.800000, 2.130007
1.150000, 1.800000, 2.086077
1.200000, 1.800000, 2.150178
1.250000, 1.800000, 2.281881
1.300000, 1.800000, 2.413052
1.350000, 1.800000, 2.475120
1.400000, 1.800000, 2.426370
1.450000, 1.800000, 2.268782
1.500000, 1.800000, 2.047915
1.550000, 1.800000, 1.835856
1.600000, 1.800000, 1.703726
1.650000, 1.800000, 1.694243
1.700000, 1.800000, 1.804851
1.750000, 1.800000, 1.987896
1.800000, 1.800000, 2.167835
1.850000, 1.800000, 2.268971
1.900000, 1.800000, 2.243197
1.950000, 1.800000, 2.087214
2.000000, 1.800000, 1.842727
0.000000, 1.850000, -0.323908
0.050000, 1.850000, -0.381749
0.100000, 1.850000, -0.362490
0.150000, 1.850000, -0.219250
0.200000, 1.850000, 0.049466
0.250000, 1.850000, 0.399650
0.300000, 1.850000, 0.758741
0.350000, 1.850000, 1.053151
0.400000, 1.850000, 1.235862
0.450000, 1.850000, 1.303581
0.500000, 1.850000, 1.296943
0.550000, 1.850000, 1.283765
0.600000, 1.850000, 1.331809
0.650000, 1.850000, 1.481552
0.700000, 1.850000, 1.729453
0.750000, 1.850000, 2.028188
0.800000, 1.850000, 2.303838
0.850000, 1.850000, 2.483526
0.900000, 1.850000, 2.522979
0.950000, 1.850000, 2.423514
1.000000, 1.850000, 2.231949
1.050000, 1.850000, 2.023448
1.100000, 1.850000, 1.873798
1.150000, 1.850000, 1.831655
1.200000, 1.850000, 1.901264
1.250000, 1.850000, 2.042185
1.300000, 1.850000, 2.186029
1.350000, 1.850000, 2.263736
1.400000, 1.850000, 2.232901
1.450000, 1.850000, 2.094653
1.500000, 1.850000, 1.893595
1.550000, 1.850000, 1.700822
1.600000, 1.850000, 1.586488
1.650000, 1.850000, 1.592441
1.700000, 1.850000, 1.715413
1.750000, 1.850000, 1.907242
1.800000, 1.850000, 2.092121
1.850000, 1.850000, 2.194353
1.900000, 1.850000, 2.166087
1.950000, 1.850000, 2.004525
2.000000, 1.850000, 1.752079
0.000000, 1.900000, -0.746559
0.050000, 1.900000, -0.790001
0.100000, 1.900000, -0.755265
0.150000, 1.900000, -0.595990
0.200000, 1.900000, -0.311250
0.250000, 1.900000, 0.054346
0.300000, 1.900000, 0.427636
0.350000, 1.900000, 0.734465
0.400000, 1.900000, 0.927313
0.450000, 1.900000, 1.002483
0.500000, 1.900000, 1.000344
0.550000, 1.900000, 0.988599
0.600000, 1.900000, 1.035073
0.650000, 1.900000, 1.180492
0.700000, 1.900000, 1.421741
0.750000, 1.900000, 1.712090
0.800000, 1.900000, 1.978346
0.850000, 1.900000, 2.148455
0.900000, 1.900000, 2.179008
0.950000, 1.900000, 2.072179
1.000000, 1.900000, 1.875570
1.050000, 1.900000, 1.665004
1.100000, 1.900000, 1.516750
1.150000, 1.900000, 1.479730
1.200000, 1.900000, 1.558215
1.250000, 1.900000, 1.711538
1.300000, 1.900000, 1.870841
1.350000, 1.900000, 1.966381
1.400000, 1.900000, 1.954898
1.450000, 1.900000, 1.836551
1.500000, 1.900000, 1.654926
1.550000, 1.900000, 1.480125
1.600000, 1.900000, 1.381405
1.650000, 1.900000, 1.399876
1.700000, 1.900000, 1.531747
1.750000, 1.900000, 1.728587
1.800000, 1.900000, 1.914590
1.850000, 1.900000, 2.014330
1.900000, 1.900000, 1.980480
1.950000, 1.900000, 1.810972
2.000000, 1.900000, 1.549106
0.000000, 1.950000, -1.048170
0.050000, 1.950000, -1.076261
0.100000, 1.950000, -1.025718
0.150000, 1.950000, -0.850710
0.200000, 1.950000, -0.550866
0.250000, 1.950000, -0.171346
0.300000, 1.950000, 0.214166
0.350000, 1.950000, 0.531045
0.400000, 1.950000, 0.731390
0.450000, 1.950000, 0.811234
0.500000, 1.950000, 0.810819
0.550000, 1.950000, 0.797881
0.600000, 1.950000, 0.840451
0.650000, 1.950000, 0.979634
0.700000, 1.950000, 1.212863
0.750000, 1.950000, 1.494090
0.800000, 1.950000, 1.750915
0.850000, 1.950000, 1.912131
0.900000, 1.950000, 1.935185
0.950000, 1.950000, 1.823050
1.000000, 1.950000, 1.624016
1.050000, 1.950000, 1.414426
1.100000, 1.950000, 1.270862
1.150000, 1.950000, 1.242312
1.200000, 1.950000, 1.332860
1.250000, 1.950000, 1.501399
1.300000, 1.950000, 1.678406
1.350000, 1.950000, 1.793283
1.400000, 1.950000, 1.801790
1.450000, 1.950000, 1.703047
1.500000, 1.950000, 1.539618
1.550000, 1.950000, 1.380674
1.600000, 1.950000, 1.294702
1.650000, 1.950000, 1.322267
1.700000, 1.950000, 1.459291
1.750000, 1.950000, 1.657339
1.800000, 1.950000, 1.840887
1.850000, 1.950000, 1.935048
1.900000, 1.950000, 1.893252
1.950000, 1.950000, 1.714346
2.000000, 1.950000, 1.442625
0.000000, 2.000000, -1.058751
0.050000, 2.000000, -1.071167
0.100000, 2.000000, -1.005131
0.150000, 2.000000, -0.815323
0.200000, 2.000000, -0.501871
0.250000, 2.000000, -0.110404
0.300000, 2.000000, 0.284971
0.350000, 2.000000, 0.609282
0.400000, 2.000000, 0.814375
0.450000, 2.000000, 0.896157
0.500000, 2.000000, 0.894880
0.550000, 2.000000, 0.878450
0.600000, 2.000000, 0.915232
0.650000, 2.000000, 1.046820
0.700000, 2.000000, 1.271282
0.750000, 2.000000, 1.543318
0.800000, 2.000000, 1.791346
0.850000, 2.000000, 1.945001
0.900000, 2.000000, 1.962536
0.950000, 2.000000, 1.847635
1.000000, 2.000000, 1.649147
1.050000, 2.000000, 1.443772
1.100000, 2.000000, 1.308212
1.150000, 2.000000, 1.291315
1.200000, 2.000000, 1.396765
1.250000, 2.000000, 1.582815
1.300000, 2.000000, 1.779101
1.350000, 2.000000, 1.914040
1.400000, 2.000000, 1.942333
1.450000, 2.000000, 1.862045
1.500000, 2.000000, 1.714774
1.550000, 2.000000, 1.568883
1.600000, 2.000000, 1.492278
1.650000, 2.000000, 1.525211
1.700000, 2.000000, 1.663589
1.750000, 2.000000, 1.859259
1.800000, 2.000000, 2.037247
1.850000, 2.000000, 2.123449
1.900000, 2.000000, 2.072233
1.950000, 2.000000, 1.883473
2.000000, 2.000000, 1.602487
