0.000000, 0.000000, -1.079377
0.050000, 0.000000, -0.292102
0.100000, 0.000000, 0.366994
0.150000, 0.000000, 0.765193
0.200000, 0.000000, 0.832439
0.250000, 0.000000, 0.575835
0.300000, 0.000000, 0.077069
0.350000, 0.000000, -0.526606
0.400000, 0.000000, -1.073630
0.450000, 0.000000, -1.414751
0.500000, 0.000000, -1.446924
0.550000, 0.000000, -1.137034
0.600000, 0.000000, -0.530218
0.650000, 0.000000, 0.259120
0.700000, 0.000000, 1.071662
0.750000, 0.000000, 1.737632
0.800000, 0.000000, 2.113860
0.850000, 0.000000, 2.115372
0.900000, 0.000000, 1.734589
0.950000, 0.000000, 1.043931
1.000000, 0.000000, 0.181183
1.050000, 0.000000, -0.679232
1.100000, 0.000000, -1.362888
1.150000, 0.000000, -1.732001
1.200000, 0.000000, -1.714151
1.250000, 0.000000, -1.316918
1.300000, 0.000000, -0.625275
1.350000, 0.000000, 0.217608
1.400000, 0.000000, 1.041955
1.450000, 0.000000, 1.688448
1.500000, 0.000000, 2.042681
1.550000, 0.000000, 2.059522
1.600000, 0.000000, 1.772080
1.650000, 0.000000, 1.283404
1.700000, 0.000000, 0.742746
1.750000, 0.000000, 0.311663
1.800000, 0.000000, 0.127410
1.850000, 0.000000, 0.271676
1.900000, 0.000000, 0.751562
1.950000, 0.000000, 1.497013
2.000000, 0.000000, 2.375311
0.000000, 0.050000, -1.167761
0.050000, 0.050000, -0.329669
0.100000, 0.050000, 0.377280
0.150000, 0.050000, 0.818575
0.200000, 0.050000, 0.922629
0.250000, 0.050000, 0.695360
0.300000, 0.050000, 0.217688
0.350000, 0.050000, -0.373451
0.400000, 0.050000, -0.916340
0.450000, 0.050000, -1.261106
0.500000, 0.050000, -1.303652
0.550000, 0.050000, -1.009443
0.600000, 0.050000, -0.421898
0.650000, 0.050000, 0.346491
0.700000, 0.050000, 1.138411
0.750000, 0.050000, 1.786073
0.800000, 0.050000, 2.148165
0.850000, 0.050000, 2.141342
0.900000, 0.050000, 1.759331
0.950000, 0.050000, 1.075463
1.000000, 0.050000, 0.227993
1.050000, 0.050000, -0.608656
1.100000, 0.050000, -1.260529
1.150000, 0.050000, -1.590755
1.200000, 0.050000, -1.528225
1.250000, 0.050000, -1.082143
1.300000, 0.050000, -0.339346
1.350000, 0.050000, 0.555011
1.400000, 0.050000, 1.429143
1.450000, 0.050000, 2.121818
1.500000, 0.050000, 2.516915
1.550000, 0.050000, 2.567876
1.600000, 0.050000, 2.306760
1.650000, 0.050000, 1.835992
1.700000, 0.050000, 1.304665
1.750000, 0.050000, 0.874653
1.800000, 0.050000, 0.683978
1.850000, 0.050000, 0.815511
1.900000, 0.050000, 1.277885
1.950000, 0.050000, 2.002834
2.000000, 0.050000, 2.859598
0.000000, 0.100000, -1.182857
0.050000, 0.100000, -0.296912
0.100000, 0.100000, 0.453130
0.150000, 0.100000, 0.931222
0.200000, 0.100000, 1.064589
0.250000, 0.100000, 0.858376
0.300000, 0.100000, 0.393182
0.350000, 0.100000, -0.193903
0.400000, 0.100000, -0.740546
0.450000, 0.100000, -1.095826
0.500000, 0.100000, -1.154228
0.550000, 0.100000, -0.879507
0.600000, 0.100000, -0.313172
0.650000, 0.100000, 0.434287
0.700000, 0.100000, 1.207539
0.750000, 0.100000, 1.840650
0.800000, 0.100000, 2.193932
0.850000, 0.100000, 2.185341
0.900000, 0.100000, 1.809513
0.950000, 0.100000, 1.140246
1.000000, 0.100000, 0.315790
1.050000, 0.100000, -0.489908
1.100000, 0.100000, -1.103809
1.150000, 0.100000, -1.390356
1.200000, 0.100000, -1.280069
1.250000, 0.100000, -0.784019
1.300000, 0.100000, 0.008969
1.350000, 0.100000, 0.951725
1.400000, 0.100000, 1.870550
1.450000, 0.100000, 2.602489
1.500000, 0.100000, 3.029995
1.550000, 0.100000, 3.105453
1.600000, 0.100000, 2.860299
1.650000, 0.100000, 2.396793
1.700000, 0.100000, 1.864341
1.750000, 0.100000, 1.425581
1.800000, 0.100000, 1.219716
1.850000, 0.100000, 1.331141
1.900000, 0.100000, 1.770279
1.950000, 0.100000, 2.470818
2.000000, 0.100000, 3.304006
0.000000, 0.150000, -1.129080
0.050000, 0.150000, -0.200039
0.100000, 0.150000, 0.586800
0.150000, 0.150000, 1.094194
0.200000, 0.150000, 1.248586
0.250000, 0.150000, 1.054792
0.300000, 0.150000, 0.593556
0.350000, 0.150000, 0.002579
0.400000, 0.150000, -0.554769
0.450000, 0.150000, -0.926155
0.500000, 0.150000, -1.004363
0.550000, 0.150000, -0.751244
0.600000, 0.150000, -0.206316
0.650000, 0.150000, 0.521908
0.700000, 0.150000, 1.279943
0.750000, 0.150000, 1.903472
0.800000, 0.150000, 2.254102
0.850000, 0.150000, 2.250689
0.900000, 0.150000, 1.888329
0.950000, 0.150000, 1.240807
1.000000, 0.150000, 0.445892
1.050000, 0.150000, -0.323392
1.100000, 0.150000, -0.895326
1.150000, 0.150000, -1.135991
1.200000, 0.150000, -0.977778
1.250000, 0.150000, -0.433753
1.300000, 0.150000, 0.405238
1.350000, 0.150000, 1.390104
1.400000, 0.150000, 2.345420
1.450000, 0.150000, 3.106798
1.500000, 0.150000, 3.555630
1.550000, 0.150000, 3.643671
1.600000, 0.150000, 3.402188
1.650000, 0.150000, 2.933749
1.700000, 0.150000, 2.388521
1.750000, 0.150000, 1.930316
1.800000, 0.150000, 1.699860
1.850000, 0.150000, 1.783334
1.900000, 0.150000, 2.193108
1.950000, 0.150000, 2.864878
2.000000, 0.150000, 3.671840
0.000000, 0.200000, -1.013567
0.050000, 0.200000, -0.047719
0.100000, 0.200000, 0.768433
0.150000, 0.200000, 1.296852
0.200000, 0.200000, 1.463639
0.250000, 0.200000, 1.273745
0.300000, 0.200000, 0.808510
0.350000, 0.200000, 0.206661
0.400000, 0.200000, -0.367032
0.450000, 0.200000, -0.758545
0.500000, 0.200000, -0.858772
0.550000, 0.200000, -0.627581
0.600000, 0.200000, -0.102526
0.650000, 0.200000, 0.609715
0.700000, 0.200000, 1.357264
0.750000, 0.200000, 1.977088
0.800000, 0.200000, 2.331686
0.850000, 0.200000, 2.340363
0.900000, 0.200000, 1.998194
0.950000, 0.200000, 1.378474
1.000000, 0.200000, 0.618039
1.050000, 0.200000, -0.111414
1.100000, 0.200000, -0.639813
1.150000, 0.200000, -0.835114
1.200000, 0.200000, -0.631713
1.250000, 0.200000, -0.044701
1.300000, 0.200000, 0.833149
1.350000, 0.200000, 1.851014
1.400000, 0.200000, 2.832031
1.450000, 0.200000, 3.610748
1.500000, 0.200000, 4.067922
1.550000, 0.200000, 4.155138
1.600000, 0.200000, 3.903967
1.650000, 0.200000, 3.417737
1.700000, 0.200000, 2.847787
1.750000, 0.200000, 2.359452
1.800000, 0.200000, 2.095242
1.850000, 0.200000, 2.143289
1.900000, 0.200000, 2.517970
1.950000, 0.200000, 3.156931
2.000000, 0.200000, 3.935158
0.000000, 0.250000, -0.845857
0.050000, 0.250000, 0.149327
0.100000, 0.250000, 0.986535
0.150000, 0.250000, 1.527372
0.200000, 0.250000, 1.698059
0.250000, 0.250000, 1.504126
0.300000, 0.250000, 1.027924
0.350000, 0.250000, 0.409563
0.400000, 0.250000, -0.184509
0.450000, 0.250000, -0.598397
0.500000, 0.250000, -0.721022
0.550000, 0.250000, -0.510307
0.600000, 0.250000, -0.001980
0.650000, 0.250000, 0.698873
0.700000, 0.250000, 1.441646
0.750000, 0.250000, 2.064185
0.800000, 0.250000, 2.429427
0.850000, 0.250000, 2.456646
0.900000, 0.250000, 2.140417
0.950000, 0.250000, 1.553094
1.000000, 0.250000, 0.830176
1.050000, 0.250000, 0.141710
1.100000, 0.250000, -0.344116
1.150000, 0.250000, -0.497270
1.200000, 0.250000, -0.254173
1.250000, 0.250000, 0.368150
1.300000, 0.250000, 1.275194
1.350000, 0.250000, 2.314696
1.400000, 0.250000, 3.308729
1.450000, 0.250000, 4.091208
1.500000, 0.250000, 4.542721
1.550000, 0.250000, 4.615160
1.600000, 0.250000, 4.340861
1.650000, 0.250000, 3.824329
1.700000, 0.250000, 3.218434
1.750000, 0.250000, 2.690303
1.800000, 0.250000, 2.384403
1.850000, 0.250000, 2.390886
1.900000, 0.250000, 2.726089
1.950000, 0.250000, 3.329461
2.000000, 0.250000, 4.077528
0.000000, 0.300000, -0.637461
0.050000, 0.300000, 0.378818
0.100000, 0.300000, 1.228503
0.150000, 0.300000, 1.773299
0.200000, 0.300000, 1.939987
0.250000, 0.300000, 1.735087
0.300000, 0.300000, 1.242313
0.350000, 0.300000, 0.603435
0.400000, 0.300000, -0.013247
0.450000, 0.300000, -0.449885
0.500000, 0.300000, -0.593469
0.550000, 0.300000, -0.400115
0.600000, 0.300000, 0.096026
0.650000, 0.300000, 0.791125
0.700000, 0.300000, 1.535442
0.750000, 0.300000, 2.167250
0.800000, 0.300000, 2.549443
0.850000, 0.300000, 2.600784
0.900000, 0.300000, 2.314900
0.950000, 0.300000, 1.762802
1.000000, 0.300000, 1.078333
1.050000, 0.300000, 0.429650
1.100000, 0.300000, -0.017070
1.150000, 0.300000, -0.133820
1.200000, 0.300000, 0.141043
1.250000, 0.300000, 0.788768
1.300000, 0.300000, 1.713413
1.350000, 0.300000, 2.761659
1.400000, 0.300000, 3.754952
1.450000, 0.300000, 4.527049
1.500000, 0.300000, 4.958859
1.550000, 0.300000, 5.003050
1.600000, 0.300000, 4.693152
1.650000, 0.300000, 4.135216
1.700000, 0.300000, 3.483924
1.750000, 0.300000, 2.908382
1.800000, 0.300000, 2.555096
1.850000, 0.300000, 2.516203
1.900000, 0.300000, 2.809869
1.950000, 0.300000, 3.377108
2.000000, 0.300000, 4.095669
0.000000, 0.350000, -0.401349
0.050000, 0.350000, 0.627465
0.100000, 0.350000, 1.481204
0.150000, 0.350000, 2.022109
0.200000, 0.350000, 2.177925
0.250000, 0.350000, 1.956513
0.300000, 0.350000, 1.443221
0.350000, 0.350000, 0.781651
0.400000, 0.350000, 0.142032
0.450000, 0.350000, -0.315875
0.500000, 0.350000, -0.477277
0.550000, 0.350000, -0.296728
0.600000, 0.350000, 0.192860
0.650000, 0.350000, 0.888510
0.700000, 0.350000, 1.640894
0.750000, 0.350000, 2.288230
0.800000, 0.350000, 2.692895
0.850000, 0.350000, 2.772695
0.900000, 0.350000, 2.519909
0.950000, 0.350000, 2.003888
1.000000, 0.350000, 1.356587
1.050000, 0.350000, 0.744153
1.100000, 0.350000, 0.330742
1.150000, 0.350000, 0.242433
1.200000, 0.350000, 0.539153
1.250000, 0.350000, 1.200725
1.300000, 0.350000, 2.130167
1.350000, 0.350000, 3.173549
1.400000, 0.350000, 4.152182
1.450000, 0.350000, 4.900161
1.500000, 0.350000, 5.299198
1.550000, 0.350000, 5.303183
1.600000, 0.350000, 4.947220
1.650000, 0.350000, 4.339204
1.700000, 0.350000, 3.635826
1.750000, 0.350000, 3.008268
1.800000, 0.350000, 2.605059
1.850000, 0.350000, 2.520200
1.900000, 0.350000, 2.773463
1.950000, 0.350000, 3.307127
2.000000, 0.350000, 3.999798
0.000000, 0.400000, -0.151381
0.050000, 0.400000, 0.881568
0.100000, 0.400000, 1.731554
0.150000, 0.400000, 2.261753
0.200000, 0.400000, 2.401224
0.250000, 0.400000, 2.159432
0.300000, 0.400000, 1.623531
0.350000, 0.400000, 0.939025
0.400000, 0.400000, 0.278028
0.450000, 0.400000, -0.197935
0.500000, 0.400000, -0.372532
0.550000, 0.400000, -0.199098
0.600000, 0.400000, 0.290289
0.650000, 0.400000, 0.993050
0.700000, 0.400000, 1.759792
0.750000, 0.400000, 2.428204
0.800000, 0.400000, 2.859698
0.850000, 0.400000, 2.970733
0.900000, 0.400000, 2.751927
0.950000, 0.400000, 2.270745
1.000000, 0.400000, 1.657141
1.050000, 0.400000, 1.075249
1.100000, 0.400000, 0.687312
1.150000, 0.400000, 0.617710
1.200000, 0.400000, 0.924964
1.250000, 0.400000, 1.587880
1.300000, 0.400000, 2.508894
1.350000, 0.400000, 3.533969
1.400000, 0.400000, 4.484788
1.450000, 0.400000, 5.196286
1.500000, 0.400000, 5.551433
1.550000, 0.400000, 5.505735
1.600000, 0.400000, 5.096182
1.650000, 0.400000, 4.432725
1.700000, 0.400000, 3.674178
1.750000, 0.400000, 2.993791
1.800000, 0.400000, 2.542008
1.850000, 0.400000, 2.414487
1.900000, 0.400000, 2.632314
1.950000, 0.400000, 3.138674
2.000000, 0.400000, 3.812625
0.000000, 0.450000, 0.098297
0.050000, 0.450000, 1.127602
0.100000, 0.450000, 1.967073
0.150000, 0.450000, 2.481166
0.200000, 0.450000, 2.600510
0.250000, 0.450000, 2.336344
0.300000, 0.450000, 1.777693
0.350000, 0.450000, 1.071916
0.400000, 0.450000, 0.392865
0.450000, 0.450000, -0.096427
0.500000, 0.450000, -0.278430
0.550000, 0.450000, -0.105663
0.600000, 0.450000, 0.390175
0.650000, 0.450000, 1.106425
0.700000, 0.450000, 1.893156
0.750000, 0.450000, 2.587089
0.800000, 0.450000, 3.048284
0.850000, 0.450000, 3.191541
0.900000, 0.450000, 3.005600
0.950000, 0.450000, 2.555937
1.000000, 0.450000, 1.970506
1.050000, 0.450000, 1.411553
1.100000, 0.450000, 1.039641
1.150000, 0.450000, 0.977775
1.200000, 0.450000, 1.283493
1.250000, 0.450000, 1.935054
1.300000, 0.450000, 2.834826
1.350000, 0.450000, 3.829190
1.400000, 0.450000, 4.740713
1.450000, 0.450000, 5.405640
1.500000, 0.450000, 5.708606
1.550000, 0.450000, 5.607057
1.600000, 0.450000, 5.140095
1.650000, 0.450000, 4.419847
1.700000, 0.450000, 3.607254
1.750000, 0.450000, 2.877537
1.800000, 0.450000, 2.382852
1.850000, 0.450000, 2.220223
1.900000, 0.450000, 2.411698
1.950000, 0.450000, 2.900965
2.000000, 0.450000, 3.567117
0.000000, 0.500000, 0.333860
0.050000, 0.500000, 1.352791
0.100000, 0.500000, 2.176406
0.150000, 0.500000, 2.670693
0.200000, 0.500000, 2.768018
0.250000, 0.500000, 2.481453
0.300000, 0.500000, 1.901844
0.350000, 0.500000, 1.178249
0.400000, 0.500000, 0.486002
0.450000, 0.500000, -0.010695
0.500000, 0.500000, -0.193522
0.550000, 0.500000, -0.014642
0.600000, 0.500000, 0.494152
0.650000, 0.500000, 1.229652
0.700000, 0.500000, 2.040950
0.750000, 0.500000, 2.763413
0.800000, 0.500000, 3.255448
0.850000, 0.500000, 3.429985
0.900000, 0.500000, 3.273790
0.950000, 0.500000, 2.850360
1.000000, 0.500000, 2.285785
1.050000, 0.500000, 1.740662
1.100000, 0.500000, 1.374219
1.150000, 0.500000, 1.308515
1.200000, 0.500000, 1.600586
1.250000, 0.500000, 2.228675
1.300000, 0.500000, 3.095619
1.350000, 0.500000, 4.048740
1.400000, 0.500000, 4.911972
1.450000, 0.500000, 5.523285
1.500000, 0.500000, 5.769316
1.550000, 0.500000, 5.609685
1.600000, 0.500000, 5.085730
1.650000, 0.500000, 4.311766
1.700000, 0.500000, 3.450762
1.750000, 0.500000, 2.679707
1.800000, 0.500000, 2.152179
1.850000, 0.500000, 1.966210
1.900000, 0.500000, 2.144395
1.950000, 0.500000, 2.630494
2.000000, 0.500000, 3.303200
0.000000, 0.550000, 0.542381
0.050000, 0.550000, 1.545632
0.100000, 0.550000, 2.349759
0.150000, 0.550000, 2.822443
0.200000, 0.550000, 2.897840
0.250000, 0.550000, 2.590800
0.300000, 0.550000, 1.993830
0.350000, 0.550000, 1.257430
0.400000, 0.550000, 0.558068
0.450000, 0.550000, 0.060703
0.500000, 0.550000, -0.116011
0.550000, 0.550000, 0.075647
0.600000, 0.550000, 0.603317
0.650000, 0.550000, 1.362804
0.700000, 0.550000, 2.201846
0.750000, 0.550000, 2.954157
0.800000, 0.550000, 3.476288
0.850000, 0.550000, 3.679209
0.900000, 0.550000, 3.547731
0.950000, 0.550000, 3.143518
1.000000, 0.550000, 2.591048
1.050000, 0.550000, 2.049625
1.100000, 0.550000, 1.677577
1.150000, 0.550000, 1.596518
1.200000, 0.550000, 1.863522
1.250000, 0.550000, 2.457362
1.300000, 0.550000, 3.281880
1.350000, 0.550000, 4.185829
1.400000, 0.550000, 4.994936
1.450000, 0.550000, 5.549239
1.500000, 0.550000, 5.737614
1.550000, 0.550000, 5.521978
1.600000, 0.550000, 4.945919
1.650000, 0.550000, 4.125837
1.700000, 0.550000, 3.226519
1.750000, 0.550000, 2.426420
1.800000, 0.550000, 1.880162
1.850000, 0.550000, 1.686357
1.900000, 0.550000, 1.867690
1.950000, 0.550000, 2.367533
2.000000, 0.550000, 3.063741
0.000000, 0.600000, 0.712356
0.050000, 0.600000, 1.696335
0.100000, 0.600000, 2.479253
0.150000, 0.600000, 2.930531
0.200000, 0.600000, 2.986054
0.250000, 0.600000, 2.662287
0.300000, 0.600000, 2.053130
0.350000, 0.600000, 1.310177
0.400000, 0.600000, 0.610614
0.450000, 0.600000, 0.119700
0.500000, 0.600000, -0.044057
0.550000, 0.600000, 0.166476
0.600000, 0.600000, 0.717939
0.650000, 0.600000, 1.504776
0.700000, 0.600000, 2.373072
0.750000, 0.600000, 3.154694
0.800000, 0.600000, 3.704249
0.850000, 0.600000, 3.930779
0.900000, 0.600000, 3.817295
0.950000, 0.600000, 3.423889
1.000000, 0.600000, 2.873794
1.050000, 0.600000, 2.325467
1.100000, 0.600000, 1.936850
1.150000, 0.600000, 1.829658
1.200000, 0.600000, 2.061564
1.250000, 0.600000, 2.612413
1.300000, 0.600000, 3.387551
1.350000, 0.600000, 4.237592
1.400000, 0.600000, 4.990401
1.450000, 0.600000, 5.488318
1.500000, 0.600000, 5.622582
1.550000, 0.600000, 5.357415
1.600000, 0.600000, 4.738539
1.650000, 0.600000, 3.884212
1.700000, 0.600000, 2.960720
1.750000, 0.600000, 2.147583
1.800000, 0.600000, 1.600014
1.850000, 0.600000, 1.416711
1.900000, 0.600000, 1.619956
1.950000, 0.600000, 2.152253
2.000000, 0.600000, 2.890183
0.000000, 0.650000, 0.834150
0.050000, 0.650000, 1.797180
0.100000, 0.650000, 2.559167
0.150000, 0.650000, 2.991210
0.200000, 0.650000, 3.030751
0.250000, 0.650000, 2.695595
0.300000, 0.650000, 2.080684
0.350000, 0.650000, 1.338282
0.400000, 0.650000, 0.645830
0.450000, 0.650000, 0.168406
0.500000, 0.650000, 0.023898
0.550000, 0.650000, 0.258419
0.600000, 0.650000, 0.837231
0.650000, 0.650000, 1.653124
0.700000, 0.650000, 2.550339
0.750000, 0.650000, 3.358817
0.800000, 0.650000, 3.931259
0.850000, 0.650000, 4.174943
0.900000, 0.650000, 4.071348
0.950000, 0.650000, 3.679372
1.000000, 0.650000, 3.121460
1.050000, 0.650000, 2.555746
1.100000, 0.650000, 2.140342
1.150000, 0.650000, 1.997633
1.200000, 0.650000, 2.186439
1.250000, 0.650000, 2.688183
1.300000, 0.650000, 3.410144
1.350000, 0.650000, 4.205144
1.400000, 0.650000, 4.903415
1.450000, 0.650000, 5.349719
1.500000, 0.650000, 5.437649
1.550000, 0.650000, 5.133600
1.600000, 0.650000, 4.485181
1.650000, 0.650000, 3.612166
1.700000, 0.650000, 2.681907
1.750000, 0.650000, 1.874502
1.800000, 0.650000, 1.345220
1.850000, 0.650000, 1.192312
1.900000, 0.650000, 1.437128
1.950000, 0.650000, 2.020820
2.000000, 0.650000, 2.818264
0.000000, 0.700000, 0.900343
0.050000, 0.700000, 1.842751
0.100000, 0.700000, 2.586071
0.150000, 0.700000, 3.002897
0.200000, 0.700000, 3.031952
0.250000, 0.700000, 2.692019
0.300000, 0.700000, 2.078653
0.350000, 0.700000, 1.344318
0.400000, 0.700000, 0.666223
0.450000, 0.700000, 0.208789
0.500000, 0.700000, 0.088847
0.550000, 0.700000, 0.351112
0.600000, 0.700000, 0.959179
0.650000, 0.700000, 1.803991
0.700000, 0.700000, 2.727873
0.750000, 0.700000, 3.558883
0.800000, 0.700000, 4.147988
0.850000, 0.700000, 4.400977
0.900000, 0.700000, 4.298187
0.950000, 0.700000, 3.897789
1.000000, 0.700000, 3.321970
1.050000, 0.700000, 2.729109
1.100000, 0.700000, 2.278062
1.150000, 0.700000, 2.092439
1.200000, 0.700000, 2.232713
1.250000, 0.700000, 2.682318
1.300000, 0.700000, 3.350808
1.350000, 0.700000, 4.093437
1.400000, 0.700000, 4.742909
1.450000, 0.700000, 5.146385
1.500000, 0.700000, 5.199658
1.550000, 0.700000, 4.871028
1.600000, 0.700000, 4.209616
1.650000, 0.700000, 3.336243
1.700000, 0.700000, 2.418801
1.750000, 0.700000, 1.637389
1.800000, 0.700000, 1.146752
1.850000, 0.700000, 1.044114
1.900000, 0.700000, 1.349360
1.950000, 0.700000, 2.001805
2.000000, 0.700000, 2.874222
0.000000, 0.750000, 0.905966
0.050000, 0.750000, 1.830066
0.100000, 0.750000, 2.558835
0.150000, 0.750000, 2.966079
0.200000, 0.750000, 2.991429
0.250000, 0.750000, 2.654212
0.300000, 0.750000, 2.050114
0.350000, 0.750000, 1.331308
0.400000, 0.750000, 0.674289
0.450000, 0.750000, 0.242374
0.500000, 0.750000, 0.150964
0.550000, 0.750000, 0.443077
0.600000, 0.750000, 1.080454
0.650000, 0.750000, 1.952122
0.700000, 0.750000, 2.898536
0.750000, 0.750000, 3.746047
0.800000, 0.750000, 4.344175
0.850000, 0.750000, 4.597615
0.900000, 0.750000, 4.486040
0.950000, 0.750000, 4.067430
1.000000, 0.750000, 3.464292
1.050000, 0.750000, 2.835828
1.100000, 0.750000, 2.342201
1.150000, 0.750000, 2.108753
1.200000, 0.750000, 2.198044
1.250000, 0.750000, 2.595852
1.300000, 0.750000, 3.214222
1.350000, 0.750000, 3.910933
1.400000, 0.750000, 4.521120
1.450000, 0.750000, 4.894163
1.500000, 0.750000, 4.927762
1.550000, 0.750000, 4.591709
1.600000, 0.750000, 3.936134
1.650000, 0.750000, 3.082336
1.700000, 0.750000, 2.198126
1.750000, 0.750000, 1.462974
1.800000, 0.750000, 1.030476
1.850000, 0.750000, 0.996243
1.900000, 0.750000, 1.378165
1.950000, 0.750000, 2.113273
2.000000, 0.750000, 3.071881
0.000000, 0.800000, 0.848610
0.050000, 0.800000, 1.758575
0.100000, 0.800000, 2.478533
0.150000, 0.800000, 2.883124
0.200000, 0.800000, 2.912443
0.250000, 0.800000, 2.585870
0.300000, 0.800000, 1.998722
0.350000, 0.800000, 1.302388
0.400000, 0.800000, 0.672199
0.450000, 0.800000, 0.269985
0.500000, 0.800000, 0.209414
0.550000, 0.800000, 0.531623
0.600000, 0.800000, 1.196425
0.650000, 0.800000, 2.090980
0.700000, 0.800000, 3.054057
0.750000, 0.800000, 3.910590
0.800000, 0.800000, 4.509055
0.850000, 0.800000, 4.753540
0.900000, 0.800000, 4.623597
0.950000, 0.800000, 4.177601
1.000000, 0.800000, 3.538966
1.050000, 0.800000, 2.868282
1.100000, 0.800000, 2.327528
1.150000, 0.800000, 2.044211
1.200000, 0.800000, 2.083304
1.250000, 0.800000, 2.433138
1.300000, 0.800000, 3.008327
1.350000, 0.800000, 3.669110
1.400000, 0.800000, 4.252853
1.450000, 0.800000, 4.610831
1.500000, 0.800000, 4.642201
1.550000, 0.800000, 4.317710
1.600000, 0.800000, 3.687880
1.650000, 0.800000, 2.873828
1.700000, 0.800000, 2.042606
1.750000, 0.800000, 1.372384
1.800000, 0.800000, 1.014976
1.850000, 0.800000, 1.063812
1.900000, 0.800000, 1.534299
1.950000, 0.800000, 2.360801
2.000000, 0.800000, 3.410891
0.000000, 0.850000, 0.728416
0.050000, 0.850000, 1.630045
0.100000, 0.850000, 2.348236
0.150000, 0.850000, 2.758006
0.200000, 0.850000, 2.799414
0.250000, 0.850000, 2.491383
0.300000, 0.850000, 1.928358
0.350000, 0.850000, 1.260482
0.400000, 0.850000, 0.661529
0.450000, 0.850000, 0.291537
0.500000, 0.850000, 0.262246
0.550000, 0.850000, 0.612838
0.600000, 0.850000, 1.301249
0.650000, 0.850000, 2.212958
0.700000, 0.850000, 3.185340
0.750000, 0.850000, 4.042325
0.800000, 0.850000, 4.631835
0.850000, 0.850000, 4.857904
0.900000, 0.850000, 4.700557
0.950000, 0.850000, 4.219158
1.000000, 0.850000, 3.538596
1.050000, 0.850000, 2.821363
1.100000, 0.850000, 2.231684
1.150000, 0.850000, 1.899552
1.200000, 0.850000, 1.892555
1.250000, 0.850000, 2.201638
1.300000, 0.850000, 2.743900
1.350000, 0.850000, 3.381817
1.400000, 0.850000, 3.954629
1.450000, 0.850000, 4.315024
1.500000, 0.850000, 4.363041
1.550000, 0.850000, 4.069722
1.600000, 0.850000, 3.485284
1.650000, 0.850000, 2.729933
1.700000, 0.850000, 1.969254
1.750000, 0.850000, 1.379448
1.800000, 0.850000, 1.109942
1.850000, 0.850000, 1.251473
1.900000, 0.850000, 1.816561
1.950000, 0.850000, 2.736616
2.000000, 0.850000, 3.876321
0.000000, 0.900000, 0.547943
0.050000, 0.900000, 1.448344
0.100000, 0.900000, 2.172718
0.150000, 0.900000, 2.595955
0.200000, 0.900000, 2.657555
0.250000, 0.900000, 2.375464
0.300000, 0.900000, 1.842783
0.350000, 0.900000, 1.208006
0.400000, 0.900000, 0.643032
0.450000, 0.900000, 0.305906
0.500000, 0.900000, 0.306361
0.550000, 0.900000, 0.681670
0.600000, 0.900000, 1.388075
0.650000, 0.900000, 2.309672
0.700000, 0.900000, 3.282860
0.750000, 0.900000, 4.131059
0.800000, 0.900000, 4.702200
0.850000, 0.900000, 4.900866
0.900000, 0.900000, 4.708152
0.950000, 0.900000, 4.184989
1.000000, 0.900000, 3.458256
1.050000, 0.900000, 2.692778
1.100000, 0.900000, 2.055346
1.150000, 0.900000, 1.678631
1.200000, 0.900000, 1.632883
1.250000, 0.900000, 1.911558
1.300000, 0.900000, 2.433998
1.350000, 0.900000, 3.064526
1.400000, 0.900000, 3.643744
1.450000, 0.900000, 4.025140
1.500000, 0.900000, 4.108939
1.550000, 0.900000, 3.865737
1.600000, 0.900000, 3.344682
1.650000, 0.900000, 2.664327
1.700000, 0.900000, 1.988087
1.750000, 0.900000, 1.489562
1.800000, 0.900000, 1.315269
1.850000, 0.900000, 1.552839
1.900000, 0.900000, 2.211628
1.950000, 0.900000, 3.219963
2.000000, 0.900000, 4.439644
0.000000, 0.950000, 0.311928
0.050000, 0.950000, 1.219119
0.100000, 0.950000, 1.958093
0.150000, 0.950000, 2.403076
0.200000, 0.950000, 2.492478
0.250000, 0.950000, 2.242783
0.300000, 0.950000, 1.745328
0.350000, 0.950000, 1.146627
0.400000, 0.950000, 0.616493
0.450000, 0.950000, 0.310885
0.500000, 0.950000, 0.337573
0.550000, 0.950000, 0.732099
0.600000, 0.950000, 1.449312
0.650000, 0.950000, 2.372339
0.700000, 0.950000, 3.337104
0.750000, 0.950000, 4.167092
0.800000, 0.950000, 4.710847
0.850000, 0.950000, 4.874110
0.900000, 0.950000, 4.639632
0.950000, 0.950000, 4.070429
1.000000, 0.950000, 3.295807
1.050000, 0.950000, 2.483241
1.100000, 0.950000, 1.802272
1.150000, 0.950000, 1.388289
1.200000, 0.950000, 1.314087
1.250000, 0.950000, 1.575367
1.300000, 0.950000, 2.093296
1.350000, 0.950000, 2.733505
1.400000, 0.950000, 3.337309
1.450000, 0.950000, 3.758267
1.500000, 0.950000, 3.896012
1.550000, 0.950000, 3.719899
1.600000, 0.950000, 3.277230
1.650000, 0.950000, 2.684178
1.700000, 0.950000, 2.101342
1.750000, 0.950000, 1.699192
1.800000, 0.950000, 1.620924
1.850000, 0.950000, 1.950813
1.900000, 0.950000, 2.694953
1.950000, 0.950000, 3.778647
2.000000, 0.950000, 5.061041
0.000000, 1.000000, 0.026949
0.050000, 1.000000, 0.949418
0.100000, 1.000000, 1.711406
0.150000, 1.000000, 2.185930
0.200000, 1.000000, 2.309811
0.250000, 1.000000, 2.097634
0.300000, 1.000000, 1.638628
0.350000, 1.000000, 1.077095
0.400000, 1.000000, 0.580658
0.450000, 1.000000, 0.303224
0.500000, 1.000000, 0.350767
0.550000, 1.000000, 0.757399
0.600000, 1.000000, 1.476986
0.650000, 1.000000, 2.392196
0.700000, 1.000000, 3.339055
0.750000, 1.000000, 4.141723
0.800000, 1.000000, 4.649982
0.850000, 1.000000, 4.771317
0.900000, 1.000000, 4.490668
0.950000, 1.000000, 3.873576
1.000000, 1.000000, 3.052092
1.050000, 1.000000, 2.196526
1.100000, 1.000000, 1.479201
1.150000, 1.000000, 1.038092
1.200000, 1.000000, 0.948255
1.250000, 1.000000, 1.207199
1.300000, 1.000000, 1.737349
1.350000, 1.000000, 2.404964
1.400000, 1.000000, 3.051312
1.450000, 1.000000, 3.529211
1.500000, 1.000000, 3.736877
1.550000, 1.000000, 3.641623
1.600000, 1.000000, 3.288159
1.650000, 1.000000, 2.789626
1.700000, 1.000000, 2.303272
1.750000, 1.000000, 1.996048
1.800000, 1.000000, 2.007610
1.850000, 1.000000, 2.418818
1.900000, 1.000000, 3.232639
1.950000, 1.000000, 4.371656
2.000000, 1.000000, 5.692825
0.000000, 1.050000, -0.298981
0.050000, 1.050000, 0.647254
0.100000, 1.050000, 1.440193
0.150000, 1.050000, 1.951131
0.200000, 1.050000, 2.114842
0.250000, 1.050000, 1.943653
0.300000, 1.050000, 1.524430
0.350000, 1.050000, 0.999146
0.400000, 1.050000, 0.533250
0.450000, 1.050000, 0.278755
0.500000, 1.050000, 0.340129
0.550000, 1.050000, 0.750460
0.600000, 1.050000, 1.463143
0.650000, 1.050000, 2.360966
0.700000, 1.050000, 3.280678
0.750000, 1.050000, 4.047743
0.800000, 1.050000, 4.513782
0.850000, 1.050000, 4.588569
0.900000, 1.050000, 4.259675
0.950000, 1.050000, 3.595495
1.000000, 1.050000, 2.731011
1.050000, 1.050000, 1.839395
1.100000, 1.050000, 1.095616
1.150000, 1.050000, 0.639938
1.200000, 1.050000, 0.549219
1.250000, 1.050000, 0.822188
1.300000, 1.050000, 1.381820
1.350000, 1.050000, 2.094213
1.400000, 1.050000, 2.799750
1.450000, 1.050000, 3.349656
1.500000, 1.050000, 3.639907
1.550000, 1.050000, 3.635012
1.600000, 1.050000, 3.376433
1.650000, 1.050000, 2.973753
1.700000, 1.050000, 2.580506
1.750000, 1.050000, 2.359934
1.800000, 1.050000, 2.448155
1.850000, 1.050000, 2.922821
1.900000, 1.050000, 3.784158
1.950000, 1.050000, 4.952604
2.000000, 1.050000, 6.283658
0.000000, 1.100000, -0.656873
0.050000, 1.100000, 0.321145
0.100000, 1.100000, 1.152056
0.150000, 1.100000, 1.704961
0.200000, 1.100000, 1.912208
0.250000, 1.100000, 1.783591
0.300000, 1.100000, 1.403474
0.350000, 1.100000, 0.911499
0.400000, 1.100000, 0.471078
0.450000, 1.100000, 0.232607
0.500000, 1.100000, 0.299450
0.550000, 1.100000, 0.704177
0.600000, 1.100000, 1.400291
0.650000, 1.100000, 2.271327
0.700000, 1.100000, 3.155395
0.750000, 1.100000, 3.879881
0.800000, 1.100000, 4.298793
0.850000, 1.100000, 4.324654
0.900000, 1.100000, 3.948006
0.950000, 1.100000, 3.240290
1.000000, 1.100000, 2.339450
1.050000, 1.100000, 1.421380
1.100000, 1.100000, 0.663388
1.150000, 1.100000, 0.207556
1.200000, 1.100000, 0.131939
1.250000, 1.100000, 0.435752
1.300000, 1.100000, 1.041708
1.350000, 1.100000, 1.814880
1.400000, 1.100000, 2.593888
1.450000, 1.100000, 3.227523
1.500000, 1.100000, 3.608750
1.550000, 1.100000, 3.698618
1.600000, 1.100000, 3.534823
1.650000, 1.100000, 3.223048
1.700000, 1.100000, 2.912970
1.750000, 1.100000, 2.764184
1.800000, 1.100000, 2.909547
1.850000, 1.100000, 3.423984
1.900000, 1.100000, 4.305659
1.950000, 1.100000, 5.473712
2.000000, 1.100000, 6.783178
0.000000, 1.150000, -1.037243
0.050000, 1.150000, -0.020338
0.100000, 1.150000, 0.854252
0.150000, 1.150000, 1.453039
0.200000, 1.150000, 1.705651
0.250000, 1.150000, 1.619180
0.300000, 1.150000, 1.275467
0.350000, 1.150000, 0.811934
0.400000, 1.150000, 0.390218
0.450000, 1.150000, 0.159485
0.500000, 1.150000, 0.222489
0.550000, 1.150000, 0.611860
0.600000, 1.150000, 1.281842
0.650000, 1.150000, 2.117361
0.700000, 1.150000, 2.958515
0.750000, 1.150000, 3.635176
0.800000, 1.150000, 4.004219
0.850000, 1.150000, 3.981265
0.900000, 1.150000, 3.560035
0.950000, 1.150000, 2.815050
1.000000, 1.150000, 1.887084
1.050000, 1.150000, 0.954445
1.100000, 1.150000, 0.196299
1.150000, 1.150000, -0.244074
1.200000, 1.150000, -0.288173
1.250000, 1.150000, 0.062869
1.300000, 1.150000, 0.730614
1.350000, 1.150000, 1.578214
1.400000, 1.150000, 2.441667
1.450000, 1.150000, 3.166548
1.500000, 1.150000, 3.642150
1.550000, 1.150000, 3.825557
1.600000, 1.150000, 3.750388
1.650000, 1.150000, 3.518323
1.700000, 1.150000, 3.275298
1.750000, 1.150000, 3.177616
1.800000, 1.150000, 3.355444
1.850000, 1.150000, 3.881756
1.900000, 1.150000, 4.753616
1.950000, 1.150000, 5.889971
2.000000, 1.150000, 7.146604
0.000000, 1.200000, -1.430590
0.050000, 1.200000, -0.369005
0.100000, 1.200000, 0.553342
0.150000, 1.200000, 1.200056
0.200000, 1.200000, 1.497855
0.250000, 1.200000, 1.451080
0.300000, 1.200000, 1.139134
0.350000, 1.200000, 0.697457
0.400000, 1.200000, 0.286276
0.450000, 1.200000, 0.054005
0.500000, 1.200000, 0.103364
0.550000, 1.200000, 0.467668
0.600000, 1.200000, 1.102551
0.650000, 1.200000, 1.894971
0.700000, 1.200000, 2.687593
0.750000, 1.200000, 3.313271
0.800000, 1.200000, 3.632115
0.850000, 1.200000, 3.563072
0.900000, 1.200000, 3.103090
0.950000, 1.200000, 2.329652
1.000000, 1.200000, 1.386050
1.050000, 1.200000, 0.452530
1.100000, 1.200000, -0.290515
1.150000, 1.200000, -0.699370
1.200000, 1.200000, -0.695943
1.250000, 1.200000, -0.282621
1.300000, 1.200000, 0.460089
1.350000, 1.200000, 1.392540
1.400000, 1.200000, 2.347314
1.450000, 1.200000, 3.166109
1.500000, 1.200000, 3.734054
1.550000, 1.200000, 4.003974
1.600000, 1.200000, 4.005347
1.650000, 1.200000, 3.836027
1.700000, 1.200000, 3.638631
1.750000, 1.200000, 3.566825
1.800000, 1.200000, 3.748959
1.850000, 1.200000, 4.257124
1.900000, 1.200000, 5.088485
1.950000, 1.200000, 6.163110
2.000000, 1.200000, 7.338880
0.000000, 1.250000, -1.827854
0.050000, 1.250000, -0.717420
0.100000, 1.250000, 0.254896
0.150000, 1.250000, 0.949583
0.200000, 1.250000, 1.290369
0.250000, 1.250000, 1.278906
0.300000, 1.250000, 0.992361
0.350000, 1.250000, 0.564532
0.400000, 1.250000, 0.154695
0.450000, 1.250000, -0.088931
0.500000, 1.250000, -0.063044
0.550000, 1.250000, 0.267011
0.600000, 1.250000, 0.858903
0.650000, 1.250000, 1.602217
0.700000, 1.250000, 2.342701
0.750000, 1.250000, 2.916581
0.800000, 1.250000, 3.187452
0.850000, 1.250000, 3.077657
0.900000, 1.250000, 2.587268
0.950000, 1.250000, 1.796434
1.000000, 1.250000, 0.850497
1.050000, 1.250000, -0.068998
1.100000, 1.250000, -0.781199
1.150000, 1.250000, -1.142825
1.200000, 1.250000, -1.077118
1.250000, 1.250000, -0.588659
1.300000, 1.250000, 0.239084
1.350000, 1.250000, 1.262855
1.400000, 1.250000, 2.311155
1.450000, 1.250000, 3.221314
1.500000, 1.250000, 3.874022
1.550000, 1.250000, 4.217821
1.600000, 1.250000, 4.278267
1.650000, 1.250000, 4.149876
1.700000, 1.250000, 3.972682
1.750000, 1.250000, 3.898672
1.800000, 1.250000, 4.055538
1.850000, 1.250000, 4.515781
1.900000, 1.250000, 5.278070
1.950000, 1.250000, 6.265012
2.000000, 1.250000, 7.337983
0.000000, 1.300000, -2.220809
0.050000, 1.300000, -1.059220
0.100000, 1.300000, -0.036714
0.150000, 1.300000, 0.703977
0.200000, 1.300000, 1.083622
0.250000, 1.300000, 1.101352
0.300000, 1.300000, 0.832408
0.350000, 1.300000, 0.409376
0.400000, 1.300000, -0.008889
0.450000, 1.300000, -0.273756
0.500000, 1.300000, -0.280698
0.550000, 1.300000, 0.006931
0.600000, 1.300000, 0.549443
0.650000, 1.300000, 1.239581
0.700000, 1.300000, 1.926593
0.750000, 1.300000, 2.450354
0.800000, 1.300000, 2.678044
0.850000, 1.300000, 2.535322
0.900000, 1.300000, 2.025111
0.950000, 1.300000, 1.229766
1.000000, 1.300000, 0.296049
1.050000, 1.300000, -0.593964
1.100000, 1.300000, -1.259841
1.150000, 1.300000, -1.559677
1.200000, 1.300000, -1.419005
1.250000, 1.300000, -0.845514
1.300000, 1.300000, 0.073541
1.350000, 1.300000, 1.190619
1.400000, 1.300000, 2.329647
1.450000, 1.300000, 3.323327
1.500000, 1.300000, 4.047906
1.550000, 1.300000, 4.447904
1.600000, 1.300000, 4.545503
1.650000, 1.300000, 4.432678
1.700000, 1.300000, 4.247921
1.750000, 1.300000, 4.142779
1.800000, 1.300000, 4.245664
1.850000, 1.300000, 4.630959
1.900000, 1.300000, 5.300310
1.950000, 1.300000, 6.180293
2.000000, 1.300000, 7.137064
0.000000, 1.350000, -2.602399
0.050000, 1.350000, -1.389337
0.100000, 1.350000, -0.318431
0.150000, 1.350000, 0.464370
0.200000, 1.350000, 0.877014
0.250000, 1.350000, 0.916382
0.300000, 1.350000, 0.656181
0.350000, 1.350000, 0.228285
0.400000, 1.350000, -0.208287
0.450000, 1.350000, -0.503865
0.500000, 1.350000, -0.552050
0.550000, 1.350000, -0.313593
0.600000, 1.350000, 0.175012
0.650000, 1.350000, 0.810108
0.700000, 1.350000, 1.444749
0.750000, 1.350000, 1.922592
0.800000, 1.350000, 2.114353
0.850000, 1.350000, 1.948766
0.900000, 1.350000, 1.431165
0.950000, 1.350000, 0.645501
1.000000, 1.350000, -0.260809
1.050000, 1.350000, -1.106044
1.100000, 1.350000, -1.711142
1.150000, 1.350000, -1.936551
1.200000, 1.350000, -1.711028
1.250000, 1.350000, -1.046216
1.300000, 1.350000, -0.033855
1.350000, 1.350000, 1.173731
1.400000, 1.350000, 2.395636
1.450000, 1.350000, 3.459942
1.500000, 1.350000, 4.238750
1.550000, 1.350000, 4.673144
1.600000, 1.350000, 4.782791
1.650000, 1.350000, 4.658234
1.700000, 1.350000, 4.437732
1.750000, 1.350000, 4.273843
1.800000, 1.350000, 4.297228
1.850000, 1.350000, 4.585676
1.900000, 1.350000, 5.145255
1.950000, 1.350000, 5.907784
2.000000, 1.350000, 6.745238
0.000000, 1.400000, -2.966982
0.050000, 1.400000, -1.704135
0.100000, 1.400000, -0.588538
0.150000, 1.400000, 0.230755
0.200000, 1.400000, 0.669100
0.250000, 1.400000, 0.721484
0.300000, 1.400000, 0.460544
0.350000, 1.400000, 0.017987
0.400000, 1.400000, -0.446399
0.450000, 1.400000, -0.781273
0.500000, 1.400000, -0.877749
0.550000, 1.400000, -0.693416
0.600000, 1.400000, -0.261111
0.650000, 1.400000, 0.319448
0.700000, 1.400000, 0.905291
0.750000, 1.400000, 1.343848
0.800000, 1.400000, 1.509165
0.850000, 1.400000, 1.332647
0.900000, 1.400000, 0.821452
0.950000, 1.400000, 0.060375
1.000000, 1.400000, -0.803392
1.050000, 1.400000, -1.589438
1.100000, 1.400000, -2.121065
1.150000, 1.400000, -2.262029
1.200000, 1.400000, -1.945184
1.250000, 1.400000, -1.186847
1.300000, 1.400000, -0.083757
1.350000, 1.400000, 1.206705
1.400000, 1.400000, 2.498814
1.450000, 1.400000, 3.616348
1.500000, 1.400000, 4.427878
1.550000, 1.400000, 4.871958
1.600000, 1.400000, 4.966904
1.650000, 1.400000, 4.803201
1.700000, 1.400000, 4.520383
1.750000, 1.400000, 4.273608
1.800000, 1.400000, 4.197344
1.850000, 1.400000, 4.374242
1.900000, 1.400000, 4.816051
1.950000, 1.400000, 5.460811
2.000000, 1.400000, 6.186941
0.000000, 1.450000, -3.310480
0.050000, 1.450000, -2.001450
0.100000, 1.450000, -0.846588
0.150000, 1.450000, 0.002143
0.200000, 1.450000, 0.457827
0.250000, 1.450000, 0.513973
0.300000, 1.450000, 0.242651
0.350000, 1.450000, -0.224023
0.400000, 1.450000, -0.724891
0.450000, 1.450000, -1.106337
0.500000, 1.450000, -1.256426
0.550000, 1.450000, -1.129103
0.600000, 1.450000, -0.753184
0.650000, 1.450000, -0.224238
0.700000, 1.450000, 0.318776
0.750000, 1.450000, 0.726901
0.800000, 1.450000, 0.877153
0.850000, 1.450000, 0.703052
0.900000, 1.450000, 0.212859
0.950000, 1.450000, -0.508657
1.000000, 1.450000, -1.315482
1.050000, 1.450000, -2.029522
1.100000, 1.450000, -2.477419
1.150000, 1.450000, -2.527138
1.200000, 1.450000, -2.116379
1.250000, 1.450000, -1.266678
1.300000, 1.450000, -0.080067
1.350000, 1.450000, 1.281021
1.400000, 1.450000, 2.626358
1.450000, 1.450000, 3.776052
1.500000, 1.450000, 4.596083
1.550000, 1.450000, 5.023687
1.600000, 1.450000, 5.077252
1.650000, 1.450000, 4.848769
1.700000, 1.450000, 4.480684
1.750000, 1.450000, 4.132343
1.800000, 1.450000, 3.943492
1.850000, 1.450000, 4.002880
1.900000, 1.450000, 4.328861
1.950000, 1.450000, 4.866224
2.000000, 1.450000, 5.499912
0.000000, 1.500000, -3.630424
0.050000, 1.500000, -2.280531
0.100000, 1.500000, -1.093260
0.150000, 1.500000, -0.223203
0.200000, 1.500000, 0.240824
0.250000, 1.500000, 0.291308
0.300000, 1.500000, 0.000283
0.350000, 1.500000, -0.499164
0.400000, 1.500000, -1.043921
0.450000, 1.500000, -1.477548
0.500000, 1.500000, -1.684572
0.550000, 1.500000, -1.614907
0.600000, 1.500000, -1.293097
0.650000, 1.500000, -0.810486
0.700000, 1.500000, -0.302128
0.750000, 1.500000, 0.086323
0.800000, 1.500000, 0.234346
0.850000, 1.500000, 0.076892
0.900000, 1.500000, -0.377520
0.950000, 1.500000, -1.045089
1.000000, 1.500000, -1.781993
1.050000, 1.500000, -2.413449
1.100000, 1.500000, -2.770370
1.150000, 1.500000, -2.725713
1.200000, 1.500000, -2.222612
1.250000, 1.500000, -1.288147
1.300000, 1.500000, -0.029666
1.350000, 1.500000, 1.385652
1.400000, 1.500000, 2.763710
1.450000, 1.500000, 3.921906
1.500000, 1.500000, 4.724870
1.550000, 1.500000, 5.109987
1.600000, 1.500000, 5.097328
1.650000, 1.500000, 4.782071
1.700000, 1.500000, 4.311197
1.750000, 1.500000, 3.849723
1.800000, 1.500000, 3.543894
1.850000, 1.500000, 3.489431
1.900000, 1.500000, 3.711731
1.950000, 1.500000, 4.162286
2.000000, 1.500000, 4.731988
0.000000, 1.550000, -3.925910
0.050000, 1.550000, -2.541896
0.100000, 1.550000, -1.330127
0.150000, 1.550000, -0.447488
0.200000, 1.550000, 0.015714
0.250000, 1.550000, 0.051421
0.300000, 1.550000, -0.267852
0.350000, 1.550000, -0.807505
0.400000, 1.550000, -1.401945
0.450000, 1.550000, -1.891423
0.500000, 1.550000, -2.156529
0.550000, 1.550000, -2.142868
0.600000, 1.550000, -1.870590
0.650000, 1.550000, -1.426861
0.700000, 1.550000, -0.943084
0.750000, 1.550000, -0.562057
0.800000, 1.550000, -0.402472
0.850000, 1.550000, -0.528753
0.900000, 1.550000, -0.933048
0.950000, 1.550000, -1.533529
1.000000, 1.550000, -2.189574
1.050000, 1.550000, -2.730669
1.100000, 1.550000, -2.992828
1.150000, 1.550000, -2.854632
1.200000, 1.550000, -2.265018
1.250000, 1.550000, -1.256675
1.300000, 1.550000, 0.058006
1.350000, 1.550000, 1.507720
1.400000, 1.550000, 2.895464
1.450000, 1.550000, 4.037184
1.500000, 1.550000, 4.797660
1.550000, 1.550000, 5.116079
1.600000, 1.550000, 5.015918
1.650000, 1.550000, 4.597198
1.700000, 1.550000, 4.012939
1.750000, 1.550000, 3.435042
1.800000, 1.550000, 3.017090
1.850000, 1.550000, 2.862142
1.900000, 1.550000, 3.002480
1.950000, 1.550000, 3.395581
2.000000, 1.550000, 3.937022
0.000000, 1.600000, -4.197456
0.050000, 1.600000, -2.787117
0.100000, 1.600000, -1.559387
0.150000, 1.600000, -0.673076
0.200000, 1.600000, -0.219563
0.250000, 1.600000, -0.206984
0.300000, 1.600000, -0.561856
0.350000, 1.600000, -1.147574
0.400000, 1.600000, -1.795604
0.450000, 1.600000, -2.342490
0.500000, 1.600000, -2.664590
0.550000, 1.600000, -2.703032
0.600000, 1.600000, -2.473572
0.650000, 1.600000, -2.059385
0.700000, 1.600000, -1.588602
0.750000, 1.600000, -1.201737
0.800000, 1.600000, -1.016406
0.850000, 1.600000, -1.097297
0.900000, 1.600000, -1.438209
0.950000, 1.600000, -1.960304
1.000000, 1.600000, -2.527144
1.050000, 1.600000, -2.973354
1.100000, 1.600000, -3.140729
1.150000, 1.600000, -2.913907
1.200000, 1.600000, -2.247751
1.250000, 1.600000, -1.180333
1.300000, 1.600000, 0.171500
1.350000, 1.600000, 1.633261
1.400000, 1.600000, 3.006305
1.450000, 1.600000, 4.106643
1.500000, 1.600000, 4.800897
1.550000, 1.600000, 5.031812
1.600000, 1.600000, 4.827974
1.650000, 1.600000, 4.295777
1.700000, 1.600000, 3.595501
1.750000, 1.600000, 2.906749
1.800000, 1.600000, 2.390753
1.850000, 1.600000, 2.157663
1.900000, 1.600000, 2.245810
1.950000, 1.600000, 2.617243
2.000000, 1.600000, 3.170289
0.000000, 1.650000, -4.446787
0.050000, 1.650000, -3.018540
0.100000, 1.650000, -1.783547
0.150000, 1.650000, -0.902169
0.200000, 1.650000, -0.466447
0.250000, 1.650000, -0.484169
0.300000, 1.650000, -0.880445
0.350000, 1.650000, -1.516244
0.400000, 1.650000, -2.219715
0.450000, 1.650000, -2.823392
0.500000, 1.650000, -3.199208
0.550000, 1.650000, -3.283768
0.600000, 1.650000, -3.088553
0.650000, 1.650000, -2.693055
0.700000, 1.650000, -2.222629
0.750000, 1.650000, -1.816190
0.800000, 1.650000, -1.591113
0.850000, 1.650000, -1.613302
0.900000, 1.650000, -1.879217
0.950000, 1.650000, -2.314009
1.000000, 1.650000, -2.786331
1.050000, 1.650000, -3.136688
1.100000, 1.650000, -3.213157
1.150000, 1.650000, -2.906626
1.200000, 1.650000, -2.177725
1.250000, 1.650000, -1.069379
1.300000, 1.650000, 0.298021
1.350000, 1.650000, 1.748051
1.400000, 1.650000, 3.081947
1.450000, 1.650000, 4.117506
1.500000, 1.650000, 4.724985
1.550000, 1.650000, 4.852438
1.600000, 1.650000, 4.535123
1.650000, 1.650000, 3.887055
1.700000, 1.650000, 3.076592
1.750000, 1.650000, 2.291324
1.800000, 1.650000, 1.699817
1.850000, 1.650000, 1.418384
1.900000, 1.650000, 1.489867
1.950000, 1.650000, 1.878818
2.000000, 1.650000, 2.483819
0.000000, 1.700000, -4.676547
0.050000, 1.700000, -3.238968
0.100000, 1.700000, -2.005101
0.150000, 1.700000, -1.136499
0.200000, 1.700000, -0.725499
0.250000, 1.700000, -0.779167
0.300000, 1.700000, -1.220839
0.350000, 1.700000, -1.908724
0.400000, 1.700000, -2.667365
0.450000, 1.700000, -3.325087
0.500000, 1.700000, -3.749314
0.550000, 1.700000, -3.872189
0.600000, 1.700000, -3.701147
0.650000, 1.700000, -3.312415
0.700000, 1.700000, -2.829173
0.750000, 1.700000, -2.389501
0.800000, 1.700000, -2.111437
0.850000, 1.700000, -2.063083
0.900000, 1.700000, -2.244560
0.950000, 1.700000, -2.585947
1.000000, 1.700000, -2.961786
1.050000, 1.700000, -3.219037
1.100000, 1.700000, -3.212337
1.150000, 1.700000, -2.838752
1.200000, 1.700000, -2.064222
1.250000, 1.700000, -0.935675
1.300000, 1.700000, 0.424162
1.350000, 1.700000, 1.838446
1.400000, 1.700000, 3.110028
1.450000, 1.700000, 4.060319
1.500000, 1.700000, 4.565010
1.550000, 1.700000, 4.579077
1.600000, 1.700000, 4.145745
1.650000, 1.700000, 3.387490
1.700000, 1.700000, 2.481029
1.750000, 1.700000, 1.621591
1.800000, 1.700000, 0.984082
1.850000, 1.700000, 0.689342
1.900000, 1.700000, 0.782547
1.950000, 1.700000, 1.228138
2.000000, 1.700000, 1.922074
0.000000, 1.750000, -4.889985
0.050000, 1.750000, -3.451336
0.100000, 1.750000, -2.226217
0.150000, 1.750000, -1.377060
0.200000, 1.750000, -0.996190
0.250000, 1.750000, -1.089654
0.300000, 1.750000, -1.578737
0.350000, 1.750000, -2.318638
0.400000, 1.750000, -3.130107
0.450000, 1.750000, -3.837160
0.500000, 1.750000, -4.302724
0.550000, 1.750000, -4.454644
0.600000, 1.750000, -4.296639
0.650000, 1.750000, -3.902176
0.700000, 1.750000, -3.392941
0.750000, 1.750000, -2.907009
0.800000, 1.750000, -2.564014
0.850000, 1.750000, -2.435245
0.900000, 1.750000, -2.525440
0.950000, 1.750000, -2.770454
1.000000, 1.750000, -3.051366
1.050000, 1.750000, -3.221965
1.100000, 1.750000, -3.143479
1.150000, 1.750000, -2.718790
1.200000, 1.750000, -1.918384
1.250000, 1.750000, -0.792040
1.300000, 1.750000, 0.536664
1.350000, 1.750000, 1.892202
1.400000, 1.750000, 3.080897
1.450000, 1.750000, 3.929622
1.500000, 1.750000, 4.321179
1.550000, 1.750000, 4.218825
1.600000, 1.750000, 3.674637
1.650000, 1.750000, 2.819866
1.700000, 1.750000, 1.839235
1.750000, 1.750000, 0.934580
1.800000, 1.750000, 0.285449
1.850000, 1.750000, 0.014940
1.900000, 1.750000, 0.167850
1.950000, 1.750000, 0.705549
2.000000, 1.750000, 1.518381
0.000000, 1.800000, -5.090608
0.050000, 1.800000, -3.658381
0.100000, 1.800000, -2.448452
0.150000, 1.800000, -1.623886
0.200000, 1.800000, -1.276770
0.250000, 1.800000, -1.411923
0.300000, 1.800000, -1.948393
0.350000, 1.800000, -2.738217
0.400000, 1.800000, -3.598260
0.450000, 1.800000, -4.348216
0.500000, 1.800000, -4.846623
0.550000, 1.800000, -5.017272
0.600000, 1.800000, -4.860579
0.650000, 1.800000, -4.447828
0.700000, 1.800000, -3.899948
0.750000, 1.800000, -3.355877
0.800000, 1.800000, -2.937793
0.850000, 1.800000, -2.721121
0.900000, 1.800000, -2.716104
0.950000, 1.800000, -2.865091
1.000000, 1.800000, -3.056175
1.050000, 1.800000, -3.150114
1.100000, 1.800000, -3.014486
1.150000, 1.800000, -2.557333
1.200000, 1.800000, -1.752620
1.250000, 1.800000, -0.651545
1.300000, 1.800000, 0.623179
1.350000, 1.800000, 1.899217
1.400000, 1.800000, 2.988263
1.450000, 1.800000, 3.724401
1.500000, 1.800000, 3.998980
1.550000, 1.800000, 3.784503
1.600000, 1.800000, 3.142271
1.650000, 1.800000, 2.211990
1.700000, 1.800000, 1.185356
1.750000, 1.800000, 0.269079
1.800000, 1.800000, -0.354987
1.850000, 1.800000, -0.564275
1.900000, 1.800000, -0.317412
1.950000, 1.800000, 0.340845
2.000000, 1.800000, 1.292418
0.000000, 1.850000, -5.281843
0.050000, 1.850000, -3.862349
0.100000, 1.850000, -2.672527
0.150000, 1.850000, -1.875913
0.200000, 1.850000, -1.564223
0.250000, 1.850000, -1.740941
0.300000, 1.850000, -2.322787
0.350000, 1.850000, -3.158577
0.400000, 1.850000, -4.061281
0.450000, 1.850000, -4.846344
0.500000, 1.850000, -5.368092
0.550000, 1.850000, -5.546578
0.600000, 1.850000, -5.379382
0.650000, 1.850000, -4.936237
0.700000, 1.850000, -4.338086
0.750000, 1.850000, -3.725610
0.800000, 1.850000, -3.224457
0.850000, 1.850000, -2.915090
0.900000, 1.850000, -2.814034
0.950000, 1.850000, -2.870703
1.000000, 1.850000, -2.980467
1.050000, 1.850000, -3.010949
1.100000, 1.850000, -2.835549
1.150000, 1.850000, -2.366520
1.200000, 1.850000, -1.579956
1.250000, 1.850000, -0.526802
1.300000, 1.850000, 0.672974
1.350000, 1.850000, 1.852164
1.400000, 1.850000, 2.829660
1.450000, 1.850000, 3.448289
1.500000, 1.850000, 3.609017
1.550000, 1.850000, 3.294054
1.600000, 1.850000, 2.573680
1.650000, 1.850000, 1.595055
1.700000, 1.850000, 0.555116
1.750000, 1.850000, -0.336930
1.800000, 1.850000, -0.899775
1.850000, 1.850000, -1.014505
1.900000, 1.850000, -0.646292
1.950000, 1.850000, 0.151135
2.000000, 1.850000, 1.248989
0.000000, 1.900000, -5.466724
0.050000, 1.900000, -4.064743
0.100000, 1.900000, -2.898157
0.150000, 1.900000, -2.130906
0.200000, 1.900000, -1.854310
0.250000, 1.900000, -2.070506
0.300000, 1.900000, -2.693889
0.350000, 1.900000, -3.570081
0.400000, 1.900000, -4.508222
0.450000, 1.900000, -5.319637
0.500000, 1.900000, -5.854675
0.550000, 1.900000, -6.030012
0.600000, 1.900000, -5.840905
0.650000, 1.900000, -5.356188
0.700000, 1.900000, -4.697608
0.750000, 1.900000, -4.008457
0.800000, 1.900000, -3.418738
0.850000, 1.900000, -3.014770
0.900000, 1.900000, -2.820012
0.950000, 1.900000, -2.791331
1.000000, 1.900000, -2.831414
1.050000, 1.900000, -2.814380
1.100000, 1.900000, -2.618643
1.150000, 1.900000, -2.159429
1.200000, 1.900000, -1.413363
1.250000, 1.900000, -0.429281
1.300000, 1.900000, 0.677557
1.350000, 1.900000, 1.746975
1.400000, 1.900000, 2.606702
1.450000, 1.900000, 3.109502
1.500000, 1.900000, 3.166549
1.550000, 1.900000, 2.769624
1.600000, 1.900000, 1.997059
1.650000, 1.900000, 1.001770
1.700000, 1.900000, -0.016448
1.750000, 1.900000, -0.848788
1.800000, 1.900000, -1.317680
1.850000, 1.900000, -1.311060
1.900000, 1.900000, -0.803549
1.950000, 1.900000, 0.139841
2.000000, 1.900000, 1.378165
0.000000, 1.950000, -5.647627
0.050000, 1.950000, -4.266147
0.100000, 1.950000, -3.123971
0.150000, 1.950000, -2.385489
0.200000, 1.950000, -2.141703
0.250000, 1.950000, -2.393487
0.300000, 1.950000, -3.053003
0.350000, 1.950000, -3.962770
0.400000, 1.950000, -4.928216
0.450000, 1.950000, -5.756723
0.500000, 1.950000, -6.294929
0.550000, 1.950000, -6.456522
0.600000, 1.950000, -6.234961
0.650000, 1.950000, -5.698850
0.700000, 1.950000, -4.971516
0.750000, 1.950000, -4.199701
0.800000, 1.950000, -3.518589
0.850000, 1.950000, -3.021068
0.900000, 1.950000, -2.738031
0.950000, 1.950000, -2.633989
1.000000, 1.950000, -2.618749
1.050000, 1.950000, -2.572287
1.100000, 1.950000, -2.376943
1.150000, 1.950000, -1.949426
1.200000, 1.950000, -1.265091
1.250000, 1.950000, -0.368692
1.300000, 1.950000, 0.631187
1.350000, 1.950000, 1.583151
1.400000, 1.950000, 2.325108
1.450000, 1.950000, 2.720512
1.500000, 1.950000, 2.690751
1.550000, 1.950000, 2.236372
1.600000, 1.950000, 1.442140
1.650000, 1.950000, 0.464369
1.700000, 1.950000, -0.497210
1.750000, 1.950000, -1.237442
1.800000, 1.950000, -1.585777
1.850000, 1.950000, -1.439986
1.900000, 1.950000, -0.786512
1.950000, 1.950000, 0.296887
2.000000, 1.950000, 1.656765
0.000000, 2.000000, -5.826060
0.050000, 2.000000, -4.466114
0.100000, 2.000000, -3.347515
0.150000, 2.000000, -2.635259
0.200000, 2.000000, -2.420207
0.250000, 2.000000, -2.702152
0.300000, 2.000000, -3.391173
0.350000, 2.000000, -4.326831
0.400000, 2.000000, -5.310996
0.450000, 2.000000, -6.147303
0.500000, 2.000000, -6.678955
0.550000, 2.000000, -6.817046
0.600000, 2.000000, -6.553762
0.650000, 2.000000, -5.958137
0.700000, 2.000000, -5.155830
0.750000, 2.000000, -4.297825
0.800000, 2.000000, -3.525231
0.850000, 2.000000, -2.938095
0.900000, 2.000000, -2.575082
0.950000, 2.000000, -2.408327
1.000000, 2.000000, -2.354313
1.050000, 2.000000, -2.297964
1.100000, 2.000000, -2.124208
1.150000, 2.000000, -1.749526
1.200000, 2.000000, -1.146052
1.250000, 2.000000, -0.352452
1.300000, 2.000000, 0.531226
1.350000, 2.000000, 1.363873
1.400000, 2.000000, 1.994508
1.450000, 2.000000, 2.297468
1.500000, 2.000000, 2.203721
1.550000, 2.000000, 1.721082
1.600000, 2.000000, 0.938455
1.650000, 2.000000, 0.012638
1.700000, 2.000000, -0.860004
1.750000, 2.000000, -1.481342
1.800000, 2.000000, -1.690935
1.850000, 2.000000, -1.398864
1.900000, 2.000000, -0.604920
1.950000, 2.000000, 0.600034
2.000000, 2.000000, 2.051003
