0.000000, 0.000000, -4.044307
0.050000, 0.000000, -4.426421
0.100000, 0.000000, -4.610408
0.150000, 0.000000, -4.495826
0.200000, 0.000000, -4.084658
0.250000, 0.000000, -3.481261
0.300000, 0.000000, -2.853477
0.350000, 0.000000, -2.369721
0.400000, 0.000000, -2.136060
0.450000, 0.000000, -2.157282
0.500000, 0.000000, -2.336771
0.550000, 0.000000, -2.515218
0.600000, 0.000000, -2.533310
0.650000, 0.000000, -2.294433
0.700000, 0.000000, -1.803374
0.750000, 0.000000, -1.166201
0.800000, 0.000000, -0.551329
0.850000, 0.000000, -0.126599
0.900000, 0.000000, 0.003630
0.950000, 0.000000, -0.162622
1.000000, 0.000000, -0.524915
1.050000, 0.000000, -0.919179
1.100000, 0.000000, -1.180532
1.150000, 0.000000, -1.206112
1.200000, 0.000000, -0.993937
1.250000, 0.000000, -0.642953
1.300000, 0.000000, -0.314270
1.350000, 0.000000, -0.168425
1.400000, 0.000000, -0.302652
1.450000, 0.000000, -0.712165
1.500000, 0.000000, -1.290275
1.550000, 0.000000, -1.867343
1.600000, 0.000000, -2.273726
1.650000, 0.000000, -2.402737
1.700000, 0.000000, -2.249590
1.750000, 0.000000, -1.911518
1.800000, 0.000000, -1.549058
1.850000, 0.000000, -1.323322
1.900000, 0.000000, -1.333254
1.950000, 0.000000, -1.576872
2.000000, 0.000000, -1.951315
0.000000, 0.050000, -3.892658
0.050000, 0.050000, -4.247606
0.100000, 0.050000, -4.405636
0.150000, 0.050000, -4.267079
0.200000, 0.050000, -3.834640
0.250000, 0.050000, -3.213336
0.300000, 0.050000, -2.571580
0.350000, 0.050000, -2.078267
0.400000, 0.050000, -1.839832
0.450000, 0.050000, -1.861312
0.500000, 0.050000, -2.046221
0.550000, 0.050000, -2.235246
0.600000, 0.050000, -2.268948
0.650000, 0.050000, -2.050462
0.700000, 0.050000, -1.584203
0.750000, 0.050000, -0.975764
0.800000, 0.050000, -0.392982
0.850000, 0.050000, -0.003041
0.900000, 0.050000, 0.090426
0.950000, 0.050000, -0.113790
1.000000, 0.050000, -0.514443
1.050000, 0.050000, -0.946650
1.100000, 0.050000, -1.244726
1.150000, 0.050000, -1.305036
1.200000, 0.050000, -1.124873
1.250000, 0.050000, -0.802524
1.300000, 0.050000, -0.498524
1.350000, 0.050000, -0.372932
1.400000, 0.050000, -0.522612
1.450000, 0.050000, -0.942527
1.500000, 0.050000, -1.525860
1.550000, 0.050000, -2.102970
1.600000, 0.050000, -2.504344
1.650000, 0.050000, -2.623543
1.700000, 0.050000, -2.456149
1.750000, 0.050000, -2.099876
1.800000, 0.050000, -1.715832
1.850000, 0.050000, -1.465787
1.900000, 0.050000, -1.449410
1.950000, 0.050000, -1.665490
2.000000, 0.050000, -2.011969
0.000000, 0.100000, -3.678101
0.050000, 0.100000, -4.007092
0.100000, 0.100000, -4.141144
0.150000, 0.100000, -3.981308
0.200000, 0.100000, -3.530944
0.250000, 0.100000, -2.895641
0.300000, 0.100000, -2.244286
0.350000, 0.100000, -1.746137
0.400000, 0.100000, -1.507879
0.450000, 0.100000, -1.534674
0.500000, 0.100000, -1.730029
0.550000, 0.100000, -1.934503
0.600000, 0.100000, -1.988402
0.650000, 0.100000, -1.794487
0.700000, 0.100000, -1.356693
0.750000, 0.100000, -0.780034
0.800000, 0.100000, -0.231687
0.850000, 0.100000, 0.121893
0.900000, 0.100000, 0.177850
0.950000, 0.100000, -0.064221
1.000000, 0.100000, -0.502256
1.050000, 0.100000, -0.970566
1.100000, 0.100000, -1.302690
1.150000, 0.100000, -1.394265
1.200000, 0.100000, -1.241923
1.250000, 0.100000, -0.943372
1.300000, 0.100000, -0.658668
1.350000, 0.100000, -0.547496
1.400000, 0.100000, -0.706466
1.450000, 0.100000, -1.130411
1.500000, 0.100000, -1.712511
1.550000, 0.100000, -2.283249
1.600000, 0.100000, -2.673359
1.650000, 0.100000, -2.776769
1.700000, 0.100000, -2.589537
1.750000, 0.100000, -2.209945
1.800000, 0.100000, -1.799760
1.850000, 0.100000, -1.521470
1.900000, 0.100000, -1.475516
1.950000, 0.100000, -1.661488
2.000000, 0.100000, -1.978135
0.000000, 0.150000, -3.402763
0.050000, 0.150000, -3.707778
0.100000, 0.150000, -3.820551
0.150000, 0.150000, -3.642782
0.200000, 0.150000, -3.178396
0.250000, 0.150000, -2.533449
0.300000, 0.150000, -1.877188
0.350000, 0.150000, -1.379113
0.400000, 0.150000, -1.146028
0.450000, 0.150000, -1.183082
0.500000, 0.150000, -1.393650
0.550000, 0.150000, -1.618026
0.600000, 0.150000, -1.696141
0.650000, 0.150000, -1.530268
0.700000, 0.150000, -1.123758
0.750000, 0.150000, -0.580958
0.800000, 0.150000, -0.068312
0.850000, 0.150000, 0.248507
0.900000, 0.150000, 0.267453
0.950000, 0.150000, -0.011054
1.000000, 0.150000, -0.484140
1.050000, 0.150000, -0.985337
1.100000, 0.150000, -1.347448
1.150000, 0.150000, -1.465446
1.200000, 0.150000, -1.335380
1.250000, 0.150000, -1.054472
1.300000, 0.150000, -0.782401
1.350000, 0.150000, -0.678594
1.400000, 0.150000, -0.839527
1.450000, 0.150000, -1.260025
1.500000, 0.150000, -1.833387
1.550000, 0.150000, -2.390341
1.600000, 0.150000, -2.761984
1.650000, 0.150000, -2.842716
1.700000, 0.150000, -2.629161
1.750000, 0.150000, -2.220255
1.800000, 0.150000, -1.778483
1.850000, 0.150000, -1.467100
1.900000, 0.150000, -1.387344
1.950000, 0.150000, -1.539611
2.000000, 0.150000, -1.823453
0.000000, 0.200000, -3.070130
0.050000, 0.200000, -3.353875
0.100000, 0.200000, -3.448724
0.150000, 0.200000, -3.256932
0.200000, 0.200000, -2.782884
0.250000, 0.200000, -2.132987
0.300000, 0.200000, -1.476720
0.350000, 0.200000, -0.983693
0.400000, 0.200000, -0.760690
0.450000, 0.200000, -0.812717
0.500000, 0.200000, -1.042877
0.550000, 0.200000, -1.291081
0.600000, 0.200000, -1.396761
0.650000, 0.200000, -1.261601
0.700000, 0.200000, -0.888277
0.750000, 0.200000, -0.380393
0.800000, 0.200000, 0.096394
0.850000, 0.200000, 0.377231
0.900000, 0.200000, 0.360900
0.950000, 0.200000, 0.048639
1.000000, 0.200000, -0.455892
1.050000, 0.200000, -0.985483
1.100000, 0.200000, -1.372268
1.150000, 0.200000, -1.510631
1.200000, 0.200000, -1.396130
1.250000, 0.200000, -1.125607
1.300000, 0.200000, -0.858476
1.350000, 0.200000, -0.754027
1.400000, 0.200000, -0.908725
1.450000, 0.200000, -1.317511
1.500000, 0.200000, -1.873928
1.550000, 0.200000, -2.409063
1.600000, 0.200000, -2.754482
1.650000, 0.200000, -2.805151
1.700000, 0.200000, -2.558348
1.750000, 0.200000, -2.113724
1.800000, 0.200000, -1.634531
1.850000, 0.200000, -1.284824
1.900000, 0.200000, -1.166649
1.950000, 0.200000, -1.281201
2.000000, 0.200000, -1.528800
0.000000, 0.250000, -2.684965
0.050000, 0.250000, -2.950801
0.100000, 0.250000, -3.031651
0.150000, 0.250000, -2.830215
0.200000, 0.250000, -2.351217
0.250000, 0.250000, -1.701284
0.300000, 0.250000, -1.049994
0.350000, 0.250000, -0.566925
0.400000, 0.250000, -0.358706
0.450000, 0.250000, -0.430061
0.500000, 0.250000, -0.683697
0.550000, 0.250000, -0.959018
0.600000, 0.250000, -1.094855
0.650000, 0.250000, -0.992207
0.700000, 0.250000, -0.653000
0.750000, 0.250000, -0.180041
0.800000, 0.250000, 0.261842
0.850000, 0.250000, 0.508631
0.900000, 0.250000, 0.459934
0.950000, 0.250000, 0.117782
1.000000, 0.250000, -0.413419
1.050000, 0.250000, -0.965783
1.100000, 0.250000, -1.370851
1.150000, 0.250000, -1.522512
1.200000, 0.250000, -1.415941
1.250000, 0.250000, -1.147712
1.300000, 0.250000, -0.877103
1.350000, 0.250000, -0.763388
1.400000, 0.250000, -0.903152
1.450000, 0.250000, -1.291577
1.500000, 0.250000, -1.822567
1.550000, 0.250000, -2.327683
1.600000, 0.250000, -2.639061
1.650000, 0.250000, -2.652321
1.700000, 0.250000, -2.365462
1.750000, 0.250000, -1.878912
1.800000, 0.250000, -1.356726
1.850000, 0.250000, -0.963774
1.900000, 0.250000, -0.802910
1.950000, 0.250000, -0.876109
2.000000, 0.250000, -1.084424
0.000000, 0.300000, -2.253184
0.050000, 0.300000, -2.505049
0.100000, 0.300000, -2.576299
0.150000, 0.300000, -2.369957
0.200000, 0.300000, -1.890954
0.250000, 0.300000, -1.245997
0.300000, 0.300000, -0.604621
0.350000, 0.300000, -0.136233
0.400000, 0.300000, 0.052834
0.450000, 0.300000, -0.041735
0.500000, 0.300000, -0.322127
0.550000, 0.300000, -0.627133
0.600000, 0.300000, -0.794888
0.650000, 0.300000, -0.725628
0.700000, 0.300000, -0.420472
0.750000, 0.300000, 0.018609
0.800000, 0.300000, 0.427631
0.850000, 0.300000, 0.643408
0.900000, 0.300000, 0.566351
0.950000, 0.300000, 0.199238
1.000000, 0.300000, -0.352842
1.050000, 0.300000, -0.921410
1.100000, 0.300000, -1.337509
1.150000, 0.300000, -1.494644
1.200000, 0.300000, -1.387725
1.250000, 0.300000, -1.113189
1.300000, 0.300000, -0.830304
1.350000, 0.300000, -0.698469
1.400000, 0.300000, -0.814515
1.450000, 0.300000, -1.173994
1.500000, 0.300000, -1.671292
1.550000, 0.300000, -2.138548
1.600000, 0.300000, -2.408566
1.650000, 0.300000, -2.377701
1.700000, 0.300000, -2.044740
1.750000, 0.300000, -1.510929
1.800000, 0.300000, -0.941157
1.850000, 0.300000, -0.501119
1.900000, 0.300000, -0.294466
1.950000, 0.300000, -0.323926
2.000000, 0.300000, -0.491239
0.000000, 0.350000, -1.781716
0.050000, 0.350000, -2.024025
0.100000, 0.350000, -2.090439
0.150000, 0.350000, -1.884172
0.200000, 0.350000, -1.410216
0.250000, 0.350000, -0.775218
0.300000, 0.350000, -0.148522
0.350000, 0.350000, 0.300775
0.400000, 0.350000, 0.466767
0.450000, 0.350000, 0.345674
0.500000, 0.350000, 0.035936
0.550000, 0.350000, -0.300525
0.600000, 0.350000, -0.501072
0.650000, 0.350000, -0.465123
0.700000, 0.350000, -0.192949
0.750000, 0.350000, 0.214331
0.800000, 0.350000, 0.593572
0.850000, 0.350000, 0.782396
0.900000, 0.350000, 0.681965
0.950000, 0.350000, 0.295741
1.000000, 0.350000, -0.270593
1.050000, 0.350000, -0.848060
1.100000, 0.350000, -1.267326
1.150000, 0.350000, -1.421634
1.200000, 0.350000, -1.305764
1.250000, 0.350000, -1.016154
1.300000, 0.350000, -0.712205
1.350000, 0.350000, -0.553578
1.400000, 0.350000, -0.637486
1.450000, 0.350000, -0.959981
1.500000, 0.350000, -1.416046
1.550000, 0.350000, -1.838506
1.600000, 0.350000, -2.060923
1.650000, 0.350000, -1.980463
1.700000, 0.350000, -1.596756
1.750000, 0.350000, -1.011907
1.800000, 0.350000, -0.391656
1.850000, 0.350000, 0.097472
1.900000, 0.350000, 0.351048
1.950000, 0.350000, 0.365624
2.000000, 0.350000, 0.238823
0.000000, 0.400000, -1.278332
0.050000, 0.400000, -1.515866
0.100000, 0.400000, -1.582458
0.150000, 0.400000, -1.381363
0.200000, 0.400000, -0.917490
0.250000, 0.400000, -0.297275
0.300000, 0.400000, 0.310269
0.350000, 0.400000, 0.736491
0.400000, 0.400000, 0.876038
0.450000, 0.400000, 0.725778
0.500000, 0.400000, 0.384876
0.550000, 0.400000, 0.016042
0.600000, 0.400000, -0.217256
0.650000, 0.400000, -0.213576
0.700000, 0.400000, 0.027670
0.750000, 0.400000, 0.406211
0.800000, 0.400000, 0.759713
0.850000, 0.400000, 0.926552
0.900000, 0.400000, 0.808573
0.950000, 0.400000, 0.409832
1.000000, 0.400000, -0.163498
1.050000, 0.400000, -0.742069
1.100000, 0.400000, -1.156294
1.150000, 0.400000, -1.299302
1.200000, 0.400000, -1.165887
1.250000, 0.400000, -0.852639
1.300000, 0.400000, -0.519240
1.350000, 0.400000, -0.325756
1.400000, 0.400000, -0.369924
1.450000, 0.400000, -0.648420
1.500000, 0.400000, -1.056942
1.550000, 0.400000, -1.429104
1.600000, 0.400000, -1.599308
1.650000, 0.400000, -1.465600
1.700000, 0.400000, -1.028503
1.750000, 0.400000, -0.391010
1.800000, 0.400000, 0.280276
1.850000, 0.400000, 0.818012
1.900000, 0.400000, 1.117013
1.950000, 0.400000, 1.173154
2.000000, 0.400000, 1.083478
0.000000, 0.450000, -0.751449
0.050000, 0.450000, -0.989242
0.100000, 0.450000, -1.061148
0.150000, 0.450000, -0.870313
0.200000, 0.450000, -0.421412
0.250000, 0.450000, 0.179474
0.300000, 0.450000, 0.763804
0.350000, 0.450000, 1.163502
0.400000, 0.450000, 1.273882
0.450000, 0.450000, 1.092556
0.500000, 0.450000, 0.719498
0.550000, 0.450000, 0.318261
0.600000, 0.450000, 0.053186
0.650000, 0.450000, 0.026586
0.700000, 0.450000, 0.239903
0.750000, 0.450000, 0.593681
0.800000, 0.450000, 0.926343
0.850000, 0.450000, 1.076945
0.900000, 0.450000, 0.947921
0.950000, 0.450000, 0.543808
1.000000, 0.450000, -0.028860
1.050000, 0.450000, -0.600500
1.100000, 0.450000, -1.001426
1.150000, 0.450000, -1.124803
1.200000, 0.450000, -0.965602
1.250000, 0.450000, -0.620720
1.300000, 0.450000, -0.250276
1.350000, 0.450000, -0.014891
1.400000, 0.450000, -0.012962
1.450000, 0.450000, -0.241915
1.500000, 0.450000, -0.598276
1.550000, 0.450000, -0.916540
1.600000, 0.450000, -1.032029
1.650000, 0.450000, -0.843722
1.700000, 0.450000, -0.353073
1.750000, 0.450000, 0.336020
1.800000, 0.450000, 1.056093
1.850000, 0.450000, 1.639009
1.900000, 0.450000, 1.978865
1.950000, 0.450000, 2.070918
2.000000, 0.450000, 2.011699
0.000000, 0.500000, -0.209929
0.050000, 0.500000, -0.453141
0.100000, 0.500000, -0.535493
0.150000, 0.500000, -0.359870
0.200000, 0.500000, 0.069438
0.250000, 0.500000, 0.646849
0.300000, 0.500000, 1.204422
0.350000, 0.500000, 1.574775
0.400000, 0.500000, 1.653991
0.450000, 0.500000, 1.440508
0.500000, 0.500000, 1.035165
0.550000, 0.500000, 0.602402
0.600000, 0.500000, 0.307445
0.650000, 0.500000, 0.253468
0.700000, 0.500000, 0.442733
0.750000, 0.500000, 0.776543
0.800000, 0.500000, 1.093999
0.850000, 0.500000, 1.234738
0.900000, 0.500000, 1.101663
0.950000, 0.500000, 0.699660
1.000000, 0.500000, 0.135476
1.050000, 0.500000, -0.421228
1.100000, 0.500000, -0.800832
1.150000, 0.500000, -0.896706
1.200000, 0.500000, -0.704163
1.250000, 0.500000, -0.320573
1.300000, 0.500000, 0.093350
1.350000, 0.500000, 0.376285
1.400000, 0.500000, 0.429039
1.450000, 0.500000, 0.253315
1.500000, 0.500000, -0.048339
1.550000, 0.500000, -0.311385
1.600000, 0.500000, -0.372124
1.650000, 0.500000, -0.130511
1.700000, 0.500000, 0.411052
1.750000, 0.500000, 1.147765
1.800000, 0.500000, 1.911329
1.850000, 0.500000, 2.532854
1.900000, 0.500000, 2.905786
1.950000, 0.500000, 3.024843
2.000000, 0.500000, 2.986137
0.000000, 0.550000, 0.337146
0.050000, 0.550000, 0.083356
0.100000, 0.550000, -0.014446
0.150000, 0.550000, 0.141274
0.200000, 0.550000, 0.546755
0.250000, 0.550000, 1.097049
0.300000, 0.550000, 1.624937
0.350000, 0.550000, 1.963835
0.400000, 0.550000, 2.010677
0.450000, 0.550000, 1.764792
0.500000, 0.550000, 1.327923
0.550000, 0.550000, 0.865412
0.600000, 0.550000, 0.543356
0.650000, 0.550000, 0.465759
0.700000, 0.550000, 0.635643
0.750000, 0.550000, 0.954986
0.800000, 0.550000, 1.263462
0.850000, 0.550000, 1.401166
0.900000, 0.550000, 1.271332
0.950000, 0.550000, 0.879035
1.000000, 0.550000, 0.331073
1.050000, 0.550000, -0.202990
1.100000, 0.550000, -0.553773
1.150000, 0.550000, -0.615031
1.200000, 0.550000, -0.382590
1.250000, 0.550000, 0.045538
1.300000, 0.550000, 0.507893
1.350000, 0.550000, 0.842309
1.400000, 0.550000, 0.948674
1.450000, 0.550000, 0.827713
1.500000, 0.550000, 0.580959
1.550000, 0.550000, 0.371926
1.600000, 0.550000, 0.363290
1.650000, 0.550000, 0.654108
1.700000, 0.550000, 1.241037
1.750000, 0.550000, 2.018408
1.800000, 0.550000, 2.817143
1.850000, 0.550000, 3.467678
1.900000, 0.550000, 3.862903
1.950000, 0.550000, 3.997111
2.000000, 0.550000, 3.966129
0.000000, 0.600000, 0.880691
0.050000, 0.600000, 0.611290
0.100000, 0.600000, 0.493292
0.150000, 0.600000, 0.624796
0.200000, 0.600000, 1.002712
0.250000, 0.600000, 1.522848
0.300000, 0.600000, 2.018819
0.350000, 0.600000, 2.324924
0.400000, 0.600000, 2.339017
0.450000, 0.600000, 2.061355
0.500000, 0.600000, 1.594603
0.550000, 0.600000, 1.104993
0.600000, 0.600000, 0.759462
0.650000, 0.600000, 0.662778
0.700000, 0.600000, 0.818638
0.750000, 0.600000, 1.129587
0.800000, 0.600000, 1.435744
0.850000, 0.600000, 1.577514
0.900000, 0.600000, 1.458298
0.950000, 0.600000, 1.083190
1.000000, 0.600000, 0.558859
1.050000, 0.600000, 0.054585
1.100000, 0.600000, -0.260677
1.150000, 0.600000, -0.281243
1.200000, 0.600000, -0.003630
1.250000, 0.600000, 0.473351
1.300000, 0.600000, 0.987344
1.350000, 0.600000, 1.375209
1.400000, 0.600000, 1.535806
1.450000, 0.600000, 1.468797
1.500000, 0.600000, 1.274644
1.550000, 0.600000, 1.115795
1.600000, 0.600000, 1.153903
1.650000, 0.600000, 1.487052
1.700000, 0.600000, 2.111007
1.750000, 0.600000, 2.919305
1.800000, 0.600000, 3.742184
1.850000, 0.600000, 4.409528
1.900000, 0.600000, 4.813814
1.950000, 0.600000, 4.949069
2.000000, 0.600000, 4.911011
0.000000, 0.650000, 1.411845
0.050000, 0.650000, 1.122054
0.100000, 0.650000, 0.979485
0.150000, 0.650000, 1.082947
0.200000, 0.650000, 1.430150
0.250000, 0.650000, 1.917774
0.300000, 0.650000, 2.380356
0.350000, 0.650000, 2.653151
0.400000, 0.650000, 2.634974
0.450000, 0.650000, 2.327032
0.500000, 0.650000, 1.832903
0.550000, 0.650000, 1.319673
0.600000, 0.650000, 0.955055
0.650000, 0.650000, 0.844494
0.700000, 0.650000, 0.992252
0.750000, 0.650000, 1.301306
0.800000, 0.650000, 1.612067
0.850000, 0.650000, 1.765083
0.900000, 0.650000, 1.663741
0.950000, 0.650000, 1.312968
1.000000, 0.650000, 0.819106
1.050000, 0.650000, 0.350964
1.100000, 0.650000, 0.076881
1.150000, 0.650000, 0.101800
1.200000, 0.650000, 0.428347
1.250000, 0.650000, 0.956760
1.300000, 0.650000, 1.523657
1.350000, 0.650000, 1.964816
1.400000, 0.650000, 2.177988
1.450000, 0.650000, 2.161717
1.500000, 0.650000, 2.015365
1.550000, 0.650000, 1.900326
1.600000, 0.650000, 1.977258
1.650000, 0.650000, 2.343343
1.700000, 0.650000, 2.993548
1.750000, 0.650000, 3.820738
1.800000, 0.650000, 4.654620
1.850000, 0.650000, 5.324700
1.900000, 0.650000, 5.723235
1.950000, 0.650000, 5.844202
2.000000, 0.650000, 5.783436
0.000000, 0.700000, 1.922190
0.050000, 0.700000, 1.607598
0.100000, 0.700000, 1.436564
0.150000, 0.700000, 1.508743
0.200000, 0.700000, 1.822760
0.250000, 0.700000, 2.276267
0.300000, 0.700000, 2.704798
0.350000, 0.700000, 2.944610
0.400000, 0.700000, 2.895506
0.450000, 0.700000, 2.559635
0.500000, 0.700000, 2.041454
0.550000, 0.700000, 1.508843
0.600000, 0.700000, 1.130201
0.650000, 0.700000, 1.011538
0.700000, 0.700000, 1.157541
0.750000, 0.700000, 1.471464
0.800000, 0.700000, 1.793837
0.850000, 0.700000, 1.965163
0.900000, 0.700000, 1.888621
0.950000, 0.700000, 1.568769
1.000000, 0.700000, 1.111425
1.050000, 0.700000, 0.684732
1.100000, 0.700000, 0.456228
1.150000, 0.700000, 0.529942
1.200000, 0.700000, 0.907493
1.250000, 0.700000, 1.488037
1.300000, 0.700000, 2.107056
1.350000, 0.700000, 2.599175
1.400000, 0.700000, 2.860986
1.450000, 0.700000, 2.889902
1.500000, 0.700000, 2.784208
1.550000, 0.700000, 2.704293
1.600000, 0.700000, 2.809915
1.650000, 0.700000, 3.197470
1.700000, 0.700000, 3.861285
1.750000, 0.700000, 4.693732
1.800000, 0.700000, 5.524198
1.850000, 0.700000, 6.182040
1.900000, 0.700000, 6.559549
1.950000, 0.700000, 6.650919
2.000000, 0.700000, 6.552376
0.000000, 0.750000, 2.403957
0.050000, 0.750000, 2.060632
0.100000, 0.750000, 1.857817
0.150000, 0.750000, 1.896137
0.200000, 0.750000, 2.175238
0.250000, 0.750000, 2.593820
0.300000, 0.750000, 2.988473
0.350000, 0.750000, 3.196484
0.400000, 0.750000, 3.118641
0.450000, 0.750000, 2.758007
0.500000, 0.750000, 2.219858
0.550000, 0.750000, 1.672780
0.600000, 0.750000, 1.285744
0.650000, 0.750000, 1.165186
0.700000, 0.750000, 1.316058
0.750000, 0.750000, 1.641713
0.800000, 0.750000, 1.982606
0.850000, 0.750000, 2.178995
0.900000, 0.750000, 2.133646
0.950000, 0.750000, 1.850541
1.000000, 0.750000, 1.434774
1.050000, 0.750000, 1.053629
1.100000, 0.750000, 0.873671
1.150000, 0.750000, 0.997863
1.200000, 0.750000, 1.426682
1.250000, 0.750000, 2.058101
1.300000, 0.750000, 2.726400
1.350000, 0.750000, 3.265010
1.400000, 0.750000, 3.569366
1.450000, 0.750000, 3.635790
1.500000, 0.750000, 3.561562
1.550000, 0.750000, 3.506182
1.600000, 0.750000, 3.628656
1.650000, 0.750000, 4.024781
1.700000, 0.750000, 4.688454
1.750000, 0.750000, 5.511806
1.800000, 0.750000, 6.324167
1.850000, 0.750000, 6.955035
1.900000, 0.750000, 7.297039
1.950000, 0.750000, 7.344898
2.000000, 0.750000, 7.195546
0.000000, 0.800000, 2.850216
0.050000, 0.800000, 2.474801
0.100000, 0.800000, 2.237552
0.150000, 0.800000, 2.240171
0.200000, 0.800000, 2.483413
0.250000, 0.800000, 2.867091
0.300000, 0.800000, 3.228883
0.350000, 0.800000, 3.407114
0.400000, 0.800000, 3.303531
0.450000, 0.800000, 2.922056
0.500000, 0.800000, 2.368702
0.550000, 0.800000, 1.812643
0.600000, 0.800000, 1.423289
0.650000, 0.800000, 1.307335
0.700000, 0.800000, 1.469818
0.750000, 0.800000, 1.813994
0.800000, 0.800000, 2.180035
0.850000, 0.800000, 2.407744
0.900000, 0.800000, 2.399257
0.950000, 0.800000, 2.157778
1.000000, 0.800000, 1.787481
1.050000, 0.800000, 1.454614
1.100000, 0.800000, 1.324613
1.150000, 0.800000, 1.499243
1.200000, 0.800000, 1.977745
1.250000, 0.800000, 2.656843
1.300000, 0.800000, 3.369593
1.350000, 0.800000, 3.948245
1.400000, 0.800000, 4.287134
1.450000, 0.800000, 4.381587
1.500000, 0.800000, 4.328020
1.550000, 0.800000, 4.285224
1.600000, 0.800000, 4.411665
1.650000, 0.800000, 4.802792
1.700000, 0.800000, 5.452353
1.750000, 0.800000, 6.252536
1.800000, 0.800000, 7.032939
1.850000, 0.800000, 7.623534
1.900000, 0.800000, 7.917626
1.950000, 0.800000, 7.910796
2.000000, 0.800000, 7.701017
0.000000, 0.850000, 3.255050
0.050000, 0.850000, 2.844846
0.100000, 0.850000, 2.571237
0.150000, 0.850000, 2.537094
0.200000, 0.850000, 2.744353
0.250000, 0.850000, 3.093984
0.300000, 0.850000, 3.424765
0.350000, 0.850000, 3.576042
0.400000, 0.850000, 3.450474
0.450000, 0.850000, 3.052763
0.500000, 0.850000, 2.489545
0.550000, 0.850000, 1.930452
0.600000, 0.850000, 1.545164
0.650000, 0.850000, 1.440455
0.700000, 0.850000, 1.621249
0.750000, 0.850000, 1.990488
0.800000, 0.850000, 2.387848
0.850000, 0.850000, 2.652455
0.900000, 0.850000, 2.685608
0.950000, 0.850000, 2.489528
1.000000, 0.850000, 2.167291
1.050000, 0.850000, 1.883950
1.100000, 0.850000, 1.803683
1.150000, 0.850000, 2.026963
1.200000, 0.850000, 2.551740
1.250000, 0.850000, 3.273477
1.300000, 0.850000, 4.024030
1.350000, 0.850000, 4.634547
1.400000, 0.850000, 4.998383
1.450000, 0.850000, 5.110033
1.500000, 0.850000, 5.065257
1.550000, 0.850000, 5.022382
1.600000, 0.850000, 5.139616
1.650000, 0.850000, 5.512370
1.700000, 0.850000, 6.134576
1.750000, 0.850000, 6.898829
1.800000, 0.850000, 7.635355
1.850000, 0.850000, 8.174959
1.900000, 0.850000, 8.411970
1.950000, 0.850000, 8.343169
2.000000, 0.850000, 8.067871
0.000000, 0.900000, 3.613698
0.050000, 0.900000, 3.166731
0.100000, 0.900000, 2.855611
0.150000, 0.900000, 2.784458
0.200000, 0.900000, 2.956441
0.250000, 0.900000, 3.273705
0.300000, 0.900000, 3.576125
0.350000, 0.900000, 3.704028
0.400000, 0.900000, 3.560913
0.450000, 0.900000, 3.152156
0.500000, 0.900000, 2.584888
0.550000, 0.900000, 2.029036
0.600000, 0.900000, 1.654365
0.650000, 0.900000, 1.567531
0.700000, 0.900000, 1.773125
0.750000, 0.900000, 2.173556
0.800000, 0.900000, 2.607780
0.850000, 0.900000, 2.914026
0.900000, 0.900000, 2.992552
0.950000, 0.900000, 2.844411
1.000000, 0.900000, 2.571417
1.050000, 0.900000, 2.337302
1.100000, 0.900000, 2.304894
1.150000, 0.900000, 2.573326
1.200000, 0.900000, 3.139251
1.250000, 0.900000, 3.896912
1.300000, 0.900000, 4.677061
1.350000, 0.900000, 5.309883
1.400000, 0.900000, 5.687941
1.450000, 0.900000, 5.805136
1.500000, 0.900000, 5.756844
1.550000, 0.900000, 5.701237
1.600000, 0.900000, 5.796606
1.650000, 0.900000, 6.138685
1.700000, 0.900000, 6.721962
1.750000, 0.900000, 7.439818
1.800000, 0.900000, 8.123475
1.850000, 0.900000, 8.604926
1.900000, 0.900000, 8.779855
1.950000, 0.900000, 8.646531
2.000000, 0.900000, 8.305863
0.000000, 0.950000, 3.922673
0.050000, 0.950000, 3.437743
0.100000, 0.950000, 3.088768
0.150000, 0.950000, 2.981179
0.200000, 0.950000, 3.119406
0.250000, 0.950000, 3.406780
0.300000, 0.950000, 3.684240
0.350000, 0.950000, 3.793032
0.400000, 0.950000, 3.637400
0.450000, 0.950000, 3.223271
0.500000, 0.950000, 2.658112
0.550000, 0.950000, 2.111966
0.600000, 0.950000, 1.754485
0.650000, 0.950000, 1.691986
0.700000, 0.950000, 1.928500
0.750000, 0.950000, 2.365678
0.800000, 0.950000, 2.841527
0.850000, 0.950000, 3.193174
0.900000, 0.950000, 3.319638
0.950000, 0.950000, 3.220642
1.000000, 0.950000, 2.996610
1.050000, 0.950000, 2.809858
1.100000, 0.950000, 2.821822
1.150000, 0.950000, 3.130294
1.200000, 0.950000, 3.730687
1.250000, 0.950000, 4.516135
1.300000, 0.950000, 5.316442
1.350000, 0.950000, 5.961045
1.400000, 0.950000, 6.341974
1.450000, 0.950000, 6.452833
1.500000, 0.950000, 6.388954
1.550000, 0.950000, 6.308720
1.600000, 0.950000, 6.370886
1.650000, 0.950000, 6.671899
1.700000, 0.950000, 7.207197
1.750000, 0.950000, 7.871318
1.800000, 0.950000, 8.496831
1.850000, 0.950000, 8.917232
1.900000, 0.950000, 9.029822
1.950000, 0.950000, 8.834570
2.000000, 0.950000, 8.434115
0.000000, 1.000000, 4.179847
0.050000, 1.000000, 3.656557
0.100000, 1.000000, 3.270200
0.150000, 1.000000, 3.127559
0.200000, 1.000000, 3.234343
0.250000, 1.000000, 3.495047
0.300000, 1.000000, 3.751626
0.350000, 1.000000, 3.846165
0.400000, 1.000000, 3.683536
0.450000, 1.000000, 3.270069
0.500000, 1.000000, 2.713395
0.550000, 1.000000, 2.183471
0.600000, 1.000000, 1.849620
0.650000, 1.000000, 1.817590
0.700000, 1.000000, 2.090624
0.750000, 1.000000, 2.569378
0.800000, 1.000000, 3.090698
0.850000, 1.000000, 3.490403
0.900000, 1.000000, 3.666111
0.950000, 1.000000, 3.616077
1.000000, 1.000000, 3.439239
1.050000, 1.000000, 3.296459
1.100000, 1.000000, 3.347783
1.150000, 1.000000, 3.689734
1.200000, 1.000000, 4.316600
1.250000, 1.000000, 5.120584
1.300000, 1.000000, 5.930779
1.350000, 1.000000, 6.576149
1.400000, 1.000000, 6.948519
1.450000, 1.000000, 7.041558
1.500000, 1.000000, 6.950940
1.550000, 1.000000, 6.835658
1.600000, 1.000000, 6.855340
1.650000, 1.000000, 7.107543
1.700000, 1.000000, 7.589024
1.750000, 1.000000, 8.195822
1.800000, 1.000000, 8.762141
1.850000, 1.000000, 9.123209
1.900000, 1.000000, 9.178106
1.950000, 1.000000, 8.928577
2.000000, 1.000000, 8.478986
0.000000, 1.050000, 4.384505
0.050000, 1.050000, 3.823272
0.100000, 1.050000, 3.400812
0.150000, 1.050000, 3.225285
0.200000, 1.050000, 3.303674
0.250000, 1.050000, 3.541605
0.300000, 1.050000, 3.781981
0.350000, 1.050000, 3.867620
0.400000, 1.050000, 3.703888
0.450000, 1.050000, 3.297352
0.500000, 1.050000, 2.755614
0.550000, 1.050000, 2.248331
0.600000, 1.050000, 1.944269
0.650000, 1.050000, 1.948371
0.700000, 1.050000, 2.262852
0.750000, 1.050000, 2.787155
0.800000, 1.050000, 3.356753
0.850000, 1.050000, 3.805984
0.900000, 1.050000, 4.030918
0.950000, 1.050000, 4.028248
1.000000, 1.050000, 3.895381
1.050000, 1.050000, 3.791733
1.100000, 1.050000, 3.876034
1.150000, 1.050000, 4.243663
1.200000, 1.050000, 4.887981
1.250000, 1.050000, 5.700507
1.300000, 1.050000, 6.509922
1.350000, 1.050000, 7.145067
1.400000, 1.050000, 7.497941
1.450000, 1.050000, 7.562685
1.500000, 1.050000, 7.435733
1.550000, 1.050000, 7.277106
1.600000, 1.050000, 7.247705
1.650000, 1.050000, 7.446561
1.700000, 1.050000, 7.872076
1.750000, 1.050000, 8.422048
1.800000, 1.050000, 8.932510
1.850000, 1.050000, 9.240525
1.900000, 1.050000, 9.246967
1.950000, 1.050000, 8.955272
2.000000, 1.050000, 8.471342
0.000000, 1.100000, 4.537363
0.050000, 1.100000, 3.939407
0.100000, 1.100000, 3.482899
0.150000, 1.100000, 3.277384
0.200000, 1.100000, 3.331100
0.250000, 1.100000, 3.550748
0.300000, 1.100000, 3.780093
0.350000, 1.100000, 3.862565
0.400000, 1.100000, 3.703873
0.450000, 1.100000, 3.310637
0.500000, 1.100000, 2.790221
0.550000, 1.100000, 2.311758
0.600000, 1.100000, 2.043217
0.650000, 1.100000, 2.088498
0.700000, 1.100000, 2.448559
0.750000, 1.100000, 3.021409
0.800000, 1.100000, 3.640963
0.850000, 1.100000, 4.139928
0.900000, 1.100000, 4.412722
0.950000, 1.100000, 4.454422
1.000000, 1.100000, 4.360917
1.050000, 1.100000, 4.290245
1.100000, 1.100000, 4.399960
1.150000, 1.100000, 4.784498
1.200000, 1.100000, 5.436555
1.250000, 1.100000, 6.247285
1.300000, 1.100000, 7.045322
1.350000, 1.100000, 7.659785
1.400000, 1.100000, 7.983272
1.450000, 1.100000, 8.010829
1.500000, 1.100000, 7.840072
1.550000, 1.100000, 7.632453
1.600000, 1.100000, 7.550502
1.650000, 1.100000, 7.695033
1.700000, 1.100000, 8.066320
1.750000, 1.100000, 8.564069
1.800000, 1.100000, 9.026187
1.850000, 1.100000, 9.291522
1.900000, 1.100000, 9.262577
1.950000, 1.100000, 8.944208
2.000000, 1.100000, 8.443477
0.000000, 1.150000, 4.640548
0.050000, 1.150000, 4.007861
0.100000, 1.150000, 3.520089
0.150000, 1.150000, 3.288151
0.200000, 1.150000, 3.321502
0.250000, 1.150000, 3.527851
0.300000, 1.150000, 3.751723
0.350000, 1.150000, 3.837022
0.400000, 1.150000, 3.689630
0.450000, 1.150000, 3.316025
0.500000, 1.150000, 2.823112
0.550000, 1.150000, 2.379265
0.600000, 1.150000, 2.151416
0.650000, 1.150000, 2.242182
0.700000, 1.150000, 2.651038
0.750000, 1.150000, 3.274365
0.800000, 1.150000, 3.944357
0.850000, 1.150000, 4.491973
0.900000, 1.150000, 4.809918
0.950000, 1.150000, 4.891659
1.000000, 1.150000, 4.831632
1.050000, 1.150000, 4.786639
1.100000, 1.150000, 4.913263
1.150000, 1.150000, 5.305273
1.200000, 1.150000, 5.955032
1.250000, 1.150000, 6.753710
1.300000, 1.150000, 7.530311
1.350000, 1.150000, 8.114674
1.400000, 1.150000, 8.400440
1.450000, 1.150000, 8.383991
1.500000, 1.150000, 8.164530
1.550000, 1.150000, 7.905290
1.600000, 1.150000, 7.770714
1.650000, 1.150000, 7.863597
1.700000, 1.150000, 8.186189
1.750000, 1.150000, 8.640098
1.800000, 1.150000, 9.064985
1.850000, 1.150000, 9.301243
1.900000, 1.150000, 9.252650
1.950000, 1.150000, 8.925018
2.000000, 1.150000, 8.426006
0.000000, 1.200000, 4.697546
0.050000, 1.200000, 4.032848
0.100000, 1.200000, 3.517255
0.150000, 1.200000, 3.263041
0.200000, 1.200000, 3.280827
0.250000, 1.200000, 3.479247
0.300000, 1.200000, 3.703466
0.350000, 1.200000, 3.797716
0.400000, 1.200000, 3.667869
0.450000, 1.200000, 3.320050
0.500000, 1.200000, 2.860479
0.550000, 1.200000, 2.456530
0.600000, 1.200000, 2.273853
0.650000, 1.200000, 2.413553
0.700000, 1.200000, 2.873414
0.750000, 1.200000, 3.548008
0.800000, 1.200000, 4.267683
0.850000, 1.200000, 4.861574
0.900000, 1.200000, 5.220667
0.950000, 1.200000, 5.336876
1.000000, 1.200000, 5.303322
1.050000, 1.200000, 5.275781
1.100000, 1.200000, 5.410144
1.150000, 1.200000, 5.799856
1.200000, 1.200000, 6.437340
1.250000, 1.200000, 7.214217
1.300000, 1.200000, 7.960317
1.350000, 1.200000, 8.506657
1.400000, 1.200000, 8.748360
1.450000, 1.200000, 8.683552
1.500000, 1.200000, 8.413362
1.550000, 1.200000, 8.103072
1.600000, 1.200000, 7.919210
1.650000, 1.200000, 7.966612
1.700000, 1.200000, 8.249446
1.750000, 1.200000, 8.671036
1.800000, 1.200000, 9.072490
1.850000, 1.200000, 9.295315
1.900000, 1.200000, 9.244022
1.950000, 1.200000, 8.924743
2.000000, 1.200000, 8.445024
0.000000, 1.250000, 4.713120
0.050000, 1.250000, 4.019786
0.100000, 1.250000, 3.480394
0.150000, 1.250000, 3.208537
0.200000, 1.250000, 3.215939
0.250000, 1.250000, 3.412064
0.300000, 1.250000, 3.642590
0.350000, 1.250000, 3.751914
0.400000, 1.250000, 3.645705
0.450000, 1.250000, 3.329520
0.500000, 1.250000, 2.908657
0.550000, 1.250000, 2.549247
0.600000, 1.250000, 2.415423
0.650000, 1.250000, 2.606555
0.700000, 1.250000, 3.118546
0.750000, 1.250000, 3.844016
0.800000, 1.250000, 4.611370
0.850000, 1.250000, 5.247900
0.900000, 1.250000, 5.642917
0.950000, 1.250000, 5.786912
1.000000, 1.250000, 5.771895
1.050000, 1.250000, 5.752896
1.100000, 1.250000, 5.885463
1.150000, 1.250000, 6.263122
1.200000, 1.250000, 6.878806
1.250000, 1.250000, 7.625052
1.300000, 1.250000, 8.332994
1.350000, 1.250000, 8.835272
1.400000, 1.250000, 9.028905
1.450000, 1.250000, 8.914098
1.500000, 1.250000, 8.594163
1.550000, 1.250000, 8.236573
1.600000, 1.250000, 8.009967
1.650000, 1.250000, 8.021115
1.700000, 1.250000, 8.275863
1.750000, 1.250000, 8.678875
1.800000, 1.250000, 9.072205
1.850000, 1.250000, 9.297864
1.900000, 1.250000, 9.260399
1.950000, 1.250000, 8.965500
2.000000, 1.250000, 8.519808
0.000000, 1.300000, 4.693185
0.050000, 1.300000, 3.975169
0.100000, 1.300000, 3.416481
0.150000, 1.300000, 3.131991
0.200000, 1.300000, 3.134452
0.250000, 1.300000, 3.334056
0.300000, 1.300000, 3.576858
0.350000, 1.300000, 3.707246
0.400000, 1.300000, 3.630488
0.450000, 1.300000, 3.351347
0.500000, 1.300000, 2.973963
0.550000, 1.300000, 2.662985
0.600000, 1.300000, 2.580799
0.650000, 1.300000, 2.824834
0.700000, 1.300000, 3.388948
0.750000, 1.300000, 4.163698
0.800000, 1.300000, 4.975503
0.850000, 1.300000, 5.649836
0.900000, 1.300000, 6.074449
0.950000, 1.300000, 6.238603
1.000000, 1.300000, 6.233472
1.050000, 1.300000, 6.213693
1.100000, 1.300000, 6.334882
1.150000, 1.300000, 6.691106
1.200000, 1.300000, 7.276289
1.250000, 1.300000, 7.984376
1.300000, 1.300000, 8.648263
1.350000, 1.300000, 9.102634
1.400000, 1.300000, 9.246743
1.450000, 1.300000, 9.083116
1.500000, 1.300000, 8.717379
1.550000, 1.300000, 8.319189
1.600000, 1.300000, 8.059145
1.650000, 1.300000, 8.045663
1.700000, 1.300000, 8.285829
1.750000, 1.300000, 8.685089
1.800000, 1.300000, 9.085773
1.850000, 1.300000, 9.329642
1.900000, 1.300000, 9.320475
1.950000, 1.300000, 9.062705
2.000000, 1.300000, 8.661278
0.000000, 1.350000, 4.644673
0.050000, 1.350000, 3.906404
0.100000, 1.350000, 3.333296
0.150000, 1.350000, 3.041440
0.200000, 1.350000, 3.044543
0.250000, 1.350000, 3.253413
0.300000, 1.350000, 3.514335
0.350000, 1.350000, 3.671516
0.400000, 1.350000, 3.629614
0.450000, 1.350000, 3.392374
0.500000, 1.350000, 3.062540
0.550000, 1.350000, 2.803043
0.600000, 1.350000, 2.774306
0.650000, 1.350000, 3.071636
0.700000, 1.350000, 3.686709
0.750000, 1.350000, 4.507950
0.800000, 1.350000, 5.359797
0.850000, 1.350000, 6.065995
0.900000, 1.350000, 6.512913
0.950000, 1.350000, 6.688848
1.000000, 1.350000, 6.684485
1.050000, 1.350000, 6.654480
1.100000, 1.350000, 6.754988
1.150000, 1.350000, 7.081112
1.200000, 1.350000, 7.628270
1.250000, 1.350000, 8.292297
1.300000, 1.350000, 8.908276
1.350000, 1.350000, 9.313286
1.400000, 1.350000, 9.409057
1.450000, 1.350000, 9.200556
1.500000, 1.350000, 8.795687
1.550000, 1.350000, 8.366116
1.600000, 1.350000, 8.084065
1.650000, 1.350000, 8.059110
1.700000, 1.350000, 8.298965
1.750000, 1.350000, 8.709132
1.800000, 1.350000, 9.131420
1.850000, 1.350000, 9.406503
1.900000, 1.350000, 9.436562
1.950000, 1.350000, 9.223992
2.000000, 1.350000, 8.871360
0.000000, 1.400000, 4.575351
0.050000, 1.400000, 3.821629
0.100000, 1.400000, 3.239230
0.150000, 1.400000, 2.945413
0.200000, 1.400000, 2.954751
0.250000, 1.400000, 3.178555
0.300000, 1.400000, 3.463195
0.350000, 1.400000, 3.652513
0.400000, 1.400000, 3.650351
0.450000, 1.400000, 3.459209
0.500000, 1.400000, 3.180200
0.550000, 1.400000, 2.974314
0.600000, 1.400000, 2.999809
0.650000, 1.400000, 3.349713
0.700000, 1.400000, 4.013425
0.750000, 1.400000, 4.877212
0.800000, 1.400000, 5.763591
0.850000, 1.400000, 6.494736
0.900000, 1.400000, 6.955877
0.950000, 1.400000, 7.134682
1.000000, 1.400000, 7.121760
1.050000, 1.400000, 7.072260
1.100000, 1.400000, 7.143380
1.150000, 1.400000, 7.431783
1.200000, 1.400000, 7.934880
1.250000, 1.400000, 8.550836
1.300000, 1.400000, 9.117290
1.350000, 1.400000, 9.473963
1.400000, 1.400000, 9.525173
1.450000, 1.400000, 9.278287
1.500000, 1.400000, 8.843286
1.550000, 1.400000, 8.393468
1.600000, 1.400000, 8.102159
1.650000, 1.400000, 8.079429
1.700000, 1.400000, 8.332851
1.750000, 1.400000, 8.767148
1.800000, 1.400000, 9.222739
1.850000, 1.400000, 9.538374
1.900000, 1.400000, 9.613869
1.950000, 1.400000, 9.448940
2.000000, 1.400000, 9.143309
0.000000, 1.450000, 4.493639
0.050000, 1.450000, 3.729515
0.100000, 1.450000, 3.143086
0.150000, 1.450000, 2.852717
0.200000, 1.450000, 2.873766
0.250000, 1.450000, 3.117931
0.300000, 1.450000, 3.431516
0.350000, 1.450000, 3.657819
0.400000, 1.450000, 3.699657
0.450000, 1.450000, 3.558057
0.500000, 1.450000, 3.332277
0.550000, 1.450000, 3.181153
0.600000, 1.450000, 3.260601
0.650000, 1.450000, 3.661243
0.700000, 1.450000, 4.370143
0.750000, 1.450000, 5.271437
0.800000, 1.450000, 6.185845
0.850000, 1.450000, 6.934187
0.900000, 1.450000, 7.400872
0.950000, 1.450000, 7.573342
1.000000, 1.450000, 7.542601
1.050000, 1.450000, 7.464805
1.100000, 1.450000, 7.498738
1.150000, 1.450000, 7.743136
1.200000, 1.450000, 8.197872
1.250000, 1.450000, 8.763829
1.300000, 1.450000, 9.281465
1.350000, 1.450000, 9.593263
1.400000, 1.450000, 9.606089
1.450000, 1.450000, 9.329489
1.500000, 1.450000, 8.875125
1.550000, 1.450000, 8.417372
1.600000, 1.450000, 8.129954
1.650000, 1.450000, 8.122630
1.700000, 1.450000, 8.401957
1.750000, 1.450000, 8.870987
1.800000, 1.450000, 9.367903
1.850000, 1.450000, 9.728779
1.900000, 1.450000, 9.850468
1.950000, 1.450000, 9.729612
2.000000, 1.450000, 9.462935
0.000000, 1.500000, 4.408397
0.050000, 1.500000, 3.639050
0.100000, 1.500000, 3.053855
0.150000, 1.500000, 2.772223
0.200000, 1.500000, 2.810217
0.250000, 1.500000, 3.079808
0.300000, 1.500000, 3.427087
0.350000, 1.500000, 3.694622
0.400000, 1.500000, 3.784003
0.450000, 1.500000, 3.694564
0.500000, 1.500000, 3.523491
0.550000, 1.500000, 3.427268
0.600000, 1.500000, 3.559316
0.650000, 1.500000, 4.007760
0.700000, 1.500000, 4.757317
0.750000, 1.500000, 5.690076
0.800000, 1.500000, 6.625147
0.850000, 1.500000, 7.382280
0.900000, 1.500000, 7.845448
0.950000, 1.500000, 8.002332
1.000000, 1.500000, 7.944850
1.050000, 1.500000, 7.830721
1.100000, 1.500000, 7.820849
1.150000, 1.500000, 8.016543
1.200000, 1.500000, 8.420551
1.250000, 1.500000, 8.936763
1.300000, 1.500000, 9.408596
1.350000, 1.500000, 9.681262
1.400000, 1.500000, 9.663955
1.450000, 1.500000, 9.367993
1.500000, 1.500000, 8.906134
1.550000, 1.500000, 8.453098
1.600000, 1.500000, 8.182162
1.650000, 1.500000, 8.201867
1.700000, 1.500000, 8.516838
1.750000, 1.500000, 9.027601
1.800000, 1.500000, 9.569362
1.850000, 1.500000, 9.974957
1.900000, 1.500000, 10.137948
1.950000, 1.500000, 10.051844
2.000000, 1.500000, 9.810610
0.000000, 1.550000, 4.328709
0.050000, 1.550000, 3.559319
0.100000, 1.550000, 2.980496
0.150000, 1.550000, 2.712648
0.200000, 1.550000, 2.772461
0.250000, 1.550000, 3.072072
0.300000, 1.550000, 3.457210
0.350000, 1.550000, 3.769541
0.400000, 1.550000, 3.909220
0.450000, 1.550000, 3.873679
0.500000, 1.550000, 3.757824
0.550000, 1.550000, 3.715614
0.600000, 1.550000, 3.897846
0.650000, 1.550000, 4.390099
0.700000, 1.550000, 5.174781
0.750000, 1.550000, 6.132076
0.800000, 1.550000, 7.079730
0.850000, 1.550000, 7.836784
0.900000, 1.550000, 8.287220
0.950000, 1.550000, 8.419476
1.000000, 1.550000, 8.326947
1.050000, 1.550000, 8.169473
1.100000, 1.550000, 8.110609
1.150000, 1.550000, 8.254682
1.200000, 1.550000, 8.607640
1.250000, 1.550000, 9.076552
1.300000, 1.550000, 9.507785
1.350000, 1.550000, 9.749069
1.400000, 1.550000, 9.711516
1.450000, 1.550000, 9.407619
1.500000, 1.550000, 8.950477
1.550000, 1.550000, 8.514277
1.600000, 1.550000, 8.270913
1.650000, 1.550000, 8.326764
1.700000, 1.550000, 8.683657
1.750000, 1.550000, 9.238849
1.800000, 1.550000, 9.824041
1.850000, 1.550000, 10.268556
1.900000, 1.550000, 10.462685
1.950000, 1.550000, 10.397153
2.000000, 1.550000, 10.163839
0.000000, 1.600000, 4.263659
0.050000, 1.600000, 3.499279
0.100000, 1.600000, 2.931719
0.150000, 1.600000, 2.682338
0.200000, 1.600000, 2.768376
0.250000, 1.600000, 3.102028
0.300000, 1.600000, 3.528526
0.350000, 1.600000, 3.888458
0.400000, 1.600000, 4.080349
0.450000, 1.600000, 4.099524
0.500000, 1.600000, 4.038418
0.550000, 1.600000, 4.048312
0.600000, 1.600000, 4.277288
0.650000, 1.600000, 4.808365
0.700000, 1.600000, 5.621736
0.750000, 1.600000, 6.595883
0.800000, 1.600000, 7.547504
0.850000, 1.600000, 8.295351
0.900000, 1.600000, 8.723923
0.950000, 1.600000, 8.822976
1.000000, 1.600000, 8.687963
1.050000, 1.600000, 8.481405
1.100000, 1.600000, 8.369992
1.150000, 1.600000, 8.461439
1.200000, 1.600000, 8.765111
1.250000, 1.600000, 9.191279
1.300000, 1.600000, 9.589075
1.350000, 1.600000, 9.808353
1.400000, 1.600000, 9.761541
1.450000, 1.600000, 9.461535
1.500000, 1.600000, 9.020875
1.550000, 1.600000, 8.612247
1.600000, 1.600000, 8.405190
1.650000, 1.600000, 8.503030
1.700000, 1.600000, 8.904050
1.750000, 1.600000, 9.501729
1.800000, 1.600000, 10.124019
1.850000, 1.600000, 10.596824
1.900000, 1.600000, 10.807601
1.950000, 1.600000, 10.745072
2.000000, 1.600000, 10.500127
0.000000, 1.650000, 4.222107
0.050000, 1.650000, 3.467539
0.100000, 1.650000, 2.915769
0.150000, 1.650000, 2.689066
0.200000, 1.650000, 2.805166
0.250000, 1.650000, 3.176227
0.300000, 1.650000, 3.646850
0.350000, 1.650000, 4.056377
0.400000, 1.650000, 4.301516
0.450000, 1.650000, 4.375291
0.500000, 1.650000, 4.367491
0.550000, 1.650000, 4.426589
0.600000, 1.650000, 4.697896
0.650000, 1.650000, 5.261909
0.700000, 1.650000, 6.096751
0.750000, 1.650000, 7.079467
0.800000, 1.650000, 8.026091
0.850000, 1.650000, 8.755564
0.900000, 1.650000, 9.153461
0.950000, 1.650000, 9.211449
1.000000, 1.650000, 9.027626
1.050000, 1.650000, 8.767721
1.100000, 1.650000, 8.601982
1.150000, 1.650000, 8.641781
1.200000, 1.650000, 8.899972
1.250000, 1.650000, 9.289887
1.300000, 1.650000, 9.663052
1.350000, 1.650000, 9.870857
1.400000, 1.650000, 9.826270
1.450000, 1.650000, 9.541670
1.500000, 1.650000, 9.128038
1.550000, 1.650000, 8.755557
1.600000, 1.650000, 8.590489
1.650000, 1.650000, 8.732348
1.700000, 1.650000, 9.175356
1.750000, 1.650000, 9.808995
1.800000, 1.650000, 10.457612
1.850000, 1.650000, 10.944195
1.900000, 1.650000, 11.154244
1.950000, 1.650000, 11.075675
2.000000, 1.650000, 10.799846
0.000000, 1.700000, 4.212472
0.050000, 1.700000, 3.472150
0.100000, 1.700000, 2.940219
0.150000, 1.700000, 2.739838
0.200000, 1.700000, 2.889187
0.250000, 1.700000, 3.300303
0.300000, 1.700000, 3.817028
0.350000, 1.700000, 4.277302
0.400000, 1.700000, 4.575831
0.450000, 1.700000, 4.703157
0.500000, 1.700000, 4.746271
0.550000, 1.700000, 4.850735
0.600000, 1.700000, 5.159069
0.650000, 1.700000, 5.749332
0.700000, 1.700000, 6.597783
0.750000, 1.700000, 7.580358
0.800000, 1.700000, 8.512869
0.850000, 1.700000, 9.214988
0.900000, 1.700000, 9.573956
0.950000, 1.700000, 9.583963
1.000000, 1.700000, 9.346324
1.050000, 1.700000, 9.030453
1.100000, 1.700000, 8.810486
1.150000, 1.700000, 8.801591
1.200000, 1.700000, 9.020024
1.250000, 1.700000, 9.381852
1.300000, 1.700000, 9.740435
1.350000, 1.700000, 9.947929
1.400000, 1.700000, 9.916910
1.450000, 1.700000, 9.658215
1.500000, 1.700000, 9.280228
1.550000, 1.700000, 8.949667
1.600000, 1.700000, 8.828727
1.650000, 1.700000, 9.012574
1.700000, 1.700000, 9.491155
1.750000, 1.700000, 10.150120
1.800000, 1.700000, 10.810771
1.850000, 1.700000, 11.294122
1.900000, 1.700000, 11.484996
1.950000, 1.700000, 11.372050
2.000000, 1.700000, 11.048806
0.000000, 1.750000, 4.242524
0.050000, 1.750000, 3.520404
0.100000, 1.750000, 3.011790
0.150000, 1.750000, 2.840723
0.200000, 1.750000, 3.025791
0.250000, 1.750000, 3.478833
0.300000, 1.750000, 4.042819
0.350000, 1.750000, 4.554131
0.400000, 1.750000, 4.905304
0.450000, 1.750000, 5.084230
0.500000, 1.750000, 5.174964
0.550000, 1.750000, 5.320086
0.600000, 1.750000, 5.659346
0.650000, 1.750000, 6.268501
0.700000, 1.750000, 7.122210
0.750000, 1.750000, 8.095690
0.800000, 1.750000, 9.005032
0.850000, 1.750000, 9.671221
0.900000, 1.750000, 9.983792
0.950000, 1.750000, 9.940064
1.000000, 1.750000, 9.645101
1.050000, 1.750000, 9.272406
1.100000, 1.750000, 9.000215
1.150000, 1.750000, 8.947479
1.200000, 1.750000, 9.133593
1.250000, 1.750000, 9.476843
1.300000, 1.750000, 9.831675
1.350000, 1.750000, 10.050076
1.400000, 1.750000, 10.043187
1.450000, 1.750000, 9.819225
1.500000, 1.750000, 9.482970
1.550000, 1.750000, 9.196839
1.600000, 1.750000, 9.118385
1.650000, 1.750000, 9.338192
1.700000, 1.750000, 9.842100
1.750000, 1.750000, 10.512513
1.800000, 1.750000, 11.168676
1.850000, 1.750000, 11.630981
1.900000, 1.750000, 11.785191
1.950000, 1.750000, 11.622464
2.000000, 1.750000, 11.240261
0.000000, 1.800000, 4.319191
0.050000, 1.800000, 3.618654
0.100000, 1.800000, 3.136183
0.150000, 1.800000, 2.996703
0.200000, 1.800000, 3.219191
0.250000, 1.800000, 3.715227
0.300000, 1.800000, 4.326798
0.350000, 1.800000, 4.888588
0.400000, 1.800000, 5.290797
0.450000, 1.800000, 5.518510
0.500000, 1.800000, 5.652735
0.550000, 1.800000, 5.833028
0.600000, 1.800000, 6.196432
0.650000, 1.800000, 6.816591
0.700000, 1.800000, 7.666883
0.750000, 1.800000, 8.622258
0.800000, 1.800000, 9.499642
0.850000, 1.800000, 10.121954
0.900000, 1.800000, 10.381656
0.950000, 1.800000, 10.279785
1.000000, 1.800000, 9.925628
1.050000, 1.800000, 9.497074
1.100000, 1.800000, 9.176541
1.150000, 1.800000, 9.086574
1.200000, 1.800000, 9.249255
1.250000, 1.800000, 9.584381
1.300000, 1.800000, 9.946566
1.350000, 1.800000, 10.186571
1.400000, 1.800000, 10.212985
1.450000, 1.800000, 10.030348
1.500000, 1.800000, 9.738938
1.550000, 1.800000, 9.496238
1.600000, 1.800000, 9.454883
1.650000, 1.800000, 9.701016
1.700000, 1.800000, 10.216958
1.750000, 1.800000, 10.882883
1.800000, 1.800000, 11.517378
1.850000, 1.800000, 11.941889
1.900000, 1.800000, 12.044943
1.950000, 1.800000, 11.822017
2.000000, 1.800000, 11.376139
0.000000, 1.850000, 4.448391
0.050000, 1.850000, 3.772163
0.100000, 1.850000, 3.317936
0.150000, 1.850000, 3.211550
0.200000, 1.850000, 3.472361
0.250000, 1.850000, 4.011642
0.300000, 1.850000, 4.670300
0.350000, 1.850000, 5.281181
0.400000, 1.850000, 5.731997
0.450000, 1.850000, 6.004890
0.500000, 1.850000, 6.177725
0.550000, 1.850000, 6.387027
0.600000, 1.850000, 6.767240
0.650000, 1.850000, 7.390135
0.700000, 1.850000, 8.228189
0.750000, 1.850000, 9.156590
0.800000, 1.850000, 9.993701
0.850000, 1.850000, 10.565022
0.900000, 1.850000, 10.766571
0.950000, 1.850000, 10.603649
1.000000, 1.850000, 10.190159
1.050000, 1.850000, 9.708553
1.100000, 1.850000, 9.345340
1.150000, 1.850000, 9.226296
1.200000, 1.850000, 9.375543
1.250000, 1.850000, 9.713504
1.300000, 1.850000, 10.093899
1.350000, 1.850000, 10.365118
1.400000, 1.850000, 10.432084
1.450000, 1.850000, 10.294688
1.500000, 1.850000, 10.047998
1.550000, 1.850000, 9.844217
1.600000, 1.850000, 9.831151
1.650000, 1.850000, 10.091063
1.700000, 1.850000, 10.603773
1.750000, 1.850000, 11.248652
1.800000, 1.850000, 11.845353
1.850000, 1.850000, 12.218257
1.900000, 1.850000, 12.260521
1.950000, 1.850000, 11.973601
2.000000, 1.850000, 11.467359
0.000000, 1.900000, 4.634885
0.050000, 1.900000, 3.984967
0.100000, 1.900000, 3.560316
0.150000, 1.900000, 3.487733
0.200000, 1.900000, 3.786963
0.250000, 1.900000, 4.368933
0.300000, 1.900000, 5.073380
0.350000, 1.900000, 5.731183
0.400000, 1.900000, 6.227424
0.450000, 1.900000, 6.541172
0.500000, 1.900000, 6.747083
0.550000, 1.900000, 6.978679
0.600000, 1.900000, 7.367953
0.650000, 1.900000, 7.985096
0.700000, 1.900000, 8.802124
0.750000, 1.900000, 9.695021
0.800000, 1.900000, 10.484220
0.850000, 1.900000, 10.998460
0.900000, 1.900000, 11.137926
0.950000, 1.900000, 10.912666
1.000000, 1.900000, 10.441483
1.050000, 1.900000, 9.911422
1.100000, 1.900000, 9.512821
1.150000, 1.900000, 9.374130
1.200000, 1.900000, 9.520677
1.250000, 1.900000, 9.872466
1.300000, 1.900000, 10.281159
1.350000, 1.900000, 10.591604
1.400000, 1.900000, 10.704005
1.450000, 1.900000, 10.612803
1.500000, 1.900000, 10.407415
1.550000, 1.900000, 10.234773
1.600000, 1.900000, 10.238355
1.650000, 1.900000, 10.497539
1.700000, 1.900000, 10.991074
1.750000, 1.900000, 11.599289
1.800000, 1.900000, 12.144834
1.850000, 1.900000, 12.456948
1.900000, 1.900000, 12.435122
1.950000, 1.900000, 12.088075
2.000000, 1.900000, 11.533197
0.000000, 1.950000, 4.882160
0.050000, 1.950000, 4.259780
0.100000, 1.950000, 3.865239
0.150000, 1.950000, 3.826359
0.200000, 1.950000, 4.163305
0.250000, 1.950000, 4.786627
0.300000, 1.950000, 5.534813
0.350000, 1.950000, 6.236653
0.400000, 1.950000, 6.774460
0.450000, 1.950000, 7.124119
0.500000, 1.950000, 7.357033
0.550000, 1.950000, 7.603781
0.600000, 1.950000, 7.994102
0.650000, 1.950000, 8.596958
0.700000, 1.950000, 9.384388
0.750000, 1.950000, 10.233773
0.800000, 1.950000, 10.968284
0.850000, 1.950000, 11.420552
0.900000, 1.950000, 11.495496
0.950000, 1.950000, 11.208308
1.000000, 1.950000, 10.682848
1.050000, 1.950000, 10.110620
1.100000, 1.950000, 9.685346
1.150000, 1.950000, 9.537391
1.200000, 1.950000, 9.692292
1.250000, 1.950000, 10.068460
1.300000, 1.950000, 10.514282
1.350000, 1.950000, 10.869927
1.400000, 1.950000, 11.029969
1.450000, 1.950000, 10.982840
1.500000, 1.950000, 10.812204
1.550000, 1.950000, 10.660135
1.600000, 1.950000, 10.666720
1.650000, 1.950000, 10.909863
1.700000, 1.950000, 11.369021
1.750000, 1.950000, 11.927456
1.800000, 1.950000, 12.412802
1.850000, 1.950000, 12.660921
1.900000, 1.950000, 12.578968
1.950000, 1.950000, 12.183629
2.000000, 1.950000, 11.599750
0.000000, 2.000000, 5.192345
0.050000, 2.000000, 4.597928
0.100000, 2.000000, 4.233218
0.150000, 2.000000, 4.227144
0.200000, 2.000000, 4.600332
0.250000, 2.000000, 5.262940
0.300000, 2.000000, 6.052128
0.350000, 2.000000, 6.794479
0.400000, 2.000000, 7.369410
0.450000, 2.000000, 7.749527
0.500000, 2.000000, 8.002954
0.550000, 2.000000, 8.257425
0.600000, 2.000000, 8.640671
0.650000, 2.000000, 9.220818
0.700000, 2.000000, 9.970472
0.750000, 2.000000, 10.769049
0.800000, 2.000000, 11.443131
0.850000, 2.000000, 11.829881
0.900000, 2.000000, 11.839455
0.950000, 2.000000, 11.492479
1.000000, 2.000000, 10.917884
1.050000, 2.000000, 10.311318
1.100000, 2.000000, 9.869242
1.150000, 2.000000, 9.723006
1.200000, 2.000000, 9.897200
1.250000, 2.000000, 10.307396
1.300000, 2.000000, 10.797482
1.350000, 2.000000, 11.201923
1.400000, 2.000000, 11.408966
1.450000, 2.000000, 11.400791
1.500000, 2.000000, 11.255598
1.550000, 2.000000, 11.111448
1.600000, 2.000000, 11.106402
1.650000, 2.000000, 11.318661
1.700000, 2.000000, 11.730404
1.750000, 2.000000, 12.229880
1.800000, 2.000000, 12.651550
1.850000, 2.000000, 12.839306
1.900000, 2.000000, 12.708718
1.950000, 2.000000, 12.284377
2.000000, 2.000000, 11.697631
