0.000000, 0.000000, 3.362171
0.050000, 0.000000, 2.323039
0.100000, 0.000000, 1.647460
0.150000, 0.000000, 1.572727
0.200000, 0.000000, 2.100113
0.250000, 0.000000, 2.994842
0.300000, 0.000000, 3.876384
0.350000, 0.000000, 4.364579
0.400000, 0.000000, 4.225748
0.450000, 0.000000, 3.462965
0.500000, 0.000000, 2.315984
0.550000, 0.000000, 1.170814
0.600000, 0.000000, 0.413463
0.650000, 0.000000, 0.283683
0.700000, 0.000000, 0.784551
0.750000, 0.000000, 1.682387
0.800000, 0.000000, 2.597031
0.850000, 0.000000, 3.147954
0.900000, 0.000000, 3.100377
0.950000, 0.000000, 2.455575
1.000000, 0.000000, 1.450841
1.050000, 0.000000, 0.469128
1.100000, 0.000000, -0.107136
1.150000, 0.000000, -0.042210
1.200000, 0.000000, 0.662632
1.250000, 0.000000, 1.769134
1.300000, 0.000000, 2.892444
1.350000, 0.000000, 3.647341
1.400000, 0.000000, 3.794469
1.450000, 0.000000, 3.330755
1.500000, 0.000000, 2.489478
1.550000, 0.000000, 1.650011
1.600000, 0.000000, 1.191729
1.650000, 0.000000, 1.347909
1.700000, 0.000000, 2.115479
1.750000, 0.000000, 3.255083
1.800000, 0.000000, 4.381500
1.850000, 0.000000, 5.109878
1.900000, 0.000000, 5.201960
1.950000, 0.000000, 4.656474
2.000000, 0.000000, 3.709159
0.000000, 0.050000, 3.423795
0.050000, 0.050000, 2.363819
0.100000, 0.050000, 1.668172
0.150000, 0.050000, 1.574646
0.200000, 0.050000, 2.084979
0.250000, 0.050000, 2.964816
0.300000, 0.050000, 3.833997
0.350000, 0.050000, 4.312670
0.400000, 0.050000, 4.167392
0.450000, 0.050000, 3.401400
0.500000, 0.050000, 2.254528
0.550000, 0.050000, 1.112786
0.600000, 0.050000, 0.362102
0.650000, 0.050000, 0.242065
0.700000, 0.050000, 0.755514
0.750000, 0.050000, 1.668464
0.800000, 0.050000, 2.600386
0.850000, 0.050000, 3.170326
0.900000, 0.050000, 3.143043
0.950000, 0.050000, 2.519314
1.000000, 0.050000, 1.535916
1.050000, 0.050000, 0.575280
1.100000, 0.050000, 0.019319
1.150000, 0.050000, 0.103276
1.200000, 0.050000, 0.825413
1.250000, 0.050000, 1.947052
1.300000, 0.050000, 3.082971
1.350000, 0.050000, 3.847641
1.400000, 0.050000, 4.001472
1.450000, 0.050000, 3.541226
1.500000, 0.050000, 2.700104
1.550000, 0.050000, 1.857477
1.600000, 0.050000, 1.392801
1.650000, 0.050000, 1.539518
1.700000, 0.050000, 2.294789
1.750000, 0.050000, 3.419569
1.800000, 0.050000, 4.529004
1.850000, 0.050000, 5.238664
1.900000, 0.050000, 5.310760
1.950000, 0.050000, 4.744515
2.000000, 0.050000, 3.776183
0.000000, 0.100000, 3.423161
0.050000, 0.100000, 2.343117
0.100000, 0.100000, 1.628678
0.150000, 0.100000, 1.518099
0.200000, 0.100000, 2.013544
0.250000, 0.100000, 2.881027
0.300000, 0.100000, 3.740696
0.350000, 0.100000, 4.212936
0.400000, 0.100000, 4.064467
0.450000, 0.100000, 3.298609
0.500000, 0.100000, 2.155196
0.550000, 0.100000, 1.020157
0.600000, 0.100000, 0.279259
0.650000, 0.100000, 0.171856
0.700000, 0.100000, 0.700481
0.750000, 0.100000, 1.630779
0.800000, 0.100000, 2.581799
0.850000, 0.100000, 3.172125
0.900000, 0.100000, 3.166018
0.950000, 0.100000, 2.563740
1.000000, 0.100000, 1.601548
1.050000, 0.100000, 0.661356
1.100000, 0.100000, 0.124582
1.150000, 0.100000, 0.226005
1.200000, 0.100000, 0.963465
1.250000, 0.100000, 2.097914
1.300000, 0.100000, 3.243825
1.350000, 0.100000, 4.015434
1.400000, 0.100000, 4.172987
1.450000, 0.100000, 3.713168
1.500000, 0.100000, 2.869177
1.550000, 0.100000, 2.020469
1.600000, 0.100000, 1.546661
1.650000, 0.100000, 1.681432
1.700000, 0.100000, 2.422253
1.750000, 0.100000, 3.530446
1.800000, 0.100000, 4.621582
1.850000, 0.100000, 5.311697
1.900000, 0.100000, 5.363500
1.950000, 0.100000, 4.776728
2.000000, 0.100000, 3.788162
0.000000, 0.150000, 3.362531
0.050000, 0.150000, 2.263694
0.100000, 0.150000, 1.532203
0.150000, 0.150000, 1.406738
0.200000, 0.150000, 1.889833
0.250000, 0.150000, 2.747814
0.300000, 0.150000, 3.601066
0.350000, 0.150000, 4.070139
0.400000, 0.150000, 3.921836
0.450000, 0.150000, 3.159479
0.500000, 0.150000, 2.022824
0.550000, 0.150000, 0.897638
0.600000, 0.150000, 0.169455
0.650000, 0.150000, 0.077325
0.700000, 0.150000, 0.623411
0.750000, 0.150000, 1.572939
0.800000, 0.150000, 2.544496
0.850000, 0.150000, 3.156169
0.900000, 0.150000, 3.171706
0.950000, 0.150000, 2.590850
1.000000, 0.150000, 1.649342
1.050000, 0.150000, 0.728602
1.100000, 0.150000, 0.209586
1.150000, 0.150000, 0.326651
1.200000, 0.150000, 1.077269
1.250000, 0.150000, 2.222088
1.300000, 0.150000, 3.375345
1.350000, 0.150000, 4.151116
1.400000, 0.150000, 4.309569
1.450000, 0.150000, 3.847387
1.500000, 0.150000, 2.997855
1.550000, 0.150000, 2.140590
1.600000, 0.150000, 1.655447
1.650000, 0.150000, 1.776416
1.700000, 0.150000, 2.501337
1.750000, 0.150000, 3.591956
1.800000, 0.150000, 4.664311
1.850000, 0.150000, 5.334936
1.900000, 0.150000, 5.367056
1.950000, 0.150000, 4.760933
2.000000, 0.150000, 3.753864
0.000000, 0.200000, 3.245616
0.050000, 0.200000, 2.129725
0.100000, 0.200000, 1.383345
0.150000, 0.200000, 1.245532
0.200000, 0.200000, 1.719129
0.250000, 0.200000, 2.570703
0.300000, 0.200000, 3.420806
0.350000, 0.200000, 3.890073
0.400000, 0.200000, 3.745312
0.450000, 0.200000, 2.989767
0.500000, 0.200000, 1.863036
0.550000, 0.200000, 0.750655
0.600000, 0.200000, 0.037853
0.650000, 0.200000, -0.036686
0.700000, 0.200000, 0.528784
0.750000, 0.200000, 1.499028
0.800000, 0.200000, 2.492138
0.850000, 0.200000, 3.125690
0.900000, 0.200000, 3.162914
0.950000, 0.200000, 2.603038
1.000000, 0.200000, 1.681312
1.050000, 0.200000, 0.778694
1.100000, 0.200000, 0.275719
1.150000, 0.200000, 0.406379
1.200000, 0.200000, 1.167841
1.250000, 0.200000, 2.320520
1.300000, 0.200000, 3.478494
1.350000, 0.200000, 4.255758
1.400000, 0.200000, 4.412484
1.450000, 0.200000, 3.945441
1.500000, 0.200000, 3.088073
1.550000, 0.200000, 2.220240
1.600000, 0.200000, 1.722106
1.650000, 0.200000, 1.828028
1.700000, 0.200000, 2.536274
1.750000, 0.200000, 3.609055
1.800000, 0.200000, 4.662908
1.850000, 0.200000, 5.314883
1.900000, 0.200000, 5.328729
1.950000, 0.200000, 4.705225
2.000000, 0.200000, 3.682163
0.000000, 0.250000, 3.077481
0.050000, 0.250000, 1.946698
0.100000, 0.250000, 1.187964
0.150000, 0.250000, 1.040648
0.200000, 0.250000, 1.507839
0.250000, 0.250000, 2.356271
0.300000, 0.250000, 3.206585
0.350000, 0.250000, 3.679422
0.400000, 0.250000, 3.541517
0.450000, 0.250000, 2.795956
0.500000, 0.250000, 1.682110
0.550000, 0.250000, 0.585212
0.600000, 0.250000, -0.109872
0.650000, 0.250000, -0.164873
0.700000, 0.250000, 0.421496
0.750000, 0.250000, 1.413506
0.800000, 0.250000, 2.428741
0.850000, 0.250000, 3.084260
0.900000, 0.250000, 3.142782
0.950000, 0.250000, 2.603043
1.000000, 0.250000, 1.699832
1.050000, 0.250000, 0.813689
1.100000, 0.250000, 0.324785
1.150000, 0.250000, 0.466806
1.200000, 0.250000, 1.236689
1.250000, 0.250000, 2.394688
1.300000, 0.250000, 3.554804
1.350000, 0.250000, 4.331035
1.400000, 0.250000, 4.483635
1.450000, 0.250000, 4.009537
1.500000, 0.250000, 3.142425
1.550000, 0.250000, 2.262466
1.600000, 0.250000, 1.750194
1.650000, 0.250000, 1.840392
1.700000, 0.250000, 2.531790
1.750000, 0.250000, 3.587098
1.800000, 0.250000, 4.623367
1.850000, 0.250000, 5.258171
1.900000, 0.250000, 5.255771
1.950000, 0.250000, 4.617442
2.000000, 0.250000, 3.581441
0.000000, 0.300000, 2.864424
0.050000, 0.300000, 1.721280
0.100000, 0.300000, 0.953034
0.150000, 0.300000, 0.799301
0.200000, 0.300000, 1.263343
0.250000, 0.300000, 2.111986
0.300000, 0.300000, 2.965880
0.350000, 0.300000, 3.445596
0.400000, 0.300000, 3.317715
0.450000, 0.300000, 2.585099
0.500000, 0.300000, 1.486818
0.550000, 0.300000, 0.407746
0.600000, 0.300000, -0.267663
0.650000, 0.300000, -0.301600
0.700000, 0.300000, 0.306735
0.750000, 0.300000, 1.321105
0.800000, 0.300000, 2.358578
0.850000, 0.300000, 3.035704
0.900000, 0.300000, 3.114712
0.950000, 0.300000, 2.593879
1.000000, 0.300000, 1.707576
1.050000, 0.300000, 0.835978
1.100000, 0.300000, 0.358954
1.150000, 0.300000, 0.509957
1.200000, 0.300000, 1.285763
1.250000, 0.300000, 2.446551
1.300000, 0.300000, 3.606320
1.350000, 0.300000, 4.379152
1.400000, 0.300000, 4.525464
1.450000, 0.300000, 4.042425
1.500000, 0.300000, 3.164027
1.550000, 0.300000, 2.270803
1.600000, 0.300000, 1.743708
1.650000, 0.300000, 1.817988
1.700000, 0.300000, 2.492867
1.750000, 0.300000, 3.531566
1.800000, 0.300000, 4.551655
1.850000, 0.300000, 5.171218
1.900000, 0.300000, 5.155006
1.950000, 0.300000, 4.504756
2.000000, 0.300000, 3.459137
0.000000, 0.350000, 2.613815
0.050000, 0.350000, 1.461149
0.100000, 0.350000, 0.686471
0.150000, 0.350000, 0.529571
0.200000, 0.350000, 0.993807
0.250000, 0.350000, 1.846020
0.300000, 0.350000, 2.706793
0.350000, 0.350000, 3.196548
0.400000, 0.350000, 3.081643
0.450000, 0.350000, 2.364645
0.500000, 0.350000, 1.284268
0.550000, 0.350000, 0.224976
0.600000, 0.350000, -0.429233
0.650000, 0.350000, -0.441034
0.700000, 0.350000, 0.189865
0.750000, 0.350000, 1.226715
0.800000, 0.350000, 2.286076
0.850000, 0.350000, 2.984010
0.900000, 0.350000, 3.082286
0.950000, 0.350000, 2.578765
1.000000, 0.350000, 1.707452
1.050000, 0.350000, 0.848221
1.100000, 0.350000, 0.380705
1.150000, 0.350000, 0.538199
1.200000, 0.350000, 1.317397
1.250000, 0.350000, 2.478477
1.300000, 0.350000, 3.635520
1.350000, 0.350000, 4.402766
1.400000, 0.350000, 4.540867
1.450000, 0.350000, 4.047293
1.500000, 0.350000, 3.156400
1.550000, 0.350000, 2.249137
1.600000, 0.350000, 1.706919
1.650000, 0.350000, 1.765478
1.700000, 0.350000, 2.424544
1.750000, 0.350000, 3.447852
1.800000, 0.350000, 4.453474
1.850000, 0.350000, 5.059979
1.900000, 0.350000, 5.032573
1.950000, 0.350000, 4.373398
2.000000, 0.350000, 3.321480
0.000000, 0.400000, 2.333923
0.050000, 0.400000, 1.174810
0.100000, 0.400000, 0.396941
0.150000, 0.400000, 0.240207
0.200000, 0.400000, 0.707985
0.250000, 0.400000, 1.567053
0.300000, 0.400000, 2.437851
0.350000, 0.400000, 2.940582
0.400000, 0.400000, 2.841314
0.450000, 0.400000, 2.142261
0.500000, 0.400000, 1.081730
0.550000, 0.400000, 0.043734
0.600000, 0.400000, -0.588212
0.650000, 0.400000, -0.577286
0.700000, 0.400000, 0.076292
0.750000, 0.400000, 1.135269
0.800000, 0.400000, 2.215715
0.850000, 0.400000, 2.933235
0.900000, 0.400000, 3.049179
0.950000, 0.400000, 2.561045
1.000000, 0.400000, 1.702534
1.050000, 0.400000, 0.853282
1.100000, 0.400000, 0.392762
1.150000, 0.400000, 0.554184
1.200000, 0.400000, 1.334239
1.250000, 0.400000, 2.493181
1.300000, 0.400000, 3.645245
1.350000, 0.400000, 4.404901
1.400000, 0.400000, 4.533096
1.450000, 0.400000, 4.027659
1.500000, 0.400000, 3.123356
1.550000, 0.400000, 2.201586
1.600000, 0.400000, 1.644243
1.650000, 0.400000, 1.687561
1.700000, 0.400000, 2.331772
1.750000, 0.400000, 3.341108
1.800000, 0.400000, 4.334117
1.850000, 0.400000, 4.929812
1.900000, 0.400000, 4.893798
1.950000, 0.400000, 4.228565
2.000000, 0.400000, 3.173422
0.000000, 0.450000, 2.033703
0.050000, 0.450000, 0.871382
0.100000, 0.450000, 0.093646
0.150000, 0.450000, -0.059587
0.200000, 0.450000, 0.415003
0.250000, 0.450000, 1.284056
0.300000, 0.450000, 2.167798
0.350000, 0.450000, 2.686147
0.400000, 0.450000, 2.604824
0.450000, 0.450000, 1.925640
0.500000, 0.450000, 0.886455
0.550000, 0.450000, -0.129199
0.600000, 0.450000, -0.738305
0.650000, 0.450000, -0.704552
0.700000, 0.450000, -0.028662
0.750000, 0.450000, 1.051622
0.800000, 0.450000, 2.151915
0.850000, 0.450000, 2.887403
0.900000, 0.450000, 3.019071
0.950000, 0.450000, 2.544109
1.000000, 0.450000, 1.695981
1.050000, 0.450000, 0.854157
1.100000, 0.450000, 0.398021
1.150000, 0.450000, 0.560776
1.200000, 0.450000, 1.339184
1.250000, 0.450000, 2.493646
1.300000, 0.450000, 3.638619
1.350000, 0.450000, 4.388863
1.400000, 0.450000, 4.505675
1.450000, 0.450000, 3.987284
1.500000, 0.450000, 3.068898
1.550000, 0.450000, 2.132389
1.600000, 0.450000, 1.560141
1.650000, 0.450000, 1.588880
1.700000, 0.450000, 2.219327
1.750000, 0.450000, 3.216178
1.800000, 0.450000, 4.198419
1.850000, 0.450000, 4.785450
1.900000, 0.450000, 4.743216
1.950000, 0.450000, 4.074480
2.000000, 0.450000, 3.018756
0.000000, 0.500000, 1.722584
0.050000, 0.500000, 0.560372
0.100000, 0.500000, -0.213905
0.150000, 0.500000, -0.360381
0.200000, 0.500000, 0.124134
0.250000, 0.500000, 1.006071
0.300000, 0.500000, 1.905379
0.350000, 0.500000, 2.441632
0.400000, 0.500000, 2.380155
0.450000, 0.500000, 1.722317
0.500000, 0.500000, 0.705501
0.550000, 0.500000, -0.287256
0.600000, 0.500000, -0.873444
0.650000, 0.500000, -0.817253
0.700000, 0.500000, -0.119893
0.750000, 0.500000, 0.980437
0.800000, 0.500000, 2.098934
0.850000, 0.500000, 2.850415
0.900000, 0.500000, 2.995557
0.950000, 0.500000, 2.531308
1.000000, 0.500000, 1.690963
1.050000, 0.500000, 0.853898
1.100000, 0.500000, 0.399482
1.150000, 0.500000, 0.560981
1.200000, 0.500000, 1.335299
1.250000, 0.500000, 2.483050
1.300000, 0.500000, 3.618972
1.350000, 0.500000, 4.358164
1.400000, 0.500000, 4.462314
1.450000, 0.500000, 3.930086
1.500000, 0.500000, 2.997145
1.550000, 0.500000, 2.045845
1.600000, 0.500000, 1.459053
1.650000, 0.500000, 1.473971
1.700000, 0.500000, 2.091777
1.750000, 0.500000, 3.077593
1.800000, 0.500000, 4.050784
1.850000, 0.500000, 4.631082
1.900000, 0.500000, 4.584698
1.950000, 0.500000, 3.914592
2.000000, 0.500000, 2.860403
0.000000, 0.550000, 1.410231
0.050000, 0.550000, 0.251447
0.100000, 0.550000, -0.516127
0.150000, 0.550000, -0.652749
0.200000, 0.550000, -0.155430
0.250000, 0.550000, 0.741990
0.300000, 0.550000, 1.659125
0.350000, 0.550000, 2.215157
0.400000, 0.550000, 2.174976
0.450000, 0.550000, 1.539481
0.500000, 0.550000, 0.545562
0.550000, 0.550000, -0.424246
0.600000, 0.550000, -0.987933
0.650000, 0.550000, -0.910173
0.700000, 0.550000, -0.192633
0.750000, 0.550000, 0.926069
0.800000, 0.550000, 2.060761
0.850000, 0.550000, 2.825948
0.900000, 0.550000, 2.982062
0.950000, 0.550000, 2.525875
1.000000, 0.550000, 1.690582
1.050000, 0.550000, 0.855537
1.100000, 0.550000, 0.400167
1.150000, 0.550000, 0.557868
1.200000, 0.550000, 1.325746
1.250000, 0.550000, 2.464688
1.300000, 0.550000, 3.589759
1.350000, 0.550000, 4.316440
1.400000, 0.550000, 4.406839
1.450000, 0.550000, 3.860069
1.500000, 0.550000, 2.912265
1.550000, 0.550000, 1.946253
1.600000, 0.550000, 1.345365
1.650000, 0.550000, 1.347252
1.700000, 0.550000, 1.953507
1.750000, 0.550000, 2.929627
1.800000, 0.550000, 3.895300
1.850000, 0.550000, 4.470519
1.900000, 0.550000, 4.421689
1.950000, 0.550000, 3.751893
2.000000, 0.550000, 2.700815
0.000000, 0.600000, 1.106308
0.050000, 0.600000, -0.045809
0.100000, 0.600000, -0.803597
0.150000, 0.600000, -0.927503
0.200000, 0.600000, -0.414804
0.250000, 0.600000, 0.500335
0.300000, 0.600000, 1.437144
0.350000, 0.600000, 2.014377
0.400000, 0.600000, 1.996459
0.450000, 0.600000, 1.383803
0.500000, 0.600000, 0.412802
0.550000, 0.600000, -0.534504
0.600000, 0.600000, -1.076589
0.650000, 0.600000, -0.978583
0.700000, 0.600000, -0.242569
0.750000, 0.600000, 0.892462
0.800000, 0.600000, 2.041024
0.850000, 0.600000, 2.817371
0.900000, 0.600000, 2.981755
0.950000, 0.600000, 2.530841
1.000000, 0.600000, 1.697795
1.050000, 0.600000, 0.862017
1.100000, 0.600000, 0.403054
1.150000, 0.600000, 0.554497
1.200000, 0.600000, 1.313711
1.250000, 0.600000, 2.441898
1.300000, 0.600000, 3.554494
1.350000, 0.600000, 4.267387
1.400000, 0.600000, 4.343124
1.450000, 0.600000, 3.781274
1.500000, 0.600000, 2.818435
1.550000, 0.600000, 1.837888
1.600000, 0.600000, 1.223407
1.650000, 0.600000, 1.213051
1.700000, 0.600000, 1.808780
1.750000, 0.600000, 2.776412
1.800000, 0.600000, 3.735894
1.850000, 0.600000, 4.307415
1.900000, 0.600000, 4.257504
1.950000, 0.600000, 3.589295
2.000000, 0.600000, 2.542446
0.000000, 0.650000, 0.820244
0.050000, 0.650000, -0.322131
0.100000, 0.650000, -1.067284
0.150000, 0.650000, -1.175919
0.200000, 0.650000, -0.645628
0.250000, 0.650000, 0.289049
0.300000, 0.650000, 1.246922
0.350000, 0.650000, 1.846291
0.400000, 0.650000, 1.851100
0.450000, 0.650000, 1.261271
0.500000, 0.650000, 0.312708
0.550000, 0.650000, -0.613030
0.600000, 0.650000, -1.134868
0.650000, 0.650000, -1.018354
0.700000, 0.650000, -0.265945
0.750000, 0.650000, 0.883054
0.800000, 0.650000, 2.042898
0.850000, 0.650000, 2.827659
0.900000, 0.650000, 2.997472
0.950000, 0.650000, 2.548966
1.000000, 0.650000, 1.715341
1.050000, 0.650000, 0.876111
1.100000, 0.650000, 0.411002
1.150000, 0.650000, 0.553852
1.200000, 0.650000, 1.302330
1.250000, 0.650000, 2.417994
1.300000, 0.650000, 3.516678
1.350000, 0.650000, 4.214694
1.400000, 0.650000, 4.275036
1.450000, 0.650000, 3.697725
1.500000, 0.650000, 2.719808
1.550000, 0.650000, 1.724998
1.600000, 0.650000, 1.097473
1.650000, 0.650000, 1.075656
1.700000, 0.650000, 1.661830
1.750000, 0.650000, 2.622071
1.800000, 0.650000, 3.576530
1.850000, 0.650000, 4.145525
1.900000, 0.650000, 4.095648
1.950000, 0.650000, 3.430020
2.000000, 0.650000, 2.388216
0.000000, 0.700000, 0.560995
0.050000, 0.700000, -0.568798
0.100000, 0.700000, -1.298776
0.150000, 0.700000, -1.389949
0.200000, 0.700000, -0.840274
0.250000, 0.700000, 0.115301
0.300000, 0.700000, 1.095140
0.350000, 0.700000, 1.717073
0.400000, 0.700000, 1.744562
0.450000, 0.700000, 1.177044
0.500000, 0.700000, 0.249951
0.550000, 0.700000, -0.655606
0.600000, 0.700000, -1.158971
0.650000, 0.700000, -1.026061
0.700000, 0.700000, -0.259654
0.750000, 0.700000, 0.900688
0.800000, 0.700000, 2.069030
0.850000, 0.700000, 2.859319
0.900000, 0.700000, 3.031647
0.950000, 0.700000, 2.582666
1.000000, 0.700000, 1.745677
1.050000, 0.700000, 0.900362
1.100000, 0.700000, 0.426681
1.150000, 0.700000, 0.558763
1.200000, 0.700000, 1.294621
1.250000, 0.700000, 2.396196
1.300000, 0.700000, 3.479735
1.350000, 0.700000, 4.161988
1.400000, 0.700000, 4.206390
1.450000, 0.700000, 3.613404
1.500000, 0.700000, 2.620503
1.550000, 0.700000, 1.611804
1.600000, 0.700000, 0.971849
1.650000, 0.700000, 0.939385
1.700000, 0.700000, 1.516961
1.750000, 0.700000, 2.470867
1.800000, 0.700000, 3.421394
1.850000, 0.700000, 3.988942
1.900000, 0.700000, 3.940107
1.950000, 0.700000, 3.277951
2.000000, 0.700000, 2.241919
0.000000, 0.750000, 0.336829
0.050000, 0.750000, -0.777851
0.100000, 0.750000, -1.490481
0.150000, 0.750000, -1.562424
0.200000, 0.750000, -0.992033
0.250000, 0.750000, -0.014691
0.300000, 0.750000, 0.987507
0.350000, 0.750000, 1.631920
0.400000, 0.750000, 1.681535
0.450000, 0.750000, 1.135326
0.500000, 0.750000, 0.228279
0.550000, 0.750000, -0.658907
0.600000, 0.750000, -1.145942
0.650000, 0.750000, -0.999066
0.700000, 0.750000, -0.221315
0.750000, 0.750000, 0.947552
0.800000, 0.750000, 2.121470
0.850000, 0.750000, 2.914334
0.900000, 0.750000, 3.086248
0.950000, 0.750000, 2.633955
1.000000, 0.750000, 1.790911
1.050000, 0.750000, 0.937017
1.100000, 0.750000, 0.452511
1.150000, 0.750000, 0.571853
1.200000, 0.750000, 1.293425
1.250000, 0.750000, 2.379571
1.300000, 0.750000, 3.446963
1.350000, 0.750000, 4.112785
1.400000, 0.750000, 4.140908
1.450000, 0.750000, 3.532219
1.500000, 0.750000, 2.524594
1.550000, 0.750000, 1.502516
1.600000, 0.750000, 0.850858
1.650000, 0.750000, 0.808646
1.700000, 0.750000, 1.378654
1.750000, 0.750000, 2.327332
1.800000, 0.750000, 3.275071
1.850000, 0.750000, 3.842303
1.900000, 0.750000, 3.795591
1.950000, 0.750000, 3.137896
2.000000, 0.750000, 2.108505
0.000000, 0.800000, 0.155116
0.050000, 0.800000, -0.942286
0.100000, 0.800000, -1.635817
0.150000, 0.800000, -1.687224
0.200000, 0.800000, -1.095280
0.250000, 0.800000, -0.095813
0.300000, 0.800000, 0.928624
0.350000, 0.800000, 1.594925
0.400000, 0.800000, 1.665625
0.450000, 0.800000, 1.139262
0.500000, 0.800000, 0.250419
0.550000, 0.800000, -0.620571
0.600000, 0.800000, -1.093737
0.650000, 0.800000, -0.935578
0.700000, 0.800000, -0.149330
0.750000, 0.800000, 1.025114
0.800000, 0.800000, 2.201626
0.850000, 0.800000, 2.994106
0.900000, 0.800000, 3.162734
0.950000, 0.800000, 2.704397
1.000000, 0.800000, 1.852756
1.050000, 0.800000, 0.987976
1.100000, 0.800000, 0.490611
1.150000, 0.800000, 0.595477
1.200000, 0.800000, 1.301347
1.250000, 0.800000, 2.370980
1.300000, 0.800000, 3.421476
1.350000, 0.800000, 4.070447
1.400000, 0.800000, 4.082189
1.450000, 0.800000, 3.457990
1.500000, 0.800000, 2.436101
1.550000, 0.800000, 1.401346
1.600000, 0.800000, 0.738889
1.650000, 0.800000, 0.687998
1.700000, 0.800000, 1.251632
1.750000, 0.800000, 2.196366
1.800000, 0.800000, 3.142651
1.850000, 0.800000, 3.710916
1.900000, 0.800000, 3.667660
1.950000, 0.800000, 3.015721
2.000000, 0.800000, 1.994205
0.000000, 0.850000, 0.022154
0.050000, 0.850000, -1.056230
0.100000, 0.850000, -1.729376
0.150000, 0.850000, -1.759435
0.200000, 0.850000, -1.145612
0.250000, 0.850000, -0.124178
0.300000, 0.850000, 0.921866
0.350000, 0.850000, 1.608975
0.400000, 0.850000, 1.699260
0.450000, 0.850000, 1.190865
0.500000, 0.850000, 0.318015
0.550000, 0.850000, -0.539268
0.600000, 0.850000, -1.001274
0.650000, 0.850000, -0.834702
0.700000, 0.850000, -0.042924
0.750000, 0.850000, 1.134093
0.800000, 0.850000, 2.310221
0.850000, 0.850000, 3.099424
0.900000, 0.850000, 3.262011
0.950000, 0.850000, 2.795061
1.000000, 0.850000, 1.932484
1.050000, 0.850000, 1.054746
1.100000, 0.850000, 0.542745
1.150000, 0.850000, 0.631674
1.200000, 0.850000, 1.320710
1.250000, 0.850000, 2.373033
1.300000, 0.850000, 3.406167
1.350000, 0.850000, 4.038147
1.400000, 0.850000, 4.033674
1.450000, 0.850000, 3.394421
1.500000, 0.850000, 2.358988
1.550000, 0.850000, 1.312510
1.600000, 0.850000, 0.640413
1.650000, 0.850000, 0.582176
1.700000, 0.850000, 1.140910
1.750000, 0.850000, 2.083282
1.800000, 0.850000, 3.029777
1.850000, 0.850000, 3.600795
1.900000, 0.850000, 3.562748
1.950000, 0.850000, 2.918332
2.000000, 0.850000, 1.906458
0.000000, 0.900000, -0.056991
0.050000, 0.900000, -1.115081
0.100000, 0.900000, -1.767051
0.150000, 0.900000, -1.775466
0.200000, 0.900000, -1.139957
0.250000, 0.900000, -0.097225
0.300000, 0.900000, 0.969305
0.350000, 0.900000, 1.675682
0.400000, 0.900000, 1.783636
0.450000, 0.900000, 1.290964
0.500000, 0.900000, 0.431589
0.550000, 0.900000, -0.414724
0.600000, 0.900000, -0.868459
0.650000, 0.900000, -0.696457
0.700000, 0.900000, 0.097834
0.750000, 0.900000, 1.274439
0.800000, 0.900000, 2.447281
0.850000, 0.900000, 3.230442
0.900000, 0.900000, 3.384411
0.950000, 0.900000, 2.906497
1.000000, 0.900000, 2.030898
1.050000, 0.900000, 1.138408
1.100000, 0.900000, 0.610289
1.150000, 0.900000, 0.682127
1.200000, 0.900000, 1.353513
1.250000, 0.900000, 2.388045
1.300000, 0.900000, 3.403669
1.350000, 0.900000, 4.018831
1.400000, 0.900000, 3.998625
1.450000, 0.900000, 3.345086
1.500000, 0.900000, 2.297146
1.550000, 0.900000, 1.240222
1.600000, 0.900000, 0.559982
1.650000, 0.900000, 0.496085
1.700000, 0.900000, 1.051773
1.750000, 0.900000, 1.993779
1.800000, 0.900000, 2.942599
1.850000, 0.900000, 3.518581
1.900000, 0.900000, 3.488032
1.950000, 0.900000, 2.853485
2.000000, 0.900000, 1.853645
0.000000, 0.950000, -0.078610
0.050000, 0.950000, -1.115627
0.100000, 0.950000, -1.746146
0.150000, 0.950000, -1.733139
0.200000, 0.950000, -1.076649
0.250000, 0.950000, -0.013781
0.300000, 0.950000, 1.071655
0.350000, 0.950000, 1.795343
0.400000, 0.950000, 1.918685
0.450000, 0.950000, 1.439186
0.500000, 0.950000, 0.590523
0.550000, 0.950000, -0.247727
0.600000, 0.950000, -0.696190
0.650000, 0.950000, -0.521780
0.700000, 0.950000, 0.272036
0.750000, 0.950000, 1.445329
0.800000, 0.950000, 2.612127
0.850000, 0.950000, 3.386675
0.900000, 0.950000, 3.529680
0.950000, 0.950000, 3.038722
1.000000, 0.950000, 2.148310
1.050000, 0.950000, 1.239589
1.100000, 0.950000, 0.694201
1.150000, 0.950000, 0.748136
1.200000, 0.950000, 1.401398
1.250000, 0.950000, 2.418007
1.300000, 0.950000, 3.416323
1.350000, 0.950000, 4.015194
1.400000, 0.950000, 3.980092
1.450000, 0.950000, 3.313401
1.500000, 0.950000, 2.254364
1.550000, 0.950000, 1.188665
1.600000, 0.950000, 0.502188
1.650000, 0.950000, 0.434758
1.700000, 0.950000, 0.989718
1.750000, 0.950000, 1.933851
1.800000, 0.950000, 2.887637
1.850000, 0.950000, 3.471352
1.900000, 0.950000, 3.451172
1.950000, 0.950000, 2.829444
2.000000, 0.950000, 1.844639
0.000000, 1.000000, -0.040438
0.050000, 1.000000, -1.056120
0.100000, 1.000000, -1.665433
0.150000, 1.000000, -1.631742
0.200000, 1.000000, -0.955470
0.250000, 1.000000, 0.125913
0.300000, 1.000000, 1.228257
0.350000, 1.000000, 1.966936
0.400000, 1.000000, 2.103079
0.450000, 1.000000, 1.633963
0.500000, 1.000000, 0.793083
0.550000, 1.000000, -0.040115
0.600000, 1.000000, -0.486331
0.650000, 1.000000, -0.312499
0.700000, 1.000000, 0.477953
0.750000, 1.000000, 1.645190
0.800000, 1.000000, 2.803391
0.850000, 1.000000, 3.567003
0.900000, 1.000000, 3.696987
0.950000, 1.000000, 3.191215
1.000000, 1.000000, 2.284533
1.050000, 1.000000, 1.358452
1.100000, 1.000000, 0.795005
1.150000, 1.000000, 0.830590
1.200000, 1.000000, 1.465630
1.250000, 1.000000, 2.464561
1.300000, 1.000000, 3.446153
1.350000, 1.000000, 4.029648
1.400000, 1.000000, 3.980885
1.450000, 1.000000, 3.302588
1.500000, 1.000000, 2.234293
1.550000, 1.000000, 1.161937
1.600000, 1.000000, 0.471602
1.650000, 1.000000, 0.403254
1.700000, 1.000000, 0.960323
1.750000, 1.000000, 1.909609
1.800000, 1.000000, 2.871552
1.850000, 1.000000, 3.466323
1.900000, 1.000000, 3.459929
1.950000, 1.000000, 2.854495
2.000000, 1.000000, 1.888211
0.000000, 1.050000, 0.058283
0.050000, 1.050000, -0.936321
0.100000, 1.050000, -1.525190
0.150000, 1.050000, -1.472046
0.200000, 1.050000, -0.777653
0.250000, 1.050000, 0.320206
0.300000, 1.050000, 1.437095
0.350000, 1.050000, 2.188141
0.400000, 1.050000, 2.334263
0.450000, 1.050000, 1.872575
0.500000, 1.050000, 1.036453
0.550000, 1.050000, 0.205276
0.600000, 1.050000, -0.241673
0.650000, 1.050000, -0.071294
0.700000, 1.050000, 0.713073
0.750000, 1.050000, 1.871731
0.800000, 1.050000, 3.019047
0.850000, 1.050000, 3.769702
0.900000, 1.050000, 3.884932
0.950000, 1.050000, 3.362930
1.000000, 1.050000, 2.438888
1.050000, 1.050000, 1.494695
1.100000, 1.050000, 0.912785
1.150000, 1.050000, 0.929965
1.200000, 1.050000, 1.547079
1.250000, 1.050000, 2.528978
1.300000, 1.050000, 3.494841
1.350000, 1.050000, 4.064295
1.400000, 1.050000, 4.003543
1.450000, 1.050000, 3.315633
1.500000, 1.050000, 2.240386
1.550000, 1.050000, 1.163975
1.600000, 1.050000, 0.472661
1.650000, 1.050000, 0.406529
1.700000, 1.050000, 0.969061
1.750000, 1.050000, 1.927046
1.800000, 1.050000, 2.900838
1.850000, 1.050000, 3.510455
1.900000, 1.050000, 3.521684
1.950000, 1.050000, 2.936363
2.000000, 1.050000, 1.992333
0.000000, 1.100000, 0.216795
0.050000, 1.100000, -0.757506
0.100000, 1.100000, -1.327188
0.150000, 1.100000, -1.256287
0.200000, 1.100000, -0.545852
0.250000, 1.100000, 0.566077
0.300000, 1.100000, 1.694846
0.350000, 1.100000, 2.455400
0.400000, 1.100000, 2.608518
0.450000, 1.100000, 2.151215
0.500000, 1.100000, 1.316813
0.550000, 1.100000, 0.484681
0.600000, 1.100000, 0.034140
0.650000, 1.100000, 0.198373
0.700000, 1.100000, 0.974168
0.750000, 1.100000, 2.122001
0.800000, 1.100000, 3.256458
0.850000, 1.100000, 3.992476
0.900000, 1.100000, 4.091588
0.950000, 1.100000, 3.552317
1.000000, 1.100000, 2.610217
1.050000, 1.100000, 1.647560
1.100000, 1.100000, 1.047184
1.150000, 1.100000, 1.046315
1.200000, 1.100000, 1.646214
1.250000, 1.100000, 2.612152
1.300000, 1.100000, 3.563711
1.350000, 1.100000, 4.120904
1.400000, 1.100000, 4.050290
1.450000, 1.100000, 3.355233
1.500000, 1.100000, 2.275827
1.550000, 1.100000, 1.198458
1.600000, 1.100000, 0.509541
1.650000, 1.100000, 0.449247
1.700000, 1.100000, 1.021070
1.750000, 1.100000, 1.991734
1.800000, 1.100000, 2.981448
1.850000, 1.100000, 3.610007
1.900000, 1.100000, 3.642898
1.950000, 1.100000, 3.081582
2.000000, 1.100000, 2.163458
0.000000, 1.150000, 0.432834
0.050000, 1.150000, -0.522436
0.100000, 1.150000, -1.074652
0.150000, 1.150000, -0.988109
0.200000, 1.150000, -0.264080
0.250000, 1.150000, 0.859212
0.300000, 1.150000, 1.996962
0.350000, 1.150000, 2.764006
0.400000, 1.150000, 2.921052
0.450000, 1.150000, 2.465082
0.500000, 1.150000, 1.629425
0.550000, 1.150000, 0.793494
0.600000, 1.150000, 0.336695
0.650000, 1.150000, 0.492335
0.700000, 1.150000, 1.257362
0.750000, 1.150000, 2.392456
0.800000, 1.150000, 3.512436
0.850000, 1.150000, 4.232517
0.900000, 1.150000, 4.314539
0.950000, 1.150000, 3.757365
1.000000, 1.150000, 2.796914
1.050000, 1.150000, 1.815854
1.100000, 1.150000, 1.197428
1.150000, 1.150000, 1.179283
1.200000, 1.150000, 1.763105
1.250000, 1.150000, 2.714585
1.300000, 1.150000, 3.653711
1.350000, 1.150000, 4.200880
1.400000, 1.150000, 4.122997
1.450000, 1.150000, 3.423735
1.500000, 1.150000, 2.343436
1.550000, 1.150000, 1.268677
1.600000, 1.150000, 0.585986
1.650000, 1.150000, 0.535573
1.700000, 1.150000, 1.120881
1.750000, 1.150000, 2.108495
1.800000, 1.150000, 3.118396
1.850000, 1.150000, 3.770058
1.900000, 1.150000, 3.828558
1.950000, 1.150000, 3.294870
2.000000, 1.150000, 2.405828
0.000000, 1.200000, 0.702689
0.050000, 1.200000, -0.235286
0.100000, 1.200000, -0.772179
0.150000, 1.200000, -0.672478
0.200000, 1.200000, 0.062396
0.250000, 1.200000, 1.194107
0.300000, 1.200000, 2.337782
0.350000, 1.200000, 3.108218
0.400000, 1.200000, 3.266121
0.450000, 1.200000, 2.808503
0.500000, 1.200000, 1.968756
0.550000, 1.200000, 1.126386
0.600000, 1.200000, 0.660923
0.650000, 1.200000, 0.805826
0.700000, 1.200000, 1.558234
0.750000, 1.200000, 2.679041
0.800000, 1.200000, 3.783320
0.850000, 1.200000, 4.486567
0.900000, 1.200000, 4.550938
0.950000, 1.200000, 3.975640
1.000000, 1.200000, 2.996967
1.050000, 1.200000, 1.997980
1.100000, 1.200000, 1.362340
1.150000, 1.200000, 1.328119
1.200000, 1.200000, 1.897432
1.250000, 1.200000, 2.836396
1.300000, 1.200000, 3.765406
1.350000, 1.200000, 4.305237
1.400000, 1.200000, 4.223136
1.450000, 1.200000, 3.523059
1.500000, 1.200000, 2.445574
1.550000, 1.200000, 1.377401
1.600000, 1.200000, 0.705130
1.650000, 1.200000, 0.668936
1.700000, 1.200000, 1.272127
1.750000, 1.200000, 2.281050
1.800000, 1.200000, 3.315342
1.850000, 1.200000, 3.994033
1.900000, 1.200000, 4.081659
1.950000, 1.200000, 3.578569
2.000000, 1.200000, 2.720898
0.000000, 1.250000, 1.021295
0.050000, 1.250000, 0.098456
0.100000, 1.250000, -0.425626
0.150000, 1.250000, -0.315556
0.200000, 1.250000, 0.427178
0.250000, 1.250000, 1.564210
0.300000, 1.250000, 2.710672
0.350000, 1.250000, 3.481401
0.400000, 1.250000, 3.637166
0.450000, 1.250000, 3.175069
0.500000, 1.250000, 2.328611
0.550000, 1.250000, 1.477431
0.600000, 1.250000, 1.001213
0.650000, 1.250000, 1.133594
0.700000, 1.250000, 1.871912
0.750000, 1.250000, 2.977290
0.800000, 1.250000, 4.065056
0.850000, 1.250000, 4.750993
0.900000, 1.250000, 4.797574
0.950000, 1.250000, 4.204353
1.000000, 1.250000, 3.208001
1.050000, 1.250000, 2.191983
1.100000, 1.250000, 1.540381
1.150000, 1.250000, 1.491702
1.200000, 1.250000, 2.048500
1.250000, 1.250000, 2.977318
1.300000, 1.250000, 3.898959
1.350000, 1.250000, 4.434572
1.400000, 1.250000, 4.351723
1.450000, 1.250000, 3.654626
1.500000, 1.250000, 2.584025
1.550000, 1.250000, 1.526726
1.600000, 1.250000, 0.869299
1.650000, 1.250000, 0.851788
1.700000, 1.250000, 1.477254
1.750000, 1.250000, 2.511677
1.800000, 1.250000, 3.574212
1.850000, 1.250000, 4.283293
1.900000, 1.250000, 4.402768
1.950000, 1.250000, 3.932210
2.000000, 1.250000, 3.106917
0.000000, 1.300000, 1.382355
0.050000, 1.300000, 0.472125
0.100000, 1.300000, -0.041965
0.150000, 1.300000, 0.075451
0.200000, 1.300000, 0.822901
0.250000, 1.300000, 1.962076
0.300000, 1.300000, 3.108191
0.350000, 1.300000, 3.876194
0.400000, 1.300000, 4.026980
0.450000, 1.300000, 3.557792
0.500000, 1.300000, 2.702282
0.550000, 1.300000, 1.840252
0.600000, 1.300000, 1.351559
0.650000, 1.300000, 1.470027
0.700000, 1.300000, 2.193201
0.750000, 1.300000, 3.282432
0.800000, 1.300000, 4.353301
0.850000, 1.300000, 5.021877
0.900000, 1.300000, 5.050948
0.950000, 1.300000, 4.440419
1.000000, 1.300000, 3.427343
1.050000, 1.300000, 2.395595
1.100000, 1.300000, 1.729690
1.150000, 1.300000, 1.668578
1.200000, 1.300000, 2.215259
1.250000, 1.300000, 3.136708
1.300000, 1.300000, 4.054132
1.350000, 1.300000, 4.589035
1.400000, 1.300000, 4.509274
1.450000, 1.300000, 3.819274
1.500000, 1.300000, 2.759888
1.550000, 1.300000, 1.717922
1.600000, 1.300000, 1.079822
1.650000, 1.300000, 1.085376
1.700000, 1.300000, 1.737255
1.750000, 1.300000, 2.800919
1.800000, 1.300000, 3.894876
1.850000, 1.300000, 4.636806
1.900000, 1.300000, 4.789708
1.950000, 1.300000, 4.352237
2.000000, 1.300000, 3.558730
0.000000, 1.350000, 1.778497
0.050000, 1.350000, 0.878041
0.100000, 1.350000, 0.370888
0.150000, 1.350000, 0.492468
0.200000, 1.350000, 1.241412
0.250000, 1.350000, 2.379552
0.300000, 1.350000, 3.522269
0.350000, 1.350000, 4.284686
0.400000, 1.350000, 4.427882
0.450000, 1.350000, 3.949281
0.500000, 1.350000, 3.082720
0.550000, 1.350000, 2.208179
0.600000, 1.350000, 1.705697
0.650000, 1.350000, 1.809289
0.700000, 1.350000, 2.516699
0.750000, 1.350000, 3.589499
0.800000, 1.350000, 4.643518
0.850000, 1.350000, 5.295102
0.900000, 1.350000, 5.307356
0.950000, 1.350000, 4.680535
1.000000, 1.350000, 3.652084
1.050000, 1.350000, 2.606295
1.100000, 1.350000, 1.928129
1.150000, 1.350000, 1.856992
1.200000, 1.350000, 2.396336
1.250000, 1.350000, 3.313567
1.300000, 1.350000, 4.230281
1.350000, 1.350000, 4.768309
1.400000, 1.350000, 4.695754
1.450000, 1.350000, 4.017181
1.500000, 1.350000, 2.973464
1.550000, 1.350000, 1.951294
1.600000, 1.350000, 1.336859
1.650000, 1.350000, 1.369535
1.700000, 1.350000, 2.051441
1.750000, 1.350000, 3.147339
1.800000, 1.350000, 4.274920
1.850000, 1.350000, 5.050943
1.900000, 1.350000, 5.237411
1.950000, 1.350000, 4.831939
2.000000, 1.350000, 4.067824
0.000000, 1.400000, 2.201454
0.050000, 1.400000, 1.307700
0.100000, 1.400000, 0.804271
0.150000, 1.400000, 0.926749
0.200000, 1.400000, 1.673967
0.250000, 1.400000, 2.807981
0.300000, 1.400000, 3.944410
0.350000, 1.400000, 4.698615
0.400000, 1.400000, 4.831906
0.450000, 1.400000, 4.341922
0.500000, 1.400000, 3.462699
0.550000, 1.400000, 2.574407
0.600000, 1.400000, 2.057263
0.650000, 1.400000, 2.145460
0.700000, 1.400000, 2.836930
0.750000, 1.400000, 3.893452
0.800000, 1.400000, 4.931089
0.850000, 1.400000, 5.566458
0.900000, 1.400000, 5.562978
0.950000, 1.400000, 4.921262
1.000000, 1.400000, 3.879150
1.050000, 1.400000, 2.821372
1.100000, 1.400000, 2.133344
1.150000, 1.400000, 2.054939
1.200000, 1.400000, 2.590063
1.250000, 1.400000, 3.506547
1.300000, 1.400000, 4.426349
1.350000, 1.400000, 4.971583
1.400000, 1.400000, 4.910527
1.450000, 1.400000, 4.247794
1.500000, 1.400000, 3.224159
1.550000, 1.400000, 2.226055
1.600000, 1.400000, 1.639248
1.650000, 1.400000, 1.702530
1.700000, 1.400000, 2.417277
1.750000, 1.400000, 3.547376
1.800000, 1.400000, 4.709528
1.850000, 1.400000, 5.519420
1.900000, 1.400000, 5.737941
1.950000, 1.400000, 5.361597
2.000000, 1.400000, 4.622615
0.000000, 1.450000, 2.642270
0.050000, 1.450000, 1.751985
0.100000, 1.450000, 1.248982
0.150000, 1.450000, 1.369098
0.200000, 1.450000, 2.111453
0.250000, 1.450000, 3.238413
0.300000, 1.450000, 4.365901
0.350000, 1.450000, 5.109572
0.400000, 1.450000, 5.230999
0.450000, 1.450000, 4.728061
0.500000, 1.450000, 3.835000
0.550000, 1.450000, 2.932167
0.600000, 1.450000, 2.399943
0.650000, 1.450000, 2.472679
0.700000, 1.450000, 3.148474
0.750000, 1.450000, 4.189293
0.800000, 1.450000, 5.211420
0.850000, 1.450000, 5.831735
0.900000, 1.450000, 5.813969
0.950000, 1.450000, 5.159101
1.000000, 1.450000, 4.105383
1.050000, 1.450000, 3.037992
1.100000, 1.450000, 2.342817
1.150000, 1.450000, 2.260206
1.200000, 1.450000, 2.794517
1.250000, 1.450000, 3.713981
1.300000, 1.450000, 4.640879
1.350000, 1.450000, 5.197540
1.400000, 1.450000, 5.152324
1.450000, 1.450000, 4.509768
1.500000, 1.450000, 3.510401
1.550000, 1.450000, 2.540228
1.600000, 1.450000, 1.984406
1.650000, 1.450000, 2.080951
1.700000, 1.450000, 2.830305
1.750000, 1.450000, 3.995301
1.800000, 1.450000, 5.191497
1.850000, 1.450000, 6.033398
1.900000, 1.450000, 6.280716
1.950000, 1.450000, 5.928837
2.000000, 1.450000, 5.208984
0.000000, 1.500000, 3.091517
0.050000, 1.500000, 2.201386
0.100000, 1.500000, 1.695515
0.150000, 1.500000, 1.810089
0.200000, 1.500000, 2.544610
0.250000, 1.500000, 3.661825
0.300000, 1.500000, 4.778026
0.350000, 1.500000, 5.509202
0.400000, 1.500000, 5.617219
0.450000, 1.500000, 5.100199
0.500000, 1.500000, 4.192584
0.550000, 1.500000, 3.274887
0.600000, 1.500000, 2.727627
0.650000, 1.500000, 2.785286
0.700000, 1.500000, 3.446098
0.750000, 1.500000, 4.472191
0.800000, 1.500000, 5.480055
0.850000, 1.500000, 6.086826
0.900000, 1.500000, 6.056553
0.950000, 1.500000, 5.390587
1.000000, 1.500000, 4.327611
1.050000, 1.500000, 3.253269
1.100000, 1.500000, 2.553934
1.150000, 1.500000, 2.470431
1.200000, 1.500000, 3.007555
1.250000, 1.500000, 3.933903
1.300000, 1.500000, 4.872017
1.350000, 1.500000, 5.444347
1.400000, 1.500000, 5.419212
1.450000, 1.500000, 4.800924
1.500000, 1.500000, 3.829589
1.550000, 1.500000, 2.890590
1.600000, 1.500000, 2.368277
1.650000, 1.500000, 2.499684
1.700000, 1.500000, 3.284143
1.750000, 1.500000, 4.483277
1.800000, 1.500000, 5.711392
1.850000, 1.500000, 6.581753
1.900000, 1.500000, 6.852904
1.950000, 1.500000, 6.519194
2.000000, 1.500000, 5.810997
0.000000, 1.550000, 3.539529
0.050000, 1.550000, 2.646238
0.100000, 1.550000, 2.134285
0.150000, 1.550000, 2.240303
0.200000, 1.550000, 2.964255
0.250000, 1.550000, 4.069345
0.300000, 1.550000, 5.172281
0.350000, 1.550000, 5.889419
0.400000, 1.550000, 5.982928
0.450000, 1.550000, 5.451169
0.500000, 1.550000, 4.528763
0.550000, 1.550000, 3.596353
0.600000, 1.550000, 3.034560
0.650000, 1.550000, 3.077955
0.700000, 1.550000, 3.724877
0.750000, 1.550000, 4.737592
0.800000, 1.550000, 5.732779
0.850000, 1.550000, 6.327827
0.900000, 1.550000, 6.287108
0.950000, 1.550000, 5.612368
1.000000, 1.550000, 4.542734
1.050000, 1.550000, 3.464337
1.100000, 1.550000, 2.764044
1.150000, 1.550000, 2.683150
1.200000, 1.550000, 3.226861
1.250000, 1.550000, 4.164082
1.300000, 1.550000, 5.117529
1.350000, 1.550000, 5.709656
1.400000, 1.550000, 5.708587
1.450000, 1.550000, 5.118230
1.500000, 1.550000, 4.178069
1.550000, 1.550000, 3.272659
1.600000, 1.550000, 2.785333
1.650000, 1.550000, 2.951960
1.700000, 1.550000, 3.770600
1.750000, 1.550000, 5.001558
1.800000, 1.550000, 6.257839
1.850000, 1.550000, 7.151489
1.900000, 1.550000, 7.439983
1.950000, 1.550000, 7.116816
2.000000, 1.550000, 6.411775
0.000000, 1.600000, 3.976642
0.050000, 1.600000, 3.076958
0.100000, 1.600000, 2.555873
0.150000, 1.600000, 2.650556
0.200000, 1.600000, 3.361516
0.250000, 1.600000, 4.452468
0.300000, 1.600000, 5.540582
0.350000, 1.600000, 6.242596
0.400000, 1.600000, 6.320981
0.450000, 1.600000, 5.774316
0.500000, 1.600000, 4.837366
0.550000, 1.600000, 3.890861
0.600000, 1.600000, 3.315475
0.650000, 1.600000, 3.345825
0.700000, 1.600000, 3.980318
0.750000, 1.600000, 4.981330
0.800000, 1.600000, 5.965717
0.850000, 1.600000, 6.551126
0.900000, 1.600000, 6.502263
0.950000, 1.600000, 5.821286
1.000000, 1.600000, 4.747794
1.050000, 1.600000, 3.668418
1.100000, 1.600000, 2.970523
1.150000, 1.600000, 2.895856
1.200000, 1.600000, 3.449986
1.250000, 1.600000, 4.402051
1.300000, 1.600000, 5.374825
1.350000, 1.600000, 5.990616
1.400000, 1.600000, 6.017176
1.450000, 1.600000, 5.457804
1.500000, 1.600000, 4.551151
1.550000, 1.600000, 3.680729
1.600000, 1.600000, 3.228659
1.650000, 1.600000, 3.429482
1.700000, 1.600000, 4.279878
1.750000, 1.600000, 5.538786
1.800000, 1.600000, 6.817939
1.850000, 1.600000, 7.728281
1.900000, 1.600000, 8.026422
1.950000, 1.600000, 7.705289
2.000000, 1.600000, 6.994441
0.000000, 1.650000, 4.393427
0.050000, 1.650000, 3.484280
0.100000, 1.650000, 2.951249
0.150000, 1.650000, 3.032130
0.200000, 1.650000, 3.728044
0.250000, 1.650000, 4.803271
0.300000, 1.650000, 5.875467
0.350000, 1.650000, 6.561760
0.400000, 1.650000, 6.624904
0.450000, 1.650000, 6.063660
0.500000, 1.650000, 5.112889
0.550000, 1.650000, 4.153353
0.600000, 1.650000, 3.565723
0.650000, 1.650000, 3.584613
0.700000, 1.650000, 4.208458
0.750000, 1.650000, 5.199723
0.800000, 1.650000, 6.175432
0.850000, 1.650000, 6.753493
0.900000, 1.650000, 6.698972
0.950000, 1.650000, 6.014461
1.000000, 1.650000, 4.940052
1.050000, 1.650000, 3.862891
1.100000, 1.650000, 3.170834
1.150000, 1.650000, 3.106047
1.200000, 1.650000, 3.674397
1.250000, 1.650000, 4.645145
1.300000, 1.650000, 5.640984
1.350000, 1.650000, 6.283897
1.400000, 1.650000, 6.341063
1.450000, 1.650000, 5.814954
1.500000, 1.650000, 4.943164
1.550000, 1.650000, 4.107961
1.600000, 1.650000, 3.690087
1.650000, 1.650000, 3.922641
1.700000, 1.650000, 4.800873
1.750000, 1.650000, 6.082393
1.800000, 1.650000, 7.377791
1.850000, 1.650000, 8.297125
1.900000, 1.650000, 8.596447
1.950000, 1.650000, 8.268499
2.000000, 1.650000, 7.543061
0.000000, 1.700000, 4.780929
0.050000, 1.700000, 3.859483
0.100000, 1.700000, 3.312001
0.150000, 1.700000, 3.376982
0.200000, 1.700000, 4.056221
0.250000, 1.700000, 5.114601
0.300000, 1.700000, 6.170278
0.350000, 1.700000, 6.840758
0.400000, 1.700000, 6.889047
0.450000, 1.700000, 6.314039
0.500000, 1.700000, 5.350627
0.550000, 1.700000, 4.379540
0.600000, 1.700000, 3.781384
0.650000, 1.700000, 3.790719
0.700000, 1.700000, 4.405967
0.750000, 1.700000, 5.389662
0.800000, 1.700000, 6.358998
0.850000, 1.700000, 6.932159
0.900000, 1.700000, 6.874591
0.950000, 1.700000, 6.189353
1.000000, 1.700000, 5.117052
1.050000, 1.700000, 4.045355
1.100000, 1.700000, 3.362589
1.150000, 1.700000, 3.311287
1.200000, 1.700000, 3.897520
1.250000, 1.700000, 4.890544
1.300000, 1.700000, 5.912795
1.350000, 1.700000, 6.585735
1.400000, 1.700000, 6.675742
1.450000, 1.700000, 6.184240
1.500000, 1.700000, 5.347555
1.550000, 1.700000, 4.546533
1.600000, 1.700000, 4.160415
1.650000, 1.700000, 4.420805
1.700000, 1.700000, 5.321560
1.750000, 1.700000, 6.619096
1.800000, 1.700000, 7.923087
1.850000, 1.700000, 8.843030
1.900000, 1.700000, 9.134823
1.950000, 1.700000, 8.791487
2.000000, 1.700000, 8.043514
0.000000, 1.750000, 5.130880
0.050000, 1.750000, 4.194609
0.100000, 1.750000, 3.630541
0.150000, 1.750000, 3.677948
0.200000, 1.750000, 4.339349
0.250000, 1.750000, 5.380256
0.300000, 1.750000, 6.419324
0.350000, 1.750000, 7.074412
0.400000, 1.750000, 7.108729
0.450000, 1.750000, 6.521237
0.500000, 1.750000, 5.546789
0.550000, 1.750000, 4.566006
0.600000, 1.750000, 3.959363
0.650000, 1.750000, 3.961307
0.700000, 1.750000, 4.570219
0.750000, 1.750000, 5.548687
0.800000, 1.750000, 6.514078
0.850000, 1.750000, 7.084877
0.900000, 1.750000, 7.026944
0.950000, 1.750000, 6.343833
1.000000, 1.750000, 5.276686
1.050000, 1.750000, 4.213686
1.100000, 1.750000, 3.543599
1.150000, 1.750000, 3.509248
1.200000, 1.750000, 4.116789
1.250000, 1.750000, 5.135313
1.300000, 1.750000, 6.186805
1.350000, 1.750000, 6.891979
1.400000, 1.750000, 7.016188
1.450000, 1.750000, 6.559582
1.500000, 1.750000, 5.757035
1.550000, 1.750000, 4.987837
1.600000, 1.750000, 4.629669
1.650000, 1.750000, 4.912671
1.700000, 1.750000, 5.829443
1.750000, 1.750000, 7.135439
1.800000, 1.750000, 8.439752
1.850000, 1.750000, 9.351738
1.900000, 1.750000, 9.627619
1.950000, 1.750000, 9.261208
2.000000, 1.750000, 8.484218
0.000000, 1.800000, 5.435907
0.050000, 1.800000, 4.482655
0.100000, 1.800000, 3.900288
0.150000, 1.800000, 3.928914
0.200000, 1.800000, 4.571812
0.250000, 1.800000, 5.595136
0.300000, 1.800000, 6.618024
0.350000, 1.800000, 7.258645
0.400000, 1.800000, 7.280349
0.450000, 1.800000, 6.682088
0.500000, 1.800000, 5.698591
0.550000, 1.800000, 4.710290
0.600000, 1.800000, 4.097455
0.650000, 1.800000, 4.094376
0.700000, 1.800000, 4.699357
0.750000, 1.800000, 5.675037
0.800000, 1.800000, 6.638974
0.850000, 1.800000, 7.209984
0.900000, 1.800000, 7.154374
0.950000, 1.800000, 6.476229
1.000000, 1.800000, 5.417239
1.050000, 1.800000, 4.366089
1.100000, 1.800000, 3.711924
1.150000, 1.800000, 3.697759
1.200000, 1.800000, 4.329692
1.250000, 1.800000, 5.376458
1.300000, 1.800000, 6.459372
1.350000, 1.800000, 7.198171
1.400000, 1.800000, 7.356950
1.450000, 1.800000, 6.934389
1.500000, 1.800000, 6.163761
1.550000, 1.800000, 5.422729
1.600000, 1.800000, 5.087433
1.650000, 1.800000, 5.386680
1.700000, 1.800000, 6.312044
1.750000, 1.800000, 7.618362
1.800000, 1.800000, 8.914576
1.850000, 1.800000, 9.810393
1.900000, 1.800000, 10.062886
1.950000, 1.800000, 9.667175
2.000000, 1.800000, 8.856659
0.000000, 1.850000, 5.689716
0.050000, 1.850000, 4.717746
0.100000, 1.850000, 4.115834
0.150000, 1.850000, 4.124970
0.200000, 1.850000, 4.749218
0.250000, 1.850000, 5.755370
0.300000, 1.850000, 6.763017
0.350000, 1.850000, 7.390581
0.400000, 1.850000, 7.401475
0.450000, 1.850000, 6.794550
0.500000, 1.850000, 5.804320
0.550000, 1.850000, 4.810939
0.600000, 1.850000, 4.194407
0.650000, 1.850000, 4.188802
0.700000, 1.850000, 4.792336
0.750000, 1.850000, 5.767700
0.800000, 1.850000, 6.732669
0.850000, 1.850000, 7.306433
0.900000, 1.850000, 7.255788
0.950000, 1.850000, 6.585376
1.000000, 1.850000, 5.537441
1.050000, 1.850000, 4.501137
1.100000, 1.850000, 3.865914
1.150000, 1.850000, 3.874852
1.200000, 1.850000, 4.533813
1.250000, 1.850000, 5.610970
1.300000, 1.850000, 6.726734
1.350000, 1.850000, 7.499625
1.400000, 1.850000, 7.692273
1.450000, 1.850000, 7.301721
1.500000, 1.850000, 6.559553
1.550000, 1.850000, 5.841809
1.600000, 1.850000, 5.523206
1.650000, 1.850000, 5.831445
1.700000, 1.850000, 6.757418
1.750000, 1.850000, 8.055779
1.800000, 1.850000, 9.335824
1.850000, 1.850000, 10.208150
1.900000, 1.850000, 10.431206
1.950000, 1.850000, 10.001896
2.000000, 1.850000, 9.155682
0.000000, 1.900000, 5.887239
0.050000, 1.900000, 4.895282
0.100000, 1.900000, 4.273077
0.150000, 1.900000, 4.262530
0.200000, 1.900000, 4.868505
0.250000, 1.900000, 5.858411
0.300000, 1.900000, 6.852246
0.350000, 1.900000, 7.468615
0.400000, 1.900000, 7.470902
0.450000, 1.900000, 6.857757
0.500000, 1.900000, 5.863376
0.550000, 1.900000, 4.867550
0.600000, 1.900000, 4.249937
0.650000, 1.900000, 4.244366
0.700000, 1.900000, 4.848942
0.750000, 1.900000, 5.826428
0.800000, 1.900000, 6.794854
0.850000, 1.900000, 7.373827
0.900000, 1.900000, 7.330679
0.950000, 1.900000, 6.670635
1.000000, 1.900000, 5.636487
1.050000, 1.900000, 4.617807
1.100000, 1.900000, 4.004245
1.150000, 1.900000, 4.038793
1.200000, 1.900000, 4.726881
1.250000, 1.900000, 5.835886
1.300000, 1.900000, 6.985077
1.350000, 1.900000, 7.791533
1.400000, 1.900000, 8.016235
1.450000, 1.900000, 7.654480
1.500000, 1.900000, 6.936144
1.550000, 1.900000, 6.235744
1.600000, 1.900000, 5.926788
1.650000, 1.900000, 6.236208
1.700000, 1.900000, 7.154652
1.750000, 1.900000, 8.437101
1.800000, 1.900000, 9.693758
1.850000, 1.900000, 10.536647
1.900000, 1.900000, 10.726084
1.950000, 1.900000, 10.261129
2.000000, 1.900000, 9.379537
0.000000, 1.950000, 6.024767
0.050000, 1.950000, 5.012051
0.100000, 1.950000, 4.369320
0.150000, 1.950000, 4.339421
0.200000, 1.950000, 4.928015
0.250000, 1.950000, 5.903096
0.300000, 1.950000, 6.885009
0.350000, 1.950000, 7.492454
0.400000, 1.950000, 7.488683
0.450000, 1.950000, 6.872034
0.500000, 1.950000, 5.876284
0.550000, 1.950000, 4.880768
0.600000, 1.950000, 4.264742
0.650000, 1.950000, 4.261752
0.700000, 1.950000, 4.869800
0.750000, 1.950000, 5.851747
0.800000, 1.950000, 6.825929
0.850000, 1.950000, 7.412424
0.900000, 1.950000, 7.379146
0.950000, 1.950000, 6.731922
1.000000, 1.950000, 5.714067
1.050000, 1.950000, 4.715500
1.100000, 1.950000, 4.125943
1.150000, 1.950000, 4.188118
1.200000, 1.950000, 4.906804
1.250000, 1.950000, 6.048342
1.300000, 1.950000, 7.230619
1.350000, 1.950000, 8.069076
1.400000, 1.950000, 8.322904
1.450000, 1.950000, 7.985615
1.500000, 1.950000, 7.285448
1.550000, 1.950000, 6.595591
1.600000, 1.950000, 6.288668
1.650000, 1.950000, 6.591274
1.700000, 1.950000, 7.494329
1.750000, 1.950000, 8.753705
1.800000, 1.950000, 9.981060
1.850000, 1.950000, 10.790351
1.900000, 1.950000, 10.944143
1.950000, 1.950000, 10.443889
2.000000, 1.950000, 9.529678
0.000000, 2.000000, 6.100036
0.050000, 2.000000, 5.066304
0.100000, 2.000000, 4.403337
0.150000, 2.000000, 4.354936
0.200000, 2.000000, 4.927538
0.250000, 2.000000, 5.889680
0.300000, 2.000000, 6.861975
0.350000, 2.000000, 7.463121
0.400000, 2.000000, 7.456124
0.450000, 2.000000, 6.838895
0.500000, 2.000000, 5.844680
0.550000, 2.000000, 4.852275
0.600000, 2.000000, 4.240477
0.650000, 2.000000, 4.242532
0.700000, 2.000000, 4.856351
0.750000, 2.000000, 5.844941
0.800000, 2.000000, 6.826998
0.850000, 2.000000, 7.423135
0.900000, 2.000000, 7.401890
0.950000, 2.000000, 6.769701
1.000000, 2.000000, 5.770368
1.050000, 2.000000, 4.794054
1.100000, 2.000000, 4.230404
1.150000, 2.000000, 4.321662
1.200000, 2.000000, 5.071718
1.250000, 2.000000, 6.245633
1.300000, 2.000000, 7.459697
1.350000, 2.000000, 8.327545
1.400000, 2.000000, 8.606507
1.450000, 2.000000, 8.288346
1.500000, 2.000000, 7.599835
1.550000, 2.000000, 6.913135
1.600000, 2.000000, 6.600405
1.650000, 2.000000, 6.888420
1.700000, 2.000000, 7.768941
1.750000, 2.000000, 8.999298
1.800000, 2.000000, 10.193129
1.850000, 2.000000, 10.966721
1.900000, 2.000000, 11.085135
1.950000, 2.000000, 10.552262
2.000000, 2.000000, 9.610347
