0.000000, 0.000000, -2.261342
0.050000, 0.000000, -2.444211
0.100000, 0.000000, -2.603785
0.150000, 0.000000, -2.727587
0.200000, 0.000000, -2.805783
0.250000, 0.000000, -2.832156
0.300000, 0.000000, -2.804737
0.350000, 0.000000, -2.726011
0.400000, 0.000000, -2.602708
0.450000, 0.000000, -2.445168
0.500000, 0.000000, -2.266367
0.550000, 0.000000, -2.080683
0.600000, 0.000000, -1.902532
0.650000, 0.000000, -1.745002
0.700000, 0.000000, -1.618620
0.750000, 0.000000, -1.530373
0.800000, 0.000000, -1.483078
0.850000, 0.000000, -1.475165
0.900000, 0.000000, -1.500885
0.950000, 0.000000, -1.550932
1.000000, 0.000000, -1.613420
1.050000, 0.000000, -1.675103
1.100000, 0.000000, -1.722735
1.150000, 0.000000, -1.744427
1.200000, 0.000000, -1.730877
1.250000, 0.000000, -1.676335
1.300000, 0.000000, -1.579230
1.350000, 0.000000, -1.442379
1.400000, 0.000000, -1.272769
1.450000, 0.000000, -1.080928
1.500000, 0.000000, -0.879944
1.550000, 0.000000, -0.684231
1.600000, 0.000000, -0.508169
1.650000, 0.000000, -0.364734
1.700000, 0.000000, -0.264265
1.750000, 0.000000, -0.213492
1.800000, 0.000000, -0.214901
1.850000, 0.000000, -0.266521
1.900000, 0.000000, -0.362138
1.950000, 0.000000, -0.491917
2.000000, 0.000000, -0.643379
0.000000, 0.050000, -2.552607
0.050000, 0.050000, -2.717534
0.100000, 0.050000, -2.859246
0.150000, 0.050000, -2.965319
0.200000, 0.050000, -3.025971
0.250000, 0.050000, -3.035036
0.300000, 0.050000, -2.990594
0.350000, 0.050000, -2.895181
0.400000, 0.050000, -2.755569
0.450000, 0.050000, -2.582143
0.500000, 0.050000, -2.387920
0.550000, 0.050000, -2.187317
0.600000, 0.050000, -1.994784
0.650000, 0.050000, -1.823441
0.700000, 0.050000, -1.683843
0.750000, 0.050000, -1.583002
0.800000, 0.050000, -1.523758
0.850000, 0.050000, -1.504554
0.900000, 0.050000, -1.519656
0.950000, 0.050000, -1.559768
1.000000, 0.050000, -1.613008
1.050000, 0.050000, -1.666130
1.100000, 0.050000, -1.705885
1.150000, 0.050000, -1.720377
1.200000, 0.050000, -1.700291
1.250000, 0.050000, -1.639863
1.300000, 0.050000, -1.537500
1.350000, 0.050000, -1.395997
1.400000, 0.050000, -1.222315
1.450000, 0.050000, -1.026949
1.500000, 0.050000, -0.822955
1.550000, 0.050000, -0.624710
1.600000, 0.050000, -0.446554
1.650000, 0.050000, -0.301421
1.700000, 0.050000, -0.199605
1.750000, 0.050000, -0.147790
1.800000, 0.050000, -0.148414
1.850000, 0.050000, -0.199455
1.900000, 0.050000, -0.294649
1.950000, 0.050000, -0.424108
2.000000, 0.050000, -0.575303
0.000000, 0.100000, -3.156973
0.050000, 0.100000, -3.304037
0.100000, 0.100000, -3.428024
0.150000, 0.100000, -3.516563
0.200000, 0.100000, -3.559929
0.250000, 0.100000, -3.552009
0.300000, 0.100000, -3.490935
0.350000, 0.100000, -3.379292
0.400000, 0.100000, -3.223901
0.450000, 0.100000, -3.035191
0.500000, 0.100000, -2.826221
0.550000, 0.100000, -2.611447
0.600000, 0.100000, -2.405355
0.650000, 0.100000, -2.221096
0.700000, 0.100000, -2.069256
0.750000, 0.100000, -1.956870
0.800000, 0.100000, -1.886798
0.850000, 0.100000, -1.857503
0.900000, 0.100000, -1.863261
0.950000, 0.100000, -1.894786
1.000000, 0.100000, -1.940199
1.050000, 0.100000, -1.986256
1.100000, 0.100000, -2.019702
1.150000, 0.100000, -2.028635
1.200000, 0.100000, -2.003728
1.250000, 0.100000, -1.939198
1.300000, 0.100000, -1.833436
1.350000, 0.100000, -1.689211
1.400000, 0.100000, -1.513458
1.450000, 0.100000, -1.316643
1.500000, 0.100000, -1.111785
1.550000, 0.100000, -0.913229
1.600000, 0.100000, -0.735274
1.650000, 0.100000, -0.590812
1.700000, 0.100000, -0.490096
1.750000, 0.100000, -0.439763
1.800000, 0.100000, -0.442206
1.850000, 0.100000, -0.495355
1.900000, 0.100000, -0.592897
1.950000, 0.100000, -0.724895
2.000000, 0.100000, -0.878770
0.000000, 0.150000, -3.871536
0.050000, 0.150000, -4.000871
0.100000, 0.150000, -4.107324
0.150000, 0.150000, -4.178588
0.200000, 0.150000, -4.204999
0.250000, 0.150000, -4.180505
0.300000, 0.150000, -4.103294
0.350000, 0.150000, -3.976007
0.400000, 0.150000, -3.805517
0.450000, 0.150000, -3.602304
0.500000, 0.150000, -3.379473
0.550000, 0.150000, -3.151523
0.600000, 0.150000, -2.932980
0.650000, 0.150000, -2.737032
0.700000, 0.150000, -2.574296
0.750000, 0.150000, -2.451836
0.800000, 0.150000, -2.372536
0.850000, 0.150000, -2.334877
0.900000, 0.150000, -2.333153
0.950000, 0.150000, -2.358088
1.000000, 0.150000, -2.397811
1.050000, 0.150000, -2.439078
1.100000, 0.150000, -2.468637
1.150000, 0.150000, -2.474576
1.200000, 0.150000, -2.447559
1.250000, 0.150000, -2.381792
1.300000, 0.150000, -2.275645
1.350000, 0.150000, -2.131868
1.400000, 0.150000, -1.957370
1.450000, 0.150000, -1.762588
1.500000, 0.150000, -1.560513
1.550000, 0.150000, -1.365453
1.600000, 0.150000, -1.191672
1.650000, 0.150000, -1.052024
1.700000, 0.150000, -0.956720
1.750000, 0.150000, -0.912355
1.800000, 0.150000, -0.921278
1.850000, 0.150000, -0.981375
1.900000, 0.150000, -1.086286
1.950000, 0.150000, -1.226029
2.000000, 0.150000, -1.387980
0.000000, 0.200000, -4.445526
0.050000, 0.200000, -4.557317
0.100000, 0.200000, -4.646484
0.150000, 0.200000, -4.700794
0.200000, 0.200000, -4.710653
0.250000, 0.200000, -4.670080
0.300000, 0.200000, -4.577329
0.350000, 0.200000, -4.435106
0.400000, 0.200000, -4.250346
0.450000, 0.200000, -4.033586
0.500000, 0.200000, -3.797985
0.550000, 0.200000, -3.558093
0.600000, 0.200000, -3.328483
0.650000, 0.200000, -3.122387
0.700000, 0.200000, -2.950457
0.750000, 0.200000, -2.819795
0.800000, 0.200000, -2.733311
0.850000, 0.200000, -2.689514
0.900000, 0.200000, -2.682716
0.950000, 0.200000, -2.703658
1.000000, 0.200000, -2.740478
1.050000, 0.200000, -2.779942
1.100000, 0.200000, -2.808794
1.150000, 0.200000, -2.815124
1.200000, 0.200000, -2.789587
1.250000, 0.200000, -2.726377
1.300000, 0.200000, -2.623849
1.350000, 0.200000, -2.484733
1.400000, 0.200000, -2.315914
1.450000, 0.200000, -2.127803
1.500000, 0.200000, -1.933360
1.550000, 0.200000, -1.746860
1.600000, 0.200000, -1.582531
1.650000, 0.200000, -1.453186
1.700000, 0.200000, -1.368997
1.750000, 0.200000, -1.336515
1.800000, 0.200000, -1.358045
1.850000, 0.200000, -1.431425
1.900000, 0.200000, -1.550250
1.950000, 0.200000, -1.704489
2.000000, 0.200000, -1.881469
0.000000, 0.250000, -4.676144
0.050000, 0.250000, -4.770627
0.100000, 0.250000, -4.842809
0.150000, 0.250000, -4.880544
0.200000, 0.250000, -4.874324
0.250000, 0.250000, -4.818251
0.300000, 0.250000, -4.710658
0.350000, 0.250000, -4.554326
0.400000, 0.250000, -4.356265
0.450000, 0.250000, -4.127081
0.500000, 0.250000, -3.879998
0.550000, 0.250000, -3.629626
0.600000, 0.250000, -3.390594
0.650000, 0.250000, -3.176185
0.700000, 0.250000, -2.997099
0.750000, 0.250000, -2.860475
0.800000, 0.250000, -2.769264
0.850000, 0.250000, -2.722001
0.900000, 0.250000, -2.713026
0.950000, 0.250000, -2.733096
1.000000, 0.250000, -2.770368
1.050000, 0.250000, -2.811611
1.100000, 0.250000, -2.843578
1.150000, 0.250000, -2.854352
1.200000, 0.250000, -2.834583
1.250000, 0.250000, -2.778452
1.300000, 0.250000, -2.684296
1.350000, 0.250000, -2.554823
1.400000, 0.250000, -2.396892
1.450000, 0.250000, -2.220881
1.500000, 0.250000, -2.039715
1.550000, 0.250000, -1.867630
1.600000, 0.250000, -1.718809
1.650000, 0.250000, -1.606021
1.700000, 0.250000, -1.539387
1.750000, 0.250000, -1.525406
1.800000, 0.250000, -1.566327
1.850000, 0.250000, -1.659933
1.900000, 0.250000, -1.799758
1.950000, 0.250000, -1.975712
2.000000, 0.250000, -2.175059
0.000000, 0.300000, -4.486091
0.050000, 0.300000, -4.563552
0.100000, 0.300000, -4.619101
0.150000, 0.300000, -4.640700
0.200000, 0.300000, -4.618941
0.250000, 0.300000, -4.548024
0.300000, 0.300000, -4.426381
0.350000, 0.300000, -4.256884
0.400000, 0.300000, -4.046629
0.450000, 0.300000, -3.806304
0.500000, 0.300000, -3.549213
0.550000, 0.300000, -3.290036
0.600000, 0.300000, -3.043471
0.650000, 0.300000, -2.822858
0.700000, 0.300000, -2.638952
0.750000, 0.300000, -2.498943
0.800000, 0.300000, -2.405818
0.850000, 0.300000, -2.358150
0.900000, 0.300000, -2.350305
0.950000, 0.300000, -2.373063
1.000000, 0.300000, -2.414591
1.050000, 0.300000, -2.461668
1.100000, 0.300000, -2.501045
1.150000, 0.300000, -2.520800
1.200000, 0.300000, -2.511566
1.250000, 0.300000, -2.467506
1.300000, 0.300000, -2.386930
1.350000, 0.300000, -2.272512
1.400000, 0.300000, -2.131071
1.450000, 0.300000, -1.972941
1.500000, 0.300000, -1.810995
1.550000, 0.300000, -1.659412
1.600000, 0.300000, -1.532315
1.650000, 0.300000, -1.442406
1.700000, 0.300000, -1.399736
1.750000, 0.300000, -1.410727
1.800000, 0.300000, -1.477552
1.850000, 0.300000, -1.597910
1.900000, 0.300000, -1.765252
1.950000, 0.300000, -1.969399
2.000000, 0.300000, -2.197526
0.000000, 0.350000, -3.953181
0.050000, 0.350000, -4.013954
0.100000, 0.350000, -4.053275
0.150000, 0.350000, -4.059229
0.200000, 0.350000, -4.022534
0.250000, 0.350000, -3.937509
0.300000, 0.350000, -3.802700
0.350000, 0.350000, -3.621089
0.400000, 0.350000, -3.399876
0.450000, 0.350000, -3.149847
0.500000, 0.350000, -2.884396
0.550000, 0.350000, -2.618289
0.600000, 0.350000, -2.366299
0.650000, 0.350000, -2.141837
0.700000, 0.350000, -1.955717
0.750000, 0.350000, -1.815180
0.800000, 0.350000, -1.723260
0.850000, 0.350000, -1.678563
0.900000, 0.350000, -1.675480
0.950000, 0.350000, -1.704808
1.000000, 0.350000, -1.754720
1.050000, 0.350000, -1.811995
1.100000, 0.350000, -1.863370
1.150000, 0.350000, -1.896903
1.200000, 0.350000, -1.903199
1.250000, 0.350000, -1.876380
1.300000, 0.350000, -1.814708
1.350000, 0.350000, -1.720802
1.400000, 0.350000, -1.601416
1.450000, 0.350000, -1.466811
1.500000, 0.350000, -1.329781
1.550000, 0.350000, -1.204415
1.600000, 0.350000, -1.104744
1.650000, 0.350000, -1.043367
1.700000, 0.350000, -1.030228
1.750000, 0.350000, -1.071639
1.800000, 0.350000, -1.169652
1.850000, 0.350000, -1.321846
1.900000, 0.350000, -1.521545
1.950000, 0.350000, -1.758441
2.000000, 0.350000, -2.019577
0.000000, 0.400000, -3.280729
0.050000, 0.400000, -3.325193
0.100000, 0.400000, -3.348734
0.150000, 0.400000, -3.339590
0.200000, 0.400000, -3.288624
0.250000, 0.400000, -3.190299
0.300000, 0.400000, -3.043296
0.350000, 0.400000, -2.850727
0.400000, 0.400000, -2.619914
0.450000, 0.400000, -2.361758
0.500000, 0.400000, -2.089757
0.550000, 0.400000, -1.818774
0.600000, 0.400000, -1.563667
0.650000, 0.400000, -1.337922
0.700000, 0.400000, -1.152418
0.750000, 0.400000, -1.014449
0.800000, 0.400000, -0.927087
0.850000, 0.400000, -0.888969
0.900000, 0.400000, -0.894502
0.950000, 0.400000, -0.934485
1.000000, 0.400000, -0.997084
1.050000, 0.400000, -1.069056
1.100000, 0.400000, -1.137104
1.150000, 0.400000, -1.189239
1.200000, 0.400000, -1.216007
1.250000, 0.400000, -1.211459
1.300000, 0.400000, -1.173777
1.350000, 0.400000, -1.105483
1.400000, 0.400000, -1.013227
1.450000, 0.400000, -0.907155
1.500000, 0.400000, -0.799935
1.550000, 0.400000, -0.705524
1.600000, 0.400000, -0.637807
1.650000, 0.400000, -0.609234
1.700000, 0.400000, -0.629590
1.750000, 0.400000, -0.705023
1.800000, 0.400000, -0.837415
1.850000, 0.400000, -1.024170
1.900000, 0.400000, -1.258434
1.950000, 0.400000, -1.529717
2.000000, 0.400000, -1.824879
0.000000, 0.450000, -2.720009
0.050000, 0.450000, -2.748587
0.100000, 0.450000, -2.756844
0.150000, 0.450000, -2.733197
0.200000, 0.450000, -2.668684
0.250000, 0.450000, -2.557934
0.300000, 0.450000, -2.399791
0.350000, 0.450000, -2.197518
0.400000, 0.450000, -1.958578
0.450000, 0.450000, -1.694002
0.500000, 0.450000, -1.417408
0.550000, 0.450000, -1.143763
0.600000, 0.450000, -0.888018
0.650000, 0.450000, -0.663736
0.700000, 0.450000, -0.481858
0.750000, 0.450000, -0.349724
0.800000, 0.450000, -0.270439
0.850000, 0.450000, -0.242650
0.900000, 0.450000, -0.260763
0.950000, 0.450000, -0.315558
1.000000, 0.450000, -0.395164
1.050000, 0.450000, -0.486282
1.100000, 0.450000, -0.575547
1.150000, 0.450000, -0.650883
1.200000, 0.450000, -0.702733
1.250000, 0.450000, -0.725029
1.300000, 0.450000, -0.715820
1.350000, 0.450000, -0.677482
1.400000, 0.450000, -0.616504
1.450000, 0.450000, -0.542859
1.500000, 0.450000, -0.469029
1.550000, 0.450000, -0.408778
1.600000, 0.450000, -0.375785
1.650000, 0.450000, -0.382288
1.700000, 0.450000, -0.437853
1.750000, 0.450000, -0.548403
1.800000, 0.450000, -0.715592
1.850000, 0.450000, -0.936591
1.900000, 0.450000, -1.204313
1.950000, 0.450000, -1.508036
2.000000, 0.450000, -1.834388
0.000000, 0.500000, -2.474422
0.050000, 0.500000, -2.487579
0.100000, 0.500000, -2.481089
0.150000, 0.500000, -2.443580
0.200000, 0.500000, -2.366297
0.250000, 0.500000, -2.244065
0.300000, 0.500000, -2.075914
0.350000, 0.500000, -1.865281
0.400000, 0.500000, -1.619791
0.450000, 0.500000, -1.350622
0.500000, 0.500000, -1.071520
0.550000, 0.500000, -0.797566
0.600000, 0.500000, -0.543803
0.650000, 0.500000, -0.323869
0.700000, 0.500000, -0.148758
0.750000, 0.500000, -0.025841
0.800000, 0.500000, 0.041766
0.850000, 0.500000, 0.055428
0.900000, 0.500000, 0.020774
0.950000, 0.500000, -0.052920
1.000000, 0.500000, -0.153704
1.050000, 0.500000, -0.268179
1.100000, 0.500000, -0.382857
1.150000, 0.500000, -0.485520
1.200000, 0.500000, -0.566448
1.250000, 0.500000, -0.619394
1.300000, 0.500000, -0.642205
1.350000, 0.500000, -0.637045
1.400000, 0.500000, -0.610170
1.450000, 0.500000, -0.571313
1.500000, 0.500000, -0.532700
1.550000, 0.500000, -0.507829
1.600000, 0.500000, -0.510110
1.650000, 0.500000, -0.551501
1.700000, 0.500000, -0.641287
1.750000, 0.500000, -0.785106
1.800000, 0.500000, -0.984330
1.850000, 0.500000, -1.235850
1.900000, 0.500000, -1.532303
1.950000, 0.500000, -1.862699
2.000000, 0.500000, -2.213406
0.000000, 0.550000, -2.621959
0.050000, 0.550000, -2.620196
0.100000, 0.550000, -2.599535
0.150000, 0.550000, -2.548851
0.200000, 0.550000, -2.459626
0.250000, 0.550000, -2.326914
0.300000, 0.550000, -2.149959
0.350000, 0.550000, -1.932395
0.400000, 0.550000, -1.682029
0.450000, 0.550000, -1.410198
0.500000, 0.550000, -1.130787
0.550000, 0.550000, -0.858990
0.600000, 0.550000, -0.609940
0.650000, 0.550000, -0.397337
0.700000, 0.550000, -0.232210
0.750000, 0.550000, -0.121938
0.800000, 0.550000, -0.069613
0.850000, 0.550000, -0.073821
0.900000, 0.550000, -0.128852
0.950000, 0.550000, -0.225323
1.000000, 0.550000, -0.351146
1.050000, 0.550000, -0.492760
1.100000, 0.550000, -0.636487
1.150000, 0.550000, -0.769896
1.200000, 0.550000, -0.883029
1.250000, 0.550000, -0.969382
1.300000, 0.550000, -1.026524
1.350000, 0.550000, -1.056326
1.400000, 0.550000, -1.064738
1.450000, 0.550000, -1.061171
1.500000, 0.550000, -1.057524
1.550000, 0.550000, -1.066962
1.600000, 0.550000, -1.102558
1.650000, 0.550000, -1.175933
1.700000, 0.550000, -1.296040
1.750000, 0.550000, -1.468190
1.800000, 0.550000, -1.693437
1.850000, 0.550000, -1.968369
1.900000, 0.550000, -2.285334
1.950000, 0.550000, -2.633073
2.000000, 0.550000, -2.997703
0.000000, 0.600000, -3.085583
0.050000, 0.600000, -3.069438
0.100000, 0.600000, -3.035217
0.150000, 0.600000, -2.972083
0.200000, 0.600000, -2.871791
0.250000, 0.600000, -2.729657
0.300000, 0.600000, -2.545167
0.350000, 0.600000, -2.322180
0.400000, 0.600000, -2.068697
0.450000, 0.600000, -1.796228
0.500000, 0.600000, -1.518799
0.550000, 0.600000, -1.251715
0.600000, 0.600000, -1.010185
0.650000, 0.600000, -0.807951
0.700000, 0.600000, -0.656048
0.750000, 0.600000, -0.561825
0.800000, 0.600000, -0.528305
0.850000, 0.600000, -0.553971
0.900000, 0.600000, -0.632971
0.950000, 0.600000, -0.755747
1.000000, 0.600000, -0.910002
1.050000, 0.600000, -1.081933
1.100000, 0.600000, -1.257590
1.150000, 0.600000, -1.424242
1.200000, 0.600000, -1.571611
1.250000, 0.600000, -1.692845
1.300000, 0.600000, -1.785154
1.350000, 0.600000, -1.850030
1.400000, 0.600000, -1.893038
1.450000, 0.600000, -1.923197
1.500000, 0.600000, -1.952012
1.550000, 0.600000, -1.992257
1.600000, 0.600000, -2.056617
1.650000, 0.600000, -2.156344
1.700000, 0.600000, -2.300031
1.750000, 0.600000, -2.492652
1.800000, 0.600000, -2.734947
1.850000, 0.600000, -3.023219
1.900000, 0.600000, -3.349559
1.950000, 0.600000, -3.702489
2.000000, 0.600000, -4.067946
0.000000, 0.650000, -3.662840
0.050000, 0.650000, -3.632882
0.100000, 0.650000, -3.585747
0.150000, 0.650000, -3.510923
0.200000, 0.650000, -3.400482
0.250000, 0.650000, -3.250036
0.300000, 0.650000, -3.059342
0.350000, 0.650000, -2.832505
0.400000, 0.650000, -2.577739
0.450000, 0.650000, -2.306733
0.500000, 0.650000, -2.033652
0.550000, 0.650000, -1.773899
0.600000, 0.650000, -1.542739
0.650000, 0.650000, -1.353922
0.700000, 0.650000, -1.218449
0.750000, 0.650000, -1.143585
0.800000, 0.650000, -1.132227
0.850000, 0.650000, -1.182683
0.900000, 0.650000, -1.288885
0.950000, 0.650000, -1.441014
1.000000, 0.650000, -1.626476
1.050000, 0.650000, -1.831134
1.100000, 0.650000, -2.040672
1.150000, 0.650000, -2.241968
1.200000, 0.650000, -2.424325
1.250000, 0.650000, -2.580457
1.300000, 0.650000, -2.707128
1.350000, 0.650000, -2.805374
1.400000, 0.650000, -2.880306
1.450000, 0.650000, -2.940490
1.500000, 0.650000, -2.996993
1.550000, 0.650000, -3.062165
1.600000, 0.650000, -3.148290
1.650000, 0.650000, -3.266247
1.700000, 0.650000, -3.424288
1.750000, 0.650000, -3.627088
1.800000, 0.650000, -3.875129
1.850000, 0.650000, -4.164503
1.900000, 0.650000, -4.487142
1.950000, 0.650000, -4.831465
2.000000, 0.650000, -5.183359
0.000000, 0.700000, -4.103392
0.050000, 0.700000, -4.060218
0.100000, 0.700000, -4.000840
0.150000, 0.700000, -3.915120
0.200000, 0.700000, -3.795487
0.250000, 0.700000, -3.637884
0.300000, 0.700000, -3.442371
0.350000, 0.700000, -3.213319
0.400000, 0.700000, -2.959170
0.450000, 0.700000, -2.691790
0.500000, 0.700000, -2.425475
0.550000, 0.700000, -2.175706
0.600000, 0.700000, -1.957770
0.650000, 0.700000, -1.785383
0.700000, 0.700000, -1.669454
0.750000, 0.700000, -1.617099
0.800000, 0.700000, -1.631009
0.850000, 0.700000, -1.709235
0.900000, 0.700000, -1.845399
0.950000, 0.700000, -2.029325
1.000000, 0.700000, -2.248021
1.050000, 0.700000, -2.486913
1.100000, 0.700000, -2.731218
1.150000, 0.700000, -2.967322
1.200000, 0.700000, -3.184016
1.250000, 0.700000, -3.373498
1.300000, 0.700000, -3.532007
1.350000, 0.700000, -3.660064
1.400000, 0.700000, -3.762276
1.450000, 0.700000, -3.846729
1.500000, 0.700000, -3.924037
1.550000, 0.700000, -4.006135
1.600000, 0.700000, -4.104935
1.650000, 0.700000, -4.230995
1.700000, 0.700000, -4.392305
1.750000, 0.700000, -4.593335
1.800000, 0.700000, -4.834431
1.850000, 0.700000, -5.111620
1.900000, 0.700000, -5.416839
1.950000, 0.700000, -5.738588
2.000000, 0.700000, -6.062910
0.000000, 0.750000, -4.204844
0.050000, 0.750000, -4.149077
0.100000, 0.750000, -4.078153
0.150000, 0.750000, -3.982359
0.200000, 0.750000, -3.854523
0.250000, 0.750000, -3.690959
0.300000, 0.750000, -3.492060
0.350000, 0.750000, -3.262481
0.400000, 0.750000, -3.010899
0.450000, 0.750000, -2.749355
0.500000, 0.750000, -2.492257
0.550000, 0.750000, -2.255133
0.600000, 0.750000, -2.053245
0.650000, 0.750000, -1.900218
0.700000, 0.750000, -1.806797
0.750000, 0.750000, -1.779868
0.800000, 0.750000, -1.821824
0.850000, 0.750000, -1.930357
0.900000, 0.750000, -2.098673
0.950000, 0.750000, -2.316131
1.000000, 0.750000, -2.569229
1.050000, 0.750000, -2.842848
1.100000, 0.750000, -3.121634
1.150000, 0.750000, -3.391386
1.200000, 0.750000, -3.640303
1.250000, 0.750000, -3.859991
1.300000, 0.750000, -4.046113
1.350000, 0.750000, -4.198642
1.400000, 0.750000, -4.321667
1.450000, 0.750000, -4.422805
1.500000, 0.750000, -4.512254
1.550000, 0.750000, -4.601593
1.600000, 0.750000, -4.702455
1.650000, 0.750000, -4.825192
1.700000, 0.750000, -4.977671
1.750000, 0.750000, -5.164328
1.800000, 0.750000, -5.385565
1.850000, 0.750000, -5.637553
1.900000, 0.750000, -5.912472
1.950000, 0.750000, -6.199148
2.000000, 0.750000, -6.484041
0.000000, 0.800000, -3.890276
0.050000, 0.800000, -3.822559
0.100000, 0.800000, -3.740808
0.150000, 0.800000, -3.635785
0.200000, 0.800000, -3.500766
0.250000, 0.800000, -3.332474
0.300000, 0.800000, -3.131662
0.350000, 0.800000, -2.903288
0.400000, 0.800000, -2.656264
0.450000, 0.800000, -2.402796
0.500000, 0.800000, -2.157376
0.550000, 0.800000, -1.935534
0.600000, 0.800000, -1.752452
0.650000, 0.800000, -1.621587
0.700000, 0.800000, -1.553434
0.750000, 0.800000, -1.554551
0.800000, 0.800000, -1.626925
0.850000, 0.800000, -1.767776
0.900000, 0.800000, -1.969776
0.950000, 0.800000, -2.221701
1.000000, 0.800000, -2.509422
1.050000, 0.800000, -2.817171
1.100000, 0.800000, -3.128926
1.150000, 0.800000, -3.429814
1.200000, 0.800000, -3.707376
1.250000, 0.800000, -3.952585
1.300000, 0.800000, -4.160510
1.350000, 0.800000, -4.330577
1.400000, 0.800000, -4.466397
1.450000, 0.800000, -4.575180
1.500000, 0.800000, -4.666803
1.550000, 0.800000, -4.752621
1.600000, 0.800000, -4.844141
1.650000, 0.800000, -4.951694
1.700000, 0.800000, -5.083239
1.750000, 0.800000, -5.243412
1.800000, 0.800000, -5.432929
1.850000, 0.800000, -5.648382
1.900000, 0.800000, -5.882471
1.950000, 0.800000, -6.124642
2.000000, 0.800000, -6.362065
0.000000, 0.850000, -3.237854
0.050000, 0.850000, -3.158847
0.100000, 0.850000, -3.067004
0.150000, 0.850000, -2.953618
0.200000, 0.850000, -2.812461
0.250000, 0.850000, -2.640703
0.300000, 0.850000, -2.439486
0.350000, 0.850000, -2.214082
0.400000, 0.850000, -1.973638
0.450000, 0.850000, -1.730499
0.500000, 0.850000, -1.499206
0.550000, 0.850000, -1.295234
0.600000, 0.850000, -1.133609
0.650000, 0.850000, -1.027534
0.700000, 0.850000, -0.987152
0.750000, 0.850000, -1.018575
0.800000, 0.850000, -1.123267
0.850000, 0.850000, -1.297848
0.900000, 0.850000, -1.534333
0.950000, 0.850000, -1.820789
1.000000, 0.850000, -2.142355
1.050000, 0.850000, -2.482508
1.100000, 0.850000, -2.824478
1.150000, 0.850000, -3.152663
1.200000, 0.850000, -3.453910
1.250000, 0.850000, -3.718551
1.300000, 0.850000, -3.941086
1.350000, 0.850000, -4.120458
1.400000, 0.850000, -4.259890
1.450000, 0.850000, -4.366317
1.500000, 0.850000, -4.449459
1.550000, 0.850000, -4.520641
1.600000, 0.850000, -4.591472
1.650000, 0.850000, -4.672517
1.700000, 0.850000, -4.772103
1.750000, 0.850000, -4.895363
1.800000, 0.850000, -5.043629
1.850000, 0.850000, -5.214224
1.900000, 0.850000, -5.400681
1.950000, 0.850000, -5.593362
2.000000, 0.850000, -5.780422
0.000000, 0.900000, -2.451211
0.050000, 0.900000, -2.361586
0.100000, 0.900000, -2.260400
0.150000, 0.900000, -2.139532
0.200000, 0.900000, -1.993301
0.250000, 0.900000, -1.819365
0.300000, 0.900000, -1.619278
0.350000, 0.900000, -1.398637
0.400000, 0.900000, -1.166807
0.450000, 0.900000, -0.936249
0.500000, 0.900000, -0.721498
0.550000, 0.900000, -0.537903
0.600000, 0.900000, -0.400248
0.650000, 0.900000, -0.321373
0.700000, 0.900000, -0.310953
0.750000, 0.900000, -0.374529
0.800000, 0.900000, -0.512906
0.850000, 0.900000, -0.721971
0.900000, 0.900000, -0.992952
0.950000, 0.900000, -1.313094
1.000000, 0.900000, -1.666695
1.050000, 0.900000, -2.036400
1.100000, 0.900000, -2.404632
1.150000, 0.900000, -2.755030
1.200000, 0.900000, -3.073759
1.250000, 0.900000, -3.350552
1.300000, 0.900000, -3.579425
1.350000, 0.900000, -3.758954
1.400000, 0.900000, -3.892140
1.450000, 0.900000, -3.985839
1.500000, 0.900000, -4.049849
1.550000, 0.900000, -4.095732
1.600000, 0.900000, -4.135489
1.650000, 0.900000, -4.180232
1.700000, 0.900000, -4.238981
1.750000, 0.900000, -4.317694
1.800000, 0.900000, -4.418647
1.850000, 0.900000, -4.540207
1.900000, 0.900000, -4.677028
1.950000, 0.900000, -4.820650
2.000000, 0.900000, -4.960432
0.000000, 0.950000, -1.781910
0.050000, 0.950000, -1.682349
0.100000, 0.950000, -1.572576
0.150000, 0.950000, -1.445117
0.200000, 0.950000, -1.294893
0.250000, 0.950000, -1.120087
0.300000, 0.950000, -0.922687
0.350000, 0.950000, -0.708615
0.400000, 0.950000, -0.487441
0.450000, 0.950000, -0.271695
0.500000, 0.950000, -0.075843
0.550000, 0.950000, 0.084976
0.600000, 0.950000, 0.196326
0.650000, 0.950000, 0.245847
0.700000, 0.950000, 0.224469
0.750000, 0.950000, 0.127362
0.800000, 0.950000, -0.045481
0.850000, 0.950000, -0.289078
0.900000, 0.950000, -0.593745
0.950000, 0.950000, -0.945795
1.000000, 0.950000, -1.328601
1.050000, 0.950000, -1.723918
1.100000, 0.950000, -2.113343
1.150000, 0.950000, -2.479776
1.200000, 0.950000, -2.808752
1.250000, 0.950000, -3.089516
1.300000, 0.950000, -3.315738
1.350000, 0.950000, -3.485827
1.400000, 0.950000, -3.602787
1.450000, 0.950000, -3.673668
1.500000, 0.950000, -3.708645
1.550000, 0.950000, -3.719839
1.600000, 0.950000, -3.719988
1.650000, 0.950000, -3.721100
1.700000, 0.950000, -3.733232
1.750000, 0.950000, -3.763499
1.800000, 0.950000, -3.815429
1.850000, 0.950000, -3.888703
1.900000, 0.950000, -3.979321
1.950000, 0.950000, -4.080167
2.000000, 0.950000, -4.181906
0.000000, 1.000000, -1.433602
0.050000, 1.000000, -1.324794
0.100000, 1.000000, -1.207193
0.150000, 1.000000, -1.074045
0.200000, 1.000000, -0.920918
0.250000, 1.000000, -0.746562
0.300000, 1.000000, -0.553419
0.350000, 1.000000, -0.347732
0.400000, 1.000000, -0.139246
0.450000, 1.000000, 0.059495
0.500000, 1.000000, 0.234169
0.550000, 1.000000, 0.369948
0.600000, 1.000000, 0.452866
0.650000, 1.000000, 0.471180
0.700000, 1.000000, 0.416569
0.750000, 1.000000, 0.285060
0.800000, 1.000000, 0.077593
0.850000, 1.000000, -0.199848
0.900000, 1.000000, -0.536551
0.950000, 1.000000, -0.917805
1.000000, 1.000000, -1.326003
1.050000, 1.000000, -1.741991
1.100000, 1.000000, -2.146561
1.150000, 1.000000, -2.521947
1.200000, 1.000000, -2.853176
1.250000, 1.000000, -3.129168
1.300000, 1.000000, -3.343473
1.350000, 1.000000, -3.494586
1.400000, 1.000000, -3.585819
1.450000, 1.000000, -3.624745
1.500000, 1.000000, -3.622271
1.550000, 1.000000, -3.591445
1.600000, 1.000000, -3.546107
1.650000, 1.000000, -3.499516
1.700000, 1.000000, -3.463096
1.750000, 1.000000, -3.445412
1.800000, 1.000000, -3.451485
1.850000, 1.000000, -3.482487
1.900000, 1.000000, -3.535869
1.950000, 1.000000, -3.605879
2.000000, 1.000000, -3.684418
0.000000, 1.050000, -1.484496
0.050000, 1.050000, -1.367127
0.100000, 1.050000, -1.242461
0.150000, 1.050000, -1.104524
0.200000, 1.050000, -0.949592
0.250000, 1.050000, -0.777017
0.300000, 1.050000, -0.589708
0.350000, 1.050000, -0.394218
0.400000, 1.050000, -0.200428
0.450000, 1.050000, -0.020835
0.500000, 1.050000, 0.130483
0.550000, 1.050000, 0.239123
0.600000, 1.050000, 0.291725
0.650000, 1.050000, 0.277311
0.700000, 1.050000, 0.188466
0.750000, 1.050000, 0.022230
0.800000, 1.050000, -0.219366
0.850000, 1.050000, -0.529212
0.900000, 1.050000, -0.895466
0.950000, 1.050000, -1.302333
1.000000, 1.050000, -1.731202
1.050000, 1.050000, -2.162035
1.100000, 1.050000, -2.574903
1.150000, 1.050000, -2.951502
1.200000, 1.050000, -3.276541
1.250000, 1.050000, -3.538856
1.300000, 1.050000, -3.732160
1.350000, 1.050000, -3.855367
1.400000, 1.050000, -3.912453
1.450000, 1.050000, -3.911894
1.500000, 1.050000, -3.865717
1.550000, 1.050000, -3.788279
1.600000, 1.050000, -3.694879
1.650000, 1.050000, -3.600350
1.700000, 1.050000, -3.517754
1.750000, 1.050000, -3.457312
1.800000, 1.050000, -3.425659
1.850000, 1.050000, -3.425494
1.900000, 1.050000, -3.455655
1.950000, 1.050000, -3.511580
2.000000, 1.050000, -3.586131
0.000000, 1.100000, -1.857733
0.050000, 1.100000, -1.732487
0.100000, 1.100000, -1.601513
0.150000, 1.100000, -1.459687
0.200000, 1.100000, -1.304050
0.250000, 1.100000, -1.134589
0.300000, 1.100000, -0.954690
0.350000, 1.100000, -0.771198
0.400000, 1.100000, -0.594081
0.450000, 1.100000, -0.435705
0.500000, 1.100000, -0.309800
0.550000, 1.100000, -0.230210
0.600000, 1.100000, -0.209538
0.650000, 1.100000, -0.257833
0.700000, 1.100000, -0.381445
0.750000, 1.100000, -0.582162
0.800000, 1.100000, -0.856727
0.850000, 1.100000, -1.196788
0.900000, 1.100000, -1.589303
0.950000, 1.100000, -2.017364
1.000000, 1.100000, -2.461378
1.050000, 1.100000, -2.900508
1.100000, 1.100000, -3.314242
1.150000, 1.100000, -3.683941
1.200000, 1.100000, -3.994252
1.250000, 1.100000, -4.234238
1.300000, 1.100000, -4.398129
1.350000, 1.100000, -4.485638
1.400000, 1.100000, -4.501811
1.450000, 1.100000, -4.456432
1.500000, 1.100000, -4.363040
1.550000, 1.100000, -4.237660
1.600000, 1.100000, -4.097366
1.650000, 1.100000, -3.958808
1.700000, 1.100000, -3.836851
1.750000, 1.100000, -3.743436
1.800000, 1.100000, -3.686775
1.850000, 1.100000, -3.670943
1.900000, 1.100000, -3.695887
1.950000, 1.100000, -3.757849
2.000000, 1.100000, -3.850143
0.000000, 1.150000, -2.351001
0.050000, 1.150000, -2.218554
0.100000, 1.150000, -2.082021
0.150000, 1.150000, -1.937201
0.200000, 1.150000, -1.781955
0.250000, 1.150000, -1.616939
0.300000, 1.150000, -1.446019
0.350000, 1.150000, -1.276307
0.400000, 1.150000, -1.117791
0.450000, 1.150000, -0.982616
0.500000, 1.150000, -0.884038
0.550000, 1.150000, -0.835193
0.600000, 1.150000, -0.847765
0.650000, 1.150000, -0.930703
0.700000, 1.150000, -1.089123
0.750000, 1.150000, -1.323488
0.800000, 1.150000, -1.629189
0.850000, 1.150000, -1.996547
0.900000, 1.150000, -2.411277
0.950000, 1.150000, -2.855372
1.000000, 1.150000, -3.308338
1.050000, 1.150000, -3.748682
1.100000, 1.150000, -4.155515
1.150000, 1.150000, -4.510138
1.200000, 1.150000, -4.797464
1.250000, 1.150000, -5.007154
1.300000, 1.150000, -5.134360
1.350000, 1.150000, -5.180023
1.400000, 1.150000, -5.150679
1.450000, 1.150000, -5.057822
1.500000, 1.150000, -4.916867
1.550000, 1.150000, -4.745806
1.600000, 1.150000, -4.563707
1.650000, 1.150000, -4.389161
1.700000, 1.150000, -4.238847
1.750000, 1.150000, -4.126315
1.800000, 1.150000, -4.061113
1.850000, 1.150000, -4.048318
1.900000, 1.150000, -4.088488
1.950000, 1.150000, -4.178054
2.000000, 1.150000, -4.310064
0.000000, 1.200000, -2.714060
0.050000, 1.200000, -2.575077
0.100000, 1.200000, -2.433722
0.150000, 1.200000, -2.286794
0.200000, 1.200000, -2.133027
0.250000, 1.200000, -1.973779
0.300000, 1.200000, -1.813395
0.350000, 1.200000, -1.659212
0.400000, 1.200000, -1.521169
0.450000, 1.200000, -1.411074
0.500000, 1.200000, -1.341576
0.550000, 1.200000, -1.324936
0.600000, 1.200000, -1.371743
0.650000, 1.200000, -1.489669
0.700000, 1.200000, -1.682426
0.750000, 1.200000, -1.949014
0.800000, 1.200000, -2.283361
0.850000, 1.200000, -2.674403
0.900000, 1.200000, -3.106614
0.950000, 1.200000, -3.560957
1.000000, 1.200000, -4.016176
1.050000, 1.200000, -4.450330
1.100000, 1.200000, -4.842436
1.150000, 1.200000, -5.174073
1.200000, 1.200000, -5.430812
1.250000, 1.200000, -5.603340
1.300000, 1.200000, -5.688176
1.350000, 1.200000, -5.687925
1.400000, 1.200000, -5.611030
1.450000, 1.200000, -5.471059
1.500000, 1.200000, -5.285590
1.550000, 1.200000, -5.074785
1.600000, 1.200000, -4.859787
1.650000, 1.200000, -4.661087
1.700000, 1.200000, -4.496996
1.750000, 1.200000, -4.382349
1.800000, 1.200000, -4.327566
1.850000, 1.200000, -4.338125
1.900000, 1.200000, -4.414484
1.950000, 1.200000, -4.552443
2.000000, 1.200000, -4.743902
0.000000, 1.250000, -2.744577
0.050000, 1.250000, -2.599707
0.100000, 1.250000, -2.454252
0.150000, 1.250000, -2.306085
0.200000, 1.250000, -2.154875
0.250000, 1.250000, -2.002706
0.300000, 1.250000, -1.854394
0.350000, 1.250000, -1.717451
0.400000, 1.250000, -1.601680
0.450000, 1.250000, -1.518430
0.500000, 1.250000, -1.479580
0.550000, 1.250000, -1.496347
0.600000, 1.250000, -1.578035
0.650000, 1.250000, -1.730860
0.700000, 1.250000, -1.956967
0.750000, 1.250000, -2.253761
0.800000, 1.250000, -2.613629
0.850000, 1.250000, -3.024103
0.900000, 1.250000, -3.468467
0.950000, 1.250000, -3.926779
1.000000, 1.250000, -4.377227
1.050000, 1.250000, -4.797704
1.100000, 1.250000, -5.167481
1.150000, 1.250000, -5.468822
1.200000, 1.250000, -5.688399
1.250000, 1.250000, -5.818387
1.300000, 1.250000, -5.857133
1.350000, 1.250000, -5.809332
1.400000, 1.250000, -5.685701
1.450000, 1.250000, -5.502172
1.500000, 1.250000, -5.278664
1.550000, 1.250000, -5.037559
1.600000, 1.250000, -4.801987
1.650000, 1.250000, -4.594095
1.700000, 1.250000, -4.433423
1.750000, 1.250000, -4.335545
1.800000, 1.250000, -4.311062
1.850000, 1.250000, -4.365049
1.900000, 1.250000, -4.496961
1.950000, 1.250000, -4.701022
2.000000, 1.250000, -4.967010
0.000000, 1.300000, -2.365652
0.050000, 1.300000, -2.215525
0.100000, 1.300000, -2.066670
0.150000, 1.300000, -1.918119
0.200000, 1.300000, -1.770528
0.250000, 1.300000, -1.626731
0.300000, 1.300000, -1.491998
0.350000, 1.300000, -1.373960
0.400000, 1.300000, -1.282178
0.450000, 1.300000, -1.227402
0.500000, 1.300000, -1.220572
0.550000, 1.300000, -1.271671
0.600000, 1.300000, -1.388525
0.650000, 1.300000, -1.575712
0.700000, 1.300000, -1.833657
0.750000, 1.300000, -2.158064
0.800000, 1.300000, -2.539735
0.850000, 1.300000, -2.964819
0.900000, 1.300000, -3.415520
0.950000, 1.300000, -3.871183
1.000000, 1.300000, -4.309713
1.050000, 1.300000, -4.709189
1.100000, 1.300000, -5.049553
1.150000, 1.300000, -5.314209
1.200000, 1.300000, -5.491416
1.250000, 1.300000, -5.575314
1.300000, 1.300000, -5.566518
1.350000, 1.300000, -5.472195
1.400000, 1.300000, -5.305626
1.450000, 1.300000, -5.085270
1.500000, 1.300000, -4.833420
1.550000, 1.300000, -4.574545
1.600000, 1.300000, -4.333464
1.650000, 1.300000, -4.133512
1.700000, 1.300000, -3.994836
1.750000, 1.300000, -3.932976
1.800000, 1.300000, -3.957831
1.850000, 1.300000, -4.073103
1.900000, 1.300000, -4.276243
1.950000, 1.300000, -4.558890
2.000000, 1.300000, -4.907764
0.000000, 1.350000, -1.655432
0.050000, 1.350000, -1.500653
0.100000, 1.350000, -1.349077
0.150000, 1.350000, -1.200973
0.200000, 1.350000, -1.058043
0.250000, 1.350000, -0.923889
0.300000, 1.350000, -0.804211
0.350000, 1.350000, -0.706685
0.400000, 1.350000, -0.640515
0.450000, 1.350000, -0.615695
0.500000, 1.350000, -0.642043
0.550000, 1.350000, -0.728103
0.600000, 1.350000, -0.880033
0.650000, 1.350000, -1.100589
0.700000, 1.350000, -1.388345
0.750000, 1.350000, -1.737224
0.800000, 1.350000, -2.136432
0.850000, 1.350000, -2.570822
0.900000, 1.350000, -3.021680
0.950000, 1.350000, -3.467902
1.000000, 1.350000, -3.887457
1.050000, 1.350000, -4.259026
1.100000, 1.350000, -4.563692
1.150000, 1.350000, -4.786502
1.200000, 1.350000, -4.917796
1.250000, 1.350000, -4.954144
1.300000, 1.350000, -4.898826
1.350000, 1.350000, -4.761779
1.400000, 1.350000, -4.559011
1.450000, 1.350000, -4.311527
1.500000, 1.350000, -4.043830
1.550000, 1.350000, -3.782133
1.600000, 1.350000, -3.552425
1.650000, 1.350000, -3.378535
1.700000, 1.350000, -3.280377
1.750000, 1.350000, -3.272504
1.800000, 1.350000, -3.363084
1.850000, 1.350000, -3.553396
1.900000, 1.350000, -3.837865
1.950000, 1.350000, -4.204622
2.000000, 1.350000, -4.636543
0.000000, 1.400000, -0.817488
0.050000, 1.400000, -0.658636
0.100000, 1.400000, -0.504989
0.150000, 1.400000, -0.358140
0.200000, 1.400000, -0.220889
0.250000, 1.400000, -0.097623
0.300000, 1.400000, 0.005565
0.350000, 1.400000, 0.081036
0.400000, 1.400000, 0.120076
0.450000, 1.400000, 0.113619
0.500000, 1.400000, 0.053167
0.550000, 1.400000, -0.068180
0.600000, 1.400000, -0.254706
0.650000, 1.400000, -0.507185
0.700000, 1.400000, -0.822222
0.750000, 1.400000, -1.191914
0.800000, 1.400000, -1.603917
0.850000, 1.400000, -2.041919
0.900000, 1.400000, -2.486531
0.950000, 1.400000, -2.916528
1.000000, 1.400000, -3.310355
1.050000, 1.400000, -3.647778
1.100000, 1.400000, -3.911530
1.150000, 1.400000, -4.088823
1.200000, 1.400000, -4.172565
1.250000, 1.400000, -4.162178
1.300000, 1.400000, -4.063921
1.350000, 1.400000, -3.890676
1.400000, 1.400000, -3.661192
1.450000, 1.400000, -3.398836
1.500000, 1.400000, -3.129951
1.550000, 1.400000, -2.881930
1.600000, 1.400000, -2.681180
1.650000, 1.400000, -2.551126
1.700000, 1.400000, -2.510435
1.750000, 1.400000, -2.571590
1.800000, 1.400000, -2.739943
1.850000, 1.400000, -3.013319
1.900000, 1.400000, -3.382206
1.950000, 1.400000, -3.830500
2.000000, 1.400000, -4.336754
0.000000, 1.450000, -0.103281
0.050000, 1.450000, 0.059095
0.100000, 1.450000, 0.214193
0.150000, 1.450000, 0.359008
0.200000, 1.450000, 0.489587
0.250000, 1.450000, 0.600754
0.300000, 1.450000, 0.686060
0.350000, 1.450000, 0.738006
0.400000, 1.450000, 0.748514
0.450000, 1.450000, 0.709630
0.500000, 1.450000, 0.614390
0.550000, 1.450000, 0.457753
0.600000, 1.450000, 0.237501
0.650000, 1.450000, -0.045004
0.700000, 1.450000, -0.384309
0.750000, 1.450000, -0.770687
0.800000, 1.450000, -1.190334
0.850000, 1.450000, -1.625980
0.900000, 1.450000, -2.057864
0.950000, 1.450000, -2.465043
1.000000, 1.450000, -2.826915
1.050000, 1.450000, -3.124853
1.100000, 1.450000, -3.343786
1.150000, 1.450000, -3.473601
1.200000, 1.450000, -3.510229
1.250000, 1.450000, -3.456283
1.300000, 1.450000, -3.321200
1.350000, 1.450000, -3.120827
1.400000, 1.450000, -2.876471
1.450000, 1.450000, -2.613475
1.500000, 1.450000, -2.359421
1.550000, 1.450000, -2.142090
1.600000, 1.450000, -1.987355
1.650000, 1.450000, -1.917171
1.700000, 1.450000, -1.947831
1.750000, 1.450000, -2.088629
1.800000, 1.450000, -2.341057
1.850000, 1.450000, -2.698596
1.900000, 1.450000, -3.147127
1.950000, 1.450000, -3.665925
2.000000, 1.450000, -4.229166
0.000000, 1.500000, 0.283675
0.050000, 1.500000, 0.449061
0.100000, 1.500000, 0.605021
0.150000, 1.500000, 0.747054
0.200000, 1.500000, 0.870001
0.250000, 1.500000, 0.967891
0.300000, 1.500000, 1.033978
0.350000, 1.500000, 1.061009
0.400000, 1.500000, 1.041705
0.450000, 1.500000, 0.969431
0.500000, 1.500000, 0.838974
0.550000, 1.500000, 0.647371
0.600000, 1.500000, 0.394657
0.650000, 1.500000, 0.084464
0.700000, 1.500000, -0.275646
0.750000, 1.500000, -0.674163
0.800000, 1.500000, -1.095986
0.850000, 1.500000, -1.523151
0.900000, 1.500000, -1.935904
0.950000, 1.500000, -2.314048
1.000000, 1.500000, -2.638470
1.050000, 1.500000, -2.892705
1.100000, 1.500000, -3.064422
1.150000, 1.500000, -3.146674
1.200000, 1.500000, -3.138789
1.250000, 1.500000, -3.046804
1.300000, 1.500000, -2.883379
1.350000, 1.500000, -2.667158
1.400000, 1.500000, -2.421614
1.450000, 1.500000, -2.173450
1.500000, 1.500000, -1.950661
1.550000, 1.500000, -1.780425
1.600000, 1.500000, -1.686968
1.650000, 1.500000, -1.689605
1.700000, 1.500000, -1.801100
1.750000, 1.500000, -2.026505
1.800000, 1.500000, -2.362579
1.850000, 1.500000, -2.797835
1.900000, 1.500000, -3.313245
1.950000, 1.500000, -3.883533
2.000000, 1.500000, -4.478971
0.000000, 1.550000, 0.265352
0.050000, 1.550000, 0.433270
0.100000, 1.550000, 0.589542
0.150000, 1.550000, 0.728079
0.200000, 1.550000, 0.842466
0.250000, 1.550000, 0.925941
0.300000, 1.550000, 0.971525
0.350000, 1.550000, 0.972338
0.400000, 1.550000, 0.922081
0.450000, 1.550000, 0.815647
0.500000, 1.550000, 0.649809
0.550000, 1.550000, 0.423897
0.600000, 1.550000, 0.140378
0.650000, 1.550000, -0.194743
0.700000, 1.550000, -0.571779
0.750000, 1.550000, -0.977538
0.800000, 1.550000, -1.395840
0.850000, 1.550000, -1.808368
0.900000, 1.550000, -2.195821
0.950000, 1.550000, -2.539278
1.000000, 1.550000, -2.821680
1.050000, 1.550000, -3.029302
1.100000, 1.550000, -3.153078
1.150000, 1.550000, -3.189649
1.200000, 1.550000, -3.142019
1.250000, 1.550000, -3.019734
1.300000, 1.550000, -2.838539
1.350000, 1.550000, -2.619497
1.400000, 1.550000, -2.387629
1.450000, 1.550000, -2.170154
1.500000, 1.550000, -1.994460
1.550000, 1.550000, -1.885965
1.600000, 1.550000, -1.866039
1.650000, 1.550000, -1.950168
1.700000, 1.550000, -2.146517
1.750000, 1.550000, -2.455025
1.800000, 1.550000, -2.867129
1.850000, 1.550000, -3.366148
1.900000, 1.550000, -3.928322
1.950000, 1.550000, -4.524436
2.000000, 1.550000, -5.121899
0.000000, 1.600000, -0.081175
0.050000, 1.600000, 0.088837
0.100000, 1.600000, 0.244908
0.150000, 1.600000, 0.379270
0.200000, 1.600000, 0.484207
0.250000, 1.600000, 0.552173
0.300000, 1.600000, 0.576033
0.350000, 1.600000, 0.549421
0.400000, 1.600000, 0.467209
0.450000, 1.600000, 0.326051
0.500000, 1.600000, 0.124940
0.550000, 1.600000, -0.134287
0.600000, 1.600000, -0.446572
0.650000, 1.600000, -0.803457
0.700000, 1.600000, -1.193168
0.750000, 1.600000, -1.600989
0.800000, 1.600000, -2.009949
0.850000, 1.600000, -2.401788
0.900000, 1.600000, -2.758167
0.950000, 1.600000, -3.062016
1.000000, 1.600000, -3.298931
1.050000, 1.600000, -3.458491
1.100000, 1.600000, -3.535373
1.150000, 1.600000, -3.530139
1.200000, 1.600000, -3.449610
1.250000, 1.600000, -3.306751
1.300000, 1.600000, -3.120047
1.350000, 1.600000, -2.912377
1.400000, 1.600000, -2.709467
1.450000, 1.600000, -2.538008
1.500000, 1.600000, -2.423592
1.550000, 1.600000, -2.388628
1.600000, 1.600000, -2.450403
1.650000, 1.600000, -2.619476
1.700000, 1.600000, -2.898533
1.750000, 1.600000, -3.281835
1.800000, 1.600000, -3.755321
1.850000, 1.600000, -4.297377
1.900000, 1.600000, -4.880244
1.950000, 1.600000, -5.471952
2.000000, 1.600000, -6.038655
0.000000, 1.650000, -0.553341
0.050000, 1.650000, -0.381631
0.100000, 1.650000, -0.226232
0.150000, 1.650000, -0.096683
0.200000, 1.650000, -0.002050
0.250000, 1.650000, 0.049359
0.300000, 1.650000, 0.050340
0.350000, 1.650000, -0.004804
0.400000, 1.650000, -0.119820
0.450000, 1.650000, -0.296054
0.500000, 1.650000, -0.532053
0.550000, 1.650000, -0.823264
0.600000, 1.650000, -1.161901
0.650000, 1.650000, -1.537016
0.700000, 1.650000, -1.934831
0.750000, 1.650000, -2.339328
0.800000, 1.650000, -2.733104
0.850000, 1.650000, -3.098435
0.900000, 1.650000, -3.418513
0.950000, 1.650000, -3.678730
1.000000, 1.650000, -3.867941
1.050000, 1.650000, -3.979564
1.100000, 1.650000, -4.012416
1.150000, 1.650000, -3.971195
1.200000, 1.650000, -3.866512
1.250000, 1.650000, -3.714461
1.300000, 1.650000, -3.535697
1.350000, 1.650000, -3.354089
1.400000, 1.650000, -3.195015
1.450000, 1.650000, -3.083426
1.500000, 1.650000, -3.041831
1.550000, 1.650000, -3.088359
1.600000, 1.650000, -3.235078
1.650000, 1.650000, -3.486716
1.700000, 1.650000, -3.839914
1.750000, 1.650000, -4.283109
1.800000, 1.650000, -4.797066
1.850000, 1.650000, -5.356061
1.900000, 1.650000, -5.929642
1.950000, 1.650000, -6.484823
2.000000, 1.650000, -6.988576
0.000000, 1.700000, -0.900621
0.050000, 1.700000, -0.727564
0.100000, 1.700000, -0.573264
0.150000, 1.700000, -0.449128
0.200000, 1.700000, -0.365610
0.250000, 1.700000, -0.331756
0.300000, 1.700000, -0.354738
0.350000, 1.700000, -0.439414
0.400000, 1.700000, -0.587925
0.450000, 1.700000, -0.799368
0.500000, 1.700000, -1.069587
0.550000, 1.700000, -1.391119
0.600000, 1.700000, -1.753336
0.650000, 1.700000, -2.142805
0.700000, 1.700000, -2.543889
0.750000, 1.700000, -2.939556
0.800000, 1.700000, -3.312397
0.850000, 1.700000, -3.645770
0.900000, 1.700000, -3.925010
0.950000, 1.700000, -4.138610
1.000000, 1.700000, -4.279269
1.050000, 1.700000, -4.344717
1.100000, 1.700000, -4.338207
1.150000, 1.700000, -4.268629
1.200000, 1.700000, -4.150169
1.250000, 1.700000, -4.001537
1.300000, 1.700000, -3.844770
1.350000, 1.700000, -3.703680
1.400000, 1.700000, -3.602072
1.450000, 1.700000, -3.561834
1.500000, 1.700000, -3.601074
1.550000, 1.700000, -3.732456
1.600000, 1.700000, -3.961883
1.650000, 1.700000, -4.287663
1.700000, 1.700000, -4.700248
1.750000, 1.700000, -5.182606
1.800000, 1.700000, -5.711218
1.850000, 1.700000, -6.257653
1.900000, 1.700000, -6.790607
1.950000, 1.700000, -7.278269
2.000000, 1.700000, -7.690816
0.000000, 1.750000, -0.920361
0.050000, 1.750000, -0.746262
0.100000, 1.750000, -0.593445
0.150000, 1.750000, -0.475276
0.200000, 1.750000, -0.403642
0.250000, 1.750000, -0.388288
0.300000, 1.750000, -0.436243
0.350000, 1.750000, -0.551338
0.400000, 1.750000, -0.733871
0.450000, 1.750000, -0.980431
0.500000, 1.750000, -1.283920
0.550000, 1.750000, -1.633783
0.600000, 1.750000, -2.016470
0.650000, 1.750000, -2.416119
0.700000, 1.750000, -2.815432
0.750000, 1.750000, -3.196726
0.800000, 1.750000, -3.543084
0.850000, 1.750000, -3.839543
0.900000, 1.750000, -4.074236
0.950000, 1.750000, -4.239390
1.000000, 1.750000, -4.332099
1.050000, 1.750000, -4.354788
1.100000, 1.750000, -4.315306
1.150000, 1.750000, -4.226610
1.200000, 1.750000, -4.106035
1.250000, 1.750000, -3.974172
1.300000, 1.750000, -3.853423
1.350000, 1.750000, -3.766320
1.400000, 1.750000, -3.733741
1.450000, 1.750000, -3.773145
1.500000, 1.750000, -3.896993
1.550000, 1.750000, -4.111478
1.600000, 1.750000, -4.415699
1.650000, 1.750000, -4.801371
1.700000, 1.750000, -5.253119
1.750000, 1.750000, -5.749367
1.800000, 1.750000, -6.263776
1.850000, 1.750000, -6.767136
1.900000, 1.750000, -7.229580
1.950000, 1.750000, -7.622942
2.000000, 1.750000, -7.923075
0.000000, 1.800000, -0.535311
0.050000, 1.800000, -0.360427
0.100000, 1.800000, -0.209428
0.150000, 1.800000, -0.097740
0.200000, 1.800000, -0.038712
0.250000, 1.800000, -0.042750
0.300000, 1.800000, -0.116608
0.350000, 1.800000, -0.262891
0.400000, 1.800000, -0.479804
0.450000, 1.800000, -0.761161
0.500000, 1.800000, -1.096684
0.550000, 1.800000, -1.472571
0.600000, 1.800000, -1.872306
0.650000, 1.800000, -2.277701
0.700000, 1.800000, -2.670069
0.750000, 1.800000, -3.031503
0.800000, 1.800000, -3.346141
0.850000, 1.800000, -3.601350
0.900000, 1.800000, -3.788730
0.950000, 1.800000, -3.904861
1.000000, 1.800000, -3.951712
1.050000, 1.800000, -3.936675
1.100000, 1.800000, -3.872186
1.150000, 1.800000, -3.774950
1.200000, 1.800000, -3.664794
1.250000, 1.800000, -3.563231
1.300000, 1.800000, -3.491819
1.350000, 1.800000, -3.470441
1.400000, 1.800000, -3.515635
1.450000, 1.800000, -3.639114
1.500000, 1.800000, -3.846608
1.550000, 1.800000, -4.137123
1.600000, 1.800000, -4.502726
1.650000, 1.800000, -4.928868
1.700000, 1.800000, -5.395273
1.750000, 1.800000, -5.877317
1.800000, 1.800000, -6.347838
1.850000, 1.800000, -6.779210
1.900000, 1.800000, -7.145555
1.950000, 1.800000, -7.424882
2.000000, 1.800000, -7.600998
0.000000, 1.850000, 0.176763
0.050000, 1.850000, 0.352226
0.100000, 1.850000, 0.501117
0.150000, 1.850000, 0.605858
0.200000, 1.850000, 0.651602
0.250000, 1.850000, 0.627338
0.300000, 1.850000, 0.526728
0.350000, 1.850000, 0.348608
0.400000, 1.850000, 0.097135
0.450000, 1.850000, -0.218466
0.500000, 1.850000, -0.584511
0.550000, 1.850000, -0.983809
0.600000, 1.850000, -1.396884
0.650000, 1.850000, -1.803380
0.700000, 1.850000, -2.183563
0.750000, 1.850000, -2.519798
0.800000, 1.850000, -2.797899
0.850000, 1.850000, -3.008251
0.900000, 1.850000, -3.146596
0.950000, 1.850000, -3.214441
1.000000, 1.850000, -3.219020
1.050000, 1.850000, -3.172817
1.100000, 1.850000, -3.092660
1.150000, 1.850000, -2.998460
1.200000, 1.850000, -2.911659
1.250000, 1.850000, -2.853523
1.300000, 1.850000, -2.843397
1.350000, 1.850000, -2.897059
1.400000, 1.850000, -3.025317
1.450000, 1.850000, -3.232960
1.500000, 1.850000, -3.518169
1.550000, 1.850000, -3.872447
1.600000, 1.850000, -4.281088
1.650000, 1.850000, -4.724170
1.700000, 1.850000, -5.178013
1.750000, 1.850000, -5.616983
1.800000, 1.850000, -6.015516
1.850000, 1.850000, -6.350199
1.900000, 1.850000, -6.601736
1.950000, 1.850000, -6.756627
2.000000, 1.850000, -6.808424
0.000000, 1.900000, 1.012694
0.050000, 1.900000, 1.188580
0.100000, 1.900000, 1.335123
0.150000, 1.900000, 1.432495
0.200000, 1.900000, 1.464325
0.250000, 1.900000, 1.419061
0.300000, 1.900000, 1.290934
0.350000, 1.900000, 1.080458
0.400000, 1.900000, 0.794419
0.450000, 1.900000, 0.445360
0.500000, 1.900000, 0.050584
0.550000, 1.900000, -0.369226
0.600000, 1.900000, -0.791676
0.650000, 1.900000, -1.194472
0.700000, 1.900000, -1.557235
0.750000, 1.900000, -1.863169
0.800000, 1.900000, -2.100441
0.850000, 1.900000, -2.263160
0.900000, 1.900000, -2.351869
0.950000, 1.900000, -2.373512
1.000000, 1.900000, -2.340855
1.050000, 1.900000, -2.271429
1.100000, 1.900000, -2.186056
1.150000, 1.900000, -2.107082
1.200000, 1.900000, -2.056469
1.250000, 1.900000, -2.053888
1.300000, 1.900000, -2.114988
1.350000, 1.900000, -2.249980
1.400000, 1.900000, -2.462656
1.450000, 1.900000, -2.749943
1.500000, 1.900000, -3.102032
1.550000, 1.900000, -3.503074
1.600000, 1.900000, -3.932406
1.650000, 1.900000, -4.366202
1.700000, 1.900000, -4.779419
1.750000, 1.900000, -5.147879
1.800000, 1.900000, -5.450313
1.850000, 1.900000, -5.670188
1.900000, 1.900000, -5.797164
1.950000, 1.900000, -5.828046
2.000000, 1.900000, -5.767139
0.000000, 1.950000, 1.721450
0.050000, 1.950000, 1.897655
0.100000, 1.950000, 2.041660
0.150000, 1.950000, 2.131286
0.200000, 1.950000, 2.148620
0.250000, 1.950000, 2.081642
0.300000, 1.950000, 1.925322
0.350000, 1.950000, 1.682096
0.400000, 1.950000, 1.361671
0.450000, 1.950000, 0.980172
0.500000, 1.950000, 0.558723
0.550000, 1.950000, 0.121570
0.600000, 1.950000, -0.306071
0.650000, 1.950000, -0.700259
0.700000, 1.950000, -1.040448
0.750000, 1.950000, -1.311310
0.800000, 1.950000, -1.504078
0.850000, 1.950000, -1.617305
0.900000, 1.950000, -1.656956
0.950000, 1.950000, -1.635822
1.000000, 1.950000, -1.572329
1.050000, 1.950000, -1.488820
1.100000, 1.950000, -1.409483
1.150000, 1.950000, -1.358114
1.200000, 1.950000, -1.355894
1.250000, 1.950000, -1.419414
1.300000, 1.950000, -1.559101
1.350000, 1.950000, -1.778202
1.400000, 1.950000, -2.072415
1.450000, 1.950000, -2.430206
1.500000, 1.950000, -2.833785
1.550000, 1.950000, -3.260653
1.600000, 1.950000, -3.685580
1.650000, 1.950000, -4.082849
1.700000, 1.950000, -4.428546
1.750000, 1.950000, -4.702706
1.800000, 1.950000, -4.891105
1.850000, 1.950000, -4.986545
1.900000, 1.950000, -4.989511
1.950000, 1.950000, -4.908139
2.000000, 1.950000, -4.757484
0.000000, 2.000000, 2.099970
0.050000, 2.000000, 2.276442
0.100000, 2.000000, 2.417766
0.150000, 2.000000, 2.499317
0.200000, 2.000000, 2.501622
0.250000, 2.000000, 2.412276
0.300000, 2.000000, 2.227176
0.350000, 2.000000, 1.950942
0.400000, 2.000000, 1.596490
0.450000, 2.000000, 1.183801
0.500000, 2.000000, 0.737997
0.550000, 2.000000, 0.286921
0.600000, 2.000000, -0.141547
0.650000, 2.000000, -0.522173
0.700000, 2.000000, -0.834790
0.750000, 2.000000, -1.066222
0.800000, 2.000000, -1.211519
0.850000, 2.000000, -1.274384
0.900000, 2.000000, -1.266757
0.950000, 2.000000, -1.207580
1.000000, 2.000000, -1.120887
1.050000, 2.000000, -1.033389
1.100000, 2.000000, -0.971796
1.150000, 2.000000, -0.960142
1.200000, 2.000000, -1.017371
1.250000, 2.000000, -1.155420
1.300000, 2.000000, -1.377994
1.350000, 2.000000, -1.680142
1.400000, 2.000000, -2.048688
1.450000, 2.000000, -2.463466
1.500000, 2.000000, -2.899241
1.550000, 2.000000, -3.328134
1.600000, 2.000000, -3.722301
1.650000, 2.000000, -4.056620
1.700000, 2.000000, -4.311112
1.750000, 2.000000, -4.472858
1.800000, 2.000000, -4.537239
1.850000, 2.000000, -4.508360
1.900000, 2.000000, -4.398623
1.950000, 2.000000, -4.227503
2.000000, 2.000000, -4.019624
