0.000000, 0.000000, -1.694026
0.050000, 0.000000, -2.081231
0.100000, 0.000000, -2.275178
0.150000, 0.000000, -2.164091
0.200000, 0.000000, -1.748506
0.250000, 0.000000, -1.141251
0.300000, 0.000000, -0.524614
0.350000, 0.000000, -0.081036
0.400000, 0.000000, 0.076192
0.450000, 0.000000, -0.054217
0.500000, 0.000000, -0.361520
0.550000, 0.000000, -0.665724
0.600000, 0.000000, -0.786838
0.650000, 0.000000, -0.614116
0.700000, 0.000000, -0.148849
0.750000, 0.000000, 0.495676
0.800000, 0.000000, 1.137016
0.850000, 0.000000, 1.592883
0.900000, 0.000000, 1.750448
0.950000, 0.000000, 1.609178
1.000000, 0.000000, 1.280847
1.050000, 0.000000, 0.946728
1.100000, 0.000000, 0.788312
1.150000, 0.000000, 0.918026
1.200000, 0.000000, 1.336402
1.250000, 0.000000, 1.932070
1.300000, 0.000000, 2.524553
1.350000, 0.000000, 2.933528
1.400000, 0.000000, 3.048086
1.450000, 0.000000, 2.869513
1.500000, 0.000000, 2.511267
1.550000, 0.000000, 2.156120
1.600000, 0.000000, 1.986843
1.650000, 0.000000, 2.116894
1.700000, 0.000000, 2.547560
1.750000, 0.000000, 3.167930
1.800000, 0.000000, 3.797682
1.850000, 0.000000, 4.256341
1.900000, 0.000000, 4.432533
1.950000, 0.000000, 4.326794
2.000000, 0.000000, 4.051548
0.000000, 0.050000, -1.671432
0.050000, 0.050000, -2.044753
0.100000, 0.050000, -2.225143
0.150000, 0.050000, -2.101038
0.200000, 0.050000, -1.673169
0.250000, 0.050000, -1.054542
0.300000, 0.050000, -0.427602
0.350000, 0.050000, 0.025077
0.400000, 0.050000, 0.190106
0.450000, 0.050000, 0.066126
0.500000, 0.050000, -0.236154
0.550000, 0.050000, -0.536744
0.600000, 0.050000, -0.655619
0.650000, 0.050000, -0.481971
0.700000, 0.050000, -0.016988
0.750000, 0.050000, 0.626165
0.800000, 0.050000, 1.265200
0.850000, 0.050000, 1.718005
0.900000, 0.050000, 1.871943
0.950000, 0.050000, 1.726688
1.000000, 0.050000, 1.394228
1.050000, 0.050000, 1.056053
1.100000, 0.050000, 0.893870
1.150000, 0.050000, 1.020311
1.200000, 0.050000, 1.436102
1.250000, 0.050000, 2.030048
1.300000, 0.050000, 2.621824
1.350000, 0.050000, 3.031237
1.400000, 0.050000, 3.147474
1.450000, 0.050000, 2.971887
1.500000, 0.050000, 2.617968
1.550000, 0.050000, 2.268485
1.600000, 0.050000, 2.106177
1.650000, 0.050000, 2.244429
1.700000, 0.050000, 2.684431
1.750000, 0.050000, 3.315139
1.800000, 0.050000, 3.956078
1.850000, 0.050000, 4.426592
1.900000, 0.050000, 4.615113
1.950000, 0.050000, 4.521966
2.000000, 0.050000, 4.259359
0.000000, 0.100000, -1.640183
0.050000, 0.100000, -1.999948
0.100000, 0.100000, -2.167328
0.150000, 0.100000, -2.030968
0.200000, 0.100000, -1.591788
0.250000, 0.100000, -0.962964
0.300000, 0.100000, -0.327080
0.350000, 0.100000, 0.133178
0.400000, 0.100000, 0.304340
0.450000, 0.100000, 0.185001
0.500000, 0.100000, -0.114142
0.550000, 0.100000, -0.413076
0.600000, 0.100000, -0.531721
0.650000, 0.100000, -0.359179
0.700000, 0.100000, 0.103479
0.750000, 0.100000, 0.743233
0.800000, 0.100000, 1.377962
0.850000, 0.100000, 1.825739
0.900000, 0.100000, 1.974127
0.950000, 0.100000, 1.823007
1.000000, 0.100000, 1.484579
1.050000, 0.100000, 1.140541
1.100000, 0.100000, 0.972801
1.150000, 0.100000, 1.094179
1.200000, 0.100000, 1.505575
1.250000, 0.100000, 2.095941
1.300000, 0.100000, 2.685078
1.350000, 0.100000, 3.092887
1.400000, 0.100000, 3.208620
1.450000, 0.100000, 3.033661
1.500000, 0.100000, 2.681499
1.550000, 0.100000, 2.334869
1.600000, 0.100000, 2.176438
1.650000, 0.100000, 2.319496
1.700000, 0.100000, 2.765101
1.750000, 0.100000, 3.402060
1.800000, 0.100000, 4.049719
1.850000, 0.100000, 4.527231
1.900000, 0.100000, 4.722825
1.950000, 0.100000, 4.636613
2.000000, 0.100000, 4.380588
0.000000, 0.150000, -1.599627
0.050000, 0.150000, -1.946372
0.100000, 0.150000, -2.101498
0.150000, 0.150000, -1.953859
0.200000, 0.150000, -1.504566
0.250000, 0.150000, -0.866957
0.300000, 0.150000, -0.223751
0.350000, 0.150000, 0.242270
0.400000, 0.150000, 0.417567
0.450000, 0.150000, 0.300709
0.500000, 0.150000, 0.002397
0.550000, 0.150000, -0.297313
0.600000, 0.150000, -0.418267
0.650000, 0.150000, -0.249458
0.700000, 0.150000, 0.208175
0.750000, 0.150000, 0.841775
0.800000, 0.150000, 1.469399
0.850000, 0.150000, 1.909318
0.900000, 0.150000, 2.049301
0.950000, 0.150000, 1.889442
1.000000, 0.150000, 1.542152
1.050000, 0.150000, 1.189339
1.100000, 0.150000, 1.013107
1.150000, 0.150000, 1.126458
1.200000, 0.150000, 1.530455
1.250000, 0.150000, 2.114191
1.300000, 0.150000, 2.697580
1.350000, 0.150000, 3.100607
1.400000, 0.150000, 3.212578
1.450000, 0.150000, 3.034901
1.500000, 0.150000, 2.681053
1.550000, 0.150000, 2.333731
1.600000, 0.150000, 2.175532
1.650000, 0.150000, 2.319649
1.700000, 0.150000, 2.767020
1.750000, 0.150000, 3.406310
1.800000, 0.150000, 4.056708
1.850000, 0.150000, 4.537200
1.900000, 0.150000, 4.735836
1.950000, 0.150000, 4.652552
2.000000, 0.150000, 4.399169
0.000000, 0.200000, -1.548905
0.050000, 0.200000, -1.883366
0.100000, 0.200000, -2.027181
0.150000, 0.200000, -1.869430
0.200000, 0.200000, -1.411417
0.250000, 0.200000, -0.766643
0.300000, 0.200000, -0.117956
0.350000, 0.200000, 0.351768
0.400000, 0.200000, 0.528941
0.450000, 0.200000, 0.412118
0.500000, 0.200000, 0.112025
0.550000, 0.200000, -0.191218
0.600000, 0.200000, -0.317354
0.650000, 0.200000, -0.155246
0.700000, 0.200000, 0.294332
0.750000, 0.200000, 0.918712
0.800000, 0.200000, 1.536162
0.850000, 0.200000, 1.965176
0.900000, 0.200000, 2.093763
0.950000, 0.200000, 1.922257
1.000000, 0.200000, 1.563312
1.050000, 0.200000, 1.199072
1.100000, 0.200000, 1.011865
1.150000, 0.200000, 1.114905
1.200000, 0.200000, 1.509443
1.250000, 0.200000, 2.084739
1.300000, 0.200000, 2.660848
1.350000, 0.200000, 3.057865
1.400000, 0.200000, 3.165176
1.450000, 0.200000, 2.984239
1.500000, 0.200000, 2.628550
1.550000, 0.200000, 2.280791
1.600000, 0.200000, 2.123520
1.650000, 0.200000, 2.269860
1.700000, 0.200000, 2.720660
1.750000, 0.200000, 3.364472
1.800000, 0.200000, 4.020358
1.850000, 0.200000, 4.507162
1.900000, 0.200000, 4.712789
1.950000, 0.200000, 4.637023
2.000000, 0.200000, 4.391538
0.000000, 0.250000, -1.487245
0.050000, 0.250000, -1.810334
0.100000, 0.250000, -1.943952
0.150000, 0.250000, -1.777416
0.200000, 0.250000, -1.312239
0.250000, 0.250000, -0.662089
0.300000, 0.250000, -0.009940
0.350000, 0.250000, 0.461249
0.400000, 0.250000, 0.637855
0.450000, 0.250000, 0.518442
0.500000, 0.250000, 0.213794
0.550000, 0.250000, -0.095867
0.600000, 0.250000, -0.230143
0.650000, 0.250000, -0.077710
0.700000, 0.250000, 0.360873
0.750000, 0.250000, 0.973187
0.800000, 0.250000, 1.577771
0.850000, 0.250000, 1.993412
0.900000, 0.250000, 2.108420
0.950000, 0.250000, 1.923438
1.000000, 0.250000, 1.551429
1.050000, 0.250000, 1.174835
1.100000, 0.250000, 0.976273
1.150000, 0.250000, 1.069223
1.200000, 0.250000, 1.455179
1.250000, 0.250000, 2.023614
1.300000, 0.250000, 2.594761
1.350000, 0.250000, 2.988860
1.400000, 0.250000, 3.095398
1.450000, 0.250000, 2.915898
1.500000, 0.250000, 2.563874
1.550000, 0.250000, 2.221990
1.600000, 0.250000, 2.072744
1.650000, 0.250000, 2.229160
1.700000, 0.250000, 2.691953
1.750000, 0.250000, 3.349508
1.800000, 0.250000, 4.020695
1.850000, 0.250000, 4.524139
1.900000, 0.250000, 4.747509
1.950000, 0.250000, 4.690337
2.000000, 0.250000, 4.464037
0.000000, 0.300000, -1.414269
0.050000, 0.300000, -1.727056
0.100000, 0.300000, -1.851730
0.150000, 0.300000, -1.677871
0.200000, 0.300000, -1.207213
0.250000, 0.300000, -0.553602
0.300000, 0.300000, 0.099868
0.350000, 0.300000, 0.570171
0.400000, 0.300000, 0.743675
0.450000, 0.300000, 0.618994
0.500000, 0.300000, 0.307022
0.550000, 0.300000, -0.011854
0.600000, 0.300000, -0.157016
0.650000, 0.300000, -0.016876
0.700000, 0.300000, 0.408320
0.750000, 0.300000, 1.006496
0.800000, 0.300000, 1.596563
0.850000, 0.300000, 1.997701
0.900000, 0.300000, 2.098619
0.950000, 0.300000, 1.900362
1.000000, 0.300000, 1.516285
1.050000, 0.300000, 1.129203
1.100000, 0.300000, 0.922077
1.150000, 0.300000, 1.008697
1.200000, 0.300000, 1.390819
1.250000, 0.300000, 1.958131
1.300000, 0.300000, 2.531023
1.350000, 0.300000, 2.929827
1.400000, 0.300000, 3.044063
1.450000, 0.300000, 2.875215
1.500000, 0.300000, 2.536699
1.550000, 0.300000, 2.211009
1.600000, 0.300000, 2.080414
1.650000, 0.300000, 2.257649
1.700000, 0.300000, 2.743089
1.750000, 0.300000, 3.424732
1.800000, 0.300000, 4.121021
1.850000, 0.300000, 4.650128
1.900000, 0.300000, 4.899243
1.950000, 0.300000, 4.867416
2.000000, 0.300000, 4.665571
0.000000, 0.350000, -1.330251
0.050000, 0.350000, -1.633936
0.100000, 0.350000, -1.751031
0.150000, 0.350000, -1.571410
0.200000, 0.350000, -1.097048
0.250000, 0.350000, -0.441971
0.300000, 0.350000, 0.210612
0.350000, 0.350000, 0.677639
0.400000, 0.350000, 0.845514
0.450000, 0.350000, 0.712967
0.500000, 0.350000, 0.391087
0.550000, 0.350000, 0.060524
0.600000, 0.350000, -0.097772
0.650000, 0.350000, 0.028179
0.700000, 0.350000, 0.438569
0.750000, 0.350000, 1.021796
0.800000, 0.350000, 1.597271
0.850000, 0.350000, 1.984677
0.900000, 0.350000, 2.073226
0.950000, 0.350000, 1.864441
1.000000, 0.350000, 1.472119
1.050000, 0.350000, 1.079467
1.100000, 0.350000, 0.869776
1.150000, 0.350000, 0.957090
1.200000, 0.350000, 1.343335
1.250000, 0.350000, 1.918277
1.300000, 0.350000, 2.502285
1.350000, 0.350000, 2.915577
1.400000, 0.350000, 3.047454
1.450000, 0.350000, 2.899090
1.500000, 0.350000, 2.583497
1.550000, 0.350000, 2.282689
1.600000, 0.350000, 2.178383
1.650000, 0.350000, 2.382707
1.700000, 0.350000, 2.895385
1.750000, 0.350000, 3.603744
1.800000, 0.350000, 4.325547
1.850000, 0.350000, 4.878298
1.900000, 0.350000, 5.148550
1.950000, 0.350000, 5.134764
2.000000, 0.350000, 4.947341
0.000000, 0.400000, -1.236260
0.050000, 0.400000, -1.532145
0.100000, 0.400000, -1.643106
0.150000, 0.400000, -1.459349
0.200000, 0.400000, -0.983112
0.250000, 0.400000, -0.328603
0.300000, 0.400000, 0.320879
0.350000, 0.400000, 0.782276
0.400000, 0.400000, 0.942107
0.450000, 0.400000, 0.799316
0.500000, 0.400000, 0.465305
0.550000, 0.400000, 0.121130
0.600000, 0.400000, -0.051774
0.650000, 0.400000, 0.059119
0.700000, 0.400000, 0.454591
0.750000, 0.400000, 1.023656
0.800000, 0.400000, 1.586337
0.850000, 0.400000, 1.962912
0.900000, 0.400000, 2.043137
0.950000, 0.400000, 1.829013
1.000000, 0.400000, 1.434725
1.050000, 0.400000, 1.043762
1.100000, 0.400000, 0.839577
1.150000, 0.400000, 0.936244
1.200000, 0.400000, 1.335586
1.250000, 0.400000, 1.927122
1.300000, 0.400000, 2.530850
1.350000, 0.400000, 2.966487
1.400000, 0.400000, 3.122727
1.450000, 0.400000, 3.000044
1.500000, 0.400000, 2.710682
1.550000, 0.400000, 2.435844
1.600000, 0.400000, 2.356418
1.650000, 0.400000, 2.583717
1.700000, 0.400000, 3.116692
1.750000, 0.400000, 3.841965
1.800000, 0.400000, 4.576692
1.850000, 0.400000, 5.137888
1.900000, 0.400000, 5.411760
1.950000, 0.400000, 5.396574
2.000000, 0.400000, 5.202706
0.000000, 0.450000, -1.134162
0.050000, 0.450000, -1.423617
0.100000, 0.450000, -1.529938
0.150000, 0.450000, -1.343700
0.200000, 0.450000, -0.867428
0.250000, 0.450000, -0.215509
0.300000, 0.450000, 0.428705
0.350000, 0.450000, 0.882237
0.400000, 0.450000, 1.031823
0.450000, 0.450000, 0.876761
0.500000, 0.450000, 0.528928
0.550000, 0.450000, 0.169962
0.600000, 0.450000, -0.018038
0.650000, 0.450000, 0.078169
0.700000, 0.450000, 0.460105
0.750000, 0.450000, 1.017503
0.800000, 0.450000, 1.571062
0.850000, 0.450000, 1.941644
0.900000, 0.450000, 2.019478
0.950000, 0.450000, 1.806894
1.000000, 0.450000, 1.418241
1.050000, 0.450000, 1.036996
1.100000, 0.450000, 0.846415
1.150000, 0.450000, 0.960195
1.200000, 0.450000, 1.379612
1.250000, 0.450000, 1.993492
1.300000, 0.450000, 2.621012
1.350000, 0.450000, 3.080985
1.400000, 0.450000, 3.261148
1.450000, 0.450000, 3.161013
1.500000, 0.450000, 2.891898
1.550000, 0.450000, 2.634156
1.600000, 0.450000, 2.567949
1.650000, 0.450000, 2.804018
1.700000, 0.450000, 3.340928
1.750000, 0.450000, 4.065120
1.800000, 0.450000, 4.793791
1.850000, 0.450000, 5.344220
1.900000, 0.450000, 5.603092
1.950000, 0.450000, 5.569351
2.000000, 0.450000, 5.354221
0.000000, 0.500000, -1.026458
0.050000, 0.500000, -1.310890
0.100000, 0.500000, -1.414074
0.150000, 0.500000, -1.227005
0.200000, 0.500000, -0.752514
0.250000, 0.500000, -0.105149
0.300000, 0.500000, 0.531740
0.350000, 0.500000, 0.975364
0.400000, 0.500000, 1.112819
0.450000, 0.500000, 0.943935
0.500000, 0.500000, 0.581262
0.550000, 0.500000, 0.207222
0.600000, 0.500000, 0.004763
0.650000, 0.500000, 0.087994
0.700000, 0.500000, 0.459270
0.750000, 0.500000, 1.009071
0.800000, 0.500000, 1.558706
0.850000, 0.500000, 1.929472
0.900000, 0.500000, 2.011820
0.950000, 0.500000, 1.808069
1.000000, 0.500000, 1.432317
1.050000, 0.500000, 1.067553
1.100000, 0.500000, 0.896333
1.150000, 0.500000, 1.031470
1.200000, 0.500000, 1.473223
1.250000, 0.500000, 2.109318
1.300000, 0.500000, 2.757814
1.350000, 0.500000, 3.236451
1.400000, 0.500000, 3.432003
1.450000, 0.500000, 3.343185
1.500000, 0.500000, 3.080738
1.550000, 0.500000, 2.824697
1.600000, 0.500000, 2.755186
1.650000, 0.500000, 2.983203
1.700000, 0.500000, 3.507853
1.750000, 0.500000, 4.216380
1.800000, 0.500000, 4.926999
1.850000, 0.500000, 5.458175
1.900000, 0.500000, 5.697878
1.950000, 0.500000, 5.646360
2.000000, 0.500000, 5.416107
0.000000, 0.550000, -0.916002
0.050000, 0.550000, -1.196820
0.100000, 0.550000, -1.298348
0.150000, 0.550000, -1.112055
0.200000, 0.550000, -0.641097
0.250000, 0.550000, -0.000151
0.300000, 0.550000, 0.627524
0.350000, 0.550000, 1.059460
0.400000, 0.550000, 1.183304
0.450000, 0.550000, 0.999629
0.500000, 0.550000, 0.621882
0.550000, 0.550000, 0.233473
0.600000, 0.550000, 0.018360
0.650000, 0.550000, 0.091610
0.700000, 0.550000, 0.456405
0.750000, 0.550000, 1.003861
0.800000, 0.550000, 1.555666
0.850000, 0.550000, 1.933206
0.900000, 0.550000, 2.026711
0.950000, 0.550000, 1.837970
1.000000, 0.550000, 1.480269
1.050000, 0.550000, 1.135556
1.100000, 0.550000, 0.985175
1.150000, 0.550000, 1.140646
1.200000, 0.550000, 1.600940
1.250000, 0.550000, 2.252597
1.300000, 0.550000, 2.912681
1.350000, 0.550000, 3.398204
1.400000, 0.550000, 3.595543
1.450000, 0.550000, 3.503387
1.500000, 0.550000, 3.232835
1.550000, 0.550000, 2.964650
1.600000, 0.550000, 2.880014
1.650000, 0.550000, 3.091247
1.700000, 0.550000, 3.598949
1.750000, 0.550000, 4.291931
1.800000, 0.550000, 4.989934
1.850000, 0.550000, 5.512790
1.900000, 0.550000, 5.749574
1.950000, 0.550000, 5.701290
2.000000, 0.550000, 5.480745
0.000000, 0.600000, -0.805649
0.050000, 0.600000, -1.084229
0.100000, 0.600000, -1.185526
0.150000, 0.600000, -1.001542
0.200000, 0.600000, -0.535767
0.250000, 0.600000, 0.097040
0.300000, 0.600000, 0.713828
0.350000, 0.600000, 1.132631
0.400000, 0.600000, 1.241867
0.450000, 0.600000, 1.043095
0.500000, 0.600000, 0.650889
0.550000, 0.600000, 0.249826
0.600000, 0.600000, 0.024970
0.650000, 0.600000, 0.092325
0.700000, 0.600000, 0.455749
0.750000, 0.600000, 1.006696
0.800000, 0.600000, 1.566811
0.850000, 0.600000, 1.957034
0.900000, 0.600000, 2.066772
0.950000, 0.600000, 1.896670
1.000000, 0.600000, 1.558633
1.050000, 0.600000, 1.233107
1.100000, 0.600000, 1.099936
1.150000, 0.600000, 1.269282
1.200000, 0.600000, 1.739019
1.250000, 0.600000, 2.394963
1.300000, 0.600000, 3.053907
1.350000, 0.600000, 3.533082
1.400000, 0.600000, 3.719584
1.450000, 0.600000, 3.613272
1.500000, 0.600000, 3.326786
1.550000, 0.600000, 3.042676
1.600000, 0.600000, 2.944015
1.650000, 0.600000, 3.144950
1.700000, 0.600000, 3.647683
1.750000, 0.600000, 4.342245
1.800000, 0.600000, 5.049088
1.850000, 0.600000, 5.588155
1.900000, 0.600000, 5.847989
1.950000, 0.600000, 5.828422
2.000000, 0.600000, 5.640515
0.000000, 0.650000, -0.697899
0.050000, 0.650000, -0.975552
0.100000, 0.650000, -1.077956
0.150000, 0.650000, -0.897706
0.200000, 0.650000, -0.438631
0.250000, 0.650000, 0.184501
0.300000, 0.650000, 0.788997
0.350000, 0.650000, 1.193611
0.400000, 0.650000, 1.287788
0.450000, 0.650000, 1.074331
0.500000, 0.650000, 0.669149
0.550000, 0.650000, 0.258105
0.600000, 0.650000, 0.027353
0.650000, 0.650000, 0.093664
0.700000, 0.650000, 0.461235
0.750000, 0.650000, 1.021366
0.800000, 0.650000, 1.595051
0.850000, 0.650000, 2.002118
0.900000, 0.650000, 2.130500
0.950000, 0.650000, 1.979138
1.000000, 0.650000, 1.658181
1.050000, 0.650000, 1.346436
1.100000, 0.650000, 1.222418
1.150000, 0.650000, 1.395418
1.200000, 0.650000, 1.863013
1.250000, 0.650000, 2.511359
1.300000, 0.650000, 3.158218
1.350000, 0.650000, 3.622359
1.400000, 0.650000, 3.792845
1.450000, 0.650000, 3.671754
1.500000, 0.650000, 3.373976
1.550000, 0.650000, 3.084111
1.600000, 0.650000, 2.986855
1.650000, 0.650000, 3.197357
1.700000, 0.650000, 3.718055
1.750000, 0.650000, 4.438379
1.800000, 0.650000, 5.177340
1.850000, 0.650000, 5.752694
1.900000, 0.650000, 6.050205
1.950000, 0.650000, 6.066573
2.000000, 0.650000, 5.909639
0.000000, 0.700000, -0.594619
0.050000, 0.700000, -0.872557
0.100000, 0.700000, -0.977286
0.150000, 0.700000, -0.802059
0.200000, 0.700000, -0.351039
0.250000, 0.700000, 0.261097
0.300000, 0.700000, 0.852206
0.350000, 0.700000, 1.242014
0.400000, 0.700000, 1.321273
0.450000, 0.700000, 1.094280
0.500000, 0.700000, 0.678437
0.550000, 0.700000, 0.260913
0.600000, 0.700000, 0.028790
0.650000, 0.700000, 0.099248
0.700000, 0.700000, 0.476285
0.750000, 0.700000, 1.050385
0.800000, 0.700000, 1.641165
0.850000, 0.700000, 2.066661
0.900000, 0.700000, 2.212791
0.950000, 0.700000, 2.076498
1.000000, 0.700000, 1.766198
1.050000, 0.700000, 1.459462
1.100000, 0.700000, 1.334246
1.150000, 0.700000, 1.500066
1.200000, 0.700000, 1.955534
1.250000, 0.700000, 2.588568
1.300000, 0.700000, 3.219254
1.350000, 0.700000, 3.668993
1.400000, 0.700000, 3.829498
1.450000, 0.700000, 3.705185
1.500000, 0.700000, 3.412677
1.550000, 0.700000, 3.137446
1.600000, 0.700000, 3.064037
1.650000, 0.700000, 3.306363
1.700000, 0.700000, 3.864609
1.750000, 0.700000, 4.625107
1.800000, 0.700000, 5.403221
1.850000, 0.700000, 6.012867
1.900000, 0.700000, 6.336181
1.950000, 0.700000, 6.366848
2.000000, 0.700000, 6.210671
0.000000, 0.750000, -0.496877
0.050000, 0.750000, -0.776187
0.100000, 0.750000, -0.884315
0.150000, 0.750000, -0.715243
0.200000, 0.750000, -0.273443
0.250000, 0.750000, 0.326627
0.300000, 0.750000, 0.903598
0.350000, 0.750000, 1.278457
0.400000, 0.750000, 1.343554
0.450000, 0.750000, 1.104894
0.500000, 0.750000, 0.681455
0.550000, 0.750000, 0.261585
0.600000, 0.750000, 0.032953
0.650000, 0.750000, 0.112596
0.700000, 0.750000, 0.503602
0.750000, 0.750000, 1.094861
0.800000, 0.750000, 1.703896
0.850000, 0.750000, 2.146412
0.900000, 0.750000, 2.306082
0.950000, 0.750000, 2.178018
1.000000, 0.750000, 1.869504
1.050000, 0.750000, 1.557891
1.100000, 0.750000, 1.421918
1.150000, 0.750000, 1.572848
1.200000, 0.750000, 2.011823
1.250000, 0.750000, 2.629775
1.300000, 0.750000, 3.249906
1.350000, 0.750000, 3.696410
1.400000, 0.750000, 3.863057
1.450000, 0.750000, 3.755252
1.500000, 0.750000, 3.489314
1.550000, 0.750000, 3.249066
1.600000, 0.750000, 3.216160
1.650000, 0.750000, 3.500656
1.700000, 0.750000, 4.098341
1.750000, 0.750000, 4.891119
1.800000, 0.750000, 5.690439
1.850000, 0.750000, 6.307324
1.900000, 0.750000, 6.622455
1.950000, 0.750000, 6.629746
2.000000, 0.750000, 6.436970
0.000000, 0.800000, -0.404949
0.050000, 0.800000, -0.686563
0.100000, 0.800000, -0.798997
0.150000, 0.800000, -0.637030
0.200000, 0.800000, -0.205405
0.250000, 0.800000, 0.381800
0.300000, 0.800000, 0.944254
0.350000, 0.800000, 1.304521
0.400000, 0.800000, 1.356824
0.450000, 0.800000, 1.109042
0.500000, 0.800000, 0.681679
0.550000, 0.800000, 0.263979
0.600000, 0.800000, 0.043657
0.650000, 0.800000, 0.136869
0.700000, 0.800000, 0.544970
0.750000, 0.800000, 1.154485
0.800000, 0.800000, 1.780275
0.850000, 0.800000, 2.235516
0.900000, 0.800000, 2.401894
0.950000, 0.800000, 2.273450
1.000000, 0.800000, 1.957555
1.050000, 0.800000, 1.632875
1.100000, 0.800000, 1.480580
1.150000, 0.800000, 1.615172
1.200000, 0.800000, 2.041394
1.250000, 0.800000, 2.653600
1.300000, 0.800000, 3.277683
1.350000, 0.800000, 3.739316
1.400000, 0.800000, 3.932212
1.450000, 0.800000, 3.860059
1.500000, 0.800000, 3.635920
1.550000, 0.800000, 3.439177
1.600000, 0.800000, 3.446400
1.650000, 0.800000, 3.762611
1.700000, 0.800000, 4.379307
1.750000, 0.800000, 5.175497
1.800000, 0.800000, 5.961607
1.850000, 0.800000, 6.549755
1.900000, 0.800000, 6.823787
1.950000, 0.800000, 6.782512
2.000000, 0.800000, 6.539739
0.000000, 0.850000, -0.318455
0.050000, 0.850000, -0.603131
0.100000, 0.850000, -0.720593
0.150000, 0.850000, -0.566484
0.200000, 0.850000, -0.145763
0.250000, 0.850000, 0.428068
0.300000, 0.850000, 0.976018
0.350000, 0.850000, 1.322554
0.400000, 0.850000, 1.364027
0.450000, 0.850000, 1.110251
0.500000, 0.850000, 0.683072
0.550000, 0.850000, 0.272146
0.600000, 0.850000, 0.064507
0.650000, 0.850000, 0.174563
0.700000, 0.850000, 0.601094
0.750000, 0.850000, 1.227628
0.800000, 0.850000, 1.866143
0.850000, 0.850000, 2.327576
0.900000, 0.850000, 2.492495
0.950000, 0.850000, 2.355238
1.000000, 0.850000, 2.024949
1.050000, 0.850000, 1.683350
1.100000, 0.850000, 1.515503
1.150000, 0.850000, 1.640017
1.200000, 0.850000, 2.065241
1.250000, 0.850000, 2.687958
1.300000, 0.850000, 3.334784
1.350000, 0.850000, 3.830138
1.400000, 0.850000, 4.064534
1.450000, 0.850000, 4.036890
1.500000, 0.850000, 3.854578
1.550000, 0.850000, 3.691210
1.600000, 0.850000, 3.718428
1.650000, 0.850000, 4.037997
1.700000, 0.850000, 4.640433
1.750000, 0.850000, 5.406324
1.800000, 0.850000, 6.150120
1.850000, 0.850000, 6.689891
1.900000, 0.850000, 6.916525
1.950000, 0.850000, 6.835914
2.000000, 0.850000, 6.567879
0.000000, 0.900000, -0.236622
0.050000, 0.900000, -0.524926
0.100000, 0.900000, -0.647938
0.150000, 0.900000, -0.502234
0.200000, 0.900000, -0.092909
0.250000, 0.900000, 0.467343
0.300000, 0.900000, 1.001204
0.350000, 0.900000, 1.335370
0.400000, 0.900000, 1.368519
0.450000, 0.900000, 1.112352
0.500000, 0.900000, 0.689687
0.550000, 0.900000, 0.289918
0.600000, 0.900000, 0.098513
0.650000, 0.900000, 0.227212
0.700000, 0.900000, 0.671490
0.750000, 0.900000, 1.311565
0.800000, 0.900000, 1.956788
0.850000, 0.900000, 2.416762
0.900000, 0.900000, 2.572404
0.950000, 0.900000, 2.420159
1.000000, 0.900000, 2.072774
1.050000, 0.900000, 1.716470
1.100000, 0.900000, 1.540888
1.150000, 0.900000, 1.668393
1.200000, 0.900000, 2.109452
1.250000, 0.900000, 2.760762
1.300000, 0.900000, 3.446465
1.350000, 0.900000, 3.986362
1.400000, 0.900000, 4.264879
1.450000, 0.900000, 4.274365
1.500000, 0.900000, 4.116277
1.550000, 0.900000, 3.960076
1.600000, 0.900000, 3.975855
1.650000, 0.900000, 4.266853
1.700000, 0.900000, 4.827993
1.750000, 0.900000, 5.546571
1.800000, 0.900000, 6.244974
1.850000, 0.900000, 6.749097
1.900000, 0.900000, 6.956156
1.950000, 0.900000, 6.875690
2.000000, 0.900000, 6.627736
0.000000, 0.950000, -0.158594
0.050000, 0.950000, -0.450883
0.100000, 0.950000, -0.579759
0.150000, 0.950000, -0.442795
0.200000, 0.950000, -0.045117
0.250000, 0.950000, 0.501660
0.300000, 0.950000, 1.022246
0.350000, 0.950000, 1.345884
0.400000, 0.950000, 1.373693
0.450000, 0.950000, 1.119067
0.500000, 0.950000, 0.705235
0.550000, 0.950000, 0.320475
0.600000, 0.950000, 0.147708
0.650000, 0.950000, 0.295149
0.700000, 0.950000, 0.754496
0.750000, 0.950000, 1.402799
0.800000, 0.950000, 2.047643
0.850000, 0.950000, 2.498803
0.900000, 0.950000, 2.639458
0.950000, 0.950000, 2.470089
1.000000, 0.950000, 2.108517
1.050000, 0.950000, 1.746045
1.100000, 0.950000, 1.576277
1.150000, 0.950000, 1.723448
1.200000, 0.950000, 2.197194
1.250000, 0.950000, 2.890597
1.300000, 0.950000, 3.621889
1.350000, 0.950000, 4.203685
1.400000, 0.950000, 4.513294
1.450000, 0.950000, 4.537438
1.500000, 0.950000, 4.374666
1.550000, 0.950000, 4.194983
1.600000, 0.950000, 4.172579
1.650000, 0.950000, 4.417721
1.700000, 0.950000, 4.934063
1.750000, 0.950000, 5.617681
1.800000, 0.950000, 6.298070
1.850000, 0.950000, 6.805069
1.900000, 0.950000, 7.035749
1.950000, 0.950000, 6.995272
2.000000, 0.950000, 6.795744
0.000000, 1.000000, -0.083718
0.050000, 1.000000, -0.380135
0.100000, 1.000000, -0.514980
0.150000, 1.000000, -0.386877
0.200000, 1.000000, -0.000853
0.250000, 1.000000, 0.532859
0.300000, 1.000000, 1.041376
0.350000, 1.000000, 1.356769
0.400000, 1.000000, 1.382612
0.450000, 1.000000, 1.133621
0.500000, 1.000000, 0.732690
0.550000, 1.000000, 0.365983
0.600000, 1.000000, 0.212880
0.650000, 1.000000, 0.377399
0.700000, 1.000000, 0.847403
0.750000, 1.000000, 1.497493
0.800000, 1.000000, 2.134956
0.850000, 1.000000, 2.571722
0.900000, 1.000000, 2.695280
0.950000, 1.000000, 2.511725
1.000000, 1.000000, 2.144533
1.050000, 1.000000, 1.789325
1.100000, 1.000000, 1.641507
1.150000, 1.000000, 1.823903
1.200000, 1.000000, 2.341540
1.250000, 1.000000, 3.080450
1.300000, 1.000000, 3.850751
1.350000, 1.000000, 4.457611
1.400000, 1.000000, 4.773252
1.450000, 1.000000, 4.782960
1.500000, 1.000000, 4.588042
1.550000, 1.000000, 4.365097
1.600000, 1.000000, 4.297509
1.650000, 1.000000, 4.505460
1.700000, 1.000000, 5.001089
1.750000, 1.000000, 5.685593
1.800000, 1.000000, 6.388921
1.850000, 1.000000, 6.936379
1.900000, 1.000000, 7.216278
1.950000, 1.000000, 7.222523
2.000000, 1.000000, 7.055837
0.000000, 1.050000, -0.011750
0.050000, 1.050000, -0.312223
0.100000, 1.050000, -0.452931
0.150000, 1.050000, -0.333604
0.200000, 1.050000, 0.040992
0.250000, 1.050000, 0.562351
0.300000, 1.050000, 1.060380
0.350000, 1.050000, 1.370203
0.400000, 1.050000, 1.397736
0.450000, 1.050000, 1.158463
0.500000, 1.050000, 0.774013
0.550000, 1.050000, 0.427356
0.600000, 1.050000, 0.293439
0.650000, 1.050000, 0.471740
0.700000, 1.050000, 0.946754
0.750000, 1.050000, 1.591966
0.800000, 1.050000, 2.216362
0.850000, 1.050000, 2.636209
0.900000, 1.050000, 2.745062
0.950000, 1.050000, 2.555339
1.000000, 1.050000, 2.195412
1.050000, 1.050000, 1.862910
1.100000, 1.050000, 1.751517
1.150000, 1.050000, 1.978667
1.200000, 1.050000, 2.541332
1.250000, 1.050000, 3.316595
1.300000, 1.050000, 4.106862
1.350000, 1.050000, 4.712808
1.400000, 1.050000, 5.006709
1.450000, 1.050000, 4.978725
1.500000, 1.050000, 4.738974
1.550000, 1.050000, 4.474886
1.600000, 1.050000, 4.380175
1.650000, 1.050000, 4.582304
1.700000, 1.050000, 5.095704
1.750000, 1.050000, 5.818059
1.800000, 1.050000, 6.570547
1.850000, 1.050000, 7.166315
1.900000, 1.050000, 7.480914
1.950000, 1.050000, 7.497966
2.000000, 1.050000, 7.313021
0.000000, 1.100000, 0.057065
0.050000, 1.100000, -0.247175
0.100000, 1.100000, -0.393440
0.150000, 1.100000, -0.282605
0.200000, 1.100000, 0.081016
0.250000, 1.100000, 0.591020
0.300000, 1.100000, 1.080486
0.350000, 1.100000, 1.387744
0.400000, 1.100000, 1.420782
0.450000, 1.100000, 1.195113
0.500000, 1.100000, 0.830024
0.550000, 1.100000, 0.504206
0.600000, 1.100000, 0.387500
0.650000, 1.100000, 0.574954
0.700000, 1.100000, 1.048769
0.750000, 1.100000, 1.683225
0.800000, 1.100000, 2.291298
0.850000, 1.100000, 2.695594
0.900000, 1.100000, 2.796712
0.950000, 1.100000, 2.612802
1.000000, 1.100000, 2.274825
1.050000, 1.100000, 1.978748
1.100000, 1.100000, 1.912359
1.150000, 1.100000, 2.184170
1.200000, 1.100000, 2.781372
1.250000, 1.100000, 3.572979
1.300000, 1.100000, 4.357363
1.350000, 1.100000, 4.936566
1.400000, 1.100000, 5.189635
1.450000, 1.100000, 5.117438
1.500000, 1.100000, 4.842112
1.550000, 1.100000, 4.561270
1.600000, 1.100000, 4.474134
1.650000, 1.100000, 4.707262
1.700000, 1.100000, 5.267645
1.750000, 1.100000, 6.040616
1.800000, 1.100000, 6.833132
1.850000, 1.100000, 7.445943
1.900000, 1.100000, 7.747441
1.950000, 1.100000, 7.721527
2.000000, 1.100000, 7.471817
0.000000, 1.150000, 0.122077
0.050000, 1.150000, -0.185437
0.100000, 1.150000, -0.336764
0.150000, 1.150000, -0.233955
0.200000, 1.150000, 0.119354
0.250000, 1.150000, 0.619268
0.300000, 1.150000, 1.102403
0.350000, 1.150000, 1.410355
0.400000, 1.150000, 1.452747
0.450000, 1.150000, 1.244190
0.500000, 1.150000, 0.900459
0.550000, 1.150000, 0.594975
0.600000, 1.150000, 0.492144
0.650000, 1.150000, 0.683252
0.700000, 1.150000, 1.149887
0.750000, 1.150000, 1.769453
0.800000, 1.150000, 2.361188
0.850000, 1.150000, 2.755406
0.900000, 1.150000, 2.859515
0.950000, 1.150000, 2.695271
1.000000, 1.150000, 2.392518
1.050000, 1.150000, 2.141196
1.100000, 1.150000, 2.119468
1.150000, 1.150000, 2.425174
1.200000, 1.150000, 3.036854
1.250000, 1.150000, 3.819627
1.300000, 1.150000, 4.574223
1.350000, 1.150000, 5.111053
1.400000, 1.150000, 5.321490
1.450000, 1.150000, 5.219323
1.500000, 1.150000, 4.936448
1.550000, 1.150000, 4.674017
1.600000, 1.150000, 4.627155
1.650000, 1.150000, 4.911426
1.700000, 1.150000, 5.518750
1.750000, 1.150000, 6.319475
1.800000, 1.150000, 7.110037
1.850000, 1.150000, 7.688459
1.900000, 1.150000, 7.929450
1.950000, 1.150000, 7.830971
2.000000, 1.150000, 7.514853
0.000000, 1.200000, 0.182427
0.050000, 1.200000, -0.127672
0.100000, 1.200000, -0.283395
0.150000, 1.200000, -0.187985
0.200000, 1.200000, 0.155866
0.250000, 1.200000, 0.647197
0.300000, 1.200000, 1.126499
0.350000, 1.200000, 1.438574
0.400000, 1.200000, 1.494062
0.450000, 1.200000, 1.305581
0.500000, 1.200000, 0.984185
0.550000, 1.200000, 0.697242
0.600000, 1.200000, 0.603854
0.650000, 1.200000, 0.792820
0.700000, 1.200000, 1.247328
0.750000, 1.200000, 1.850401
0.800000, 1.200000, 2.429383
0.850000, 1.200000, 2.822603
0.900000, 1.200000, 2.942547
0.950000, 1.200000, 2.810991
1.000000, 1.200000, 2.552129
1.050000, 1.200000, 2.345835
1.100000, 1.200000, 2.358643
1.150000, 1.200000, 2.678827
1.200000, 1.200000, 3.280698
1.250000, 1.200000, 4.032261
1.300000, 1.200000, 4.743856
1.350000, 1.200000, 5.239632
1.400000, 1.200000, 5.424706
1.450000, 1.200000, 5.322222
1.500000, 1.200000, 5.065757
1.550000, 1.200000, 4.849448
1.600000, 1.200000, 4.854395
1.650000, 1.200000, 5.179165
1.700000, 1.200000, 5.800929
1.750000, 1.200000, 6.582356
1.800000, 1.200000, 7.322139
1.850000, 1.200000, 7.830384
1.900000, 1.200000, 8.000511
1.950000, 1.200000, 7.850385
2.000000, 1.200000, 7.516849
0.000000, 1.250000, 0.237342
0.050000, 1.250000, -0.074479
0.100000, 1.250000, -0.233781
0.150000, 1.250000, -0.145002
0.200000, 1.250000, 0.190410
0.250000, 1.250000, 0.674880
0.300000, 1.250000, 1.153059
0.350000, 1.250000, 1.472763
0.400000, 1.250000, 1.544846
0.450000, 1.250000, 1.378708
0.500000, 1.250000, 1.079527
0.550000, 1.250000, 0.808146
0.600000, 1.250000, 0.719046
0.650000, 1.250000, 0.900414
0.700000, 1.250000, 1.339610
0.750000, 1.250000, 1.927600
0.800000, 1.250000, 2.500837
0.850000, 1.250000, 2.904568
0.900000, 1.250000, 3.053105
0.950000, 1.250000, 2.963641
1.000000, 1.250000, 2.750286
1.050000, 1.250000, 2.580345
1.100000, 1.250000, 2.609498
1.150000, 1.250000, 2.920848
1.200000, 1.250000, 3.491508
1.250000, 1.250000, 4.199911
1.300000, 1.250000, 4.871396
1.350000, 1.250000, 5.344789
1.400000, 1.250000, 5.534442
1.450000, 1.250000, 5.463708
1.500000, 1.250000, 5.256670
1.550000, 1.250000, 5.090912
1.600000, 1.250000, 5.129184
1.650000, 1.250000, 5.456118
1.700000, 1.250000, 6.044444
1.750000, 1.250000, 6.764008
1.800000, 1.250000, 7.430581
1.850000, 1.250000, 7.876061
1.900000, 1.250000, 8.013317
1.950000, 1.250000, 7.870689
2.000000, 1.250000, 7.582605
0.000000, 1.300000, 0.286444
0.050000, 1.300000, -0.026082
0.100000, 1.300000, -0.188024
0.150000, 1.300000, -0.104993
0.200000, 1.300000, 0.223138
0.250000, 1.300000, 0.702647
0.300000, 1.300000, 1.182570
0.350000, 1.300000, 1.513391
0.400000, 1.300000, 1.605194
0.450000, 1.300000, 1.462849
0.500000, 1.300000, 1.184644
0.550000, 1.300000, 0.924851
0.600000, 1.300000, 0.834609
0.650000, 1.300000, 1.003893
0.700000, 1.300000, 1.426916
0.750000, 1.300000, 2.004352
0.800000, 1.300000, 2.581540
0.850000, 1.300000, 3.008014
0.900000, 1.300000, 3.195427
0.950000, 1.300000, 3.151552
1.000000, 1.300000, 2.977207
1.050000, 1.300000, 2.827232
1.100000, 1.300000, 2.850501
1.150000, 1.300000, 3.132064
1.200000, 1.300000, 3.659723
1.250000, 1.300000, 4.328016
1.300000, 1.300000, 4.978143
1.350000, 1.300000, 5.458570
1.400000, 1.300000, 5.682988
1.450000, 1.300000, 5.663322
1.500000, 1.300000, 5.504985
1.550000, 1.300000, 5.366133
1.600000, 1.300000, 5.396526
1.650000, 1.300000, 5.679499
1.700000, 1.300000, 6.199423
1.750000, 1.300000, 6.847280
1.800000, 1.300000, 7.462324
1.850000, 1.300000, 7.893893
1.900000, 1.300000, 8.059631
1.950000, 1.300000, 7.977666
2.000000, 1.300000, 7.760265
0.000000, 1.350000, 0.330008
0.050000, 1.350000, 0.017918
0.100000, 1.350000, -0.145627
0.150000, 1.350000, -0.067378
0.200000, 1.350000, 0.254743
0.250000, 1.350000, 0.731333
0.300000, 1.350000, 1.215961
0.350000, 1.350000, 1.561270
0.400000, 1.350000, 1.675418
0.450000, 1.350000, 1.557409
0.500000, 1.350000, 1.297868
0.550000, 1.350000, 1.044961
0.600000, 1.350000, 0.948372
0.650000, 1.350000, 1.102621
0.700000, 1.350000, 1.511243
0.750000, 1.350000, 2.085443
0.800000, 1.350000, 2.677761
0.850000, 1.350000, 3.137955
0.900000, 1.350000, 3.369911
0.950000, 1.350000, 3.367937
1.000000, 1.350000, 3.218654
1.050000, 1.350000, 3.067766
1.100000, 1.350000, 3.064292
1.150000, 1.350000, 3.303482
1.200000, 1.350000, 3.790087
1.250000, 1.350000, 4.435996
1.300000, 1.350000, 5.093157
1.350000, 1.350000, 5.609320
1.400000, 1.350000, 5.885450
1.450000, 1.350000, 5.912998
1.500000, 1.350000, 5.776857
1.550000, 1.350000, 5.622854
1.600000, 1.350000, 5.602117
1.650000, 1.350000, 5.813428
1.700000, 1.350000, 6.265501
1.750000, 1.350000, 6.873531
1.800000, 1.350000, 7.491372
1.850000, 1.350000, 7.967154
1.900000, 1.350000, 8.201212
1.950000, 1.350000, 8.184309
2.000000, 1.350000, 8.001579
0.000000, 1.400000, 0.369102
0.050000, 1.400000, 0.058692
0.100000, 1.400000, -0.105358
0.150000, 1.400000, -0.030870
0.200000, 1.400000, 0.286591
0.250000, 1.400000, 0.762409
0.300000, 1.400000, 1.254735
0.350000, 1.400000, 1.617685
0.400000, 1.400000, 1.756195
0.450000, 1.400000, 1.662109
0.500000, 1.400000, 1.417957
0.550000, 1.400000, 1.166837
0.600000, 1.400000, 1.059411
0.650000, 1.400000, 1.197644
0.700000, 1.400000, 1.596284
0.750000, 1.400000, 2.176627
0.800000, 1.400000, 2.795193
0.850000, 1.400000, 3.296888
0.900000, 1.400000, 3.572966
0.950000, 1.400000, 3.602083
1.000000, 1.400000, 3.458833
1.050000, 1.400000, 3.286203
1.100000, 1.400000, 3.241898
1.150000, 1.400000, 3.438455
1.200000, 1.400000, 3.899698
1.250000, 1.400000, 4.550186
1.300000, 1.400000, 5.242113
1.350000, 1.400000, 5.809987
1.400000, 1.400000, 6.132774
1.450000, 1.400000, 6.180049
1.500000, 1.400000, 6.024403
1.550000, 1.400000, 5.814923
1.600000, 1.400000, 5.721249
1.650000, 1.400000, 5.869096
1.700000, 1.400000, 6.291673
1.750000, 1.400000, 6.915795
1.800000, 1.400000, 7.588493
1.850000, 1.400000, 8.134582
1.900000, 1.400000, 8.423634
1.950000, 1.400000, 8.420842
2.000000, 1.400000, 8.202048
0.000000, 1.450000, 0.405593
0.050000, 1.450000, 0.098168
0.100000, 1.450000, -0.065253
0.150000, 1.450000, 0.006516
0.200000, 1.450000, 0.320717
0.250000, 1.450000, 0.797971
0.300000, 1.450000, 1.300950
0.350000, 1.450000, 1.684383
0.400000, 1.450000, 1.848575
0.450000, 1.450000, 1.777037
0.500000, 1.450000, 1.544202
0.550000, 1.450000, 1.289744
0.600000, 1.450000, 1.168163
0.650000, 1.450000, 1.291617
0.700000, 1.450000, 1.687035
0.750000, 1.450000, 2.283885
0.800000, 1.450000, 2.938103
0.850000, 1.450000, 3.484308
0.900000, 1.450000, 3.797515
0.950000, 1.450000, 3.841290
1.000000, 1.450000, 3.683604
1.050000, 1.450000, 3.473282
1.100000, 1.450000, 3.384765
1.150000, 1.450000, 3.551352
1.200000, 1.450000, 4.012277
1.250000, 1.450000, 4.694515
1.300000, 1.450000, 5.437510
1.350000, 1.450000, 6.052598
1.400000, 1.450000, 6.395112
1.450000, 1.450000, 6.421438
1.500000, 1.450000, 6.208286
1.550000, 1.450000, 5.925541
1.600000, 1.450000, 5.772000
1.650000, 1.450000, 5.898227
1.700000, 1.450000, 6.346510
1.750000, 1.450000, 7.032013
1.800000, 1.450000, 7.773574
1.850000, 1.450000, 8.363204
1.900000, 1.450000, 8.647695
1.950000, 1.450000, 8.590349
2.000000, 1.450000, 8.287956
0.000000, 1.500000, 0.441981
0.050000, 1.500000, 0.138882
0.100000, 1.500000, -0.022781
0.150000, 1.500000, 0.047302
0.200000, 1.500000, 0.359661
0.250000, 1.500000, 0.840581
0.300000, 1.500000, 1.357068
0.350000, 1.500000, 1.763425
0.400000, 1.500000, 1.953847
0.450000, 1.500000, 1.902556
0.500000, 1.500000, 1.676389
0.550000, 1.500000, 1.413826
0.600000, 1.500000, 1.276310
0.650000, 1.500000, 1.388472
0.700000, 1.500000, 1.789160
0.750000, 1.500000, 2.412581
0.800000, 1.500000, 3.108599
0.850000, 1.500000, 3.696629
0.900000, 1.500000, 4.034061
0.950000, 1.500000, 4.073151
1.000000, 1.500000, 3.883320
1.050000, 1.500000, 3.628165
1.100000, 1.500000, 3.504072
1.150000, 1.500000, 3.663111
1.200000, 1.500000, 4.150446
1.250000, 1.500000, 4.882112
1.300000, 1.500000, 5.673806
1.350000, 1.500000, 6.311091
1.400000, 1.500000, 6.634100
1.450000, 1.500000, 6.602920
1.500000, 1.500000, 6.316468
1.550000, 1.500000, 5.975846
1.600000, 1.500000, 5.805560
1.650000, 1.500000, 5.963620
1.700000, 1.500000, 6.476874
1.750000, 1.500000, 7.228385
1.800000, 1.500000, 8.002894
1.850000, 1.500000, 8.572752
1.900000, 1.500000, 8.789853
1.950000, 1.500000, 8.646245
2.000000, 1.500000, 8.278526
0.000000, 1.550000, 0.481120
0.050000, 1.550000, 0.183687
0.100000, 1.550000, 0.024875
0.150000, 1.550000, 0.094267
0.200000, 1.550000, 0.406190
0.250000, 1.550000, 0.892985
0.300000, 1.550000, 1.425665
0.350000, 1.550000, 1.856904
0.400000, 1.550000, 2.073296
0.450000, 1.550000, 2.039101
0.500000, 1.550000, 1.814635
0.550000, 1.550000, 1.539928
0.600000, 1.550000, 1.386487
0.650000, 1.550000, 1.492894
0.700000, 1.550000, 1.908217
0.750000, 1.550000, 2.566620
0.800000, 1.550000, 3.306142
0.850000, 1.550000, 3.927548
0.900000, 1.550000, 4.272147
0.950000, 1.550000, 4.287755
1.000000, 1.550000, 4.054662
1.050000, 1.550000, 3.758365
1.100000, 1.550000, 3.617517
1.150000, 1.550000, 3.794967
1.200000, 1.550000, 4.328424
1.250000, 1.550000, 5.110641
1.300000, 1.550000, 5.929241
1.350000, 1.550000, 6.551375
1.400000, 1.550000, 6.818907
1.450000, 1.550000, 6.714462
1.500000, 1.550000, 6.370133
1.550000, 1.550000, 6.014410
1.600000, 1.550000, 5.878914
1.650000, 1.550000, 6.103642
1.700000, 1.550000, 6.680175
1.750000, 1.550000, 7.456327
1.800000, 1.550000, 8.199853
1.850000, 1.550000, 8.694201
1.900000, 1.550000, 8.826313
1.950000, 1.550000, 8.630555
2.000000, 1.550000, 8.271847
0.000000, 1.600000, 0.525866
0.050000, 1.600000, 0.235401
0.100000, 1.600000, 0.080467
0.150000, 1.600000, 0.150090
0.200000, 1.600000, 0.462941
0.250000, 1.600000, 0.957761
0.300000, 1.600000, 1.509092
0.350000, 1.600000, 1.966620
0.400000, 1.600000, 2.207892
0.450000, 1.600000, 2.186916
0.500000, 1.600000, 1.959146
0.550000, 1.600000, 1.669315
0.600000, 1.600000, 1.501849
0.650000, 1.600000, 1.609660
0.700000, 1.600000, 2.048830
0.750000, 1.600000, 2.747736
0.800000, 1.600000, 3.527387
0.850000, 1.600000, 4.168789
0.900000, 1.600000, 4.501948
0.950000, 1.600000, 4.479373
1.000000, 1.600000, 4.201096
1.050000, 1.600000, 3.877676
1.100000, 1.600000, 3.744404
1.150000, 1.600000, 3.962126
1.200000, 1.600000, 4.547393
1.250000, 1.600000, 5.362935
1.300000, 1.600000, 6.173657
1.350000, 1.600000, 6.744660
1.400000, 1.600000, 6.939256
1.450000, 1.600000, 6.774943
1.500000, 1.600000, 6.413869
1.550000, 1.600000, 6.092937
1.600000, 1.600000, 6.024595
1.650000, 1.600000, 6.310996
1.700000, 1.600000, 6.906943
1.750000, 1.600000, 7.644859
1.800000, 1.600000, 8.308228
1.850000, 1.600000, 8.720534
1.900000, 1.600000, 8.812574
1.950000, 1.600000, 8.642722
2.000000, 1.600000, 8.366010
0.000000, 1.650000, 0.578719
0.050000, 1.650000, 0.296456
0.100000, 1.650000, 0.146327
0.150000, 1.650000, 0.217010
0.200000, 1.650000, 0.532084
0.250000, 1.650000, 1.036980
0.300000, 1.650000, 1.609130
0.350000, 1.650000, 2.093747
0.400000, 1.650000, 2.357994
0.450000, 1.650000, 2.345788
0.500000, 1.650000, 2.109966
0.550000, 1.650000, 1.803350
0.600000, 1.650000, 1.625587
0.650000, 1.650000, 1.742965
0.700000, 1.650000, 2.213959
0.750000, 1.650000, 2.955035
0.800000, 1.650000, 3.766402
0.850000, 1.650000, 4.411160
0.900000, 1.650000, 4.715749
0.950000, 1.650000, 4.647319
1.000000, 1.650000, 4.331850
1.050000, 1.650000, 4.002607
1.100000, 1.650000, 3.900335
1.150000, 1.650000, 4.169201
1.200000, 1.650000, 4.794966
1.250000, 1.650000, 5.612672
1.300000, 1.650000, 6.379432
1.350000, 1.650000, 6.878774
1.400000, 1.650000, 7.009905
1.450000, 1.650000, 6.823973
1.500000, 1.650000, 6.494732
1.550000, 1.650000, 6.240467
1.600000, 1.650000, 6.233799
1.650000, 1.650000, 6.537836
1.700000, 1.650000, 7.092013
1.750000, 1.650000, 7.747482
1.800000, 1.650000, 8.331703
1.850000, 1.650000, 8.713356
1.900000, 1.650000, 8.843593
1.950000, 1.650000, 8.763272
2.000000, 1.650000, 8.580238
0.000000, 1.700000, 0.641544
0.050000, 1.700000, 0.368617
0.100000, 1.700000, 0.224092
0.150000, 1.700000, 0.296540
0.200000, 1.700000, 0.615043
0.250000, 1.700000, 1.131931
0.300000, 1.700000, 1.726729
0.350000, 1.700000, 2.238584
0.400000, 1.700000, 2.523128
0.450000, 1.700000, 2.514857
0.500000, 1.700000, 2.266775
0.550000, 1.700000, 1.943212
0.600000, 1.700000, 1.760479
0.650000, 1.700000, 1.895823
0.700000, 1.700000, 2.404363
0.750000, 1.700000, 3.184879
0.800000, 1.700000, 4.015257
0.850000, 1.700000, 4.645755
0.900000, 1.700000, 4.909048
0.950000, 1.700000, 4.795819
1.000000, 1.700000, 4.459638
1.050000, 1.700000, 4.148166
1.100000, 1.700000, 4.092876
1.150000, 1.700000, 4.408683
1.200000, 1.700000, 5.048889
1.250000, 1.700000, 5.833156
1.300000, 1.700000, 6.531515
1.350000, 1.700000, 6.963007
1.400000, 1.700000, 7.064642
1.450000, 1.700000, 6.904416
1.500000, 1.700000, 6.640146
1.550000, 1.700000, 6.449160
1.600000, 1.700000, 6.461905
1.650000, 1.700000, 6.724172
1.700000, 1.700000, 7.195224
1.750000, 1.700000, 7.773264
1.800000, 1.700000, 8.332741
1.850000, 1.700000, 8.760464
1.900000, 1.700000, 8.984230
1.950000, 1.700000, 8.992181
2.000000, 1.700000, 8.840814
0.000000, 1.750000, 0.715412
0.050000, 1.750000, 0.452823
0.100000, 1.750000, 0.314548
0.150000, 1.750000, 0.389328
0.200000, 1.750000, 0.712353
0.250000, 1.750000, 1.242985
0.300000, 1.750000, 1.861870
0.350000, 1.750000, 2.400441
0.400000, 1.750000, 2.701899
0.450000, 1.750000, 2.692547
0.500000, 1.750000, 2.428800
0.550000, 1.750000, 2.089691
0.600000, 1.750000, 1.908539
0.650000, 1.750000, 2.069644
0.700000, 1.750000, 2.618359
0.750000, 1.750000, 3.431155
0.800000, 1.750000, 4.264944
0.850000, 1.750000, 4.865144
0.900000, 1.750000, 5.081124
0.950000, 1.750000, 4.932936
1.000000, 1.750000, 4.597640
1.050000, 1.750000, 4.324019
1.100000, 1.750000, 4.319345
1.150000, 1.750000, 4.662906
1.200000, 1.750000, 5.283815
1.250000, 1.750000, 6.006218
1.300000, 1.750000, 6.632870
1.350000, 1.750000, 7.024534
1.400000, 1.750000, 7.142261
1.450000, 1.750000, 7.043416
1.500000, 1.750000, 6.845154
1.550000, 1.750000, 6.678809
1.600000, 1.750000, 6.653319
1.650000, 1.750000, 6.833139
1.700000, 1.750000, 7.226762
1.750000, 1.750000, 7.782063
1.800000, 1.750000, 8.391423
1.850000, 1.750000, 8.914487
1.900000, 1.750000, 9.221948
1.950000, 1.750000, 9.250256
2.000000, 1.750000, 9.043240
0.000000, 1.800000, 0.800597
0.050000, 1.800000, 0.549194
0.100000, 1.800000, 0.417639
0.150000, 1.800000, 0.495158
0.200000, 1.800000, 0.823670
0.250000, 1.800000, 1.369603
0.300000, 1.800000, 2.013591
0.350000, 1.800000, 2.577676
0.400000, 1.800000, 2.892058
0.450000, 1.800000, 2.876650
0.500000, 1.800000, 2.594851
0.550000, 1.800000, 2.243126
0.600000, 1.800000, 2.070813
0.650000, 1.800000, 2.264037
0.700000, 1.800000, 2.851906
0.750000, 1.800000, 3.685907
0.800000, 1.800000, 4.506486
0.850000, 1.800000, 5.064372
0.900000, 1.800000, 5.234959
0.950000, 1.800000, 5.068757
1.000000, 1.800000, 4.756400
1.050000, 1.800000, 4.531940
1.100000, 1.800000, 4.567293
1.150000, 1.800000, 4.908900
1.200000, 1.800000, 5.479029
1.250000, 1.800000, 6.128223
1.300000, 1.800000, 6.703346
1.350000, 1.800000, 7.097807
1.400000, 1.800000, 7.270391
1.450000, 1.800000, 7.240409
1.500000, 1.800000, 7.075095
1.550000, 1.800000, 6.877767
1.600000, 1.800000, 6.772120
1.650000, 1.800000, 6.872792
1.700000, 1.800000, 7.241670
1.750000, 1.800000, 7.846855
1.800000, 1.800000, 8.552059
1.850000, 1.800000, 9.156250
1.900000, 1.800000, 9.477129
1.950000, 1.800000, 9.442342
2.000000, 1.800000, 9.139264
0.000000, 1.850000, 0.896719
0.050000, 1.850000, 0.657172
0.100000, 1.850000, 0.532615
0.150000, 1.850000, 0.613113
0.200000, 1.850000, 0.947938
0.250000, 1.850000, 1.510511
0.300000, 1.850000, 2.180161
0.350000, 1.850000, 2.767890
0.400000, 1.850000, 3.090718
0.450000, 1.850000, 3.064543
0.500000, 1.850000, 2.763491
0.550000, 1.850000, 2.403445
0.600000, 1.850000, 2.247344
0.650000, 1.850000, 2.476855
0.700000, 1.850000, 3.099015
0.750000, 1.850000, 3.940256
0.800000, 1.850000, 4.732098
0.850000, 1.850000, 5.241606
0.900000, 1.850000, 5.376546
0.950000, 1.850000, 5.213219
1.000000, 1.850000, 4.941322
1.050000, 1.850000, 4.765172
1.100000, 1.850000, 4.817568
1.150000, 1.850000, 5.124786
1.200000, 1.850000, 5.624738
1.250000, 1.850000, 6.211167
1.300000, 1.850000, 6.772379
1.350000, 1.850000, 7.211052
1.400000, 1.850000, 7.453944
1.450000, 1.850000, 7.467503
1.500000, 1.850000, 7.282417
1.550000, 1.850000, 7.009579
1.600000, 1.850000, 6.821890
1.650000, 1.850000, 6.891908
1.700000, 1.850000, 7.306858
1.750000, 1.850000, 8.007383
1.800000, 1.850000, 8.793713
1.850000, 1.850000, 9.408993
1.900000, 1.850000, 9.663268
1.950000, 1.850000, 9.532638
2.000000, 1.850000, 9.177033
0.000000, 1.900000, 1.003006
0.050000, 1.900000, 0.775787
0.100000, 1.900000, 0.658304
0.150000, 1.900000, 0.741844
0.200000, 1.900000, 1.083660
0.250000, 1.900000, 1.663975
0.300000, 1.900000, 2.359372
0.350000, 1.900000, 2.968237
0.400000, 1.900000, 3.294684
0.450000, 1.900000, 3.253509
0.500000, 1.900000, 2.933288
0.550000, 1.900000, 2.570324
0.600000, 1.900000, 2.437273
0.650000, 1.900000, 2.704461
0.700000, 1.900000, 3.352423
0.750000, 1.900000, 4.185482
0.800000, 1.900000, 4.936224
0.850000, 1.900000, 5.398335
0.900000, 1.900000, 5.513699
0.950000, 1.900000, 5.373994
1.000000, 1.900000, 5.151315
1.050000, 1.900000, 5.009865
1.100000, 1.900000, 5.049160
1.150000, 1.900000, 5.295872
1.200000, 1.900000, 5.724959
1.250000, 1.900000, 6.278518
1.300000, 1.900000, 6.868212
1.350000, 1.900000, 7.375205
1.400000, 1.900000, 7.673090
1.450000, 1.900000, 7.682088
1.500000, 1.900000, 7.429612
1.550000, 1.900000, 7.071785
1.600000, 1.900000, 6.844023
1.650000, 1.900000, 6.952240
1.700000, 1.900000, 7.460718
1.750000, 1.900000, 8.244938
1.800000, 1.900000, 9.044688
1.850000, 1.900000, 9.593362
1.900000, 1.900000, 9.751983
1.950000, 1.900000, 9.572932
2.000000, 1.900000, 9.261344
0.000000, 1.950000, 1.118601
0.050000, 1.950000, 0.903974
0.100000, 1.950000, 0.793425
0.150000, 1.950000, 0.879894
0.200000, 1.950000, 1.229228
0.250000, 1.950000, 1.828138
0.300000, 1.950000, 2.548878
0.350000, 1.950000, 3.175785
0.400000, 1.950000, 3.500832
0.450000, 1.950000, 3.441102
0.500000, 1.950000, 3.103104
0.550000, 1.950000, 2.743375
0.600000, 1.950000, 2.639040
0.650000, 1.950000, 2.942162
0.700000, 1.950000, 3.604425
0.750000, 1.950000, 4.414106
0.800000, 1.950000, 5.116284
0.850000, 1.950000, 5.539058
0.900000, 1.950000, 5.654567
0.950000, 1.950000, 5.554851
1.000000, 1.950000, 5.378894
1.050000, 1.950000, 5.248251
1.100000, 1.950000, 5.244581
1.150000, 1.950000, 5.418727
1.200000, 1.950000, 5.796167
1.250000, 1.950000, 6.357223
1.300000, 1.950000, 7.007581
1.350000, 1.950000, 7.579636
1.400000, 1.950000, 7.891632
1.450000, 1.950000, 7.846076
1.500000, 1.950000, 7.507338
1.550000, 1.950000, 7.097361
1.600000, 1.950000, 6.895506
1.650000, 1.950000, 7.093253
1.700000, 1.950000, 7.690003
1.750000, 1.950000, 8.494580
1.800000, 1.950000, 9.231235
1.850000, 1.950000, 9.684066
1.900000, 1.950000, 9.794266
1.950000, 1.950000, 9.661702
2.000000, 1.950000, 9.466919
0.000000, 2.000000, 1.242850
0.050000, 2.000000, 1.040862
0.100000, 2.000000, 0.936896
0.150000, 2.000000, 1.026006
0.200000, 2.000000, 1.383238
0.250000, 2.000000, 2.001333
0.300000, 2.000000, 2.746529
0.350000, 2.000000, 3.387857
0.400000, 2.000000, 3.706460
0.450000, 2.000000, 3.625468
0.500000, 2.000000, 3.272347
0.550000, 2.000000, 2.922324
0.600000, 2.000000, 2.850628
0.650000, 2.000000, 3.184724
0.700000, 2.000000, 3.847743
0.750000, 2.000000, 4.620826
0.800000, 2.000000, 5.273005
0.850000, 2.000000, 5.670519
0.900000, 2.000000, 5.806108
0.950000, 2.000000, 5.754818
1.000000, 2.000000, 5.611704
1.050000, 2.000000, 5.462801
1.100000, 2.000000, 5.394366
1.150000, 2.000000, 5.502103
1.200000, 2.000000, 5.862127
1.250000, 2.000000, 6.468635
1.300000, 2.000000, 7.189675
1.350000, 2.000000, 7.796402
1.400000, 2.000000, 8.072334
1.450000, 2.000000, 7.943179
1.500000, 2.000000, 7.539114
1.550000, 2.000000, 7.138149
1.600000, 2.000000, 7.018290
1.650000, 2.000000, 7.309714
1.700000, 2.000000, 7.938131
1.750000, 2.000000, 8.687059
1.800000, 2.000000, 9.327652
1.850000, 2.000000, 9.727957
1.900000, 2.000000, 9.882174
1.950000, 2.000000, 9.866415
2.000000, 2.000000, 9.776386
