0.000000, 0.000000, 0.111723
0.050000, 0.000000, 0.795250
0.100000, 0.000000, 1.299082
0.150000, 0.000000, 1.496584
0.200000, 0.000000, 1.386018
0.250000, 0.000000, 1.090593
0.300000, 0.000000, 0.810550
0.350000, 0.000000, 0.745628
0.400000, 0.000000, 1.017538
0.450000, 0.000000, 1.622087
0.500000, 0.000000, 2.429290
0.550000, 0.000000, 3.231434
0.600000, 0.000000, 3.820811
0.650000, 0.000000, 4.067432
0.700000, 0.000000, 3.967107
0.750000, 0.000000, 3.641546
0.800000, 0.000000, 3.290487
0.850000, 0.000000, 3.114172
0.900000, 0.000000, 3.235809
0.950000, 0.000000, 3.653662
1.000000, 0.000000, 4.241094
1.050000, 0.000000, 4.794562
1.100000, 0.000000, 5.111233
1.150000, 0.000000, 5.066590
1.200000, 0.000000, 4.662368
1.250000, 0.000000, 4.026515
1.300000, 0.000000, 3.365164
1.350000, 0.000000, 2.884952
1.400000, 0.000000, 2.715325
1.450000, 0.000000, 2.860472
1.500000, 0.000000, 3.199228
1.550000, 0.000000, 3.532926
1.600000, 0.000000, 3.662901
1.650000, 0.000000, 3.467985
1.700000, 0.000000, 2.952370
1.750000, 0.000000, 2.245500
1.800000, 0.000000, 1.554013
1.850000, 0.000000, 1.084042
1.900000, 0.000000, 0.963534
1.950000, 0.000000, 1.194227
2.000000, 0.000000, 1.651600
0.000000, 0.050000, 0.072807
0.050000, 0.050000, 0.764405
0.100000, 0.050000, 1.275255
0.150000, 0.050000, 1.478049
0.200000, 0.050000, 1.370422
0.250000, 0.050000, 1.075012
0.300000, 0.050000, 0.791561
0.350000, 0.050000, 0.719397
0.400000, 0.050000, 0.979911
0.450000, 0.050000, 1.568697
0.500000, 0.050000, 2.355663
0.550000, 0.050000, 3.133102
0.600000, 0.050000, 3.693423
0.650000, 0.050000, 3.906861
0.700000, 0.050000, 3.769556
0.750000, 0.050000, 3.403640
0.800000, 0.050000, 3.009361
0.850000, 0.050000, 2.787542
0.900000, 0.050000, 2.862030
0.950000, 0.050000, 3.231770
1.000000, 0.050000, 3.770835
1.050000, 0.050000, 4.276399
1.100000, 0.050000, 4.546336
1.150000, 0.050000, 4.456811
1.200000, 0.050000, 4.010199
1.250000, 0.050000, 3.335028
1.300000, 0.050000, 2.637940
1.350000, 0.050000, 2.125995
1.400000, 0.050000, 1.928968
1.450000, 0.050000, 2.051272
1.500000, 0.050000, 2.371858
1.550000, 0.050000, 2.692065
1.600000, 0.050000, 2.813120
1.650000, 0.050000, 2.613641
1.700000, 0.050000, 2.097501
1.750000, 0.050000, 1.393731
1.800000, 0.050000, 0.708469
1.850000, 0.050000, 0.247277
1.900000, 0.050000, 0.137474
1.950000, 0.050000, 0.380123
2.000000, 0.050000, 0.850006
0.000000, 0.100000, -0.087447
0.050000, 0.100000, 0.611169
0.100000, 0.100000, 1.127338
0.150000, 0.100000, 1.333157
0.200000, 0.100000, 1.225723
0.250000, 0.100000, 0.927207
0.300000, 0.100000, 0.636972
0.350000, 0.100000, 0.554058
0.400000, 0.100000, 0.799674
0.450000, 0.100000, 1.369339
0.500000, 0.100000, 2.132998
0.550000, 0.100000, 2.883091
0.600000, 0.100000, 3.412282
0.650000, 0.100000, 3.591165
0.700000, 0.100000, 3.416333
0.750000, 0.100000, 3.010455
0.800000, 0.100000, 2.574388
0.850000, 0.100000, 2.309623
0.900000, 0.100000, 2.340716
0.950000, 0.100000, 2.667347
1.000000, 0.100000, 3.164331
1.050000, 0.100000, 3.629575
1.100000, 0.100000, 3.861662
1.150000, 0.100000, 3.737417
1.200000, 0.100000, 3.259819
1.250000, 0.100000, 2.557927
1.300000, 0.100000, 1.838828
1.350000, 0.100000, 1.309930
1.400000, 0.100000, 1.101250
1.450000, 0.100000, 1.217338
1.500000, 0.100000, 1.537167
1.550000, 0.100000, 1.861984
1.600000, 0.100000, 1.992818
1.650000, 0.100000, 1.807981
1.700000, 0.100000, 1.310948
1.750000, 0.100000, 0.630260
1.800000, 0.100000, -0.028502
1.850000, 0.100000, -0.460397
1.900000, 0.100000, -0.538769
1.950000, 0.100000, -0.263248
2.000000, 0.100000, 0.240250
0.000000, 0.150000, -0.347681
0.050000, 0.150000, 0.356228
0.100000, 0.150000, 0.875423
0.150000, 0.150000, 1.081526
0.200000, 0.150000, 0.971234
0.250000, 0.150000, 0.666401
0.300000, 0.150000, 0.366165
0.350000, 0.150000, 0.269445
0.400000, 0.150000, 0.497437
0.450000, 0.150000, 1.045754
0.500000, 0.150000, 1.784543
0.550000, 0.150000, 2.506557
0.600000, 0.150000, 3.004870
0.650000, 0.150000, 3.150578
0.700000, 0.150000, 2.940859
0.750000, 0.150000, 2.499037
0.800000, 0.150000, 2.026676
0.850000, 0.150000, 1.726015
0.900000, 0.150000, 1.722379
0.950000, 0.150000, 2.016223
1.000000, 0.150000, 2.483122
1.050000, 0.150000, 2.921713
1.100000, 0.150000, 3.131262
1.150000, 0.150000, 2.989213
1.200000, 0.150000, 2.499087
1.250000, 0.150000, 1.790395
1.300000, 0.150000, 1.070574
1.350000, 0.150000, 0.547275
1.400000, 0.150000, 0.350643
1.450000, 0.150000, 0.485242
1.500000, 0.150000, 0.829935
1.550000, 0.150000, 1.185754
1.600000, 0.150000, 1.353396
1.650000, 0.150000, 1.210746
1.700000, 0.150000, 0.760756
1.750000, 0.150000, 0.131372
1.800000, 0.150000, -0.472490
1.850000, 0.150000, -0.846599
1.900000, 0.150000, -0.865042
1.950000, 0.150000, -0.528205
2.000000, 0.150000, 0.037242
0.000000, 0.200000, -0.674712
0.050000, 0.200000, 0.032135
0.100000, 0.200000, 0.551523
0.150000, 0.200000, 0.754769
0.200000, 0.200000, 0.638346
0.250000, 0.200000, 0.323980
0.300000, 0.200000, 0.010780
0.350000, 0.200000, -0.102264
0.400000, 0.200000, 0.106222
0.450000, 0.200000, 0.632135
0.500000, 0.200000, 1.346004
0.550000, 0.200000, 2.041061
0.600000, 0.200000, 2.510942
0.650000, 0.200000, 2.627381
0.700000, 0.200000, 2.388256
0.750000, 0.200000, 1.917634
0.800000, 0.200000, 1.417857
0.850000, 0.200000, 1.091953
0.900000, 0.200000, 1.066029
0.950000, 0.200000, 1.341302
1.000000, 0.200000, 1.794068
1.050000, 0.200000, 2.223626
1.100000, 0.200000, 2.429831
1.150000, 0.200000, 2.290629
1.200000, 0.200000, 1.809942
1.250000, 0.200000, 1.117572
1.300000, 0.200000, 0.421127
1.350000, 0.200000, -0.071694
1.400000, 0.200000, -0.230823
1.450000, 0.200000, -0.051904
1.500000, 0.200000, 0.343600
1.550000, 0.200000, 0.756273
1.600000, 0.200000, 0.986259
1.650000, 0.200000, 0.910790
1.700000, 0.200000, 0.532077
1.750000, 0.200000, -0.022741
1.800000, 0.200000, -0.549612
1.850000, 0.200000, -0.845204
1.900000, 0.200000, -0.784525
1.950000, 0.200000, -0.368879
2.000000, 0.200000, 0.274164
0.000000, 0.250000, -1.026914
0.050000, 0.250000, -0.320052
0.100000, 0.250000, 0.196231
0.150000, 0.250000, 0.393159
0.200000, 0.250000, 0.267204
0.250000, 0.250000, -0.059816
0.300000, 0.250000, -0.388603
0.350000, 0.250000, -0.519878
0.400000, 0.250000, -0.331884
0.450000, 0.250000, 0.171750
0.500000, 0.250000, 0.862108
0.550000, 0.250000, 1.533049
0.600000, 0.250000, 1.978899
0.650000, 0.250000, 2.072127
0.700000, 0.250000, 1.811373
0.750000, 0.250000, 1.321486
0.800000, 0.250000, 0.805579
0.850000, 0.250000, 0.467432
0.900000, 0.250000, 0.433862
0.950000, 0.250000, 0.706738
1.000000, 0.250000, 1.162932
1.050000, 0.250000, 1.602229
1.100000, 0.250000, 1.824862
1.150000, 0.250000, 1.709044
1.200000, 0.250000, 1.258832
1.250000, 0.250000, 0.604032
1.300000, 0.250000, -0.047880
1.350000, 0.250000, -0.489477
1.400000, 0.250000, -0.591101
1.450000, 0.250000, -0.348937
1.500000, 0.250000, 0.114888
1.550000, 0.250000, 0.600177
1.600000, 0.250000, 0.906191
1.650000, 0.250000, 0.909193
1.700000, 0.250000, 0.610358
1.750000, 0.250000, 0.135733
1.800000, 0.250000, -0.311753
1.850000, 0.250000, -0.529899
1.900000, 0.250000, -0.394839
1.950000, 0.250000, 0.091030
2.000000, 0.250000, 0.799091
0.000000, 0.300000, -1.358459
0.050000, 0.300000, -0.655004
0.100000, 0.300000, -0.145507
0.150000, 0.300000, 0.041421
0.200000, 0.300000, -0.097498
0.250000, 0.300000, -0.440106
0.300000, 0.300000, -0.786671
0.350000, 0.300000, -0.937405
0.400000, 0.300000, -0.769966
0.450000, 0.300000, -0.287335
0.500000, 0.300000, 0.382274
0.550000, 0.300000, 1.033456
0.600000, 0.300000, 1.461294
0.650000, 0.300000, 1.539019
0.700000, 0.300000, 1.266021
0.750000, 0.300000, 0.767862
0.800000, 0.300000, 0.248324
0.850000, 0.300000, -0.088219
0.900000, 0.300000, -0.114436
0.950000, 0.300000, 0.171953
1.000000, 0.300000, 0.648116
1.050000, 0.300000, 1.114005
1.100000, 0.300000, 1.369888
1.150000, 0.300000, 1.293865
1.200000, 0.300000, 0.889738
1.250000, 0.300000, 0.286905
1.300000, 0.300000, -0.307708
1.350000, 0.300000, -0.687367
1.400000, 0.300000, -0.723235
1.450000, 0.300000, -0.412440
1.500000, 0.300000, 0.121842
1.550000, 0.300000, 0.678279
1.600000, 0.300000, 1.054928
1.650000, 0.300000, 1.126797
1.700000, 0.300000, 0.893783
1.750000, 0.300000, 0.480652
1.800000, 0.300000, 0.089078
1.850000, 0.300000, -0.079953
1.900000, 0.300000, 0.096285
1.950000, 0.300000, 0.614346
2.000000, 0.300000, 1.344674
0.000000, 0.350000, -1.624024
0.050000, 0.350000, -0.927812
0.100000, 0.350000, -0.429065
0.150000, 0.350000, -0.255943
0.200000, 0.350000, -0.411186
0.250000, 0.350000, -0.772024
0.300000, 0.350000, -1.138049
0.350000, 0.350000, -1.308741
0.400000, 0.350000, -1.160991
0.450000, 0.350000, -0.696993
0.500000, 0.350000, -0.044169
0.550000, 0.350000, 0.592853
0.600000, 0.350000, 1.009898
0.650000, 0.350000, 1.080887
0.700000, 0.350000, 0.805827
0.750000, 0.350000, 0.310809
0.800000, 0.350000, -0.199962
0.850000, 0.350000, -0.521809
0.900000, 0.350000, -0.527231
0.950000, 0.350000, -0.213925
1.000000, 0.350000, 0.295156
1.050000, 0.350000, 0.799686
1.100000, 0.350000, 1.099499
1.150000, 0.350000, 1.072109
1.200000, 0.350000, 0.720583
1.250000, 0.350000, 0.173451
1.300000, 0.350000, -0.363360
1.350000, 0.350000, -0.684216
1.400000, 0.350000, -0.661477
1.450000, 0.350000, -0.293533
1.500000, 0.350000, 0.295134
1.550000, 0.350000, 0.901864
1.600000, 0.350000, 1.323395
1.650000, 0.350000, 1.433451
1.700000, 0.350000, 1.230708
1.750000, 0.350000, 0.838800
1.800000, 0.350000, 0.458384
1.850000, 0.350000, 0.289573
1.900000, 0.350000, 0.454384
1.950000, 0.350000, 0.948840
2.000000, 0.350000, 1.643062
0.000000, 0.400000, -1.783480
0.050000, 0.400000, -1.098664
0.100000, 0.400000, -0.614814
0.150000, 0.400000, -0.459316
0.200000, 0.400000, -0.634065
0.250000, 0.400000, -1.015395
0.300000, 0.400000, -1.401975
0.350000, 0.400000, -1.592356
0.400000, 0.400000, -1.462520
0.450000, 0.400000, -1.013789
0.500000, 0.400000, -0.372778
0.550000, 0.400000, 0.256605
0.600000, 0.400000, 0.670800
0.650000, 0.400000, 0.744221
0.700000, 0.400000, 0.477223
0.750000, 0.400000, -0.003903
0.800000, 0.400000, -0.494922
0.850000, 0.400000, -0.791291
0.900000, 0.400000, -0.765819
0.950000, 0.400000, -0.416680
1.000000, 0.400000, 0.132526
1.050000, 0.400000, 0.680671
1.100000, 0.400000, 1.026646
1.150000, 0.400000, 1.046897
1.200000, 0.400000, 0.743317
1.250000, 0.400000, 0.243182
1.300000, 0.400000, -0.248887
1.350000, 0.400000, -0.528592
1.400000, 0.400000, -0.469621
1.450000, 0.400000, -0.071654
1.500000, 0.400000, 0.539602
1.550000, 0.400000, 1.160361
1.600000, 0.400000, 1.586367
1.650000, 0.400000, 1.690506
1.700000, 0.400000, 1.470799
1.750000, 0.400000, 1.050434
1.800000, 0.400000, 0.629846
1.850000, 0.400000, 0.409165
1.900000, 0.400000, 0.510677
1.950000, 0.400000, 0.930932
2.000000, 0.400000, 1.540832
0.000000, 0.450000, -1.806099
0.050000, 0.450000, -1.137046
0.100000, 0.450000, -0.672317
0.150000, 0.450000, -0.538168
0.200000, 0.450000, -0.735321
0.250000, 0.450000, -1.138930
0.300000, 0.450000, -1.546513
0.350000, 0.450000, -1.755527
0.400000, 0.450000, -1.640958
0.450000, 0.450000, -1.203254
0.500000, 0.450000, -0.568310
0.550000, 0.450000, 0.060515
0.600000, 0.450000, 0.480017
0.650000, 0.450000, 0.564757
0.700000, 0.450000, 0.315028
0.750000, 0.450000, -0.143159
0.800000, 0.450000, -0.606059
0.850000, 0.450000, -0.869824
0.900000, 0.450000, -0.808141
0.950000, 0.450000, -0.420230
1.000000, 0.450000, 0.169123
1.050000, 0.450000, 0.757498
1.100000, 0.450000, 1.142412
1.150000, 0.450000, 1.198899
1.200000, 0.450000, 0.927442
1.250000, 0.450000, 0.453941
1.300000, 0.450000, -0.018278
1.350000, 0.450000, -0.286093
1.400000, 0.450000, -0.224217
1.450000, 0.450000, 0.166834
1.500000, 0.450000, 0.760736
1.550000, 0.450000, 1.353333
1.600000, 0.450000, 1.740260
1.650000, 0.450000, 1.794576
1.700000, 0.450000, 1.514759
1.750000, 0.450000, 1.024745
1.800000, 0.450000, 0.525995
1.850000, 0.450000, 0.219939
1.900000, 0.450000, 0.230405
1.950000, 0.450000, 0.555711
2.000000, 0.450000, 1.068710
0.000000, 0.500000, -1.673875
0.050000, 0.500000, -1.025059
0.100000, 0.500000, -0.583637
0.150000, 0.500000, -0.474357
0.200000, 0.500000, -0.696430
0.250000, 0.500000, -1.123550
0.300000, 0.500000, -1.551881
0.350000, 0.500000, -1.777681
0.400000, 0.500000, -1.674925
0.450000, 0.500000, -1.243288
0.500000, 0.500000, -0.608146
0.550000, 0.500000, 0.027378
0.600000, 0.500000, 0.460030
0.650000, 0.500000, 0.564033
0.700000, 0.500000, 0.339061
0.750000, 0.500000, -0.089755
0.800000, 0.500000, -0.519782
0.850000, 0.500000, -0.748481
0.900000, 0.500000, -0.651002
0.950000, 0.500000, -0.228134
1.000000, 0.500000, 0.393715
1.050000, 0.500000, 1.010507
1.100000, 0.500000, 1.418201
1.150000, 0.500000, 1.490392
1.200000, 0.500000, 1.226290
1.250000, 0.500000, 0.750745
1.300000, 0.500000, 0.266295
1.350000, 0.500000, -0.024426
1.400000, 0.500000, 0.003713
1.450000, 0.500000, 0.350385
1.500000, 0.500000, 0.889815
1.550000, 0.500000, 1.418746
1.600000, 0.500000, 1.734058
1.650000, 0.500000, 1.710373
1.700000, 0.500000, 1.348018
1.750000, 0.500000, 0.773016
1.800000, 0.500000, 0.189109
1.850000, 0.500000, -0.199865
1.900000, 0.500000, -0.267601
1.950000, 0.500000, -0.013312
2.000000, 0.500000, 0.438258
0.000000, 0.550000, -1.383604
0.050000, 0.550000, -0.759493
0.100000, 0.550000, -0.345417
0.150000, 0.550000, -0.264216
0.200000, 0.550000, -0.513246
0.250000, 0.550000, -0.964482
0.300000, 0.550000, -1.412573
0.350000, 0.550000, -1.652533
0.400000, 0.550000, -1.557416
0.450000, 0.550000, -1.126336
0.500000, 0.550000, -0.484496
0.550000, 0.550000, 0.164767
0.600000, 0.550000, 0.617594
0.650000, 0.550000, 0.747246
0.700000, 0.550000, 0.552110
0.750000, 0.550000, 0.155761
0.800000, 0.550000, -0.240932
0.850000, 0.550000, -0.437324
0.900000, 0.550000, -0.310518
0.950000, 0.550000, 0.136779
1.000000, 0.550000, 0.776353
1.050000, 0.550000, 1.402554
1.100000, 0.550000, 1.810004
1.150000, 0.550000, 1.871292
1.200000, 0.550000, 1.585023
1.250000, 0.550000, 1.075873
1.300000, 0.550000, 0.546672
1.350000, 0.550000, 0.200816
1.400000, 0.550000, 0.164663
1.450000, 0.550000, 0.439554
1.500000, 0.550000, 0.901776
1.550000, 0.550000, 1.350477
1.600000, 0.550000, 1.585204
1.650000, 0.550000, 1.483427
1.700000, 0.550000, 1.048405
1.750000, 0.550000, 0.409079
1.800000, 0.550000, -0.228011
1.850000, 0.550000, -0.656456
1.900000, 0.550000, -0.747702
1.950000, 0.550000, -0.499128
2.000000, 0.550000, -0.034149
0.000000, 0.600000, -0.947534
0.050000, 0.600000, -0.352479
0.100000, 0.600000, 0.030467
0.150000, 0.600000, 0.080790
0.200000, 0.600000, -0.196672
0.250000, 0.600000, -0.671939
0.300000, 0.600000, -1.138042
0.350000, 0.600000, -1.388794
0.400000, 0.600000, -1.296527
0.450000, 0.600000, -0.860141
0.500000, 0.600000, -0.205150
0.550000, 0.600000, 0.464288
0.600000, 0.600000, 0.943027
0.650000, 0.600000, 1.102632
0.700000, 0.600000, 0.939472
0.750000, 0.600000, 0.574883
0.800000, 0.600000, 0.207382
0.850000, 0.600000, 0.035272
0.900000, 0.600000, 0.179245
0.950000, 0.600000, 0.634637
1.000000, 0.600000, 1.271641
1.050000, 0.600000, 1.883475
1.100000, 0.600000, 2.264164
1.150000, 0.600000, 2.286299
1.200000, 0.600000, 1.949106
1.250000, 0.600000, 1.378514
1.300000, 0.600000, 0.779205
1.350000, 0.600000, 0.356978
1.400000, 0.600000, 0.241065
1.450000, 0.600000, 0.436043
1.500000, 0.600000, 0.821681
1.550000, 0.600000, 1.200707
1.600000, 0.600000, 1.376204
1.650000, 0.600000, 1.228975
1.700000, 0.600000, 0.765260
1.750000, 0.600000, 0.116484
1.800000, 0.600000, -0.508956
1.850000, 0.600000, -0.903527
1.900000, 0.600000, -0.938370
1.950000, 0.600000, -0.611431
2.000000, 0.600000, -0.047580
0.000000, 0.650000, -0.392492
0.050000, 0.650000, 0.169380
0.100000, 0.650000, 0.517771
0.150000, 0.650000, 0.534919
0.200000, 0.650000, 0.228187
0.250000, 0.650000, -0.270291
0.300000, 0.650000, -0.751897
0.350000, 0.650000, -1.009385
0.400000, 0.650000, -0.914686
0.450000, 0.650000, -0.466981
0.500000, 0.650000, 0.207273
0.550000, 0.650000, 0.902360
0.600000, 0.650000, 1.411052
0.650000, 0.650000, 1.602429
0.700000, 0.650000, 1.470115
0.750000, 0.650000, 1.132605
0.800000, 0.650000, 0.785651
0.850000, 0.650000, 0.625041
0.900000, 0.650000, 0.769364
0.950000, 0.650000, 1.212409
1.000000, 0.650000, 1.823507
1.050000, 0.650000, 2.395777
1.100000, 0.650000, 2.723962
1.150000, 0.650000, 2.682197
1.200000, 0.650000, 2.272038
1.250000, 0.650000, 1.622452
1.300000, 0.650000, 0.941748
1.350000, 0.650000, 0.439784
1.400000, 0.650000, 0.250096
1.450000, 0.650000, 0.381608
1.500000, 0.650000, 0.718253
1.550000, 0.650000, 1.066529
1.600000, 0.650000, 1.232676
1.650000, 0.650000, 1.099855
1.700000, 0.650000, 0.675702
1.750000, 0.650000, 0.091955
1.800000, 0.650000, -0.443841
1.850000, 0.650000, -0.726191
1.900000, 0.650000, -0.629431
1.950000, 0.650000, -0.155778
2.000000, 0.650000, 0.564686
0.000000, 0.700000, 0.242412
0.050000, 0.700000, 0.767304
0.100000, 0.700000, 1.078167
0.150000, 0.700000, 1.060429
0.200000, 0.700000, 0.724291
0.250000, 0.700000, 0.204184
0.300000, 0.700000, -0.289666
0.350000, 0.700000, -0.549216
0.400000, 0.700000, -0.446455
0.450000, 0.700000, 0.018520
0.500000, 0.700000, 0.717530
0.550000, 0.700000, 1.442453
0.600000, 0.700000, 1.983122
0.650000, 0.700000, 2.205345
0.700000, 0.700000, 2.099366
0.750000, 0.700000, 1.780428
0.800000, 0.700000, 1.441400
0.850000, 0.700000, 1.275769
0.900000, 0.700000, 1.400603
0.950000, 0.700000, 1.809099
1.000000, 0.700000, 2.371018
1.050000, 0.700000, 2.880971
1.100000, 0.700000, 3.136229
1.150000, 0.700000, 3.014392
1.200000, 0.700000, 2.521274
1.250000, 0.700000, 1.790673
1.300000, 0.700000, 1.036057
1.350000, 0.700000, 0.472476
1.400000, 0.700000, 0.238396
1.450000, 0.700000, 0.347094
1.500000, 0.700000, 0.686001
1.550000, 0.700000, 1.063998
1.600000, 0.700000, 1.288392
1.650000, 0.700000, 1.241946
1.700000, 0.700000, 0.930370
1.750000, 0.700000, 0.481951
1.800000, 0.700000, 0.099357
1.850000, 0.700000, -0.018053
1.900000, 0.700000, 0.248243
1.950000, 0.700000, 0.888191
2.000000, 0.700000, 1.763544
0.000000, 0.750000, 0.909314
0.050000, 0.750000, 1.393852
0.100000, 0.750000, 1.664753
0.150000, 0.750000, 1.611070
0.200000, 0.750000, 1.246133
0.250000, 0.750000, 0.706760
0.300000, 0.750000, 0.204639
0.350000, 0.750000, -0.051770
0.400000, 0.750000, 0.064883
0.450000, 0.750000, 0.552796
0.500000, 0.750000, 1.281178
0.550000, 0.750000, 2.038567
0.600000, 0.750000, 2.610995
0.650000, 0.750000, 2.860297
0.700000, 0.750000, 2.772892
0.750000, 0.750000, 2.460660
0.800000, 0.750000, 2.113873
0.850000, 0.750000, 1.924430
0.900000, 0.750000, 2.009013
0.950000, 0.750000, 2.361746
1.000000, 0.750000, 2.854648
1.050000, 0.750000, 3.285850
1.100000, 0.750000, 3.457239
1.150000, 0.750000, 3.251881
1.200000, 0.750000, 2.681577
1.250000, 0.750000, 1.886271
1.300000, 0.750000, 1.085316
1.350000, 0.750000, 0.498983
1.400000, 0.750000, 0.269898
1.450000, 0.750000, 0.414096
1.500000, 0.750000, 0.820086
1.550000, 0.750000, 1.295964
1.600000, 0.750000, 1.646311
1.650000, 0.750000, 1.749268
1.700000, 0.750000, 1.604180
1.750000, 0.750000, 1.331502
1.800000, 0.750000, 1.124981
1.850000, 0.750000, 1.174429
1.900000, 0.750000, 1.588714
1.950000, 0.750000, 2.348577
2.000000, 0.750000, 3.307575
0.000000, 0.800000, 1.555993
0.050000, 0.800000, 1.997311
0.100000, 0.800000, 2.226424
0.150000, 0.800000, 2.136446
0.200000, 0.800000, 1.744094
0.250000, 0.800000, 1.188592
0.300000, 0.800000, 0.682838
0.350000, 0.800000, 0.435197
0.400000, 0.800000, 0.571602
0.450000, 0.800000, 1.087633
0.500000, 0.800000, 1.848888
0.550000, 0.800000, 2.639612
0.600000, 0.800000, 3.241232
0.650000, 0.800000, 3.511082
0.700000, 0.800000, 3.431601
0.750000, 0.800000, 3.111610
0.800000, 0.800000, 2.739566
0.850000, 0.800000, 2.507052
0.900000, 0.800000, 2.532064
0.950000, 0.800000, 2.811679
1.000000, 0.800000, 3.222392
1.050000, 0.800000, 3.568076
1.100000, 0.800000, 3.657267
1.150000, 0.800000, 3.380129
1.200000, 0.800000, 2.755495
1.250000, 0.800000, 1.929725
1.300000, 0.800000, 1.127448
1.350000, 0.800000, 0.572590
1.400000, 0.800000, 0.409420
1.450000, 0.800000, 0.653342
1.500000, 0.800000, 1.189838
1.550000, 0.800000, 1.821623
1.600000, 0.800000, 2.345760
1.650000, 0.800000, 2.631101
1.700000, 0.800000, 2.666447
1.750000, 0.800000, 2.561080
1.800000, 0.800000, 2.497651
1.850000, 0.800000, 2.655684
1.900000, 0.800000, 3.135287
1.950000, 0.800000, 3.910622
2.000000, 0.800000, 4.831382
0.000000, 0.850000, 2.130729
0.050000, 0.850000, 2.526543
0.100000, 0.850000, 2.712710
0.150000, 0.850000, 2.586836
0.200000, 0.850000, 2.169240
0.250000, 0.850000, 1.601495
0.300000, 0.850000, 1.097346
0.350000, 0.850000, 0.864401
0.400000, 0.850000, 1.026284
0.450000, 0.850000, 1.574920
0.500000, 0.850000, 2.371241
0.550000, 0.850000, 3.194271
0.600000, 0.850000, 3.820174
0.650000, 0.850000, 4.101523
0.700000, 0.850000, 4.017021
0.750000, 0.850000, 3.673218
0.800000, 0.850000, 3.258103
0.850000, 0.850000, 2.964774
0.900000, 0.850000, 2.914739
0.950000, 0.850000, 3.110412
1.000000, 0.850000, 3.435106
1.050000, 0.850000, 3.700505
1.100000, 0.850000, 3.723328
1.150000, 0.850000, 3.401609
1.200000, 0.850000, 2.761043
1.250000, 0.850000, 1.953174
1.300000, 0.850000, 1.205578
1.350000, 0.850000, 0.742472
1.400000, 0.850000, 0.705530
1.450000, 0.850000, 1.104670
1.500000, 0.850000, 1.817212
1.550000, 0.850000, 2.635481
1.600000, 0.850000, 3.344554
1.650000, 0.850000, 3.800513
1.700000, 0.850000, 3.979504
1.750000, 0.850000, 3.979222
1.800000, 0.850000, 3.972707
1.850000, 0.850000, 4.132671
1.900000, 0.850000, 4.555852
1.950000, 0.850000, 5.216911
2.000000, 0.850000, 5.970071
0.000000, 0.900000, 2.587156
0.050000, 0.900000, 2.935820
0.100000, 0.900000, 3.078592
0.150000, 0.900000, 2.917990
0.200000, 0.900000, 2.478106
0.250000, 0.900000, 1.902715
0.300000, 0.900000, 1.405920
0.350000, 0.900000, 1.193768
0.400000, 0.900000, 1.386546
0.450000, 0.900000, 1.971392
0.500000, 0.900000, 2.803509
0.550000, 0.900000, 3.655867
0.600000, 0.900000, 4.298936
0.650000, 0.900000, 4.580635
0.700000, 0.900000, 4.476645
0.750000, 0.900000, 4.092591
0.800000, 0.900000, 3.617905
0.850000, 0.900000, 3.249528
0.900000, 0.900000, 3.115019
0.950000, 0.900000, 3.224609
1.000000, 0.900000, 3.470557
1.050000, 0.900000, 3.673829
1.100000, 0.900000, 3.659884
1.150000, 0.900000, 3.334066
1.200000, 0.900000, 2.727141
1.250000, 0.900000, 1.992828
1.300000, 0.900000, 1.357541
1.350000, 0.900000, 1.040841
1.400000, 0.900000, 1.176394
1.450000, 0.900000, 1.763200
1.500000, 0.900000, 2.665484
1.550000, 0.900000, 3.661259
1.600000, 0.900000, 4.521205
1.650000, 0.900000, 5.088106
1.700000, 0.900000, 5.327086
1.750000, 0.900000, 5.328132
1.800000, 0.900000, 5.260707
1.850000, 0.900000, 5.298592
1.900000, 0.900000, 5.544398
1.950000, 0.900000, 5.983233
2.000000, 0.900000, 6.483724
0.000000, 0.950000, 2.888620
0.050000, 0.950000, 3.189171
0.100000, 0.950000, 3.288835
0.150000, 0.950000, 3.095445
0.200000, 0.950000, 2.636991
0.250000, 0.950000, 2.059203
0.300000, 0.950000, 1.575920
0.350000, 0.950000, 1.390686
0.400000, 0.950000, 1.619296
0.450000, 0.950000, 2.242915
0.500000, 0.950000, 3.109988
0.550000, 0.950000, 3.986775
0.600000, 0.950000, 4.637939
0.650000, 0.950000, 4.907292
0.700000, 0.950000, 4.768752
0.750000, 0.950000, 4.328936
0.800000, 0.950000, 3.781132
0.850000, 0.950000, 3.328813
0.900000, 0.950000, 3.108220
0.950000, 0.950000, 3.139642
1.000000, 0.950000, 3.325771
1.050000, 0.950000, 3.497283
1.100000, 0.950000, 3.487519
1.150000, 0.950000, 3.206890
1.200000, 0.950000, 2.687641
1.250000, 0.950000, 2.080929
1.300000, 0.950000, 1.606486
1.350000, 0.950000, 1.473395
1.400000, 0.950000, 1.801768
1.450000, 0.950000, 2.575047
1.500000, 0.950000, 3.641215
1.550000, 0.950000, 4.762837
1.600000, 0.950000, 5.697417
1.650000, 0.950000, 6.278195
1.700000, 0.950000, 6.465467
1.750000, 0.950000, 6.349810
1.800000, 0.950000, 6.106950
1.850000, 0.950000, 5.922326
1.900000, 0.950000, 5.914832
1.950000, 0.950000, 6.089251
2.000000, 0.950000, 6.335685
0.000000, 1.000000, 3.011644
0.050000, 1.000000, 3.263829
0.100000, 1.000000, 3.321411
0.150000, 1.000000, 3.097936
0.200000, 1.000000, 2.625349
0.250000, 1.000000, 2.050989
0.300000, 1.000000, 1.587674
0.350000, 1.000000, 1.435359
0.400000, 1.000000, 1.704093
0.450000, 1.000000, 2.367860
0.500000, 1.000000, 3.267429
0.550000, 1.000000, 4.161941
0.600000, 1.000000, 4.810535
0.650000, 1.000000, 5.053981
0.700000, 1.000000, 4.866263
0.750000, 1.000000, 4.357429
0.800000, 1.000000, 3.727436
0.850000, 1.000000, 3.189099
0.900000, 1.000000, 2.889760
0.950000, 1.000000, 2.861363
1.000000, 1.000000, 3.017453
1.050000, 1.000000, 3.197392
1.100000, 1.000000, 3.239830
1.150000, 1.000000, 3.056195
1.200000, 1.000000, 2.674959
1.250000, 1.000000, 2.238723
1.300000, 1.000000, 1.954412
1.350000, 1.000000, 2.015082
1.400000, 1.000000, 2.523048
1.450000, 1.000000, 3.443913
1.500000, 1.000000, 4.609624
1.550000, 1.000000, 5.770277
1.600000, 1.000000, 6.675968
1.650000, 1.000000, 7.158647
1.700000, 1.000000, 7.183914
1.750000, 1.000000, 6.854084
1.800000, 1.000000, 6.362214
1.850000, 1.000000, 5.915229
1.900000, 1.000000, 5.655729
1.950000, 1.000000, 5.612188
2.000000, 1.000000, 5.696032
0.000000, 1.050000, 2.948147
0.050000, 1.050000, 3.152427
0.100000, 1.050000, 3.169691
0.150000, 1.050000, 2.919563
0.200000, 1.050000, 2.437942
0.250000, 1.050000, 1.873321
0.300000, 1.050000, 1.436599
0.350000, 1.050000, 1.322925
0.400000, 1.050000, 1.635274
0.450000, 1.050000, 2.339270
0.500000, 1.050000, 3.267257
0.550000, 1.050000, 4.171178
0.600000, 1.050000, 4.805405
0.650000, 1.050000, 5.009287
0.700000, 1.050000, 4.759251
0.750000, 1.050000, 4.171667
0.800000, 1.050000, 3.456155
0.850000, 1.050000, 2.837534
0.900000, 1.050000, 2.476068
0.950000, 1.050000, 2.415911
1.000000, 1.050000, 2.580428
1.050000, 1.050000, 2.814918
1.100000, 1.050000, 2.958964
1.150000, 1.050000, 2.919346
1.200000, 1.050000, 2.714371
1.250000, 1.050000, 2.471705
1.300000, 1.050000, 2.379934
1.350000, 1.050000, 2.612242
1.400000, 1.050000, 3.251712
1.450000, 1.050000, 4.247597
1.500000, 1.050000, 5.420419
1.550000, 1.050000, 6.515376
1.600000, 1.050000, 7.285140
1.650000, 1.050000, 7.571862
1.700000, 1.050000, 7.358268
1.750000, 1.050000, 6.769199
1.800000, 1.050000, 6.023439
1.850000, 1.050000, 5.354179
1.900000, 1.050000, 4.927967
1.950000, 1.050000, 4.792188
2.000000, 1.050000, 4.869859
0.000000, 1.100000, 2.706211
0.050000, 1.100000, 2.863757
0.100000, 1.100000, 2.843169
0.150000, 1.100000, 2.570504
0.200000, 1.100000, 2.085539
0.250000, 1.100000, 1.537347
0.300000, 1.100000, 1.133874
0.350000, 1.100000, 1.064130
0.400000, 1.100000, 1.422641
0.450000, 1.100000, 2.165576
0.500000, 1.100000, 3.116344
0.550000, 1.100000, 4.020020
0.600000, 1.100000, 4.627486
0.650000, 1.100000, 4.778865
0.700000, 1.100000, 4.455902
0.750000, 1.100000, 3.784448
0.800000, 1.100000, 2.986739
0.850000, 1.100000, 2.301749
0.900000, 1.100000, 1.903515
0.950000, 1.100000, 1.847539
1.000000, 1.100000, 2.064258
1.050000, 1.100000, 2.400356
1.100000, 1.100000, 2.690376
1.150000, 1.100000, 2.829708
1.200000, 1.100000, 2.819856
1.250000, 1.100000, 2.767984
1.300000, 1.100000, 2.840801
1.350000, 1.100000, 3.190906
1.400000, 1.100000, 3.884762
1.450000, 1.100000, 4.861308
1.500000, 1.100000, 5.938758
1.550000, 1.100000, 6.868786
1.600000, 1.100000, 7.419062
1.650000, 1.100000, 7.453919
1.700000, 1.100000, 6.983147
1.750000, 1.100000, 6.160514
1.800000, 1.100000, 5.232190
1.850000, 1.100000, 4.453833
1.900000, 1.100000, 4.006612
1.950000, 1.100000, 3.942566
2.000000, 1.100000, 4.178421
0.000000, 1.150000, 2.309312
0.050000, 1.150000, 2.421976
0.100000, 1.150000, 2.366669
0.150000, 1.150000, 2.076199
0.200000, 1.150000, 1.594081
0.250000, 1.150000, 1.069272
0.300000, 1.150000, 0.705596
0.350000, 1.150000, 0.684484
0.400000, 1.150000, 1.090636
0.450000, 1.150000, 1.869807
0.500000, 1.150000, 2.836279
0.550000, 1.150000, 3.729052
0.600000, 1.150000, 4.297365
0.650000, 1.150000, 4.384844
0.700000, 1.150000, 3.981809
0.750000, 1.150000, 3.226834
0.800000, 1.150000, 2.357345
0.850000, 1.150000, 1.627774
0.900000, 1.150000, 1.225442
0.950000, 1.150000, 1.214654
1.000000, 1.150000, 1.528368
1.050000, 1.150000, 2.008482
1.100000, 1.150000, 2.477452
1.150000, 1.150000, 2.812339
1.200000, 1.150000, 2.992127
1.250000, 1.150000, 3.100078
1.300000, 1.150000, 3.280825
1.350000, 1.150000, 3.669882
1.400000, 1.150000, 4.324310
1.450000, 1.150000, 5.183123
1.500000, 1.150000, 6.074696
1.550000, 1.150000, 6.770206
1.600000, 1.150000, 7.064123
1.650000, 1.150000, 6.851715
1.700000, 1.150000, 6.173964
1.750000, 1.150000, 5.211964
1.800000, 1.150000, 4.231546
1.850000, 1.150000, 3.497390
1.900000, 1.150000, 3.187368
1.950000, 1.150000, 3.337789
2.000000, 1.150000, 3.838747
0.000000, 1.200000, 1.794104
0.050000, 1.200000, 1.864377
0.100000, 1.200000, 1.778084
0.150000, 1.200000, 1.475087
0.200000, 1.200000, 1.002408
0.250000, 1.200000, 0.508074
0.300000, 1.200000, 0.190482
0.350000, 1.200000, 0.221971
0.400000, 1.200000, 0.676070
0.450000, 1.200000, 1.487363
0.500000, 1.200000, 2.461190
0.550000, 1.200000, 3.331796
0.600000, 1.200000, 3.849185
0.650000, 1.200000, 3.863698
0.700000, 1.200000, 3.377704
0.750000, 1.200000, 2.545544
0.800000, 1.200000, 1.621724
0.850000, 1.200000, 0.876221
0.900000, 1.200000, 0.507530
0.950000, 1.200000, 0.584418
1.000000, 1.200000, 1.036144
1.050000, 1.200000, 1.692520
1.100000, 1.200000, 2.356614
1.150000, 1.200000, 2.881140
1.200000, 1.200000, 3.219076
1.250000, 1.200000, 3.429818
1.300000, 1.200000, 3.640025
1.350000, 1.200000, 3.976243
1.400000, 1.200000, 4.497537
1.450000, 1.200000, 5.156341
1.500000, 1.200000, 5.804629
1.550000, 1.200000, 6.244548
1.600000, 1.200000, 6.304829
1.650000, 1.200000, 5.913522
1.700000, 1.200000, 5.138081
1.750000, 1.200000, 4.175624
1.800000, 1.200000, 3.294712
1.850000, 1.200000, 2.748435
1.900000, 1.200000, 2.689755
1.950000, 1.200000, 3.119730
2.000000, 1.200000, 3.887492
0.000000, 1.250000, 1.206953
0.050000, 1.250000, 1.237909
0.100000, 1.250000, 1.124895
0.150000, 1.250000, 0.815097
0.200000, 1.250000, 0.358740
0.250000, 1.250000, -0.098023
0.300000, 1.250000, -0.363648
0.350000, 1.250000, -0.276459
0.400000, 1.250000, 0.224638
0.450000, 1.250000, 1.062565
0.500000, 1.250000, 2.034347
0.550000, 1.250000, 2.871350
0.600000, 1.250000, 3.327296
0.650000, 1.250000, 3.262815
0.700000, 1.250000, 2.695806
0.750000, 1.250000, 1.798941
0.800000, 1.250000, 0.844657
0.850000, 1.250000, 0.117055
0.900000, 1.250000, -0.178081
0.950000, 1.250000, 0.026409
1.000000, 1.250000, 0.648611
1.050000, 1.250000, 1.498557
1.100000, 1.250000, 2.353444
1.150000, 1.250000, 3.037794
1.200000, 1.250000, 3.478521
1.250000, 1.250000, 3.715524
1.300000, 1.250000, 3.866202
1.350000, 1.250000, 4.060327
1.400000, 1.250000, 4.373031
1.450000, 1.250000, 4.783958
1.500000, 1.250000, 5.179828
1.550000, 1.250000, 5.400038
1.600000, 1.250000, 5.307350
1.650000, 1.250000, 4.855083
1.700000, 1.250000, 4.122768
1.750000, 1.250000, 3.303819
1.800000, 1.250000, 2.647101
1.850000, 1.250000, 2.372325
1.900000, 1.250000, 2.589960
1.950000, 1.250000, 3.255709
2.000000, 1.250000, 4.177470
0.000000, 1.300000, 0.599578
0.050000, 1.300000, 0.594798
0.100000, 1.300000, 0.459773
0.150000, 1.300000, 0.149253
0.200000, 1.300000, -0.283728
0.250000, 1.300000, -0.695959
0.300000, 1.300000, -0.904285
0.350000, 1.300000, -0.759292
0.400000, 1.300000, -0.213455
0.450000, 1.300000, 0.644324
0.500000, 1.300000, 1.603874
0.550000, 1.300000, 2.396125
0.600000, 1.300000, 2.781964
0.650000, 1.300000, 2.636087
0.700000, 1.300000, 1.995167
0.750000, 1.300000, 1.051962
0.800000, 1.300000, 0.096357
0.850000, 1.300000, -0.576564
0.900000, 1.300000, -0.759391
0.950000, 1.300000, -0.394058
1.000000, 1.300000, 0.418277
1.050000, 1.300000, 1.460763
1.100000, 1.300000, 2.480238
1.150000, 1.300000, 3.272518
1.200000, 1.300000, 3.742704
1.250000, 1.300000, 3.920179
1.300000, 1.300000, 3.925830
1.350000, 1.300000, 3.907343
1.400000, 1.300000, 3.970105
1.450000, 1.300000, 4.131972
1.500000, 1.300000, 4.319792
1.550000, 1.300000, 4.408266
1.600000, 1.300000, 4.284331
1.650000, 1.300000, 3.909619
1.700000, 1.300000, 3.353833
1.750000, 1.300000, 2.783134
1.800000, 1.300000, 2.405451
1.850000, 1.300000, 2.392136
1.900000, 1.300000, 2.805742
1.950000, 1.300000, 3.562664
2.000000, 1.300000, 4.447224
0.000000, 1.350000, 0.024202
0.050000, 1.350000, -0.012312
0.100000, 1.350000, -0.164290
0.150000, 1.350000, -0.469211
0.200000, 1.350000, -0.871713
0.250000, 1.350000, -1.232721
0.300000, 1.350000, -1.379109
0.350000, 1.350000, -1.175314
0.400000, 1.350000, -0.588325
0.450000, 1.350000, 0.281343
0.500000, 1.350000, 1.217988
0.550000, 1.350000, 1.955104
0.600000, 1.350000, 2.264572
0.650000, 1.350000, 2.038958
0.700000, 1.350000, 1.336421
0.750000, 1.350000, 0.370464
0.800000, 1.350000, -0.553666
0.850000, 1.350000, -1.134836
0.900000, 1.350000, -1.171256
0.950000, 1.350000, -0.622314
1.000000, 1.350000, 0.383782
1.050000, 1.350000, 1.597906
1.100000, 1.350000, 2.735178
1.150000, 1.350000, 3.566410
1.200000, 1.350000, 3.983757
1.250000, 1.350000, 4.019139
1.300000, 1.350000, 3.812178
1.350000, 1.350000, 3.543178
1.400000, 1.350000, 3.358932
1.450000, 1.350000, 3.320402
1.500000, 1.350000, 3.391397
1.550000, 1.350000, 3.470243
1.600000, 1.350000, 3.449052
1.650000, 1.350000, 3.274178
1.700000, 1.350000, 2.981276
1.750000, 1.350000, 2.688931
1.800000, 1.350000, 2.551985
1.850000, 1.350000, 2.692651
1.900000, 1.350000, 3.137522
1.950000, 1.350000, 3.787497
2.000000, 1.350000, 4.435800
0.000000, 1.400000, -0.471312
0.050000, 1.400000, -0.535225
0.100000, 1.400000, -0.698856
0.150000, 1.400000, -0.991728
0.200000, 1.400000, -1.356729
0.250000, 1.400000, -1.660231
0.300000, 1.400000, -1.740863
0.350000, 1.400000, -1.478461
0.400000, 1.400000, -0.855240
0.450000, 1.400000, 0.017333
0.500000, 1.400000, 0.920241
0.550000, 1.400000, 1.593064
0.600000, 1.400000, 1.822773
0.650000, 1.400000, 1.523384
0.700000, 1.400000, 0.776454
0.750000, 1.400000, -0.184507
0.800000, 1.400000, -1.042722
0.850000, 1.400000, -1.497663
0.900000, 1.400000, -1.361589
0.950000, 1.400000, -0.619826
1.000000, 1.400000, 0.565862
1.050000, 1.400000, 1.911491
1.100000, 1.400000, 3.103148
1.150000, 1.400000, 3.894951
1.200000, 1.400000, 4.179165
1.250000, 1.400000, 4.005957
1.300000, 1.400000, 3.549053
1.350000, 1.400000, 3.033045
1.400000, 1.400000, 2.651060
1.450000, 1.400000, 2.503366
1.500000, 1.400000, 2.577798
1.550000, 1.400000, 2.775746
1.600000, 1.400000, 2.969570
1.650000, 1.400000, 3.065653
1.700000, 1.400000, 3.046232
1.750000, 1.400000, 2.972830
1.800000, 1.400000, 2.950662
1.850000, 1.400000, 3.069962
1.900000, 1.400000, 3.350259
1.950000, 1.400000, 3.713092
2.000000, 1.400000, 3.997512
0.000000, 1.450000, -0.847855
0.050000, 1.450000, -0.934611
0.100000, 1.450000, -1.104458
0.150000, 1.450000, -1.378820
0.200000, 1.450000, -1.699500
0.250000, 1.450000, -1.939757
0.300000, 1.450000, -1.951758
0.350000, 1.450000, -1.632207
0.400000, 1.450000, -0.978963
0.450000, 1.450000, -0.113306
0.500000, 1.450000, 0.745223
0.550000, 1.450000, 1.346265
0.600000, 1.450000, 1.496061
0.650000, 1.450000, 1.133206
0.700000, 1.450000, 0.363462
0.750000, 1.450000, -0.561999
0.800000, 1.450000, -1.320490
0.850000, 1.450000, -1.620213
0.900000, 1.450000, -1.296473
0.950000, 1.450000, -0.368238
1.000000, 1.450000, 0.965037
1.050000, 1.450000, 2.385685
1.100000, 1.450000, 3.558004
1.150000, 1.450000, 4.232075
1.200000, 1.450000, 4.316279
1.250000, 1.450000, 3.895193
1.300000, 1.450000, 3.189230
1.350000, 1.450000, 2.472826
1.400000, 1.450000, 1.981676
1.450000, 1.450000, 1.841784
1.500000, 1.450000, 2.043340
1.550000, 1.450000, 2.464764
1.600000, 1.450000, 2.933484
1.650000, 1.450000, 3.297237
1.700000, 1.450000, 3.477548
1.750000, 1.450000, 3.485914
1.800000, 1.450000, 3.399426
1.850000, 1.450000, 3.309292
1.900000, 1.450000, 3.266595
1.950000, 1.450000, 3.250141
2.000000, 1.450000, 3.171467
0.000000, 1.500000, -1.078598
0.050000, 1.500000, -1.183524
0.100000, 1.500000, -1.354129
0.150000, 1.500000, -1.603625
0.200000, 1.500000, -1.873495
0.250000, 1.500000, -2.045431
0.300000, 1.500000, -1.986974
0.350000, 1.500000, -1.613038
0.400000, 1.500000, -0.937206
0.450000, 1.500000, -0.088902
0.500000, 1.500000, 0.715154
0.550000, 1.500000, 1.238989
0.600000, 1.500000, 1.312200
0.650000, 1.500000, 0.900352
0.700000, 1.500000, 0.132871
0.750000, 1.500000, -0.725508
0.800000, 1.500000, -1.353494
0.850000, 1.500000, -1.477170
0.900000, 1.500000, -0.963688
0.950000, 1.500000, 0.128431
1.000000, 1.500000, 1.561249
1.050000, 1.500000, 2.989008
1.100000, 1.500000, 4.065955
1.150000, 1.500000, 4.554148
1.200000, 1.500000, 4.395069
1.250000, 1.500000, 3.721564
1.300000, 1.500000, 2.807552
1.350000, 1.500000, 1.974322
1.400000, 1.500000, 1.486609
1.450000, 1.500000, 1.473841
1.500000, 1.500000, 1.901581
1.550000, 1.500000, 2.599428
1.600000, 1.500000, 3.331406
1.650000, 1.500000, 3.880798
1.700000, 1.500000, 4.118178
1.750000, 1.500000, 4.029964
1.800000, 1.500000, 3.701242
1.850000, 1.500000, 3.264471
1.900000, 1.500000, 2.837957
1.950000, 1.500000, 2.480220
2.000000, 1.500000, 2.178047
0.000000, 1.550000, -1.151294
0.050000, 1.550000, -1.269712
0.100000, 1.550000, -1.435706
0.150000, 1.550000, -1.654202
0.200000, 1.550000, -1.867216
0.250000, 1.550000, -1.966537
0.300000, 1.550000, -1.836932
0.350000, 1.550000, -1.412703
0.400000, 1.550000, -0.722841
0.450000, 1.550000, 0.097300
0.500000, 1.550000, 0.837690
0.550000, 1.550000, 1.281295
0.600000, 1.550000, 1.284832
0.650000, 1.550000, 0.842233
0.700000, 1.550000, 0.104473
0.750000, 1.550000, -0.656025
0.800000, 1.550000, -1.128103
0.850000, 1.550000, -1.065296
0.900000, 1.550000, -0.374308
0.950000, 1.550000, 0.843659
1.000000, 1.550000, 2.315507
1.050000, 1.550000, 3.677570
1.100000, 1.550000, 4.589588
1.150000, 1.550000, 4.843264
1.200000, 1.550000, 4.428592
1.250000, 1.550000, 3.535380
1.300000, 1.550000, 2.489631
1.350000, 1.550000, 1.646773
1.400000, 1.550000, 1.278163
1.450000, 1.550000, 1.488870
1.500000, 1.550000, 2.193033
1.550000, 1.550000, 3.152514
1.600000, 1.550000, 4.062716
1.650000, 1.550000, 4.653981
1.700000, 1.550000, 4.773415
1.750000, 1.550000, 4.420925
1.800000, 1.550000, 3.731074
1.850000, 1.550000, 2.912147
1.900000, 1.550000, 2.168154
1.950000, 1.550000, 1.633503
2.000000, 1.550000, 1.342674
0.000000, 1.600000, -1.069147
0.050000, 1.600000, -1.196484
0.100000, 1.600000, -1.352700
0.150000, 1.600000, -1.534387
0.200000, 1.600000, -1.685058
0.250000, 1.600000, -1.708350
0.300000, 1.600000, -1.508111
0.350000, 1.600000, -1.039000
0.400000, 1.600000, -0.344663
0.450000, 1.600000, 0.436399
0.500000, 1.600000, 1.105175
0.550000, 1.600000, 1.468195
0.600000, 1.600000, 1.412501
0.650000, 1.600000, 0.960552
0.700000, 1.600000, 0.281039
0.750000, 1.600000, -0.353505
0.800000, 1.600000, -0.651793
0.850000, 1.600000, -0.404051
0.900000, 1.600000, 0.437811
0.950000, 1.600000, 1.730412
1.000000, 1.600000, 3.173371
1.050000, 1.600000, 4.399507
1.100000, 1.600000, 5.092037
1.150000, 1.600000, 5.089353
1.200000, 1.600000, 4.441046
1.250000, 1.600000, 3.394864
1.300000, 1.600000, 2.317868
1.350000, 1.600000, 1.577755
1.400000, 1.600000, 1.424159
1.450000, 1.600000, 1.909762
1.500000, 1.600000, 2.877184
1.550000, 1.600000, 4.014889
1.600000, 1.600000, 4.961842
1.650000, 1.600000, 5.424554
1.700000, 1.600000, 5.267114
1.750000, 1.600000, 4.545470
1.800000, 1.600000, 3.477454
1.850000, 1.600000, 2.362413
1.900000, 1.600000, 1.480739
1.950000, 1.600000, 1.008591
2.000000, 1.600000, 0.975319
0.000000, 1.650000, -0.850164
0.050000, 1.650000, -0.982064
0.100000, 1.650000, -1.123637
0.150000, 1.650000, -1.263138
0.200000, 1.650000, -1.346628
0.250000, 1.650000, -1.291449
0.300000, 1.650000, -1.022343
0.350000, 1.650000, -0.515045
0.400000, 1.650000, 0.173375
0.450000, 1.650000, 0.904614
0.500000, 1.650000, 1.495389
0.550000, 1.650000, 1.780316
0.600000, 1.650000, 1.679171
0.650000, 1.650000, 1.241630
0.700000, 1.650000, 0.648493
0.750000, 1.650000, 0.163351
0.800000, 1.650000, 0.047447
0.850000, 1.650000, 0.465807
0.900000, 1.650000, 1.418610
0.950000, 1.650000, 2.725089
1.000000, 1.650000, 4.069948
1.050000, 1.650000, 5.100128
1.100000, 1.650000, 5.540793
1.150000, 1.650000, 5.290844
1.200000, 1.650000, 4.463638
1.250000, 1.650000, 3.356496
1.300000, 1.650000, 2.357055
1.350000, 1.650000, 1.816780
1.400000, 1.650000, 1.934141
1.450000, 1.650000, 2.687415
1.500000, 1.650000, 3.840475
1.550000, 1.650000, 5.020052
1.600000, 1.650000, 5.838453
1.650000, 1.650000, 6.020203
1.700000, 1.650000, 5.490105
1.750000, 1.650000, 4.393812
1.800000, 1.650000, 3.045511
1.850000, 1.650000, 1.822144
1.900000, 1.650000, 1.041199
1.950000, 1.650000, 0.863393
2.000000, 1.650000, 1.251527
0.000000, 1.700000, -0.525070
0.050000, 1.700000, -0.657496
0.100000, 1.700000, -0.779963
0.150000, 1.700000, -0.872420
0.200000, 1.700000, -0.884632
0.250000, 1.700000, -0.749576
0.300000, 1.700000, -0.414649
0.350000, 1.700000, 0.122920
0.400000, 1.700000, 0.794377
0.450000, 1.700000, 1.465506
0.500000, 1.700000, 1.973742
0.550000, 1.700000, 2.186003
0.600000, 1.700000, 2.056164
0.650000, 1.700000, 1.658187
0.700000, 1.700000, 1.177625
0.750000, 1.700000, 0.858971
0.800000, 1.700000, 0.923501
0.850000, 1.700000, 1.485507
0.900000, 1.700000, 2.498299
0.950000, 1.700000, 3.753068
1.000000, 1.700000, 4.935923
1.050000, 1.700000, 5.727242
1.100000, 1.700000, 5.910729
1.150000, 1.700000, 5.453801
1.200000, 1.700000, 4.528906
1.250000, 1.700000, 3.464890
1.300000, 1.700000, 2.641978
1.350000, 1.700000, 2.364586
1.400000, 1.700000, 2.755428
1.450000, 1.700000, 3.708434
1.500000, 1.700000, 4.918563
1.550000, 1.700000, 5.980195
1.600000, 1.700000, 6.521721
1.650000, 1.700000, 6.330813
1.700000, 1.700000, 5.427424
1.750000, 1.700000, 4.059216
1.800000, 1.700000, 2.620653
1.850000, 1.700000, 1.523238
1.900000, 1.700000, 1.061029
1.950000, 1.700000, 1.316900
2.000000, 1.700000, 2.140574
0.000000, 1.750000, -0.133998
0.050000, 1.750000, -0.263324
0.100000, 1.750000, -0.362708
0.150000, 1.750000, -0.403861
0.200000, 1.750000, -0.341508
0.250000, 1.750000, -0.126259
0.300000, 1.750000, 0.270163
0.350000, 1.750000, 0.828954
0.400000, 1.750000, 1.471954
0.450000, 1.750000, 2.073433
0.500000, 1.750000, 2.496683
0.550000, 1.750000, 2.644620
0.600000, 1.750000, 2.505331
0.650000, 1.750000, 2.172381
0.700000, 1.750000, 1.827148
0.750000, 1.750000, 1.684235
0.800000, 1.750000, 1.916076
0.850000, 1.750000, 2.583167
0.900000, 1.750000, 3.597287
0.950000, 1.750000, 4.735354
1.000000, 1.750000, 5.704036
1.050000, 1.750000, 6.236115
1.100000, 1.750000, 6.186038
1.150000, 1.750000, 5.589745
1.200000, 1.750000, 4.664391
1.250000, 1.750000, 3.743883
1.300000, 1.750000, 3.169222
1.350000, 1.750000, 3.170184
1.400000, 1.750000, 3.779968
1.450000, 1.750000, 4.814743
1.500000, 1.750000, 5.928291
1.550000, 1.750000, 6.725647
1.600000, 1.750000, 6.898020
1.650000, 1.750000, 6.332462
1.700000, 1.750000, 5.157158
1.750000, 1.750000, 3.704775
1.800000, 1.750000, 2.404658
1.850000, 1.750000, 1.639784
1.900000, 1.750000, 1.617388
1.950000, 1.750000, 2.298120
2.000000, 1.750000, 3.408775
0.000000, 1.800000, 0.277731
0.050000, 1.800000, 0.154630
0.100000, 1.800000, 0.081746
0.150000, 1.800000, 0.095493
0.200000, 1.800000, 0.234837
0.250000, 1.800000, 0.529472
0.300000, 1.800000, 0.981805
0.350000, 1.800000, 1.551755
0.400000, 1.800000, 2.154582
0.450000, 1.800000, 2.677900
0.500000, 1.800000, 3.015992
0.550000, 1.800000, 3.110746
0.600000, 1.800000, 2.983107
0.650000, 1.800000, 2.739802
0.700000, 1.800000, 2.547770
0.750000, 1.800000, 2.580931
0.800000, 1.800000, 2.955863
0.850000, 1.800000, 3.679868
0.900000, 1.800000, 4.633079
0.950000, 1.800000, 5.595711
1.000000, 1.800000, 6.315383
1.050000, 1.800000, 6.593572
1.100000, 1.800000, 6.360931
1.150000, 1.800000, 5.712543
1.200000, 1.800000, 4.886695
1.250000, 1.800000, 4.190382
1.300000, 1.800000, 3.894755
1.350000, 1.800000, 4.136454
1.400000, 1.800000, 4.861017
1.450000, 1.800000, 5.831471
1.500000, 1.800000, 6.702785
1.550000, 1.800000, 7.139013
1.600000, 1.800000, 6.933220
1.650000, 1.800000, 6.087378
1.700000, 1.800000, 4.821812
1.750000, 1.800000, 3.507874
1.800000, 1.800000, 2.544753
1.850000, 1.800000, 2.222132
1.900000, 1.800000, 2.616918
1.950000, 1.800000, 3.561625
2.000000, 1.800000, 4.697632
0.000000, 1.850000, 0.664290
0.050000, 1.850000, 0.549969
0.100000, 1.850000, 0.506382
0.150000, 1.850000, 0.577914
0.200000, 1.850000, 0.795775
0.250000, 1.850000, 1.167856
0.300000, 1.850000, 1.669304
0.350000, 1.850000, 2.239475
0.400000, 1.850000, 2.790431
0.450000, 1.850000, 3.228374
0.500000, 1.850000, 3.483548
0.550000, 1.850000, 3.538831
0.600000, 1.850000, 3.445066
0.650000, 1.850000, 3.313982
0.700000, 1.850000, 3.286891
0.750000, 1.850000, 3.486909
0.800000, 1.850000, 3.970427
0.850000, 1.850000, 4.696363
0.900000, 1.850000, 5.527494
0.950000, 1.850000, 6.267617
1.000000, 1.850000, 6.724927
1.050000, 1.850000, 6.780842
1.100000, 1.850000, 6.439104
1.150000, 1.850000, 5.834917
1.200000, 1.850000, 5.196949
1.250000, 1.850000, 4.772136
1.300000, 1.850000, 4.737970
1.350000, 1.850000, 5.133650
1.400000, 1.850000, 5.836847
1.450000, 1.850000, 6.597867
1.500000, 1.850000, 7.122545
1.550000, 1.850000, 7.176616
1.600000, 1.850000, 6.674709
1.650000, 1.850000, 5.720542
1.700000, 1.850000, 4.580927
1.750000, 1.850000, 3.599530
1.800000, 1.850000, 3.078662
1.850000, 1.850000, 3.170454
1.900000, 1.850000, 3.817286
1.950000, 1.850000, 4.765158
2.000000, 1.850000, 5.648145
0.000000, 1.900000, 0.984052
0.050000, 1.900000, 0.880435
0.100000, 1.900000, 0.868278
0.150000, 1.900000, 0.999740
0.200000, 1.900000, 1.296722
0.250000, 1.900000, 1.743185
0.300000, 1.900000, 2.285811
0.350000, 1.900000, 2.844553
0.400000, 1.900000, 3.332212
0.450000, 1.900000, 3.679109
0.500000, 1.900000, 3.856080
0.550000, 1.900000, 3.887854
0.600000, 1.900000, 3.850492
0.650000, 1.900000, 3.851011
0.700000, 1.900000, 3.993456
0.750000, 1.900000, 4.341463
0.800000, 1.900000, 4.890299
0.850000, 1.900000, 5.559812
0.900000, 1.900000, 6.213568
0.950000, 1.900000, 6.700391
1.000000, 1.900000, 6.905697
1.050000, 1.900000, 6.794899
1.100000, 1.900000, 6.432151
1.150000, 1.900000, 5.965163
1.200000, 1.900000, 5.578537
1.250000, 1.900000, 5.430040
1.300000, 1.900000, 5.591845
1.350000, 1.900000, 6.018789
1.400000, 1.900000, 6.557412
1.450000, 1.900000, 6.995439
1.500000, 1.900000, 7.136300
1.550000, 1.900000, 6.872891
1.600000, 1.900000, 6.233304
1.650000, 1.900000, 5.379865
1.700000, 1.900000, 4.558987
1.750000, 1.900000, 4.017403
1.800000, 1.900000, 3.913717
1.850000, 1.900000, 4.257555
1.900000, 1.900000, 4.900142
1.950000, 1.900000, 5.582322
2.000000, 1.900000, 6.025132
0.000000, 1.950000, 1.203834
0.050000, 1.950000, 1.112173
0.100000, 1.950000, 1.132889
0.150000, 1.950000, 1.325667
0.200000, 1.950000, 1.701459
0.250000, 1.950000, 2.218144
0.300000, 1.950000, 2.792962
0.350000, 1.950000, 3.328100
0.400000, 1.950000, 3.741557
0.450000, 1.950000, 3.993505
0.500000, 1.950000, 4.099460
0.550000, 1.950000, 4.125517
0.600000, 1.950000, 4.166521
0.650000, 1.950000, 4.313754
0.700000, 1.950000, 4.622494
0.750000, 1.950000, 5.090416
0.800000, 1.950000, 5.654723
0.850000, 1.950000, 6.209961
0.900000, 1.950000, 6.641493
0.950000, 1.950000, 6.863901
1.000000, 1.950000, 6.851246
1.050000, 1.950000, 6.648210
1.100000, 1.950000, 6.357196
1.150000, 1.950000, 6.104675
1.200000, 1.950000, 5.997603
1.250000, 1.950000, 6.084879
1.300000, 1.950000, 6.337857
1.350000, 1.950000, 6.657855
1.400000, 1.950000, 6.909336
1.450000, 1.950000, 6.968075
1.500000, 1.950000, 6.767653
1.550000, 1.950000, 6.327331
1.600000, 1.950000, 5.750246
1.650000, 1.950000, 5.191149
1.700000, 1.950000, 4.803948
1.750000, 1.950000, 4.687225
1.800000, 1.950000, 4.847514
1.850000, 1.950000, 5.194517
1.900000, 1.950000, 5.571412
1.950000, 1.950000, 5.810588
2.000000, 1.950000, 5.795412
0.000000, 2.000000, 1.302278
0.050000, 2.000000, 1.223128
0.100000, 2.000000, 1.277458
0.150000, 2.000000, 1.532185
0.200000, 2.000000, 1.985572
0.250000, 2.000000, 2.567275
0.300000, 2.000000, 3.164361
0.350000, 2.000000, 3.663393
0.400000, 2.000000, 3.992528
0.450000, 2.000000, 4.147575
0.500000, 2.000000, 4.192100
0.550000, 2.000000, 4.231568
0.600000, 2.000000, 4.371442
0.650000, 2.000000, 4.675289
0.700000, 2.000000, 5.138918
0.750000, 2.000000, 5.690485
0.800000, 2.000000, 6.216554
0.850000, 2.000000, 6.604193
0.900000, 2.000000, 6.783055
0.950000, 2.000000, 6.751406
1.000000, 2.000000, 6.576161
1.050000, 2.000000, 6.366952
1.100000, 2.000000, 6.234121
1.150000, 2.000000, 6.246704
1.200000, 2.000000, 6.406435
1.250000, 2.000000, 6.647710
1.300000, 2.000000, 6.863487
1.350000, 2.000000, 6.947229
1.400000, 2.000000, 6.834827
1.450000, 2.000000, 6.530472
1.500000, 2.000000, 6.106551
1.550000, 2.000000, 5.677572
1.600000, 2.000000, 5.358044
1.650000, 2.000000, 5.220354
1.700000, 2.000000, 5.268693
1.750000, 2.000000, 5.438951
1.800000, 2.000000, 5.624592
1.850000, 2.000000, 5.718575
1.900000, 2.000000, 5.655293
1.950000, 2.000000, 5.436483
2.000000, 2.000000, 5.131179
