0.000000, 0.000000, 0.288087
0.050000, 0.000000, -0.603930
0.100000, 0.000000, -1.178489
0.150000, 0.000000, -1.256917
0.200000, 0.000000, -0.843252
0.250000, 0.000000, -0.124009
0.300000, 0.000000, 0.601313
0.350000, 0.000000, 1.032561
0.400000, 0.000000, 0.981295
0.450000, 0.000000, 0.440391
0.500000, 0.000000, -0.415562
0.550000, 0.000000, -1.299106
0.600000, 0.000000, -1.921577
0.650000, 0.000000, -2.104831
0.700000, 0.000000, -1.850284
0.750000, 0.000000, -1.338836
0.800000, 0.000000, -0.861677
0.850000, 0.000000, -0.708419
0.900000, 0.000000, -1.055317
0.950000, 0.000000, -1.896332
1.000000, 0.000000, -3.043466
1.050000, 0.000000, -4.196345
1.100000, 0.000000, -5.054594
1.150000, 0.000000, -5.430216
1.200000, 0.000000, -5.317171
1.250000, 0.000000, -4.891714
1.300000, 0.000000, -4.443457
1.350000, 0.000000, -4.263591
1.400000, 0.000000, -4.533015
1.450000, 0.000000, -5.253145
1.500000, 0.000000, -6.245838
1.550000, 0.000000, -7.222430
1.600000, 0.000000, -7.895461
1.650000, 0.000000, -8.090344
1.700000, 0.000000, -7.814201
1.750000, 0.000000, -7.255475
1.800000, 0.000000, -6.714317
1.850000, 0.000000, -6.490226
1.900000, 0.000000, -6.769718
1.950000, 0.000000, -7.556830
2.000000, 0.000000, -8.672890
0.000000, 0.050000, 0.122848
0.050000, 0.050000, -0.755549
0.100000, 0.050000, -1.318997
0.150000, 0.050000, -1.390343
0.200000, 0.050000, -0.974917
0.250000, 0.050000, -0.260235
0.300000, 0.050000, 0.453554
0.350000, 0.050000, 0.866035
0.400000, 0.050000, 0.788905
0.450000, 0.050000, 0.215571
0.500000, 0.050000, -0.678483
0.550000, 0.050000, -1.604587
0.600000, 0.050000, -2.272616
0.650000, 0.050000, -2.502801
0.700000, 0.050000, -2.294852
0.750000, 0.050000, -1.827978
0.800000, 0.050000, -1.391788
0.850000, 0.050000, -1.274511
0.900000, 0.050000, -1.651287
0.950000, 0.050000, -2.515300
1.000000, 0.050000, -3.678149
1.050000, 0.050000, -4.839456
1.100000, 0.050000, -5.699243
1.150000, 0.050000, -6.070282
1.200000, 0.050000, -5.947641
1.250000, 0.050000, -5.508950
1.300000, 0.050000, -5.045397
1.350000, 0.050000, -4.849855
1.400000, 0.050000, -5.104921
1.450000, 0.050000, -5.813633
1.500000, 0.050000, -6.799300
1.550000, 0.050000, -7.774459
1.600000, 0.050000, -8.452543
1.650000, 0.050000, -8.659486
1.700000, 0.050000, -8.402544
1.750000, 0.050000, -7.869886
1.800000, 0.050000, -7.361008
1.850000, 0.050000, -7.174402
1.900000, 0.050000, -7.495284
1.950000, 0.050000, -8.326165
2.000000, 0.050000, -9.486711
0.000000, 0.100000, -0.165338
0.050000, 0.100000, -1.032625
0.100000, 0.100000, -1.588971
0.150000, 0.100000, -1.658496
0.200000, 0.100000, -1.247507
0.250000, 0.100000, -0.544149
0.300000, 0.100000, 0.151191
0.350000, 0.100000, 0.538256
0.400000, 0.100000, 0.429295
0.450000, 0.100000, -0.181365
0.500000, 0.100000, -1.117009
0.550000, 0.100000, -2.087485
0.600000, 0.100000, -2.801022
0.650000, 0.100000, -3.076123
0.700000, 0.100000, -2.910787
0.750000, 0.100000, -2.482623
0.800000, 0.100000, -2.079835
0.850000, 0.100000, -1.989521
0.900000, 0.100000, -2.386023
0.950000, 0.100000, -3.262104
1.000000, 0.100000, -4.429342
1.050000, 0.100000, -5.587737
1.100000, 0.100000, -6.438064
1.150000, 0.100000, -6.794187
1.200000, 0.100000, -6.652533
1.250000, 0.100000, -6.192293
1.300000, 0.100000, -5.706321
1.350000, 0.100000, -5.489176
1.400000, 0.100000, -5.725062
1.450000, 0.100000, -6.418456
1.500000, 0.100000, -7.393858
1.550000, 0.100000, -8.364686
1.600000, 0.100000, -9.044882
1.650000, 0.100000, -9.260505
1.700000, 0.100000, -9.018528
1.750000, 0.100000, -8.506458
1.800000, 0.100000, -8.022775
1.850000, 0.100000, -7.864663
1.900000, 0.100000, -8.215808
1.950000, 0.100000, -9.077051
2.000000, 0.100000, -10.266344
0.000000, 0.150000, -0.556015
0.050000, 0.150000, -1.416220
0.100000, 0.150000, -1.970745
0.150000, 0.150000, -2.044645
0.200000, 0.150000, -1.644807
0.250000, 0.150000, -0.959574
0.300000, 0.150000, -0.289131
0.350000, 0.150000, 0.066861
0.400000, 0.150000, -0.078388
0.450000, 0.150000, -0.729279
0.500000, 0.150000, -1.707577
0.550000, 0.150000, -2.721445
0.600000, 0.150000, -3.477348
0.650000, 0.150000, -3.792042
0.700000, 0.150000, -3.661896
0.750000, 0.150000, -3.263081
0.800000, 0.150000, -2.882643
0.850000, 0.150000, -2.806853
0.900000, 0.150000, -3.209610
0.950000, 0.150000, -4.083634
1.000000, 0.150000, -5.240862
1.050000, 0.150000, -6.382031
1.100000, 0.150000, -7.208992
1.150000, 0.150000, -7.536959
1.200000, 0.150000, -7.363912
1.250000, 0.150000, -6.870702
1.300000, 0.150000, -6.351869
1.350000, 0.150000, -6.103578
1.400000, 0.150000, -6.311478
1.450000, 0.150000, -6.981244
1.500000, 0.150000, -7.938265
1.550000, 0.150000, -8.896486
1.600000, 0.150000, -9.569987
1.650000, 0.150000, -9.784567
1.700000, 0.150000, -9.546559
1.750000, 0.150000, -9.042480
1.800000, 0.150000, -8.569532
1.850000, 0.150000, -8.423402
1.900000, 0.150000, -8.786143
1.950000, 0.150000, -9.656919
2.000000, 0.150000, -10.852059
0.000000, 0.200000, -1.017447
0.050000, 0.200000, -1.875890
0.100000, 0.200000, -2.434853
0.150000, 0.200000, -2.519904
0.200000, 0.200000, -2.138062
0.250000, 0.200000, -1.477401
0.300000, 0.200000, -0.837447
0.350000, 0.200000, -0.516842
0.400000, 0.200000, -0.701044
0.450000, 0.200000, -1.392880
0.500000, 0.200000, -2.412378
0.550000, 0.200000, -3.465892
0.600000, 0.200000, -4.258099
0.650000, 0.200000, -4.604086
0.700000, 0.200000, -4.498755
0.750000, 0.200000, -4.117091
0.800000, 0.200000, -3.745295
0.850000, 0.200000, -3.669181
0.900000, 0.200000, -4.062599
0.950000, 0.200000, -4.918626
1.000000, 0.200000, -6.049945
1.050000, 0.200000, -7.158381
1.100000, 0.200000, -7.947157
1.150000, 0.200000, -8.233066
1.200000, 0.200000, -8.015785
1.250000, 0.200000, -7.477893
1.300000, 0.200000, -6.915583
1.350000, 0.200000, -6.626523
1.400000, 0.200000, -6.797622
1.450000, 0.200000, -7.435513
1.500000, 0.200000, -8.366188
1.550000, 0.200000, -9.303809
1.600000, 0.200000, -9.962286
1.650000, 0.200000, -10.166868
1.700000, 0.200000, -9.922996
1.750000, 0.200000, -9.416012
1.800000, 0.200000, -8.941726
1.850000, 0.200000, -8.794300
1.900000, 0.200000, -9.154223
1.950000, 0.200000, -10.019152
2.000000, 0.200000, -11.204046
0.000000, 0.250000, -1.509887
0.050000, 0.250000, -2.372892
0.100000, 0.250000, -2.943178
0.150000, 0.250000, -3.046354
0.200000, 0.250000, -2.689084
0.250000, 0.250000, -2.058697
0.300000, 0.250000, -1.453618
0.350000, 0.250000, -1.171081
0.400000, 0.250000, -1.394902
0.450000, 0.250000, -2.126107
0.500000, 0.250000, -3.182861
0.550000, 0.250000, -4.269685
0.600000, 0.250000, -5.089552
0.650000, 0.250000, -5.456057
0.700000, 0.250000, -5.362902
0.750000, 0.250000, -4.984228
0.800000, 0.250000, -4.605787
0.850000, 0.250000, -4.513367
0.900000, 0.250000, -4.881211
0.950000, 0.250000, -5.703188
1.000000, 0.250000, -6.793130
1.050000, 0.250000, -7.854307
1.100000, 0.250000, -8.591605
1.150000, 0.250000, -8.823609
1.200000, 0.250000, -8.551829
1.250000, 0.250000, -7.960615
1.300000, 0.250000, -7.347788
1.350000, 0.250000, -7.012410
1.400000, 0.250000, -7.142489
1.450000, 0.250000, -7.745408
1.500000, 0.250000, -8.647531
1.550000, 0.250000, -9.563004
1.600000, 0.250000, -10.205346
1.650000, 0.250000, -10.399074
1.700000, 0.250000, -10.148614
1.750000, 0.250000, -9.638070
1.800000, 0.250000, -9.161885
1.850000, 0.250000, -9.012805
1.900000, 0.250000, -9.369951
1.950000, 0.250000, -10.229748
2.000000, 0.250000, -11.406144
0.000000, 0.300000, -1.989704
0.050000, 0.300000, -2.864241
0.100000, 0.300000, -3.452977
0.150000, 0.300000, -3.581050
0.200000, 0.300000, -3.254270
0.250000, 0.300000, -2.658757
0.300000, 0.300000, -2.091434
0.350000, 0.300000, -1.847800
0.400000, 0.300000, -2.109793
0.450000, 0.300000, -2.876513
0.500000, 0.300000, -3.964242
0.550000, 0.300000, -5.075764
0.600000, 0.300000, -5.912542
0.650000, 0.300000, -6.286976
0.700000, 0.300000, -6.191941
0.750000, 0.300000, -5.801171
0.800000, 0.300000, -5.400451
0.850000, 0.300000, -5.276041
0.900000, 0.300000, -5.603072
0.950000, 0.300000, -6.376678
1.000000, 0.300000, -7.412265
1.050000, 0.300000, -8.414914
1.100000, 0.300000, -9.091464
1.150000, 0.300000, -9.262504
1.200000, 0.300000, -8.931497
1.250000, 0.300000, -8.284609
1.300000, 0.300000, -7.621251
1.350000, 0.300000, -7.241777
1.400000, 0.300000, -7.335143
1.450000, 0.300000, -7.909295
1.500000, 0.300000, -8.790766
1.550000, 0.300000, -9.693488
1.600000, 0.300000, -10.330414
1.650000, 0.300000, -10.525191
1.700000, 0.300000, -10.281139
1.750000, 0.300000, -9.781105
1.800000, 0.300000, -9.318202
1.850000, 0.300000, -9.183870
1.900000, 0.300000, -9.556030
1.950000, 0.300000, -10.430097
2.000000, 0.300000, -11.619266
0.000000, 0.350000, -2.413920
0.050000, 0.350000, -3.307224
0.100000, 0.350000, -3.921377
0.150000, 0.350000, -4.080522
0.200000, 0.350000, -3.789128
0.250000, 0.350000, -3.231684
0.300000, 0.350000, -2.703264
0.350000, 0.350000, -2.497388
0.400000, 0.350000, -2.793986
0.450000, 0.350000, -3.590214
0.500000, 0.350000, -4.700578
0.550000, 0.350000, -5.826339
0.600000, 0.350000, -6.667778
0.650000, 0.350000, -7.036511
0.700000, 0.350000, -6.925073
0.750000, 0.350000, -6.507326
0.800000, 0.350000, -6.069648
0.850000, 0.350000, -5.899332
0.900000, 0.350000, -6.172942
0.950000, 0.350000, -6.887373
1.000000, 0.350000, -7.860045
1.050000, 0.350000, -8.798207
1.100000, 0.350000, -9.410925
1.150000, 0.350000, -9.520971
1.200000, 0.350000, -9.133850
1.250000, 0.350000, -8.437539
1.300000, 0.350000, -7.732953
1.350000, 0.350000, -7.321590
1.400000, 0.350000, -7.393141
1.450000, 0.350000, -7.955872
1.500000, 0.350000, -8.836220
1.550000, 0.350000, -9.747634
1.600000, 0.350000, -10.402244
1.650000, 0.350000, -10.622596
1.700000, 0.350000, -10.410711
1.750000, 0.350000, -9.948020
1.800000, 0.350000, -9.526192
1.850000, 0.350000, -9.435282
1.900000, 0.350000, -9.851967
1.950000, 0.350000, -10.770624
2.000000, 0.350000, -12.003671
0.000000, 0.400000, -2.744714
0.050000, 0.400000, -3.663883
0.100000, 0.400000, -4.309865
0.150000, 0.400000, -4.505299
0.200000, 0.400000, -4.252858
0.250000, 0.400000, -3.735033
0.300000, 0.400000, -3.244784
0.350000, 0.400000, -3.073513
0.400000, 0.400000, -3.399120
0.450000, 0.400000, -4.216930
0.500000, 0.400000, -5.339905
0.550000, 0.400000, -6.468140
0.600000, 0.400000, -7.301183
0.650000, 0.400000, -7.650397
0.700000, 0.400000, -7.508569
0.750000, 0.400000, -7.050310
0.800000, 0.400000, -6.563218
0.850000, 0.400000, -6.336232
0.900000, 0.400000, -6.547909
0.950000, 0.400000, -7.197404
1.000000, 0.400000, -8.104559
1.050000, 0.400000, -8.979107
1.100000, 0.400000, -9.532545
1.150000, 0.400000, -9.589917
1.200000, 0.400000, -9.158751
1.250000, 0.400000, -8.428708
1.300000, 0.400000, -7.701986
1.350000, 0.400000, -7.280915
1.400000, 0.400000, -7.355553
1.450000, 0.400000, -7.934058
1.500000, 0.400000, -8.842314
1.550000, 0.400000, -9.792812
1.600000, 0.400000, -10.496380
1.650000, 0.400000, -10.773999
1.700000, 0.400000, -10.625943
1.750000, 0.400000, -10.231804
1.800000, 0.400000, -9.881415
1.850000, 0.400000, -9.863080
1.900000, 0.400000, -10.351887
1.950000, 0.400000, -11.340845
2.000000, 0.400000, -12.641274
0.000000, 0.450000, -2.953435
0.050000, 0.450000, -3.905034
0.100000, 0.450000, -4.588343
0.150000, 0.450000, -4.824008
0.200000, 0.450000, -4.612512
0.250000, 0.450000, -4.134056
0.300000, 0.450000, -3.679322
0.350000, 0.450000, -3.537559
0.400000, 0.450000, -3.884747
0.450000, 0.450000, -4.714624
0.500000, 0.450000, -5.838982
0.550000, 0.450000, -6.957231
0.600000, 0.450000, -7.768761
0.650000, 0.450000, -8.085326
0.700000, 0.450000, -7.900642
0.750000, 0.450000, -7.390760
0.800000, 0.450000, -6.845167
0.850000, 0.450000, -6.555062
0.900000, 0.450000, -6.701540
0.950000, 0.450000, -7.286456
1.000000, 0.450000, -8.132403
1.050000, 0.450000, -8.951785
1.100000, 0.450000, -9.458585
1.150000, 0.450000, -9.480035
1.200000, 0.450000, -9.025454
1.250000, 0.450000, -8.285833
1.300000, 0.450000, -7.564177
1.350000, 0.450000, -7.163078
1.400000, 0.450000, -7.272300
1.450000, 0.450000, -7.899177
1.500000, 0.450000, -8.868283
1.550000, 0.450000, -9.890377
1.600000, 0.450000, -10.674213
1.650000, 0.450000, -11.038453
1.700000, 0.450000, -10.980903
1.750000, 0.450000, -10.678649
1.800000, 0.450000, -10.419070
1.850000, 0.450000, -10.488170
1.900000, 0.450000, -11.058962
1.950000, 0.450000, -12.122673
2.000000, 0.450000, -13.489178
0.000000, 0.500000, -3.023711
0.050000, 0.500000, -4.013411
0.100000, 0.500000, -4.738309
0.150000, 0.500000, -5.016629
0.200000, 0.500000, -4.846333
0.250000, 0.500000, -4.405132
0.300000, 0.500000, -3.981375
0.350000, 0.500000, -3.862246
0.400000, 0.500000, -4.222046
0.450000, 0.500000, -5.053306
0.500000, 0.500000, -6.167154
0.550000, 0.500000, -7.262924
0.600000, 0.500000, -8.040535
0.650000, 0.500000, -8.312861
0.700000, 0.500000, -8.075293
0.750000, 0.500000, -7.506040
0.800000, 0.500000, -6.897142
0.850000, 0.500000, -6.542632
0.900000, 0.500000, -6.626596
0.950000, 0.500000, -7.153904
1.000000, 0.500000, -7.950049
1.050000, 0.500000, -8.730092
1.100000, 0.500000, -9.210302
1.150000, 0.500000, -9.219725
1.200000, 0.500000, -8.768938
1.250000, 0.500000, -8.049571
1.300000, 0.500000, -7.364617
1.350000, 0.500000, -7.016003
1.400000, 0.500000, -7.192200
1.450000, 0.500000, -7.898672
1.500000, 0.500000, -8.957624
1.550000, 0.500000, -10.077039
1.600000, 0.500000, -10.962610
1.650000, 0.500000, -11.429765
1.700000, 0.500000, -11.473039
1.750000, 0.500000, -11.266330
1.800000, 0.500000, -11.094035
1.850000, 0.500000, -11.239482
1.900000, 0.500000, -11.873411
1.950000, 0.500000, -12.985245
2.000000, 0.500000, -14.383569
0.000000, 0.550000, -2.953332
0.050000, 0.550000, -3.985591
0.100000, 0.550000, -4.754862
0.150000, 0.550000, -5.076573
0.200000, 0.550000, -4.945923
0.250000, 0.550000, -4.538033
0.300000, 0.550000, -4.138973
0.350000, 0.550000, -4.034083
0.400000, 0.550000, -4.396357
0.450000, 0.550000, -5.217631
0.500000, 0.550000, -6.309001
0.550000, 0.550000, -7.370443
0.600000, 0.550000, -8.103183
0.650000, 0.550000, -8.322006
0.700000, 0.550000, -8.024746
0.750000, 0.550000, -7.392469
0.800000, 0.550000, -6.720367
0.850000, 0.550000, -6.305764
0.900000, 0.550000, -6.336023
0.950000, 0.550000, -6.819125
1.000000, 0.550000, -7.583347
1.050000, 0.550000, -8.346074
1.100000, 0.550000, -8.825319
1.150000, 0.550000, -8.851199
1.200000, 0.550000, -8.434623
1.250000, 0.550000, -7.766782
1.300000, 0.550000, -7.149466
1.350000, 0.550000, -6.882669
1.400000, 0.550000, -7.152273
1.450000, 0.550000, -7.960596
1.500000, 0.550000, -9.126262
1.550000, 0.550000, -10.353387
1.600000, 0.550000, -11.343666
1.650000, 0.550000, -11.908562
1.700000, 0.550000, -12.038836
1.750000, 0.550000, -11.904960
1.800000, 0.550000, -11.788389
1.850000, 0.550000, -11.970108
1.900000, 0.550000, -12.619209
1.950000, 0.550000, -13.724219
2.000000, 0.550000, -15.093611
0.000000, 0.600000, -2.754708
0.050000, 0.600000, -3.832526
0.100000, 0.600000, -4.647305
0.150000, 0.600000, -5.011381
0.200000, 0.600000, -4.917035
0.250000, 0.600000, -4.536805
0.300000, 0.600000, -4.154656
0.350000, 0.600000, -4.054428
0.400000, 0.600000, -4.408305
0.450000, 0.600000, -5.208066
0.500000, 0.600000, -6.265516
0.550000, 0.600000, -7.282088
0.600000, 0.600000, -7.961142
0.650000, 0.600000, -8.120191
0.700000, 0.600000, -7.760248
0.750000, 0.600000, -7.065860
0.800000, 0.600000, -6.335824
0.850000, 0.600000, -5.871016
0.900000, 0.600000, -5.862106
0.950000, 0.600000, -6.319964
1.000000, 0.600000, -7.075179
1.050000, 0.600000, -7.846737
1.100000, 0.600000, -8.353439
1.150000, 0.600000, -8.425311
1.200000, 0.600000, -8.072274
1.250000, 0.600000, -7.483648
1.300000, 0.600000, -6.958533
1.350000, 0.600000, -6.793522
1.400000, 0.600000, -7.170510
1.450000, 0.600000, -8.087424
1.500000, 0.600000, -9.358271
1.550000, 0.600000, -10.682537
1.600000, 0.600000, -11.757474
1.650000, 0.600000, -12.390493
1.700000, 0.600000, -12.568887
1.750000, 0.600000, -12.460401
1.800000, 0.600000, -12.344644
1.850000, 0.600000, -12.501735
1.900000, 0.600000, -13.100925
1.950000, 0.600000, -14.131950
2.000000, 0.600000, -15.405503
0.000000, 0.650000, -2.453848
0.050000, 0.650000, -3.578597
0.100000, 0.650000, -4.438291
0.150000, 0.650000, -4.841962
0.200000, 0.650000, -4.778909
0.250000, 0.650000, -4.419197
0.300000, 0.650000, -4.044976
0.350000, 0.650000, -3.939047
0.400000, 0.650000, -4.273405
0.450000, 0.650000, -5.040517
0.500000, 0.650000, -6.053728
0.550000, 0.650000, -7.016798
0.600000, 0.650000, -7.636078
0.650000, 0.650000, -7.732585
0.700000, 0.650000, -7.311164
0.750000, 0.650000, -6.560308
0.800000, 0.650000, -5.782658
0.850000, 0.650000, -5.282611
0.900000, 0.650000, -5.253830
0.950000, 0.650000, -5.709462
1.000000, 0.650000, -6.481511
1.050000, 0.650000, -7.289406
1.100000, 0.650000, -7.851360
1.150000, 0.650000, -7.995772
1.200000, 0.650000, -7.729942
1.250000, 0.650000, -7.239681
1.300000, 0.650000, -6.819837
1.350000, 0.650000, -6.762194
1.400000, 0.650000, -7.243515
1.450000, 0.650000, -8.256512
1.500000, 0.650000, -9.610155
1.550000, 0.650000, -10.999325
1.600000, 0.650000, -12.117345
1.650000, 0.650000, -12.768589
1.700000, 0.650000, -12.938377
1.750000, 0.650000, -12.793683
1.800000, 0.650000, -12.614615
1.850000, 0.650000, -12.683079
1.900000, 0.650000, -13.171359
1.950000, 0.650000, -14.073361
2.000000, 0.650000, -15.204924
0.000000, 0.700000, -2.087943
0.050000, 0.700000, -3.259289
0.100000, 0.700000, -4.161597
0.150000, 0.700000, -4.600457
0.200000, 0.700000, -4.562219
0.250000, 0.700000, -4.214683
0.300000, 0.700000, -3.838583
0.350000, 0.700000, -3.716251
0.400000, 0.700000, -4.020219
0.450000, 0.700000, -4.744475
0.500000, 0.700000, -5.704803
0.550000, 0.700000, -6.608179
0.600000, 0.700000, -7.164775
0.650000, 0.700000, -7.199805
0.700000, 0.700000, -6.722432
0.750000, 0.700000, -5.925331
0.800000, 0.700000, -5.114923
0.850000, 0.700000, -4.598729
0.900000, 0.700000, -4.572676
0.950000, 0.700000, -5.051137
1.000000, 0.700000, -5.866192
1.050000, 0.700000, -6.736145
1.100000, 0.700000, -7.376900
1.150000, 0.700000, -7.613448
1.200000, 0.700000, -7.448734
1.250000, 0.700000, -7.063479
1.300000, 0.700000, -6.746964
1.350000, 0.700000, -6.785220
1.400000, 0.700000, -7.349396
1.450000, 0.700000, -8.427030
1.500000, 0.700000, -9.822679
1.550000, 0.700000, -11.227833
1.600000, 0.700000, -12.333670
1.650000, 0.700000, -12.943839
1.700000, 0.700000, -13.044440
1.750000, 0.700000, -12.804747
1.800000, 0.700000, -12.508628
1.850000, 0.700000, -12.443060
1.900000, 0.700000, -12.786487
1.950000, 0.700000, -13.539784
2.000000, 0.700000, -14.526231
0.000000, 0.750000, -1.701785
0.050000, 0.750000, -2.917705
0.100000, 0.750000, -3.858723
0.150000, 0.750000, -4.326932
0.200000, 0.750000, -4.305844
0.250000, 0.750000, -3.961299
0.300000, 0.750000, -3.573103
0.350000, 0.750000, -3.423794
0.400000, 0.750000, -3.687249
0.450000, 0.750000, -4.359882
0.500000, 0.750000, -5.260840
0.550000, 0.750000, -6.101192
0.600000, 0.750000, -6.595677
0.650000, 0.750000, -6.574239
0.700000, 0.750000, -6.050621
0.750000, 0.750000, -5.221607
0.800000, 0.750000, -4.396951
0.850000, 0.750000, -3.886483
0.900000, 0.750000, -3.887214
0.950000, 0.750000, -4.413248
1.000000, 0.750000, -5.295009
1.050000, 0.750000, -6.247802
1.100000, 0.750000, -6.983326
1.150000, 0.750000, -7.321381
1.200000, 0.750000, -7.259017
1.250000, 0.750000, -6.970704
1.300000, 0.750000, -6.739492
1.350000, 0.750000, -6.845593
1.400000, 0.750000, -7.455117
1.450000, 0.750000, -8.551704
1.500000, 0.750000, -9.937423
1.550000, 0.750000, -11.302904
1.600000, 0.750000, -12.340215
1.650000, 0.750000, -12.855653
1.700000, 0.750000, -12.839643
1.750000, 0.750000, -12.467267
1.800000, 0.750000, -12.029394
1.850000, 0.750000, -11.820830
1.900000, 0.750000, -12.028250
1.950000, 0.750000, -12.660687
2.000000, 0.750000, -13.549034
0.000000, 0.800000, -1.343371
0.050000, 0.800000, -2.600261
0.100000, 0.800000, -3.574681
0.150000, 0.800000, -4.065239
0.200000, 0.800000, -4.052794
0.250000, 0.800000, -3.701604
0.300000, 0.800000, -3.291128
0.350000, 0.800000, -3.104861
0.400000, 0.800000, -3.318904
0.450000, 0.800000, -3.933035
0.500000, 0.800000, -4.770687
0.550000, 0.800000, -5.547836
0.600000, 0.800000, -5.984388
0.650000, 0.800000, -5.915335
0.700000, 0.800000, -5.358958
0.750000, 0.800000, -4.515696
0.800000, 0.800000, -3.697769
0.850000, 0.800000, -3.216041
0.900000, 0.800000, -3.266986
0.950000, 0.800000, -3.862570
1.000000, 0.800000, -4.829556
1.050000, 0.800000, -5.878263
1.100000, 0.800000, -6.714375
1.150000, 0.800000, -7.151030
1.200000, 0.800000, -7.178412
1.250000, 0.800000, -6.964393
1.300000, 0.800000, -6.786160
1.350000, 0.800000, -6.919243
1.400000, 0.800000, -7.526624
1.450000, 0.800000, -8.590640
1.500000, 0.800000, -9.914058
1.550000, 0.800000, -11.190236
1.600000, 0.800000, -12.115902
1.650000, 0.800000, -12.503704
1.700000, 0.800000, -12.351755
1.750000, 0.800000, -11.843702
1.800000, 0.800000, -11.279317
1.850000, 0.800000, -10.962076
1.900000, 0.800000, -11.086506
1.950000, 0.800000, -11.668129
2.000000, 0.800000, -12.542493
0.000000, 0.850000, -1.059122
0.050000, 0.850000, -2.351992
0.100000, 0.850000, -3.353375
0.150000, 0.850000, -3.858458
0.200000, 0.850000, -3.845689
0.250000, 0.850000, -3.478192
0.300000, 0.850000, -3.035726
0.350000, 0.850000, -2.803554
0.400000, 0.850000, -2.960926
0.450000, 0.850000, -3.511938
0.500000, 0.850000, -4.285185
0.550000, 0.850000, -5.002241
0.600000, 0.850000, -5.388588
0.650000, 0.850000, -5.284297
0.700000, 0.850000, -4.711773
0.750000, 0.850000, -3.874237
0.800000, 0.850000, -3.085050
0.850000, 0.850000, -2.654399
0.900000, 0.850000, -2.776232
0.950000, 0.850000, -3.458257
1.000000, 0.850000, -4.521503
1.050000, 0.850000, -5.669471
1.100000, 0.850000, -6.600431
1.150000, 0.850000, -7.120069
1.200000, 0.850000, -7.211666
1.250000, 0.850000, -7.037292
1.300000, 0.850000, -6.869947
1.350000, 0.850000, -6.982967
1.400000, 0.850000, -7.539393
1.450000, 0.850000, -8.523968
1.500000, 0.850000, -9.744114
1.550000, 0.850000, -10.899843
1.600000, 0.850000, -11.696102
1.650000, 0.850000, -11.954774
1.700000, 0.850000, -11.683563
1.750000, 0.850000, -11.075360
1.800000, 0.850000, -10.438137
1.850000, 0.850000, -10.081871
1.900000, 0.850000, -10.205352
1.950000, 0.850000, -10.825733
2.000000, 0.850000, -11.777346
0.000000, 0.900000, -0.889186
0.050000, 0.900000, -2.211934
0.100000, 0.900000, -3.233042
0.150000, 0.900000, -3.744380
0.200000, 0.900000, -3.722272
0.250000, 0.900000, -3.329201
0.300000, 0.900000, -2.845923
0.350000, 0.900000, -2.560329
0.400000, 0.900000, -2.655768
0.450000, 0.900000, -3.141581
0.500000, 0.900000, -3.852314
0.550000, 0.900000, -4.515666
0.600000, 0.900000, -4.862843
0.650000, 0.900000, -4.738681
0.700000, 0.900000, -4.168885
0.750000, 0.900000, -3.358133
0.800000, 0.900000, -2.619160
0.850000, 0.900000, -2.259398
0.900000, 0.900000, -2.468040
0.950000, 0.900000, -3.246371
1.000000, 0.900000, -4.407810
1.050000, 0.900000, -5.647684
1.100000, 0.900000, -6.656209
1.150000, 0.900000, -7.231853
1.200000, 0.900000, -7.352178
1.250000, 0.900000, -7.175601
1.300000, 0.900000, -6.973933
1.350000, 0.900000, -7.022002
1.400000, 0.900000, -7.487004
1.450000, 0.900000, -8.360248
1.500000, 0.900000, -9.457685
1.550000, 0.900000, -10.489161
1.600000, 0.900000, -11.169985
1.650000, 0.900000, -11.332077
1.700000, 0.900000, -10.991995
1.750000, 0.900000, -10.349509
1.800000, 0.900000, -9.716848
1.850000, 0.900000, -9.405173
1.900000, 0.900000, -9.611177
1.950000, 0.900000, -10.346695
2.000000, 0.900000, -11.437848
0.000000, 0.950000, -0.863296
0.050000, 0.950000, -2.209042
0.100000, 0.950000, -3.242218
0.150000, 0.950000, -3.751500
0.200000, 0.950000, -3.711395
0.250000, 0.950000, -3.284274
0.300000, 0.950000, -2.752624
0.350000, 0.950000, -2.407856
0.400000, 0.950000, -2.438358
0.450000, 0.950000, -2.859593
0.500000, 0.950000, -3.512718
0.550000, 0.950000, -4.131863
0.600000, 0.950000, -4.453797
0.650000, 0.950000, -4.327408
0.700000, 0.950000, -3.780441
0.750000, 0.950000, -3.017262
0.800000, 0.950000, -2.347839
0.850000, 0.950000, -2.074518
0.900000, 0.950000, -2.379466
0.950000, 0.950000, -3.255589
1.000000, 0.950000, -4.507333
1.050000, 0.950000, -5.821298
1.100000, 0.950000, -6.880086
1.150000, 0.950000, -7.476450
1.200000, 0.950000, -7.584777
1.250000, 0.950000, -7.363270
1.300000, 0.950000, -7.086638
1.350000, 0.950000, -7.035575
1.400000, 0.950000, -7.385671
1.450000, 0.950000, -8.138473
1.500000, 0.950000, -9.121105
1.550000, 0.950000, -10.054504
1.600000, 0.950000, -10.663931
1.650000, 0.950000, -10.789136
1.700000, 0.950000, -10.451557
1.750000, 0.950000, -9.852330
1.800000, 0.950000, -9.301268
1.850000, 0.950000, -9.103422
1.900000, 0.950000, -9.446117
1.950000, 0.950000, -10.329321
2.000000, 0.950000, -11.565811
0.000000, 1.000000, -0.997608
0.050000, 1.000000, -2.359069
0.100000, 1.000000, -3.396634
0.150000, 1.000000, -3.895905
0.200000, 1.000000, -3.829891
0.250000, 1.000000, -3.361393
0.300000, 1.000000, -2.775389
0.350000, 1.000000, -2.367705
0.400000, 1.000000, -2.332692
0.450000, 1.000000, -2.692718
0.500000, 1.000000, -3.296041
0.550000, 1.000000, -3.883262
0.600000, 1.000000, -4.196189
0.650000, 1.000000, -4.086635
0.700000, 1.000000, -3.582674
0.750000, 1.000000, -2.886201
0.800000, 1.000000, -2.302002
0.850000, 1.000000, -2.124941
0.900000, 1.000000, -2.528083
0.950000, 1.000000, -3.494511
1.000000, 1.000000, -4.819154
1.050000, 1.000000, -6.180437
1.100000, 1.000000, -7.255079
1.150000, 1.000000, -7.832982
1.200000, 1.000000, -7.889158
1.250000, 1.000000, -7.586007
1.300000, 1.000000, -7.205717
1.350000, 1.000000, -7.039095
1.400000, 1.000000, -7.273521
1.450000, 1.000000, -7.922823
1.500000, 1.000000, -8.825622
1.550000, 1.000000, -9.712319
1.600000, 1.000000, -10.314522
1.650000, 1.000000, -10.474407
1.700000, 1.000000, -10.211509
1.750000, 1.000000, -9.720750
1.800000, 1.000000, -9.301897
1.850000, 1.000000, -9.247027
1.900000, 1.000000, -9.728801
1.950000, 1.000000, -10.732305
2.000000, 1.000000, -12.056770
0.000000, 1.050000, -1.292823
0.050000, 1.050000, -2.662712
0.100000, 1.050000, -3.697366
0.150000, 1.050000, -4.179411
0.200000, 1.050000, -4.080663
0.250000, 1.050000, -3.564906
0.300000, 1.050000, -2.920375
0.350000, 1.050000, -2.448203
0.400000, 1.050000, -2.349576
0.450000, 1.050000, -2.654437
0.500000, 1.050000, -3.218420
0.550000, 1.050000, -3.788325
0.600000, 1.050000, -4.110083
0.650000, 1.050000, -4.036866
0.700000, 1.050000, -3.594964
0.750000, 1.050000, -2.981331
0.800000, 1.050000, -2.493046
0.850000, 1.050000, -2.415246
0.900000, 1.050000, -2.910293
0.950000, 1.050000, -3.950813
1.000000, 1.050000, -5.322773
1.050000, 1.050000, -6.698282
1.100000, 1.050000, -7.751263
1.150000, 1.050000, -8.272851
1.200000, 1.050000, -8.243370
1.250000, 1.050000, -7.834175
1.300000, 1.050000, -7.339175
1.350000, 1.050000, -7.062400
1.400000, 1.050000, -7.204480
1.450000, 1.050000, -7.790958
1.500000, 1.050000, -8.669195
1.550000, 1.050000, -9.574197
1.600000, 1.050000, -10.237317
1.650000, 1.050000, -10.495432
1.700000, 1.050000, -10.358126
1.750000, 1.050000, -10.006671
1.800000, 1.050000, -9.724919
1.850000, 1.050000, -9.788507
1.900000, 1.050000, -10.355035
1.950000, 1.050000, -11.397718
2.000000, 1.050000, -12.708632
0.000000, 1.100000, -1.733814
0.050000, 1.100000, -3.105241
0.100000, 1.100000, -4.130435
0.150000, 1.100000, -4.589114
0.200000, 1.100000, -4.452182
0.250000, 1.100000, -3.884946
0.300000, 1.100000, -3.179667
0.350000, 1.100000, -2.643663
0.400000, 1.100000, -2.485755
0.450000, 1.100000, -2.743978
0.500000, 1.100000, -3.281372
0.550000, 1.100000, -3.850313
0.600000, 1.100000, -4.199527
0.650000, 1.100000, -4.181562
0.700000, 1.100000, -3.818461
0.750000, 1.100000, -3.299597
0.800000, 1.100000, -2.911900
0.850000, 1.100000, -2.928948
0.900000, 1.100000, -3.501560
0.950000, 1.100000, -4.592342
1.000000, 1.100000, -5.980157
1.050000, 1.100000, -7.334005
1.100000, 1.100000, -8.329314
1.150000, 1.100000, -8.763379
1.200000, 1.100000, -8.626778
1.250000, 1.100000, -8.104084
1.300000, 1.100000, -7.503820
1.350000, 1.100000, -7.144207
1.400000, 1.100000, -7.237776
1.450000, 1.100000, -7.818038
1.500000, 1.100000, -8.735163
1.550000, 1.100000, -9.721198
1.600000, 1.100000, -10.498869
1.650000, 1.100000, -10.891595
1.700000, 1.100000, -10.892164
1.750000, 1.100000, -10.663711
1.800000, 1.100000, -10.472873
1.850000, 1.100000, -10.581253
1.900000, 1.100000, -11.137556
1.950000, 1.100000, -12.112652
2.000000, 1.100000, -13.303476
0.000000, 1.150000, -2.290799
0.050000, 1.150000, -3.657644
0.100000, 1.150000, -4.667921
0.150000, 1.150000, -5.098445
0.200000, 1.150000, -4.919455
0.250000, 1.150000, -4.298315
0.300000, 1.150000, -3.532070
0.350000, 1.150000, -2.935073
0.400000, 1.150000, -2.724491
0.450000, 1.150000, -2.946792
0.500000, 1.150000, -3.472158
0.550000, 1.150000, -4.057557
0.600000, 1.150000, -4.452764
0.650000, 1.150000, -4.507338
0.700000, 1.150000, -4.236372
0.750000, 1.150000, -3.819015
0.800000, 1.150000, -3.529919
0.850000, 1.150000, -3.629950
0.900000, 1.150000, -4.258568
0.950000, 1.150000, -5.370070
1.000000, 1.150000, -6.739424
1.050000, 1.150000, -8.036957
1.100000, 1.150000, -8.944743
1.150000, 1.150000, -9.271389
1.200000, 1.150000, -9.022089
1.250000, 1.150000, -8.397436
1.300000, 1.150000, -7.721177
1.350000, 1.150000, -7.323758
1.400000, 1.150000, -7.425045
1.450000, 1.150000, -8.059704
1.500000, 1.150000, -9.072392
1.550000, 1.150000, -10.183403
1.600000, 1.150000, -11.098803
1.650000, 1.150000, -11.622528
1.700000, 1.150000, -11.727659
1.750000, 1.150000, -11.560159
1.800000, 1.150000, -11.374576
1.850000, 1.150000, -11.427500
1.900000, 1.150000, -11.870808
1.950000, 1.150000, -12.686777
2.000000, 1.150000, -13.690900
0.000000, 1.200000, -2.921966
0.050000, 1.200000, -4.279214
0.100000, 1.200000, -5.270479
0.150000, 1.200000, -5.669609
0.200000, 1.200000, -5.446385
0.250000, 1.200000, -4.770746
0.300000, 1.200000, -3.945275
0.350000, 1.200000, -3.292164
0.400000, 1.200000, -3.037537
0.450000, 1.200000, -3.236423
0.500000, 1.200000, -3.765583
0.550000, 1.200000, -4.385193
0.600000, 1.200000, -4.843938
0.650000, 1.200000, -4.985720
0.700000, 1.200000, -4.815871
0.750000, 1.200000, -4.500863
0.800000, 1.200000, -4.301513
0.850000, 1.200000, -4.465758
0.900000, 1.200000, -5.123105
0.950000, 1.200000, -6.222609
1.000000, 1.200000, -7.539812
1.050000, 1.200000, -8.751687
1.100000, 1.200000, -9.552353
1.150000, 1.200000, -9.766301
1.200000, 1.200000, -9.416204
1.250000, 1.200000, -8.719121
1.300000, 1.200000, -8.011640
1.350000, 1.200000, -7.631240
1.400000, 1.200000, -7.797606
1.450000, 1.200000, -8.537630
1.500000, 1.200000, -9.681375
1.550000, 1.200000, -10.929582
1.600000, 1.200000, -11.966527
1.650000, 1.200000, -12.575339
1.700000, 1.200000, -12.712515
1.750000, 1.200000, -12.514455
1.800000, 1.200000, -12.235057
1.850000, 1.200000, -12.139834
1.900000, 1.200000, -12.398438
1.950000, 1.200000, -13.017682
2.000000, 1.200000, -13.841168
0.000000, 1.250000, -3.577307
0.050000, 1.250000, -4.921321
0.100000, 1.250000, -5.891037
0.150000, 1.250000, -6.257197
0.200000, 1.250000, -5.989291
0.250000, 1.250000, -5.260330
0.300000, 1.250000, -4.379185
0.350000, 1.250000, -3.676651
0.400000, 1.250000, -3.388292
0.450000, 1.250000, -3.577600
0.500000, 1.250000, -4.127014
0.550000, 1.250000, -4.798149
0.600000, 1.250000, -5.336109
0.650000, 1.250000, -5.576257
0.700000, 1.250000, -5.511414
0.750000, 1.250000, -5.293348
0.800000, 1.250000, -5.168291
0.850000, 1.250000, -5.372182
0.900000, 1.250000, -6.027326
0.950000, 1.250000, -7.081900
1.000000, 1.250000, -8.317458
1.050000, 1.250000, -9.423291
1.100000, 1.250000, -10.110457
1.150000, 1.250000, -10.222446
1.200000, 1.250000, -9.799919
1.250000, 1.250000, -9.073832
1.300000, 1.250000, -8.388010
1.350000, 1.250000, -8.078904
1.400000, 1.250000, -8.356587
1.450000, 1.250000, -9.230853
1.500000, 1.250000, -10.509593
1.550000, 1.250000, -11.869686
1.600000, 1.250000, -12.973733
1.650000, 1.250000, -13.589114
1.700000, 1.250000, -13.665501
1.750000, 1.250000, -13.343105
1.800000, 1.250000, -12.890372
1.850000, 1.250000, -12.596463
1.900000, 1.250000, -12.660589
1.950000, 1.250000, -13.120718
2.000000, 1.250000, -13.848382
0.000000, 1.300000, -4.203304
0.050000, 1.300000, -5.532022
0.100000, 1.300000, -6.479319
0.150000, 1.300000, -6.812618
0.200000, 1.300000, -6.501235
0.250000, 1.300000, -5.721757
0.300000, 1.300000, -4.790080
0.350000, 1.300000, -4.046319
0.400000, 1.300000, -3.735823
0.450000, 1.300000, -3.930198
0.500000, 1.300000, -4.516314
0.550000, 1.300000, -5.255087
0.600000, 1.300000, -5.885249
0.650000, 1.300000, -6.230666
0.700000, 1.300000, -6.269151
0.750000, 1.300000, -6.136390
0.800000, 1.300000, -6.064312
0.850000, 1.300000, -6.279090
0.900000, 1.300000, -6.899911
0.950000, 1.300000, -7.879522
1.000000, 1.300000, -9.011422
1.050000, 1.300000, -10.002544
1.100000, 1.300000, -10.584447
1.150000, 1.300000, -10.620441
1.200000, 1.300000, -10.166691
1.250000, 1.300000, -9.462264
1.300000, 1.300000, -8.849771
1.350000, 1.300000, -8.654771
1.400000, 1.300000, -9.068128
1.450000, 1.300000, -10.075060
1.500000, 1.300000, -11.457599
1.550000, 1.300000, -12.870066
1.600000, 1.300000, -13.960074
1.650000, 1.300000, -14.490785
1.700000, 1.300000, -14.419932
1.750000, 1.300000, -13.907517
1.800000, 1.300000, -13.250871
1.850000, 1.300000, -12.772788
1.900000, 1.300000, -12.705406
1.950000, 1.300000, -13.113290
2.000000, 1.300000, -13.883340
0.000000, 1.350000, -4.748016
0.050000, 1.350000, -6.061059
0.100000, 1.350000, -6.986752
0.150000, 1.350000, -7.288906
0.200000, 1.350000, -6.936754
0.250000, 1.350000, -6.110957
0.300000, 1.350000, -5.135185
0.350000, 1.350000, -4.359534
0.400000, 1.350000, -4.039332
0.450000, 1.350000, -4.253677
0.500000, 1.350000, -4.892279
0.550000, 1.350000, -5.712869
0.600000, 1.350000, -6.444816
0.650000, 1.350000, -6.897602
0.700000, 1.350000, -7.031987
0.750000, 1.350000, -6.967069
0.800000, 1.350000, -6.921974
0.850000, 1.350000, -7.116689
0.900000, 1.350000, -7.672560
0.950000, 1.350000, -8.553037
1.000000, 1.350000, -9.569380
1.050000, 1.350000, -10.450348
1.100000, 1.350000, -10.949413
1.150000, 1.350000, -10.947600
1.200000, 1.350000, -10.510871
1.250000, 1.350000, -9.877737
1.300000, 1.350000, -9.379350
1.350000, 1.350000, -9.320420
1.400000, 1.350000, -9.865020
1.450000, 1.350000, -10.970443
1.500000, 1.350000, -12.395014
1.550000, 1.350000, -13.778446
1.600000, 1.350000, -14.766313
1.650000, 1.350000, -15.133617
1.700000, 1.350000, -14.862595
1.750000, 1.350000, -14.146740
1.800000, 1.350000, -13.320294
1.850000, 1.350000, -12.739827
1.900000, 1.350000, -12.661752
1.950000, 1.350000, -13.160398
2.000000, 1.350000, -14.115265
0.000000, 1.400000, -5.166083
0.050000, 1.400000, -6.464768
0.100000, 1.400000, -7.371281
0.150000, 1.400000, -7.645447
0.200000, 1.400000, -7.256495
0.250000, 1.400000, -6.389679
0.300000, 1.400000, -5.377193
0.350000, 1.400000, -4.579728
0.400000, 1.400000, -4.262612
0.450000, 1.400000, -4.511541
0.500000, 1.400000, -5.217118
0.550000, 1.400000, -6.131115
0.600000, 1.400000, -6.970447
0.650000, 1.400000, -7.527566
0.700000, 1.400000, -7.744805
0.750000, 1.400000, -7.725236
0.800000, 1.400000, -7.677997
0.850000, 1.400000, -7.821758
0.900000, 1.400000, -8.286204
0.950000, 1.400000, -9.051775
1.000000, 1.400000, -9.952448
1.050000, 1.400000, -10.741070
1.100000, 1.400000, -11.191624
1.150000, 1.400000, -11.197529
1.200000, 1.400000, -10.825879
1.250000, 1.400000, -10.304062
1.300000, 1.400000, -9.941350
1.350000, 1.400000, -10.013662
1.400000, 1.400000, -10.654910
1.450000, 1.400000, -11.797051
1.500000, 1.400000, -13.183525
1.550000, 1.400000, -14.453470
1.600000, 1.400000, -15.267404
1.650000, 1.400000, -15.428939
1.700000, 1.400000, -14.957858
1.750000, 1.400000, -14.087318
1.800000, 1.400000, -13.185680
1.850000, 1.400000, -12.631025
1.900000, 1.400000, -12.683683
1.950000, 1.400000, -13.402439
2.000000, 1.400000, -14.633612
0.000000, 1.450000, -5.423145
0.050000, 1.450000, -6.710412
0.100000, 1.450000, -7.601607
0.150000, 1.450000, -7.852146
0.200000, 1.450000, -7.431318
0.250000, 1.450000, -6.529530
0.300000, 1.450000, -5.488278
0.350000, 1.450000, -4.679391
0.400000, 1.450000, -4.378050
0.450000, 1.450000, -4.675351
0.500000, 1.450000, -5.460523
0.550000, 1.450000, -6.476371
0.600000, 1.450000, -7.424293
0.650000, 1.450000, -8.077495
0.700000, 1.450000, -8.359372
0.750000, 1.450000, -8.358756
0.800000, 1.450000, -8.278946
0.850000, 1.450000, -8.343265
0.900000, 1.450000, -8.696381
0.950000, 1.450000, -9.341510
1.000000, 1.450000, -10.138682
1.050000, 1.450000, -10.864481
1.100000, 1.450000, -11.308818
1.150000, 1.450000, -11.369121
1.200000, 1.450000, -11.102835
1.250000, 1.450000, -10.715261
1.300000, 1.450000, -10.485214
1.350000, 1.450000, -10.656017
1.400000, 1.450000, -11.333983
1.450000, 1.450000, -12.435000
1.500000, 1.450000, -13.702424
1.550000, 1.450000, -14.792567
1.600000, 1.450000, -15.398000
1.650000, 1.450000, -15.363505
1.700000, 1.450000, -14.751064
1.750000, 1.450000, -13.828228
1.800000, 1.450000, -12.982195
1.850000, 1.450000, -12.589388
1.900000, 1.450000, -12.887023
1.950000, 1.450000, -13.892770
2.000000, 1.450000, -15.401190
0.000000, 1.500000, -5.499276
0.050000, 1.500000, -6.779516
0.100000, 1.500000, -7.660447
0.150000, 1.500000, -7.892605
0.200000, 1.500000, -7.445431
0.250000, 1.500000, -6.515091
0.300000, 1.500000, -5.453187
0.350000, 1.500000, -4.643177
0.400000, 1.500000, -4.369743
0.450000, 1.500000, -4.727895
0.500000, 1.500000, -5.602912
0.550000, 1.500000, -6.725474
0.600000, 1.500000, -7.778578
0.650000, 1.500000, -8.514576
0.700000, 1.500000, -8.838459
0.750000, 1.500000, -8.827912
0.800000, 1.500000, -8.685801
0.850000, 1.500000, -8.646849
0.900000, 1.500000, -8.877255
0.950000, 1.500000, -9.407580
1.000000, 1.500000, -10.124919
1.050000, 1.500000, -10.826156
1.100000, 1.500000, -11.309381
1.150000, 1.500000, -11.465247
1.200000, 1.500000, -11.330018
1.250000, 1.500000, -11.077438
1.300000, 1.500000, -10.951190
1.350000, 1.500000, -11.164027
1.400000, 1.500000, -11.803895
1.450000, 1.500000, -12.785861
1.500000, 1.500000, -13.871605
1.550000, 1.500000, -14.752189
1.600000, 1.500000, -15.164651
1.650000, 1.500000, -14.998573
1.700000, 1.500000, -14.350966
1.750000, 1.500000, -13.506111
1.800000, 1.500000, -12.844676
1.850000, 1.500000, -12.713245
1.900000, 1.500000, -13.301012
1.950000, 1.500000, -14.568879
2.000000, 1.500000, -16.257743
0.000000, 1.550000, -5.391059
0.050000, 1.550000, -6.669867
0.100000, 1.550000, -7.546466
0.150000, 1.550000, -7.766017
0.200000, 1.550000, -7.298243
0.250000, 1.550000, -6.345755
0.300000, 1.550000, -5.271100
0.350000, 1.550000, -4.469782
0.400000, 1.550000, -4.235432
0.450000, 1.550000, -4.665179
0.500000, 1.550000, -5.637518
0.550000, 1.550000, -6.867790
0.600000, 1.550000, -8.018035
0.650000, 1.550000, -8.818937
0.700000, 1.550000, -9.158803
0.750000, 1.550000, -9.108584
0.800000, 1.550000, -8.877171
0.850000, 1.550000, -8.717769
0.900000, 1.550000, -8.823921
0.950000, 1.550000, -9.256169
1.000000, 1.550000, -9.926807
1.050000, 1.550000, -10.646349
1.100000, 1.550000, -11.210607
1.150000, 1.550000, -11.491449
1.200000, 1.550000, -11.493416
1.250000, 1.550000, -11.352722
1.300000, 1.550000, -11.278848
1.350000, 1.550000, -11.462650
1.400000, 1.550000, -11.989031
1.450000, 1.550000, -12.791196
1.500000, 1.550000, -13.667379
1.550000, 1.550000, -14.356119
1.600000, 1.550000, -14.642141
1.650000, 1.550000, -14.451438
1.700000, 1.550000, -13.896631
1.750000, 1.550000, -13.251662
1.800000, 1.550000, -12.861655
1.850000, 1.550000, -13.019204
1.900000, 1.550000, -13.852581
1.950000, 1.550000, -15.268580
2.000000, 1.550000, -16.973640
0.000000, 1.600000, -5.112110
0.050000, 1.600000, -6.395970
0.100000, 1.600000, -7.274682
0.150000, 1.600000, -7.487538
0.200000, 1.600000, -7.004740
0.250000, 1.600000, -6.036117
0.300000, 1.600000, -4.956046
0.350000, 1.600000, -4.172411
0.400000, 1.600000, -3.987020
0.450000, 1.600000, -4.497035
0.500000, 1.600000, -5.571109
0.550000, 1.600000, -6.906089
0.600000, 1.600000, -8.140992
0.650000, 1.600000, -8.984976
0.700000, 1.600000, -9.312660
0.750000, 1.600000, -9.193915
0.800000, 1.600000, -8.850856
0.850000, 1.600000, -8.562048
0.900000, 1.600000, -8.552766
0.950000, 1.600000, -8.913617
1.000000, 1.600000, -9.577029
1.050000, 1.600000, -10.357488
1.100000, 1.600000, -11.036298
1.150000, 1.600000, -11.454868
1.200000, 1.600000, -11.578381
1.250000, 1.600000, -11.504789
1.300000, 1.600000, -11.416876
1.350000, 1.600000, -11.498536
1.400000, 1.600000, -11.850985
1.450000, 1.600000, -12.444649
1.500000, 1.600000, -13.127862
1.550000, 1.600000, -13.690161
1.600000, 1.600000, -13.955110
1.650000, 1.600000, -13.864563
1.700000, 1.600000, -13.518381
1.750000, 1.600000, -13.150406
1.800000, 1.600000, -13.046611
1.850000, 1.600000, -13.434951
1.900000, 1.600000, -14.389248
1.950000, 1.600000, -15.785959
2.000000, 1.600000, -17.333874
0.000000, 1.650000, -4.691994
0.050000, 1.650000, -5.987915
0.100000, 1.650000, -6.875306
0.150000, 1.650000, -7.087119
0.200000, 1.650000, -6.594323
0.250000, 1.650000, -5.614846
0.300000, 1.650000, -4.535824
0.350000, 1.650000, -3.777765
0.400000, 1.650000, -3.649640
0.450000, 1.650000, -4.246276
0.500000, 1.650000, -5.423265
0.550000, 1.650000, -6.855986
0.600000, 1.650000, -8.159012
0.650000, 1.650000, -9.021221
0.700000, 1.650000, -9.307830
0.750000, 1.650000, -9.094354
0.800000, 1.650000, -8.623659
0.850000, 1.650000, -8.205721
0.900000, 1.650000, -8.099859
0.950000, 1.650000, -8.423822
1.000000, 1.650000, -9.121915
1.050000, 1.650000, -10.000604
1.100000, 1.650000, -10.814025
1.150000, 1.650000, -11.363595
1.200000, 1.650000, -11.572194
1.250000, 1.650000, -11.505171
1.300000, 1.650000, -11.332588
1.350000, 1.650000, -11.250842
1.400000, 1.650000, -11.397522
1.450000, 1.650000, -11.795155
1.500000, 1.650000, -12.346785
1.550000, 1.650000, -12.884459
1.600000, 1.650000, -13.249565
1.650000, 1.650000, -13.370478
1.700000, 1.650000, -13.303721
1.750000, 1.650000, -13.219519
1.800000, 1.650000, -13.335535
1.850000, 1.650000, -13.824434
1.900000, 1.650000, -14.732930
1.950000, 1.650000, -15.946980
2.000000, 1.650000, -17.220567
0.000000, 1.700000, -4.173608
0.050000, 1.700000, -5.488728
0.100000, 1.700000, -6.391085
0.150000, 1.700000, -6.606867
0.200000, 1.700000, -6.108208
0.250000, 1.700000, -5.122142
0.300000, 1.700000, -4.049528
0.350000, 1.700000, -3.323636
0.400000, 1.700000, -3.259340
0.450000, 1.700000, -3.946483
0.500000, 1.700000, -5.224296
0.550000, 1.700000, -6.744017
0.600000, 1.700000, -8.095162
0.650000, 1.700000, -8.948766
0.700000, 1.700000, -9.166187
0.750000, 1.700000, -8.836101
0.800000, 1.700000, -8.229467
0.850000, 1.700000, -7.692266
0.900000, 1.700000, -7.517533
0.950000, 1.700000, -7.844000
1.000000, 1.700000, -8.616774
1.050000, 1.700000, -9.621054
1.100000, 1.700000, -10.572350
1.150000, 1.700000, -11.226482
1.200000, 1.700000, -11.467126
1.250000, 1.700000, -11.339314
1.300000, 1.700000, -11.019492
1.350000, 1.700000, -10.737576
1.400000, 1.700000, -10.684196
1.450000, 1.700000, -10.940470
1.500000, 1.700000, -11.456934
1.550000, 1.700000, -12.087408
1.600000, 1.700000, -12.661138
1.650000, 1.700000, -13.061477
1.700000, 1.700000, -13.277550
1.750000, 1.700000, -13.407355
1.800000, 1.700000, -13.611402
1.850000, 1.700000, -14.037004
1.900000, 1.700000, -14.745920
1.950000, 1.700000, -15.677132
2.000000, 1.700000, -16.662370
0.000000, 1.750000, -3.609286
0.050000, 1.750000, -4.950475
0.100000, 1.750000, -5.873420
0.150000, 1.750000, -6.097192
0.200000, 1.750000, -5.595628
0.250000, 1.750000, -4.606003
0.300000, 1.750000, -3.543899
0.350000, 1.750000, -2.855350
0.400000, 1.750000, -2.859606
0.450000, 1.750000, -3.638633
0.500000, 1.750000, -5.011991
0.550000, 1.750000, -6.604545
0.600000, 1.750000, -7.981080
0.650000, 1.750000, -8.798476
0.700000, 1.750000, -8.920899
0.750000, 1.750000, -8.458129
0.800000, 1.750000, -7.715818
0.850000, 1.750000, -7.078468
0.900000, 1.750000, -6.869452
0.950000, 1.750000, -7.239177
1.000000, 1.750000, -8.120419
1.050000, 1.750000, -9.264004
1.100000, 1.750000, -10.338302
1.150000, 1.750000, -11.053386
1.200000, 1.750000, -11.263471
1.250000, 1.750000, -11.011323
1.300000, 1.750000, -10.501481
1.350000, 1.750000, -10.016125
1.400000, 1.750000, -9.808061
1.450000, 1.750000, -10.012039
1.500000, 1.750000, -10.606484
1.550000, 1.750000, -11.436844
1.600000, 1.750000, -12.287568
1.650000, 1.750000, -12.971680
1.700000, 1.750000, -13.401760
1.750000, 1.750000, -13.615372
1.800000, 1.750000, -13.747457
1.850000, 1.750000, -13.963905
1.900000, 1.750000, -14.385726
1.950000, 1.750000, -15.035996
2.000000, 1.750000, -15.831353
0.000000, 1.800000, -3.055988
0.050000, 1.800000, -4.429458
0.100000, 1.800000, -5.377597
0.150000, 1.800000, -5.612105
0.200000, 1.800000, -5.109202
0.250000, 1.800000, -4.117678
0.300000, 1.800000, -3.068856
0.350000, 1.800000, -2.421382
0.400000, 1.800000, -2.497077
0.450000, 1.800000, -3.366914
0.500000, 1.800000, -4.827557
0.550000, 1.800000, -6.475834
0.600000, 1.800000, -7.853184
0.650000, 1.800000, -8.607268
0.700000, 1.800000, -8.612641
0.750000, 1.800000, -8.008116
0.800000, 1.800000, -7.139294
0.850000, 1.800000, -6.429105
0.900000, 1.800000, -6.224651
0.950000, 1.800000, -6.675976
1.000000, 1.800000, -7.689427
1.050000, 1.800000, -8.970112
1.100000, 1.800000, -10.135325
1.150000, 1.800000, -10.855664
1.200000, 1.800000, -10.971933
1.250000, 1.800000, -10.546450
1.300000, 1.800000, -9.832696
1.350000, 1.800000, -9.177540
1.400000, 1.800000, -8.894283
1.450000, 1.800000, -9.153866
1.500000, 1.800000, -9.932909
1.550000, 1.800000, -11.034697
1.600000, 1.800000, -12.171633
1.650000, 1.800000, -13.075557
1.700000, 1.800000, -13.593667
1.750000, 1.800000, -13.735317
1.800000, 1.800000, -13.655157
1.850000, 1.800000, -13.582817
1.900000, 1.800000, -13.729024
1.950000, 1.800000, -14.205370
2.000000, 1.800000, -14.987713
0.000000, 1.850000, -2.570020
0.050000, 1.850000, -3.980975
0.100000, 1.850000, -4.957609
0.150000, 1.850000, -5.204099
0.200000, 1.850000, -4.699900
0.250000, 1.850000, -3.706721
0.300000, 1.850000, -2.672647
0.350000, 1.850000, -2.068595
0.400000, 1.850000, -2.216865
0.450000, 1.850000, -3.174138
0.500000, 1.850000, -4.711127
0.550000, 1.850000, -6.395677
0.600000, 1.850000, -7.748398
0.650000, 1.850000, -8.413855
0.700000, 1.850000, -8.285195
0.750000, 1.850000, -7.537675
0.800000, 1.850000, -6.560176
0.850000, 1.850000, -5.810963
0.900000, 1.850000, -5.651099
0.950000, 1.850000, -6.216253
1.000000, 1.850000, -7.372680
1.050000, 1.850000, -8.771823
1.100000, 1.850000, -9.981828
1.150000, 1.850000, -10.646711
1.200000, 1.850000, -10.614834
1.250000, 1.850000, -9.990664
1.300000, 1.850000, -9.092735
1.350000, 1.850000, -8.335196
1.400000, 1.850000, -8.077751
1.450000, 1.850000, -8.499182
1.500000, 1.850000, -9.539601
1.550000, 1.850000, -10.930369
1.600000, 1.850000, -12.298096
1.650000, 1.850000, -13.302578
1.700000, 1.850000, -13.757392
1.750000, 1.850000, -13.689888
1.800000, 1.850000, -13.320940
1.850000, 1.850000, -12.974907
1.900000, 1.850000, -12.955462
1.950000, 1.850000, -13.434184
2.000000, 1.850000, -14.392301
0.000000, 1.900000, -2.201792
0.050000, 1.900000, -3.654137
0.100000, 1.900000, -4.661033
0.150000, 1.900000, -4.919119
0.200000, 1.900000, -4.412103
0.250000, 1.900000, -3.416147
0.300000, 1.900000, -2.397087
0.350000, 1.900000, -1.837560
0.400000, 1.900000, -2.057952
0.450000, 1.900000, -3.097209
0.500000, 1.900000, -4.697336
0.550000, 1.900000, -6.397057
0.600000, 1.900000, -7.699868
0.650000, 1.900000, -8.254416
0.700000, 1.900000, -7.980903
0.750000, 1.900000, -7.097375
0.800000, 1.900000, -6.036885
0.850000, 1.900000, -5.286723
0.900000, 1.900000, -5.209383
0.950000, 1.900000, -5.911228
1.000000, 1.900000, -7.206733
1.050000, 1.900000, -8.690632
1.100000, 1.900000, -9.890410
1.150000, 1.900000, -10.442299
1.200000, 1.900000, -10.225717
1.250000, 1.900000, -9.407070
1.300000, 1.900000, -8.377634
1.350000, 1.900000, -7.609401
1.400000, 1.900000, -7.482689
1.450000, 1.900000, -8.149097
1.500000, 1.900000, -9.479648
1.550000, 1.900000, -11.116027
1.600000, 1.900000, -12.604673
1.650000, 1.900000, -13.563354
1.700000, 1.900000, -13.818588
1.750000, 1.900000, -13.463989
1.800000, 1.900000, -12.819427
1.850000, 1.900000, -12.307742
1.900000, 1.900000, -12.295813
1.950000, 1.900000, -12.959097
2.000000, 1.900000, -14.219110
0.000000, 1.950000, -1.991114
0.050000, 1.950000, -3.487228
0.100000, 1.950000, -4.524486
0.150000, 1.950000, -4.792105
0.200000, 1.950000, -4.279241
0.250000, 1.950000, -3.278155
0.300000, 1.950000, -2.273364
0.350000, 1.950000, -1.758427
0.400000, 1.950000, -2.049121
0.450000, 1.950000, -3.163131
0.500000, 1.950000, -4.811380
0.550000, 1.950000, -6.504277
0.600000, 1.950000, -7.733103
0.650000, 1.950000, -8.158628
0.700000, 1.950000, -7.736410
0.750000, 1.950000, -6.732022
0.800000, 1.950000, -5.620719
0.850000, 1.950000, -4.909314
0.900000, 1.950000, -4.947111
0.950000, 1.950000, -5.796642
1.000000, 1.950000, -7.212448
1.050000, 1.950000, -8.735525
1.100000, 1.950000, -9.867716
1.150000, 1.950000, -10.260477
1.200000, 1.950000, -9.847171
1.250000, 1.950000, -8.869409
1.300000, 1.950000, -7.787727
1.350000, 1.950000, -7.110257
1.400000, 1.950000, -7.203656
1.450000, 1.950000, -8.157054
1.500000, 1.950000, -9.749725
1.550000, 1.950000, -11.534235
1.600000, 1.950000, -13.003594
1.650000, 1.950000, -13.779615
1.700000, 1.950000, -13.752010
1.750000, 1.950000, -13.116470
1.800000, 1.950000, -12.297983
1.850000, 1.950000, -11.788674
1.900000, 1.950000, -11.961307
1.950000, 1.950000, -12.928449
2.000000, 1.950000, -14.499879
0.000000, 2.000000, -1.963466
0.050000, 2.000000, -3.504066
0.100000, 2.000000, -4.570072
0.150000, 2.000000, -4.843537
0.200000, 2.000000, -4.320428
0.250000, 2.000000, -3.310843
0.300000, 2.000000, -2.318825
0.350000, 2.000000, -1.847767
0.400000, 2.000000, -2.205842
0.450000, 2.000000, -3.385928
0.500000, 2.000000, -5.065996
0.550000, 2.000000, -6.729962
0.600000, 2.000000, -7.862949
0.650000, 2.000000, -8.146484
0.700000, 2.000000, -7.579149
0.750000, 2.000000, -6.476662
0.800000, 2.000000, -5.351376
0.850000, 2.000000, -4.717220
0.900000, 2.000000, -4.894556
0.950000, 2.000000, -5.889424
1.000000, 2.000000, -7.393205
1.050000, 2.000000, -8.902731
1.100000, 2.000000, -9.914833
1.150000, 2.000000, -10.120893
1.200000, 2.000000, -9.526949
1.250000, 2.000000, -8.453365
1.300000, 2.000000, -7.414070
1.350000, 2.000000, -6.921416
1.400000, 2.000000, -7.291120
1.450000, 2.000000, -8.521767
1.500000, 2.000000, -10.294882
1.550000, 2.000000, -12.095588
1.600000, 2.000000, -13.407801
1.650000, 2.000000, -13.909493
1.700000, 2.000000, -13.593541
1.750000, 2.000000, -12.768119
1.800000, 2.000000, -11.936619
1.850000, 2.000000, -11.603084
1.900000, 2.000000, -12.077613
1.950000, 2.000000, -13.356172
2.000000, 2.000000, -15.120813
